Type	Position	Nucl1	Freq1	Nucl2	Freq2	NumAs	NumCs	NumGs	NumTs	NumAligned	NumNaive
UNKNOWN	0	C	1.0	A	0.0	0	8192	0	0	8192	116037
UNKNOWN	1	A	1.0	C	0.0	8192	0	0	0	8192	116037
UNKNOWN	2	G	1.0	A	0.0	0	0	8192	0	8192	116037
UNKNOWN	3	G	1.0	A	0.0	0	0	8192	0	8192	116037
UNKNOWN	4	T	1.0	A	0.0	0	0	0	8192	8192	116037
UNKNOWN	5	G	1.0	A	0.0	0	0	8192	0	8192	116037
UNKNOWN	6	C	1.0	A	0.0	0	8192	0	0	8192	116037
UNKNOWN	7	A	0.99755859375	G	0.0023193359375	8172	1	19	0	8192	116037
UNKNOWN	8	G	0.985107421875	A	0.013427734375	110	11	8070	1	8192	116037
UNKNOWN	9	C	0.996704101562	T	0.0030517578125	1	8165	1	25	8192	116037
UNKNOWN	10	T	0.9990234375	C	0.0009765625	0	8	0	8184	8192	116037
UNKNOWN	11	G	0.999633789062	A	0.0003662109375	3	0	8189	0	8192	116037
UNKNOWN	12	C	0.99951171875	T	0.00048828125	0	8188	0	4	8192	116037
UNKNOWN	13	G	0.998168945312	A	0.00146484375	12	0	8177	3	8192	116037
UNKNOWN	14	G	0.878295898438	C	0.120239257812	6	985	7195	6	8192	116037
UNKNOWN	15	G	0.998657226562	C	0.0008544921875	4	7	8181	0	8192	116037
UNKNOWN	16	A	0.997680664062	G	0.0018310546875	8173	4	15	0	8192	116037
UNKNOWN	17	G	0.99609375	A	0.0032958984375	27	4	8160	1	8192	116037
UNKNOWN	18	T	0.99853515625	C	0.0008544921875	3	7	2	8180	8192	116037
UNKNOWN	19	C	0.99951171875	T	0.0003662109375	0	8188	1	3	8192	116037
UNKNOWN	20	G	0.997802734375	A	0.002197265625	18	0	8174	0	8192	116037
UNKNOWN	21	G	0.999145507812	C	0.000732421875	0	6	8185	1	8192	116037
UNKNOWN	22	G	0.999145507812	C	0.00048828125	2	4	8185	1	8192	116037
UNKNOWN	23	C	0.9990234375	T	0.0008544921875	0	8184	1	7	8192	116037
UNKNOWN	24	C	0.999633789062	T	0.0003662109375	0	8189	0	3	8192	116037
UNKNOWN	25	C	0.999389648438	T	0.00048828125	0	8187	1	4	8192	116037
UNKNOWN	26	C	0.999389648438	A	0.0006103515625	5	8187	0	0	8192	116037
UNKNOWN	27	A	0.997436523438	G	0.002197265625	8171	1	18	2	8192	116037
UNKNOWN	28	G	0.994750976562	A	0.0030517578125	25	17	8149	1	8192	116037
UNKNOWN	29	C	0.998901367188	T	0.0008544921875	2	8183	0	7	8192	116037
UNKNOWN	30	C	0.99853515625	T	0.001220703125	1	8180	1	10	8192	116037
UNKNOWN	31	T	0.997314453125	C	0.00146484375	1	12	9	8170	8192	116037
UNKNOWN	32	G	0.995849609375	A	0.0032958984375	27	3	8158	4	8192	116037
UNKNOWN	33	G	0.992919921875	A	0.0045166015625	37	14	8134	7	8192	116037
UNKNOWN	34	T	0.9970703125	C	0.0020751953125	0	17	7	8168	8192	116037
UNKNOWN	35	G	0.995971679688	A	0.0035400390625	29	3	8159	1	8192	116037
UNKNOWN	36	A	0.998657226562	G	0.0006103515625	8181	3	5	3	8192	116037
UNKNOWN	37	A	0.996826171875	G	0.0029296875	8166	2	24	0	8192	116037
UNKNOWN	38	G	0.998291015625	C	0.0009765625	4	8	8178	2	8192	116037
UNKNOWN	39	C	0.999267578125	T	0.000732421875	0	8186	0	6	8192	116037
UNKNOWN	40	C	1.0	A	0.0	0	8192	0	0	8192	116037
UNKNOWN	41	C	0.998413085938	T	0.0009765625	0	8179	5	8	8192	116037
UNKNOWN	42	T	0.99658203125	C	0.003173828125	1	26	1	8164	8192	116037
UNKNOWN	43	C	0.998168945312	T	0.0009765625	7	8177	0	8	8192	116037
UNKNOWN	44	A	0.997924804688	C	0.001220703125	8175	10	6	1	8192	116037
UNKNOWN	45	C	0.998413085938	A	0.0010986328125	9	8179	2	2	8192	116037
UNKNOWN	46	A	0.997802734375	G	0.0018310546875	8174	3	15	0	8192	116037
UNKNOWN	47	G	0.99755859375	A	0.0023193359375	19	1	8172	0	8192	116037
UNKNOWN	48	A	0.997314453125	C	0.001220703125	8170	10	10	2	8192	116037
UNKNOWN	49	C	0.9990234375	T	0.0006103515625	1	8184	2	5	8192	116037
UNKNOWN	50	C	0.998168945312	T	0.0013427734375	2	8177	2	11	8192	116037
UNKNOWN	51	C	0.998901367188	T	0.0010986328125	0	8183	0	9	8192	116037
UNKNOWN	52	T	0.997314453125	C	0.00244140625	1	20	1	8170	8192	116037
UNKNOWN	53	C	0.998779296875	T	0.001220703125	0	8182	0	10	8192	116037
UNKNOWN	54	T	0.996459960938	C	0.0029296875	2	24	3	8163	8192	116037
UNKNOWN	55	C	0.999389648438	T	0.00048828125	1	8187	0	4	8192	116037
UNKNOWN	56	C	0.998168945312	T	0.0013427734375	2	8177	2	11	8192	116037
UNKNOWN	57	C	0.99365234375	G	0.0048828125	2	8140	40	10	8192	116037
UNKNOWN	58	T	0.996948242188	C	0.002685546875	2	22	1	8167	8192	116037
UNKNOWN	59	C	0.998046875	T	0.0009765625	7	8176	1	8	8192	116037
UNKNOWN	60	A	0.997436523438	C	0.0010986328125	8171	9	6	6	8192	116037
UNKNOWN	61	C	0.998291015625	T	0.0013427734375	0	8178	3	11	8192	116037
UNKNOWN	62	C	0.998046875	T	0.0010986328125	1	8176	6	9	8192	116037
UNKNOWN	63	T	0.99755859375	C	0.00146484375	0	12	8	8172	8192	116037
UNKNOWN	64	G	0.998657226562	C	0.0008544921875	4	7	8181	0	8192	116037
UNKNOWN	65	C	0.99853515625	A	0.0008544921875	7	8180	1	4	8192	116037
UNKNOWN	66	A	0.997192382812	G	0.00146484375	8169	11	12	0	8192	116037
UNKNOWN	67	C	0.996704101562	T	0.002197265625	1	8165	8	18	8192	116037
UNKNOWN	68	G	0.995361328125	A	0.00390625	32	5	8154	1	8192	116037
UNKNOWN	69	A	0.77001953125	G	0.224975585938	6308	28	1843	13	8192	116037
UNKNOWN	70	T	0.992065429688	C	0.0067138671875	1	55	9	8127	8192	116037
UNKNOWN	71	C	0.991821289062	T	0.0052490234375	17	8125	7	43	8192	116037
UNKNOWN	72	T	0.99755859375	C	0.001953125	1	16	3	8172	8192	116037
UNKNOWN	73	C	0.998291015625	T	0.0015869140625	0	8178	1	13	8192	116037
UNKNOWN	74	T	0.995483398438	G	0.00244140625	1	16	20	8155	8192	116037
UNKNOWN	75	G	0.998413085938	A	0.0013427734375	11	0	8179	2	8192	116037
UNKNOWN	76	G	0.998657226562	A	0.0010986328125	9	0	8181	2	8192	116037
UNKNOWN	77	A	0.995239257812	C	0.0025634765625	8153	21	10	8	8192	116037
UNKNOWN	78	T	0.996459960938	C	0.0020751953125	2	17	10	8163	8192	116037
UNKNOWN	79	T	0.997924804688	C	0.0020751953125	0	17	0	8175	8192	116037
UNKNOWN	80	C	0.994262695312	T	0.005126953125	3	8145	2	42	8192	116037
UNKNOWN	81	T	0.99658203125	C	0.0030517578125	2	25	1	8164	8192	116037
UNKNOWN	82	C	0.996704101562	T	0.002197265625	8	8165	1	18	8192	116037
UNKNOWN	83	A	0.992309570312	C	0.0042724609375	8129	35	12	16	8192	116037
UNKNOWN	84	T	0.994262695312	C	0.0052490234375	2	43	2	8145	8192	116037
UNKNOWN	85	T	0.998168945312	G	0.0008544921875	2	6	7	8177	8192	116037
UNKNOWN	86	G	0.980224609375	A	0.018798828125	154	2	8030	6	8192	116037
UNKNOWN	87	A	0.995361328125	G	0.0030517578125	8154	11	25	2	8192	116037
UNKNOWN	88	G	0.960815429688	A	0.022705078125	186	124	7871	11	8192	116037
UNKNOWN	89	C	0.978881835938	T	0.015380859375	33	8019	14	126	8192	116037
UNKNOWN	90	A	0.99169921875	G	0.0059814453125	8124	18	49	1	8192	116037
UNKNOWN	91	G	0.9296875	A	0.048095703125	394	148	7616	34	8192	116037
UNKNOWN	92	C	0.979614257812	T	0.0091552734375	30	8025	62	75	8192	116037
UNKNOWN	93	T	0.984252929688	A	0.010498046875	86	18	25	8063	8192	116037
UNKNOWN	94	A	0.988525390625	C	0.0050048828125	8098	41	25	28	8192	116037
UNKNOWN	95	T	0.989624023438	C	0.0047607421875	8	39	38	8107	8192	116037
UNKNOWN	96	G	0.8896484375	A	0.0885009765625	725	73	7288	106	8192	116037
UNKNOWN	97	C	0.793212890625	G	0.1513671875	306	6498	1240	148	8192	116037
UNKNOWN	98	T	0.995971679688	G	0.002197265625	0	15	18	8159	8192	116037
UNKNOWN	99	G	0.979736328125	A	0.0179443359375	147	5	8026	14	8192	116037
UNKNOWN	100	T	0.995727539062	C	0.0030517578125	8	25	2	8157	8192	116037
UNKNOWN	101	A	0.985717773438	G	0.0106201171875	8075	20	87	10	8192	116037
UNKNOWN	102	G	0.862548828125	A	0.131958007812	1081	36	7066	9	8192	116037
UNKNOWN	103	G	0.916748046875	A	0.0443115234375	363	204	7510	115	8192	116037
UNKNOWN	104	C	0.992309570312	T	0.0047607421875	3	8129	21	39	8192	116037
UNKNOWN	105	T	0.997680664062	G	0.0013427734375	0	8	11	8173	8192	116037
UNKNOWN	106	G	0.99951171875	C	0.0003662109375	0	3	8188	1	8192	116037
UNKNOWN	107	G	0.999389648438	T	0.00048828125	1	0	8187	4	8192	116037
UNKNOWN	108	G	0.983520507812	A	0.013916015625	114	11	8057	10	8192	116037
UNKNOWN	109	T	0.995361328125	C	0.00390625	1	32	5	8154	8192	116037
UNKNOWN	110	C	0.997436523438	T	0.002197265625	2	8171	1	18	8192	116037
UNKNOWN	111	C	0.997924804688	G	0.0010986328125	3	8175	9	5	8192	116037
UNKNOWN	112	G	0.998291015625	C	0.00146484375	1	12	8178	1	8192	116037
UNKNOWN	113	C	0.998901367188	T	0.000732421875	3	8183	0	6	8192	116037
UNKNOWN	114	C	0.998168945312	A	0.0010986328125	9	8177	1	5	8192	116037
UNKNOWN	115	A	0.995483398438	G	0.003662109375	8155	7	30	0	8192	116037
UNKNOWN	116	G	0.998901367188	A	0.0009765625	8	1	8183	0	8192	116037
UNKNOWN	117	G	0.9892578125	A	0.008056640625	66	16	8104	6	8192	116037
UNKNOWN	118	C	0.996948242188	T	0.001708984375	0	8167	11	14	8192	116037
UNKNOWN	119	T	0.996459960938	C	0.0029296875	0	24	5	8163	8192	116037
UNKNOWN	120	C	0.998657226562	T	0.0006103515625	4	8181	2	5	8192	116037
UNKNOWN	121	C	0.998168945312	A	0.0013427734375	11	8177	3	1	8192	116037
UNKNOWN	122	A	0.985717773438	G	0.010498046875	8075	11	86	20	8192	116037
UNKNOWN	123	G	0.999267578125	A	0.0003662109375	3	2	8186	1	8192	116037
UNKNOWN	124	G	0.999389648438	A	0.0006103515625	5	0	8187	0	8192	116037
UNKNOWN	125	G	0.986328125	A	0.0125732421875	103	3	8080	6	8192	116037
UNKNOWN	126	A	0.997436523438	G	0.001953125	8171	5	16	0	8192	116037
UNKNOWN	127	A	0.9951171875	G	0.0047607421875	8152	1	39	0	8192	116037
UNKNOWN	128	G	0.999145507812	A	0.00048828125	4	1	8185	2	8192	116037
UNKNOWN	129	G	0.975830078125	A	0.02197265625	180	18	7994	0	8192	116037
UNKNOWN	130	C	0.996337890625	G	0.002197265625	0	8162	18	12	8192	116037
UNKNOWN	131	G	0.97998046875	A	0.0174560546875	143	15	8028	6	8192	116037
UNKNOWN	132	C	0.992797851562	T	0.0062255859375	4	8133	4	51	8192	116037
UNKNOWN	133	T	0.994384765625	C	0.003173828125	3	26	17	8146	8192	116037
UNKNOWN	134	G	0.981079101562	A	0.015869140625	130	3	8037	22	8192	116037
UNKNOWN	135	G	0.996704101562	A	0.0015869140625	13	11	8165	3	8192	116037
UNKNOWN	136	A	0.995971679688	G	0.00341796875	8159	4	28	1	8192	116037
UNKNOWN	137	G	0.929321289062	A	0.0574951171875	471	22	7613	86	8192	116037
UNKNOWN	138	T	0.996337890625	G	0.002197265625	0	12	18	8162	8192	116037
UNKNOWN	139	G	0.967895507812	A	0.02685546875	220	6	7929	37	8192	116037
UNKNOWN	140	T	0.861206054688	C	0.112548828125	8	922	207	7055	8192	116037
UNKNOWN	141	C	0.976806640625	G	0.017578125	31	8002	144	15	8192	116037
UNKNOWN	142	T	0.997192382812	C	0.0013427734375	1	11	11	8169	8192	116037
UNKNOWN	143	T	0.876220703125	C	0.113647460938	8	931	75	7178	8192	116037
UNKNOWN	144	G	0.994995117188	A	0.0040283203125	33	3	8151	5	8192	116037
UNKNOWN	145	G	0.996337890625	C	0.001708984375	2	14	8162	14	8192	116037
UNKNOWN	146	T	0.979614257812	G	0.01318359375	12	47	108	8025	8192	116037
UNKNOWN	147	G	0.857666015625	A	0.12255859375	1004	76	7026	86	8192	116037
UNKNOWN	148	G	0.899169921875	A	0.0472412109375	387	152	7366	287	8192	116037
UNKNOWN	149	T	0.944091796875	C	0.0303955078125	94	249	115	7734	8192	116037
UNKNOWN	150	A	0.97021484375	G	0.0257568359375	7948	8	211	25	8192	116037
UNKNOWN	151	T	0.994384765625	A	0.00244140625	20	20	6	8146	8192	116037
UNKNOWN	152	A	0.950927734375	T	0.0257568359375	7790	120	71	211	8192	116037
UNKNOWN	153	A	0.9326171875	G	0.06201171875	7640	29	508	15	8192	116037
UNKNOWN	154	G	0.841674804688	A	0.130859375	1072	188	6895	37	8192	116037
UNKNOWN	155	T	0.918334960938	C	0.066162109375	65	542	62	7523	8192	116037
UNKNOWN	156	A	0.873046875	G	0.112915039062	7152	89	925	26	8192	116037
UNKNOWN	157	G	0.919067382812	A	0.0384521484375	315	240	7529	108	8192	116037
UNKNOWN	158	T	0.982543945312	G	0.0086669921875	41	31	71	8049	8192	116037
UNKNOWN	159	G	0.77392578125	A	0.166748046875	1366	370	6340	116	8192	116037
UNKNOWN	160	G	0.863037109375	A	0.070068359375	574	431	7070	117	8192	116037
UNKNOWN	161	T	0.971801757812	G	0.0164794921875	42	54	135	7961	8192	116037
UNKNOWN	162	G	0.993530273438	A	0.0052490234375	43	3	8139	7	8192	116037
UNKNOWN	163	G	0.99365234375	A	0.005126953125	42	6	8140	4	8192	116037
UNKNOWN	164	A	0.983520507812	G	0.0111083984375	8057	15	91	29	8192	116037
UNKNOWN	165	A	0.934204101562	G	0.0487060546875	7653	45	399	95	8192	116037
UNKNOWN	166	G	0.6171875	A	0.222412109375	1822	892	5056	422	8192	116037
UNKNOWN	167	C	0.882690429688	A	0.05322265625	436	7231	193	332	8192	116037
UNKNOWN	168	A	0.973876953125	G	0.01904296875	7978	43	156	15	8192	116037
UNKNOWN	169	C	0.97216796875	T	0.0186767578125	42	7964	33	153	8192	116037
UNKNOWN	170	A	0.991088867188	G	0.0052490234375	8119	14	43	16	8192	116037
UNKNOWN	171	G	0.962280273438	A	0.0213623046875	175	67	7883	67	8192	116037
UNKNOWN	172	G	0.838745117188	A	0.120971679688	991	228	6871	102	8192	116037
UNKNOWN	173	C	0.983642578125	G	0.0081787109375	21	8058	67	46	8192	116037
UNKNOWN	174	T	0.993408203125	A	0.0029296875	24	22	8	8138	8192	116037
UNKNOWN	175	A	0.993530273438	T	0.00439453125	8139	9	8	36	8192	116037
UNKNOWN	176	T	0.990112304688	C	0.0067138671875	23	55	3	8111	8192	116037
UNKNOWN	177	A	0.994750976562	C	0.0030517578125	8149	25	11	7	8192	116037
UNKNOWN	178	A	0.99365234375	G	0.003173828125	8140	23	26	3	8192	116037
UNKNOWN	179	C	0.926879882812	T	0.06103515625	14	7593	85	500	8192	116037
UNKNOWN	180	C	0.974853515625	T	0.0113525390625	24	7986	89	93	8192	116037
UNKNOWN	181	C	0.984375	T	0.0096435546875	25	8064	24	79	8192	116037
UNKNOWN	182	A	0.975952148438	G	0.0203857421875	7995	14	167	16	8192	116037
UNKNOWN	183	G	0.953002929688	C	0.031494140625	112	258	7807	15	8192	116037
UNKNOWN	184	C	0.992919921875	G	0.0037841796875	3	8134	31	24	8192	116037
UNKNOWN	185	C	0.996704101562	A	0.0013427734375	11	8165	5	11	8192	116037
UNKNOWN	186	C	0.99755859375	T	0.0018310546875	1	8172	4	15	8192	116037
UNKNOWN	187	T	0.9951171875	G	0.00341796875	4	8	28	8152	8192	116037
UNKNOWN	188	G	0.989379882812	A	0.0089111328125	73	6	8105	8	8192	116037
UNKNOWN	189	A	0.997192382812	G	0.0018310546875	8169	5	15	3	8192	116037
UNKNOWN	190	A	0.99560546875	C	0.00244140625	8156	20	11	5	8192	116037
UNKNOWN	191	A	0.991943359375	G	0.0029296875	8126	19	24	23	8192	116037
UNKNOWN	192	T	0.991821289062	C	0.0057373046875	2	47	18	8125	8192	116037
UNKNOWN	193	C	0.9951171875	T	0.0029296875	16	8152	0	24	8192	116037
UNKNOWN	194	C	0.992431640625	T	0.00537109375	8	8130	10	44	8192	116037
UNKNOWN	195	C	0.996337890625	G	0.002685546875	3	8162	22	5	8192	116037
UNKNOWN	196	G	0.998291015625	A	0.0008544921875	7	4	8178	3	8192	116037
UNKNOWN	197	G	0.949340820312	A	0.02734375	224	174	7777	17	8192	116037
UNKNOWN	198	C	0.994262695312	A	0.0032958984375	27	8145	1	19	8192	116037
UNKNOWN	199	T	0.994506835938	C	0.0040283203125	8	33	4	8147	8192	116037
UNKNOWN	200	C	0.996215820312	A	0.00244140625	20	8161	5	6	8192	116037
UNKNOWN	201	A	0.992309570312	G	0.006103515625	8129	12	50	1	8192	116037
UNKNOWN	202	G	0.972778320312	C	0.0244140625	17	200	7969	6	8192	116037
UNKNOWN	203	C	0.970092773438	T	0.0233154296875	44	7947	10	191	8192	116037
UNKNOWN	204	A	0.990356445312	G	0.0050048828125	8113	13	41	25	8192	116037
UNKNOWN	205	T	0.99462890625	C	0.0032958984375	8	27	9	8148	8192	116037
UNKNOWN	206	C	0.988525390625	T	0.0064697265625	41	8098	0	53	8192	116037
UNKNOWN	207	A	0.99072265625	G	0.0040283203125	8116	28	33	15	8192	116037
UNKNOWN	208	C	0.990966796875	G	0.003662109375	20	8118	30	24	8192	116037
UNKNOWN	209	C	0.969482421875	T	0.0135498046875	77	7942	62	111	8192	116037
UNKNOWN	210	A	0.993408203125	C	0.0040283203125	8138	33	16	5	8192	116037
UNKNOWN	211	A	0.990234375	G	0.00830078125	8112	6	68	6	8192	116037
UNKNOWN	212	G	0.992065429688	A	0.0068359375	56	6	8127	3	8192	116037
UNKNOWN	213	G	0.989135742188	A	0.0081787109375	67	9	8103	13	8192	116037
UNKNOWN	214	A	0.995239257812	C	0.0028076171875	8153	23	13	3	8192	116037
UNKNOWN	215	C	0.988159179688	T	0.0050048828125	27	8095	29	41	8192	116037
UNKNOWN	216	A	0.994018554688	G	0.00341796875	8143	13	28	8	8192	116037
UNKNOWN	217	A	0.98779296875	C	0.0068359375	8092	56	37	7	8192	116037
UNKNOWN	218	C	0.982177734375	T	0.0135498046875	4	8046	31	111	8192	116037
UNKNOWN	219	T	0.991943359375	C	0.003662109375	16	30	20	8126	8192	116037
UNKNOWN	220	C	0.995971679688	A	0.0029296875	24	8159	2	7	8192	116037
UNKNOWN	221	C	0.98876953125	T	0.0045166015625	25	8100	30	37	8192	116037
UNKNOWN	222	A	0.991088867188	C	0.0054931640625	8119	45	24	4	8192	116037
UNKNOWN	223	A	0.986938476562	G	0.011962890625	8085	7	98	2	8192	116037
UNKNOWN	224	G	0.9931640625	A	0.004150390625	34	20	8136	2	8192	116037
UNKNOWN	225	A	0.991455078125	G	0.007080078125	8122	7	58	5	8192	116037
UNKNOWN	226	G	0.949462890625	A	0.045654296875	374	34	7778	6	8192	116037
UNKNOWN	227	C	0.971801757812	T	0.0225830078125	12	7961	34	185	8192	116037
UNKNOWN	228	C	0.9931640625	A	0.004150390625	34	8136	19	3	8192	116037
UNKNOWN	229	A	0.993774414062	T	0.0029296875	8141	13	14	24	8192	116037
UNKNOWN	230	A	0.98583984375	G	0.0126953125	8076	7	104	5	8192	116037
UNKNOWN	231	G	0.976928710938	A	0.012939453125	106	43	8003	40	8192	116037
UNKNOWN	232	T	0.99462890625	C	0.003662109375	6	30	8	8148	8192	116037
UNKNOWN	233	C	0.985473632812	G	0.0069580078125	10	8073	57	52	8192	116037
UNKNOWN	234	T	0.990844726562	C	0.0057373046875	16	47	12	8117	8192	116037
UNKNOWN	235	C	0.993530273438	T	0.0050048828125	11	8139	1	41	8192	116037
UNKNOWN	236	T	0.992309570312	C	0.00537109375	4	44	15	8129	8192	116037
UNKNOWN	237	C	0.992309570312	G	0.00390625	1	8129	32	30	8192	116037
UNKNOWN	238	T	0.99560546875	G	0.002197265625	6	12	18	8156	8192	116037
UNKNOWN	239	G	0.942504882812	A	0.0478515625	392	24	7721	55	8192	116037
UNKNOWN	240	T	0.98974609375	G	0.00439453125	16	32	36	8108	8192	116037
UNKNOWN	241	C	0.991088867188	T	0.005615234375	21	8119	6	46	8192	116037
UNKNOWN	242	A	0.983520507812	G	0.01025390625	8057	29	84	22	8192	116037
UNKNOWN	243	G	0.872680664062	C	0.0843505859375	276	691	7149	76	8192	116037
UNKNOWN	244	T	0.994995117188	G	0.0029296875	5	12	24	8151	8192	116037
UNKNOWN	245	G	0.984741210938	A	0.010986328125	90	19	8067	16	8192	116037
UNKNOWN	246	A	0.987915039062	G	0.0074462890625	8093	31	61	7	8192	116037
UNKNOWN	247	G	0.968017578125	A	0.0198974609375	163	75	7930	24	8192	116037
UNKNOWN	248	C	0.9765625	T	0.0125732421875	43	8000	46	103	8192	116037
UNKNOWN	249	A	0.990600585938	G	0.0079345703125	8115	11	65	1	8192	116037
UNKNOWN	250	G	0.9912109375	A	0.0050048828125	41	28	8120	3	8192	116037
UNKNOWN	251	C	0.991577148438	T	0.005126953125	4	8123	23	42	8192	116037
UNKNOWN	252	G	0.992309570312	A	0.0042724609375	35	7	8129	21	8192	116037
UNKNOWN	253	T	0.993408203125	C	0.0030517578125	5	25	24	8138	8192	116037
UNKNOWN	254	G	0.964111328125	A	0.025146484375	206	57	7898	31	8192	116037
UNKNOWN	255	A	0.987426757812	G	0.0078125	8089	28	64	11	8192	116037
UNKNOWN	256	C	0.99169921875	A	0.004150390625	34	8124	11	23	8192	116037
UNKNOWN	257	A	0.98193359375	G	0.0084228515625	8044	67	69	12	8192	116037
UNKNOWN	258	A	0.78173828125	C	0.207397460938	6404	1699	65	24	8192	116037
UNKNOWN	259	C	0.970703125	T	0.0130615234375	29	7952	104	107	8192	116037
UNKNOWN	260	T	0.970703125	C	0.0201416015625	22	165	53	7952	8192	116037
UNKNOWN	261	G	0.99365234375	A	0.0048828125	40	2	8140	10	8192	116037
UNKNOWN	262	A	0.992309570312	G	0.005859375	8129	11	48	4	8192	116037
UNKNOWN	263	G	0.964477539062	A	0.0201416015625	165	105	7901	21	8192	116037
UNKNOWN	264	G	0.99365234375	A	0.004150390625	34	6	8140	12	8192	116037
UNKNOWN	265	A	0.9931640625	C	0.0045166015625	8136	37	17	2	8192	116037
UNKNOWN	266	C	0.98779296875	T	0.0062255859375	45	8092	4	51	8192	116037
UNKNOWN	267	A	0.983154296875	G	0.0084228515625	8054	24	69	45	8192	116037
UNKNOWN	268	C	0.992431640625	G	0.00439453125	20	8130	36	6	8192	116037
UNKNOWN	269	G	0.967651367188	A	0.029052734375	238	14	7927	13	8192	116037
UNKNOWN	270	G	0.992065429688	C	0.0029296875	17	24	8127	24	8192	116037
UNKNOWN	271	C	0.99267578125	A	0.004638671875	38	8132	19	3	8192	116037
UNKNOWN	272	C	0.99267578125	A	0.0047607421875	39	8132	9	12	8192	116037
UNKNOWN	273	A	0.990600585938	G	0.006103515625	8115	20	50	7	8192	116037
UNKNOWN	274	C	0.990478515625	T	0.004150390625	32	8114	12	34	8192	116037
UNKNOWN	275	A	0.98193359375	G	0.009521484375	8044	39	78	31	8192	116037
UNKNOWN	276	T	0.992065429688	A	0.0032958984375	27	16	22	8127	8192	116037
UNKNOWN	277	A	0.99267578125	C	0.0045166015625	8132	37	14	9	8192	116037
UNKNOWN	278	C	0.944580078125	T	0.052734375	16	7738	6	432	8192	116037
UNKNOWN	279	T	0.98681640625	C	0.0048828125	35	40	33	8084	8192	116037
UNKNOWN	280	A	0.98193359375	T	0.007080078125	8044	56	34	58	8192	116037
UNKNOWN	281	C	0.985107421875	T	0.0128173828125	7	8070	10	105	8192	116037
UNKNOWN	282	T	0.989990234375	G	0.0072021484375	13	10	59	8110	8192	116037
