Type	Position	Nucl1	Freq1	Nucl2	Freq2	NumAs	NumCs	NumGs	NumTs	NumAligned	NumNaive
UNKNOWN	0	C	1.0	A	0.0	0	27777	0	0	27777	116037
UNKNOWN	1	A	1.0	C	0.0	27777	0	0	0	27777	116037
UNKNOWN	2	G	1.0	A	0.0	0	0	27777	0	27777	116037
UNKNOWN	3	G	1.0	A	0.0	0	0	27777	0	27777	116037
UNKNOWN	4	T	1.0	A	0.0	0	0	0	27777	27777	116037
UNKNOWN	5	G	1.0	A	0.0	0	0	27777	0	27777	116037
UNKNOWN	6	C	1.0	A	0.0	0	27777	0	0	27777	116037
UNKNOWN	7	A	0.996687907261	G	0.0028080786262	27685	11	78	3	27777	116037
UNKNOWN	8	G	0.988659682471	A	0.00957626813551	266	28	27462	21	27777	116037
UNKNOWN	9	C	0.997191921374	T	0.00216006048169	4	27699	14	60	27777	116037
UNKNOWN	10	T	0.998523958671	C	0.0014040393131	1	39	1	27736	27777	116037
UNKNOWN	11	G	0.99780393851	A	0.0016560463693	46	10	27716	5	27777	116037
UNKNOWN	12	C	0.999135975807	T	0.000756021168593	0	27753	3	21	27777	116037
UNKNOWN	13	G	0.995463872988	A	0.00432012096339	120	3	27651	3	27777	116037
UNKNOWN	14	G	0.944234438564	C	0.053569499946	44	1488	26228	17	27777	116037
UNKNOWN	15	G	0.999423983872	C	0.000288008064226	7	8	27761	1	27777	116037
UNKNOWN	16	A	0.997875940526	G	0.00147604132916	27718	16	41	2	27777	116037
UNKNOWN	17	G	0.995211865932	A	0.00403211289916	112	18	27644	3	27777	116037
UNKNOWN	18	T	0.997407927422	C	0.00180005040141	16	50	6	27705	27777	116037
UNKNOWN	19	C	0.999495985888	T	0.000324009072254	2	27763	3	9	27777	116037
UNKNOWN	20	G	0.996399899197	A	0.00342009576268	95	2	27677	3	27777	116037
UNKNOWN	21	G	0.998487957663	C	0.00104402923282	9	29	27735	4	27777	116037
UNKNOWN	22	G	0.999171976815	C	0.000432012096339	10	12	27754	1	27777	116037
UNKNOWN	23	C	0.998955970767	T	0.000648018144508	9	27748	2	18	27777	116037
UNKNOWN	24	C	0.999423983872	T	0.000504014112395	1	27761	1	14	27777	116037
UNKNOWN	25	C	0.998991971775	T	0.000468013104367	12	27749	3	13	27777	116037
UNKNOWN	26	C	0.998919969759	T	0.00061201713648	12	27747	1	17	27777	116037
UNKNOWN	27	A	0.996075890125	G	0.00327609173057	27668	14	91	4	27777	116037
UNKNOWN	28	G	0.99287180041	A	0.00558015624437	155	37	27579	6	27777	116037
UNKNOWN	29	C	0.996579904237	T	0.00302408467437	1	27682	10	84	27777	116037
UNKNOWN	30	C	0.999171976815	T	0.000756021168593	1	27754	1	21	27777	116037
UNKNOWN	31	T	0.99726392339	C	0.00154804334521	12	43	21	27701	27777	116037
UNKNOWN	32	G	0.993987831659	A	0.00360010080282	100	15	27610	52	27777	116037
UNKNOWN	33	G	0.994563847788	A	0.00378010584296	105	33	27626	13	27777	116037
UNKNOWN	34	T	0.996687907261	C	0.00241206753789	3	67	22	27685	27777	116037
UNKNOWN	35	G	0.996291896173	A	0.00270007560212	75	20	27674	8	27777	116037
UNKNOWN	36	A	0.99780393851	C	0.00108003024085	27716	30	27	4	27777	116037
UNKNOWN	37	A	0.994491845772	G	0.00370810382691	27624	44	103	6	27777	116037
UNKNOWN	38	G	0.996183893149	A	0.00255607157	71	22	27671	13	27777	116037
UNKNOWN	39	C	0.993987831659	T	0.00367210281888	6	27610	59	102	27777	116037
UNKNOWN	40	C	0.999603988912	T	0.000180005040141	3	27766	3	5	27777	116037
UNKNOWN	41	C	0.997659934478	G	0.00118803326493	3	27712	33	29	27777	116037
UNKNOWN	42	T	0.996363898189	C	0.00324009072254	5	90	6	27676	27777	116037
UNKNOWN	43	C	0.998631961695	A	0.000684019152536	19	27739	2	17	27777	116037
UNKNOWN	44	A	0.996543903229	G	0.00208805846564	27681	32	58	6	27777	116037
UNKNOWN	45	C	0.997911941534	G	0.00122403427296	17	27719	34	7	27777	116037
UNKNOWN	46	A	0.997047917342	G	0.00205205745761	27695	18	57	7	27777	116037
UNKNOWN	47	G	0.996183893149	A	0.00316808870648	88	10	27671	8	27777	116037
UNKNOWN	48	A	0.996183893149	G	0.00198005544155	27671	45	55	6	27777	116037
UNKNOWN	49	C	0.998523958671	G	0.000648018144508	7	27736	18	16	27777	116037
UNKNOWN	50	C	0.99762393347	T	0.00169204737733	8	27711	11	47	27777	116037
UNKNOWN	51	C	0.998523958671	T	0.00118803326493	2	27736	6	33	27777	116037
UNKNOWN	52	T	0.996219894157	C	0.00342009576268	3	95	7	27672	27777	116037
UNKNOWN	53	C	0.998883968751	T	0.00104402923282	0	27746	2	29	27777	116037
UNKNOWN	54	T	0.9950678619	C	0.00342009576268	18	95	24	27640	27777	116037
UNKNOWN	55	C	0.998271951615	T	0.00122403427296	10	27729	4	34	27777	116037
UNKNOWN	56	C	0.99542787198	T	0.00367210281888	8	27650	17	102	27777	116037
UNKNOWN	57	C	0.997047917342	G	0.00187205241747	1	27695	52	29	27777	116037
UNKNOWN	58	T	0.996543903229	C	0.00302408467437	10	84	2	27681	27777	116037
UNKNOWN	59	C	0.998667962703	A	0.00061201713648	17	27740	8	12	27777	116037
UNKNOWN	60	A	0.997227922382	C	0.00154804334521	27700	43	30	4	27777	116037
UNKNOWN	61	C	0.997839939518	T	0.00169204737733	4	27717	9	47	27777	116037
UNKNOWN	62	C	0.996759909277	T	0.00212405947367	2	27687	29	59	27777	116037
UNKNOWN	63	T	0.996651906253	C	0.00223206249775	3	62	28	27684	27777	116037
UNKNOWN	64	G	0.998451956655	C	0.000828023184649	16	23	27734	4	27777	116037
UNKNOWN	65	C	0.996651906253	T	0.00266407459409	18	27684	1	74	27777	116037
UNKNOWN	66	A	0.989631709688	G	0.00763221370198	27489	62	212	14	27777	116037
UNKNOWN	67	C	0.996363898189	G	0.00194405443352	5	27676	54	42	27777	116037
UNKNOWN	68	G	0.992475789322	A	0.00601216834071	167	24	27568	18	27777	116037
UNKNOWN	69	G	0.654282319905	A	0.341937574252	9498	54	18174	51	27777	116037
UNKNOWN	70	T	0.929798034345	C	0.0687619253339	11	1910	29	25827	27777	116037
UNKNOWN	71	C	0.982899521187	T	0.00759621269396	104	27302	160	211	27777	116037
UNKNOWN	72	T	0.994995859884	C	0.00316808870648	8	88	43	27638	27777	116037
UNKNOWN	73	C	0.997659934478	T	0.00169204737733	6	27712	12	47	27777	116037
UNKNOWN	74	T	0.992007776218	C	0.00511214314001	6	142	74	27555	27777	116037
UNKNOWN	75	G	0.997299924398	A	0.00241206753789	67	8	27702	0	27777	116037
UNKNOWN	76	G	0.995103862908	A	0.00388810886705	108	21	27641	7	27777	116037
UNKNOWN	77	A	0.990603736905	C	0.00424811894733	27516	118	81	62	27777	116037
UNKNOWN	78	T	0.989343701624	G	0.00511214314001	25	129	142	27481	27777	116037
UNKNOWN	79	T	0.995391870972	C	0.00374410483494	11	104	13	27649	27777	116037
UNKNOWN	80	C	0.98721964215	T	0.00900025200706	17	27422	88	250	27777	116037
UNKNOWN	81	T	0.993159808475	C	0.00457212801958	17	127	46	27587	27777	116037
UNKNOWN	82	C	0.995643878029	T	0.0033120927386	28	27656	1	92	27777	116037
UNKNOWN	83	A	0.994599848796	T	0.00208805846564	27627	46	46	58	27777	116037
UNKNOWN	84	T	0.985095582676	C	0.0131763689383	16	366	32	27363	27777	116037
UNKNOWN	85	T	0.996075890125	C	0.0019080534255	13	53	43	27668	27777	116037
UNKNOWN	86	G	0.980703459697	A	0.0161284515966	448	48	27241	40	27777	116037
UNKNOWN	87	A	0.987831659286	G	0.00853223890269	27439	78	237	23	27777	116037
UNKNOWN	88	G	0.944702451669	A	0.037009036253	1028	382	26241	126	27777	116037
UNKNOWN	89	C	0.96713107967	T	0.0224646290096	155	26864	134	624	27777	116037
UNKNOWN	90	A	0.980127443568	G	0.0138603880909	27225	136	385	31	27777	116037
UNKNOWN	91	G	0.877020556576	A	0.0810022680635	2250	783	24361	383	27777	116037
UNKNOWN	92	C	0.957446808511	T	0.0296648306153	188	26595	170	824	27777	116037
UNKNOWN	93	T	0.970011160312	A	0.01278035785	355	181	297	26944	27777	116037
UNKNOWN	94	A	0.963638981891	T	0.0190445332469	26767	271	210	529	27777	116037
UNKNOWN	95	T	0.983295532275	G	0.00813622781438	49	189	226	27313	27777	116037
UNKNOWN	96	G	0.88735284588	A	0.0794542247183	2207	565	24648	357	27777	116037
UNKNOWN	97	C	0.912949562588	T	0.0361090110523	481	25359	934	1003	27777	116037
UNKNOWN	98	T	0.991899773194	C	0.00493213809987	27	137	61	27552	27777	116037
UNKNOWN	99	G	0.973251251035	A	0.0237606652986	660	22	27034	61	27777	116037
UNKNOWN	100	T	0.995391870972	C	0.00313208769846	24	87	17	27649	27777	116037
UNKNOWN	101	A	0.975447312525	G	0.0173524858696	27095	111	482	89	27777	116037
UNKNOWN	102	G	0.920473773266	A	0.0630737660654	1752	358	25568	99	27777	116037
UNKNOWN	103	G	0.845987687655	A	0.108039025093	3001	857	23499	420	27777	116037
UNKNOWN	104	C	0.985491593765	T	0.00705619757353	55	27374	152	196	27777	116037
UNKNOWN	105	T	0.996615905245	G	0.00187205241747	2	40	52	27683	27777	116037
UNKNOWN	106	G	0.999171976815	T	0.000360010080282	9	4	27754	10	27777	116037
UNKNOWN	107	G	0.998631961695	T	0.000576016128452	8	14	27739	16	27777	116037
UNKNOWN	108	G	0.985887604853	A	0.00997227922382	277	53	27385	62	27777	116037
UNKNOWN	109	T	0.995175864924	C	0.00457212801958	1	127	6	27643	27777	116037
UNKNOWN	110	C	0.998271951615	G	0.000720020160564	10	27729	20	18	27777	116037
UNKNOWN	111	C	0.99798394355	G	0.0011520322569	6	27721	32	18	27777	116037
UNKNOWN	112	G	0.997839939518	C	0.00147604132916	18	41	27717	1	27777	116037
UNKNOWN	113	C	0.997695935486	T	0.00100802822479	27	27713	9	28	27777	116037
UNKNOWN	114	C	0.998019944558	A	0.00126003528099	35	27722	11	9	27777	116037
UNKNOWN	115	A	0.993879828635	G	0.00543615221226	27607	14	151	5	27777	116037
UNKNOWN	116	G	0.99762393347	A	0.00133203729704	37	24	27711	5	27777	116037
UNKNOWN	117	G	0.990999747993	A	0.00622817438888	173	62	27527	15	27777	116037
UNKNOWN	118	C	0.995787882061	T	0.00237606652986	6	27660	45	66	27777	116037
UNKNOWN	119	T	0.977427367966	C	0.0207725816323	12	577	38	27150	27777	116037
UNKNOWN	120	C	0.98264751413	T	0.0159484465565	14	27295	25	443	27777	116037
UNKNOWN	121	C	0.997371926414	G	0.00176404939338	7	27704	49	17	27777	116037
UNKNOWN	122	G	0.965403031285	A	0.0338409475465	940	5	26816	16	27777	116037
UNKNOWN	123	G	0.998523958671	A	0.000792022176621	22	11	27736	8	27777	116037
UNKNOWN	124	G	0.996363898189	A	0.00302408467437	84	15	27676	2	27777	116037
UNKNOWN	125	G	0.986139611909	A	0.0131403679303	365	16	27392	4	27777	116037
UNKNOWN	126	A	0.997299924398	G	0.00151204233719	27702	29	42	4	27777	116037
UNKNOWN	127	A	0.994131835691	G	0.00543615221226	27614	11	151	1	27777	116037
UNKNOWN	128	G	0.998019944558	A	0.00158404435324	44	10	27722	1	27777	116037
UNKNOWN	129	G	0.989271699608	A	0.00615617237283	171	73	27479	54	27777	116037
UNKNOWN	130	C	0.995031860892	T	0.00295208265831	7	27639	49	82	27777	116037
UNKNOWN	131	G	0.94376642546	A	0.0480973467257	1336	100	26215	126	27777	116037
UNKNOWN	132	C	0.989271699608	T	0.0077762177341	24	27479	58	216	27777	116037
UNKNOWN	133	T	0.991251755049	G	0.00432012096339	11	112	120	27534	27777	116037
UNKNOWN	134	G	0.973971271196	A	0.0217806098571	605	17	27054	101	27777	116037
UNKNOWN	135	G	0.995679879037	A	0.00241206753789	67	50	27657	3	27777	116037
UNKNOWN	136	A	0.993447816539	G	0.00435612197142	27595	40	121	21	27777	116037
UNKNOWN	137	G	0.963746984916	A	0.0321489001692	893	66	26770	48	27777	116037
UNKNOWN	138	T	0.995787882061	G	0.00277207761817	4	36	77	27660	27777	116037
UNKNOWN	139	G	0.996651906253	A	0.0019080534255	53	8	27684	32	27777	116037
UNKNOWN	140	G	0.981639485906	T	0.013968391115	22	100	27267	388	27777	116037
UNKNOWN	141	G	0.928898009144	A	0.0422651834251	1174	726	25802	75	27777	116037
UNKNOWN	142	T	0.996327897181	C	0.00187205241747	8	52	42	27675	27777	116037
UNKNOWN	143	T	0.977859380063	C	0.0123843467617	62	344	209	27162	27777	116037
UNKNOWN	144	G	0.995967887101	A	0.0028080786262	78	2	27665	32	27777	116037
UNKNOWN	145	G	0.987615653238	C	0.00993627821579	12	276	27433	56	27777	116037
UNKNOWN	146	T	0.966267055478	C	0.0129603628902	266	360	311	26840	27777	116037
UNKNOWN	147	G	0.841451560644	A	0.135363790186	3760	210	23373	434	27777	116037
UNKNOWN	148	G	0.818194909457	A	0.115419231738	3206	868	22727	976	27777	116037
UNKNOWN	149	T	0.923713863988	G	0.038305072542	595	460	1064	25658	27777	116037
UNKNOWN	150	A	0.944234438564	G	0.0470893185009	26228	128	1308	113	27777	116037
UNKNOWN	151	T	0.985815602837	C	0.00640817942902	118	178	98	27383	27777	116037
UNKNOWN	152	A	0.941822371026	G	0.0273967671095	26161	252	761	603	27777	116037
UNKNOWN	153	A	0.920869784354	G	0.0648738164669	25579	273	1802	123	27777	116037
UNKNOWN	154	G	0.872448428556	A	0.0796702307665	2213	1080	24234	250	27777	116037
UNKNOWN	155	T	0.947438528279	C	0.0271807610613	278	755	427	26317	27777	116037
UNKNOWN	156	A	0.828383194729	G	0.139611909133	23010	573	3878	316	27777	116037
UNKNOWN	157	G	0.869244338841	A	0.0553695503474	1538	1420	24145	674	27777	116037
UNKNOWN	158	T	0.960686899233	G	0.0173164848616	306	305	481	26685	27777	116037
UNKNOWN	159	G	0.787954062714	A	0.164416603665	4567	889	21887	434	27777	116037
UNKNOWN	160	G	0.826619145336	A	0.104834935378	2912	1306	22961	598	27777	116037
UNKNOWN	161	T	0.942722396227	G	0.0237246642906	559	373	659	26186	27777	116037
UNKNOWN	162	G	0.987075638118	A	0.0106922993844	297	20	27418	42	27777	116037
UNKNOWN	163	G	0.983799546387	A	0.0120963386975	336	72	27327	42	27777	116037
UNKNOWN	164	A	0.963134967779	G	0.0274687691255	26753	146	763	115	27777	116037
UNKNOWN	165	A	0.956114771214	G	0.0315008820247	26558	243	875	101	27777	116037
UNKNOWN	166	G	0.775209705872	A	0.113655182345	3157	2102	21533	985	27777	116037
UNKNOWN	167	C	0.902185261187	T	0.0424091874572	610	25060	929	1178	27777	116037
UNKNOWN	168	A	0.977463368974	G	0.0103322893041	27151	263	287	76	27777	116037
UNKNOWN	169	C	0.967959102855	T	0.0214566007848	186	26887	108	596	27777	116037
UNKNOWN	170	A	0.986391618965	G	0.00788422075818	27399	78	219	81	27777	116037
UNKNOWN	171	T	0.963134967779	G	0.0269287540051	153	123	748	26753	27777	116037
UNKNOWN	172	G	0.970335169385	A	0.0202685675199	563	120	26953	141	27777	116037
UNKNOWN	173	C	0.948086546423	T	0.0482773517658	31	26335	70	1341	27777	116037
UNKNOWN	174	C	0.952946682507	T	0.0394571047989	107	26470	104	1096	27777	116037
UNKNOWN	175	T	0.945710479893	A	0.0362890160925	1008	293	207	26269	27777	116037
UNKNOWN	176	T	0.952982683515	C	0.0172084818375	358	478	470	26471	27777	116037
UNKNOWN	177	A	0.985347589733	G	0.00698419555748	27370	166	194	47	27777	116037
UNKNOWN	178	A	0.990783741945	C	0.00468013104367	27521	130	109	17	27777	116037
UNKNOWN	179	C	0.883248730964	T	0.0966987075638	99	24534	458	2686	27777	116037
UNKNOWN	180	C	0.957950822623	T	0.0252727076358	90	26609	376	702	27777	116037
UNKNOWN	181	C	0.990027720776	T	0.00558015624437	81	27500	41	155	27777	116037
UNKNOWN	182	A	0.98739964719	G	0.00795622277424	27427	94	221	35	27777	116037
UNKNOWN	183	G	0.980955466753	A	0.0134283759945	373	105	27248	51	27777	116037
UNKNOWN	184	C	0.976275335709	T	0.0149764193397	86	27118	157	416	27777	116037
UNKNOWN	185	C	0.997047917342	T	0.00169204737733	30	27695	5	47	27777	116037
UNKNOWN	186	C	0.996003888109	T	0.00324009072254	6	27666	15	90	27777	116037
UNKNOWN	187	T	0.993807826619	G	0.00313208769846	28	57	87	27605	27777	116037
UNKNOWN	188	G	0.983619541347	A	0.0123483457537	343	48	27322	64	27777	116037
UNKNOWN	189	A	0.990567735897	G	0.00576016128452	27515	93	160	9	27777	116037
UNKNOWN	190	A	0.992835799402	G	0.00399611189113	27578	65	111	23	27777	116037
UNKNOWN	191	A	0.98995571876	G	0.00363610181085	27498	85	101	93	27777	116037
UNKNOWN	192	T	0.990351729848	C	0.0049681391079	53	138	77	27509	27777	116037
UNKNOWN	193	C	0.996039889117	T	0.00302408467437	20	27667	6	84	27777	116037
UNKNOWN	194	C	0.991179753033	T	0.0042121179393	39	27532	89	117	27777	116037
UNKNOWN	195	C	0.995391870972	G	0.00295208265831	27	27649	82	19	27777	116037
UNKNOWN	196	G	0.996471901213	A	0.00180005040141	50	29	27679	19	27777	116037
UNKNOWN	197	G	0.945206465781	A	0.039601108831	1100	294	26255	128	27777	116037
UNKNOWN	198	C	0.984339561508	T	0.00939626309537	71	27342	103	261	27777	116037
UNKNOWN	199	T	0.990531734889	C	0.00554415523635	53	154	56	27514	27777	116037
UNKNOWN	200	C	0.990243726824	A	0.00547215322029	152	27506	52	67	27777	116037
UNKNOWN	201	A	0.988191669367	G	0.008928249991	27449	74	248	6	27777	116037
UNKNOWN	202	G	0.97717536091	C	0.0147964142996	133	411	27143	90	27777	116037
UNKNOWN	203	C	0.951578644202	T	0.0350289808115	232	26432	140	973	27777	116037
UNKNOWN	204	A	0.984519566548	G	0.0102962882961	27347	72	286	72	27777	116037
UNKNOWN	205	T	0.993267811499	C	0.00352809878677	47	98	42	27590	27777	116037
UNKNOWN	206	C	0.98757965223	T	0.00860424091875	87	27432	19	239	27777	116037
UNKNOWN	207	A	0.988011664327	G	0.00630017640494	27444	117	175	41	27777	116037
UNKNOWN	208	C	0.981135471793	T	0.0103682903121	74	27253	162	288	27777	116037
UNKNOWN	209	C	0.974295280268	T	0.0123123447457	174	27063	198	342	27777	116037
UNKNOWN	210	A	0.987003636102	C	0.00687619253339	27416	191	138	32	27777	116037
UNKNOWN	211	A	0.986355617957	G	0.0103682903121	27398	70	288	21	27777	116037
UNKNOWN	212	G	0.988731684487	A	0.00813622781438	226	68	27464	19	27777	116037
UNKNOWN	213	G	0.988875688519	A	0.00813622781438	226	62	27468	21	27777	116037
UNKNOWN	214	A	0.990387730856	C	0.00464413003564	27510	129	72	66	27777	116037
UNKNOWN	215	C	0.980019440544	G	0.00828023184649	97	27222	230	228	27777	116037
UNKNOWN	216	A	0.990099722792	G	0.00453612701156	27502	80	126	69	27777	116037
UNKNOWN	217	A	0.977643374014	G	0.0107643014004	27156	218	299	104	27777	116037
UNKNOWN	218	C	0.977643374014	T	0.014076394139	30	27156	200	391	27777	116037
UNKNOWN	219	T	0.985347589733	C	0.00572416027649	113	159	135	27370	27777	116037
UNKNOWN	220	C	0.993123807467	A	0.0033120927386	92	27586	19	80	27777	116037
UNKNOWN	221	C	0.988083666343	T	0.00594016632466	107	27446	59	165	27777	116037
UNKNOWN	222	A	0.983007524211	C	0.0100802822479	27305	280	176	16	27777	116037
UNKNOWN	223	A	0.987111639126	G	0.0101162832559	27419	44	281	33	27777	116037
UNKNOWN	224	G	0.990423731864	A	0.00536415019621	149	87	27511	30	27777	116037
UNKNOWN	225	A	0.988083666343	G	0.00813622781438	27446	87	226	18	27777	116037
UNKNOWN	226	G	0.959966879073	A	0.0324369082334	901	172	26665	39	27777	116037
UNKNOWN	227	C	0.958274831695	T	0.0341649566188	94	26618	116	949	27777	116037
UNKNOWN	228	C	0.991359758073	A	0.00493213809987	137	27537	73	30	27777	116037
UNKNOWN	229	A	0.990963746985	G	0.00493213809987	27526	72	137	42	27777	116037
UNKNOWN	230	A	0.980307448609	G	0.0160204485726	27230	78	445	24	27777	116037
UNKNOWN	231	G	0.966447060518	A	0.0226806350578	630	154	26845	148	27777	116037
UNKNOWN	232	T	0.992079778234	C	0.00500414011592	35	139	46	27557	27777	116037
UNKNOWN	233	C	0.967455088742	T	0.0189725312309	32	26873	345	527	27777	116037
UNKNOWN	234	T	0.989379702632	C	0.00547215322029	50	152	93	27482	27777	116037
UNKNOWN	235	C	0.989199697592	T	0.0086762429348	50	27477	9	241	27777	116037
UNKNOWN	236	T	0.975231306477	C	0.0125283507938	53	348	287	27089	27777	116037
UNKNOWN	237	C	0.991323757065	T	0.00489613709184	52	27536	53	136	27777	116037
UNKNOWN	238	T	0.993771825611	G	0.0033120927386	10	71	92	27604	27777	116037
UNKNOWN	239	G	0.948482557512	A	0.0384130755661	1067	199	26346	165	27777	116037
UNKNOWN	240	T	0.980739460705	A	0.00756021168593	210	135	190	27242	27777	116037
UNKNOWN	241	C	0.985923605861	T	0.0100442812399	87	27386	25	279	27777	116037
UNKNOWN	242	A	0.981423479857	G	0.01022428628	27261	171	284	61	27777	116037
UNKNOWN	243	G	0.921013788386	C	0.0409331461281	780	1137	25583	277	27777	116037
UNKNOWN	244	T	0.990099722792	C	0.00554415523635	27	154	94	27502	27777	116037
UNKNOWN	245	G	0.975123303452	A	0.0181805090543	505	100	27086	86	27777	116037
UNKNOWN	246	A	0.978039385103	G	0.0147244122835	27167	175	409	26	27777	116037
UNKNOWN	247	G	0.937034236959	A	0.0436332217302	1212	364	26028	173	27777	116037
UNKNOWN	248	C	0.968139107895	T	0.0202685675199	155	26892	167	563	27777	116037
UNKNOWN	249	A	0.983727544371	G	0.0119883356734	27325	107	333	12	27777	116037
UNKNOWN	250	G	0.982791518163	A	0.00828023184649	230	201	27299	47	27777	116037
UNKNOWN	251	C	0.987183641142	T	0.00673218850128	40	27421	129	187	27777	116037
UNKNOWN	252	G	0.988119667351	A	0.00666018648522	185	69	27447	76	27777	116037
UNKNOWN	253	T	0.990099722792	C	0.00482413507578	32	134	109	27502	27777	116037
UNKNOWN	254	G	0.961010908305	A	0.0268567519891	746	135	26694	202	27777	116037
UNKNOWN	255	A	0.979047413328	G	0.0151204233719	27195	112	420	50	27777	116037
UNKNOWN	256	C	0.986931634086	T	0.00601216834071	128	27414	68	167	27777	116037
UNKNOWN	257	A	0.977103358894	G	0.0135363790186	27141	185	376	75	27777	116037
UNKNOWN	258	C	0.655902365266	A	0.326565143824	9071	18219	313	174	27777	116037
UNKNOWN	259	C	0.973107247003	T	0.0138243870828	71	27030	292	384	27777	116037
UNKNOWN	260	T	0.952442668395	C	0.0321128991612	100	892	329	26456	27777	116037
UNKNOWN	261	G	0.988083666343	A	0.00799222378227	222	37	27446	72	27777	116037
UNKNOWN	262	A	0.985959606869	G	0.00903625301508	27387	104	251	35	27777	116037
UNKNOWN	263	G	0.951650646218	A	0.0310688699284	863	373	26434	107	27777	116037
UNKNOWN	264	G	0.990387730856	A	0.00626417539691	174	32	27510	61	27777	116037
UNKNOWN	265	A	0.98941570364	C	0.006372178421	27483	177	88	29	27777	116037
UNKNOWN	266	C	0.977931382079	T	0.011448320553	216	27164	79	318	27777	116037
UNKNOWN	267	A	0.978507398207	G	0.0102962882961	27180	92	286	219	27777	116037
UNKNOWN	268	C	0.990639737913	G	0.0039601108831	80	27517	110	70	27777	116037
UNKNOWN	269	G	0.949562587752	A	0.0447852539871	1244	80	26376	77	27777	116037
UNKNOWN	270	G	0.990711739929	A	0.00349209777874	97	94	27519	67	27777	116037
UNKNOWN	271	C	0.988623681463	A	0.00630017640494	175	27461	99	42	27777	116037
UNKNOWN	272	C	0.988911689527	A	0.00536415019621	149	27469	52	107	27777	116037
UNKNOWN	273	A	0.98775965727	G	0.00666018648522	27437	103	185	52	27777	116037
UNKNOWN	274	C	0.982791518163	T	0.00730820462973	181	27299	94	203	27777	116037
UNKNOWN	275	A	0.973575260107	G	0.0156244374842	27043	153	434	147	27777	116037
UNKNOWN	276	T	0.989055693559	G	0.00511214314001	98	64	142	27473	27777	116037
UNKNOWN	277	A	0.988875688519	C	0.00622817438888	27468	173	86	50	27777	116037
UNKNOWN	278	C	0.925045901285	T	0.0702739676711	95	25695	35	1952	27777	116037
UNKNOWN	279	T	0.983223530259	C	0.00597616733269	134	166	166	27311	27777	116037
UNKNOWN	280	A	0.972747236923	T	0.0124203477697	27020	272	140	345	27777	116037
UNKNOWN	281	C	0.97206321777	T	0.024192677395	57	27001	47	672	27777	116037
UNKNOWN	282	T	0.984699571588	G	0.0106922993844	82	46	297	27352	27777	116037
