Type	Position	Nucl1	Freq1	Nucl2	Freq2	NumAs	NumCs	NumGs	NumTs	NumAligned	NumNaive
UNKNOWN	0	C	1.0	A	0.0	0	19563	0	0	19563	116037
UNKNOWN	1	A	1.0	C	0.0	19563	0	0	0	19563	116037
UNKNOWN	2	G	1.0	A	0.0	0	0	19563	0	19563	116037
UNKNOWN	3	G	1.0	A	0.0	0	0	19563	0	19563	116037
UNKNOWN	4	T	1.0	A	0.0	0	0	0	19563	19563	116037
UNKNOWN	5	G	1.0	A	0.0	0	0	19563	0	19563	116037
UNKNOWN	6	C	1.0	A	0.0	0	19563	0	0	19563	116037
UNKNOWN	7	A	0.997648622399	G	0.00184020855697	19517	6	36	4	19563	116037
UNKNOWN	8	G	0.98042222563	A	0.0136993303686	268	44	19180	71	19563	116037
UNKNOWN	9	C	0.996166232173	T	0.00230026069621	0	19488	30	45	19563	116037
UNKNOWN	10	T	0.99918212953	C	0.000613402852323	1	12	3	19547	19563	116037
UNKNOWN	11	G	0.998670960487	A	0.000920104278485	18	1	19537	7	19563	116037
UNKNOWN	12	C	0.998926545008	T	0.000868987374125	1	19542	3	17	19563	116037
UNKNOWN	13	G	0.998619843582	A	0.00122680570465	24	2	19536	1	19563	116037
UNKNOWN	14	G	0.945867198282	C	0.0514236057864	44	1006	18504	9	19563	116037
UNKNOWN	15	G	0.998722077391	C	0.000664519756684	11	13	19538	1	19563	116037
UNKNOWN	16	A	0.997137453356	G	0.00224914379185	19507	10	44	2	19563	116037
UNKNOWN	17	G	0.993354802433	A	0.00587844400143	115	10	19433	5	19563	116037
UNKNOWN	18	T	0.997290804069	C	0.00189132546133	7	37	9	19510	19563	116037
UNKNOWN	19	C	0.998926545008	T	0.000715636661044	1	19542	6	14	19563	116037
UNKNOWN	20	G	0.997239687165	A	0.00173797474825	34	0	19509	20	19563	116037
UNKNOWN	21	G	0.997495271686	C	0.00127792260901	24	25	19514	0	19563	116037
UNKNOWN	22	G	0.998568726678	C	0.000817870469764	10	16	19535	2	19563	116037
UNKNOWN	23	C	0.998568726678	T	0.00138015641773	0	19535	1	27	19563	116037
UNKNOWN	24	C	0.998977661913	T	0.000562285947963	1	19543	8	11	19563	116037
UNKNOWN	25	C	0.999642181669	T	0.000306701426162	1	19556	0	6	19563	116037
UNKNOWN	26	C	0.999079895722	A	0.000715636661044	14	19545	0	4	19563	116037
UNKNOWN	27	A	0.996115115269	G	0.00316924807034	19487	11	62	3	19563	116037
UNKNOWN	28	G	0.988652047232	A	0.008229821602	161	57	19341	4	19563	116037
UNKNOWN	29	C	0.997955323826	T	0.00199355927005	1	19523	0	39	19563	116037
UNKNOWN	30	C	0.99836425906	T	0.00163574093953	0	19531	0	32	19563	116037
UNKNOWN	31	T	0.99683075193	C	0.00184020855697	2	36	24	19501	19563	116037
UNKNOWN	32	G	0.986709604866	A	0.0111434851505	218	22	19303	20	19563	116037
UNKNOWN	33	G	0.993405919338	A	0.00342483259214	67	27	19434	35	19563	116037
UNKNOWN	34	T	0.996984102643	C	0.00199355927005	2	39	18	19504	19563	116037
UNKNOWN	35	G	0.993968205285	A	0.00521392424475	102	9	19445	7	19563	116037
UNKNOWN	36	A	0.997750856208	C	0.00102233808721	19519	20	20	4	19563	116037
UNKNOWN	37	A	0.994786075755	G	0.0037315340183	19461	25	73	4	19563	116037
UNKNOWN	38	G	0.998466492869	C	0.00102233808721	7	20	19533	3	19563	116037
UNKNOWN	39	C	0.996217349077	T	0.00286254664418	8	19489	10	56	19563	116037
UNKNOWN	40	C	0.999539947861	T	0.000306701426162	1	19554	2	6	19563	116037
UNKNOWN	41	C	0.996677401217	T	0.00194244236569	6	19498	21	38	19563	116037
UNKNOWN	42	T	0.995910647651	C	0.0032203649747	7	63	10	19483	19563	116037
UNKNOWN	43	C	0.99836425906	A	0.00112457189593	22	19531	0	10	19563	116037
UNKNOWN	44	A	0.993252568624	C	0.00250472831365	19431	49	38	45	19563	116037
UNKNOWN	45	C	0.99683075193	G	0.00173797474825	22	19501	34	6	19563	116037
UNKNOWN	46	A	0.996677401217	G	0.00265807902673	19498	10	52	3	19563	116037
UNKNOWN	47	G	0.996779635025	A	0.00235137760057	46	11	19500	6	19563	116037
UNKNOWN	48	A	0.995655063129	C	0.00204467617441	19478	40	38	7	19563	116037
UNKNOWN	49	C	0.996268465982	G	0.00173797474825	7	19490	34	32	19563	116037
UNKNOWN	50	C	0.988754281041	T	0.0102744977764	10	19343	9	201	19563	116037
UNKNOWN	51	C	0.995910647651	T	0.00260696212237	2	19483	27	51	19563	116037
UNKNOWN	52	T	0.996421816695	C	0.00337371568778	1	66	3	19493	19563	116037
UNKNOWN	53	C	0.997597505495	T	0.00127792260901	0	19516	22	25	19563	116037
UNKNOWN	54	T	0.995501712416	C	0.00301589735726	14	59	15	19475	19563	116037
UNKNOWN	55	C	0.998517609774	T	0.00107345499157	7	19534	1	21	19563	116037
UNKNOWN	56	C	0.989725502224	T	0.00787200327148	32	19362	15	154	19563	116037
UNKNOWN	57	C	0.99718857026	G	0.00148239022645	5	19508	29	21	19563	116037
UNKNOWN	58	T	0.996779635025	C	0.00291366354854	2	57	4	19500	19563	116037
UNKNOWN	59	C	0.998057557634	A	0.00102233808721	20	19525	0	18	19563	116037
UNKNOWN	60	A	0.993099217911	G	0.0029647804529	19428	39	58	38	19563	116037
UNKNOWN	61	C	0.993252568624	T	0.00470275520115	1	19431	39	92	19563	116037
UNKNOWN	62	C	0.990798957215	T	0.00465163829678	0	19383	89	91	19563	116037
UNKNOWN	63	T	0.996984102643	C	0.00163574093953	2	32	25	19504	19563	116037
UNKNOWN	64	G	0.998057557634	C	0.00107345499157	16	21	19525	1	19563	116037
UNKNOWN	65	C	0.997341920973	T	0.00178909165261	17	19511	0	35	19563	116037
UNKNOWN	66	A	0.992894750294	G	0.0039871185401	19424	52	78	9	19563	116037
UNKNOWN	67	C	0.994326023616	G	0.00270919593109	7	19452	53	51	19563	116037
UNKNOWN	68	G	0.987425241527	A	0.0108367837244	212	32	19317	2	19563	116037
UNKNOWN	69	G	0.961457854112	A	0.0336349230691	658	65	18809	31	19563	116037
UNKNOWN	70	T	0.990185554363	C	0.00776976946276	31	152	9	19371	19563	116037
UNKNOWN	71	C	0.96881868834	T	0.0165107601084	19	18953	268	323	19563	116037
UNKNOWN	72	T	0.995910647651	C	0.00276031283545	16	54	10	19483	19563	116037
UNKNOWN	73	C	0.997904206921	T	0.00158462403517	6	19522	4	31	19563	116037
UNKNOWN	74	T	0.99483719266	C	0.00270919593109	9	53	39	19462	19563	116037
UNKNOWN	75	G	0.986862955579	A	0.0122680570465	240	15	19306	2	19563	116037
UNKNOWN	76	G	0.989572151511	A	0.0079742370802	156	43	19359	5	19563	116037
UNKNOWN	77	A	0.989981086745	G	0.00444717067934	19367	77	87	32	19563	116037
UNKNOWN	78	T	0.991923529111	C	0.00567397638399	9	111	38	19405	19563	116037
UNKNOWN	79	T	0.995757296938	C	0.0032203649747	11	63	9	19480	19563	116037
UNKNOWN	80	C	0.99238358125	T	0.00460052139242	9	19414	50	90	19563	116037
UNKNOWN	81	T	0.994632725042	C	0.00429381996626	9	84	12	19458	19563	116037
UNKNOWN	82	C	0.995655063129	T	0.00327148187906	21	19478	0	64	19563	116037
UNKNOWN	83	A	0.983284772274	G	0.0135970965598	19236	14	266	47	19563	116037
UNKNOWN	84	T	0.991821295302	C	0.00485610591423	37	95	28	19403	19563	116037
UNKNOWN	85	T	0.992434698155	G	0.00552062567091	4	36	108	19415	19563	116037
UNKNOWN	86	G	0.974083729489	A	0.0221847364924	434	11	19056	62	19563	116037
UNKNOWN	87	A	0.985380565353	G	0.0106834330113	19277	69	209	8	19563	116037
UNKNOWN	88	G	0.898379594132	A	0.0738639268006	1445	462	17575	81	19563	116037
UNKNOWN	89	C	0.960231048408	T	0.0268874916935	89	18785	163	526	19563	116037
UNKNOWN	90	A	0.980677810152	G	0.0133926289424	19185	59	262	57	19563	116037
UNKNOWN	91	G	0.822113172826	A	0.136993303686	2680	598	16083	202	19563	116037
UNKNOWN	92	C	0.96048663293	T	0.0255073352758	87	18790	187	499	19563	116037
UNKNOWN	93	A	0.874507999796	T	0.0692122885038	17108	134	967	1354	19563	116037
UNKNOWN	94	A	0.961560087921	G	0.0172263967694	18811	223	337	192	19563	116037
UNKNOWN	95	T	0.980064407299	G	0.00817870469764	107	123	160	19173	19563	116037
UNKNOWN	96	G	0.924551449164	A	0.0637427797373	1247	116	18087	113	19563	116037
UNKNOWN	97	G	0.655114246281	C	0.184940959975	2926	3618	12816	203	19563	116037
UNKNOWN	98	T	0.981649031335	G	0.0104278484895	45	110	204	19204	19563	116037
UNKNOWN	99	G	0.963451413382	A	0.0315391299903	617	25	18848	73	19563	116037
UNKNOWN	100	T	0.995910647651	C	0.00209579307877	21	41	18	19483	19563	116037
UNKNOWN	101	A	0.952767980371	T	0.0203956448397	18639	156	369	399	19563	116037
UNKNOWN	102	G	0.807902673414	A	0.1254408833	2454	989	15805	315	19563	116037
UNKNOWN	103	T	0.914788120431	G	0.0510146705516	334	335	998	17896	19563	116037
UNKNOWN	104	C	0.898890763175	T	0.0742728620355	66	17585	459	1453	19563	116037
UNKNOWN	105	T	0.995757296938	G	0.00219802688749	3	37	43	19480	19563	116037
UNKNOWN	106	G	0.999131012626	A	0.000357818330522	7	3	19546	7	19563	116037
UNKNOWN	107	G	0.998722077391	A	0.000613402852323	12	3	19538	10	19563	116037
UNKNOWN	108	G	0.972754689976	A	0.0176353320043	345	147	19030	41	19563	116037
UNKNOWN	109	T	0.99519501099	C	0.00419158615754	3	82	9	19469	19563	116037
UNKNOWN	110	C	0.995655063129	T	0.00250472831365	6	19478	30	49	19563	116037
UNKNOWN	111	C	0.998415375965	G	0.000920104278485	1	19532	18	12	19563	116037
UNKNOWN	112	G	0.998159791443	C	0.00122680570465	7	24	19527	5	19563	116037
UNKNOWN	113	C	0.991872412207	T	0.00592956090579	33	19404	10	116	19563	116037
UNKNOWN	114	C	0.998159791443	A	0.00132903951337	26	19527	4	6	19563	116037
UNKNOWN	115	A	0.992996984103	G	0.00613402852323	19426	12	120	5	19563	116037
UNKNOWN	116	G	0.99683075193	A	0.00184020855697	36	17	19501	9	19563	116037
UNKNOWN	117	G	0.970249961662	A	0.0255584521801	500	54	18981	28	19563	116037
UNKNOWN	118	C	0.991565710781	T	0.00480498900987	6	19398	65	94	19563	116037
UNKNOWN	119	T	0.994070439094	C	0.00434493687062	5	85	26	19447	19563	116037
UNKNOWN	120	C	0.997699739304	T	0.00102233808721	12	19518	13	20	19563	116037
UNKNOWN	121	C	0.99320145172	T	0.00454940448806	31	19430	13	89	19563	116037
UNKNOWN	122	A	0.987731942954	G	0.00792312017584	19323	78	155	7	19563	116037
UNKNOWN	123	G	0.994990543373	A	0.00357818330522	70	26	19465	2	19563	116037
UNKNOWN	124	G	0.996472933599	A	0.00311813116598	61	6	19494	2	19563	116037
UNKNOWN	125	G	0.988600930328	A	0.00940551040229	184	32	19340	7	19563	116037
UNKNOWN	126	A	0.997444154782	G	0.00204467617441	19513	9	40	1	19563	116037
UNKNOWN	127	A	0.993763737668	G	0.00557174257527	19441	12	109	1	19563	116037
UNKNOWN	128	G	0.997546388591	C	0.00148239022645	16	29	19515	3	19563	116037
UNKNOWN	129	G	0.97643510709	A	0.0167152277258	327	124	19102	10	19563	116037
UNKNOWN	130	C	0.997035219547	T	0.00148239022645	2	19505	27	29	19563	116037
UNKNOWN	131	G	0.986862955579	A	0.00976332873281	191	59	19306	7	19563	116037
UNKNOWN	132	C	0.993354802433	T	0.00388488473138	11	19433	43	76	19563	116037
UNKNOWN	133	T	0.992792516485	C	0.00393600163574	19	77	45	19422	19563	116037
UNKNOWN	134	G	0.982978070848	A	0.0130859275162	256	11	19230	66	19563	116037
UNKNOWN	135	G	0.995348361703	A	0.00357818330522	70	18	19472	3	19563	116037
UNKNOWN	136	A	0.994786075755	G	0.00403823544446	19461	16	79	7	19563	116037
UNKNOWN	137	G	0.975208301385	A	0.0195266574656	382	39	19078	64	19563	116037
UNKNOWN	138	T	0.996115115269	C	0.00189132546133	5	37	34	19487	19563	116037
UNKNOWN	139	G	0.99683075193	A	0.00189132546133	37	17	19501	8	19563	116037
UNKNOWN	140	G	0.967694116444	C	0.0291877523897	17	571	18931	44	19563	116037
UNKNOWN	141	C	0.978530900169	G	0.0171752798651	44	19143	336	40	19563	116037
UNKNOWN	142	T	0.995808413842	C	0.00265807902673	4	52	26	19481	19563	116037
UNKNOWN	143	C	0.982518018709	T	0.0137504472729	17	19221	56	269	19563	116037
UNKNOWN	144	G	0.992996984103	A	0.00644072994939	126	1	19426	10	19563	116037
UNKNOWN	145	G	0.991054541737	C	0.00541839186219	16	106	19388	53	19563	116037
UNKNOWN	146	T	0.964984920513	A	0.014619434647	286	214	185	18878	19563	116037
UNKNOWN	147	G	0.703317487093	A	0.268363747891	5250	234	13759	320	19563	116037
UNKNOWN	148	G	0.814087818842	A	0.0813269948372	1591	1272	15926	774	19563	116037
UNKNOWN	149	T	0.942697950212	G	0.0225936717272	271	408	442	18442	19563	116037
UNKNOWN	150	A	0.925164852017	G	0.0659919235291	18099	63	1291	110	19563	116037
UNKNOWN	151	T	0.981802382048	C	0.00960997801973	71	188	97	19207	19563	116037
UNKNOWN	152	A	0.969380974288	G	0.0145683177427	18964	145	285	169	19563	116037
UNKNOWN	153	T	0.931912283392	A	0.0445739406022	872	86	374	18231	19563	116037
UNKNOWN	154	G	0.982262434187	A	0.0127281091857	249	44	19216	54	19563	116037
UNKNOWN	155	C	0.918621888258	T	0.076470888923	69	17971	27	1496	19563	116037
UNKNOWN	156	A	0.904820324081	G	0.083576138629	17701	194	1635	33	19563	116037
UNKNOWN	157	G	0.844144558606	A	0.116444308133	2278	548	16514	223	19563	116037
UNKNOWN	158	T	0.966774012166	G	0.0176353320043	136	169	345	18913	19563	116037
UNKNOWN	159	G	0.796656954455	A	0.181720595001	3555	313	15585	110	19563	116037
UNKNOWN	160	G	0.736645708736	A	0.167254511067	3272	1710	14411	170	19563	116037
UNKNOWN	161	T	0.962735776721	C	0.0140060317947	253	274	202	18834	19563	116037
UNKNOWN	162	G	0.984204876553	A	0.0136993303686	268	20	19254	21	19563	116037
UNKNOWN	163	G	0.973879261872	A	0.0170730460563	334	157	19052	20	19563	116037
UNKNOWN	164	A	0.965598323366	G	0.0209579307877	18890	114	410	149	19563	116037
UNKNOWN	165	A	0.936870623115	G	0.0527526452998	18328	169	1032	34	19563	116037
UNKNOWN	166	G	0.863057813219	C	0.0741195113224	803	1450	16884	426	19563	116037
UNKNOWN	167	C	0.874814701222	T	0.0584266216838	344	17114	962	1143	19563	116037
UNKNOWN	168	A	0.986454020345	G	0.00838317231508	19298	82	164	19	19563	116037
UNKNOWN	169	C	0.971783468793	T	0.0132392782293	92	19011	201	259	19563	116037
UNKNOWN	170	A	0.98558503297	G	0.00613402852323	19281	117	120	45	19563	116037
UNKNOWN	171	A	0.906200480499	G	0.076470888923	17728	106	1496	233	19563	116037
UNKNOWN	172	G	0.740070541328	A	0.198282472013	3879	867	14478	339	19563	116037
UNKNOWN	173	C	0.869345192455	G	0.0879210754997	242	17007	1720	594	19563	116037
UNKNOWN	174	T	0.977968614221	C	0.0119102387159	65	233	133	19132	19563	116037
UNKNOWN	175	T	0.932679036958	A	0.053059346726	1038	125	154	18246	19563	116037
UNKNOWN	176	T	0.947298471605	A	0.0196288912743	384	302	345	18532	19563	116037
UNKNOWN	177	A	0.982875837039	C	0.0114501865767	19228	224	79	32	19563	116037
UNKNOWN	178	A	0.950672187292	C	0.0427848489495	18598	837	125	3	19563	116037
UNKNOWN	179	C	0.9109032357	T	0.075346317027	89	17820	180	1474	19563	116037
UNKNOWN	180	C	0.959924346982	T	0.0216224505444	49	18779	312	423	19563	116037
UNKNOWN	181	C	0.98640290344	T	0.00802535398456	40	19297	69	157	19563	116037
UNKNOWN	182	A	0.968051934775	G	0.022849256249	18938	144	447	34	19563	116037
UNKNOWN	183	G	0.977968614221	A	0.0118080049072	231	130	19132	70	19563	116037
UNKNOWN	184	C	0.976026171855	T	0.0130348106119	72	19094	142	255	19563	116037
UNKNOWN	185	C	0.992127996729	T	0.00480498900987	32	19409	28	94	19563	116037
UNKNOWN	186	C	0.989878852937	T	0.00674743137556	27	19365	39	132	19563	116037
UNKNOWN	187	T	0.993610386955	A	0.00245361140929	48	36	41	19438	19563	116037
UNKNOWN	188	G	0.972959157593	A	0.0212135153095	415	37	19034	77	19563	116037
UNKNOWN	189	A	0.985022747022	G	0.00792312017584	19270	88	155	50	19563	116037
UNKNOWN	190	A	0.988958748658	C	0.00526504114911	19347	103	55	58	19563	116037
UNKNOWN	191	A	0.987323007719	C	0.00480498900987	19315	94	89	65	19563	116037
UNKNOWN	192	T	0.988089761284	C	0.00756530184532	31	148	54	19330	19563	116037
UNKNOWN	193	C	0.99437714052	T	0.00337371568778	9	19453	35	66	19563	116037
UNKNOWN	194	C	0.978377549456	T	0.0148239022645	20	19140	113	290	19563	116037
UNKNOWN	195	C	0.996984102643	G	0.00189132546133	11	19504	37	11	19563	116037
UNKNOWN	196	G	0.994786075755	T	0.00270919593109	36	13	19461	53	19563	116037
UNKNOWN	197	G	0.886929407555	A	0.0911925573787	1784	244	17351	184	19563	116037
UNKNOWN	198	C	0.987016306292	T	0.00761641874968	74	19309	31	149	19563	116037
UNKNOWN	199	T	0.990747840311	C	0.00429381996626	24	84	73	19382	19563	116037
UNKNOWN	200	C	0.987680826049	T	0.00557174257527	90	19322	42	109	19563	116037
UNKNOWN	201	A	0.991412360067	G	0.00577621019271	19395	52	113	3	19563	116037
UNKNOWN	202	G	0.956908449624	C	0.0299033890508	108	585	18720	150	19563	116037
UNKNOWN	203	C	0.941828962838	T	0.0452895772632	131	18425	121	886	19563	116037
UNKNOWN	204	A	0.982824720135	G	0.0105811992026	19227	52	207	77	19563	116037
UNKNOWN	205	T	0.989112099371	C	0.00782088636712	23	153	37	19350	19563	116037
UNKNOWN	206	C	0.990441138885	T	0.00608291161887	52	19376	16	119	19563	116037
UNKNOWN	207	A	0.986965189388	G	0.00761641874968	19308	67	149	39	19563	116037
UNKNOWN	208	C	0.975975054951	T	0.00996779635025	110	19093	165	195	19563	116037
UNKNOWN	209	C	0.945151561621	G	0.025967387415	114	18490	508	451	19563	116037
UNKNOWN	210	A	0.981188979195	C	0.00925215968921	19195	181	175	12	19563	116037
UNKNOWN	211	A	0.986300669631	G	0.0102233808721	19295	51	200	17	19563	116037
UNKNOWN	212	G	0.970301078567	A	0.0163062924909	319	249	18982	13	19563	116037
UNKNOWN	213	G	0.981086745387	C	0.00950774421101	164	186	19193	20	19563	116037
UNKNOWN	214	A	0.991310126259	C	0.00460052139242	19393	90	44	36	19563	116037
UNKNOWN	215	C	0.978121964934	T	0.013188161325	50	19135	120	258	19563	116037
UNKNOWN	216	A	0.98722077391	G	0.0066963144712	19313	69	131	50	19563	116037
UNKNOWN	217	A	0.981904615856	C	0.00863875683689	19209	169	106	79	19563	116037
UNKNOWN	218	C	0.975361652098	T	0.0171752798651	14	19081	132	336	19563	116037
UNKNOWN	219	T	0.984102642744	A	0.00684966518428	134	94	83	19252	19563	116037
UNKNOWN	220	C	0.990543372693	T	0.0044982875837	86	19378	11	88	19563	116037
UNKNOWN	221	C	0.984000408935	T	0.00981444563717	69	19250	52	192	19563	116037
UNKNOWN	222	A	0.978377549456	C	0.0134948627511	19140	264	149	10	19563	116037
UNKNOWN	223	A	0.983029187752	G	0.0145683177427	19231	26	285	21	19563	116037
UNKNOWN	224	G	0.988958748658	A	0.00526504114911	103	88	19347	25	19563	116037
UNKNOWN	225	A	0.98558503297	G	0.00843428921944	19281	98	165	19	19563	116037
UNKNOWN	226	G	0.961969023156	A	0.0294944538159	577	137	18819	30	19563	116037
UNKNOWN	227	C	0.958595307468	T	0.0222869703011	81	18753	293	436	19563	116037
UNKNOWN	228	C	0.990185554363	G	0.00536727495783	81	19371	105	6	19563	116037
UNKNOWN	229	A	0.98803864438	G	0.00567397638399	19329	52	111	71	19563	116037
UNKNOWN	230	A	0.976997393038	G	0.0179931503348	19113	83	352	15	19563	116037
UNKNOWN	231	G	0.970403312375	A	0.017737565813	347	69	18984	163	19563	116037
UNKNOWN	232	T	0.991361243163	C	0.00684966518428	9	134	26	19394	19563	116037
UNKNOWN	233	C	0.955272708685	G	0.0223380872054	34	18688	437	404	19563	116037
UNKNOWN	234	T	0.986811838675	C	0.00736083422788	49	144	65	19305	19563	116037
UNKNOWN	235	C	0.983540356796	T	0.0108367837244	105	19241	5	212	19563	116037
UNKNOWN	236	T	0.968358636201	C	0.017737565813	61	347	211	18944	19563	116037
UNKNOWN	237	C	0.989827736032	T	0.00756530184532	32	19364	19	148	19563	116037
UNKNOWN	238	T	0.992536931963	C	0.00388488473138	13	76	57	19417	19563	116037
UNKNOWN	239	G	0.949138680162	A	0.0390533149312	764	148	18568	83	19563	116037
UNKNOWN	240	T	0.978326432551	G	0.0117568880029	109	85	230	19139	19563	116037
UNKNOWN	241	C	0.97924653683	T	0.017021929152	48	19157	25	333	19563	116037
UNKNOWN	242	A	0.97479936615	G	0.0159484741604	19070	134	312	47	19563	116037
UNKNOWN	243	G	0.85135204212	A	0.0833716710116	1631	1152	16655	125	19563	116037
UNKNOWN	244	T	0.983898175127	C	0.00991667944589	19	194	102	19248	19563	116037
UNKNOWN	245	G	0.961560087921	A	0.0300567397638	588	101	18811	63	19563	116037
UNKNOWN	246	A	0.970710013802	G	0.0219802688749	18990	121	430	22	19563	116037
UNKNOWN	247	G	0.903491284568	A	0.065122936155	1274	453	17675	161	19563	116037
UNKNOWN	248	C	0.965802790983	T	0.0254562183714	82	18894	89	498	19563	116037
UNKNOWN	249	A	0.977559678986	G	0.0157951234473	19124	120	309	10	19563	116037
UNKNOWN	250	G	0.965700557174	A	0.0194755405613	381	168	18892	122	19563	116037
UNKNOWN	251	C	0.984818279405	T	0.00935439349793	25	19266	89	183	19563	116037
UNKNOWN	252	G	0.982824720135	A	0.0124214077595	243	36	19227	57	19563	116037
UNKNOWN	253	T	0.990236671267	C	0.00613402852323	13	120	58	19372	19563	116037
UNKNOWN	254	G	0.955426059398	A	0.0339416244952	664	93	18691	115	19563	116037
UNKNOWN	255	A	0.982518018709	G	0.00838317231508	19221	109	164	69	19563	116037
UNKNOWN	256	C	0.98839646271	T	0.00572509328835	70	19336	45	112	19563	116037
UNKNOWN	257	A	0.973572560446	G	0.0143638501252	19046	161	281	75	19563	116037
UNKNOWN	258	C	0.934774830036	A	0.0495322803251	969	18287	189	118	19563	116037
UNKNOWN	259	C	0.982926953944	T	0.00914992588049	96	19229	59	179	19563	116037
UNKNOWN	260	T	0.942749067116	C	0.0408424065839	46	799	275	18443	19563	116037
UNKNOWN	261	G	0.989418800797	A	0.00833205541072	163	13	19356	31	19563	116037
UNKNOWN	262	A	0.984818279405	G	0.00996779635025	19266	90	195	12	19563	116037
UNKNOWN	263	G	0.956090579155	A	0.0221847364924	434	345	18704	80	19563	116037
UNKNOWN	264	G	0.989623268415	A	0.00751418494096	147	11	19360	45	19563	116037
UNKNOWN	265	A	0.987680826049	C	0.00710524970608	19322	139	70	32	19563	116037
UNKNOWN	266	C	0.980933394674	T	0.00761641874968	147	19190	77	149	19563	116037
UNKNOWN	267	A	0.975106067577	G	0.0124725246639	19076	47	244	196	19563	116037
UNKNOWN	268	C	0.991565710781	A	0.0029647804529	58	19398	54	53	19563	116037
UNKNOWN	269	G	0.936308337167	A	0.0573020497879	1121	83	18317	42	19563	116037
UNKNOWN	270	G	0.988856514849	A	0.00536727495783	105	46	19345	67	19563	116037
UNKNOWN	271	C	0.990798957215	G	0.00419158615754	76	19383	82	22	19563	116037
UNKNOWN	272	C	0.99003220365	A	0.00628737923631	123	19368	26	46	19563	116037
UNKNOWN	273	A	0.989163216276	G	0.00500945662731	19351	49	98	65	19563	116037
UNKNOWN	274	C	0.981393446813	A	0.00817870469764	160	19199	73	131	19563	116037
UNKNOWN	275	A	0.975310535194	G	0.0117568880029	19080	157	230	96	19563	116037
UNKNOWN	276	T	0.990747840311	G	0.00388488473138	58	47	76	19382	19563	116037
UNKNOWN	277	A	0.991514593876	C	0.00465163829678	19397	91	43	32	19563	116037
UNKNOWN	278	C	0.950109901344	T	0.0464652660635	48	18587	19	909	19563	116037
UNKNOWN	279	T	0.983182538465	G	0.00674743137556	91	106	132	19234	19563	116037
UNKNOWN	280	A	0.972856923785	C	0.0125747584726	19032	246	113	172	19563	116037
UNKNOWN	281	C	0.968563103818	T	0.0286254664418	30	18948	25	560	19563	116037
UNKNOWN	282	T	0.985176097736	G	0.0111434851505	41	31	218	19273	19563	116037
