Type	Position	Nucl1	Freq1	Nucl2	Freq2	NumAs	NumCs	NumGs	NumTs	NumAligned	NumNaive
UNKNOWN	0	C	1.0	A	0.0	0	23358	0	0	23358	163180
UNKNOWN	1	A	1.0	C	0.0	23358	0	0	0	23358	163180
UNKNOWN	2	G	1.0	A	0.0	0	0	23358	0	23358	163180
UNKNOWN	3	G	1.0	A	0.0	0	0	23358	0	23358	163180
UNKNOWN	4	T	1.0	A	0.0	0	0	0	23358	23358	163180
UNKNOWN	5	G	1.0	A	0.0	0	0	23358	0	23358	163180
UNKNOWN	6	C	1.0	A	0.0	0	23358	0	0	23358	163180
UNKNOWN	7	A	0.997559722579	G	0.00136998030653	23301	4	32	21	23358	163180
UNKNOWN	8	G	0.99233667266	A	0.00625053514856	146	30	23179	3	23358	163180
UNKNOWN	9	C	0.997003168079	T	0.00166966349859	3	23288	28	39	23358	163180
UNKNOWN	10	T	0.999400633616	C	0.00051374261495	0	12	2	23344	23358	163180
UNKNOWN	11	G	0.998929702886	A	0.0010274852299	24	1	23333	0	23358	163180
UNKNOWN	12	C	0.999400633616	T	0.000428118845792	0	23344	4	10	23358	163180
UNKNOWN	13	G	0.998415960271	A	0.00141279219111	33	2	23321	2	23358	163180
UNKNOWN	14	G	0.568927134172	C	0.429231954791	23	10026	13289	20	23358	163180
UNKNOWN	15	G	0.99952906927	A	0.000342495076633	8	3	23347	0	23358	163180
UNKNOWN	16	A	0.998159088963	G	0.00171247538317	23315	1	40	2	23358	163180
UNKNOWN	17	G	0.995718811542	A	0.0041099409196	96	4	23258	0	23358	163180
UNKNOWN	18	T	0.998758455347	C	0.000856237691583	3	20	6	23329	23358	163180
UNKNOWN	19	C	0.999400633616	T	0.000256871307475	4	23344	4	6	23358	163180
UNKNOWN	20	G	0.998929702886	A	0.000727802037846	17	2	23333	6	23358	163180
UNKNOWN	21	G	0.999486257385	A	0.000214059422896	5	3	23346	4	23358	163180
UNKNOWN	22	G	0.999400633616	A	0.000428118845792	10	2	23344	2	23358	163180
UNKNOWN	23	C	0.999186574193	T	0.000642178268687	3	23339	1	15	23358	163180
UNKNOWN	24	C	0.999657504923	T	0.000171247538317	3	23350	1	4	23358	163180
UNKNOWN	25	C	0.999614693039	T	0.000256871307475	1	23349	2	6	23358	163180
UNKNOWN	26	C	0.99952906927	A	0.000256871307475	6	23347	0	5	23358	163180
UNKNOWN	27	A	0.99794502954	G	0.00166966349859	23310	7	39	2	23358	163180
UNKNOWN	28	G	0.994134771813	A	0.00488055484202	114	13	23221	10	23358	163180
UNKNOWN	29	C	0.998458772155	T	0.00141279219111	2	23322	1	33	23358	163180
UNKNOWN	30	C	0.999058138539	T	0.000813425807004	2	23336	1	19	23358	163180
UNKNOWN	31	T	0.998415960271	C	0.00128435653737	4	30	3	23321	23358	163180
UNKNOWN	32	G	0.995119445158	A	0.0041099409196	96	7	23244	11	23358	163180
UNKNOWN	33	G	0.996831920541	A	0.00239746553643	56	8	23284	10	23358	163180
UNKNOWN	34	T	0.998116277079	C	0.00145560407569	0	34	10	23314	23358	163180
UNKNOWN	35	G	0.996318177926	A	0.00244027742101	57	2	23272	27	23358	163180
UNKNOWN	36	A	0.998330336501	G	0.000984673345321	23319	12	23	4	23358	163180
UNKNOWN	37	A	0.997217227502	G	0.00192653480606	23293	15	45	5	23358	163180
UNKNOWN	38	G	0.998587207809	A	0.00111310899906	26	6	23325	1	23358	163180
UNKNOWN	39	C	0.998672831578	T	0.0010274852299	3	23327	4	24	23358	163180
UNKNOWN	40	C	0.999785940577	A	0.000128435653737	3	23353	0	2	23358	163180
UNKNOWN	41	C	0.996104118503	G	0.0030824556897	2	23267	72	17	23358	163180
UNKNOWN	42	T	0.997559722579	C	0.00188372292148	2	44	11	23301	23358	163180
UNKNOWN	43	C	0.998672831578	A	0.000856237691583	20	23327	1	10	23358	163180
UNKNOWN	44	A	0.996232554157	C	0.00158403972943	23270	37	33	18	23358	163180
UNKNOWN	45	C	0.998886891001	A	0.000727802037846	17	23332	5	4	23358	163180
UNKNOWN	46	A	0.998458772155	G	0.00111310899906	23322	8	26	2	23358	163180
UNKNOWN	47	G	0.996575049234	A	0.00312526757428	73	3	23278	4	23358	163180
UNKNOWN	48	A	0.997730970117	G	0.00149841596027	23305	10	35	8	23358	163180
UNKNOWN	49	C	0.998886891001	T	0.00051374261495	8	23332	6	12	23358	163180
UNKNOWN	50	C	0.997730970117	T	0.00132716842195	7	23305	15	31	23358	163180
UNKNOWN	51	C	0.998587207809	T	0.000813425807004	12	23325	2	19	23358	163180
UNKNOWN	52	T	0.997602534464	C	0.0022690298827	1	53	2	23302	23358	163180
UNKNOWN	53	C	0.994177583697	G	0.00423837657334	4	23222	99	33	23358	163180
UNKNOWN	54	T	0.997131603733	C	0.00248308930559	5	58	4	23291	23358	163180
UNKNOWN	55	C	0.998715643463	T	0.000727802037846	11	23328	2	17	23358	163180
UNKNOWN	56	C	0.997345663156	T	0.00149841596027	10	23296	17	35	23358	163180
UNKNOWN	57	C	0.99794502954	G	0.00132716842195	4	23310	31	13	23358	163180
UNKNOWN	58	T	0.997602534464	C	0.00214059422896	3	50	3	23302	23358	163180
UNKNOWN	59	C	0.99897251477	A	0.000642178268687	15	23334	1	8	23358	163180
UNKNOWN	60	A	0.996960356195	G	0.00166966349859	23287	22	39	10	23358	163180
UNKNOWN	61	C	0.998244712732	T	0.00119873276822	5	23317	8	28	23358	163180
UNKNOWN	62	C	0.996403801695	T	0.00261152495933	5	23274	18	61	23358	163180
UNKNOWN	63	T	0.998287524617	C	0.00119873276822	1	28	11	23318	23358	163180
UNKNOWN	64	G	0.99897251477	C	0.000556554499529	11	13	23334	0	23358	163180
UNKNOWN	65	C	0.996831920541	T	0.00252590119017	13	23284	2	59	23358	163180
UNKNOWN	66	A	0.994434455005	G	0.00346776265091	23228	36	81	13	23358	163180
UNKNOWN	67	C	0.997559722579	T	0.00179809915232	5	23301	10	42	23358	163180
UNKNOWN	68	G	0.993278534121	A	0.00552273311071	129	23	23201	5	23358	163180
UNKNOWN	69	G	0.984245226475	A	0.0128435653737	300	54	22990	14	23358	163180
UNKNOWN	70	T	0.994220395582	C	0.00466649541913	1	109	25	23223	23358	163180
UNKNOWN	71	C	0.990624197277	G	0.00590804007192	3	23139	138	78	23358	163180
UNKNOWN	72	T	0.997045979964	C	0.00209778234438	9	49	11	23289	23358	163180
UNKNOWN	73	C	0.998886891001	T	0.000813425807004	6	23332	1	19	23358	163180
UNKNOWN	74	T	0.996617861118	C	0.00166966349859	5	39	35	23279	23358	163180
UNKNOWN	75	G	0.996275366042	A	0.0030824556897	72	11	23271	4	23358	163180
UNKNOWN	76	G	0.993578217313	A	0.00518023803408	121	24	23208	5	23358	163180
UNKNOWN	77	A	0.99644661358	C	0.00179809915232	23275	42	14	27	23358	163180
UNKNOWN	78	T	0.874475554414	C	0.0750492336673	23	1753	1156	20426	23358	163180
UNKNOWN	79	T	0.865270999229	G	0.0955561263807	437	478	2232	20211	23358	163180
UNKNOWN	80	C	0.993835088621	T	0.00273996061307	22	23214	58	64	23358	163180
UNKNOWN	81	T	0.993663841082	C	0.00453805976539	12	106	30	23210	23358	163180
UNKNOWN	82	C	0.995847247196	T	0.00235465365185	34	23261	8	55	23358	163180
UNKNOWN	83	A	0.993621029198	G	0.00282558438222	23209	30	66	53	23358	163180
UNKNOWN	84	T	0.770913605617	C	0.225832691155	21	5275	55	18007	23358	163180
UNKNOWN	85	T	0.996018494734	C	0.00261152495933	9	61	23	23265	23358	163180
UNKNOWN	86	G	0.988654850587	A	0.0101892285298	238	14	23093	13	23358	163180
UNKNOWN	87	A	0.994520078774	G	0.00372463395839	23230	25	87	16	23358	163180
UNKNOWN	88	G	0.97101635414	A	0.0197790906756	462	195	22681	20	23358	163180
UNKNOWN	89	C	0.9816765134	T	0.0121157633359	82	22930	63	283	23358	163180
UNKNOWN	90	A	0.991351999315	G	0.00680708964809	23156	34	159	9	23358	163180
UNKNOWN	91	G	0.936638410823	A	0.0461512115763	1078	284	21878	118	23358	163180
UNKNOWN	92	C	0.964637383338	T	0.0224334275195	95	22532	207	524	23358	163180
UNKNOWN	93	T	0.9725147701	A	0.0128007534892	299	88	255	22716	23358	163180
UNKNOWN	94	A	0.980691840055	G	0.0069783371864	22907	152	163	136	23358	163180
UNKNOWN	95	T	0.994348831236	C	0.00359619830465	4	84	44	23226	23358	163180
UNKNOWN	96	G	0.921525815566	A	0.0529154893398	1236	237	21525	360	23358	163180
UNKNOWN	97	C	0.922767360219	G	0.0369038445072	501	21554	862	441	23358	163180
UNKNOWN	98	T	0.994605702543	C	0.00256871307475	19	60	47	23232	23358	163180
UNKNOWN	99	G	0.972343522562	A	0.0252162000171	589	14	22712	43	23358	163180
UNKNOWN	100	T	0.992422296429	C	0.00646459457145	17	151	9	23181	23358	163180
UNKNOWN	101	A	0.965279561606	G	0.0224334275195	22547	166	524	121	23358	163180
UNKNOWN	102	A	0.708451066016	G	0.280075348917	16548	142	6542	126	23358	163180
UNKNOWN	103	G	0.746639267061	A	0.182250192653	4257	1267	17440	394	23358	163180
UNKNOWN	104	C	0.980135285555	T	0.0164397636784	34	22894	46	384	23358	163180
UNKNOWN	105	T	0.998373148386	G	0.0010274852299	0	14	24	23320	23358	163180
UNKNOWN	106	G	0.999315009847	A	0.000385306961212	9	3	23342	4	23358	163180
UNKNOWN	107	G	0.999743128693	A	0.000128435653737	3	1	23352	2	23358	163180
UNKNOWN	108	G	0.983046493707	A	0.0122013871051	285	52	22962	59	23358	163180
UNKNOWN	109	T	0.997902217656	C	0.0018409110369	1	43	5	23309	23358	163180
UNKNOWN	110	C	0.997987841425	T	0.00111310899906	12	23311	9	26	23358	163180
UNKNOWN	111	C	0.998715643463	G	0.000684990153267	2	23328	16	12	23358	163180
UNKNOWN	112	G	0.998672831578	C	0.000770613922425	13	18	23327	0	23358	163180
UNKNOWN	113	C	0.996018494734	T	0.00265433684391	19	23265	12	62	23358	163180
UNKNOWN	114	C	0.998630019693	A	0.000813425807004	19	23326	4	9	23358	163180
UNKNOWN	115	A	0.994220395582	G	0.0049233667266	23223	17	115	3	23358	163180
UNKNOWN	116	G	0.998159088963	A	0.000770613922425	18	12	23315	13	23358	163180
UNKNOWN	117	G	0.977352513058	A	0.0185375460228	433	64	22829	32	23358	163180
UNKNOWN	118	C	0.993406969775	T	0.00556554499529	8	23204	16	130	23358	163180
UNKNOWN	119	T	0.996360989811	C	0.00303964380512	1	71	13	23273	23358	163180
UNKNOWN	120	C	0.998201900848	T	0.000899049576162	11	23316	10	21	23358	163180
UNKNOWN	121	C	0.998287524617	A	0.00128435653737	30	23318	2	8	23358	163180
UNKNOWN	122	A	0.989982019008	G	0.00920455518452	23124	15	215	4	23358	163180
UNKNOWN	123	G	0.998715643463	A	0.000856237691583	20	10	23328	0	23358	163180
UNKNOWN	124	G	0.997859405771	A	0.0018409110369	43	4	23308	3	23358	163180
UNKNOWN	125	G	0.983603048206	A	0.00988954533779	231	150	22975	2	23358	163180
UNKNOWN	126	A	0.995247880812	G	0.00419556468876	23247	12	98	1	23358	163180
UNKNOWN	127	A	0.991437623084	G	0.00762051545509	23158	16	178	6	23358	163180
UNKNOWN	128	G	0.997217227502	C	0.00119873276822	27	28	23293	10	23358	163180
UNKNOWN	129	G	0.987199246511	A	0.00971829779947	227	56	23059	16	23358	163180
UNKNOWN	130	C	0.996789108657	G	0.00179809915232	6	23283	42	27	23358	163180
UNKNOWN	131	G	0.989982019008	A	0.00620772326398	145	49	23124	40	23358	163180
UNKNOWN	132	C	0.995590375888	T	0.00351057453549	15	23255	6	82	23358	163180
UNKNOWN	133	T	0.989553900163	C	0.00625053514856	4	146	94	23114	23358	163180
UNKNOWN	134	G	0.983945543283	A	0.0101036047607	236	26	22983	113	23358	163180
UNKNOWN	135	G	0.996146930388	A	0.0028683962668	67	18	23268	5	23358	163180
UNKNOWN	136	A	0.990024830893	G	0.00851956503125	23125	22	199	12	23358	163180
UNKNOWN	137	G	0.97867968148	A	0.0180666152924	422	34	22860	42	23358	163180
UNKNOWN	138	T	0.995461940235	G	0.00214059422896	29	27	50	23252	23358	163180
UNKNOWN	139	G	0.990538573508	A	0.00659303022519	154	28	23137	39	23358	163180
UNKNOWN	140	C	0.515626337871	G	0.461940234609	24	12044	10790	500	23358	163180
UNKNOWN	141	C	0.768259268773	G	0.220224334275	227	17945	5144	42	23358	163180
UNKNOWN	142	T	0.998073465194	C	0.00145560407569	4	34	7	23313	23358	163180
UNKNOWN	143	C	0.762608100009	T	0.230327939036	44	17813	121	5380	23358	163180
UNKNOWN	144	G	0.993535405429	A	0.00543710934155	127	1	23207	23	23358	163180
UNKNOWN	145	G	0.995290692696	C	0.00321089134344	6	75	23248	29	23358	163180
UNKNOWN	146	T	0.98878328624	G	0.00569398064903	47	82	133	23096	23358	163180
UNKNOWN	147	G	0.882310129292	A	0.0968832948026	2263	199	20609	287	23358	163180
UNKNOWN	148	G	0.884108228444	A	0.06815652025	1592	650	20651	465	23358	163180
UNKNOWN	149	T	0.956631560921	G	0.0173388132546	266	342	405	22345	23358	163180
UNKNOWN	150	A	0.930131004367	G	0.0636612723692	21726	39	1487	106	23358	163180
UNKNOWN	151	T	0.990538573508	C	0.00560835687987	36	131	54	23137	23358	163180
UNKNOWN	152	A	0.940577104204	G	0.0343351314325	21970	210	802	376	23358	163180
UNKNOWN	153	A	0.912406884151	G	0.0726945800154	21312	171	1698	177	23358	163180
UNKNOWN	154	G	0.854653651854	A	0.106087849987	2478	719	19963	198	23358	163180
UNKNOWN	155	C	0.887019436596	T	0.0690983817108	570	20719	455	1614	23358	163180
UNKNOWN	156	A	0.907355081771	G	0.0812569569312	21194	205	1898	61	23358	163180
UNKNOWN	157	G	0.925892627793	A	0.038958814967	910	492	21627	329	23358	163180
UNKNOWN	158	T	0.965579244798	G	0.0145560407569	263	201	340	22554	23358	163180
UNKNOWN	159	G	0.865827553729	A	0.103005394297	2406	582	20224	146	23358	163180
UNKNOWN	160	G	0.893355595513	A	0.0684133915575	1598	547	20867	346	23358	163180
UNKNOWN	161	T	0.981462453977	G	0.00783457487799	88	162	183	22925	23358	163180
UNKNOWN	162	G	0.987327682165	A	0.011602020721	271	16	23062	9	23358	163180
UNKNOWN	163	G	0.984930216628	A	0.0101464166453	237	66	23006	49	23358	163180
UNKNOWN	164	A	0.977181265519	G	0.0163113280247	22825	93	381	59	23358	163180
UNKNOWN	165	A	0.948839797928	G	0.0400719239661	22163	106	936	153	23358	163180
UNKNOWN	166	G	0.765647743814	A	0.145688843223	3403	1123	17884	948	23358	163180
UNKNOWN	167	C	0.904743556811	T	0.0417415874647	534	21133	716	975	23358	163180
UNKNOWN	168	A	0.978294374518	G	0.0144704169878	22851	118	338	51	23358	163180
UNKNOWN	169	C	0.96849045295	T	0.0230327939036	124	22622	74	538	23358	163180
UNKNOWN	170	A	0.97504067129	G	0.0161400804863	22775	96	377	110	23358	163180
UNKNOWN	171	G	0.458129976882	T	0.436638410823	1875	583	10701	10199	23358	163180
UNKNOWN	172	A	0.658147101635	G	0.280717527186	15373	594	6557	834	23358	163180
UNKNOWN	173	C	0.963138967377	T	0.0176384964466	107	22497	342	412	23358	163180
UNKNOWN	174	T	0.991437623084	C	0.00415275280418	52	97	51	23158	23358	163180
UNKNOWN	175	A	0.986043325627	T	0.00813425807004	23032	84	52	190	23358	163180
UNKNOWN	176	T	0.985529583012	C	0.0105745354911	68	247	23	23020	23358	163180
UNKNOWN	177	A	0.990110454662	C	0.00505180238034	23127	118	81	32	23358	163180
UNKNOWN	178	A	0.990966692354	G	0.00436681222707	23147	93	102	16	23358	163180
UNKNOWN	179	C	0.929060707252	T	0.061948796986	53	21701	157	1447	23358	163180
UNKNOWN	180	C	0.95671718469	T	0.0285555270143	115	22347	229	667	23358	163180
UNKNOWN	181	C	0.986771127665	T	0.0061649113794	91	23049	74	144	23358	163180
UNKNOWN	182	A	0.99036732597	G	0.00629334703314	23133	66	147	12	23358	163180
UNKNOWN	183	G	0.979279047864	A	0.0131860604504	308	92	22874	84	23358	163180
UNKNOWN	184	C	0.984844592859	T	0.00971829779947	28	23004	99	227	23358	163180
UNKNOWN	185	C	0.997131603733	T	0.00166966349859	13	23291	15	39	23358	163180
UNKNOWN	186	C	0.99589005908	T	0.00316807945886	12	23262	10	74	23358	163180
UNKNOWN	187	T	0.994648514428	A	0.00252590119017	59	33	33	23233	23358	163180
UNKNOWN	188	G	0.978765305249	A	0.0181522390616	424	16	22862	56	23358	163180
UNKNOWN	189	A	0.994862573851	G	0.00325370322802	23238	35	76	9	23358	163180
UNKNOWN	190	A	0.991095128008	C	0.00483774295744	23150	113	45	50	23358	163180
UNKNOWN	191	A	0.990495761623	G	0.00402431715044	23136	74	94	54	23358	163180
UNKNOWN	192	T	0.993663841082	C	0.00406712903502	29	95	24	23210	23358	163180
UNKNOWN	193	C	0.997645346348	T	0.00162685161401	9	23303	8	38	23358	163180
UNKNOWN	194	C	0.993492593544	T	0.00470930730371	19	23206	23	110	23358	163180
UNKNOWN	195	C	0.997174415618	G	0.00179809915232	10	23292	42	14	23358	163180
UNKNOWN	196	G	0.997174415618	A	0.00119873276822	28	27	23292	11	23358	163180
UNKNOWN	197	G	0.945157975854	A	0.0417843993493	976	172	22077	133	23358	163180
UNKNOWN	198	C	0.992079801353	T	0.00363901018923	49	23173	51	85	23358	163180
UNKNOWN	199	T	0.995290692696	C	0.00303964380512	16	71	23	23248	23358	163180
UNKNOWN	200	C	0.994991009504	A	0.00214059422896	50	23241	19	48	23358	163180
UNKNOWN	201	A	0.992293860776	G	0.00637897080229	23178	27	149	4	23358	163180
UNKNOWN	202	G	0.976325027828	C	0.0184947341382	79	432	22805	42	23358	163180
UNKNOWN	203	C	0.969303878757	T	0.0222193680966	107	22641	91	519	23358	163180
UNKNOWN	204	A	0.988483603048	G	0.00637897080229	23089	40	149	80	23358	163180
UNKNOWN	205	T	0.995847247196	C	0.00325370322802	9	76	12	23261	23358	163180
UNKNOWN	206	C	0.992079801353	T	0.00440962411165	63	23173	19	103	23358	163180
UNKNOWN	207	A	0.984330850244	G	0.0120729514513	22992	57	282	27	23358	163180
UNKNOWN	208	C	0.989682335816	G	0.00475211918829	45	23117	111	85	23358	163180
UNKNOWN	209	C	0.961726175186	T	0.026243685247	124	22464	157	613	23358	163180
UNKNOWN	210	A	0.995932870965	G	0.00252590119017	23263	30	59	6	23358	163180
UNKNOWN	211	A	0.990624197277	G	0.00744926791677	23139	29	174	16	23358	163180
UNKNOWN	212	G	0.986557068242	A	0.0114735850672	268	34	23044	12	23358	163180
UNKNOWN	213	G	0.99186574193	A	0.00539429745697	126	47	23168	17	23358	163180
UNKNOWN	214	A	0.993406969775	C	0.00423837657334	23204	99	38	17	23358	163180
UNKNOWN	215	C	0.987242058395	T	0.00702114907098	79	23060	55	164	23358	163180
UNKNOWN	216	A	0.988740474356	G	0.00655021834061	23095	74	153	36	23358	163180
UNKNOWN	217	A	0.987027998973	G	0.00847675314667	23055	80	198	25	23358	163180
UNKNOWN	218	C	0.980392156863	T	0.0148129120644	22	22900	90	346	23358	163180
UNKNOWN	219	T	0.99336415789	C	0.00385306961212	35	90	30	23203	23358	163180
UNKNOWN	220	C	0.997003168079	A	0.00158403972943	37	23288	5	28	23358	163180
UNKNOWN	221	C	0.991822930045	A	0.00479493107287	112	23167	34	45	23358	163180
UNKNOWN	222	A	0.992807603391	G	0.00419556468876	23190	66	98	4	23358	163180
UNKNOWN	223	A	0.987627365357	G	0.0106601592602	23069	22	249	18	23358	163180
UNKNOWN	224	G	0.990752632931	A	0.00500899049576	117	85	23142	14	23358	163180
UNKNOWN	225	A	0.991523246853	G	0.00590804007192	23160	41	138	19	23358	163180
UNKNOWN	226	G	0.964123640723	A	0.0306104974741	715	113	22520	10	23358	163180
UNKNOWN	227	C	0.975297542598	T	0.0210634472129	35	22781	50	492	23358	163180
UNKNOWN	228	C	0.993449781659	A	0.00351057453549	82	23205	61	10	23358	163180
UNKNOWN	229	A	0.996104118503	G	0.00192653480606	23267	14	45	32	23358	163180
UNKNOWN	230	A	0.983217741245	G	0.0139994862574	22966	51	327	14	23358	163180
UNKNOWN	231	G	0.970331363987	A	0.0176813083312	413	100	22665	180	23358	163180
UNKNOWN	232	T	0.994177583697	C	0.00458087164997	5	107	24	23222	23358	163180
UNKNOWN	233	C	0.981505265862	T	0.0101892285298	22	22926	172	238	23358	163180
UNKNOWN	234	T	0.994477266889	C	0.00381025772755	14	89	26	23229	23358	163180
UNKNOWN	235	C	0.993621029198	T	0.00543710934155	20	23209	2	127	23358	163180
UNKNOWN	236	T	0.990452949739	C	0.00590804007192	30	138	55	23135	23358	163180
UNKNOWN	237	C	0.994049148043	T	0.00428118845792	19	23219	20	100	23358	163180
UNKNOWN	238	T	0.996360989811	G	0.00214059422896	8	27	50	23273	23358	163180
UNKNOWN	239	G	0.960313382995	A	0.0295830122442	691	90	22431	146	23358	163180
UNKNOWN	240	T	0.991437623084	C	0.00333932699717	62	78	60	23158	23358	163180
UNKNOWN	241	C	0.989211405086	T	0.00766332733967	66	23106	7	179	23358	163180
UNKNOWN	242	A	0.983603048206	G	0.0103604760682	22975	101	242	40	23358	163180
UNKNOWN	243	G	0.924094528641	C	0.0458943402689	544	1072	21585	157	23358	163180
UNKNOWN	244	T	0.994905385735	G	0.00248308930559	13	48	58	23239	23358	163180
UNKNOWN	245	G	0.97867968148	A	0.0158403972943	370	73	22860	55	23358	163180
UNKNOWN	246	A	0.987627365357	G	0.00946142649199	23069	58	221	10	23358	163180
UNKNOWN	247	G	0.933727202671	A	0.0443959243086	1037	408	21810	103	23358	163180
UNKNOWN	248	C	0.972643205754	T	0.0201643976368	107	22719	61	471	23358	163180
UNKNOWN	249	A	0.98933984074	G	0.00937580272284	23109	28	219	2	23358	163180
UNKNOWN	250	G	0.982275879784	A	0.0111310899906	260	133	22944	21	23358	163180
UNKNOWN	251	C	0.990067642778	T	0.00646459457145	19	23126	62	151	23358	163180
UNKNOWN	252	G	0.988997345663	A	0.00766332733967	179	24	23101	54	23358	163180
UNKNOWN	253	T	0.991480434969	C	0.00560835687987	9	131	59	23159	23358	163180
UNKNOWN	254	G	0.975169106944	A	0.0183662984845	429	54	22778	97	23358	163180
UNKNOWN	255	A	0.989596712047	G	0.00706396095556	23115	58	165	20	23358	163180
UNKNOWN	256	C	0.991608870622	T	0.00402431715044	67	23162	35	94	23358	163180
UNKNOWN	257	A	0.979450295402	G	0.0139566743728	22878	95	326	59	23358	163180
UNKNOWN	258	C	0.944515797585	A	0.046493706653	1086	22062	117	93	23358	163180
UNKNOWN	259	C	0.989040157548	T	0.00783457487799	32	23102	41	183	23358	163180
UNKNOWN	260	T	0.987242058395	G	0.00714958472472	25	106	167	23060	23358	163180
UNKNOWN	261	G	0.992122613237	A	0.00530867368782	124	15	23174	45	23358	163180
UNKNOWN	262	A	0.990538573508	G	0.00655021834061	23137	49	153	19	23358	163180
UNKNOWN	263	G	0.953677540885	A	0.0282986557068	661	348	22276	73	23358	163180
UNKNOWN	264	G	0.991651682507	A	0.00475211918829	111	16	23163	68	23358	163180
UNKNOWN	265	A	0.992721979622	C	0.00449524788081	23188	105	48	17	23358	163180
UNKNOWN	266	C	0.980092473671	T	0.00967548591489	164	22893	75	226	23358	163180
UNKNOWN	267	A	0.982104632246	G	0.00886206010789	22940	55	207	156	23358	163180
UNKNOWN	268	C	0.992422296429	A	0.00303964380512	71	23181	63	43	23358	163180
UNKNOWN	269	G	0.785384022605	A	0.208408254131	4868	77	18345	68	23358	163180
UNKNOWN	270	G	0.989211405086	A	0.00547992122613	128	68	23106	56	23358	163180
UNKNOWN	271	C	0.992679167737	A	0.0032965151126	77	23187	69	25	23358	163180
UNKNOWN	272	C	0.991951365699	A	0.00475211918829	111	23170	20	57	23358	163180
UNKNOWN	273	A	0.991694494392	G	0.00385306961212	23164	53	90	51	23358	163180
UNKNOWN	274	C	0.988355167394	A	0.00569398064903	133	23086	40	99	23358	163180
UNKNOWN	275	A	0.980006849902	G	0.0112167137597	22891	94	262	111	23358	163180
UNKNOWN	276	T	0.994006336159	A	0.00278277249765	65	33	42	23218	23358	163180
UNKNOWN	277	A	0.992465108314	C	0.00419556468876	23182	98	47	31	23358	163180
UNKNOWN	278	C	0.954662214231	T	0.0425978251563	46	22299	18	995	23358	163180
UNKNOWN	279	T	0.985315523589	C	0.00676427776351	105	158	80	23015	23358	163180
UNKNOWN	280	A	0.981976196592	T	0.00839112937752	22937	146	79	196	23358	163180
UNKNOWN	281	C	0.976453463481	T	0.0210634472129	27	22808	31	492	23358	163180
UNKNOWN	282	T	0.990667009162	G	0.00590804007192	51	29	138	23140	23358	163180
