Type	Position	Nucl1	Freq1	Nucl2	Freq2	NumAs	NumCs	NumGs	NumTs	NumAligned	NumNaive
UNKNOWN	0	C	1.0	A	0.0	0	26541	0	0	26541	163180
UNKNOWN	1	A	1.0	C	0.0	26541	0	0	0	26541	163180
UNKNOWN	2	G	1.0	A	0.0	0	0	26541	0	26541	163180
UNKNOWN	3	G	1.0	A	0.0	0	0	26541	0	26541	163180
UNKNOWN	4	T	1.0	A	0.0	0	0	0	26541	26541	163180
UNKNOWN	5	G	1.0	A	0.0	0	0	26541	0	26541	163180
UNKNOWN	6	C	1.0	A	0.0	0	26541	0	0	26541	163180
UNKNOWN	7	A	0.994988885121	C	0.00316491466034	26408	84	36	13	26541	163180
UNKNOWN	8	G	0.992464488904	A	0.00535021287819	142	29	26341	29	26541	163180
UNKNOWN	9	C	0.997136505784	T	0.00229833088429	1	26465	14	61	26541	163180
UNKNOWN	10	T	0.999058061113	C	0.000791228665084	2	21	2	26516	26541	163180
UNKNOWN	11	G	0.997890056893	A	0.00195923288497	52	3	26485	1	26541	163180
UNKNOWN	12	C	0.998643608003	T	0.00128103688633	1	26505	1	34	26541	163180
UNKNOWN	13	G	0.998982706002	A	0.000791228665084	21	2	26514	4	26541	163180
UNKNOWN	14	G	0.97532120116	C	0.0235484721751	25	625	25886	5	26541	163180
UNKNOWN	15	G	0.999171093779	C	0.000376775554802	9	10	26519	3	26541	163180
UNKNOWN	16	A	0.998116122226	G	0.00150710221921	26491	3	40	7	26541	163180
UNKNOWN	17	G	0.997400248672	A	0.00229833088429	61	3	26472	5	26541	163180
UNKNOWN	18	T	0.998492897781	C	0.00128103688633	1	34	5	26501	26541	163180
UNKNOWN	19	C	0.999321804001	T	0.000339097999322	4	26523	5	9	26541	163180
UNKNOWN	20	G	0.99800308956	A	0.00120568177537	32	17	26488	4	26541	163180
UNKNOWN	21	G	0.999547869334	C	0.000263742888361	4	7	26529	1	26541	163180
UNKNOWN	22	G	0.999020383558	C	0.000565163332203	7	15	26515	4	26541	163180
UNKNOWN	23	C	0.998982706002	T	0.000753551109604	7	26514	0	20	26541	163180
UNKNOWN	24	C	0.999660902001	T	0.000188387777401	4	26532	0	5	26541	163180
UNKNOWN	25	C	0.999397159112	T	0.000452130665762	2	26525	2	12	26541	163180
UNKNOWN	26	C	0.999095738668	A	0.000640518443163	17	26517	2	5	26541	163180
UNKNOWN	27	A	0.996797407784	G	0.00241136355073	26456	16	64	5	26541	163180
UNKNOWN	28	G	0.995930824008	A	0.00308955954938	82	26	26433	0	26541	163180
UNKNOWN	29	C	0.996759730229	T	0.00312723710486	1	26455	2	83	26541	163180
UNKNOWN	30	C	0.998907350891	T	0.000828906220564	2	26512	5	22	26541	163180
UNKNOWN	31	T	0.997852379338	C	0.00113032666441	7	30	20	26484	26541	163180
UNKNOWN	32	G	0.996119211786	A	0.00259975132813	69	11	26438	23	26541	163180
UNKNOWN	33	G	0.996119211786	A	0.00195923288497	52	27	26438	24	26541	163180
UNKNOWN	34	T	0.997362571116	C	0.00173316755209	4	46	20	26471	26541	163180
UNKNOWN	35	G	0.996533664896	A	0.00316491466034	84	6	26449	2	26541	163180
UNKNOWN	36	A	0.997777024227	G	0.00131871444181	26482	17	35	7	26541	163180
UNKNOWN	37	A	0.99566708112	G	0.00350401265966	26426	11	93	11	26541	163180
UNKNOWN	38	G	0.998342187559	A	0.000791228665084	21	20	26497	3	26541	163180
UNKNOWN	39	C	0.998492897781	T	0.000941938887005	8	26501	7	25	26541	163180
UNKNOWN	40	C	0.999510191779	T	0.000301420443842	2	26528	3	8	26541	163180
UNKNOWN	41	C	0.996872762895	G	0.00188387777401	3	26458	50	30	26541	163180
UNKNOWN	42	T	0.996646697562	C	0.00297652688294	6	79	4	26452	26541	163180
UNKNOWN	43	C	0.998266832448	A	0.00113032666441	30	26495	1	15	26541	163180
UNKNOWN	44	A	0.993255717569	G	0.00512414754531	26362	32	136	11	26541	163180
UNKNOWN	45	C	0.996307599563	G	0.00210994310689	41	26443	56	1	26541	163180
UNKNOWN	46	A	0.99724953845	G	0.00218529821785	26468	14	58	1	26541	163180
UNKNOWN	47	G	0.99333107268	A	0.00599073132135	159	11	26364	7	26541	163180
UNKNOWN	48	A	0.996533664896	G	0.00188387777401	26449	34	50	8	26541	163180
UNKNOWN	49	C	0.999208771335	T	0.000527485776723	2	26520	5	14	26541	163180
UNKNOWN	50	C	0.998455220225	T	0.000791228665084	4	26500	16	21	26541	163180
UNKNOWN	51	C	0.993180362458	G	0.00550092310011	2	26360	146	33	26541	163180
UNKNOWN	52	T	0.997136505784	C	0.00207226555141	1	55	20	26465	26541	163180
UNKNOWN	53	G	0.774349120229	C	0.220149956671	109	5843	20552	37	26541	163180
UNKNOWN	54	T	0.995139595343	C	0.00444595154666	8	118	3	26412	26541	163180
UNKNOWN	55	C	0.99724953845	T	0.00210994310689	17	26468	0	56	26541	163180
UNKNOWN	56	C	0.997890056893	T	0.00150710221921	1	26485	15	40	26541	163180
UNKNOWN	57	C	0.998455220225	T	0.00101729399797	7	26500	7	27	26541	163180
UNKNOWN	58	T	0.996609020007	C	0.00312723710486	5	83	2	26451	26541	163180
UNKNOWN	59	C	0.998116122226	A	0.00135639199729	36	26491	8	6	26541	163180
UNKNOWN	60	A	0.9944990769	G	0.00275046155005	26395	59	73	14	26541	163180
UNKNOWN	61	C	0.998153799781	T	0.00124335933085	5	26492	11	33	26541	163180
UNKNOWN	62	C	0.995290305565	G	0.00226065332881	9	26416	60	56	26541	163180
UNKNOWN	63	T	0.99766399156	C	0.00139406955277	3	37	22	26479	26541	163180
UNKNOWN	64	G	0.998304510003	C	0.000904261331525	18	24	26496	3	26541	163180
UNKNOWN	65	C	0.996722052673	T	0.00207226555141	30	26454	2	55	26541	163180
UNKNOWN	66	A	0.991484872461	G	0.00535021287819	26315	68	142	16	26541	163180
UNKNOWN	67	C	0.995365660676	T	0.00248671866169	14	26418	43	66	26541	163180
UNKNOWN	68	G	0.984363814476	A	0.0133755321955	355	10	26126	50	26541	163180
UNKNOWN	69	G	0.968802984062	A	0.0277306808334	736	50	25713	42	26541	163180
UNKNOWN	70	T	0.993933913568	C	0.00546324554463	0	145	16	26380	26541	163180
UNKNOWN	71	C	0.987264986248	T	0.00670660487548	9	26203	151	178	26541	163180
UNKNOWN	72	T	0.996043856675	C	0.0032402697713	6	86	13	26436	26541	163180
UNKNOWN	73	C	0.996533664896	T	0.00244904110621	19	26449	8	65	26541	163180
UNKNOWN	74	T	0.992728231792	C	0.00346633510418	35	92	66	26348	26541	163180
UNKNOWN	75	G	0.993783203346	A	0.00489808221243	130	27	26376	8	26541	163180
UNKNOWN	76	G	0.989487962021	A	0.00908029087073	241	28	26262	10	26541	163180
UNKNOWN	77	A	0.990241513131	C	0.00523718021175	26282	139	72	48	26541	163180
UNKNOWN	78	T	0.802305866395	C	0.11770468332	72	3124	2051	21294	26541	163180
UNKNOWN	79	T	0.791643118194	G	0.141780641272	809	958	3763	21011	26541	163180
UNKNOWN	80	C	0.978674503598	T	0.00975848686937	48	25975	259	259	26541	163180
UNKNOWN	81	T	0.992238423571	C	0.00512414754531	25	136	45	26335	26541	163180
UNKNOWN	82	C	0.993707848235	T	0.00376775554802	52	26374	15	100	26541	163180
UNKNOWN	83	A	0.99257752157	G	0.0039938208809	26344	40	106	51	26541	163180
UNKNOWN	84	T	0.990128480464	C	0.00463433932406	39	123	100	26279	26541	163180
UNKNOWN	85	T	0.996910440451	C	0.00146942466373	29	39	14	26459	26541	163180
UNKNOWN	86	A	0.975434233827	G	0.020873365736	25889	47	554	51	26541	163180
UNKNOWN	87	A	0.969029049395	G	0.0140914057496	25719	304	374	144	26541	163180
UNKNOWN	88	G	0.969857955616	A	0.0203458799593	540	162	25741	98	26541	163180
UNKNOWN	89	C	0.943634377002	T	0.0335330243774	116	25045	490	890	26541	163180
UNKNOWN	90	G	0.951998794318	A	0.0396367883652	1052	84	25267	138	26541	163180
UNKNOWN	91	A	0.920877133492	G	0.0463810707961	24441	500	1231	369	26541	163180
UNKNOWN	92	T	0.906408952187	C	0.0460796503523	554	1223	707	24057	26541	163180
UNKNOWN	93	A	0.884706680231	G	0.0605855092122	23481	371	1608	1081	26541	163180
UNKNOWN	94	A	0.956256358087	G	0.0239252477299	25380	208	635	318	26541	163180
UNKNOWN	95	T	0.948909234769	G	0.0212501412908	506	286	564	25185	26541	163180
UNKNOWN	96	A	0.892279868882	G	0.072265551411	23682	677	1918	264	26541	163180
UNKNOWN	97	G	0.509777325647	A	0.301156700953	7993	3928	13530	1090	26541	163180
UNKNOWN	98	T	0.973248935609	G	0.0107757808673	195	229	286	25831	26541	163180
UNKNOWN	99	G	0.9501525941	A	0.0422742172488	1122	59	25218	142	26541	163180
UNKNOWN	100	T	0.991447194906	C	0.00629215176519	33	167	27	26314	26541	163180
UNKNOWN	101	A	0.943445989224	G	0.0454014543536	25040	102	1205	194	26541	163180
UNKNOWN	102	G	0.913115557063	A	0.0616028032101	1635	553	24235	118	26541	163180
UNKNOWN	103	G	0.769601748239	A	0.183263629856	4864	711	20426	540	26541	163180
UNKNOWN	104	C	0.962021024076	G	0.0174447081873	95	25533	463	450	26541	163180
UNKNOWN	105	T	0.997588636449	G	0.00143174710825	2	24	38	26477	26541	163180
UNKNOWN	106	G	0.998945028447	A	0.000565163332203	15	6	26513	7	26541	163180
UNKNOWN	107	G	0.999171093779	T	0.000339097999322	6	7	26519	9	26541	163180
UNKNOWN	108	G	0.977694887156	A	0.0161259937455	428	79	25949	85	26541	163180
UNKNOWN	109	T	0.993142684903	C	0.00629215176519	6	167	9	26359	26541	163180
UNKNOWN	110	C	0.997324893561	T	0.00188387777401	15	26470	6	50	26541	163180
UNKNOWN	111	C	0.998078444671	G	0.00116800421989	4	26490	31	16	26541	163180
UNKNOWN	112	G	0.997890056893	C	0.00128103688633	18	34	26485	4	26541	163180
UNKNOWN	113	C	0.996985795562	T	0.00214762066237	9	26461	14	57	26541	163180
UNKNOWN	114	C	0.997475603783	A	0.00192155532949	51	26474	6	10	26541	163180
UNKNOWN	115	A	0.99174861535	G	0.00678195998644	26322	34	180	5	26541	163180
UNKNOWN	116	G	0.998116122226	A	0.00139406955277	37	9	26491	4	26541	163180
UNKNOWN	117	G	0.986210014694	A	0.0103613277571	275	47	26175	44	26541	163180
UNKNOWN	118	C	0.993971591123	T	0.00297652688294	17	26381	64	79	26541	163180
UNKNOWN	119	T	0.994612109566	C	0.00391846576994	27	104	12	26398	26541	163180
UNKNOWN	120	C	0.995704758675	T	0.00278813910553	19	26427	21	74	26541	163180
UNKNOWN	121	C	0.997400248672	A	0.00177084510757	47	26472	5	17	26541	163180
UNKNOWN	122	A	0.992087713349	G	0.00666892732	26331	27	177	6	26541	163180
UNKNOWN	123	G	0.993820880901	A	0.00557627821107	148	13	26377	3	26541	163180
UNKNOWN	124	G	0.996043856675	A	0.00365472288158	97	4	26436	4	26541	163180
UNKNOWN	125	A	0.975057458272	G	0.0224181455107	25879	51	595	16	26541	163180
UNKNOWN	126	A	0.990806676463	C	0.00516182510079	26297	137	100	7	26541	163180
UNKNOWN	127	A	0.989864737576	G	0.00851512753853	26272	27	226	16	26541	163180
UNKNOWN	128	G	0.998568252892	A	0.000828906220564	22	9	26503	7	26541	163180
UNKNOWN	129	G	0.982366904035	C	0.00968313175841	201	257	26073	10	26541	163180
UNKNOWN	130	C	0.994612109566	G	0.0028634942165	3	26398	76	64	26541	163180
UNKNOWN	131	G	0.984439169587	A	0.0112279115331	298	70	26128	45	26541	163180
UNKNOWN	132	C	0.994687464677	T	0.00354169021514	26	26400	21	94	26541	163180
UNKNOWN	133	T	0.992803586903	C	0.00365472288158	5	97	89	26350	26541	163180
UNKNOWN	134	G	0.992313778682	A	0.00648053954259	172	13	26337	19	26541	163180
UNKNOWN	135	G	0.994612109566	A	0.00410685354734	109	20	26398	14	26541	163180
UNKNOWN	136	A	0.986775178026	G	0.0107381033119	26190	30	285	36	26541	163180
UNKNOWN	137	G	0.987679439358	A	0.00934403375909	248	26	26214	53	26541	163180
UNKNOWN	138	T	0.995365660676	G	0.00229833088429	7	55	61	26418	26541	163180
UNKNOWN	139	G	0.997475603783	A	0.00109264910893	29	16	26474	22	26541	163180
UNKNOWN	140	G	0.988809766022	C	0.00764854376248	23	203	26244	71	26541	163180
UNKNOWN	141	C	0.989600994687	G	0.00666892732	47	26265	177	52	26541	163180
UNKNOWN	142	T	0.996156889341	C	0.0030518819939	4	81	17	26439	26541	163180
UNKNOWN	143	C	0.991522550017	T	0.00542556798915	15	26316	66	144	26541	163180
UNKNOWN	144	G	0.992200746016	A	0.00693267020836	184	7	26334	16	26541	163180
UNKNOWN	145	G	0.980445348706	C	0.0105497155345	153	280	26022	86	26541	163180
UNKNOWN	146	T	0.983874006254	C	0.00877887042689	70	233	125	26113	26541	163180
UNKNOWN	147	G	0.82385742813	A	0.127839945744	3393	343	21866	939	26541	163180
UNKNOWN	148	T	0.893975358879	A	0.0398251761426	1057	825	932	23727	26541	163180
UNKNOWN	149	C	0.895369428431	T	0.0723032289665	554	23764	304	1919	26541	163180
UNKNOWN	150	A	0.967371236954	G	0.0263742888361	25675	56	700	110	26541	163180
UNKNOWN	151	T	0.970498474059	C	0.0143174710825	185	380	218	25758	26541	163180
UNKNOWN	152	A	0.911118646622	G	0.0457028747975	24182	349	1213	797	26541	163180
UNKNOWN	153	T	0.843600467202	G	0.071398967635	1563	693	1895	22390	26541	163180
UNKNOWN	154	A	0.864850608493	G	0.067555856976	22954	753	1793	1041	26541	163180
UNKNOWN	155	T	0.926302701481	G	0.0356052899288	177	834	945	24585	26541	163180
UNKNOWN	156	A	0.881428732904	G	0.0902754229306	23394	541	2396	210	26541	163180
UNKNOWN	157	G	0.817226178366	A	0.0924983987039	2455	1659	21690	737	26541	163180
UNKNOWN	158	T	0.933762857466	G	0.0363588410384	492	301	965	24783	26541	163180
UNKNOWN	159	G	0.765947025357	A	0.180362458084	4787	1005	20329	420	26541	163180
UNKNOWN	160	G	0.793640028635	A	0.147507629705	3915	1012	21064	550	26541	163180
UNKNOWN	161	T	0.95881843186	G	0.020873365736	190	349	554	25448	26541	163180
UNKNOWN	162	G	0.947515165216	T	0.0341358652651	398	89	25148	906	26541	163180
UNKNOWN	163	G	0.933235371689	T	0.0397874985871	563	153	24769	1056	26541	163180
UNKNOWN	164	A	0.968426208508	G	0.0210994310689	25703	145	560	133	26541	163180
UNKNOWN	165	A	0.906145209299	G	0.0805922911721	24050	228	2139	124	26541	163180
UNKNOWN	166	G	0.682868015523	A	0.182660788968	4848	2298	18124	1271	26541	163180
UNKNOWN	167	C	0.906559662409	T	0.0506386345654	635	24061	501	1344	26541	163180
UNKNOWN	168	A	0.96190799141	G	0.0310463057157	25530	129	824	58	26541	163180
UNKNOWN	169	C	0.968200143175	T	0.0182736144079	195	25697	164	485	26541	163180
UNKNOWN	170	A	0.976225462492	G	0.0156361855243	25910	94	415	122	26541	163180
UNKNOWN	171	G	0.900983384198	A	0.0448362910214	1190	534	23913	904	26541	163180
UNKNOWN	172	G	0.626276327192	A	0.281036886327	7459	1157	16622	1303	26541	163180
UNKNOWN	173	C	0.956934554086	G	0.0255830601711	90	25398	679	374	26541	163180
UNKNOWN	174	T	0.978486115821	C	0.0129610790852	104	344	123	25970	26541	163180
UNKNOWN	175	A	0.981085867149	T	0.0131871444181	26039	72	80	350	26541	163180
UNKNOWN	176	T	0.976903658491	C	0.0175200632983	110	465	38	25928	26541	163180
UNKNOWN	177	A	0.981537997815	C	0.00960777664745	26051	255	191	44	26541	163180
UNKNOWN	178	A	0.986699822915	G	0.00640518443163	26188	167	170	16	26541	163180
UNKNOWN	179	C	0.903432425304	T	0.0772766662899	88	23978	424	2051	26541	163180
UNKNOWN	180	C	0.955163708979	T	0.0256960928375	169	25351	339	682	26541	163180
UNKNOWN	181	C	0.985268075807	T	0.0070457028748	125	26150	79	187	26541	163180
UNKNOWN	182	A	0.983723296033	G	0.0107004257564	26109	83	284	65	26541	163180
UNKNOWN	183	G	0.980558381372	A	0.00994687464677	264	103	26025	149	26541	163180
UNKNOWN	184	C	0.981462642704	T	0.011453976866	27	26049	161	304	26541	163180
UNKNOWN	185	C	0.996985795562	T	0.00158245733017	16	26461	22	42	26541	163180
UNKNOWN	186	C	0.991560227572	T	0.00580234354395	31	26317	39	154	26541	163180
UNKNOWN	187	T	0.994159978901	G	0.00252439621717	51	37	67	26386	26541	163180
UNKNOWN	188	G	0.980030895595	A	0.0168418672996	447	28	26011	55	26541	163180
UNKNOWN	189	A	0.990618288685	G	0.00648053954259	26292	60	172	17	26541	163180
UNKNOWN	190	A	0.98941260691	C	0.00459666176858	26260	122	122	37	26541	163180
UNKNOWN	191	A	0.989638672243	C	0.00452130665762	26266	120	92	63	26541	163180
UNKNOWN	192	T	0.988922798689	C	0.00636750687615	73	169	52	26247	26541	163180
UNKNOWN	193	C	0.996006179119	T	0.00263742888361	29	26435	7	70	26541	163180
UNKNOWN	194	C	0.99257752157	G	0.00433291888022	14	26344	115	68	26541	163180
UNKNOWN	195	C	0.995930824008	G	0.00256207377265	16	26433	68	24	26541	163180
UNKNOWN	196	G	0.995101917788	A	0.00297652688294	79	29	26411	22	26541	163180
UNKNOWN	197	G	0.95331750876	A	0.0315361139369	837	275	25302	127	26541	163180
UNKNOWN	198	C	0.991183452018	G	0.00301420443842	79	26307	80	75	26541	163180
UNKNOWN	199	T	0.993029652236	C	0.00444595154666	39	118	28	26356	26541	163180
UNKNOWN	200	C	0.993594815568	A	0.00263742888361	70	26371	63	37	26541	163180
UNKNOWN	201	A	0.992765909348	G	0.00516182510079	26349	51	137	4	26541	163180
UNKNOWN	202	G	0.976300817603	C	0.0148072793037	122	393	25912	114	26541	163180
UNKNOWN	203	C	0.972080931389	T	0.0172563204099	186	25800	97	458	26541	163180
UNKNOWN	204	A	0.989600994687	G	0.0043705964357	26265	54	116	106	26541	163180
UNKNOWN	205	T	0.993632493124	C	0.0036170453261	25	96	48	26372	26541	163180
UNKNOWN	206	C	0.991183452018	T	0.00478504954599	88	26307	19	127	26541	163180
UNKNOWN	207	A	0.991221129573	G	0.00369240043706	26308	94	98	41	26541	163180
UNKNOWN	208	C	0.980106250706	G	0.0111902339776	66	26013	297	165	26541	163180
UNKNOWN	209	C	0.959157529859	T	0.017180965299	233	25457	395	456	26541	163180
UNKNOWN	210	A	0.98941260691	G	0.00565163332203	26260	123	150	8	26541	163180
UNKNOWN	211	A	0.989337251799	G	0.00851512753853	26258	46	226	11	26541	163180
UNKNOWN	212	G	0.970084020949	A	0.0239252477299	635	127	25747	32	26541	163180
UNKNOWN	213	G	0.987943182246	A	0.00821370709468	218	36	26221	66	26541	163180
UNKNOWN	214	A	0.988319957801	C	0.00497343732339	26231	132	80	98	26541	163180
UNKNOWN	215	C	0.983082777589	T	0.00764854376248	160	26092	86	203	26541	163180
UNKNOWN	216	A	0.986323047361	G	0.00678195998644	26178	131	180	52	26541	163180
UNKNOWN	217	A	0.987641761802	G	0.00516182510079	26213	110	137	81	26541	163180
UNKNOWN	218	C	0.979051279153	T	0.0159376059681	19	25985	114	423	26541	163180
UNKNOWN	219	T	0.992276101127	C	0.00467201687954	41	124	40	26336	26541	163180
UNKNOWN	220	C	0.995742436231	A	0.00226065332881	60	26428	6	47	26541	163180
UNKNOWN	221	C	0.987114276026	T	0.00727176820768	107	26199	42	193	26541	163180
UNKNOWN	222	A	0.990279190686	G	0.00478504954599	26283	122	127	9	26541	163180
UNKNOWN	223	A	0.984853622697	G	0.011378621755	26139	45	302	55	26541	163180
UNKNOWN	224	G	0.991597905128	A	0.00459666176858	122	86	26318	15	26541	163180
UNKNOWN	225	A	0.988696733356	G	0.007610866207	26241	76	202	22	26541	163180
UNKNOWN	226	G	0.962586187408	A	0.0284088768321	754	215	25548	24	26541	163180
UNKNOWN	227	C	0.955088353868	T	0.0320635997137	118	25349	223	851	26541	163180
UNKNOWN	228	C	0.9886590558	A	0.00689499265288	183	26240	91	27	26541	163180
UNKNOWN	229	A	0.993368750235	G	0.00373007799254	26365	33	99	44	26541	163180
UNKNOWN	230	A	0.976150107381	G	0.0209863984025	25908	50	557	26	26541	163180
UNKNOWN	231	G	0.96624091029	A	0.017105610188	454	231	25645	211	26541	163180
UNKNOWN	232	T	0.992539844015	C	0.00651821709807	11	173	14	26343	26541	163180
UNKNOWN	233	C	0.95373196187	T	0.0265626766135	46	25313	477	705	26541	163180
UNKNOWN	234	T	0.990618288685	C	0.00504879243435	18	134	97	26292	26541	163180
UNKNOWN	235	C	0.992690554237	T	0.00591537621039	33	26347	4	157	26541	163180
UNKNOWN	236	T	0.985644851362	C	0.010436682868	34	277	70	26160	26541	163180
UNKNOWN	237	C	0.989789382465	T	0.00523718021175	67	26270	65	139	26541	163180
UNKNOWN	238	T	0.995441015787	A	0.00218529821785	58	40	23	26420	26541	163180
UNKNOWN	239	A	0.855280509401	G	0.132059831958	22700	165	3505	171	26541	163180
UNKNOWN	240	T	0.986775178026	G	0.00568931087751	87	113	151	26190	26541	163180
UNKNOWN	241	C	0.97999321804	T	0.0158245733017	96	26010	15	420	26541	163180
UNKNOWN	242	A	0.984891300252	G	0.00734712331864	26140	130	195	76	26541	163180
UNKNOWN	243	C	0.897931502204	G	0.0832297200558	185	23832	2209	315	26541	163180
UNKNOWN	244	T	0.994574432011	G	0.00312723710486	31	30	83	26397	26541	163180
UNKNOWN	245	G	0.965826457179	A	0.0249802192834	663	122	25634	122	26541	163180
UNKNOWN	246	A	0.98507968803	G	0.0110018462002	26145	98	292	6	26541	163180
UNKNOWN	247	G	0.959534305414	A	0.0261105459478	693	292	25467	89	26541	163180
UNKNOWN	248	C	0.955389774311	T	0.0272785501677	153	25357	307	724	26541	163180
UNKNOWN	249	A	0.983610263366	G	0.0103990053125	26106	149	276	10	26541	163180
UNKNOWN	250	G	0.987302663803	C	0.0074224784296	106	197	26204	34	26541	163180
UNKNOWN	251	C	0.985607173807	T	0.00874119287141	49	26159	101	232	26541	163180
UNKNOWN	252	G	0.985757884028	A	0.00979616442485	260	30	26163	88	26541	163180
UNKNOWN	253	T	0.987001243359	C	0.00730944576316	27	194	124	26196	26541	163180
UNKNOWN	254	G	0.953355186316	A	0.0321012772691	852	191	25303	195	26541	163180
UNKNOWN	255	A	0.984815945141	G	0.0101729399797	26138	73	270	60	26541	163180
UNKNOWN	256	C	0.959873403414	T	0.0281828114992	139	25476	178	748	26541	163180
UNKNOWN	257	A	0.967559624732	G	0.022907953732	25680	164	608	89	26541	163180
UNKNOWN	258	A	0.855845672733	C	0.0959647338081	22715	2547	1160	119	26541	163180
UNKNOWN	259	C	0.963415093629	T	0.0170302550771	98	25570	421	452	26541	163180
UNKNOWN	260	T	0.977544176934	G	0.0128480464187	83	172	341	25945	26541	163180
UNKNOWN	261	G	0.989035831355	A	0.00621679665423	165	39	26250	87	26541	163180
UNKNOWN	262	A	0.98666214536	G	0.00791228665084	26187	118	210	26	26541	163180
UNKNOWN	263	G	0.946384838552	A	0.0321012772691	852	427	25118	144	26541	163180
UNKNOWN	264	G	0.98783014958	A	0.00746015598508	198	36	26218	89	26541	163180
UNKNOWN	265	A	0.989525639577	C	0.00501111487887	26263	133	115	30	26541	163180
UNKNOWN	266	C	0.983195810256	A	0.00757318865152	201	26095	64	181	26541	163180
UNKNOWN	267	A	0.97724275649	G	0.0111525564221	25937	81	296	227	26541	163180
UNKNOWN	268	C	0.988922798689	G	0.00414453110282	90	26247	110	94	26541	163180
UNKNOWN	269	G	0.969970988282	A	0.0233977619532	621	73	25744	103	26541	163180
UNKNOWN	270	G	0.989563317132	A	0.00414453110282	110	96	26264	71	26541	163180
UNKNOWN	271	C	0.990354545797	A	0.00493575976791	131	26285	88	37	26541	163180
UNKNOWN	272	C	0.989111186466	A	0.00636750687615	169	26252	31	89	26541	163180
UNKNOWN	273	A	0.991560227572	G	0.00403149843638	26317	80	107	37	26541	163180
UNKNOWN	274	C	0.985569496251	A	0.007610866207	202	26158	72	109	26541	163180
UNKNOWN	275	A	0.97098828228	G	0.015297087525	25771	170	406	194	26541	163180
UNKNOWN	276	T	0.990015447798	A	0.00395614332542	105	73	87	26276	26541	163180
UNKNOWN	277	A	0.989111186466	C	0.00538789043367	26252	143	85	61	26541	163180
UNKNOWN	278	C	0.950830790098	T	0.045740552353	72	25236	19	1214	26541	163180
UNKNOWN	279	T	0.983007422478	C	0.00753551109604	130	200	121	26090	26541	163180
UNKNOWN	280	A	0.975848686937	T	0.0110772013112	25900	226	121	294	26541	163180
UNKNOWN	281	C	0.970008665838	T	0.0254700275046	65	25745	55	676	26541	163180
UNKNOWN	282	T	0.987491051581	G	0.00832673976112	69	42	221	26209	26541	163180
