Type	Position	Nucl1	Freq1	Nucl2	Freq2	NumAs	NumCs	NumGs	NumTs	NumAligned	NumNaive
UNKNOWN	0	C	1.0	A	0.0	0	7900	0	0	7900	103335
UNKNOWN	1	A	1.0	C	0.0	7900	0	0	0	7900	103335
UNKNOWN	2	G	1.0	A	0.0	0	0	7900	0	7900	103335
UNKNOWN	3	G	1.0	A	0.0	0	0	7900	0	7900	103335
UNKNOWN	4	T	1.0	A	0.0	0	0	0	7900	7900	103335
UNKNOWN	5	G	1.0	A	0.0	0	0	7900	0	7900	103335
UNKNOWN	6	C	1.0	A	0.0	0	7900	0	0	7900	103335
UNKNOWN	7	A	0.997848101266	G	0.00189873417722	7883	1	15	1	7900	103335
UNKNOWN	8	G	0.993544303797	A	0.00506329113924	40	9	7849	2	7900	103335
UNKNOWN	9	C	0.997341772152	T	0.0020253164557	0	7879	5	16	7900	103335
UNKNOWN	10	T	0.999240506329	C	0.000759493670886	0	6	0	7894	7900	103335
UNKNOWN	11	G	0.999240506329	A	0.000632911392405	5	0	7894	1	7900	103335
UNKNOWN	12	C	0.998987341772	T	0.000632911392405	2	7892	1	5	7900	103335
UNKNOWN	13	G	0.998734177215	A	0.00126582278481	10	0	7890	0	7900	103335
UNKNOWN	14	G	0.964556962025	C	0.0337974683544	11	267	7620	2	7900	103335
UNKNOWN	15	G	0.998987341772	C	0.000759493670886	0	6	7892	2	7900	103335
UNKNOWN	16	A	0.997088607595	G	0.0020253164557	7877	6	16	1	7900	103335
UNKNOWN	17	G	0.996455696203	A	0.00303797468354	24	4	7872	0	7900	103335
UNKNOWN	18	T	0.997721518987	C	0.00151898734177	0	12	6	7882	7900	103335
UNKNOWN	19	C	0.999620253165	T	0.000379746835443	0	7897	0	3	7900	103335
UNKNOWN	20	G	0.996708860759	A	0.00303797468354	24	1	7874	1	7900	103335
UNKNOWN	21	G	0.999240506329	C	0.000506329113924	2	4	7894	0	7900	103335
UNKNOWN	22	G	0.999493670886	C	0.000253164556962	1	2	7896	1	7900	103335
UNKNOWN	23	C	0.999746835443	T	0.000253164556962	0	7898	0	2	7900	103335
UNKNOWN	24	C	0.999620253165	T	0.000253164556962	1	7897	0	2	7900	103335
UNKNOWN	25	C	0.999746835443	T	0.000253164556962	0	7898	0	2	7900	103335
UNKNOWN	26	C	0.998860759494	A	0.000886075949367	7	7891	0	2	7900	103335
UNKNOWN	27	A	0.997088607595	G	0.00151898734177	7877	11	12	0	7900	103335
UNKNOWN	28	G	0.992784810127	A	0.00544303797468	43	9	7843	5	7900	103335
UNKNOWN	29	C	0.999113924051	T	0.000506329113924	0	7893	3	4	7900	103335
UNKNOWN	30	C	0.998987341772	T	0.000886075949367	1	7892	0	7	7900	103335
UNKNOWN	31	T	0.996329113924	C	0.00151898734177	6	12	11	7871	7900	103335
UNKNOWN	32	G	0.99253164557	A	0.00379746835443	30	24	7841	5	7900	103335
UNKNOWN	33	G	0.997594936709	T	0.00101265822785	7	4	7881	8	7900	103335
UNKNOWN	34	T	0.995316455696	C	0.00354430379747	0	28	9	7863	7900	103335
UNKNOWN	35	G	0.996329113924	A	0.00316455696203	25	2	7871	2	7900	103335
UNKNOWN	36	A	0.996329113924	G	0.00227848101266	7871	10	18	1	7900	103335
UNKNOWN	37	A	0.993797468354	G	0.00430379746835	7851	13	34	2	7900	103335
UNKNOWN	38	G	0.998987341772	C	0.000886075949367	1	7	7892	0	7900	103335
UNKNOWN	39	C	0.999493670886	T	0.000506329113924	0	7896	0	4	7900	103335
UNKNOWN	40	C	0.999240506329	T	0.000632911392405	0	7894	1	5	7900	103335
UNKNOWN	41	C	0.994683544304	G	0.00354430379747	0	7858	28	14	7900	103335
UNKNOWN	42	T	0.995063291139	C	0.0046835443038	0	37	2	7861	7900	103335
UNKNOWN	43	C	0.997594936709	T	0.00139240506329	8	7881	0	11	7900	103335
UNKNOWN	44	A	0.995316455696	G	0.00278481012658	7863	15	22	0	7900	103335
UNKNOWN	45	C	0.995949367089	G	0.00278481012658	8	7868	22	2	7900	103335
UNKNOWN	46	A	0.996329113924	G	0.00278481012658	7871	5	22	2	7900	103335
UNKNOWN	47	G	0.996329113924	A	0.00367088607595	29	0	7871	0	7900	103335
UNKNOWN	48	A	0.994430379747	G	0.00316455696203	7856	16	25	3	7900	103335
UNKNOWN	49	C	0.996962025316	T	0.00177215189873	3	7876	7	14	7900	103335
UNKNOWN	50	C	0.99835443038	T	0.00113924050633	2	7887	2	9	7900	103335
UNKNOWN	51	C	0.998481012658	T	0.00126582278481	0	7888	2	10	7900	103335
UNKNOWN	52	T	0.996329113924	C	0.00367088607595	0	29	0	7871	7900	103335
UNKNOWN	53	C	0.990886075949	G	0.00759493670886	1	7828	60	11	7900	103335
UNKNOWN	54	T	0.995569620253	C	0.00354430379747	2	28	5	7865	7900	103335
UNKNOWN	55	C	0.999113924051	T	0.000506329113924	2	7893	1	4	7900	103335
UNKNOWN	56	C	0.996329113924	T	0.0020253164557	1	7871	12	16	7900	103335
UNKNOWN	57	C	0.996962025316	T	0.00164556962025	0	7876	11	13	7900	103335
UNKNOWN	58	T	0.99582278481	C	0.00379746835443	1	30	2	7867	7900	103335
UNKNOWN	59	C	0.997974683544	A	0.00126582278481	10	7884	5	1	7900	103335
UNKNOWN	60	A	0.995063291139	G	0.00240506329114	7861	14	19	6	7900	103335
UNKNOWN	61	C	0.997848101266	T	0.00189873417722	1	7883	1	15	7900	103335
UNKNOWN	62	C	0.995443037975	T	0.00253164556962	1	7864	15	20	7900	103335
UNKNOWN	63	T	0.99746835443	G	0.00139240506329	1	8	11	7880	7900	103335
UNKNOWN	64	G	0.997594936709	C	0.00139240506329	8	11	7881	0	7900	103335
UNKNOWN	65	C	0.998101265823	A	0.00126582278481	10	7885	0	5	7900	103335
UNKNOWN	66	A	0.994810126582	C	0.00303797468354	7859	24	15	2	7900	103335
UNKNOWN	67	C	0.996202531646	G	0.00215189873418	0	7870	17	13	7900	103335
UNKNOWN	68	G	0.994810126582	A	0.00506329113924	40	1	7859	0	7900	103335
UNKNOWN	69	G	0.977215189873	A	0.0198734177215	157	3	7720	20	7900	103335
UNKNOWN	70	T	0.991139240506	C	0.00822784810127	0	65	5	7830	7900	103335
UNKNOWN	71	C	0.989746835443	G	0.00506329113924	11	7819	40	30	7900	103335
UNKNOWN	72	T	0.995316455696	C	0.0026582278481	5	21	11	7863	7900	103335
UNKNOWN	73	C	0.99835443038	T	0.00164556962025	0	7887	0	13	7900	103335
UNKNOWN	74	T	0.988734177215	G	0.0053164556962	11	36	42	7811	7900	103335
UNKNOWN	75	G	0.988227848101	A	0.0110126582278	87	5	7807	1	7900	103335
UNKNOWN	76	G	0.993164556962	A	0.00556962025316	44	8	7846	2	7900	103335
UNKNOWN	77	A	0.988860759494	G	0.00607594936709	7812	25	48	15	7900	103335
UNKNOWN	78	T	0.990886075949	C	0.0046835443038	6	37	29	7828	7900	103335
UNKNOWN	79	T	0.994556962025	C	0.0046835443038	1	37	5	7857	7900	103335
UNKNOWN	80	C	0.981012658228	G	0.0108860759494	1	7750	86	63	7900	103335
UNKNOWN	81	T	0.994810126582	C	0.00341772151899	6	27	8	7859	7900	103335
UNKNOWN	82	C	0.994810126582	T	0.00367088607595	12	7859	0	29	7900	103335
UNKNOWN	83	A	0.991265822785	T	0.00620253164557	7831	7	13	49	7900	103335
UNKNOWN	84	T	0.987848101266	C	0.00772151898734	2	61	33	7804	7900	103335
UNKNOWN	85	T	0.994936708861	C	0.00278481012658	16	22	2	7860	7900	103335
UNKNOWN	86	A	0.973037974684	G	0.0230379746835	7687	25	182	6	7900	103335
UNKNOWN	87	A	0.978481012658	G	0.02	7730	5	158	7	7900	103335
UNKNOWN	88	G	0.977341772152	A	0.0136708860759	108	52	7721	19	7900	103335
UNKNOWN	89	C	0.961518987342	T	0.0226582278481	28	7596	97	179	7900	103335
UNKNOWN	90	G	0.965443037975	A	0.0281012658228	222	35	7627	16	7900	103335
UNKNOWN	91	A	0.922025316456	G	0.0403797468354	7284	223	319	74	7900	103335
UNKNOWN	92	T	0.928607594937	C	0.0386075949367	112	305	147	7336	7900	103335
UNKNOWN	93	A	0.914050632911	G	0.0478481012658	7221	128	378	173	7900	103335
UNKNOWN	94	A	0.949493670886	G	0.0244303797468	7501	84	193	122	7900	103335
UNKNOWN	95	T	0.951012658228	A	0.0207594936709	164	89	134	7513	7900	103335
UNKNOWN	96	A	0.850506329114	G	0.0770886075949	6719	498	609	74	7900	103335
UNKNOWN	97	G	0.503544303797	A	0.276582278481	2185	1497	3978	240	7900	103335
UNKNOWN	98	T	0.976075949367	G	0.0143037974684	26	50	113	7711	7900	103335
UNKNOWN	99	G	0.969873417722	A	0.0239240506329	189	15	7662	34	7900	103335
UNKNOWN	100	T	0.995316455696	C	0.00253164556962	11	20	6	7863	7900	103335
UNKNOWN	101	A	0.966075949367	G	0.0243037974684	7632	31	192	45	7900	103335
UNKNOWN	102	G	0.91	A	0.0562025316456	444	206	7189	61	7900	103335
UNKNOWN	103	G	0.787088607595	A	0.157088607595	1241	220	6218	221	7900	103335
UNKNOWN	104	C	0.976202531646	G	0.0113924050633	23	7712	90	75	7900	103335
UNKNOWN	105	T	0.995696202532	G	0.0026582278481	1	12	21	7866	7900	103335
UNKNOWN	106	G	0.998734177215	T	0.00101265822785	2	0	7890	8	7900	103335
UNKNOWN	107	G	0.998101265823	C	0.00101265822785	5	8	7885	2	7900	103335
UNKNOWN	108	G	0.960379746835	A	0.0349367088608	276	15	7587	22	7900	103335
UNKNOWN	109	T	0.992911392405	C	0.00544303797468	2	43	11	7844	7900	103335
UNKNOWN	110	C	0.997215189873	T	0.00139240506329	8	7878	3	11	7900	103335
UNKNOWN	111	C	0.997594936709	G	0.00215189873418	0	7881	17	2	7900	103335
UNKNOWN	112	G	0.996835443038	C	0.00189873417722	9	15	7875	1	7900	103335
UNKNOWN	113	C	0.99582278481	A	0.00189873417722	15	7867	7	11	7900	103335
UNKNOWN	114	C	0.996708860759	A	0.00189873417722	15	7874	5	6	7900	103335
UNKNOWN	115	A	0.991265822785	G	0.00759493670886	7831	7	60	2	7900	103335
UNKNOWN	116	G	0.997848101266	A	0.00101265822785	8	4	7883	5	7900	103335
UNKNOWN	117	G	0.987341772152	A	0.00607594936709	48	48	7800	4	7900	103335
UNKNOWN	118	C	0.993670886076	T	0.00316455696203	5	7850	20	25	7900	103335
UNKNOWN	119	T	0.994303797468	C	0.00417721518987	6	33	6	7855	7900	103335
UNKNOWN	120	C	0.998734177215	G	0.000632911392405	1	7890	5	4	7900	103335
UNKNOWN	121	C	0.997215189873	A	0.00189873417722	15	7878	5	2	7900	103335
UNKNOWN	122	A	0.992658227848	G	0.00594936708861	7842	8	47	3	7900	103335
UNKNOWN	123	G	0.994430379747	A	0.00417721518987	33	9	7856	2	7900	103335
UNKNOWN	124	G	0.995696202532	A	0.00430379746835	34	0	7866	0	7900	103335
UNKNOWN	125	A	0.982278481013	G	0.0151898734177	7760	14	120	6	7900	103335
UNKNOWN	126	A	0.995569620253	G	0.00278481012658	7865	13	22	0	7900	103335
UNKNOWN	127	A	0.991518987342	G	0.00683544303797	7833	10	54	3	7900	103335
UNKNOWN	128	G	0.999240506329	A	0.000632911392405	5	1	7894	0	7900	103335
UNKNOWN	129	G	0.985443037975	A	0.0101265822785	80	35	7785	0	7900	103335
UNKNOWN	130	C	0.993797468354	G	0.00481012658228	2	7851	38	9	7900	103335
UNKNOWN	131	G	0.988860759494	A	0.00658227848101	52	35	7812	1	7900	103335
UNKNOWN	132	C	0.993670886076	T	0.00443037974684	3	7850	12	35	7900	103335
UNKNOWN	133	T	0.990759493671	C	0.00430379746835	9	34	30	7827	7900	103335
UNKNOWN	134	G	0.988607594937	A	0.01	79	6	7810	5	7900	103335
UNKNOWN	135	G	0.994430379747	A	0.00443037974684	35	4	7856	5	7900	103335
UNKNOWN	136	A	0.994303797468	G	0.00481012658228	7855	4	38	3	7900	103335
UNKNOWN	137	G	0.991898734177	A	0.00455696202532	36	7	7836	21	7900	103335
UNKNOWN	138	T	0.992911392405	G	0.00379746835443	0	26	30	7844	7900	103335
UNKNOWN	139	G	0.995316455696	C	0.00240506329114	9	19	7863	9	7900	103335
UNKNOWN	140	G	0.987848101266	C	0.00987341772152	6	78	7804	12	7900	103335
UNKNOWN	141	C	0.985569620253	G	0.00759493670886	18	7786	60	36	7900	103335
UNKNOWN	142	T	0.994936708861	C	0.00430379746835	0	34	6	7860	7900	103335
UNKNOWN	143	C	0.991265822785	T	0.00544303797468	4	7831	22	43	7900	103335
UNKNOWN	144	G	0.991392405063	A	0.00759493670886	60	1	7832	7	7900	103335
UNKNOWN	145	G	0.976075949367	C	0.0173417721519	22	137	7711	30	7900	103335
UNKNOWN	146	T	0.976835443038	C	0.0116455696203	32	92	59	7717	7900	103335
UNKNOWN	147	G	0.814303797468	A	0.0925316455696	731	190	6433	546	7900	103335
UNKNOWN	148	T	0.899367088608	G	0.036835443038	244	260	291	7105	7900	103335
UNKNOWN	149	C	0.898227848101	T	0.056835443038	183	7096	172	449	7900	103335
UNKNOWN	150	A	0.968101265823	G	0.0251898734177	7648	17	199	36	7900	103335
UNKNOWN	151	T	0.966455696203	C	0.0148101265823	49	117	99	7635	7900	103335
UNKNOWN	152	A	0.902911392405	G	0.0505063291139	7133	80	399	288	7900	103335
UNKNOWN	153	T	0.778734177215	G	0.138101265823	370	287	1091	6152	7900	103335
UNKNOWN	154	A	0.872278481013	G	0.0669620253165	6891	104	529	376	7900	103335
UNKNOWN	155	T	0.920886075949	G	0.0377215189873	92	235	298	7275	7900	103335
UNKNOWN	156	A	0.874683544304	G	0.102278481013	6910	147	808	35	7900	103335
UNKNOWN	157	G	0.834936708861	A	0.0777215189873	614	430	6596	260	7900	103335
UNKNOWN	158	T	0.94746835443	G	0.0205063291139	148	105	162	7485	7900	103335
UNKNOWN	159	G	0.824050632911	A	0.11746835443	928	247	6510	215	7900	103335
UNKNOWN	160	G	0.810632911392	A	0.117721518987	930	378	6404	188	7900	103335
UNKNOWN	161	T	0.961518987342	G	0.0174683544304	55	111	138	7596	7900	103335
UNKNOWN	162	G	0.985316455696	A	0.0126582278481	100	15	7784	1	7900	103335
UNKNOWN	163	G	0.974303797468	A	0.0160759493671	127	59	7697	17	7900	103335
UNKNOWN	164	A	0.973797468354	G	0.0163291139241	7693	36	129	42	7900	103335
UNKNOWN	165	A	0.933164556962	G	0.0545569620253	7372	70	431	27	7900	103335
UNKNOWN	166	G	0.672658227848	A	0.172151898734	1360	752	5314	474	7900	103335
UNKNOWN	167	C	0.917721518987	T	0.0408860759494	209	7250	118	323	7900	103335
UNKNOWN	168	A	0.963924050633	G	0.0278481012658	7615	39	220	26	7900	103335
UNKNOWN	169	C	0.973164556962	T	0.0135443037975	62	7688	43	107	7900	103335
UNKNOWN	170	A	0.983417721519	G	0.0103797468354	7769	23	82	26	7900	103335
UNKNOWN	171	G	0.94253164557	A	0.0387341772152	306	93	7446	55	7900	103335
UNKNOWN	172	G	0.731392405063	A	0.207974683544	1643	301	5778	178	7900	103335
UNKNOWN	173	C	0.974556962025	G	0.0135443037975	28	7699	107	66	7900	103335
UNKNOWN	174	T	0.979493670886	G	0.00848101265823	40	55	67	7738	7900	103335
UNKNOWN	175	A	0.986708860759	T	0.00683544303797	7795	38	13	54	7900	103335
UNKNOWN	176	T	0.985189873418	C	0.0111392405063	23	88	6	7783	7900	103335
UNKNOWN	177	A	0.987594936709	G	0.00810126582278	7802	26	64	8	7900	103335
UNKNOWN	178	A	0.986075949367	G	0.00822784810127	7790	39	65	6	7900	103335
UNKNOWN	179	C	0.908227848101	T	0.0793670886076	14	7175	84	627	7900	103335
UNKNOWN	180	C	0.961898734177	T	0.0226582278481	20	7599	102	179	7900	103335
UNKNOWN	181	C	0.990253164557	A	0.00594936708861	47	7823	14	16	7900	103335
UNKNOWN	182	A	0.988101265823	G	0.0073417721519	7806	30	58	6	7900	103335
UNKNOWN	183	G	0.939113924051	A	0.0543037974684	429	34	7419	18	7900	103335
UNKNOWN	184	C	0.98835443038	T	0.00708860759494	8	7808	28	56	7900	103335
UNKNOWN	185	C	0.998227848101	T	0.000759493670886	3	7886	5	6	7900	103335
UNKNOWN	186	C	0.993797468354	T	0.0046835443038	7	7851	5	37	7900	103335
UNKNOWN	187	T	0.993037974684	G	0.00405063291139	9	14	32	7845	7900	103335
UNKNOWN	188	G	0.985189873418	A	0.00848101265823	67	6	7783	44	7900	103335
UNKNOWN	189	A	0.987721518987	G	0.00708860759494	7803	29	56	12	7900	103335
UNKNOWN	190	A	0.993291139241	C	0.00367088607595	7847	29	19	5	7900	103335
UNKNOWN	191	A	0.990253164557	G	0.0046835443038	7823	16	37	24	7900	103335
UNKNOWN	192	T	0.988860759494	C	0.0079746835443	9	63	16	7812	7900	103335
UNKNOWN	193	C	0.995443037975	T	0.00379746835443	1	7864	5	30	7900	103335
UNKNOWN	194	C	0.992405063291	T	0.00430379746835	15	7840	11	34	7900	103335
UNKNOWN	195	C	0.996329113924	G	0.00291139240506	4	7871	23	2	7900	103335
UNKNOWN	196	G	0.996582278481	A	0.00164556962025	13	2	7873	12	7900	103335
UNKNOWN	197	G	0.970379746835	A	0.02	158	53	7666	23	7900	103335
UNKNOWN	198	C	0.98253164557	T	0.0129113924051	22	7762	14	102	7900	103335
UNKNOWN	199	T	0.991898734177	C	0.00582278481013	4	46	14	7836	7900	103335
UNKNOWN	200	C	0.990253164557	T	0.00405063291139	27	7823	18	32	7900	103335
UNKNOWN	201	A	0.985063291139	G	0.00974683544304	7782	39	77	2	7900	103335
UNKNOWN	202	G	0.978481012658	C	0.0130379746835	45	103	7730	22	7900	103335
UNKNOWN	203	C	0.968987341772	T	0.0154430379747	73	7655	50	122	7900	103335
UNKNOWN	204	A	0.985189873418	G	0.00746835443038	7783	12	59	46	7900	103335
UNKNOWN	205	T	0.99164556962	C	0.00569620253165	7	45	14	7834	7900	103335
UNKNOWN	206	C	0.991139240506	T	0.00493670886076	28	7830	3	39	7900	103335
UNKNOWN	207	A	0.990253164557	G	0.00455696202532	7823	31	36	10	7900	103335
UNKNOWN	208	C	0.990759493671	T	0.00430379746835	20	7827	19	34	7900	103335
UNKNOWN	209	C	0.965569620253	T	0.0135443037975	61	7628	104	107	7900	103335
UNKNOWN	210	A	0.988987341772	G	0.00683544303797	7813	31	54	2	7900	103335
UNKNOWN	211	A	0.978607594937	G	0.0192405063291	7731	10	152	7	7900	103335
UNKNOWN	212	G	0.988860759494	A	0.00708860759494	56	22	7812	10	7900	103335
UNKNOWN	213	G	0.986582278481	A	0.0117721518987	93	10	7794	3	7900	103335
UNKNOWN	214	A	0.989873417722	C	0.00607594936709	7820	48	27	5	7900	103335
UNKNOWN	215	C	0.970632911392	T	0.019746835443	33	7668	43	156	7900	103335
UNKNOWN	216	A	0.986075949367	G	0.010253164557	7790	21	81	8	7900	103335
UNKNOWN	217	A	0.967088607595	G	0.0172151898734	7640	70	136	54	7900	103335
UNKNOWN	218	C	0.971898734177	T	0.0169620253165	2	7678	86	134	7900	103335
UNKNOWN	219	T	0.987594936709	C	0.00746835443038	27	59	12	7802	7900	103335
UNKNOWN	220	C	0.99582278481	A	0.00240506329114	19	7867	1	13	7900	103335
UNKNOWN	221	C	0.988227848101	A	0.00746835443038	59	7807	13	21	7900	103335
UNKNOWN	222	A	0.985949367089	G	0.00835443037975	7789	44	66	1	7900	103335
UNKNOWN	223	A	0.987341772152	G	0.0116455696203	7800	3	92	5	7900	103335
UNKNOWN	224	G	0.991139240506	A	0.00518987341772	41	25	7830	4	7900	103335
UNKNOWN	225	A	0.990632911392	G	0.00670886075949	7826	18	53	3	7900	103335
UNKNOWN	226	G	0.964683544304	A	0.0241772151899	191	80	7621	8	7900	103335
UNKNOWN	227	C	0.960253164557	T	0.0343037974684	13	7586	30	271	7900	103335
UNKNOWN	228	C	0.988607594937	A	0.00746835443038	59	7810	29	2	7900	103335
UNKNOWN	229	A	0.990253164557	G	0.00417721518987	7823	21	33	23	7900	103335
UNKNOWN	230	A	0.967848101266	G	0.0291139240506	7646	13	230	11	7900	103335
UNKNOWN	231	G	0.968607594937	A	0.0111392405063	88	72	7652	88	7900	103335
UNKNOWN	232	T	0.989620253165	C	0.00936708860759	2	74	6	7818	7900	103335
UNKNOWN	233	C	0.97253164557	T	0.0146835443038	20	7683	81	116	7900	103335
UNKNOWN	234	T	0.990253164557	C	0.00620253164557	5	49	23	7823	7900	103335
UNKNOWN	235	C	0.990759493671	T	0.00860759493671	4	7827	1	68	7900	103335
UNKNOWN	236	T	0.983164556962	C	0.00962025316456	32	76	25	7767	7900	103335
UNKNOWN	237	C	0.990379746835	G	0.00430379746835	9	7824	34	33	7900	103335
UNKNOWN	238	T	0.993924050633	A	0.00303797468354	24	18	6	7852	7900	103335
UNKNOWN	239	A	0.856962025316	G	0.127594936709	6770	64	1008	58	7900	103335
UNKNOWN	240	T	0.983037974684	G	0.00708860759494	37	41	56	7766	7900	103335
UNKNOWN	241	C	0.982784810127	T	0.0127848101266	32	7764	3	101	7900	103335
UNKNOWN	242	A	0.981012658228	G	0.00911392405063	7750	56	72	22	7900	103335
UNKNOWN	243	C	0.874810126582	G	0.107088607595	66	6911	846	77	7900	103335
UNKNOWN	244	T	0.993037974684	G	0.00493670886076	6	10	39	7845	7900	103335
UNKNOWN	245	G	0.973544303797	A	0.0194936708861	154	27	7691	28	7900	103335
UNKNOWN	246	A	0.982151898734	G	0.0144303797468	7759	24	114	3	7900	103335
UNKNOWN	247	G	0.954936708861	A	0.0262025316456	207	122	7544	27	7900	103335
UNKNOWN	248	C	0.969113924051	T	0.019746835443	58	7656	30	156	7900	103335
UNKNOWN	249	A	0.984683544304	G	0.0132911392405	7779	13	105	3	7900	103335
UNKNOWN	250	G	0.984430379747	C	0.0107594936709	22	85	7777	16	7900	103335
UNKNOWN	251	C	0.988481012658	T	0.00544303797468	12	7809	36	43	7900	103335
UNKNOWN	252	G	0.988734177215	A	0.00607594936709	48	7	7811	34	7900	103335
UNKNOWN	253	T	0.986455696203	C	0.00658227848101	19	52	36	7793	7900	103335
UNKNOWN	254	G	0.961012658228	A	0.0283544303797	224	45	7592	39	7900	103335
UNKNOWN	255	A	0.976075949367	G	0.0182278481013	7711	29	144	16	7900	103335
UNKNOWN	256	C	0.979240506329	T	0.0107594936709	48	7736	31	85	7900	103335
UNKNOWN	257	A	0.963544303797	G	0.0293670886076	7612	27	232	29	7900	103335
UNKNOWN	258	A	0.857974683544	C	0.112405063291	6778	888	180	54	7900	103335
UNKNOWN	259	C	0.955316455696	G	0.02	41	7547	158	154	7900	103335
UNKNOWN	260	T	0.969620253165	G	0.0179746835443	25	73	142	7660	7900	103335
UNKNOWN	261	G	0.988607594937	A	0.00860759493671	68	5	7810	17	7900	103335
UNKNOWN	262	A	0.986075949367	G	0.00987341772152	7790	28	78	4	7900	103335
UNKNOWN	263	G	0.949873417722	A	0.0264556962025	209	134	7504	53	7900	103335
UNKNOWN	264	G	0.98746835443	A	0.00784810126582	62	11	7801	26	7900	103335
UNKNOWN	265	A	0.987848101266	C	0.00683544303797	7804	54	34	8	7900	103335
UNKNOWN	266	C	0.984050632911	A	0.00746835443038	59	7774	15	52	7900	103335
UNKNOWN	267	A	0.973544303797	G	0.0151898734177	7691	30	120	59	7900	103335
UNKNOWN	268	C	0.990379746835	G	0.0053164556962	24	7824	42	10	7900	103335
UNKNOWN	269	G	0.973164556962	A	0.0191139240506	151	20	7688	41	7900	103335
UNKNOWN	270	G	0.987974683544	T	0.0046835443038	25	33	7805	37	7900	103335
UNKNOWN	271	C	0.99	A	0.00518987341772	41	7821	33	5	7900	103335
UNKNOWN	272	C	0.986962025316	A	0.00708860759494	56	7797	12	35	7900	103335
UNKNOWN	273	A	0.987215189873	G	0.00708860759494	7799	30	56	15	7900	103335
UNKNOWN	274	C	0.979113924051	A	0.0130379746835	103	7735	23	39	7900	103335
UNKNOWN	275	A	0.973037974684	G	0.0145569620253	7687	42	115	56	7900	103335
UNKNOWN	276	T	0.988481012658	A	0.00455696202532	36	21	34	7809	7900	103335
UNKNOWN	277	A	0.987341772152	C	0.00746835443038	7800	59	26	15	7900	103335
UNKNOWN	278	C	0.943417721519	T	0.0526582278481	21	7453	10	416	7900	103335
UNKNOWN	279	T	0.978607594937	C	0.00810126582278	51	64	54	7731	7900	103335
UNKNOWN	280	A	0.970126582278	T	0.0126582278481	7664	76	60	100	7900	103335
UNKNOWN	281	C	0.967594936709	T	0.029746835443	13	7644	8	235	7900	103335
UNKNOWN	282	T	0.984303797468	G	0.0122784810127	22	5	97	7776	7900	103335
