Type	Position	Nucl1	Freq1	Nucl2	Freq2	NumAs	NumCs	NumGs	NumTs	NumAligned	NumNaive
UNKNOWN	0	C	1.0	A	0.0	0	20470	0	0	20470	98245
UNKNOWN	1	A	1.0	C	0.0	20470	0	0	0	20470	98245
UNKNOWN	2	G	1.0	A	0.0	0	0	20470	0	20470	98245
UNKNOWN	3	G	1.0	A	0.0	0	0	20470	0	20470	98245
UNKNOWN	4	T	1.0	A	0.0	0	0	0	20470	20470	98245
UNKNOWN	5	G	1.0	A	0.0	0	0	20470	0	20470	98245
UNKNOWN	6	C	1.0	A	0.0	0	20470	0	0	20470	98245
UNKNOWN	7	A	0.996678065462	G	0.00234489496825	20402	6	48	14	20470	98245
UNKNOWN	8	G	0.993356130923	A	0.00444553004397	91	33	20334	12	20470	98245
UNKNOWN	9	C	0.995994137763	T	0.00293111871031	0	20388	22	60	20470	98245
UNKNOWN	10	T	0.998094772838	C	0.00185637518319	0	38	1	20431	20470	98245
UNKNOWN	11	G	0.998485588666	A	0.00107474352711	22	7	20439	2	20470	98245
UNKNOWN	12	C	0.998974108451	T	0.000928187591597	1	20449	1	19	20470	98245
UNKNOWN	13	G	0.998534440645	A	0.00131900341964	27	2	20440	1	20470	98245
UNKNOWN	14	G	0.951489985344	C	0.0468001954079	29	958	19477	6	20470	98245
UNKNOWN	15	G	0.999413776258	A	0.000244259892526	5	5	20458	2	20470	98245
UNKNOWN	16	A	0.997166585247	G	0.00210063507572	20412	11	43	4	20470	98245
UNKNOWN	17	G	0.994968246214	A	0.00454323400098	93	7	20367	3	20470	98245
UNKNOWN	18	T	0.997117733268	C	0.00136785539814	16	28	15	20411	20470	98245
UNKNOWN	19	C	0.999316072301	G	0.000341963849536	1	20456	7	6	20470	98245
UNKNOWN	20	G	0.995603321935	A	0.00390815828041	80	10	20380	0	20470	98245
UNKNOWN	21	G	0.999120664387	A	0.000537371763556	11	5	20452	2	20470	98245
UNKNOWN	22	G	0.999218368344	A	0.000390815828041	8	7	20454	1	20470	98245
UNKNOWN	23	C	0.998827552516	T	0.000879335613092	6	20446	0	18	20470	98245
UNKNOWN	24	C	0.999755740107	T	0.000244259892526	0	20465	0	5	20470	98245
UNKNOWN	25	C	0.999169516365	T	0.000732779677577	1	20453	1	15	20470	98245
UNKNOWN	26	C	0.998339032731	A	0.000830483634587	17	20436	3	14	20470	98245
UNKNOWN	27	A	0.995212506106	G	0.00390815828041	20372	12	80	6	20470	98245
UNKNOWN	28	G	0.992330239375	A	0.00532486565706	109	45	20313	3	20470	98245
UNKNOWN	29	C	0.997508549096	T	0.00219833903273	1	20419	5	45	20470	98245
UNKNOWN	30	C	0.998143624817	T	0.00161211529067	2	20432	3	33	20470	98245
UNKNOWN	31	T	0.996873473376	C	0.00156326331216	1	32	31	20406	20470	98245
UNKNOWN	32	G	0.994137762579	A	0.00439667806546	90	6	20350	24	20470	98245
UNKNOWN	33	G	0.996580361505	A	0.00151441133366	31	17	20400	22	20470	98245
UNKNOWN	34	T	0.994382022472	C	0.00434782608696	2	89	24	20355	20470	98245
UNKNOWN	35	G	0.996873473376	A	0.00268685881778	55	5	20406	4	20470	98245
UNKNOWN	36	A	0.995163654128	G	0.00234489496825	20371	43	48	8	20470	98245
UNKNOWN	37	A	0.991890571568	G	0.00581338544211	20304	39	119	8	20470	98245
UNKNOWN	38	G	0.996971177333	A	0.00175867122618	36	25	20408	1	20470	98245
UNKNOWN	39	C	0.996336101612	T	0.00185637518319	14	20395	23	38	20470	98245
UNKNOWN	40	C	0.999511480215	T	0.000341963849536	2	20460	1	7	20470	98245
UNKNOWN	41	C	0.997117733268	T	0.00166096726917	1	20411	24	34	20470	98245
UNKNOWN	42	T	0.995065950171	C	0.00302882266732	12	62	27	20369	20470	98245
UNKNOWN	43	C	0.998387884709	A	0.00102589154861	21	20437	0	12	20470	98245
UNKNOWN	44	A	0.994333170493	G	0.00258915486077	20354	35	53	28	20470	98245
UNKNOWN	45	C	0.997459697118	A	0.00107474352711	22	20418	21	9	20470	98245
UNKNOWN	46	A	0.97449926722	C	0.0218368343918	19948	447	71	4	20470	98245
UNKNOWN	47	G	0.995163654128	A	0.00405471421593	83	14	20371	2	20470	98245
UNKNOWN	48	A	0.995603321935	G	0.00229604298974	20380	40	47	3	20470	98245
UNKNOWN	49	C	0.998436736688	G	0.000879335613092	1	20438	18	13	20470	98245
UNKNOWN	50	C	0.997020029311	T	0.00141670737665	7	20409	25	29	20470	98245
UNKNOWN	51	C	0.997801660967	T	0.00136785539814	9	20425	8	28	20470	98245
UNKNOWN	52	T	0.995456765999	C	0.00415241817294	6	85	2	20377	20470	98245
UNKNOWN	53	C	0.997948216903	T	0.00131900341964	1	20428	14	27	20470	98245
UNKNOWN	54	T	0.994919394235	C	0.00439667806546	6	90	8	20366	20470	98245
UNKNOWN	55	C	0.998925256473	T	0.000879335613092	1	20448	3	18	20470	98245
UNKNOWN	56	C	0.996336101612	T	0.00161211529067	21	20395	21	33	20470	98245
UNKNOWN	57	C	0.996336101612	T	0.00200293111871	3	20395	31	41	20470	98245
UNKNOWN	58	T	0.99574987787	C	0.0038104543234	6	78	3	20383	20470	98245
UNKNOWN	59	C	0.997997068881	A	0.00112359550562	23	20429	1	17	20470	98245
UNKNOWN	60	A	0.994870542257	G	0.00332193453835	20365	35	68	2	20470	98245
UNKNOWN	61	C	0.998436736688	T	0.00107474352711	2	20438	8	22	20470	98245
UNKNOWN	62	C	0.996238397655	T	0.00239374694675	13	20393	15	49	20470	98245
UNKNOWN	63	T	0.996336101612	C	0.00219833903273	0	45	30	20395	20470	98245
UNKNOWN	64	G	0.998143624817	C	0.00107474352711	12	22	20432	4	20470	98245
UNKNOWN	65	C	0.997117733268	T	0.00180752320469	22	20411	0	37	20470	98245
UNKNOWN	66	A	0.990327308256	G	0.00703468490474	20272	41	144	13	20470	98245
UNKNOWN	67	C	0.995945285784	T	0.00234489496825	12	20387	23	48	20470	98245
UNKNOWN	68	G	0.989741084514	A	0.00864680019541	177	26	20260	7	20470	98245
UNKNOWN	69	G	0.595701025892	A	0.400635075721	8201	41	12194	34	20470	98245
UNKNOWN	70	T	0.876648754275	C	0.122374206155	4	2505	16	17945	20470	98245
UNKNOWN	71	C	0.980214948705	G	0.0113336590132	43	20065	232	130	20470	98245
UNKNOWN	72	T	0.993991206644	C	0.00337078651685	13	69	41	20347	20470	98245
UNKNOWN	73	C	0.997752808989	T	0.00156326331216	10	20424	4	32	20470	98245
UNKNOWN	74	T	0.990425012213	C	0.00586223742062	21	120	55	20274	20470	98245
UNKNOWN	75	G	0.995896433806	A	0.00327308255984	67	14	20386	3	20470	98245
UNKNOWN	76	G	0.994333170493	A	0.00468978993649	96	16	20354	4	20470	98245
UNKNOWN	77	A	0.988422081094	G	0.00581338544211	20233	69	119	49	20470	98245
UNKNOWN	78	T	0.989936492428	G	0.00542256961407	14	81	111	20264	20470	98245
UNKNOWN	79	T	0.994333170493	C	0.00468978993649	5	96	15	20354	20470	98245
UNKNOWN	80	C	0.989985344406	T	0.00742550073278	6	20265	47	152	20470	98245
UNKNOWN	81	T	0.991450903762	C	0.00576453346361	9	118	48	20295	20470	98245
UNKNOWN	82	C	0.993600390816	T	0.00488519785051	29	20339	2	100	20470	98245
UNKNOWN	83	A	0.99149975574	C	0.00361504640938	20296	74	46	54	20470	98245
UNKNOWN	84	T	0.978358573522	C	0.0192965315095	30	395	18	20027	20470	98245
UNKNOWN	85	T	0.99609184172	C	0.00170981924768	10	35	35	20390	20470	98245
UNKNOWN	86	G	0.985246702491	A	0.0132877381534	272	14	20168	16	20470	98245
UNKNOWN	87	A	0.989350268686	G	0.00776746458232	20252	53	159	6	20470	98245
UNKNOWN	88	G	0.954127992184	A	0.0269174401563	551	346	19531	42	20470	98245
UNKNOWN	89	C	0.959648265755	T	0.023693209575	212	19644	129	485	20470	98245
UNKNOWN	90	A	0.962481680508	G	0.0262335124573	19702	208	537	23	20470	98245
UNKNOWN	91	G	0.861162677088	A	0.0875915974597	1793	732	17628	317	20470	98245
UNKNOWN	92	C	0.957498778701	T	0.0291646311676	146	19600	127	597	20470	98245
UNKNOWN	93	T	0.967611138251	A	0.0118710307767	243	228	192	19807	20470	98245
UNKNOWN	94	A	0.961162677088	T	0.0156326331216	19675	249	226	320	20470	98245
UNKNOWN	95	T	0.983683439179	C	0.0105031753786	38	215	81	20136	20470	98245
UNKNOWN	96	G	0.894968246214	A	0.0684904738642	1402	418	18320	330	20470	98245
UNKNOWN	97	C	0.925012212995	G	0.0353199804592	292	18935	723	520	20470	98245
UNKNOWN	98	T	0.9895456766	C	0.00483634587201	27	99	88	20256	20470	98245
UNKNOWN	99	G	0.976502198339	A	0.0195896433806	401	33	19989	47	20470	98245
UNKNOWN	100	T	0.993600390816	C	0.00459208597948	26	94	11	20339	20470	98245
UNKNOWN	101	A	0.963702979971	G	0.0205178309722	19727	118	420	205	20470	98245
UNKNOWN	102	G	0.924767953102	A	0.0587200781632	1202	253	18930	85	20470	98245
UNKNOWN	103	G	0.862530532487	A	0.0929653150953	1903	600	17656	311	20470	98245
UNKNOWN	104	C	0.990473864191	T	0.00498290180752	32	20275	61	102	20470	98245
UNKNOWN	105	T	0.997459697118	G	0.00141670737665	3	20	29	20418	20470	98245
UNKNOWN	106	G	0.999316072301	A	0.000439667806546	9	1	20456	4	20470	98245
UNKNOWN	107	G	0.998827552516	A	0.000488519785051	10	9	20446	5	20470	98245
UNKNOWN	108	G	0.98334147533	A	0.0125549584758	257	29	20129	55	20470	98245
UNKNOWN	109	T	0.994821690278	C	0.00449438202247	5	92	9	20364	20470	98245
UNKNOWN	110	C	0.997264289204	T	0.00170981924768	12	20414	9	35	20470	98245
UNKNOWN	111	C	0.997899364924	G	0.00141670737665	1	20427	29	13	20470	98245
UNKNOWN	112	G	0.997850512946	C	0.00151441133366	12	31	20426	1	20470	98245
UNKNOWN	113	C	0.997655105032	T	0.00112359550562	12	20422	13	23	20470	98245
UNKNOWN	114	C	0.997557401075	A	0.00161211529067	33	20420	7	10	20470	98245
UNKNOWN	115	A	0.991402051783	G	0.00806057645335	20294	9	165	2	20470	98245
UNKNOWN	116	G	0.998436736688	A	0.00117244748412	24	7	20438	1	20470	98245
UNKNOWN	117	G	0.987445041524	A	0.00913531998046	187	60	20213	10	20470	98245
UNKNOWN	118	C	0.995163654128	T	0.00268685881778	3	20371	41	55	20470	98245
UNKNOWN	119	T	0.968001954079	C	0.0299462628236	9	613	33	19815	20470	98245
UNKNOWN	120	C	0.974010747435	T	0.0248168050806	12	19938	12	508	20470	98245
UNKNOWN	121	C	0.99770395701	G	0.00146555935515	6	20423	30	11	20470	98245
UNKNOWN	122	G	0.964582315584	A	0.0343917928676	704	13	19745	8	20470	98245
UNKNOWN	123	G	0.998778700537	A	0.000977039570103	20	2	20445	3	20470	98245
UNKNOWN	124	G	0.997850512946	A	0.00146555935515	30	13	20426	1	20470	98245
UNKNOWN	125	G	0.991548607719	A	0.00771861260381	158	10	20297	5	20470	98245
UNKNOWN	126	A	0.995065950171	G	0.00327308255984	20369	16	67	18	20470	98245
UNKNOWN	127	A	0.989057156815	G	0.00942843185149	20246	26	193	5	20470	98245
UNKNOWN	128	G	0.998241328774	C	0.000928187591597	14	19	20434	3	20470	98245
UNKNOWN	129	G	0.994528578407	C	0.00312652662433	47	64	20358	1	20470	98245
UNKNOWN	130	C	0.996482657548	G	0.00244259892526	8	20398	50	14	20470	98245
UNKNOWN	131	G	0.979628724963	A	0.0159745969712	327	71	20053	19	20470	98245
UNKNOWN	132	C	0.989643380557	T	0.0085979482169	11	20258	25	176	20470	98245
UNKNOWN	133	T	0.990913531998	C	0.00508060576453	4	104	78	20284	20470	98245
UNKNOWN	134	G	0.983927699072	A	0.0125061064973	256	16	20141	57	20470	98245
UNKNOWN	135	G	0.995505617978	A	0.00249145090376	51	36	20378	5	20470	98245
UNKNOWN	136	A	0.992183683439	G	0.00630190522716	20310	9	129	22	20470	98245
UNKNOWN	137	G	0.968001954079	A	0.0248656570591	509	104	19815	42	20470	98245
UNKNOWN	138	T	0.995701025892	G	0.00263800683928	4	30	54	20382	20470	98245
UNKNOWN	139	G	0.99804592086	A	0.00107474352711	22	8	20430	10	20470	98245
UNKNOWN	140	G	0.980605764533	T	0.0170981924768	15	32	20073	350	20470	98245
UNKNOWN	141	G	0.928236443576	A	0.0421592574499	863	542	19001	64	20470	98245
UNKNOWN	142	T	0.997557401075	C	0.00161211529067	5	33	12	20420	20470	98245
UNKNOWN	143	T	0.977723497802	C	0.0121641426478	29	249	178	20014	20470	98245
UNKNOWN	144	G	0.994821690278	A	0.00464093795799	95	1	20364	10	20470	98245
UNKNOWN	145	G	0.991011235955	C	0.00591108939912	14	121	20286	49	20470	98245
UNKNOWN	146	T	0.953883732291	G	0.0242305813385	205	243	496	19526	20470	98245
UNKNOWN	147	G	0.827943331705	A	0.148754274548	3045	148	16948	329	20470	98245
UNKNOWN	148	G	0.816805080606	A	0.0990229604299	2027	1099	16720	624	20470	98245
UNKNOWN	149	T	0.925549584758	G	0.0338544211041	417	414	693	18946	20470	98245
UNKNOWN	150	A	0.936052760137	G	0.0551538837323	19161	34	1129	146	20470	98245
UNKNOWN	151	T	0.985393258427	C	0.00498290180752	97	102	100	20171	20470	98245
UNKNOWN	152	A	0.923546653639	G	0.0339032730826	18905	304	694	567	20470	98245
UNKNOWN	153	A	0.869369809477	G	0.106595017098	17796	372	2182	120	20470	98245
UNKNOWN	154	G	0.867757694187	A	0.0859306301905	1759	766	17763	182	20470	98245
UNKNOWN	155	T	0.935075720567	C	0.0348314606742	300	713	316	19141	20470	98245
UNKNOWN	156	A	0.765852467025	G	0.202442598925	15677	356	4144	293	20470	98245
UNKNOWN	157	G	0.874352711285	C	0.0582804103566	880	1193	17898	499	20470	98245
UNKNOWN	158	T	0.94445530044	G	0.0234489496825	338	319	480	19333	20470	98245
UNKNOWN	159	G	0.793893502687	A	0.151538837323	3102	829	16251	288	20470	98245
UNKNOWN	160	G	0.823546653639	A	0.099804592086	2043	1154	16858	415	20470	98245
UNKNOWN	161	T	0.956570591109	G	0.019052271617	306	193	390	19581	20470	98245
UNKNOWN	162	G	0.986321446019	A	0.0110405471422	226	34	20190	20	20470	98245
UNKNOWN	163	G	0.981924767953	A	0.0107474352711	220	104	20100	46	20470	98245
UNKNOWN	164	A	0.953981436248	G	0.0330239374695	19528	112	676	154	20470	98245
UNKNOWN	165	A	0.922178798241	G	0.0632633121641	18877	214	1295	84	20470	98245
UNKNOWN	166	G	0.772642892037	A	0.108353688324	2218	1728	15816	708	20470	98245
UNKNOWN	167	C	0.908011724475	G	0.0353688324377	494	18587	724	665	20470	98245
UNKNOWN	168	A	0.968246213972	G	0.0200781631656	19820	182	411	57	20470	98245
UNKNOWN	169	C	0.965412799218	T	0.0228627259404	158	19762	82	468	20470	98245
UNKNOWN	170	A	0.972105520274	G	0.0122129946263	19899	72	250	249	20470	98245
UNKNOWN	171	T	0.963019052272	G	0.0279433317049	93	92	572	19713	20470	98245
UNKNOWN	172	G	0.96599902296	A	0.024084025403	493	130	19774	73	20470	98245
UNKNOWN	173	C	0.983292623351	T	0.0129946262824	14	20128	62	266	20470	98245
UNKNOWN	174	C	0.943380556913	T	0.0499755740107	74	19311	62	1023	20470	98245
UNKNOWN	175	T	0.939912066439	A	0.043038593063	881	188	161	19240	20470	98245
UNKNOWN	176	T	0.940400586224	C	0.0245725451881	298	503	419	19250	20470	98245
UNKNOWN	177	A	0.985784074255	G	0.00913531998046	20179	81	187	23	20470	98245
UNKNOWN	178	A	0.982510991695	G	0.0105031753786	20112	128	215	15	20470	98245
UNKNOWN	179	C	0.880996580362	T	0.105715681485	42	18034	230	2164	20470	98245
UNKNOWN	180	C	0.944992672203	T	0.0277479237909	210	19344	348	568	20470	98245
UNKNOWN	181	C	0.98759159746	A	0.00713238886175	146	20216	35	73	20470	98245
UNKNOWN	182	A	0.98299951148	G	0.0109428431851	20122	71	224	53	20470	98245
UNKNOWN	183	G	0.979140205178	A	0.0119687347338	245	150	20043	32	20470	98245
UNKNOWN	184	C	0.98006839277	T	0.00977039570103	32	20062	176	200	20470	98245
UNKNOWN	185	C	0.996629213483	T	0.0028822667318	4	20401	6	59	20470	98245
UNKNOWN	186	C	0.99247679531	T	0.00600879335613	10	20316	21	123	20470	98245
UNKNOWN	187	T	0.991890571568	G	0.00449438202247	32	42	92	20304	20470	98245
UNKNOWN	188	G	0.980361504641	A	0.0153883732291	315	26	20068	61	20470	98245
UNKNOWN	189	A	0.985637518319	G	0.00820713238886	20176	120	168	6	20470	98245
UNKNOWN	190	A	0.989301416707	G	0.00620420127015	20251	58	127	34	20470	98245
UNKNOWN	191	A	0.987396189546	G	0.00547142159257	20212	48	112	98	20470	98245
UNKNOWN	192	T	0.983878847093	C	0.0103566194431	53	212	65	20140	20470	98245
UNKNOWN	193	C	0.996384953591	T	0.00239374694675	17	20396	8	49	20470	98245
UNKNOWN	194	C	0.989057156815	T	0.00591108939912	38	20246	65	121	20470	98245
UNKNOWN	195	C	0.994137762579	G	0.00493404982902	7	20350	101	12	20470	98245
UNKNOWN	196	G	0.995945285784	A	0.00229604298974	47	19	20387	17	20470	98245
UNKNOWN	197	G	0.942501221299	A	0.0409379579873	838	240	19293	99	20470	98245
UNKNOWN	198	C	0.983097215437	T	0.00820713238886	40	20124	138	168	20470	98245
UNKNOWN	199	T	0.989838788471	C	0.00723009281876	33	148	27	20262	20470	98245
UNKNOWN	200	C	0.989399120664	A	0.00610649731314	125	20253	28	64	20470	98245
UNKNOWN	201	A	0.985442110405	G	0.0117733268197	20172	52	241	5	20470	98245
UNKNOWN	202	G	0.971861260381	C	0.0199804592086	92	409	19894	75	20470	98245
UNKNOWN	203	C	0.951099169516	T	0.0339521250611	185	19469	121	695	20470	98245
UNKNOWN	204	A	0.976160234489	G	0.0153395212506	19982	51	314	123	20470	98245
UNKNOWN	205	T	0.990571568149	C	0.0076209086468	23	156	14	20277	20470	98245
UNKNOWN	206	C	0.989252564729	A	0.00537371763556	110	20250	12	98	20470	98245
UNKNOWN	207	A	0.984074255007	G	0.00845139228139	20144	114	173	39	20470	98245
UNKNOWN	208	C	0.984904738642	T	0.00576453346361	81	20161	110	118	20470	98245
UNKNOWN	209	C	0.96536394724	A	0.0155349291646	318	19761	190	201	20470	98245
UNKNOWN	210	A	0.992134831461	G	0.00454323400098	20309	65	93	3	20470	98245
UNKNOWN	211	A	0.975622862726	G	0.0217391304348	19971	40	445	14	20470	98245
UNKNOWN	212	G	0.989936492428	A	0.00771861260381	158	32	20264	16	20470	98245
UNKNOWN	213	G	0.989447972643	A	0.0095261358085	195	14	20254	7	20470	98245
UNKNOWN	214	A	0.985490962384	C	0.00649731314118	20173	133	60	104	20470	98245
UNKNOWN	215	C	0.980214948705	T	0.00786516853933	130	20065	114	161	20470	98245
UNKNOWN	216	A	0.975525158769	G	0.0155349291646	19969	104	318	79	20470	98245
UNKNOWN	217	A	0.968343917929	C	0.0148998534441	19822	305	288	55	20470	98245
UNKNOWN	218	C	0.970639960918	T	0.0180752320469	26	19869	205	370	20470	98245
UNKNOWN	219	T	0.984611626771	C	0.00893991206644	57	183	75	20155	20470	98245
UNKNOWN	220	C	0.994235466536	A	0.00268685881778	55	20352	12	51	20470	98245
UNKNOWN	221	C	0.986663409868	A	0.00820713238886	168	20197	25	80	20470	98245
UNKNOWN	222	A	0.984171958964	G	0.00830483634587	20146	150	170	4	20470	98245
UNKNOWN	223	A	0.980898876404	G	0.0166096726917	20079	30	340	21	20470	98245
UNKNOWN	224	G	0.985881778212	A	0.0085490962384	175	91	20181	23	20470	98245
UNKNOWN	225	A	0.985979482169	G	0.0112848070347	20183	50	231	6	20470	98245
UNKNOWN	226	G	0.947288715193	A	0.0410845139228	841	208	19391	30	20470	98245
UNKNOWN	227	C	0.966927210552	T	0.0238397655105	56	19793	133	488	20470	98245
UNKNOWN	228	C	0.986223742062	A	0.00781631656082	160	20188	114	8	20470	98245
UNKNOWN	229	A	0.990278456277	G	0.00586223742062	20271	21	120	58	20470	98245
UNKNOWN	230	A	0.965559355154	G	0.0293111871031	19765	73	600	32	20470	98245
UNKNOWN	231	G	0.965852467025	A	0.0182217879824	373	138	19771	188	20470	98245
UNKNOWN	232	T	0.989985344406	C	0.0085490962384	8	175	22	20265	20470	98245
UNKNOWN	233	C	0.95881778212	G	0.0211040547142	24	19627	432	387	20470	98245
UNKNOWN	234	T	0.986516853933	C	0.00835368832438	41	171	64	20194	20470	98245
UNKNOWN	235	C	0.98856863703	T	0.0085490962384	57	20236	2	175	20470	98245
UNKNOWN	236	T	0.969174401563	C	0.0173424523693	33	355	243	19839	20470	98245
UNKNOWN	237	C	0.989741084514	T	0.00791402051783	10	20260	38	162	20470	98245
UNKNOWN	238	T	0.99149975574	G	0.00547142159257	10	52	112	20296	20470	98245
UNKNOWN	239	G	0.956912554958	A	0.0287738153395	589	136	19588	157	20470	98245
UNKNOWN	240	T	0.98299951148	C	0.00718124084025	115	147	86	20122	20470	98245
UNKNOWN	241	C	0.981875915975	T	0.0113825109917	119	20099	19	233	20470	98245
UNKNOWN	242	A	0.969516365413	G	0.019247679531	19846	148	394	82	20470	98245
UNKNOWN	243	G	0.910893991207	C	0.0440156326331	698	901	18646	225	20470	98245
UNKNOWN	244	T	0.987103077675	G	0.00625305324866	25	111	128	20206	20470	98245
UNKNOWN	245	G	0.971861260381	A	0.019247679531	394	115	19894	67	20470	98245
UNKNOWN	246	A	0.975036638984	G	0.0182706399609	19959	121	374	16	20470	98245
UNKNOWN	247	G	0.93497801661	A	0.038104543234	780	436	19139	115	20470	98245
UNKNOWN	248	C	0.955007327797	T	0.0280898876404	227	19549	119	575	20470	98245
UNKNOWN	249	A	0.974987787005	G	0.0205178309722	19958	86	420	6	20470	98245
UNKNOWN	250	G	0.976502198339	C	0.0132877381534	178	272	19989	31	20470	98245
UNKNOWN	251	C	0.981436248168	T	0.0100146555936	36	20090	139	205	20470	98245
UNKNOWN	252	G	0.984074255007	A	0.00649731314118	133	79	20144	114	20470	98245
UNKNOWN	253	T	0.985832926234	C	0.00688812896922	24	141	125	20180	20470	98245
UNKNOWN	254	G	0.956717147044	A	0.0307767464582	630	131	19584	125	20470	98245
UNKNOWN	255	A	0.974890083048	G	0.0155837811431	19956	115	319	80	20470	98245
UNKNOWN	256	C	0.985442110405	A	0.00713238886175	146	20172	66	86	20470	98245
UNKNOWN	257	A	0.948119198828	G	0.0370297997069	19408	213	758	91	20470	98245
UNKNOWN	258	C	0.593844650708	A	0.384416218857	7869	12156	329	116	20470	98245
UNKNOWN	259	C	0.963751831949	T	0.0185637518319	47	19728	315	380	20470	98245
UNKNOWN	260	T	0.95652173913	C	0.0240351734245	77	492	321	19580	20470	98245
UNKNOWN	261	G	0.988910600879	A	0.00898876404494	184	14	20243	29	20470	98245
UNKNOWN	262	A	0.981778212018	G	0.0135808500244	20097	75	278	20	20470	98245
UNKNOWN	263	G	0.93986321446	A	0.0309721543723	634	521	19239	76	20470	98245
UNKNOWN	264	G	0.988128969223	A	0.00869565217391	178	24	20227	41	20470	98245
UNKNOWN	265	A	0.987933561309	C	0.00835368832438	20223	171	61	15	20470	98245
UNKNOWN	266	C	0.9790913532	A	0.00957498778701	196	20042	61	171	20470	98245
UNKNOWN	267	A	0.966047874939	G	0.0161211529067	19775	129	330	236	20470	98245
UNKNOWN	268	C	0.987884709331	G	0.00845139228139	41	20222	173	34	20470	98245
UNKNOWN	269	G	0.963312164143	A	0.0307767464582	630	73	19719	48	20470	98245
UNKNOWN	270	G	0.988080117245	C	0.00605764533464	60	124	20226	60	20470	98245
UNKNOWN	271	C	0.991255495848	A	0.00434782608696	89	20291	70	20	20470	98245
UNKNOWN	272	C	0.986712261847	A	0.00815828041036	167	20198	38	67	20470	98245
UNKNOWN	273	A	0.983488031265	G	0.00674157303371	20132	118	138	82	20470	98245
UNKNOWN	274	C	0.980508060576	T	0.00874450415242	178	20071	42	179	20470	98245
UNKNOWN	275	A	0.956375183195	G	0.0237420615535	19577	164	486	243	20470	98245
UNKNOWN	276	T	0.988373229116	A	0.00605764533464	124	53	61	20232	20470	98245
UNKNOWN	277	A	0.985002442599	C	0.00713238886175	20163	146	39	122	20470	98245
UNKNOWN	278	C	0.945481191988	T	0.0505617977528	48	19354	33	1035	20470	98245
UNKNOWN	279	T	0.980019540791	A	0.00815828041036	167	152	90	20061	20470	98245
UNKNOWN	280	A	0.971372740596	T	0.0137274059599	19884	216	89	281	20470	98245
UNKNOWN	281	C	0.965657059111	T	0.0306790425012	36	19767	39	628	20470	98245
UNKNOWN	282	T	0.98661455789	G	0.00991695163654	29	42	203	20196	20470	98245
