Type	Position	Nucl1	Freq1	Nucl2	Freq2	NumAs	NumCs	NumGs	NumTs	NumAligned	NumNaive
UNKNOWN	0	A	1.0	C	0.0	601	0	0	0	601	200403
UNKNOWN	1	A	1.0	C	0.0	601	0	0	0	601	200403
UNKNOWN	2	G	1.0	A	0.0	0	0	601	0	601	200403
UNKNOWN	3	G	1.0	A	0.0	0	0	601	0	601	200403
UNKNOWN	4	T	1.0	A	0.0	0	0	0	601	601	200403
UNKNOWN	5	G	1.0	A	0.0	0	0	601	0	601	200403
UNKNOWN	6	C	1.0	A	0.0	0	601	0	0	601	200403
UNKNOWN	7	A	1.0	C	0.0	601	0	0	0	601	200403
UNKNOWN	8	G	0.998336106489	C	0.00166389351082	0	1	600	0	601	200403
UNKNOWN	9	C	0.998336106489	G	0.00166389351082	0	600	1	0	601	200403
UNKNOWN	10	T	0.998336106489	C	0.00166389351082	0	1	0	600	601	200403
UNKNOWN	11	G	0.965058236273	T	0.0349417637271	0	0	580	21	601	200403
UNKNOWN	12	C	1.0	A	0.0	0	601	0	0	601	200403
UNKNOWN	13	A	0.690515806988	G	0.309484193012	415	0	186	0	601	200403
UNKNOWN	14	G	0.976705490849	C	0.0232945091514	0	14	587	0	601	200403
UNKNOWN	15	G	1.0	A	0.0	0	0	601	0	601	200403
UNKNOWN	16	A	0.993344425957	C	0.00332778702163	597	2	1	1	601	200403
UNKNOWN	17	G	0.996672212978	T	0.00332778702163	0	0	599	2	601	200403
UNKNOWN	18	T	0.998336106489	C	0.00166389351082	0	1	0	600	601	200403
UNKNOWN	19	C	1.0	A	0.0	0	601	0	0	601	200403
UNKNOWN	20	G	0.793677204659	A	0.201331114809	121	0	477	3	601	200403
UNKNOWN	21	G	1.0	A	0.0	0	0	601	0	601	200403
UNKNOWN	22	G	1.0	A	0.0	0	0	601	0	601	200403
UNKNOWN	23	C	0.946755407654	T	0.0532445923461	0	569	0	32	601	200403
UNKNOWN	24	C	1.0	A	0.0	0	601	0	0	601	200403
UNKNOWN	25	C	0.995008319468	T	0.00499168053245	0	598	0	3	601	200403
UNKNOWN	26	C	0.998336106489	A	0.00166389351082	1	600	0	0	601	200403
UNKNOWN	27	A	0.993344425957	C	0.00499168053245	597	3	1	0	601	200403
UNKNOWN	28	G	0.993344425957	A	0.00499168053245	3	1	597	0	601	200403
UNKNOWN	29	C	1.0	A	0.0	0	601	0	0	601	200403
UNKNOWN	30	C	0.998336106489	T	0.00166389351082	0	600	0	1	601	200403
UNKNOWN	31	T	0.996672212978	C	0.00166389351082	0	1	1	599	601	200403
UNKNOWN	32	G	0.998336106489	A	0.00166389351082	1	0	600	0	601	200403
UNKNOWN	33	G	0.998336106489	T	0.00166389351082	0	0	600	1	601	200403
UNKNOWN	34	T	0.996672212978	C	0.00166389351082	0	1	1	599	601	200403
UNKNOWN	35	G	0.998336106489	A	0.00166389351082	1	0	600	0	601	200403
UNKNOWN	36	A	0.993344425957	C	0.00499168053245	597	3	1	0	601	200403
UNKNOWN	37	A	0.988352745424	G	0.00665557404326	594	3	4	0	601	200403
UNKNOWN	38	G	0.996672212978	C	0.00166389351082	0	1	599	1	601	200403
UNKNOWN	39	C	0.996672212978	T	0.00332778702163	0	599	0	2	601	200403
UNKNOWN	40	C	0.998336106489	T	0.00166389351082	0	600	0	1	601	200403
UNKNOWN	41	C	0.991680532446	G	0.00665557404326	0	596	4	1	601	200403
UNKNOWN	42	T	0.995008319468	C	0.00332778702163	1	2	0	598	601	200403
UNKNOWN	43	C	0.998336106489	G	0.00166389351082	0	600	1	0	601	200403
UNKNOWN	44	A	0.993344425957	G	0.00499168053245	597	1	3	0	601	200403
UNKNOWN	45	C	0.998336106489	A	0.00166389351082	1	600	0	0	601	200403
UNKNOWN	46	A	0.993344425957	C	0.00499168053245	597	3	1	0	601	200403
UNKNOWN	47	G	0.996672212978	A	0.00332778702163	2	0	599	0	601	200403
UNKNOWN	48	A	0.991680532446	G	0.00499168053245	596	2	3	0	601	200403
UNKNOWN	49	C	0.996672212978	T	0.00166389351082	0	599	1	1	601	200403
UNKNOWN	50	C	1.0	A	0.0	0	601	0	0	601	200403
UNKNOWN	51	C	0.998336106489	T	0.00166389351082	0	600	0	1	601	200403
UNKNOWN	52	T	0.996672212978	A	0.00166389351082	1	1	0	599	601	200403
UNKNOWN	53	C	0.996672212978	T	0.00166389351082	0	599	1	1	601	200403
UNKNOWN	54	T	0.993344425957	C	0.00665557404326	0	4	0	597	601	200403
UNKNOWN	55	C	0.998336106489	A	0.00166389351082	1	600	0	0	601	200403
UNKNOWN	56	C	1.0	A	0.0	0	601	0	0	601	200403
UNKNOWN	57	C	0.998336106489	T	0.00166389351082	0	600	0	1	601	200403
UNKNOWN	58	T	0.995008319468	C	0.00499168053245	0	3	0	598	601	200403
UNKNOWN	59	C	0.996672212978	A	0.00166389351082	1	599	1	0	601	200403
UNKNOWN	60	A	0.986688851913	C	0.0116472545757	593	7	0	1	601	200403
UNKNOWN	61	C	0.995008319468	G	0.00332778702163	1	598	2	0	601	200403
UNKNOWN	62	C	0.996672212978	T	0.00166389351082	0	599	1	1	601	200403
UNKNOWN	63	T	0.998336106489	G	0.00166389351082	0	0	1	600	601	200403
UNKNOWN	64	G	0.996672212978	C	0.00166389351082	0	1	599	1	601	200403
UNKNOWN	65	C	0.998336106489	A	0.00166389351082	1	600	0	0	601	200403
UNKNOWN	66	A	0.996672212978	C	0.00332778702163	599	2	0	0	601	200403
UNKNOWN	67	C	0.998336106489	G	0.00166389351082	0	600	1	0	601	200403
UNKNOWN	68	G	0.996672212978	A	0.00166389351082	1	1	599	0	601	200403
UNKNOWN	69	A	0.928452579035	G	0.0499168053245	558	13	30	0	601	200403
UNKNOWN	70	C	0.96006655574	T	0.0382695507488	0	577	1	23	601	200403
UNKNOWN	71	C	0.991680532446	T	0.00499168053245	0	596	2	3	601	200403
UNKNOWN	72	T	0.991680532446	C	0.00831946755408	0	5	0	596	601	200403
UNKNOWN	73	C	0.993344425957	A	0.00332778702163	2	597	0	2	601	200403
UNKNOWN	74	T	0.996672212978	A	0.00166389351082	1	0	1	599	601	200403
UNKNOWN	75	G	1.0	A	0.0	0	0	601	0	601	200403
UNKNOWN	76	G	0.993344425957	T	0.00332778702163	1	1	597	2	601	200403
UNKNOWN	77	A	0.983361064892	C	0.0133111480865	591	8	1	1	601	200403
UNKNOWN	78	T	1.0	A	0.0	0	0	0	601	601	200403
UNKNOWN	79	T	0.988352745424	C	0.0116472545757	0	7	0	594	601	200403
UNKNOWN	80	C	0.995008319468	T	0.00499168053245	0	598	0	3	601	200403
UNKNOWN	81	T	0.991680532446	C	0.00831946755408	0	5	0	596	601	200403
UNKNOWN	82	C	0.995008319468	A	0.00499168053245	3	598	0	0	601	200403
UNKNOWN	83	A	0.993344425957	C	0.00332778702163	597	2	1	1	601	200403
UNKNOWN	84	T	0.995008319468	A	0.00166389351082	1	1	1	598	601	200403
UNKNOWN	85	T	0.996672212978	G	0.00332778702163	0	0	2	599	601	200403
UNKNOWN	86	G	0.978369384359	C	0.0116472545757	6	7	588	0	601	200403
UNKNOWN	87	A	0.995008319468	C	0.00332778702163	598	2	1	0	601	200403
UNKNOWN	88	C	0.965058236273	G	0.0232945091514	2	580	14	5	601	200403
UNKNOWN	89	C	0.991680532446	A	0.00332778702163	2	596	1	2	601	200403
UNKNOWN	90	A	0.995008319468	G	0.00332778702163	598	1	2	0	601	200403
UNKNOWN	91	G	0.89850249584	A	0.0582362728785	35	21	540	5	601	200403
UNKNOWN	92	C	0.983361064892	A	0.00831946755408	5	591	1	4	601	200403
UNKNOWN	93	T	0.988352745424	G	0.00665557404326	2	1	4	594	601	200403
UNKNOWN	94	A	0.983361064892	C	0.00998336106489	591	6	1	3	601	200403
UNKNOWN	95	T	0.993344425957	C	0.00332778702163	0	2	2	597	601	200403
UNKNOWN	96	G	0.995008319468	A	0.00332778702163	2	0	598	1	601	200403
UNKNOWN	97	G	0.935108153078	A	0.0332778702163	20	17	562	2	601	200403
UNKNOWN	98	T	0.988352745424	C	0.00831946755408	0	5	2	594	601	200403
UNKNOWN	99	G	0.965058236273	A	0.0282861896839	17	1	580	3	601	200403
UNKNOWN	100	T	0.995008319468	A	0.00166389351082	1	1	1	598	601	200403
UNKNOWN	101	A	0.965058236273	G	0.0199667221298	580	3	12	6	601	200403
UNKNOWN	102	A	0.981697171381	G	0.0133111480865	590	2	8	1	601	200403
UNKNOWN	103	G	0.875207986689	C	0.0715474209651	28	43	526	4	601	200403
UNKNOWN	104	C	0.991680532446	T	0.00499168053245	1	596	1	3	601	200403
UNKNOWN	105	T	0.996672212978	C	0.00166389351082	0	1	1	599	601	200403
UNKNOWN	106	G	1.0	A	0.0	0	0	601	0	601	200403
UNKNOWN	107	G	0.998336106489	C	0.00166389351082	0	1	600	0	601	200403
UNKNOWN	108	G	0.986688851913	A	0.00831946755408	5	1	593	2	601	200403
UNKNOWN	109	T	0.995008319468	C	0.00499168053245	0	3	0	598	601	200403
UNKNOWN	110	C	0.998336106489	T	0.00166389351082	0	600	0	1	601	200403
UNKNOWN	111	C	0.998336106489	G	0.00166389351082	0	600	1	0	601	200403
UNKNOWN	112	G	0.996672212978	C	0.00332778702163	0	2	599	0	601	200403
UNKNOWN	113	C	1.0	A	0.0	0	601	0	0	601	200403
UNKNOWN	114	C	0.998336106489	A	0.00166389351082	1	600	0	0	601	200403
UNKNOWN	115	A	0.990016638935	G	0.00665557404326	595	2	4	0	601	200403
UNKNOWN	116	G	1.0	A	0.0	0	0	601	0	601	200403
UNKNOWN	117	G	0.996672212978	C	0.00332778702163	0	2	599	0	601	200403
UNKNOWN	118	C	0.996672212978	A	0.00166389351082	1	599	0	1	601	200403
UNKNOWN	119	T	0.996672212978	C	0.00332778702163	0	2	0	599	601	200403
UNKNOWN	120	C	1.0	A	0.0	0	601	0	0	601	200403
UNKNOWN	121	C	0.996672212978	A	0.00166389351082	1	599	0	1	601	200403
UNKNOWN	122	A	0.990016638935	G	0.00499168053245	595	2	3	1	601	200403
UNKNOWN	123	G	1.0	A	0.0	0	0	601	0	601	200403
UNKNOWN	124	G	0.993344425957	T	0.00499168053245	1	0	597	3	601	200403
UNKNOWN	125	A	0.683860232945	G	0.314475873544	411	1	189	0	601	200403
UNKNOWN	126	A	0.990016638935	C	0.00665557404326	595	4	1	1	601	200403
UNKNOWN	127	A	0.995008319468	G	0.00499168053245	598	0	3	0	601	200403
UNKNOWN	128	G	1.0	A	0.0	0	0	601	0	601	200403
UNKNOWN	129	G	0.995008319468	A	0.00332778702163	2	1	598	0	601	200403
UNKNOWN	130	C	0.998336106489	G	0.00166389351082	0	600	1	0	601	200403
UNKNOWN	131	G	0.996672212978	A	0.00166389351082	1	1	599	0	601	200403
UNKNOWN	132	C	0.995008319468	T	0.00499168053245	0	598	0	3	601	200403
UNKNOWN	133	T	0.998336106489	G	0.00166389351082	0	0	1	600	601	200403
UNKNOWN	134	G	0.985024958403	A	0.0116472545757	7	0	592	2	601	200403
UNKNOWN	135	G	0.996672212978	A	0.00166389351082	1	1	599	0	601	200403
UNKNOWN	136	A	0.993344425957	G	0.00499168053245	597	1	3	0	601	200403
UNKNOWN	137	G	0.996672212978	A	0.00166389351082	1	0	599	1	601	200403
UNKNOWN	138	T	0.995008319468	C	0.00332778702163	0	2	1	598	601	200403
UNKNOWN	139	G	0.998336106489	A	0.00166389351082	1	0	600	0	601	200403
UNKNOWN	140	G	0.985024958403	C	0.0116472545757	0	7	592	2	601	200403
UNKNOWN	141	C	0.988352745424	G	0.00665557404326	1	594	4	2	601	200403
UNKNOWN	142	T	0.991680532446	C	0.00499168053245	1	3	1	596	601	200403
UNKNOWN	143	C	0.993344425957	T	0.00332778702163	0	597	2	2	601	200403
UNKNOWN	144	G	0.998336106489	A	0.00166389351082	1	0	600	0	601	200403
UNKNOWN	145	G	0.993344425957	T	0.00665557404326	0	0	597	4	601	200403
UNKNOWN	146	T	0.991680532446	A	0.00332778702163	2	1	2	596	601	200403
UNKNOWN	147	G	0.965058236273	A	0.0316139767055	19	0	580	2	601	200403
UNKNOWN	148	G	0.941763727121	A	0.0299500831947	18	8	566	9	601	200403
UNKNOWN	149	T	0.988352745424	A	0.00499168053245	3	2	2	594	601	200403
UNKNOWN	150	A	0.98003327787	G	0.018302828619	589	0	11	1	601	200403
UNKNOWN	151	T	0.991680532446	G	0.00499168053245	2	0	3	596	601	200403
UNKNOWN	152	A	0.976705490849	G	0.00998336106489	587	3	6	5	601	200403
UNKNOWN	153	G	0.955074875208	A	0.0366056572379	22	5	574	0	601	200403
UNKNOWN	154	A	0.955074875208	C	0.0232945091514	574	14	12	1	601	200403
UNKNOWN	155	T	0.970049916805	C	0.0216306156406	1	13	4	583	601	200403
UNKNOWN	156	A	0.945091514143	G	0.0515806988353	568	2	31	0	601	200403
UNKNOWN	157	G	0.983361064892	A	0.00831946755408	5	1	591	4	601	200403
UNKNOWN	158	T	0.995008319468	A	0.00166389351082	1	1	1	598	601	200403
UNKNOWN	159	G	0.965058236273	A	0.0282861896839	17	3	580	1	601	200403
UNKNOWN	160	G	0.953410981697	A	0.0282861896839	17	8	573	3	601	200403
UNKNOWN	161	T	0.993344425957	G	0.00499168053245	0	1	3	597	601	200403
UNKNOWN	162	G	0.996672212978	A	0.00166389351082	1	0	599	1	601	200403
UNKNOWN	163	G	0.983361064892	A	0.0166389351082	10	0	591	0	601	200403
UNKNOWN	164	A	0.976705490849	G	0.0216306156406	587	1	13	0	601	200403
UNKNOWN	165	A	0.991680532446	G	0.00665557404326	596	1	4	0	601	200403
UNKNOWN	166	G	0.89850249584	A	0.0715474209651	43	9	540	9	601	200403
UNKNOWN	167	C	0.98003327787	A	0.0116472545757	7	589	0	5	601	200403
UNKNOWN	168	A	0.98003327787	G	0.018302828619	589	1	11	0	601	200403
UNKNOWN	169	C	0.976705490849	G	0.0133111480865	2	587	8	4	601	200403
UNKNOWN	170	A	0.995008319468	G	0.00499168053245	598	0	3	0	601	200403
UNKNOWN	171	G	0.993344425957	A	0.00665557404326	4	0	597	0	601	200403
UNKNOWN	172	G	0.861896838602	A	0.0948419301165	57	15	518	11	601	200403
UNKNOWN	173	C	0.988352745424	T	0.00499168053245	1	594	3	3	601	200403
UNKNOWN	174	T	0.975041597338	C	0.0232945091514	1	14	0	586	601	200403
UNKNOWN	175	A	0.995008319468	T	0.00332778702163	598	1	0	2	601	200403
UNKNOWN	176	T	0.991680532446	C	0.00499168053245	2	3	0	596	601	200403
UNKNOWN	177	A	0.991680532446	T	0.00332778702163	596	1	2	2	601	200403
UNKNOWN	178	A	0.991680532446	G	0.00499168053245	596	2	3	0	601	200403
UNKNOWN	179	C	0.936772046589	T	0.0499168053245	0	563	8	30	601	200403
UNKNOWN	180	C	0.971713810316	T	0.0249584026622	1	584	1	15	601	200403
UNKNOWN	181	C	0.988352745424	T	0.00831946755408	2	594	0	5	601	200403
UNKNOWN	182	A	0.995008319468	C	0.00332778702163	598	2	1	0	601	200403
UNKNOWN	183	G	0.998336106489	A	0.00166389351082	1	0	600	0	601	200403
UNKNOWN	184	G	0.968386023295	C	0.0282861896839	1	17	582	1	601	200403
UNKNOWN	185	C	1.0	A	0.0	0	601	0	0	601	200403
UNKNOWN	186	C	0.953410981697	G	0.044925124792	0	573	27	1	601	200403
UNKNOWN	187	T	0.988352745424	A	0.00499168053245	3	1	3	594	601	200403
UNKNOWN	188	G	0.986688851913	A	0.00998336106489	6	0	593	2	601	200403
UNKNOWN	189	A	0.996672212978	G	0.00332778702163	599	0	2	0	601	200403
UNKNOWN	190	A	0.995008319468	C	0.00499168053245	598	3	0	0	601	200403
UNKNOWN	191	A	0.988352745424	C	0.00831946755408	594	5	1	1	601	200403
UNKNOWN	192	T	0.760399334443	C	0.236272878536	2	142	0	457	601	200403
UNKNOWN	193	C	0.993344425957	G	0.00332778702163	1	597	2	1	601	200403
UNKNOWN	194	C	0.988352745424	A	0.00831946755408	5	594	1	1	601	200403
UNKNOWN	195	A	0.933444259567	C	0.063227953411	561	38	1	1	601	200403
UNKNOWN	196	G	1.0	A	0.0	0	0	601	0	601	200403
UNKNOWN	197	G	0.98003327787	A	0.0149750415973	9	1	589	2	601	200403
UNKNOWN	198	C	0.983361064892	G	0.0116472545757	2	591	7	1	601	200403
UNKNOWN	199	T	0.995008319468	A	0.00166389351082	1	1	1	598	601	200403
UNKNOWN	200	C	0.991680532446	A	0.00499168053245	3	596	1	1	601	200403
UNKNOWN	201	A	0.993344425957	C	0.00332778702163	597	2	2	0	601	200403
UNKNOWN	202	G	0.996672212978	C	0.00332778702163	0	2	599	0	601	200403
UNKNOWN	203	C	0.841930116473	T	0.153078202995	3	506	0	92	601	200403
UNKNOWN	204	A	0.986688851913	C	0.00665557404326	593	4	3	1	601	200403
UNKNOWN	205	T	0.988352745424	C	0.00499168053245	1	3	3	594	601	200403
UNKNOWN	206	C	0.998336106489	A	0.00166389351082	1	600	0	0	601	200403
UNKNOWN	207	A	0.990016638935	C	0.00665557404326	595	4	1	1	601	200403
UNKNOWN	208	C	0.986688851913	A	0.00998336106489	6	593	0	2	601	200403
UNKNOWN	209	C	0.991680532446	T	0.00499168053245	1	596	1	3	601	200403
UNKNOWN	210	A	0.996672212978	C	0.00166389351082	599	1	1	0	601	200403
UNKNOWN	211	G	0.911813643927	A	0.0865224625624	52	0	548	1	601	200403
UNKNOWN	212	G	0.990016638935	A	0.00665557404326	4	2	595	0	601	200403
UNKNOWN	213	G	0.998336106489	A	0.00166389351082	1	0	600	0	601	200403
UNKNOWN	214	A	0.993344425957	C	0.00332778702163	597	2	2	0	601	200403
UNKNOWN	215	C	0.981697171381	T	0.00831946755408	2	590	4	5	601	200403
UNKNOWN	216	A	0.993344425957	C	0.00499168053245	597	3	1	0	601	200403
UNKNOWN	217	A	0.991680532446	C	0.00499168053245	596	3	2	0	601	200403
UNKNOWN	218	C	0.986688851913	T	0.00998336106489	0	593	2	6	601	200403
UNKNOWN	219	T	0.993344425957	C	0.00665557404326	0	4	0	597	601	200403
UNKNOWN	220	C	0.996672212978	A	0.00332778702163	2	599	0	0	601	200403
UNKNOWN	221	C	0.995008319468	A	0.00166389351082	1	598	1	1	601	200403
UNKNOWN	222	A	0.988352745424	C	0.00831946755408	594	5	2	0	601	200403
UNKNOWN	223	A	0.990016638935	G	0.00998336106489	595	0	6	0	601	200403
UNKNOWN	224	G	0.995008319468	A	0.00332778702163	2	1	598	0	601	200403
UNKNOWN	225	A	0.993344425957	G	0.00665557404326	597	0	4	0	601	200403
UNKNOWN	226	G	0.971713810316	A	0.0216306156406	13	3	584	1	601	200403
UNKNOWN	227	C	0.983361064892	G	0.00831946755408	2	591	5	3	601	200403
UNKNOWN	228	C	0.991680532446	A	0.00499168053245	3	596	2	0	601	200403
UNKNOWN	229	A	0.991680532446	G	0.00499168053245	596	2	3	0	601	200403
UNKNOWN	230	A	0.990016638935	G	0.00998336106489	595	0	6	0	601	200403
UNKNOWN	231	G	0.990016638935	A	0.00499168053245	3	1	595	2	601	200403
UNKNOWN	232	T	0.990016638935	C	0.00665557404326	1	4	1	595	601	200403
UNKNOWN	233	C	0.983361064892	T	0.00831946755408	1	591	4	5	601	200403
UNKNOWN	234	T	0.993344425957	C	0.00499168053245	0	3	1	597	601	200403
UNKNOWN	235	C	0.991680532446	T	0.00499168053245	2	596	0	3	601	200403
UNKNOWN	236	T	0.988352745424	C	0.00831946755408	0	5	2	594	601	200403
UNKNOWN	237	C	0.996672212978	A	0.00166389351082	1	599	0	1	601	200403
UNKNOWN	238	T	0.995008319468	A	0.00332778702163	2	0	1	598	601	200403
UNKNOWN	239	G	0.976705490849	A	0.0199667221298	12	0	587	2	601	200403
UNKNOWN	240	T	0.993344425957	A	0.00332778702163	2	2	0	597	601	200403
UNKNOWN	241	C	0.993344425957	A	0.00499168053245	3	597	0	1	601	200403
UNKNOWN	242	A	0.983361064892	G	0.00998336106489	591	3	6	1	601	200403
UNKNOWN	243	G	0.883527454243	C	0.103161397671	5	62	531	3	601	200403
UNKNOWN	244	T	0.995008319468	G	0.00332778702163	0	1	2	598	601	200403
UNKNOWN	245	G	0.978369384359	A	0.0166389351082	10	1	588	2	601	200403
UNKNOWN	246	A	0.985024958403	G	0.0133111480865	592	1	8	0	601	200403
UNKNOWN	247	G	0.956738768719	A	0.0299500831947	18	6	575	2	601	200403
UNKNOWN	248	C	0.985024958403	T	0.00831946755408	3	592	1	5	601	200403
UNKNOWN	249	A	0.995008319468	G	0.00499168053245	598	0	3	0	601	200403
UNKNOWN	250	G	0.990016638935	A	0.00665557404326	4	2	595	0	601	200403
UNKNOWN	251	C	0.991680532446	T	0.00332778702163	1	596	2	2	601	200403
UNKNOWN	252	G	0.988352745424	A	0.00831946755408	5	1	594	1	601	200403
UNKNOWN	253	T	0.996672212978	C	0.00166389351082	0	1	1	599	601	200403
UNKNOWN	254	G	0.978369384359	T	0.0116472545757	5	1	588	7	601	200403
UNKNOWN	255	A	0.990016638935	G	0.00499168053245	595	2	3	1	601	200403
UNKNOWN	256	C	0.978369384359	G	0.00998336106489	4	588	6	3	601	200403
UNKNOWN	257	A	0.973377703827	G	0.0199667221298	585	3	12	1	601	200403
UNKNOWN	258	C	0.828618968386	A	0.161397670549	97	498	4	2	601	200403
UNKNOWN	259	C	0.988352745424	T	0.00665557404326	1	594	2	4	601	200403
UNKNOWN	260	T	0.983361064892	C	0.00831946755408	0	5	5	591	601	200403
UNKNOWN	261	G	0.995008319468	A	0.00332778702163	2	0	598	1	601	200403
UNKNOWN	262	A	0.993344425957	G	0.00499168053245	597	1	3	0	601	200403
UNKNOWN	263	G	0.946755407654	A	0.0316139767055	19	2	569	11	601	200403
UNKNOWN	264	G	0.993344425957	A	0.00499168053245	3	0	597	1	601	200403
UNKNOWN	265	A	0.986688851913	C	0.00665557404326	593	4	2	2	601	200403
UNKNOWN	266	C	0.996672212978	A	0.00166389351082	1	599	0	1	601	200403
UNKNOWN	267	A	0.978369384359	T	0.0133111480865	588	2	3	8	601	200403
UNKNOWN	268	C	0.996672212978	G	0.00332778702163	0	599	2	0	601	200403
UNKNOWN	269	G	0.996672212978	A	0.00332778702163	2	0	599	0	601	200403
UNKNOWN	270	G	0.993344425957	T	0.00332778702163	1	1	597	2	601	200403
UNKNOWN	271	C	0.991680532446	A	0.00332778702163	2	596	2	1	601	200403
UNKNOWN	272	C	0.998336106489	A	0.00166389351082	1	600	0	0	601	200403
UNKNOWN	273	G	0.623960066556	A	0.374376039933	225	1	375	0	601	200403
UNKNOWN	274	T	0.63227953411	C	0.352745424293	6	212	3	380	601	200403
UNKNOWN	275	G	0.61231281198	A	0.359400998336	216	10	368	7	601	200403
UNKNOWN	276	T	0.996672212978	A	0.00166389351082	1	0	1	599	601	200403
UNKNOWN	277	A	0.998336106489	C	0.00166389351082	600	1	0	0	601	200403
UNKNOWN	278	C	0.973377703827	T	0.026622296173	0	585	0	16	601	200403
UNKNOWN	279	T	0.981697171381	G	0.00998336106489	1	4	6	590	601	200403
UNKNOWN	280	A	0.981697171381	T	0.00998336106489	590	3	2	6	601	200403
UNKNOWN	281	C	0.975041597338	T	0.0249584026622	0	586	0	15	601	200403
UNKNOWN	282	T	0.991680532446	G	0.00665557404326	0	1	4	596	601	200403
