Type	Position	Nucl1	Freq1	Nucl2	Freq2	NumAs	NumCs	NumGs	NumTs	NumAligned	NumNaive
UNKNOWN	0	C	1.0	A	0.0	0	14320	0	0	14320	61953
UNKNOWN	1	A	1.0	C	0.0	14320	0	0	0	14320	61953
UNKNOWN	2	G	1.0	A	0.0	0	0	14320	0	14320	61953
UNKNOWN	3	G	1.0	A	0.0	0	0	14320	0	14320	61953
UNKNOWN	4	T	1.0	A	0.0	0	0	0	14320	14320	61953
UNKNOWN	5	G	1.0	A	0.0	0	0	14320	0	14320	61953
UNKNOWN	6	C	1.0	A	0.0	0	14320	0	0	14320	61953
UNKNOWN	7	A	0.996438547486	T	0.00188547486034	14269	3	21	27	14320	61953
UNKNOWN	8	G	0.992527932961	A	0.00600558659218	86	18	14213	3	14320	61953
UNKNOWN	9	C	0.997206703911	T	0.0020251396648	4	14280	7	29	14320	61953
UNKNOWN	10	T	0.998812849162	C	0.000837988826816	2	12	3	14303	14320	61953
UNKNOWN	11	G	0.988547486034	T	0.0102653631285	14	3	14156	147	14320	61953
UNKNOWN	12	C	0.998533519553	T	0.00125698324022	2	14299	1	18	14320	61953
UNKNOWN	13	G	0.998044692737	A	0.00139664804469	20	1	14292	7	14320	61953
UNKNOWN	14	G	0.977164804469	C	0.0198324022346	31	284	13993	12	14320	61953
UNKNOWN	15	G	0.999581005587	C	0.000209497206704	2	3	14314	1	14320	61953
UNKNOWN	16	A	0.998184357542	G	0.00111731843575	14294	9	16	1	14320	61953
UNKNOWN	17	G	0.996787709497	A	0.00230446927374	33	3	14274	10	14320	61953
UNKNOWN	18	T	0.997067039106	C	0.00118715083799	8	17	17	14278	14320	61953
UNKNOWN	19	C	0.99937150838	T	0.000349162011173	2	14311	2	5	14320	61953
UNKNOWN	20	G	0.796578212291	A	0.203002793296	2907	2	11407	4	14320	61953
UNKNOWN	21	G	0.999441340782	A	0.000279329608939	4	2	14312	2	14320	61953
UNKNOWN	22	G	0.998952513966	C	0.000488826815642	6	7	14305	2	14320	61953
UNKNOWN	23	C	0.999301675978	T	0.000558659217877	2	14310	0	8	14320	61953
UNKNOWN	24	C	0.997765363128	A	0.0016061452514	23	14288	0	9	14320	61953
UNKNOWN	25	C	0.997765363128	A	0.00139664804469	20	14288	3	9	14320	61953
UNKNOWN	26	C	0.997695530726	A	0.00195530726257	28	14287	1	4	14320	61953
UNKNOWN	27	A	0.988407821229	T	0.00865921787709	14154	4	38	124	14320	61953
UNKNOWN	28	G	0.996089385475	A	0.00223463687151	32	21	14264	3	14320	61953
UNKNOWN	29	C	0.998184357542	T	0.00167597765363	0	14294	2	24	14320	61953
UNKNOWN	30	C	0.998533519553	T	0.00125698324022	0	14299	3	18	14320	61953
UNKNOWN	31	T	0.996368715084	G	0.00188547486034	3	22	27	14268	14320	61953
UNKNOWN	32	G	0.994343575419	A	0.00300279329609	43	21	14239	17	14320	61953
UNKNOWN	33	G	0.998044692737	A	0.000768156424581	11	7	14292	10	14320	61953
UNKNOWN	34	T	0.997206703911	C	0.00139664804469	2	20	18	14280	14320	61953
UNKNOWN	35	G	0.997206703911	A	0.00223463687151	32	3	14280	5	14320	61953
UNKNOWN	36	A	0.996298882682	C	0.0020251396648	14267	29	15	9	14320	61953
UNKNOWN	37	A	0.994413407821	G	0.00300279329609	14240	34	43	3	14320	61953
UNKNOWN	38	G	0.99748603352	A	0.00118715083799	17	12	14284	7	14320	61953
UNKNOWN	39	C	0.996927374302	T	0.00146648044693	8	14276	15	21	14320	61953
UNKNOWN	40	C	0.999092178771	G	0.000418994413408	3	14307	6	4	14320	61953
UNKNOWN	41	C	0.99469273743	A	0.00314245810056	45	14244	15	16	14320	61953
UNKNOWN	42	T	0.995251396648	C	0.00307262569832	2	44	22	14252	14320	61953
UNKNOWN	43	C	0.997695530726	T	0.00104748603352	14	14287	4	15	14320	61953
UNKNOWN	44	A	0.996159217877	C	0.00216480446927	14265	31	22	2	14320	61953
UNKNOWN	45	C	0.996787709497	G	0.00174581005587	17	14274	25	4	14320	61953
UNKNOWN	46	A	0.996508379888	C	0.00216480446927	14270	31	18	1	14320	61953
UNKNOWN	47	G	0.996997206704	A	0.00258379888268	37	4	14277	2	14320	61953
UNKNOWN	48	A	0.994762569832	C	0.00286312849162	14245	41	32	2	14320	61953
UNKNOWN	49	C	0.997835195531	G	0.00146648044693	2	14289	21	8	14320	61953
UNKNOWN	50	C	0.997905027933	T	0.00132681564246	2	14290	9	19	14320	61953
UNKNOWN	51	C	0.996857541899	T	0.00237430167598	5	14275	6	34	14320	61953
UNKNOWN	52	T	0.995600558659	C	0.00335195530726	12	48	3	14257	14320	61953
UNKNOWN	53	C	0.998254189944	T	0.00146648044693	3	14295	1	21	14320	61953
UNKNOWN	54	T	0.994413407821	C	0.00495810055866	3	71	6	14240	14320	61953
UNKNOWN	55	C	0.994832402235	T	0.00321229050279	26	14246	2	46	14320	61953
UNKNOWN	56	C	0.997067039106	T	0.00188547486034	4	14278	11	27	14320	61953
UNKNOWN	57	C	0.997555865922	T	0.00125698324022	3	14285	14	18	14320	61953
UNKNOWN	58	T	0.996648044693	C	0.00258379888268	9	37	2	14272	14320	61953
UNKNOWN	59	C	0.993924581006	A	0.0052374301676	75	14233	1	11	14320	61953
UNKNOWN	60	A	0.990502793296	C	0.00691340782123	14184	99	31	6	14320	61953
UNKNOWN	61	C	0.994483240223	A	0.00272346368715	39	14241	24	16	14320	61953
UNKNOWN	62	C	0.993505586592	T	0.00300279329609	42	14227	8	43	14320	61953
UNKNOWN	63	T	0.996578212291	C	0.00167597765363	9	24	16	14271	14320	61953
UNKNOWN	64	G	0.998254189944	C	0.000837988826816	10	12	14295	3	14320	61953
UNKNOWN	65	C	0.993156424581	T	0.00405027932961	39	14222	1	58	14320	61953
UNKNOWN	66	A	0.988896648045	C	0.00768156424581	14161	110	44	5	14320	61953
UNKNOWN	67	C	0.99469273743	A	0.00244413407821	35	14244	17	24	14320	61953
UNKNOWN	68	G	0.988896648045	A	0.00712290502793	102	55	14161	2	14320	61953
UNKNOWN	69	A	0.658030726257	G	0.338687150838	9423	36	4850	11	14320	61953
UNKNOWN	70	T	0.718365921788	C	0.280586592179	12	4018	3	10287	14320	61953
UNKNOWN	71	C	0.991899441341	T	0.00453910614525	15	14204	36	65	14320	61953
UNKNOWN	72	T	0.997067039106	C	0.00272346368715	2	39	1	14278	14320	61953
UNKNOWN	73	C	0.997416201117	A	0.00125698324022	18	14283	1	18	14320	61953
UNKNOWN	74	T	0.994273743017	C	0.00258379888268	13	37	32	14238	14320	61953
UNKNOWN	75	G	0.995670391061	A	0.00384078212291	55	2	14258	5	14320	61953
UNKNOWN	76	G	0.993086592179	A	0.00614525139665	88	8	14221	3	14320	61953
UNKNOWN	77	A	0.989175977654	C	0.00761173184358	14165	109	24	22	14320	61953
UNKNOWN	78	T	0.989036312849	G	0.00502793296089	14	71	72	14163	14320	61953
UNKNOWN	79	T	0.992527932961	C	0.00384078212291	13	55	39	14213	14320	61953
UNKNOWN	80	C	0.991759776536	T	0.00579608938547	8	14202	27	83	14320	61953
UNKNOWN	81	T	0.989525139665	C	0.00460893854749	49	66	35	14170	14320	61953
UNKNOWN	82	C	0.993156424581	G	0.00314245810056	26	14222	45	27	14320	61953
UNKNOWN	83	A	0.993994413408	C	0.00314245810056	14234	45	25	16	14320	61953
UNKNOWN	84	T	0.966829608939	C	0.0320530726257	6	459	10	13845	14320	61953
UNKNOWN	85	T	0.997276536313	G	0.00174581005587	4	10	25	14281	14320	61953
UNKNOWN	86	G	0.982402234637	A	0.0162011173184	232	10	14068	10	14320	61953
UNKNOWN	87	A	0.989594972067	G	0.00628491620112	14171	56	90	3	14320	61953
UNKNOWN	88	G	0.943365921788	A	0.0368016759777	527	255	13509	29	14320	61953
UNKNOWN	89	C	0.963268156425	T	0.0176675977654	181	13794	92	253	14320	61953
UNKNOWN	90	A	0.966969273743	C	0.0228351955307	13847	327	144	2	14320	61953
UNKNOWN	91	G	0.841270949721	A	0.107053072626	1533	540	12047	200	14320	61953
UNKNOWN	92	C	0.964944134078	T	0.0203910614525	126	13818	84	292	14320	61953
UNKNOWN	93	T	0.971578212291	A	0.0102653631285	147	134	126	13913	14320	61953
UNKNOWN	94	A	0.97374301676	G	0.0110335195531	13944	129	158	89	14320	61953
UNKNOWN	95	T	0.990293296089	C	0.00502793296089	13	72	54	14181	14320	61953
UNKNOWN	96	G	0.935754189944	A	0.0472067039106	676	138	13400	106	14320	61953
UNKNOWN	97	C	0.928980446927	T	0.035125698324	145	13303	369	503	14320	61953
UNKNOWN	98	T	0.993016759777	G	0.00356145251397	11	38	51	14220	14320	61953
UNKNOWN	99	G	0.976536312849	A	0.0206005586592	295	6	13984	35	14320	61953
UNKNOWN	100	T	0.997416201117	A	0.000977653631285	14	13	10	14283	14320	61953
UNKNOWN	101	A	0.97905027933	G	0.0141759776536	14020	44	203	53	14320	61953
UNKNOWN	102	G	0.940363128492	A	0.054748603352	784	59	13466	11	14320	61953
UNKNOWN	103	G	0.85998603352	A	0.103631284916	1484	316	12315	205	14320	61953
UNKNOWN	104	C	0.990432960894	T	0.00537709497207	20	14183	40	77	14320	61953
UNKNOWN	105	T	0.996438547486	G	0.00188547486034	1	23	27	14269	14320	61953
UNKNOWN	106	G	0.99811452514	T	0.00146648044693	4	2	14293	21	14320	61953
UNKNOWN	107	G	0.999092178771	A	0.000418994413408	6	2	14307	5	14320	61953
UNKNOWN	108	G	0.986312849162	A	0.0090782122905	130	29	14124	37	14320	61953
UNKNOWN	109	T	0.995600558659	C	0.00412011173184	2	59	2	14257	14320	61953
UNKNOWN	110	C	0.995670391061	T	0.00300279329609	10	14258	9	43	14320	61953
UNKNOWN	111	C	0.997695530726	G	0.00118715083799	4	14287	17	12	14320	61953
UNKNOWN	112	G	0.99811452514	C	0.00125698324022	5	18	14293	4	14320	61953
UNKNOWN	113	C	0.999162011173	A	0.000418994413408	6	14308	1	5	14320	61953
UNKNOWN	114	C	0.997416201117	A	0.0020251396648	29	14283	0	8	14320	61953
UNKNOWN	115	A	0.990432960894	G	0.00516759776536	14183	60	74	3	14320	61953
UNKNOWN	116	G	0.997974860335	A	0.00167597765363	24	2	14291	3	14320	61953
UNKNOWN	117	G	0.990991620112	A	0.00684357541899	98	23	14191	8	14320	61953
UNKNOWN	118	C	0.996229050279	T	0.00230446927374	11	14266	10	33	14320	61953
UNKNOWN	119	T	0.913268156425	C	0.0844972067039	4	1210	28	13078	14320	61953
UNKNOWN	120	C	0.916340782123	T	0.0808659217877	21	13122	19	1158	14320	61953
UNKNOWN	121	C	0.997067039106	G	0.00167597765363	6	14278	24	12	14320	61953
UNKNOWN	122	G	0.936662011173	A	0.0613826815642	879	22	13413	6	14320	61953
UNKNOWN	123	G	0.999022346369	A	0.000768156424581	11	0	14306	3	14320	61953
UNKNOWN	124	G	0.997136871508	A	0.00223463687151	32	6	14279	3	14320	61953
UNKNOWN	125	G	0.991969273743	A	0.00782122905028	112	0	14205	3	14320	61953
UNKNOWN	126	A	0.998044692737	G	0.00139664804469	14292	8	20	0	14320	61953
UNKNOWN	127	A	0.992877094972	G	0.00600558659218	14218	11	86	5	14320	61953
UNKNOWN	128	G	0.99874301676	A	0.000558659217877	8	2	14302	8	14320	61953
UNKNOWN	129	G	0.991620111732	A	0.00558659217877	80	31	14200	9	14320	61953
UNKNOWN	130	C	0.995740223464	G	0.0020251396648	10	14259	29	22	14320	61953
UNKNOWN	131	G	0.766689944134	A	0.22905027933	3280	41	10979	20	14320	61953
UNKNOWN	132	C	0.989594972067	T	0.00719273743017	16	14171	30	103	14320	61953
UNKNOWN	133	T	0.993784916201	G	0.00356145251397	10	28	51	14231	14320	61953
UNKNOWN	134	G	0.971787709497	A	0.0234636871508	336	13	13916	55	14320	61953
UNKNOWN	135	G	0.996229050279	A	0.00251396648045	36	10	14266	8	14320	61953
UNKNOWN	136	A	0.991131284916	G	0.00558659217877	14193	39	80	8	14320	61953
UNKNOWN	137	G	0.969273743017	A	0.0276536312849	396	14	13880	30	14320	61953
UNKNOWN	138	T	0.993924581006	G	0.00300279329609	8	36	43	14233	14320	61953
UNKNOWN	139	G	0.996089385475	A	0.00258379888268	37	3	14264	16	14320	61953
UNKNOWN	140	G	0.949022346369	T	0.0456005586592	10	67	13590	653	14320	61953
UNKNOWN	141	G	0.905027932961	C	0.0584497206704	491	837	12960	32	14320	61953
UNKNOWN	142	T	0.997276536313	C	0.00195530726257	2	28	9	14281	14320	61953
UNKNOWN	143	T	0.979818435754	C	0.0127094972067	18	182	89	14031	14320	61953
UNKNOWN	144	G	0.994413407821	A	0.00412011173184	59	0	14240	21	14320	61953
UNKNOWN	145	G	0.990851955307	C	0.00600558659218	5	86	14189	40	14320	61953
UNKNOWN	146	T	0.969553072626	G	0.014874301676	69	154	213	13884	14320	61953
UNKNOWN	147	G	0.848254189944	A	0.135405027933	1939	64	12147	170	14320	61953
UNKNOWN	148	G	0.845181564246	A	0.0947625698324	1357	618	12103	242	14320	61953
UNKNOWN	149	T	0.925069832402	G	0.0317737430168	308	310	455	13247	14320	61953
UNKNOWN	150	A	0.946997206704	G	0.046438547486	13561	27	665	67	14320	61953
UNKNOWN	151	T	0.992388268156	A	0.00328212290503	47	44	18	14211	14320	61953
UNKNOWN	152	A	0.937290502793	C	0.0239525139665	13422	343	249	306	14320	61953
UNKNOWN	153	A	0.929888268156	G	0.0563547486034	13316	144	807	53	14320	61953
UNKNOWN	154	G	0.901117318436	A	0.0708798882682	1015	344	12904	57	14320	61953
UNKNOWN	155	T	0.962430167598	C	0.0166201117318	154	238	146	13782	14320	61953
UNKNOWN	156	A	0.853770949721	G	0.122067039106	12226	266	1748	80	14320	61953
UNKNOWN	157	G	0.879189944134	A	0.0593575418994	850	617	12590	263	14320	61953
UNKNOWN	158	T	0.963617318436	A	0.0151536312849	217	109	195	13799	14320	61953
UNKNOWN	159	G	0.808030726257	A	0.143784916201	2059	554	11571	136	14320	61953
UNKNOWN	160	G	0.882751396648	A	0.0747905027933	1071	367	12641	241	14320	61953
UNKNOWN	161	T	0.953351955307	G	0.0235335195531	194	137	337	13652	14320	61953
UNKNOWN	162	G	0.959636871508	A	0.0379189944134	543	18	13742	17	14320	61953
UNKNOWN	163	G	0.988547486034	A	0.0070530726257	101	34	14156	29	14320	61953
UNKNOWN	164	A	0.962360335196	G	0.0194134078212	13781	227	278	34	14320	61953
UNKNOWN	165	A	0.954120111732	G	0.0277234636872	13663	196	397	64	14320	61953
UNKNOWN	166	G	0.803002793296	A	0.114734636872	1643	809	11499	369	14320	61953
UNKNOWN	167	C	0.887360335196	G	0.0590083798883	293	12707	845	475	14320	61953
UNKNOWN	168	A	0.96717877095	T	0.015782122905	13850	119	125	226	14320	61953
UNKNOWN	169	C	0.963477653631	T	0.0215782122905	81	13797	133	309	14320	61953
UNKNOWN	170	A	0.981983240223	C	0.00865921787709	14062	124	64	70	14320	61953
UNKNOWN	171	T	0.925907821229	G	0.0599162011173	95	108	858	13259	14320	61953
UNKNOWN	172	G	0.753910614525	A	0.228351955307	3270	107	10796	147	14320	61953
UNKNOWN	173	C	0.978421787709	T	0.015782122905	31	14011	52	226	14320	61953
UNKNOWN	174	C	0.699022346369	T	0.285893854749	145	10010	71	4094	14320	61953
UNKNOWN	175	T	0.69594972067	A	0.289106145251	4140	97	117	9966	14320	61953
UNKNOWN	176	T	0.966270949721	C	0.0139664804469	136	200	147	13837	14320	61953
UNKNOWN	177	A	0.987150837989	C	0.0070530726257	14136	101	77	6	14320	61953
UNKNOWN	178	A	0.98561452514	C	0.00754189944134	14114	108	89	9	14320	61953
UNKNOWN	179	C	0.867248603352	T	0.117946927374	87	12419	125	1689	14320	61953
UNKNOWN	180	C	0.955446927374	T	0.0254888268156	49	13682	224	365	14320	61953
UNKNOWN	181	C	0.981424581006	T	0.0114525139665	78	14054	24	164	14320	61953
UNKNOWN	182	A	0.980027932961	C	0.0116620111732	14034	167	89	30	14320	61953
UNKNOWN	183	G	0.97688547486	A	0.0105446927374	151	147	13989	33	14320	61953
UNKNOWN	184	C	0.982053072626	T	0.0119413407821	32	14063	54	171	14320	61953
UNKNOWN	185	C	0.993505586592	G	0.00384078212291	19	14227	55	19	14320	61953
UNKNOWN	186	C	0.989804469274	T	0.0054469273743	62	14174	6	78	14320	61953
UNKNOWN	187	T	0.990153631285	A	0.00439944134078	63	37	41	14179	14320	61953
UNKNOWN	188	G	0.984357541899	A	0.0134078212291	192	11	14096	21	14320	61953
UNKNOWN	189	A	0.981773743017	G	0.0111731843575	14059	43	160	58	14320	61953
UNKNOWN	190	A	0.985125698324	C	0.00956703910615	14107	137	52	24	14320	61953
UNKNOWN	191	A	0.98938547486	C	0.00558659217877	14168	80	35	37	14320	61953
UNKNOWN	192	T	0.990153631285	C	0.00761173184358	21	109	11	14179	14320	61953
UNKNOWN	193	C	0.992458100559	G	0.00370111731844	17	14212	53	38	14320	61953
UNKNOWN	194	C	0.981354748603	T	0.010405027933	40	14053	78	149	14320	61953
UNKNOWN	195	C	0.994972067039	G	0.00265363128492	24	14248	38	10	14320	61953
UNKNOWN	196	G	0.994553072626	T	0.00405027932961	15	5	14242	58	14320	61953
UNKNOWN	197	G	0.939525139665	A	0.0436452513966	625	173	13454	68	14320	61953
UNKNOWN	198	C	0.979888268156	T	0.00865921787709	95	14032	69	124	14320	61953
UNKNOWN	199	T	0.990223463687	C	0.00516759776536	20	74	46	14180	14320	61953
UNKNOWN	200	C	0.993296089385	A	0.00356145251397	51	14224	15	30	14320	61953
UNKNOWN	201	A	0.983868715084	G	0.00984636871508	14089	86	141	4	14320	61953
UNKNOWN	202	G	0.974092178771	C	0.00970670391061	96	139	13949	136	14320	61953
UNKNOWN	203	C	0.961173184358	T	0.0317039106145	77	13764	25	454	14320	61953
UNKNOWN	204	A	0.980027932961	C	0.0108938547486	14034	156	86	44	14320	61953
UNKNOWN	205	T	0.991131284916	C	0.00677374301676	15	97	15	14193	14320	61953
UNKNOWN	206	C	0.990293296089	T	0.00565642458101	53	14181	5	81	14320	61953
UNKNOWN	207	A	0.991480446927	C	0.00460893854749	14198	66	38	18	14320	61953
UNKNOWN	208	C	0.985544692737	G	0.00586592178771	81	14113	84	42	14320	61953
UNKNOWN	209	C	0.963966480447	A	0.0139664804469	200	13804	144	172	14320	61953
UNKNOWN	210	A	0.991410614525	G	0.00551675977654	14197	41	79	3	14320	61953
UNKNOWN	211	A	0.980446927374	G	0.0170391061453	14040	26	244	10	14320	61953
UNKNOWN	212	G	0.984636871508	A	0.00879888268156	126	86	14100	8	14320	61953
UNKNOWN	213	G	0.988896648045	A	0.00942737430168	135	12	14161	12	14320	61953
UNKNOWN	214	A	0.990432960894	C	0.00432960893855	14183	62	50	25	14320	61953
UNKNOWN	215	C	0.987709497207	T	0.00558659217877	60	14144	36	80	14320	61953
UNKNOWN	216	A	0.989734636872	T	0.00593575418994	14173	31	31	85	14320	61953
UNKNOWN	217	A	0.972905027933	C	0.0178770949721	13932	256	85	47	14320	61953
UNKNOWN	218	C	0.981284916201	T	0.0132681564246	13	14052	65	190	14320	61953
UNKNOWN	219	T	0.986592178771	A	0.00635474860335	91	66	35	14128	14320	61953
UNKNOWN	220	C	0.991131284916	A	0.00712290502793	102	14193	7	18	14320	61953
UNKNOWN	221	C	0.983100558659	T	0.00761173184358	56	14078	77	109	14320	61953
UNKNOWN	222	A	0.990782122905	C	0.00495810055866	14188	71	58	3	14320	61953
UNKNOWN	223	A	0.975977653631	G	0.0224860335196	13976	14	322	8	14320	61953
UNKNOWN	224	G	0.98344972067	C	0.0109636871508	70	157	14083	10	14320	61953
UNKNOWN	225	A	0.985893854749	G	0.00740223463687	14118	85	106	11	14320	61953
UNKNOWN	226	G	0.938337988827	A	0.0530726256983	760	106	13437	17	14320	61953
UNKNOWN	227	C	0.959846368715	T	0.0312150837989	88	13745	40	447	14320	61953
UNKNOWN	228	C	0.986382681564	G	0.00810055865922	73	14125	116	6	14320	61953
UNKNOWN	229	A	0.988687150838	T	0.0052374301676	14158	29	58	75	14320	61953
UNKNOWN	230	A	0.979608938547	G	0.0147346368715	14028	64	211	17	14320	61953
UNKNOWN	231	G	0.969762569832	A	0.0140363128492	201	86	13887	146	14320	61953
UNKNOWN	232	T	0.990223463687	C	0.00789106145251	5	113	22	14180	14320	61953
UNKNOWN	233	C	0.973812849162	T	0.0155726256983	24	13945	128	223	14320	61953
UNKNOWN	234	T	0.987220670391	C	0.0090782122905	17	130	36	14137	14320	61953
UNKNOWN	235	C	0.986452513966	T	0.0111033519553	34	14126	1	159	14320	61953
UNKNOWN	236	T	0.977932960894	G	0.0100558659218	31	141	144	14004	14320	61953
UNKNOWN	237	C	0.98812849162	T	0.00858938547486	29	14150	18	123	14320	61953
UNKNOWN	238	T	0.991201117318	C	0.00565642458101	4	81	41	14194	14320	61953
UNKNOWN	239	G	0.95467877095	A	0.0329608938547	472	91	13671	86	14320	61953
UNKNOWN	240	T	0.983938547486	G	0.00719273743017	54	73	103	14090	14320	61953
UNKNOWN	241	C	0.971229050279	T	0.0241620111732	58	13908	8	346	14320	61953
UNKNOWN	242	A	0.979469273743	G	0.0126396648045	14026	84	181	29	14320	61953
UNKNOWN	243	G	0.930097765363	A	0.0328212290503	470	432	13319	99	14320	61953
UNKNOWN	244	T	0.990782122905	G	0.00663407821229	12	25	95	14188	14320	61953
UNKNOWN	245	G	0.972905027933	A	0.0164804469274	236	108	13932	44	14320	61953
UNKNOWN	246	A	0.982262569832	G	0.0118715083799	14066	72	170	12	14320	61953
UNKNOWN	247	G	0.951047486034	A	0.0315642458101	452	159	13619	90	14320	61953
UNKNOWN	248	C	0.947067039106	T	0.0337988826816	145	13562	129	484	14320	61953
UNKNOWN	249	A	0.983659217877	G	0.0136173184358	14086	37	195	2	14320	61953
UNKNOWN	250	G	0.983240223464	C	0.00803072625698	63	115	14080	62	14320	61953
UNKNOWN	251	C	0.984497206704	G	0.00649441340782	40	14098	93	89	14320	61953
UNKNOWN	252	G	0.981424581006	A	0.011312849162	162	59	14054	45	14320	61953
UNKNOWN	253	T	0.984217877095	C	0.0121508379888	10	174	42	14094	14320	61953
UNKNOWN	254	G	0.954469273743	A	0.0338687150838	485	109	13668	58	14320	61953
UNKNOWN	255	A	0.984078212291	G	0.00831005586592	14092	62	119	47	14320	61953
UNKNOWN	256	C	0.985125698324	T	0.00614525139665	79	14107	46	88	14320	61953
UNKNOWN	257	A	0.972905027933	G	0.0175279329609	13932	59	251	78	14320	61953
UNKNOWN	258	A	0.637639664804	C	0.328701117318	9131	4707	383	99	14320	61953
UNKNOWN	259	C	0.938477653631	G	0.0337290502793	112	13439	483	286	14320	61953
UNKNOWN	260	T	0.959008379888	C	0.0212290502793	49	304	234	13733	14320	61953
UNKNOWN	261	G	0.989664804469	A	0.00614525139665	88	27	14172	33	14320	61953
UNKNOWN	262	A	0.989455307263	G	0.00656424581006	14169	40	94	17	14320	61953
UNKNOWN	263	G	0.935963687151	A	0.0424581005587	608	220	13403	89	14320	61953
UNKNOWN	264	G	0.987779329609	A	0.00949720670391	136	10	14145	29	14320	61953
UNKNOWN	265	A	0.989106145251	C	0.00803072625698	14164	115	27	14	14320	61953
UNKNOWN	266	C	0.978770949721	T	0.010125698324	81	14016	78	145	14320	61953
UNKNOWN	267	A	0.973952513966	T	0.013687150838	13947	40	137	196	14320	61953
UNKNOWN	268	C	0.993016759777	G	0.00335195530726	30	14220	48	22	14320	61953
UNKNOWN	269	G	0.989525139665	C	0.00516759776536	44	74	14170	32	14320	61953
UNKNOWN	270	G	0.988268156425	A	0.00614525139665	88	42	14152	38	14320	61953
UNKNOWN	271	C	0.992877094972	A	0.00391061452514	56	14218	33	13	14320	61953
UNKNOWN	272	C	0.986662011173	A	0.00796089385475	114	14129	32	45	14320	61953
UNKNOWN	273	A	0.986452513966	G	0.00607541899441	14126	39	87	68	14320	61953
UNKNOWN	274	C	0.982472067039	A	0.00900837988827	129	14069	26	96	14320	61953
UNKNOWN	275	A	0.967877094972	G	0.0159217877095	13860	136	228	96	14320	61953
UNKNOWN	276	T	0.993086592179	A	0.00321229050279	46	17	36	14221	14320	61953
UNKNOWN	277	A	0.993016759777	C	0.00467877094972	14220	67	14	19	14320	61953
UNKNOWN	278	C	0.943994413408	T	0.053282122905	25	13518	14	763	14320	61953
UNKNOWN	279	T	0.988477653631	C	0.00439944134078	59	63	43	14155	14320	61953
UNKNOWN	280	A	0.975907821229	T	0.00956703910615	13975	93	115	137	14320	61953
UNKNOWN	281	C	0.964944134078	T	0.0320530726257	16	13818	27	459	14320	61953
UNKNOWN	282	T	0.986941340782	G	0.00998603351955	28	16	143	14133	14320	61953
