Type	Position	Nucl1	Freq1	Nucl2	Freq2	NumAs	NumCs	NumGs	NumTs	NumAligned	NumNaive
UNKNOWN	0	C	1.0	A	0.0	0	2376	0	0	2376	61953
UNKNOWN	1	A	1.0	C	0.0	2376	0	0	0	2376	61953
UNKNOWN	2	G	1.0	A	0.0	0	0	2376	0	2376	61953
UNKNOWN	3	G	1.0	A	0.0	0	0	2376	0	2376	61953
UNKNOWN	4	T	1.0	A	0.0	0	0	0	2376	2376	61953
UNKNOWN	5	G	1.0	A	0.0	0	0	2376	0	2376	61953
UNKNOWN	6	C	1.0	A	0.0	0	2376	0	0	2376	61953
UNKNOWN	7	A	0.997474747475	G	0.0016835016835	2370	1	4	1	2376	61953
UNKNOWN	8	G	0.986111111111	A	0.013468013468	32	1	2343	0	2376	61953
UNKNOWN	9	C	0.991161616162	T	0.00841750841751	0	2355	1	20	2376	61953
UNKNOWN	10	T	0.998737373737	C	0.000841750841751	0	2	1	2373	2376	61953
UNKNOWN	11	G	0.996632996633	T	0.00252525252525	2	0	2368	6	2376	61953
UNKNOWN	12	C	0.999158249158	A	0.000420875420875	1	2374	0	1	2376	61953
UNKNOWN	13	G	0.999158249158	A	0.000841750841751	2	0	2374	0	2376	61953
UNKNOWN	14	G	0.505892255892	C	0.489478114478	11	1163	1202	0	2376	61953
UNKNOWN	15	G	0.998737373737	T	0.000841750841751	0	1	2373	2	2376	61953
UNKNOWN	16	A	0.998737373737	T	0.000841750841751	2373	0	1	2	2376	61953
UNKNOWN	17	G	0.994107744108	A	0.00589225589226	14	0	2362	0	2376	61953
UNKNOWN	18	T	0.997895622896	C	0.00126262626263	2	3	0	2371	2376	61953
UNKNOWN	19	C	0.99537037037	T	0.00462962962963	0	2365	0	11	2376	61953
UNKNOWN	20	G	0.982744107744	A	0.016835016835	40	1	2335	0	2376	61953
UNKNOWN	21	G	1.0	A	0.0	0	0	2376	0	2376	61953
UNKNOWN	22	G	0.999158249158	A	0.000420875420875	1	1	2374	0	2376	61953
UNKNOWN	23	C	0.999158249158	T	0.000841750841751	0	2374	0	2	2376	61953
UNKNOWN	24	C	0.999579124579	T	0.000420875420875	0	2375	0	1	2376	61953
UNKNOWN	25	C	0.999158249158	A	0.000420875420875	1	2374	0	1	2376	61953
UNKNOWN	26	C	0.998316498316	A	0.0016835016835	4	2372	0	0	2376	61953
UNKNOWN	27	A	0.993686868687	T	0.00462962962963	2361	0	4	11	2376	61953
UNKNOWN	28	G	0.996212121212	A	0.00210437710438	5	4	2367	0	2376	61953
UNKNOWN	29	C	0.996632996633	T	0.00252525252525	2	2368	0	6	2376	61953
UNKNOWN	30	C	0.998316498316	T	0.00126262626263	1	2372	0	3	2376	61953
UNKNOWN	31	T	0.996632996633	C	0.00210437710438	0	5	3	2368	2376	61953
UNKNOWN	32	G	0.995791245791	A	0.00210437710438	5	4	2366	1	2376	61953
UNKNOWN	33	G	0.997895622896	A	0.00126262626263	3	0	2371	2	2376	61953
UNKNOWN	34	T	0.997895622896	G	0.00126262626263	0	2	3	2371	2376	61953
UNKNOWN	35	G	0.999158249158	A	0.000841750841751	2	0	2374	0	2376	61953
UNKNOWN	36	A	0.998316498316	T	0.00126262626263	2372	0	1	3	2376	61953
UNKNOWN	37	A	0.996632996633	G	0.00252525252525	2368	1	6	1	2376	61953
UNKNOWN	38	G	0.996632996633	C	0.00210437710438	2	5	2368	1	2376	61953
UNKNOWN	39	C	0.999158249158	T	0.000420875420875	0	2374	1	1	2376	61953
UNKNOWN	40	C	0.999579124579	T	0.000420875420875	0	2375	0	1	2376	61953
UNKNOWN	41	C	0.99537037037	A	0.0016835016835	4	2365	4	3	2376	61953
UNKNOWN	42	T	0.996212121212	C	0.003367003367	1	8	0	2367	2376	61953
UNKNOWN	43	C	0.999158249158	A	0.000841750841751	2	2374	0	0	2376	61953
UNKNOWN	44	A	0.996212121212	C	0.003367003367	2367	8	1	0	2376	61953
UNKNOWN	45	C	0.998316498316	A	0.000841750841751	2	2372	2	0	2376	61953
UNKNOWN	46	A	0.992845117845	T	0.00420875420875	2359	3	4	10	2376	61953
UNKNOWN	47	G	0.998737373737	A	0.00126262626263	3	0	2373	0	2376	61953
UNKNOWN	48	A	0.997895622896	G	0.00126262626263	2371	2	3	0	2376	61953
UNKNOWN	49	C	1.0	A	0.0	0	2376	0	0	2376	61953
UNKNOWN	50	C	0.999158249158	A	0.000420875420875	1	2374	0	1	2376	61953
UNKNOWN	51	C	0.998737373737	T	0.000841750841751	0	2373	1	2	2376	61953
UNKNOWN	52	T	0.998316498316	C	0.00126262626263	1	3	0	2372	2376	61953
UNKNOWN	53	C	0.998737373737	T	0.00126262626263	0	2373	0	3	2376	61953
UNKNOWN	54	T	0.994107744108	C	0.00547138047138	1	13	0	2362	2376	61953
UNKNOWN	55	C	0.997895622896	A	0.000841750841751	2	2371	2	1	2376	61953
UNKNOWN	56	C	0.998316498316	T	0.000841750841751	0	2372	2	2	2376	61953
UNKNOWN	57	C	0.996632996633	A	0.00126262626263	3	2368	2	3	2376	61953
UNKNOWN	58	T	0.996632996633	C	0.00294612794613	1	7	0	2368	2376	61953
UNKNOWN	59	C	0.99537037037	A	0.00294612794613	7	2365	1	3	2376	61953
UNKNOWN	60	A	0.992845117845	C	0.00420875420875	2359	10	3	4	2376	61953
UNKNOWN	61	C	0.997053872054	T	0.0016835016835	3	2369	0	4	2376	61953
UNKNOWN	62	C	0.991161616162	T	0.00841750841751	0	2355	1	20	2376	61953
UNKNOWN	63	T	0.997053872054	C	0.0016835016835	1	4	2	2369	2376	61953
UNKNOWN	64	G	0.998737373737	C	0.000841750841751	1	2	2373	0	2376	61953
UNKNOWN	65	C	0.997474747475	A	0.00126262626263	3	2370	0	3	2376	61953
UNKNOWN	66	A	0.99537037037	C	0.00420875420875	2365	10	1	0	2376	61953
UNKNOWN	67	C	0.992845117845	T	0.00294612794613	4	2359	6	7	2376	61953
UNKNOWN	68	G	0.997474747475	A	0.00210437710438	5	1	2370	0	2376	61953
UNKNOWN	69	G	0.944023569024	A	0.0542929292929	129	1	2243	3	2376	61953
UNKNOWN	70	T	0.992424242424	C	0.00757575757576	0	18	0	2358	2376	61953
UNKNOWN	71	C	0.988215488215	G	0.00673400673401	3	2348	16	9	2376	61953
UNKNOWN	72	T	0.998316498316	C	0.00126262626263	0	3	1	2372	2376	61953
UNKNOWN	73	C	0.998737373737	T	0.000841750841751	1	2373	0	2	2376	61953
UNKNOWN	74	T	0.999158249158	G	0.000841750841751	0	0	2	2374	2376	61953
UNKNOWN	75	G	0.994528619529	A	0.00462962962963	11	1	2363	1	2376	61953
UNKNOWN	76	G	0.996632996633	A	0.00210437710438	5	3	2368	0	2376	61953
UNKNOWN	77	A	0.990740740741	C	0.00757575757576	2354	18	1	3	2376	61953
UNKNOWN	78	T	0.987794612795	G	0.00715488215488	2	10	17	2347	2376	61953
UNKNOWN	79	T	0.991161616162	G	0.00462962962963	3	7	11	2355	2376	61953
UNKNOWN	80	C	0.994949494949	T	0.00505050505051	0	2364	0	12	2376	61953
UNKNOWN	81	T	0.996632996633	C	0.00294612794613	0	7	1	2368	2376	61953
UNKNOWN	82	C	0.99537037037	T	0.003367003367	3	2365	0	8	2376	61953
UNKNOWN	83	A	0.994528619529	C	0.00252525252525	2363	6	5	2	2376	61953
UNKNOWN	84	T	0.994949494949	C	0.00462962962963	0	11	1	2364	2376	61953
UNKNOWN	85	T	0.997474747475	G	0.00126262626263	1	2	3	2370	2376	61953
UNKNOWN	86	G	0.973484848485	A	0.0265151515152	63	0	2313	0	2376	61953
UNKNOWN	87	A	0.990740740741	G	0.00505050505051	2354	7	12	3	2376	61953
UNKNOWN	88	G	0.959175084175	A	0.0298821548822	71	18	2279	8	2376	61953
UNKNOWN	89	C	0.963383838384	G	0.016835016835	12	2289	40	35	2376	61953
UNKNOWN	90	A	0.983164983165	G	0.0113636363636	2336	7	27	6	2376	61953
UNKNOWN	91	G	0.819865319865	A	0.135942760943	323	74	1948	31	2376	61953
UNKNOWN	92	C	0.957912457912	T	0.0286195286195	13	2276	19	68	2376	61953
UNKNOWN	93	T	0.98569023569	C	0.00547138047138	8	13	13	2342	2376	61953
UNKNOWN	94	A	0.988636363636	C	0.00547138047138	2349	13	5	9	2376	61953
UNKNOWN	95	T	0.988215488215	C	0.00547138047138	8	13	7	2348	2376	61953
UNKNOWN	96	G	0.909932659933	A	0.0572390572391	136	11	2162	67	2376	61953
UNKNOWN	97	C	0.939814814815	G	0.0307239057239	14	2233	73	56	2376	61953
UNKNOWN	98	T	0.993686868687	G	0.00420875420875	1	4	10	2361	2376	61953
UNKNOWN	99	G	0.973484848485	A	0.020202020202	48	10	2313	5	2376	61953
UNKNOWN	100	T	0.997474747475	C	0.0016835016835	2	4	0	2370	2376	61953
UNKNOWN	101	A	0.965488215488	G	0.016835016835	2294	9	40	33	2376	61953
UNKNOWN	102	A	0.693602693603	G	0.301767676768	1648	7	717	4	2376	61953
UNKNOWN	103	G	0.830808080808	A	0.107323232323	255	118	1974	29	2376	61953
UNKNOWN	104	C	0.97601010101	T	0.020202020202	4	2319	5	48	2376	61953
UNKNOWN	105	T	0.997474747475	C	0.0016835016835	0	4	2	2370	2376	61953
UNKNOWN	106	G	0.999579124579	T	0.000420875420875	0	0	2375	1	2376	61953
UNKNOWN	107	G	0.999579124579	A	0.000420875420875	1	0	2375	0	2376	61953
UNKNOWN	108	G	0.984848484848	A	0.00968013468013	23	2	2340	11	2376	61953
UNKNOWN	109	T	0.994528619529	C	0.00505050505051	0	12	1	2363	2376	61953
UNKNOWN	110	C	0.997895622896	A	0.0016835016835	4	2371	0	1	2376	61953
UNKNOWN	111	C	0.998316498316	T	0.000841750841751	0	2372	2	2	2376	61953
UNKNOWN	112	G	0.998316498316	C	0.000841750841751	1	2	2372	1	2376	61953
UNKNOWN	113	C	0.99537037037	T	0.003367003367	3	2365	0	8	2376	61953
UNKNOWN	114	C	0.997895622896	A	0.0016835016835	4	2371	0	1	2376	61953
UNKNOWN	115	A	0.992424242424	G	0.00378787878788	2358	8	9	1	2376	61953
UNKNOWN	116	G	0.999579124579	C	0.000420875420875	0	1	2375	0	2376	61953
UNKNOWN	117	G	0.981481481481	A	0.0164141414141	39	5	2332	0	2376	61953
UNKNOWN	118	C	0.991582491582	G	0.00631313131313	2	2356	15	3	2376	61953
UNKNOWN	119	T	0.995791245791	C	0.00378787878788	0	9	1	2366	2376	61953
UNKNOWN	120	C	0.998316498316	T	0.000841750841751	0	2372	2	2	2376	61953
UNKNOWN	121	C	0.997895622896	A	0.0016835016835	4	2371	1	0	2376	61953
UNKNOWN	122	A	0.947390572391	G	0.0488215488215	2251	9	116	0	2376	61953
UNKNOWN	123	G	0.999158249158	C	0.000841750841751	0	2	2374	0	2376	61953
UNKNOWN	124	G	1.0	A	0.0	0	0	2376	0	2376	61953
UNKNOWN	125	G	0.992424242424	A	0.00631313131313	15	3	2358	0	2376	61953
UNKNOWN	126	A	0.998316498316	C	0.000841750841751	2372	2	2	0	2376	61953
UNKNOWN	127	A	0.997474747475	G	0.00252525252525	2370	0	6	0	2376	61953
UNKNOWN	128	G	0.999158249158	A	0.000841750841751	2	0	2374	0	2376	61953
UNKNOWN	129	G	0.984006734007	A	0.0130471380471	31	7	2338	0	2376	61953
UNKNOWN	130	C	0.99537037037	A	0.00252525252525	6	2365	4	1	2376	61953
UNKNOWN	131	G	0.898569023569	A	0.0669191919192	159	7	2135	75	2376	61953
UNKNOWN	132	C	0.992845117845	T	0.00673400673401	0	2359	1	16	2376	61953
UNKNOWN	133	T	0.991582491582	C	0.00462962962963	1	11	8	2356	2376	61953
UNKNOWN	134	G	0.944023569024	T	0.0513468013468	11	0	2243	122	2376	61953
UNKNOWN	135	G	0.997895622896	A	0.0016835016835	4	0	2371	1	2376	61953
UNKNOWN	136	A	0.996632996633	G	0.0016835016835	2368	2	4	2	2376	61953
UNKNOWN	137	G	0.993265993266	A	0.00420875420875	10	2	2360	4	2376	61953
UNKNOWN	138	T	0.998316498316	G	0.00126262626263	0	1	3	2372	2376	61953
UNKNOWN	139	G	0.981060606061	T	0.00883838383838	18	6	2331	21	2376	61953
UNKNOWN	140	C	0.681818181818	G	0.234427609428	4	1620	557	195	2376	61953
UNKNOWN	141	C	0.824494949495	G	0.157407407407	35	1959	374	8	2376	61953
UNKNOWN	142	T	0.995791245791	C	0.00378787878788	0	9	1	2366	2376	61953
UNKNOWN	143	C	0.684764309764	T	0.307239057239	6	1627	13	730	2376	61953
UNKNOWN	144	G	0.997895622896	A	0.000841750841751	2	1	2371	2	2376	61953
UNKNOWN	145	G	0.989478114478	C	0.00841750841751	2	20	2351	3	2376	61953
UNKNOWN	146	T	0.976430976431	G	0.010101010101	17	15	24	2320	2376	61953
UNKNOWN	147	G	0.750841750842	A	0.21632996633	514	20	1784	58	2376	61953
UNKNOWN	148	G	0.484006734007	A	0.414562289562	985	110	1150	131	2376	61953
UNKNOWN	149	T	0.951178451178	G	0.0256734006734	35	20	61	2260	2376	61953
UNKNOWN	150	A	0.967592592593	G	0.0281986531987	2299	3	67	7	2376	61953
UNKNOWN	151	T	0.992845117845	C	0.00252525252525	5	6	6	2359	2376	61953
UNKNOWN	152	A	0.970538720539	T	0.0151515151515	2306	4	30	36	2376	61953
UNKNOWN	153	A	0.969696969697	G	0.0265151515152	2304	4	63	5	2376	61953
UNKNOWN	154	G	0.890151515152	A	0.0770202020202	183	66	2115	12	2376	61953
UNKNOWN	155	C	0.848905723906	T	0.118265993266	40	2017	38	281	2376	61953
UNKNOWN	156	A	0.948232323232	G	0.0462962962963	2253	11	110	2	2376	61953
UNKNOWN	157	G	0.928451178451	A	0.03367003367	80	46	2206	44	2376	61953
UNKNOWN	158	T	0.983164983165	G	0.00799663299663	18	3	19	2336	2376	61953
UNKNOWN	159	G	0.924242424242	A	0.0606060606061	144	26	2196	10	2376	61953
UNKNOWN	160	G	0.921296296296	A	0.0589225589226	140	31	2189	16	2376	61953
UNKNOWN	161	T	0.985269360269	G	0.00589225589226	11	10	14	2341	2376	61953
UNKNOWN	162	G	0.997053872054	A	0.0016835016835	4	1	2369	2	2376	61953
UNKNOWN	163	G	0.99031986532	C	0.00505050505051	10	12	2353	1	2376	61953
UNKNOWN	164	A	0.973905723906	G	0.0218855218855	2314	4	52	6	2376	61953
UNKNOWN	165	A	0.944023569024	G	0.0530303030303	2243	1	126	6	2376	61953
UNKNOWN	166	G	0.704966329966	A	0.173821548822	413	192	1675	96	2376	61953
UNKNOWN	167	C	0.898569023569	A	0.0446127946128	106	2135	41	94	2376	61953
UNKNOWN	168	A	0.978956228956	G	0.0151515151515	2326	11	36	3	2376	61953
UNKNOWN	169	C	0.974747474747	T	0.0172558922559	12	2316	7	41	2376	61953
UNKNOWN	170	A	0.992845117845	G	0.00462962962963	2359	6	11	0	2376	61953
UNKNOWN	171	G	0.808501683502	T	0.169612794613	35	17	1921	403	2376	61953
UNKNOWN	172	G	0.746632996633	A	0.219696969697	522	43	1774	37	2376	61953
UNKNOWN	173	C	0.962962962963	T	0.0260942760943	2	2288	24	62	2376	61953
UNKNOWN	174	T	0.994949494949	C	0.00252525252525	4	6	2	2364	2376	61953
UNKNOWN	175	A	0.994949494949	T	0.00462962962963	2364	0	1	11	2376	61953
UNKNOWN	176	T	0.989478114478	C	0.00799663299663	5	19	1	2351	2376	61953
UNKNOWN	177	A	0.993265993266	G	0.00462962962963	2360	3	11	2	2376	61953
UNKNOWN	178	A	0.994528619529	C	0.00294612794613	2363	7	6	0	2376	61953
UNKNOWN	179	C	0.905303030303	T	0.0749158249158	11	2151	36	178	2376	61953
UNKNOWN	180	C	0.970538720539	T	0.0172558922559	8	2306	21	41	2376	61953
UNKNOWN	181	C	0.992845117845	T	0.00420875420875	7	2359	0	10	2376	61953
UNKNOWN	182	A	0.987794612795	G	0.010101010101	2347	4	24	1	2376	61953
UNKNOWN	183	G	0.961279461279	A	0.030303030303	72	4	2284	16	2376	61953
UNKNOWN	184	C	0.977272727273	G	0.0138888888889	4	2322	33	17	2376	61953
UNKNOWN	185	C	0.999158249158	A	0.000841750841751	2	2374	0	0	2376	61953
UNKNOWN	186	C	0.99537037037	T	0.00378787878788	1	2365	1	9	2376	61953
UNKNOWN	187	T	0.997053872054	G	0.0016835016835	1	2	4	2369	2376	61953
UNKNOWN	188	G	0.984427609428	A	0.00841750841751	20	2	2339	15	2376	61953
UNKNOWN	189	A	0.994528619529	G	0.00378787878788	2363	3	9	1	2376	61953
UNKNOWN	190	A	0.996212121212	C	0.0016835016835	2367	4	4	1	2376	61953
UNKNOWN	191	A	0.995791245791	G	0.00252525252525	2366	1	6	3	2376	61953
UNKNOWN	192	T	0.994528619529	C	0.00378787878788	1	9	3	2363	2376	61953
UNKNOWN	193	C	0.998316498316	T	0.000841750841751	1	2372	1	2	2376	61953
UNKNOWN	194	C	0.987373737374	T	0.00757575757576	9	2346	3	18	2376	61953
UNKNOWN	195	C	0.997895622896	G	0.00126262626263	2	2371	3	0	2376	61953
UNKNOWN	196	G	0.997895622896	T	0.00210437710438	0	0	2371	5	2376	61953
UNKNOWN	197	G	0.952441077441	A	0.0387205387205	92	12	2263	9	2376	61953
UNKNOWN	198	C	0.981902356902	A	0.00841750841751	20	2333	11	12	2376	61953
UNKNOWN	199	T	0.994528619529	C	0.00420875420875	0	10	3	2363	2376	61953
UNKNOWN	200	C	0.996632996633	A	0.00210437710438	5	2368	0	3	2376	61953
UNKNOWN	201	A	0.997053872054	G	0.00210437710438	2369	2	5	0	2376	61953
UNKNOWN	202	G	0.97095959596	C	0.020202020202	16	48	2307	5	2376	61953
UNKNOWN	203	C	0.966750841751	T	0.0239898989899	12	2297	10	57	2376	61953
UNKNOWN	204	A	0.994107744108	G	0.003367003367	2362	2	8	4	2376	61953
UNKNOWN	205	T	0.995791245791	C	0.00294612794613	0	7	3	2366	2376	61953
UNKNOWN	206	C	0.989898989899	T	0.00673400673401	3	2352	5	16	2376	61953
UNKNOWN	207	A	0.995791245791	C	0.00210437710438	2366	5	2	3	2376	61953
UNKNOWN	208	C	0.993686868687	T	0.003367003367	1	2361	6	8	2376	61953
UNKNOWN	209	C	0.976851851852	G	0.0113636363636	13	2321	27	15	2376	61953
UNKNOWN	210	A	0.994949494949	G	0.00252525252525	2364	3	6	3	2376	61953
UNKNOWN	211	A	0.982323232323	G	0.0138888888889	2334	8	33	1	2376	61953
UNKNOWN	212	G	0.979797979798	C	0.0126262626263	17	30	2328	1	2376	61953
UNKNOWN	213	G	0.989898989899	C	0.00505050505051	7	12	2352	5	2376	61953
UNKNOWN	214	A	0.991582491582	G	0.00420875420875	2356	8	10	2	2376	61953
UNKNOWN	215	C	0.987794612795	T	0.00757575757576	3	2347	8	18	2376	61953
UNKNOWN	216	A	0.989057239057	G	0.00799663299663	2350	5	19	2	2376	61953
UNKNOWN	217	A	0.993265993266	C	0.00420875420875	2360	10	5	1	2376	61953
UNKNOWN	218	C	0.981481481481	T	0.0117845117845	0	2332	16	28	2376	61953
UNKNOWN	219	T	0.987794612795	C	0.00505050505051	8	12	9	2347	2376	61953
UNKNOWN	220	C	0.997895622896	T	0.00126262626263	2	2371	0	3	2376	61953
UNKNOWN	221	C	0.979797979798	G	0.0147306397306	3	2328	35	10	2376	61953
UNKNOWN	222	A	0.989478114478	C	0.00589225589226	2351	14	10	1	2376	61953
UNKNOWN	223	A	0.993686868687	G	0.00462962962963	2361	3	11	1	2376	61953
UNKNOWN	224	G	0.989898989899	A	0.00631313131313	15	9	2352	0	2376	61953
UNKNOWN	225	A	0.994107744108	G	0.00378787878788	2362	3	9	2	2376	61953
UNKNOWN	226	G	0.950336700337	A	0.0462962962963	110	7	2258	1	2376	61953
UNKNOWN	227	C	0.980218855219	T	0.0164141414141	6	2329	2	39	2376	61953
UNKNOWN	228	C	0.994528619529	A	0.00462962962963	11	2363	1	1	2376	61953
UNKNOWN	229	A	0.996212121212	G	0.00210437710438	2367	1	5	3	2376	61953
UNKNOWN	230	A	0.989478114478	G	0.010101010101	2351	1	24	0	2376	61953
UNKNOWN	231	G	0.965488215488	A	0.0164141414141	39	30	2294	13	2376	61953
UNKNOWN	232	T	0.99537037037	C	0.00420875420875	0	10	1	2365	2376	61953
UNKNOWN	233	C	0.97601010101	G	0.0155723905724	5	2319	37	15	2376	61953
UNKNOWN	234	T	0.992003367003	C	0.00589225589226	2	14	3	2357	2376	61953
UNKNOWN	235	C	0.994107744108	T	0.00420875420875	3	2362	1	10	2376	61953
UNKNOWN	236	T	0.982323232323	C	0.00883838383838	1	21	20	2334	2376	61953
UNKNOWN	237	C	0.993686868687	T	0.00420875420875	4	2361	1	10	2376	61953
UNKNOWN	238	T	0.997053872054	G	0.00252525252525	0	1	6	2369	2376	61953
UNKNOWN	239	G	0.97095959596	A	0.0185185185185	44	14	2307	11	2376	61953
UNKNOWN	240	T	0.991582491582	G	0.00378787878788	5	6	9	2356	2376	61953
UNKNOWN	241	C	0.97601010101	T	0.0193602693603	8	2319	3	46	2376	61953
UNKNOWN	242	A	0.987373737374	G	0.00715488215488	2346	12	17	1	2376	61953
UNKNOWN	243	G	0.95664983165	C	0.0252525252525	35	60	2273	8	2376	61953
UNKNOWN	244	T	0.994949494949	A	0.00252525252525	6	1	5	2364	2376	61953
UNKNOWN	245	G	0.978535353535	A	0.016835016835	40	4	2325	7	2376	61953
UNKNOWN	246	A	0.986531986532	C	0.00757575757576	2344	18	14	0	2376	61953
UNKNOWN	247	G	0.951599326599	A	0.0378787878788	90	21	2261	4	2376	61953
UNKNOWN	248	C	0.960437710438	T	0.0332491582492	9	2282	6	79	2376	61953
UNKNOWN	249	A	0.994528619529	G	0.003367003367	2363	5	8	0	2376	61953
UNKNOWN	250	G	0.989478114478	A	0.00589225589226	14	10	2351	1	2376	61953
UNKNOWN	251	C	0.991582491582	T	0.00462962962963	5	2356	4	11	2376	61953
UNKNOWN	252	G	0.984848484848	A	0.00883838383838	21	10	2340	5	2376	61953
UNKNOWN	253	T	0.994949494949	C	0.003367003367	0	8	4	2364	2376	61953
UNKNOWN	254	G	0.978535353535	A	0.0155723905724	37	3	2325	11	2376	61953
UNKNOWN	255	A	0.986952861953	G	0.00883838383838	2345	4	21	6	2376	61953
UNKNOWN	256	C	0.992003367003	A	0.003367003367	8	2357	3	8	2376	61953
UNKNOWN	257	A	0.990740740741	G	0.00757575757576	2354	4	18	0	2376	61953
UNKNOWN	258	C	0.872895622896	A	0.107744107744	256	2074	23	23	2376	61953
UNKNOWN	259	C	0.983585858586	T	0.0122053872054	5	2337	5	29	2376	61953
UNKNOWN	260	T	0.979377104377	C	0.0138888888889	5	33	11	2327	2376	61953
UNKNOWN	261	G	0.994528619529	A	0.00420875420875	10	1	2363	2	2376	61953
UNKNOWN	262	A	0.99031986532	G	0.00799663299663	2353	1	19	3	2376	61953
UNKNOWN	263	G	0.957912457912	A	0.026936026936	64	30	2276	6	2376	61953
UNKNOWN	264	G	0.992424242424	A	0.00631313131313	15	1	2358	2	2376	61953
UNKNOWN	265	A	0.993265993266	C	0.00378787878788	2360	9	3	4	2376	61953
UNKNOWN	266	C	0.986952861953	T	0.00631313131313	11	2345	5	15	2376	61953
UNKNOWN	267	A	0.980218855219	T	0.00925925925926	2329	5	20	22	2376	61953
UNKNOWN	268	C	0.994107744108	A	0.00210437710438	5	2362	5	4	2376	61953
UNKNOWN	269	G	0.992424242424	A	0.00547138047138	13	4	2358	1	2376	61953
UNKNOWN	270	G	0.994107744108	A	0.003367003367	8	4	2362	2	2376	61953
UNKNOWN	271	C	0.995791245791	G	0.00252525252525	4	2366	6	0	2376	61953
UNKNOWN	272	C	0.992845117845	A	0.00378787878788	9	2359	3	5	2376	61953
UNKNOWN	273	A	0.995791245791	C	0.00210437710438	2366	5	5	0	2376	61953
UNKNOWN	274	C	0.992424242424	A	0.00294612794613	7	2358	6	5	2376	61953
UNKNOWN	275	A	0.974326599327	G	0.0164141414141	2315	9	39	13	2376	61953
UNKNOWN	276	T	0.99537037037	G	0.00294612794613	4	0	7	2365	2376	61953
UNKNOWN	277	A	0.996212121212	C	0.00252525252525	2367	6	1	2	2376	61953
UNKNOWN	278	C	0.965488215488	T	0.03367003367	2	2294	0	80	2376	61953
UNKNOWN	279	T	0.992003367003	C	0.003367003367	5	8	6	2357	2376	61953
UNKNOWN	280	A	0.986111111111	C	0.00631313131313	2343	15	5	13	2376	61953
UNKNOWN	281	C	0.98063973064	T	0.0155723905724	8	2330	1	37	2376	61953
UNKNOWN	282	T	0.992424242424	G	0.00462962962963	6	1	11	2358	2376	61953
