Type	Position	Nucl1	Freq1	Nucl2	Freq2	NumAs	NumCs	NumGs	NumTs	NumAligned	NumNaive
UNKNOWN	0	A	1.0	C	0.0	578	0	0	0	578	240197
UNKNOWN	1	A	1.0	C	0.0	578	0	0	0	578	240197
UNKNOWN	2	G	1.0	A	0.0	0	0	578	0	578	240197
UNKNOWN	3	G	1.0	A	0.0	0	0	578	0	578	240197
UNKNOWN	4	T	1.0	A	0.0	0	0	0	578	578	240197
UNKNOWN	5	G	1.0	A	0.0	0	0	578	0	578	240197
UNKNOWN	6	C	1.0	A	0.0	0	578	0	0	578	240197
UNKNOWN	7	A	1.0	C	0.0	578	0	0	0	578	240197
UNKNOWN	8	G	0.998269896194	A	0.00173010380623	1	0	577	0	578	240197
UNKNOWN	9	C	1.0	A	0.0	0	578	0	0	578	240197
UNKNOWN	10	T	0.998269896194	C	0.00173010380623	0	1	0	577	578	240197
UNKNOWN	11	G	0.996539792388	A	0.00173010380623	1	0	576	1	578	240197
UNKNOWN	12	C	1.0	A	0.0	0	578	0	0	578	240197
UNKNOWN	13	G	0.576124567474	A	0.420415224913	243	2	333	0	578	240197
UNKNOWN	14	G	0.982698961938	C	0.0155709342561	1	9	568	0	578	240197
UNKNOWN	15	G	1.0	A	0.0	0	0	578	0	578	240197
UNKNOWN	16	A	0.998269896194	G	0.00173010380623	577	0	1	0	578	240197
UNKNOWN	17	G	0.994809688581	A	0.00519031141869	3	0	575	0	578	240197
UNKNOWN	18	T	0.998269896194	G	0.00173010380623	0	0	1	577	578	240197
UNKNOWN	19	C	1.0	A	0.0	0	578	0	0	578	240197
UNKNOWN	20	G	0.544982698962	A	0.455017301038	263	0	315	0	578	240197
UNKNOWN	21	G	1.0	A	0.0	0	0	578	0	578	240197
UNKNOWN	22	G	1.0	A	0.0	0	0	578	0	578	240197
UNKNOWN	23	C	0.939446366782	T	0.060553633218	0	543	0	35	578	240197
UNKNOWN	24	C	1.0	A	0.0	0	578	0	0	578	240197
UNKNOWN	25	C	1.0	A	0.0	0	578	0	0	578	240197
UNKNOWN	26	C	0.998269896194	A	0.00173010380623	1	577	0	0	578	240197
UNKNOWN	27	A	1.0	C	0.0	578	0	0	0	578	240197
UNKNOWN	28	G	1.0	A	0.0	0	0	578	0	578	240197
UNKNOWN	29	C	1.0	A	0.0	0	578	0	0	578	240197
UNKNOWN	30	C	1.0	A	0.0	0	578	0	0	578	240197
UNKNOWN	31	T	0.993079584775	G	0.00519031141869	0	1	3	574	578	240197
UNKNOWN	32	G	0.996539792388	A	0.00346020761246	2	0	576	0	578	240197
UNKNOWN	33	G	1.0	A	0.0	0	0	578	0	578	240197
UNKNOWN	34	T	0.993079584775	C	0.00519031141869	0	3	1	574	578	240197
UNKNOWN	35	G	0.998269896194	A	0.00173010380623	1	0	577	0	578	240197
UNKNOWN	36	A	1.0	C	0.0	578	0	0	0	578	240197
UNKNOWN	37	A	0.996539792388	G	0.00346020761246	576	0	2	0	578	240197
UNKNOWN	38	G	1.0	A	0.0	0	0	578	0	578	240197
UNKNOWN	39	C	1.0	A	0.0	0	578	0	0	578	240197
UNKNOWN	40	C	0.998269896194	A	0.00173010380623	1	577	0	0	578	240197
UNKNOWN	41	C	0.991349480969	G	0.00692041522491	0	573	4	1	578	240197
UNKNOWN	42	T	0.998269896194	C	0.00173010380623	0	1	0	577	578	240197
UNKNOWN	43	C	0.996539792388	A	0.00173010380623	1	576	0	1	578	240197
UNKNOWN	44	A	0.994809688581	G	0.00346020761246	575	1	2	0	578	240197
UNKNOWN	45	C	0.998269896194	A	0.00173010380623	1	577	0	0	578	240197
UNKNOWN	46	A	0.993079584775	G	0.00519031141869	574	1	3	0	578	240197
UNKNOWN	47	G	0.998269896194	A	0.00173010380623	1	0	577	0	578	240197
UNKNOWN	48	A	0.989619377163	T	0.00692041522491	572	1	1	4	578	240197
UNKNOWN	49	C	1.0	A	0.0	0	578	0	0	578	240197
UNKNOWN	50	C	1.0	A	0.0	0	578	0	0	578	240197
UNKNOWN	51	C	0.998269896194	T	0.00173010380623	0	577	0	1	578	240197
UNKNOWN	52	T	0.998269896194	C	0.00173010380623	0	1	0	577	578	240197
UNKNOWN	53	C	0.996539792388	T	0.00346020761246	0	576	0	2	578	240197
UNKNOWN	54	T	0.994809688581	C	0.00519031141869	0	3	0	575	578	240197
UNKNOWN	55	C	0.993079584775	T	0.00692041522491	0	574	0	4	578	240197
UNKNOWN	56	C	0.994809688581	G	0.00519031141869	0	575	3	0	578	240197
UNKNOWN	57	C	0.998269896194	T	0.00173010380623	0	577	0	1	578	240197
UNKNOWN	58	T	0.996539792388	C	0.00173010380623	0	1	1	576	578	240197
UNKNOWN	59	C	0.991349480969	A	0.00692041522491	4	573	0	1	578	240197
UNKNOWN	60	A	0.994809688581	G	0.00346020761246	575	1	2	0	578	240197
UNKNOWN	61	C	0.998269896194	A	0.00173010380623	1	577	0	0	578	240197
UNKNOWN	62	C	0.994809688581	A	0.00173010380623	1	575	1	1	578	240197
UNKNOWN	63	T	0.996539792388	C	0.00173010380623	0	1	1	576	578	240197
UNKNOWN	64	G	0.996539792388	A	0.00173010380623	1	1	576	0	578	240197
UNKNOWN	65	C	0.998269896194	A	0.00173010380623	1	577	0	0	578	240197
UNKNOWN	66	A	0.996539792388	C	0.00173010380623	576	1	1	0	578	240197
UNKNOWN	67	C	0.991349480969	T	0.00346020761246	1	573	2	2	578	240197
UNKNOWN	68	G	0.991349480969	A	0.00519031141869	3	2	573	0	578	240197
UNKNOWN	69	A	0.9723183391	G	0.0242214532872	562	2	14	0	578	240197
UNKNOWN	70	C	0.967128027682	T	0.0328719723183	0	559	0	19	578	240197
UNKNOWN	71	C	0.994809688581	A	0.00173010380623	1	575	1	1	578	240197
UNKNOWN	72	T	0.998269896194	C	0.00173010380623	0	1	0	577	578	240197
UNKNOWN	73	C	0.998269896194	T	0.00173010380623	0	577	0	1	578	240197
UNKNOWN	74	T	0.982698961938	G	0.0138408304498	0	2	8	568	578	240197
UNKNOWN	75	G	1.0	A	0.0	0	0	578	0	578	240197
UNKNOWN	76	G	0.998269896194	A	0.00173010380623	1	0	577	0	578	240197
UNKNOWN	77	A	0.996539792388	T	0.00173010380623	576	0	1	1	578	240197
UNKNOWN	78	T	0.998269896194	G	0.00173010380623	0	0	1	577	578	240197
UNKNOWN	79	T	0.996539792388	C	0.00346020761246	0	2	0	576	578	240197
UNKNOWN	80	C	0.996539792388	T	0.00346020761246	0	576	0	2	578	240197
UNKNOWN	81	T	0.998269896194	C	0.00173010380623	0	1	0	577	578	240197
UNKNOWN	82	C	0.998269896194	A	0.00173010380623	1	577	0	0	578	240197
UNKNOWN	83	A	0.994809688581	C	0.00173010380623	575	1	1	1	578	240197
UNKNOWN	84	T	0.998269896194	C	0.00173010380623	0	1	0	577	578	240197
UNKNOWN	85	T	0.996539792388	C	0.00173010380623	0	1	1	576	578	240197
UNKNOWN	86	G	0.975778546713	A	0.0138408304498	8	1	564	5	578	240197
UNKNOWN	87	A	0.994809688581	C	0.00519031141869	575	3	0	0	578	240197
UNKNOWN	88	C	0.795847750865	A	0.18339100346	106	460	9	3	578	240197
UNKNOWN	89	C	0.994809688581	T	0.00346020761246	1	575	0	2	578	240197
UNKNOWN	90	A	0.987889273356	G	0.00692041522491	571	2	4	1	578	240197
UNKNOWN	91	G	0.974048442907	A	0.0190311418685	11	3	563	1	578	240197
UNKNOWN	92	C	0.98615916955	T	0.0103806228374	2	570	0	6	578	240197
UNKNOWN	93	T	0.98615916955	A	0.0103806228374	6	1	1	570	578	240197
UNKNOWN	94	A	0.996539792388	C	0.00173010380623	576	1	0	1	578	240197
UNKNOWN	95	T	0.996539792388	C	0.00173010380623	0	1	1	576	578	240197
UNKNOWN	96	G	0.970588235294	A	0.0294117647059	17	0	561	0	578	240197
UNKNOWN	97	G	0.949826989619	C	0.0432525951557	2	25	549	2	578	240197
UNKNOWN	98	T	0.996539792388	G	0.00346020761246	0	0	2	576	578	240197
UNKNOWN	99	G	0.989619377163	T	0.00692041522491	2	0	572	4	578	240197
UNKNOWN	100	T	0.994809688581	A	0.00173010380623	1	1	1	575	578	240197
UNKNOWN	101	A	0.987889273356	G	0.0103806228374	571	1	6	0	578	240197
UNKNOWN	102	A	0.974048442907	G	0.0259515570934	563	0	15	0	578	240197
UNKNOWN	103	G	0.846020761246	A	0.110726643599	64	11	489	14	578	240197
UNKNOWN	104	C	0.982698961938	T	0.0121107266436	0	568	3	7	578	240197
UNKNOWN	105	T	0.998269896194	G	0.00173010380623	0	0	1	577	578	240197
UNKNOWN	106	G	1.0	A	0.0	0	0	578	0	578	240197
UNKNOWN	107	G	1.0	A	0.0	0	0	578	0	578	240197
UNKNOWN	108	G	0.998269896194	T	0.00173010380623	0	0	577	1	578	240197
UNKNOWN	109	T	0.996539792388	C	0.00346020761246	0	2	0	576	578	240197
UNKNOWN	110	C	0.998269896194	G	0.00173010380623	0	577	1	0	578	240197
UNKNOWN	111	C	0.998269896194	G	0.00173010380623	0	577	1	0	578	240197
UNKNOWN	112	G	0.994809688581	A	0.00346020761246	2	1	575	0	578	240197
UNKNOWN	113	C	0.996539792388	T	0.00346020761246	0	576	0	2	578	240197
UNKNOWN	114	C	0.998269896194	A	0.00173010380623	1	577	0	0	578	240197
UNKNOWN	115	A	0.996539792388	C	0.00173010380623	576	1	1	0	578	240197
UNKNOWN	116	G	1.0	A	0.0	0	0	578	0	578	240197
UNKNOWN	117	G	0.996539792388	C	0.00173010380623	0	1	576	1	578	240197
UNKNOWN	118	C	0.998269896194	T	0.00173010380623	0	577	0	1	578	240197
UNKNOWN	119	T	0.994809688581	C	0.00519031141869	0	3	0	575	578	240197
UNKNOWN	120	C	1.0	A	0.0	0	578	0	0	578	240197
UNKNOWN	121	C	0.998269896194	A	0.00173010380623	1	577	0	0	578	240197
UNKNOWN	122	A	0.996539792388	G	0.00346020761246	576	0	2	0	578	240197
UNKNOWN	123	G	1.0	A	0.0	0	0	578	0	578	240197
UNKNOWN	124	G	0.998269896194	A	0.00173010380623	1	0	577	0	578	240197
UNKNOWN	125	G	0.610726643599	A	0.389273356401	225	0	353	0	578	240197
UNKNOWN	126	A	1.0	C	0.0	578	0	0	0	578	240197
UNKNOWN	127	A	0.998269896194	G	0.00173010380623	577	0	1	0	578	240197
UNKNOWN	128	G	1.0	A	0.0	0	0	578	0	578	240197
UNKNOWN	129	G	0.991349480969	C	0.00692041522491	1	4	573	0	578	240197
UNKNOWN	130	C	0.998269896194	G	0.00173010380623	0	577	1	0	578	240197
UNKNOWN	131	G	0.98615916955	A	0.0103806228374	6	1	570	1	578	240197
UNKNOWN	132	C	0.996539792388	T	0.00173010380623	0	576	1	1	578	240197
UNKNOWN	133	T	0.996539792388	C	0.00173010380623	0	1	1	576	578	240197
UNKNOWN	134	G	0.998269896194	A	0.00173010380623	1	0	577	0	578	240197
UNKNOWN	135	G	0.998269896194	A	0.00173010380623	1	0	577	0	578	240197
UNKNOWN	136	A	0.994809688581	G	0.00346020761246	575	1	2	0	578	240197
UNKNOWN	137	G	0.993079584775	A	0.00519031141869	3	0	574	1	578	240197
UNKNOWN	138	T	0.996539792388	C	0.00173010380623	0	1	1	576	578	240197
UNKNOWN	139	G	0.998269896194	T	0.00173010380623	0	0	577	1	578	240197
UNKNOWN	140	G	0.996539792388	C	0.00346020761246	0	2	576	0	578	240197
UNKNOWN	141	C	0.991349480969	G	0.00692041522491	0	573	4	1	578	240197
UNKNOWN	142	T	0.989619377163	C	0.00692041522491	1	4	1	572	578	240197
UNKNOWN	143	C	0.991349480969	G	0.00519031141869	0	573	3	2	578	240197
UNKNOWN	144	G	0.991349480969	A	0.00865051903114	5	0	573	0	578	240197
UNKNOWN	145	G	0.996539792388	C	0.00173010380623	0	1	576	1	578	240197
UNKNOWN	146	T	0.987889273356	G	0.00865051903114	0	2	5	571	578	240197
UNKNOWN	147	G	0.944636678201	A	0.038062283737	22	2	546	8	578	240197
UNKNOWN	148	G	0.951557093426	A	0.0397923875433	23	1	550	4	578	240197
UNKNOWN	149	T	0.984429065744	A	0.0103806228374	6	3	0	569	578	240197
UNKNOWN	150	A	0.967128027682	G	0.0311418685121	559	0	18	1	578	240197
UNKNOWN	151	T	0.965397923875	C	0.0259515570934	1	15	4	558	578	240197
UNKNOWN	152	A	0.961937716263	T	0.0311418685121	556	0	4	18	578	240197
UNKNOWN	153	G	0.968858131488	A	0.0207612456747	12	5	560	1	578	240197
UNKNOWN	154	A	0.787197231834	G	0.207612456747	455	2	120	1	578	240197
UNKNOWN	155	T	0.795847750865	A	0.188581314879	109	6	3	460	578	240197
UNKNOWN	156	A	0.704152249135	G	0.283737024221	407	3	164	4	578	240197
UNKNOWN	157	G	0.899653979239	A	0.0553633217993	32	16	520	10	578	240197
UNKNOWN	158	T	0.974048442907	G	0.0242214532872	0	1	14	563	578	240197
UNKNOWN	159	G	0.958477508651	A	0.0294117647059	17	6	554	1	578	240197
UNKNOWN	160	G	0.93598615917	A	0.060553633218	35	1	541	1	578	240197
UNKNOWN	161	T	0.989619377163	C	0.00519031141869	1	3	2	572	578	240197
UNKNOWN	162	G	0.996539792388	A	0.00346020761246	2	0	576	0	578	240197
UNKNOWN	163	G	0.993079584775	A	0.00692041522491	4	0	574	0	578	240197
UNKNOWN	164	A	0.998269896194	G	0.00173010380623	577	0	1	0	578	240197
UNKNOWN	165	A	0.937716262976	G	0.0622837370242	542	0	36	0	578	240197
UNKNOWN	166	G	0.846020761246	A	0.115916955017	67	18	489	4	578	240197
UNKNOWN	167	C	0.955017301038	G	0.0242214532872	3	552	14	9	578	240197
UNKNOWN	168	A	0.984429065744	G	0.00865051903114	569	4	5	0	578	240197
UNKNOWN	169	C	0.996539792388	A	0.00173010380623	1	576	0	1	578	240197
UNKNOWN	170	A	0.996539792388	G	0.00346020761246	576	0	2	0	578	240197
UNKNOWN	171	G	0.949826989619	A	0.038062283737	22	1	549	6	578	240197
UNKNOWN	172	G	0.913494809689	A	0.0501730103806	29	18	528	3	578	240197
UNKNOWN	173	C	0.993079584775	G	0.00519031141869	0	574	3	1	578	240197
UNKNOWN	174	T	0.996539792388	A	0.00173010380623	1	1	0	576	578	240197
UNKNOWN	175	A	0.996539792388	T	0.00173010380623	576	0	1	1	578	240197
UNKNOWN	176	T	0.994809688581	C	0.00346020761246	1	2	0	575	578	240197
UNKNOWN	177	A	0.993079584775	G	0.00519031141869	574	1	3	0	578	240197
UNKNOWN	178	A	0.991349480969	C	0.00865051903114	573	5	0	0	578	240197
UNKNOWN	179	C	0.948096885813	T	0.038062283737	0	548	8	22	578	240197
UNKNOWN	180	C	0.984429065744	T	0.0103806228374	3	569	0	6	578	240197
UNKNOWN	181	C	0.998269896194	A	0.00173010380623	1	577	0	0	578	240197
UNKNOWN	182	A	0.996539792388	C	0.00173010380623	576	1	1	0	578	240197
UNKNOWN	183	G	0.996539792388	A	0.00346020761246	2	0	576	0	578	240197
UNKNOWN	184	G	0.982698961938	C	0.0103806228374	2	6	568	2	578	240197
UNKNOWN	185	C	0.993079584775	A	0.00519031141869	3	574	1	0	578	240197
UNKNOWN	186	C	0.996539792388	A	0.00173010380623	1	576	0	1	578	240197
UNKNOWN	187	T	0.993079584775	C	0.00346020761246	1	2	1	574	578	240197
UNKNOWN	188	G	0.998269896194	A	0.00173010380623	1	0	577	0	578	240197
UNKNOWN	189	A	0.996539792388	C	0.00173010380623	576	1	1	0	578	240197
UNKNOWN	190	A	0.996539792388	C	0.00346020761246	576	2	0	0	578	240197
UNKNOWN	191	A	0.996539792388	T	0.00173010380623	576	0	1	1	578	240197
UNKNOWN	192	C	0.501730103806	T	0.487889273356	0	290	6	282	578	240197
UNKNOWN	193	C	0.998269896194	A	0.00173010380623	1	577	0	0	578	240197
UNKNOWN	194	C	0.996539792388	A	0.00173010380623	1	576	0	1	578	240197
UNKNOWN	195	A	0.948096885813	C	0.0484429065744	548	28	2	0	578	240197
UNKNOWN	196	G	0.998269896194	A	0.00173010380623	1	0	577	0	578	240197
UNKNOWN	197	G	0.984429065744	A	0.0121107266436	7	1	569	1	578	240197
UNKNOWN	198	C	0.996539792388	T	0.00173010380623	0	576	1	1	578	240197
UNKNOWN	199	T	0.993079584775	C	0.00346020761246	0	2	2	574	578	240197
UNKNOWN	200	C	0.998269896194	A	0.00173010380623	1	577	0	0	578	240197
UNKNOWN	201	A	0.996539792388	C	0.00173010380623	576	1	1	0	578	240197
UNKNOWN	202	G	0.994809688581	A	0.00173010380623	1	1	575	1	578	240197
UNKNOWN	203	C	0.89446366782	T	0.100346020761	1	517	2	58	578	240197
UNKNOWN	204	A	0.998269896194	T	0.00173010380623	577	0	0	1	578	240197
UNKNOWN	205	T	0.989619377163	C	0.00865051903114	0	5	1	572	578	240197
UNKNOWN	206	C	0.818339100346	A	0.179930795848	104	473	0	1	578	240197
UNKNOWN	207	A	0.994809688581	C	0.00346020761246	575	2	1	0	578	240197
UNKNOWN	208	C	0.993079584775	G	0.00346020761246	1	574	2	1	578	240197
UNKNOWN	209	C	0.98615916955	A	0.0121107266436	7	570	0	1	578	240197
UNKNOWN	210	A	0.994809688581	G	0.00346020761246	575	1	2	0	578	240197
UNKNOWN	211	G	0.946366782007	A	0.0519031141869	30	0	547	1	578	240197
UNKNOWN	212	G	0.989619377163	C	0.00865051903114	0	5	572	1	578	240197
UNKNOWN	213	G	0.996539792388	A	0.00346020761246	2	0	576	0	578	240197
UNKNOWN	214	A	0.991349480969	G	0.00519031141869	573	1	3	1	578	240197
UNKNOWN	215	C	0.98615916955	T	0.0103806228374	1	570	1	6	578	240197
UNKNOWN	216	A	0.998269896194	G	0.00173010380623	577	0	1	0	578	240197
UNKNOWN	217	A	0.994809688581	C	0.00173010380623	575	1	1	1	578	240197
UNKNOWN	218	C	0.994809688581	T	0.00346020761246	0	575	1	2	578	240197
UNKNOWN	219	T	0.993079584775	C	0.00346020761246	1	2	1	574	578	240197
UNKNOWN	220	C	0.994809688581	A	0.00346020761246	2	575	0	1	578	240197
UNKNOWN	221	C	0.994809688581	A	0.00173010380623	1	575	1	1	578	240197
UNKNOWN	222	A	0.996539792388	C	0.00173010380623	576	1	1	0	578	240197
UNKNOWN	223	A	0.987889273356	G	0.0121107266436	571	0	7	0	578	240197
UNKNOWN	224	G	0.993079584775	A	0.00346020761246	2	1	574	1	578	240197
UNKNOWN	225	A	0.989619377163	G	0.00865051903114	572	1	5	0	578	240197
UNKNOWN	226	G	0.989619377163	A	0.00692041522491	4	2	572	0	578	240197
UNKNOWN	227	C	0.996539792388	T	0.00346020761246	0	576	0	2	578	240197
UNKNOWN	228	C	0.998269896194	A	0.00173010380623	1	577	0	0	578	240197
UNKNOWN	229	A	0.991349480969	C	0.00519031141869	573	3	2	0	578	240197
UNKNOWN	230	A	0.996539792388	C	0.00173010380623	576	1	1	0	578	240197
UNKNOWN	231	G	0.9723183391	A	0.0242214532872	14	1	562	1	578	240197
UNKNOWN	232	T	0.996539792388	C	0.00346020761246	0	2	0	576	578	240197
UNKNOWN	233	C	0.991349480969	T	0.00692041522491	0	573	1	4	578	240197
UNKNOWN	234	T	0.989619377163	C	0.00519031141869	1	3	2	572	578	240197
UNKNOWN	235	C	0.991349480969	A	0.00692041522491	4	573	0	1	578	240197
UNKNOWN	236	T	0.991349480969	C	0.00692041522491	1	4	0	573	578	240197
UNKNOWN	237	C	0.996539792388	T	0.00346020761246	0	576	0	2	578	240197
UNKNOWN	238	T	0.998269896194	G	0.00173010380623	0	0	1	577	578	240197
UNKNOWN	239	G	0.956747404844	A	0.0346020761246	20	3	553	2	578	240197
UNKNOWN	240	T	0.991349480969	A	0.00346020761246	2	1	2	573	578	240197
UNKNOWN	241	C	0.989619377163	T	0.00865051903114	1	572	0	5	578	240197
UNKNOWN	242	A	0.989619377163	G	0.00519031141869	572	2	3	1	578	240197
UNKNOWN	243	G	0.915224913495	C	0.0726643598616	5	42	529	2	578	240197
UNKNOWN	244	T	0.998269896194	G	0.00173010380623	0	0	1	577	578	240197
UNKNOWN	245	G	0.994809688581	A	0.00346020761246	2	0	575	1	578	240197
UNKNOWN	246	A	0.987889273356	C	0.00692041522491	571	4	3	0	578	240197
UNKNOWN	247	G	0.970588235294	A	0.0190311418685	11	6	561	0	578	240197
UNKNOWN	248	C	0.977508650519	A	0.0121107266436	7	565	1	5	578	240197
UNKNOWN	249	A	0.989619377163	G	0.0103806228374	572	0	6	0	578	240197
UNKNOWN	250	G	0.98615916955	A	0.0103806228374	6	2	570	0	578	240197
UNKNOWN	251	C	0.991349480969	T	0.00519031141869	1	573	1	3	578	240197
UNKNOWN	252	G	0.991349480969	A	0.00519031141869	3	1	573	1	578	240197
UNKNOWN	253	T	0.993079584775	C	0.00346020761246	0	2	2	574	578	240197
UNKNOWN	254	G	0.984429065744	A	0.0103806228374	6	0	569	3	578	240197
UNKNOWN	255	A	0.991349480969	T	0.00346020761246	573	1	2	2	578	240197
UNKNOWN	256	C	0.987889273356	A	0.00519031141869	3	571	1	3	578	240197
UNKNOWN	257	A	0.987889273356	G	0.00865051903114	571	1	5	1	578	240197
UNKNOWN	258	C	0.885813148789	A	0.10553633218	61	512	5	0	578	240197
UNKNOWN	259	C	0.993079584775	T	0.00346020761246	0	574	2	2	578	240197
UNKNOWN	260	T	0.977508650519	C	0.0103806228374	1	6	6	565	578	240197
UNKNOWN	261	G	0.984429065744	A	0.0138408304498	8	1	569	0	578	240197
UNKNOWN	262	A	0.994809688581	G	0.00519031141869	575	0	3	0	578	240197
UNKNOWN	263	G	0.93598615917	A	0.0501730103806	29	6	541	2	578	240197
UNKNOWN	264	G	0.993079584775	A	0.00346020761246	2	0	574	2	578	240197
UNKNOWN	265	A	0.991349480969	G	0.00519031141869	573	2	3	0	578	240197
UNKNOWN	266	C	0.991349480969	A	0.00519031141869	3	573	0	2	578	240197
UNKNOWN	267	A	0.965397923875	G	0.0207612456747	558	1	12	7	578	240197
UNKNOWN	268	C	0.994809688581	A	0.00173010380623	1	575	1	1	578	240197
UNKNOWN	269	G	0.994809688581	A	0.00346020761246	2	0	575	1	578	240197
UNKNOWN	270	G	0.993079584775	T	0.00519031141869	0	1	574	3	578	240197
UNKNOWN	271	C	0.994809688581	A	0.00519031141869	3	575	0	0	578	240197
UNKNOWN	272	C	0.993079584775	A	0.00519031141869	3	574	0	1	578	240197
UNKNOWN	273	A	0.543252595156	G	0.385813148789	314	40	223	1	578	240197
UNKNOWN	274	C	0.51384083045	T	0.479238754325	2	297	2	277	578	240197
UNKNOWN	275	A	0.59169550173	G	0.359861591696	342	25	208	3	578	240197
UNKNOWN	276	T	0.991349480969	C	0.00519031141869	1	3	1	573	578	240197
UNKNOWN	277	A	0.993079584775	C	0.00346020761246	574	2	2	0	578	240197
UNKNOWN	278	C	0.941176470588	T	0.0553633217993	0	544	2	32	578	240197
UNKNOWN	279	T	0.991349480969	G	0.00519031141869	1	1	3	573	578	240197
UNKNOWN	280	A	0.989619377163	C	0.00692041522491	572	4	0	2	578	240197
UNKNOWN	281	C	0.968858131488	T	0.0311418685121	0	560	0	18	578	240197
UNKNOWN	282	T	0.991349480969	G	0.00519031141869	1	1	3	573	578	240197
