Type	Position	Nucl1	Freq1	Nucl2	Freq2	NumAs	NumCs	NumGs	NumTs	NumAligned	NumNaive
UNKNOWN	0	C	1.0	A	0.0	0	11163	0	0	11163	101111
UNKNOWN	1	A	1.0	C	0.0	11163	0	0	0	11163	101111
UNKNOWN	2	G	1.0	A	0.0	0	0	11163	0	11163	101111
UNKNOWN	3	G	1.0	A	0.0	0	0	11163	0	11163	101111
UNKNOWN	4	T	1.0	A	0.0	0	0	0	11163	11163	101111
UNKNOWN	5	G	1.0	A	0.0	0	0	11163	0	11163	101111
UNKNOWN	6	C	1.0	A	0.0	0	11163	0	0	11163	101111
UNKNOWN	7	A	0.994983427394	T	0.00268744961032	11107	4	22	30	11163	101111
UNKNOWN	8	G	0.987279405178	A	0.00859983875302	96	45	11021	1	11163	101111
UNKNOWN	9	C	0.996864642121	T	0.00134372480516	5	11128	15	15	11163	101111
UNKNOWN	10	T	0.998477111887	C	0.00134372480516	1	15	1	11146	11163	101111
UNKNOWN	11	G	0.994983427394	A	0.00438950103019	49	4	11107	3	11163	101111
UNKNOWN	12	C	0.999552091732	T	0.000358326614709	0	11158	1	4	11163	101111
UNKNOWN	13	G	0.99901460181	A	0.000806234883096	9	1	11152	1	11163	101111
UNKNOWN	14	G	0.984144047299	C	0.0146018095494	9	163	10986	5	11163	101111
UNKNOWN	15	G	0.996416733853	C	0.00268744961032	7	30	11123	3	11163	101111
UNKNOWN	16	A	0.99731255039	G	0.00152288811251	11133	10	17	3	11163	101111
UNKNOWN	17	G	0.991310579593	A	0.00627071575741	70	21	11066	6	11163	101111
UNKNOWN	18	T	0.99659589716	C	0.00161246976619	3	18	17	11125	11163	101111
UNKNOWN	19	C	0.998835438502	A	0.000716653229419	8	11150	2	3	11163	101111
UNKNOWN	20	G	0.995341754009	C	0.00268744961032	19	30	11111	3	11163	101111
UNKNOWN	21	G	0.998387530234	C	0.00125414315148	2	14	11145	2	11163	101111
UNKNOWN	22	G	0.999104183463	C	0.000537489922064	2	6	11153	2	11163	101111
UNKNOWN	23	C	0.999372928424	T	0.000358326614709	1	11156	2	4	11163	101111
UNKNOWN	24	C	0.995162590701	A	0.00241870464929	27	11109	12	15	11163	101111
UNKNOWN	25	C	0.998835438502	T	0.000627071575741	5	11150	1	7	11163	101111
UNKNOWN	26	C	0.998029203619	A	0.00143330645884	16	11141	1	5	11163	101111
UNKNOWN	27	A	0.997222968736	G	0.00223954134193	11132	5	25	1	11163	101111
UNKNOWN	28	G	0.991579324554	A	0.00564364418167	63	27	11069	4	11163	101111
UNKNOWN	29	C	0.995341754009	T	0.00456866433754	1	11111	0	51	11163	101111
UNKNOWN	30	C	0.998208366926	T	0.00125414315148	5	11143	1	14	11163	101111
UNKNOWN	31	T	0.996954223775	G	0.00143330645884	3	15	16	11129	11163	101111
UNKNOWN	32	G	0.997581295351	A	0.00152288811251	17	5	11136	5	11163	101111
UNKNOWN	33	G	0.996416733853	A	0.00134372480516	15	12	11123	13	11163	101111
UNKNOWN	34	T	0.994535519126	C	0.00403117441548	1	45	15	11102	11163	101111
UNKNOWN	35	G	0.997043805429	A	0.00188121472722	21	6	11130	6	11163	101111
UNKNOWN	36	A	0.996058407238	G	0.00188121472722	11119	15	21	8	11163	101111
UNKNOWN	37	A	0.990414763057	G	0.00483740929858	11056	50	54	3	11163	101111
UNKNOWN	38	G	0.996685478814	A	0.0019707963809	22	14	11126	1	11163	101111
UNKNOWN	39	C	0.998387530234	T	0.000985398190451	2	11145	5	11	11163	101111
UNKNOWN	40	C	0.999641673385	G	0.000179163307355	1	11159	2	1	11163	101111
UNKNOWN	41	C	0.994535519126	G	0.00376242945445	3	11102	42	16	11163	101111
UNKNOWN	42	T	0.995700080623	C	0.00358326614709	2	40	6	11115	11163	101111
UNKNOWN	43	C	0.997043805429	T	0.00143330645884	13	11130	4	16	11163	101111
UNKNOWN	44	A	0.99489384574	G	0.00313535787871	11106	21	35	1	11163	101111
UNKNOWN	45	C	0.995520917316	G	0.00295619457135	17	11113	33	0	11163	101111
UNKNOWN	46	A	0.995431335662	G	0.002777031264	11112	19	31	1	11163	101111
UNKNOWN	47	G	0.99659589716	A	0.00223954134193	25	13	11125	0	11163	101111
UNKNOWN	48	A	0.988712711637	G	0.0047478276449	11037	35	53	38	11163	101111
UNKNOWN	49	C	0.999193765117	T	0.000627071575741	1	11154	1	7	11163	101111
UNKNOWN	50	C	0.998925020156	T	0.000806234883096	3	11151	0	9	11163	101111
UNKNOWN	51	C	0.997670877004	T	0.00188121472722	2	11137	3	21	11163	101111
UNKNOWN	52	T	0.996327152199	C	0.00223954134193	2	25	14	11122	11163	101111
UNKNOWN	53	G	0.896264445042	C	0.0966586043178	38	1079	10005	41	11163	101111
UNKNOWN	54	T	0.994804264087	C	0.00429991937651	8	48	2	11105	11163	101111
UNKNOWN	55	C	0.996058407238	T	0.00259786795664	15	11119	0	29	11163	101111
UNKNOWN	56	C	0.998029203619	T	0.00107497984413	7	11141	3	12	11163	101111
UNKNOWN	57	C	0.997133387082	T	0.00188121472722	2	11131	9	21	11163	101111
UNKNOWN	58	T	0.996416733853	C	0.00313535787871	2	35	3	11123	11163	101111
UNKNOWN	59	C	0.996327152199	A	0.00268744961032	30	11122	3	8	11163	101111
UNKNOWN	60	A	0.991848069515	C	0.00438950103019	11072	49	32	10	11163	101111
UNKNOWN	61	C	0.994625100779	T	0.00358326614709	11	11103	9	40	11163	101111
UNKNOWN	62	C	0.994087610857	T	0.00313535787871	11	11097	20	35	11163	101111
UNKNOWN	63	T	0.996685478814	C	0.00170205141987	1	19	17	11126	11163	101111
UNKNOWN	64	G	0.997760458658	C	0.00143330645884	8	16	11138	1	11163	101111
UNKNOWN	65	C	0.996147988892	A	0.00214995968826	24	11120	1	18	11163	101111
UNKNOWN	66	A	0.991041834632	C	0.0047478276449	11063	53	38	9	11163	101111
UNKNOWN	67	C	0.994535519126	T	0.00232912299561	15	11102	20	26	11163	101111
UNKNOWN	68	G	0.98611484368	A	0.0086894204067	97	55	11008	3	11163	101111
UNKNOWN	69	G	0.981546179342	A	0.0133476663979	149	30	10957	27	11163	101111
UNKNOWN	70	T	0.991310579593	C	0.00761444056257	4	85	8	11066	11163	101111
UNKNOWN	71	C	0.990235599749	G	0.00528531756696	7	11054	59	43	11163	101111
UNKNOWN	72	T	0.994445937472	C	0.00447908268387	2	50	10	11101	11163	101111
UNKNOWN	73	C	0.997491713697	T	0.0019707963809	3	11135	3	22	11163	101111
UNKNOWN	74	T	0.993729284243	C	0.00295619457135	6	33	31	11093	11163	101111
UNKNOWN	75	G	0.989071038251	A	0.00851025709935	95	26	11041	1	11163	101111
UNKNOWN	76	G	0.987637731793	A	0.00985398190451	110	22	11025	6	11163	101111
UNKNOWN	77	A	0.98342739407	G	0.0067186240258	10978	45	75	65	11163	101111
UNKNOWN	78	T	0.989877273134	C	0.00698736898683	14	78	21	11050	11163	101111
UNKNOWN	79	T	0.992116814476	C	0.00609155245006	4	68	16	11075	11163	101111
UNKNOWN	80	C	0.967392278061	G	0.0173788408134	11	10799	194	159	11163	101111
UNKNOWN	81	T	0.988354385022	C	0.00618113410374	9	69	52	11033	11163	101111
UNKNOWN	82	C	0.995879243931	A	0.00206037803458	23	11117	3	20	11163	101111
UNKNOWN	83	A	0.994266774165	G	0.00241870464929	11099	11	27	26	11163	101111
UNKNOWN	84	T	0.983785720684	C	0.0101227268655	26	113	42	10982	11163	101111
UNKNOWN	85	T	0.995879243931	C	0.00232912299561	18	26	2	11117	11163	101111
UNKNOWN	86	A	0.971154707516	G	0.0239183015318	10841	37	267	18	11163	101111
UNKNOWN	87	A	0.972050524053	G	0.0225745767267	10851	40	252	20	11163	101111
UNKNOWN	88	G	0.961927797187	A	0.0202454537311	226	145	10738	54	11163	101111
UNKNOWN	89	C	0.942846904954	T	0.0344889366658	82	10525	171	385	11163	101111
UNKNOWN	90	G	0.936576189196	A	0.0450595717997	503	43	10455	162	11163	101111
UNKNOWN	91	A	0.911941234435	G	0.0495386544836	10180	266	553	164	11163	101111
UNKNOWN	92	T	0.898503986384	C	0.044701245185	284	499	350	10030	11163	101111
UNKNOWN	93	A	0.848517423632	G	0.0986294006987	9472	223	1101	367	11163	101111
UNKNOWN	94	A	0.921526471379	G	0.039415927618	10287	137	440	299	11163	101111
UNKNOWN	95	T	0.904864283795	G	0.0423721221894	359	230	473	10101	11163	101111
UNKNOWN	96	A	0.844486249216	G	0.0937024097465	9427	447	1046	243	11163	101111
UNKNOWN	97	G	0.421302517244	A	0.33324375168	3720	2275	4703	465	11163	101111
UNKNOWN	98	T	0.960942398997	G	0.0137955746663	139	143	154	10727	11163	101111
UNKNOWN	99	G	0.94786347756	A	0.042192958882	471	27	10581	84	11163	101111
UNKNOWN	100	T	0.993102212667	C	0.00456866433754	22	51	4	11086	11163	101111
UNKNOWN	101	A	0.950013437248	G	0.0375347128908	10605	62	419	77	11163	101111
UNKNOWN	102	G	0.901997670877	A	0.0684403834095	764	263	10069	67	11163	101111
UNKNOWN	103	G	0.702588909791	A	0.216250111977	2414	551	7843	355	11163	101111
UNKNOWN	104	C	0.964256920183	G	0.0189017289259	38	10764	211	150	11163	101111
UNKNOWN	105	T	0.996685478814	G	0.0019707963809	1	14	22	11126	11163	101111
UNKNOWN	106	G	0.998477111887	A	0.000985398190451	11	2	11146	4	11163	101111
UNKNOWN	107	G	0.999104183463	C	0.000537489922064	1	6	11153	3	11163	101111
UNKNOWN	108	G	0.968288094598	A	0.0215891785362	241	78	10809	35	11163	101111
UNKNOWN	109	T	0.992295977784	C	0.00680820567948	4	76	6	11077	11163	101111
UNKNOWN	110	C	0.995879243931	T	0.00206037803458	16	11117	7	23	11163	101111
UNKNOWN	111	C	0.997491713697	G	0.00170205141987	1	11135	19	8	11163	101111
UNKNOWN	112	G	0.997670877004	C	0.00179163307355	4	20	11137	2	11163	101111
UNKNOWN	113	C	0.997491713697	T	0.00143330645884	11	11135	1	16	11163	101111
UNKNOWN	114	C	0.997670877004	A	0.00188121472722	21	11137	3	2	11163	101111
UNKNOWN	115	A	0.993460539282	G	0.00519573591328	11090	14	58	1	11163	101111
UNKNOWN	116	G	0.998118785273	A	0.000806234883096	9	8	11142	4	11163	101111
UNKNOWN	117	G	0.987368986831	A	0.00976440025083	109	24	11022	8	11163	101111
UNKNOWN	118	C	0.993998029204	T	0.00358326614709	13	11096	14	40	11163	101111
UNKNOWN	119	T	0.994625100779	C	0.00412075606916	2	46	12	11103	11163	101111
UNKNOWN	120	C	0.997581295351	A	0.00116456149781	13	11136	3	11	11163	101111
UNKNOWN	121	C	0.996864642121	A	0.00214995968826	24	11128	4	7	11163	101111
UNKNOWN	122	A	0.980381617845	G	0.0135268297053	10944	65	151	3	11163	101111
UNKNOWN	123	G	0.991848069515	A	0.00564364418167	63	26	11072	2	11163	101111
UNKNOWN	124	G	0.994356355818	A	0.00519573591328	58	2	11100	3	11163	101111
UNKNOWN	125	A	0.980471199498	G	0.0154080444325	10945	37	172	9	11163	101111
UNKNOWN	126	A	0.991758487862	G	0.00653946071844	11071	18	73	1	11163	101111
UNKNOWN	127	A	0.991579324554	G	0.00761444056257	11069	6	85	3	11163	101111
UNKNOWN	128	G	0.995431335662	A	0.00358326614709	40	6	11112	5	11163	101111
UNKNOWN	129	G	0.986204425334	A	0.0078831855236	88	65	11009	1	11163	101111
UNKNOWN	130	C	0.995431335662	G	0.00331452118606	5	11112	37	9	11163	101111
UNKNOWN	131	G	0.981814924304	A	0.0140643196273	157	35	10960	11	11163	101111
UNKNOWN	132	C	0.989698109827	T	0.00815193048464	8	11048	16	91	11163	101111
UNKNOWN	133	T	0.987010660217	C	0.0067186240258	5	75	65	11018	11163	101111
UNKNOWN	134	G	0.983785720684	A	0.0128101764759	143	8	10982	30	11163	101111
UNKNOWN	135	G	0.994983427394	A	0.00286661291767	32	17	11107	7	11163	101111
UNKNOWN	136	A	0.994266774165	G	0.00421033772283	11099	11	47	6	11163	101111
UNKNOWN	137	G	0.987458568485	A	0.00985398190451	110	5	11023	25	11163	101111
UNKNOWN	138	T	0.98880229329	C	0.0059123891427	3	66	56	11038	11163	101111
UNKNOWN	139	G	0.994087610857	T	0.00313535787871	19	12	11097	35	11163	101111
UNKNOWN	140	G	0.982173250918	C	0.0117351966317	35	131	10964	33	11163	101111
UNKNOWN	141	C	0.985398190451	G	0.00895816536773	33	11000	100	30	11163	101111
UNKNOWN	142	T	0.994625100779	C	0.00331452118606	8	37	15	11103	11163	101111
UNKNOWN	143	C	0.991579324554	T	0.0039415927618	13	11069	37	44	11163	101111
UNKNOWN	144	G	0.993370957628	A	0.00519573591328	58	5	11089	11	11163	101111
UNKNOWN	145	G	0.969183911135	C	0.0213204335752	74	238	10819	32	11163	101111
UNKNOWN	146	T	0.980829526113	G	0.00689778733315	62	75	77	10949	11163	101111
UNKNOWN	147	G	0.787870644092	A	0.148257636836	1655	257	8795	456	11163	101111
UNKNOWN	148	T	0.869748275553	A	0.0580489115829	648	404	402	9709	11163	101111
UNKNOWN	149	C	0.882916778644	T	0.0747110991669	318	9856	155	834	11163	101111
UNKNOWN	150	A	0.959777837499	G	0.0317119054018	10714	36	354	59	11163	101111
UNKNOWN	151	T	0.961659052226	G	0.0196183821553	92	117	219	10735	11163	101111
UNKNOWN	152	A	0.89232285228	G	0.0636029741109	9961	194	710	298	11163	101111
UNKNOWN	153	T	0.814028486966	G	0.0878796022575	720	375	981	9087	11163	101111
UNKNOWN	154	A	0.844038340948	G	0.0828630296515	9422	329	925	487	11163	101111
UNKNOWN	155	T	0.909074621518	C	0.0439845919556	124	491	400	10148	11163	101111
UNKNOWN	156	A	0.860073456956	G	0.108572964257	9601	204	1212	146	11163	101111
UNKNOWN	157	G	0.789124787244	A	0.112424975365	1255	744	8809	355	11163	101111
UNKNOWN	158	T	0.945176027949	G	0.0267849144495	155	158	299	10551	11163	101111
UNKNOWN	159	G	0.766818955478	A	0.188031891069	2099	366	8560	138	11163	101111
UNKNOWN	160	G	0.769148078474	A	0.160799068351	1795	517	8586	265	11163	101111
UNKNOWN	161	T	0.955925826391	G	0.0210516886142	113	144	235	10671	11163	101111
UNKNOWN	162	G	0.983516975723	A	0.0120039415928	134	42	10979	8	11163	101111
UNKNOWN	163	G	0.971871360745	A	0.0172892591597	193	58	10849	63	11163	101111
UNKNOWN	164	A	0.968108931291	G	0.0249036997223	10807	36	278	42	11163	101111
UNKNOWN	165	A	0.917674460271	G	0.0686195467168	10244	90	766	63	11163	101111
UNKNOWN	166	G	0.681178894562	A	0.209621069605	2340	738	7604	481	11163	101111
UNKNOWN	167	C	0.905939263639	T	0.0448804084923	286	10113	263	501	11163	101111
UNKNOWN	168	A	0.970885962555	G	0.0212308519215	10838	50	237	38	11163	101111
UNKNOWN	169	C	0.973662993819	T	0.0107497984413	119	10869	55	120	11163	101111
UNKNOWN	170	A	0.976171280122	G	0.0183642390039	10897	39	205	22	11163	101111
UNKNOWN	171	G	0.907551733405	A	0.053569828899	598	179	10131	255	11163	101111
UNKNOWN	172	G	0.509361282809	A	0.377138761982	4210	885	5686	382	11163	101111
UNKNOWN	173	C	0.957179969542	G	0.024993281376	47	10685	279	152	11163	101111
UNKNOWN	174	T	0.983875302338	C	0.00698736898683	71	78	31	10983	11163	101111
UNKNOWN	175	A	0.98512944549	T	0.00609155245006	10997	42	56	68	11163	101111
UNKNOWN	176	T	0.979127474693	C	0.0162142793156	39	181	13	10930	11163	101111
UNKNOWN	177	A	0.980202454537	G	0.0114664516707	10942	72	128	21	11163	101111
UNKNOWN	178	A	0.983964883992	G	0.00931649198244	10984	67	104	8	11163	101111
UNKNOWN	179	C	0.917584878617	T	0.0649466989161	37	10243	158	725	11163	101111
UNKNOWN	180	C	0.951446743707	T	0.0326077219385	47	10621	131	364	11163	101111
UNKNOWN	181	C	0.97832123981	A	0.0086894204067	97	10921	52	93	11163	101111
UNKNOWN	182	A	0.982352414226	G	0.0121831049001	10966	46	136	15	11163	101111
UNKNOWN	183	G	0.97832123981	A	0.0127205948222	142	65	10921	35	11163	101111
UNKNOWN	184	C	0.982800322494	T	0.010839380095	20	10971	51	121	11163	101111
UNKNOWN	185	C	0.997850040312	T	0.00107497984413	3	11139	9	12	11163	101111
UNKNOWN	186	C	0.990056436442	A	0.00438950103019	49	11052	16	46	11163	101111
UNKNOWN	187	T	0.984323210606	C	0.0109289617486	14	122	39	10988	11163	101111
UNKNOWN	188	G	0.973842157126	A	0.0200662904237	224	42	10871	26	11163	101111
UNKNOWN	189	A	0.985308608797	G	0.00985398190451	10999	52	110	2	11163	101111
UNKNOWN	190	A	0.991937651169	G	0.00385201110813	11073	39	43	8	11163	101111
UNKNOWN	191	A	0.98951894652	T	0.00528531756696	11046	20	38	59	11163	101111
UNKNOWN	192	T	0.989698109827	C	0.00653946071844	19	73	23	11048	11163	101111
UNKNOWN	193	C	0.997581295351	A	0.00125414315148	14	11136	2	11	11163	101111
UNKNOWN	194	C	0.990773089671	T	0.00653946071844	19	11060	11	73	11163	101111
UNKNOWN	195	C	0.995789662277	G	0.00304577622503	5	11116	34	8	11163	101111
UNKNOWN	196	G	0.997222968736	A	0.00188121472722	21	6	11132	4	11163	101111
UNKNOWN	197	G	0.946788497716	A	0.0395950909254	442	85	10569	67	11163	101111
UNKNOWN	198	C	0.990683508018	T	0.0039415927618	32	11059	28	44	11163	101111
UNKNOWN	199	T	0.992654304398	C	0.00447908268387	20	50	12	11081	11163	101111
UNKNOWN	200	C	0.994087610857	A	0.00331452118606	37	11097	12	17	11163	101111
UNKNOWN	201	A	0.989787691481	G	0.00859983875302	11049	17	96	1	11163	101111
UNKNOWN	202	G	0.971960942399	C	0.0180059123891	50	201	10850	62	11163	101111
UNKNOWN	203	C	0.959150765923	T	0.030816088865	64	10707	48	344	11163	101111
UNKNOWN	204	A	0.98342739407	G	0.0103018901729	10978	17	115	53	11163	101111
UNKNOWN	205	T	0.992385559437	C	0.0047478276449	11	53	21	11078	11163	101111
UNKNOWN	206	C	0.985666935412	T	0.00842067544567	51	11003	15	94	11163	101111
UNKNOWN	207	A	0.98512944549	G	0.00922691032876	10997	45	103	18	11163	101111
UNKNOWN	208	C	0.984054465645	G	0.00734569560154	27	10985	82	69	11163	101111
UNKNOWN	209	C	0.962375705456	T	0.0160351160082	142	10743	99	179	11163	101111
UNKNOWN	210	A	0.990773089671	G	0.00627071575741	11060	29	70	4	11163	101111
UNKNOWN	211	A	0.98441279226	G	0.0142434829347	10989	10	159	5	11163	101111
UNKNOWN	212	G	0.991579324554	A	0.00564364418167	63	24	11069	7	11163	101111
UNKNOWN	213	G	0.985577353758	A	0.00895816536773	100	55	11002	6	11163	101111
UNKNOWN	214	A	0.992923049359	C	0.00376242945445	11084	42	24	13	11163	101111
UNKNOWN	215	C	0.986652333602	T	0.00573322583535	49	11014	36	64	11163	101111
UNKNOWN	216	A	0.991310579593	G	0.00492699095225	11066	29	55	13	11163	101111
UNKNOWN	217	A	0.975992116814	G	0.0134372480516	10895	86	150	32	11163	101111
UNKNOWN	218	C	0.977604586581	T	0.0115560333244	6	10913	115	129	11163	101111
UNKNOWN	219	T	0.989250201559	C	0.00627071575741	30	70	20	11043	11163	101111
UNKNOWN	220	C	0.995789662277	A	0.00179163307355	20	11116	8	19	11163	101111
UNKNOWN	221	C	0.987637731793	A	0.0067186240258	75	11025	12	51	11163	101111
UNKNOWN	222	A	0.989250201559	C	0.00636029741109	11043	71	47	2	11163	101111
UNKNOWN	223	A	0.98611484368	G	0.0119143599391	11008	13	133	9	11163	101111
UNKNOWN	224	G	0.991400161247	A	0.00582280748903	65	23	11067	8	11163	101111
UNKNOWN	225	A	0.98880229329	G	0.00815193048464	11038	25	91	9	11163	101111
UNKNOWN	226	G	0.956552897966	A	0.0250828630297	280	165	10678	40	11163	101111
UNKNOWN	227	C	0.96882558452	T	0.0240078831855	41	10815	39	268	11163	101111
UNKNOWN	228	C	0.986831496909	G	0.00689778733315	69	11016	77	1	11163	101111
UNKNOWN	229	A	0.994625100779	G	0.00286661291767	11103	13	32	15	11163	101111
UNKNOWN	230	A	0.981187852728	G	0.0168413508913	10953	15	188	7	11163	101111
UNKNOWN	231	G	0.96443608349	A	0.0172892591597	193	123	10766	81	11163	101111
UNKNOWN	232	T	0.988085640061	C	0.0103018901729	6	115	12	11030	11163	101111
UNKNOWN	233	C	0.964525665144	G	0.0189017289259	32	10767	211	153	11163	101111
UNKNOWN	234	T	0.988623129983	C	0.00797276717728	18	89	20	11036	11163	101111
UNKNOWN	235	C	0.990862671325	T	0.00698736898683	21	11061	3	78	11163	101111
UNKNOWN	236	T	0.98342739407	C	0.0115560333244	23	129	33	10978	11163	101111
UNKNOWN	237	C	0.988533548329	T	0.00815193048464	13	11035	24	91	11163	101111
UNKNOWN	238	T	0.994266774165	A	0.00322493953238	36	18	10	11099	11163	101111
UNKNOWN	239	A	0.899489384574	G	0.086894204067	10041	65	970	87	11163	101111
UNKNOWN	240	T	0.981994087611	G	0.00734569560154	56	63	82	10962	11163	101111
UNKNOWN	241	C	0.976350443429	T	0.016662187584	75	10899	3	186	11163	101111
UNKNOWN	242	A	0.980292036191	G	0.00904774702141	10943	74	101	45	11163	101111
UNKNOWN	243	C	0.931738779898	G	0.047478276449	47	10401	530	185	11163	101111
UNKNOWN	244	T	0.99220639613	G	0.00564364418167	7	17	63	11076	11163	101111
UNKNOWN	245	G	0.964256920183	A	0.0214100152289	239	85	10764	75	11163	101111
UNKNOWN	246	A	0.980829526113	G	0.0164830242766	10949	20	184	10	11163	101111
UNKNOWN	247	G	0.950192600555	A	0.0288452924841	322	179	10607	55	11163	101111
UNKNOWN	248	C	0.96103198065	T	0.0231120666488	94	10728	83	258	11163	101111
UNKNOWN	249	A	0.983696139031	G	0.0114664516707	10981	51	128	3	11163	101111
UNKNOWN	250	G	0.985935680373	C	0.0094956552898	26	106	11006	25	11163	101111
UNKNOWN	251	C	0.985398190451	T	0.00680820567948	22	11000	65	76	11163	101111
UNKNOWN	252	G	0.98271074084	A	0.0116456149781	130	17	10970	46	11163	101111
UNKNOWN	253	T	0.983785720684	C	0.010839380095	8	121	52	10982	11163	101111
UNKNOWN	254	G	0.953417540088	A	0.0318014870555	355	104	10643	61	11163	101111
UNKNOWN	255	A	0.980560781152	G	0.0116456149781	10946	47	130	40	11163	101111
UNKNOWN	256	C	0.987368986831	T	0.00573322583535	56	11022	21	64	11163	101111
UNKNOWN	257	A	0.968556839559	G	0.0242766281466	10812	58	271	22	11163	101111
UNKNOWN	258	A	0.944638538027	C	0.0315327420944	10545	352	213	53	11163	101111
UNKNOWN	259	C	0.949655110633	G	0.0209621069605	135	10601	234	193	11163	101111
UNKNOWN	260	T	0.964883991758	C	0.0191704738869	35	214	143	10771	11163	101111
UNKNOWN	261	G	0.985398190451	A	0.0086894204067	97	27	11000	39	11163	101111
UNKNOWN	262	A	0.983069067455	G	0.0137059930126	10974	27	153	9	11163	101111
UNKNOWN	263	G	0.943742721491	A	0.0347576816268	388	196	10535	44	11163	101111
UNKNOWN	264	G	0.989877273134	A	0.00734569560154	82	11	11050	20	11163	101111
UNKNOWN	265	A	0.989429364866	C	0.00707695064051	11045	79	33	6	11163	101111
UNKNOWN	266	C	0.981456597689	T	0.00877900206038	95	10956	14	98	11163	101111
UNKNOWN	267	A	0.96882558452	G	0.0180954940428	10815	55	202	91	11163	101111
UNKNOWN	268	C	0.989339783212	G	0.00483740929858	34	11044	54	31	11163	101111
UNKNOWN	269	G	0.989071038251	A	0.00600197079638	67	21	11041	34	11163	101111
UNKNOWN	270	G	0.990056436442	C	0.00403117441548	41	45	11052	25	11163	101111
UNKNOWN	271	C	0.992654304398	A	0.00367284780077	41	11081	32	9	11163	101111
UNKNOWN	272	C	0.988175221715	A	0.00824151213831	92	11031	9	31	11163	101111
UNKNOWN	273	A	0.984502373914	G	0.00931649198244	10990	46	104	23	11163	101111
UNKNOWN	274	C	0.985666935412	A	0.00716653229419	80	11003	22	58	11163	101111
UNKNOWN	275	A	0.96273403207	G	0.0239183015318	10747	49	267	100	11163	101111
UNKNOWN	276	T	0.990414763057	A	0.00492699095225	55	19	33	11056	11163	101111
UNKNOWN	277	A	0.989429364866	C	0.00528531756696	11045	59	27	32	11163	101111
UNKNOWN	278	C	0.955209173161	T	0.0422825405357	19	10663	9	472	11163	101111
UNKNOWN	279	T	0.973483830512	C	0.0151392994715	67	169	60	10867	11163	101111
UNKNOWN	280	A	0.967213114754	T	0.0153184627788	10797	83	112	171	11163	101111
UNKNOWN	281	C	0.965063155066	T	0.0318910687091	21	10773	13	356	11163	101111
UNKNOWN	282	T	0.985039863836	G	0.0102123085192	32	21	114	10996	11163	101111
