Type	Position	Nucl1	Freq1	Nucl2	Freq2	NumAs	NumCs	NumGs	NumTs	NumAligned	NumNaive
UNKNOWN	0	C	1.0	A	0.0	0	8517	0	0	8517	95169
UNKNOWN	1	A	1.0	C	0.0	8517	0	0	0	8517	95169
UNKNOWN	2	G	1.0	A	0.0	0	0	8517	0	8517	95169
UNKNOWN	3	G	1.0	A	0.0	0	0	8517	0	8517	95169
UNKNOWN	4	T	1.0	A	0.0	0	0	0	8517	8517	95169
UNKNOWN	5	G	1.0	A	0.0	0	0	8517	0	8517	95169
UNKNOWN	6	C	1.0	A	0.0	0	8517	0	0	8517	95169
UNKNOWN	7	A	0.998943289891	G	0.000704473406129	8508	0	6	3	8517	95169
UNKNOWN	8	G	0.993659739345	A	0.00481390160855	41	10	8463	3	8517	95169
UNKNOWN	9	C	0.996595045204	T	0.00258306915581	1	8488	6	22	8517	95169
UNKNOWN	10	T	0.999295526594	C	0.000587061171774	0	5	1	8511	8517	95169
UNKNOWN	11	G	0.996595045204	C	0.00246565692145	6	21	8488	2	8517	95169
UNKNOWN	12	C	0.999295526594	T	0.000587061171774	1	8511	0	5	8517	95169
UNKNOWN	13	G	0.999412938828	A	0.000469648937419	4	0	8512	1	8517	95169
UNKNOWN	14	G	0.966889749912	C	0.032758013385	3	279	8235	0	8517	95169
UNKNOWN	15	G	0.999647763297	C	0.000352236703064	0	3	8514	0	8517	95169
UNKNOWN	16	A	0.998943289891	G	0.000939297874839	8508	1	8	0	8517	95169
UNKNOWN	17	G	0.99354232711	A	0.0059880239521	51	4	8462	0	8517	95169
UNKNOWN	18	T	0.99917811436	C	0.000587061171774	2	5	0	8510	8517	95169
UNKNOWN	19	C	0.99917811436	G	0.000821885640484	0	8510	7	0	8517	95169
UNKNOWN	20	G	0.997064694141	A	0.00270048139016	23	0	8492	2	8517	95169
UNKNOWN	21	G	0.999530351063	A	0.00023482446871	2	2	8513	0	8517	95169
UNKNOWN	22	G	0.99917811436	C	0.000469648937419	2	4	8510	1	8517	95169
UNKNOWN	23	C	0.999530351063	T	0.000469648937419	0	8513	0	4	8517	95169
UNKNOWN	24	C	0.999882587766	T	0.000117412234355	0	8516	0	1	8517	95169
UNKNOWN	25	C	0.999295526594	T	0.000352236703064	0	8511	3	3	8517	95169
UNKNOWN	26	C	0.99917811436	A	0.000587061171774	5	8510	0	2	8517	95169
UNKNOWN	27	A	0.997769167547	G	0.00187859574968	8498	3	16	0	8517	95169
UNKNOWN	28	G	0.986615005284	A	0.0113889867324	97	17	8403	0	8517	95169
UNKNOWN	29	C	0.998825877656	T	0.00117412234355	0	8507	0	10	8517	95169
UNKNOWN	30	C	0.998473640953	T	0.00117412234355	1	8504	2	10	8517	95169
UNKNOWN	31	T	0.997886579782	C	0.00117412234355	2	10	6	8499	8517	95169
UNKNOWN	32	G	0.99542092286	A	0.00375719149935	32	1	8478	6	8517	95169
UNKNOWN	33	G	0.998003992016	C	0.000821885640484	5	7	8500	5	8517	95169
UNKNOWN	34	T	0.997651755313	C	0.00164377128097	0	14	6	8497	8517	95169
UNKNOWN	35	G	0.998708465422	A	0.000704473406129	6	0	8506	5	8517	95169
UNKNOWN	36	A	0.998591053188	C	0.000704473406129	8505	6	6	0	8517	95169
UNKNOWN	37	A	0.996007984032	G	0.00352236703064	8483	4	30	0	8517	95169
UNKNOWN	38	G	0.99917811436	C	0.000587061171774	2	5	8510	0	8517	95169
UNKNOWN	39	C	0.997769167547	T	0.00176118351532	0	8498	4	15	8517	95169
UNKNOWN	40	C	0.999765175531	A	0.000117412234355	1	8515	0	1	8517	95169
UNKNOWN	41	C	0.996947281907	G	0.00187859574968	3	8491	16	7	8517	95169
UNKNOWN	42	T	0.99729951861	C	0.00211342021839	0	18	5	8494	8517	95169
UNKNOWN	43	C	0.998943289891	A	0.000587061171774	5	8508	0	4	8517	95169
UNKNOWN	44	A	0.997886579782	G	0.00164377128097	8499	4	14	0	8517	95169
UNKNOWN	45	C	0.99729951861	G	0.00176118351532	6	8494	15	2	8517	95169
UNKNOWN	46	A	0.997651755313	G	0.00164377128097	8497	5	14	1	8517	95169
UNKNOWN	47	G	0.996477632969	A	0.00328754256193	28	1	8487	1	8517	95169
UNKNOWN	48	A	0.997769167547	G	0.00140894681226	8498	7	12	0	8517	95169
UNKNOWN	49	C	0.99729951861	G	0.0012915345779	5	8494	11	7	8517	95169
UNKNOWN	50	C	0.99917811436	T	0.000469648937419	2	8510	1	4	8517	95169
UNKNOWN	51	C	0.998825877656	T	0.000704473406129	0	8507	4	6	8517	95169
UNKNOWN	52	T	0.997886579782	C	0.00176118351532	0	15	3	8499	8517	95169
UNKNOWN	53	C	0.998473640953	T	0.00152635904661	0	8504	0	13	8517	95169
UNKNOWN	54	T	0.997534343079	C	0.00176118351532	3	15	3	8496	8517	95169
UNKNOWN	55	C	0.999530351063	T	0.000469648937419	0	8513	0	4	8517	95169
UNKNOWN	56	C	0.99729951861	T	0.00223083245274	3	8494	1	19	8517	95169
UNKNOWN	57	C	0.997534343079	G	0.00187859574968	0	8496	16	5	8517	95169
UNKNOWN	58	T	0.998003992016	C	0.00187859574968	1	16	0	8500	8517	95169
UNKNOWN	59	C	0.998591053188	A	0.000704473406129	6	8505	0	6	8517	95169
UNKNOWN	60	A	0.995773159563	G	0.00199600798403	8481	12	17	7	8517	95169
UNKNOWN	61	C	0.998238816485	T	0.00140894681226	2	8502	1	12	8517	95169
UNKNOWN	62	C	0.996829869672	A	0.0012915345779	11	8490	5	11	8517	95169
UNKNOWN	63	T	0.997886579782	C	0.0012915345779	1	11	6	8499	8517	95169
UNKNOWN	64	G	0.998591053188	C	0.000821885640484	5	7	8505	0	8517	95169
UNKNOWN	65	C	0.996477632969	T	0.00281789362452	6	8487	0	24	8517	95169
UNKNOWN	66	A	0.996829869672	G	0.00176118351532	8490	7	15	5	8517	95169
UNKNOWN	67	C	0.997651755313	G	0.0012915345779	0	8497	11	9	8517	95169
UNKNOWN	68	G	0.991546319126	A	0.00575319948339	49	3	8445	20	8517	95169
UNKNOWN	69	G	0.796289773394	A	0.200892332981	1711	17	6782	7	8517	95169
UNKNOWN	70	T	0.830339321357	C	0.168956205237	0	1439	6	7072	8517	95169
UNKNOWN	71	C	0.986732417518	G	0.00774920746742	2	8404	66	45	8517	95169
UNKNOWN	72	T	0.997182106375	C	0.00246565692145	1	21	2	8493	8517	95169
UNKNOWN	73	C	0.99917811436	T	0.000704473406129	0	8510	1	6	8517	95169
UNKNOWN	74	T	0.997182106375	G	0.00176118351532	0	9	15	8493	8517	95169
UNKNOWN	75	G	0.997064694141	A	0.00246565692145	21	1	8492	3	8517	95169
UNKNOWN	76	G	0.997886579782	A	0.00140894681226	12	5	8499	1	8517	95169
UNKNOWN	77	A	0.996125396266	G	0.00152635904661	8484	8	13	12	8517	95169
UNKNOWN	78	T	0.997534343079	C	0.00105671010919	7	9	5	8496	8517	95169
UNKNOWN	79	T	0.997886579782	C	0.00211342021839	0	18	0	8499	8517	95169
UNKNOWN	80	C	0.993659739345	T	0.00328754256193	7	8463	19	28	8517	95169
UNKNOWN	81	T	0.996712457438	C	0.0023482446871	2	20	6	8489	8517	95169
UNKNOWN	82	C	0.996947281907	T	0.00211342021839	8	8491	0	18	8517	95169
UNKNOWN	83	A	0.993424914876	T	0.00258306915581	8461	12	22	22	8517	95169
UNKNOWN	84	C	0.817893624516	T	0.179053657391	4	6966	22	1525	8517	95169
UNKNOWN	85	T	0.996595045204	C	0.00211342021839	3	18	8	8488	8517	95169
UNKNOWN	86	G	0.991076670189	A	0.00551837501468	47	22	8441	7	8517	95169
UNKNOWN	87	A	0.996712457438	G	0.00293530585887	8489	3	25	0	8517	95169
UNKNOWN	88	G	0.977574263238	A	0.0116238112011	99	57	8326	35	8517	95169
UNKNOWN	89	C	0.973817071739	T	0.0150287659974	47	8294	48	128	8517	95169
UNKNOWN	90	A	0.989902547845	G	0.00727955853	8431	22	62	2	8517	95169
UNKNOWN	91	G	0.944698837619	A	0.0426206410708	363	88	8046	20	8517	95169
UNKNOWN	92	C	0.982153340378	T	0.0137372314195	17	8365	18	117	8517	95169
UNKNOWN	93	T	0.921920864154	A	0.0617588352706	526	50	89	7852	8517	95169
UNKNOWN	94	A	0.977926499941	G	0.0108019255606	8329	50	92	46	8517	95169
UNKNOWN	95	T	0.994951273923	C	0.00258306915581	1	22	20	8474	8517	95169
UNKNOWN	96	G	0.911705999765	A	0.0587061171774	500	90	7765	162	8517	95169
UNKNOWN	97	C	0.820007044734	G	0.11917341787	287	6984	1015	231	8517	95169
UNKNOWN	98	T	0.992485617001	G	0.00434425267113	5	22	37	8453	8517	95169
UNKNOWN	99	G	0.976752377598	A	0.0207819654808	177	5	8319	16	8517	95169
UNKNOWN	100	T	0.994129388282	C	0.00457907713984	7	39	4	8467	8517	95169
UNKNOWN	101	A	0.984149348362	G	0.00892332981097	8382	33	76	26	8517	95169
UNKNOWN	102	G	0.956792297757	A	0.0407420453211	347	19	8149	2	8517	95169
UNKNOWN	103	G	0.882235528942	A	0.08735470236	744	190	7514	69	8517	95169
UNKNOWN	104	C	0.991428906892	G	0.00551837501468	3	8444	47	23	8517	95169
UNKNOWN	105	T	0.997769167547	G	0.00105671010919	2	8	9	8498	8517	95169
UNKNOWN	106	G	0.999295526594	C	0.000352236703064	0	3	8511	3	8517	95169
UNKNOWN	107	G	0.999765175531	A	0.000117412234355	1	0	8515	1	8517	95169
UNKNOWN	108	G	0.993777151579	A	0.00469648937419	40	7	8464	6	8517	95169
UNKNOWN	109	T	0.997416930844	C	0.0023482446871	1	20	1	8495	8517	95169
UNKNOWN	110	C	0.997064694141	T	0.00211342021839	4	8492	3	18	8517	95169
UNKNOWN	111	C	0.998591053188	T	0.000704473406129	0	8505	6	6	8517	95169
UNKNOWN	112	G	0.997886579782	C	0.00105671010919	6	9	8499	3	8517	95169
UNKNOWN	113	C	0.998356228719	T	0.0012915345779	3	8503	0	11	8517	95169
UNKNOWN	114	C	0.999060702125	A	0.000704473406129	6	8509	1	1	8517	95169
UNKNOWN	115	A	0.996712457438	G	0.00258306915581	8489	6	22	0	8517	95169
UNKNOWN	116	G	0.998943289891	A	0.000939297874839	8	1	8508	0	8517	95169
UNKNOWN	117	G	0.991546319126	C	0.00399201596806	30	34	8445	8	8517	95169
UNKNOWN	118	C	0.997182106375	T	0.00176118351532	0	8493	9	15	8517	95169
UNKNOWN	119	T	0.995538335095	C	0.00246565692145	9	21	8	8479	8517	95169
UNKNOWN	120	C	0.998356228719	A	0.00105671010919	9	8503	2	3	8517	95169
UNKNOWN	121	C	0.998473640953	A	0.000704473406129	6	8504	2	5	8517	95169
UNKNOWN	122	A	0.720558882236	G	0.278736644358	6137	4	2374	2	8517	95169
UNKNOWN	123	G	0.998708465422	A	0.000704473406129	6	1	8506	4	8517	95169
UNKNOWN	124	G	0.99917811436	A	0.000821885640484	7	0	8510	0	8517	95169
UNKNOWN	125	G	0.992368204767	A	0.00704473406129	60	5	8452	0	8517	95169
UNKNOWN	126	A	0.997182106375	G	0.00211342021839	8493	6	18	0	8517	95169
UNKNOWN	127	A	0.995538335095	G	0.00317013032758	8479	8	27	3	8517	95169
UNKNOWN	128	G	0.999412938828	A	0.000469648937419	4	1	8512	0	8517	95169
UNKNOWN	129	G	0.993072678173	A	0.00575319948339	49	10	8458	0	8517	95169
UNKNOWN	130	C	0.997886579782	G	0.0012915345779	3	8499	11	4	8517	95169
UNKNOWN	131	G	0.926969590231	A	0.0682165081602	581	18	7895	23	8517	95169
UNKNOWN	132	C	0.993072678173	T	0.0059880239521	2	8458	6	51	8517	95169
UNKNOWN	133	T	0.995303510626	C	0.00270048139016	0	23	17	8477	8517	95169
UNKNOWN	134	G	0.988963249971	A	0.00845368087355	72	3	8423	19	8517	95169
UNKNOWN	135	G	0.994011976048	C	0.00422684043677	15	36	8466	0	8517	95169
UNKNOWN	136	A	0.997182106375	G	0.00152635904661	8493	8	13	3	8517	95169
UNKNOWN	137	G	0.976165316426	A	0.0197252553716	168	24	8314	11	8517	95169
UNKNOWN	138	T	0.997769167547	G	0.00152635904661	1	5	13	8498	8517	95169
UNKNOWN	139	G	0.997064694141	C	0.00164377128097	8	14	8492	3	8517	95169
UNKNOWN	140	G	0.994951273923	T	0.00281789362452	5	14	8474	24	8517	95169
UNKNOWN	141	G	0.952800281789	A	0.034401784666	293	97	8115	12	8517	95169
UNKNOWN	142	T	0.996595045204	C	0.00246565692145	1	21	7	8488	8517	95169
UNKNOWN	143	T	0.986967241987	C	0.00622284842081	6	53	52	8406	8517	95169
UNKNOWN	144	G	0.983914523893	A	0.0142068803569	121	1	8380	15	8517	95169
UNKNOWN	145	G	0.992250792533	C	0.00575319948339	1	49	8451	16	8517	95169
UNKNOWN	146	T	0.986615005284	G	0.00622284842081	20	41	53	8403	8517	95169
UNKNOWN	147	G	0.81801103675	A	0.163203005753	1390	63	6967	97	8517	95169
UNKNOWN	148	G	0.775742632382	A	0.171304449924	1459	293	6607	158	8517	95169
UNKNOWN	149	T	0.977926499941	G	0.00810144417048	61	58	69	8329	8517	95169
UNKNOWN	150	A	0.964658917459	G	0.0295878830574	8216	25	252	24	8517	95169
UNKNOWN	151	T	0.995303510626	C	0.00199600798403	13	17	10	8477	8517	95169
UNKNOWN	152	A	0.949982388165	G	0.0371022660561	8091	30	316	80	8517	95169
UNKNOWN	153	G	0.953504755195	A	0.0353410825408	301	64	8121	31	8517	95169
UNKNOWN	154	A	0.965598215334	G	0.0259481037924	8224	49	221	23	8517	95169
UNKNOWN	155	T	0.899025478455	G	0.0467300692732	238	224	398	7657	8517	95169
UNKNOWN	156	A	0.828108488905	G	0.099917811436	7053	158	851	455	8517	95169
UNKNOWN	157	A	0.878478337443	G	0.0766701890337	7482	212	653	170	8517	95169
UNKNOWN	158	T	0.967946460021	G	0.016555125044	77	55	141	8244	8517	95169
UNKNOWN	159	G	0.872255489022	A	0.0874721145943	745	44	7429	299	8517	95169
UNKNOWN	160	A	0.97005988024	G	0.0158506516379	8262	59	135	61	8517	95169
UNKNOWN	161	T	0.989902547845	G	0.00516613831161	10	32	44	8431	8517	95169
UNKNOWN	162	G	0.99729951861	A	0.00270048139016	23	0	8494	0	8517	95169
UNKNOWN	163	G	0.983914523893	A	0.0131501702477	112	12	8380	13	8517	95169
UNKNOWN	164	A	0.988376188799	G	0.00739697076435	8418	18	63	18	8517	95169
UNKNOWN	165	G	0.899377715158	A	0.0599976517553	511	169	7660	177	8517	95169
UNKNOWN	166	A	0.969825055771	G	0.0158506516379	8260	56	135	66	8517	95169
UNKNOWN	167	C	0.954913702008	G	0.0166725372784	101	8133	142	141	8517	95169
UNKNOWN	168	A	0.988023952096	G	0.00833626863919	8415	28	71	3	8517	95169
UNKNOWN	169	C	0.961488787132	T	0.0258306915581	48	8189	60	220	8517	95169
UNKNOWN	170	A	0.985910531877	G	0.00786661970177	8397	32	67	21	8517	95169
UNKNOWN	171	T	0.955735587648	G	0.0250088059176	69	95	213	8140	8517	95169
UNKNOWN	172	A	0.800399201597	G	0.180462604203	6817	60	1537	103	8517	95169
UNKNOWN	173	C	0.964306680756	T	0.0248913936832	11	8213	81	212	8517	95169
UNKNOWN	174	T	0.99189855583	C	0.00422684043677	24	36	9	8448	8517	95169
UNKNOWN	175	A	0.99001996008	T	0.00540096278032	8432	16	23	46	8517	95169
UNKNOWN	176	T	0.989198074439	C	0.00798403193613	21	68	3	8425	8517	95169
UNKNOWN	177	A	0.991781143595	C	0.00528355054597	8447	45	23	2	8517	95169
UNKNOWN	178	A	0.993894563814	C	0.00328754256193	8465	28	21	3	8517	95169
UNKNOWN	179	C	0.913232358812	T	0.0746741810497	28	7778	75	636	8517	95169
UNKNOWN	180	C	0.965011154162	T	0.0226605612305	40	8219	65	193	8517	95169
UNKNOWN	181	C	0.981683691441	T	0.0100974521545	29	8361	41	86	8517	95169
UNKNOWN	182	A	0.990254784549	G	0.00516613831161	8434	38	44	1	8517	95169
UNKNOWN	183	G	0.979218034519	A	0.0163203005753	139	30	8340	8	8517	95169
UNKNOWN	184	C	0.98003992016	T	0.0150287659974	18	8347	24	128	8517	95169
UNKNOWN	185	C	0.998473640953	A	0.000821885640484	7	8504	2	4	8517	95169
UNKNOWN	186	C	0.995303510626	T	0.00387460373371	4	8477	3	33	8517	95169
UNKNOWN	187	T	0.995890571798	G	0.00187859574968	6	13	16	8482	8517	95169
UNKNOWN	188	G	0.987906539861	A	0.00833626863919	71	6	8414	26	8517	95169
UNKNOWN	189	A	0.996007984032	G	0.00258306915581	8483	10	22	2	8517	95169
UNKNOWN	190	A	0.996360220735	G	0.00199600798403	8486	7	17	7	8517	95169
UNKNOWN	191	A	0.991194082423	C	0.00387460373371	8442	33	20	22	8517	95169
UNKNOWN	192	T	0.988963249971	C	0.0059880239521	29	51	14	8423	8517	95169
UNKNOWN	193	C	0.998473640953	T	0.000939297874839	3	8504	2	8	8517	95169
UNKNOWN	194	C	0.993659739345	T	0.003639779265	9	8463	14	31	8517	95169
UNKNOWN	195	C	0.997064694141	G	0.00211342021839	4	8492	18	3	8517	95169
UNKNOWN	196	G	0.995655747329	C	0.0023482446871	13	20	8480	4	8517	95169
UNKNOWN	197	G	0.94904309029	A	0.0427380533052	364	40	8083	30	8517	95169
UNKNOWN	198	C	0.995068686157	T	0.00281789362452	12	8475	6	24	8517	95169
UNKNOWN	199	T	0.99542092286	C	0.00305271809323	6	26	7	8478	8517	95169
UNKNOWN	200	C	0.996360220735	A	0.00164377128097	14	8486	5	12	8517	95169
UNKNOWN	201	A	0.99354232711	G	0.00446166490548	8462	16	38	1	8517	95169
UNKNOWN	202	G	0.988258776565	C	0.00798403193613	15	68	8417	17	8517	95169
UNKNOWN	203	C	0.9846189973	T	0.00998003992016	31	8386	15	85	8517	95169
UNKNOWN	204	A	0.99354232711	G	0.003639779265	8462	9	31	15	8517	95169
UNKNOWN	205	T	0.995890571798	C	0.00281789362452	7	24	4	8482	8517	95169
UNKNOWN	206	C	0.991428906892	T	0.0059880239521	20	8444	2	51	8517	95169
UNKNOWN	207	A	0.991194082423	G	0.00587061171774	8442	21	50	4	8517	95169
UNKNOWN	208	C	0.995068686157	T	0.00223083245274	9	8475	14	19	8517	95169
UNKNOWN	209	C	0.985910531877	T	0.00751438299871	24	8397	32	64	8517	95169
UNKNOWN	210	A	0.989785135611	G	0.00575319948339	8430	36	49	2	8517	95169
UNKNOWN	211	G	0.529998825878	A	0.466361394857	3972	22	4514	9	8517	95169
UNKNOWN	212	G	0.99542092286	A	0.00270048139016	23	11	8478	5	8517	95169
UNKNOWN	213	G	0.992603029236	A	0.00516613831161	44	19	8454	0	8517	95169
UNKNOWN	214	A	0.994129388282	C	0.00246565692145	8467	21	21	8	8517	95169
UNKNOWN	215	C	0.992250792533	T	0.00481390160855	17	8451	8	41	8517	95169
UNKNOWN	216	A	0.990724433486	C	0.003639779265	8438	31	29	19	8517	95169
UNKNOWN	217	C	0.505459668897	A	0.483503581073	4118	4305	35	59	8517	95169
UNKNOWN	218	C	0.989785135611	T	0.00575319948339	4	8430	34	49	8517	95169
UNKNOWN	219	T	0.991781143595	C	0.003639779265	21	31	18	8447	8517	95169
UNKNOWN	220	C	0.996125396266	A	0.00187859574968	16	8484	1	16	8517	95169
UNKNOWN	221	C	0.993307502642	T	0.00317013032758	20	8460	10	27	8517	95169
UNKNOWN	222	A	0.989315486674	C	0.00680990959258	8426	58	25	8	8517	95169
UNKNOWN	223	A	0.988611013268	G	0.0085710931079	8420	17	73	7	8517	95169
UNKNOWN	224	G	0.994129388282	A	0.00352236703064	30	14	8467	6	8517	95169
UNKNOWN	225	A	0.990137372314	G	0.00680990959258	8433	20	58	6	8517	95169
UNKNOWN	226	G	0.970646941411	A	0.023482446871	200	46	8267	4	8517	95169
UNKNOWN	227	C	0.983914523893	T	0.012915345779	12	8380	15	110	8517	95169
UNKNOWN	228	C	0.995538335095	A	0.00270048139016	23	8479	14	1	8517	95169
UNKNOWN	229	A	0.996125396266	G	0.0023482446871	8484	6	20	7	8517	95169
UNKNOWN	230	A	0.988728425502	G	0.0085710931079	8421	18	73	5	8517	95169
UNKNOWN	231	G	0.979922507925	A	0.0124456968416	106	34	8346	31	8517	95169
UNKNOWN	232	T	0.994481624985	C	0.00469648937419	0	40	7	8470	8517	95169
UNKNOWN	233	C	0.988728425502	T	0.00716214629564	3	8421	32	61	8517	95169
UNKNOWN	234	T	0.992955265939	C	0.00469648937419	8	40	12	8457	8517	95169
UNKNOWN	235	C	0.994833861688	T	0.00375719149935	11	8473	1	32	8517	95169
UNKNOWN	236	T	0.985910531877	C	0.0096278032171	8	82	30	8397	8517	95169
UNKNOWN	237	C	0.995303510626	T	0.00352236703064	4	8477	6	30	8517	95169
UNKNOWN	238	T	0.996242808501	G	0.00187859574968	1	15	16	8485	8517	95169
UNKNOWN	239	G	0.9808618058	A	0.0116238112011	99	21	8354	43	8517	95169
UNKNOWN	240	T	0.992603029236	C	0.00293530585887	19	25	19	8454	8517	95169
UNKNOWN	241	C	0.992603029236	T	0.00528355054597	15	8454	3	45	8517	95169
UNKNOWN	242	A	0.981683691441	G	0.0106845133263	8361	36	91	29	8517	95169
UNKNOWN	243	G	0.964776329694	C	0.0164377128097	120	140	8217	40	8517	95169
UNKNOWN	244	T	0.994951273923	G	0.00246565692145	6	16	21	8474	8517	95169
UNKNOWN	245	G	0.986380180815	A	0.00880591757661	75	25	8401	16	8517	95169
UNKNOWN	246	A	0.984736409534	G	0.0112715744981	8387	31	96	3	8517	95169
UNKNOWN	247	G	0.966067864271	A	0.0177292473876	151	105	8228	33	8517	95169
UNKNOWN	248	C	0.981683691441	T	0.0119760479042	28	8361	26	102	8517	95169
UNKNOWN	249	A	0.987906539861	G	0.0104496888576	8414	14	89	0	8517	95169
UNKNOWN	250	G	0.989667723377	C	0.00481390160855	38	41	8429	9	8517	95169
UNKNOWN	251	C	0.988728425502	T	0.00516613831161	14	8421	38	44	8517	95169
UNKNOWN	252	G	0.99459903722	A	0.00258306915581	22	5	8471	19	8517	95169
UNKNOWN	253	T	0.992133380298	C	0.00434425267113	6	37	24	8450	8517	95169
UNKNOWN	254	G	0.974638957379	A	0.0192556064342	164	21	8301	31	8517	95169
UNKNOWN	255	A	0.989550311142	G	0.00622284842081	8428	26	53	10	8517	95169
UNKNOWN	256	C	0.991076670189	G	0.00328754256193	22	8441	28	26	8517	95169
UNKNOWN	257	A	0.978513561113	G	0.0127979335447	8334	47	109	27	8517	95169
UNKNOWN	258	A	0.714923094986	C	0.261594458143	6089	2228	138	62	8517	95169
UNKNOWN	259	C	0.978748385582	G	0.0102148643889	11	8336	87	83	8517	95169
UNKNOWN	260	T	0.975578255254	C	0.0143242925913	12	122	74	8309	8517	95169
UNKNOWN	261	G	0.992133380298	A	0.00446166490548	38	19	8450	10	8517	95169
UNKNOWN	262	A	0.99354232711	G	0.00457907713984	8462	9	39	7	8517	95169
UNKNOWN	263	G	0.968768345662	A	0.018198896325	155	84	8251	27	8517	95169
UNKNOWN	264	G	0.994011976048	A	0.00375719149935	32	5	8466	14	8517	95169
UNKNOWN	265	A	0.994246800517	C	0.00340495479629	8468	29	17	3	8517	95169
UNKNOWN	266	C	0.989198074439	T	0.00516613831161	34	8425	14	44	8517	95169
UNKNOWN	267	A	0.986497593049	G	0.00645767288952	8402	18	55	42	8517	95169
UNKNOWN	268	C	0.994364212751	G	0.0023482446871	14	8469	20	14	8517	95169
UNKNOWN	269	G	0.970412116943	A	0.0264177527298	225	10	8265	17	8517	95169
UNKNOWN	270	G	0.995303510626	C	0.00246565692145	13	21	8477	6	8517	95169
UNKNOWN	271	C	0.994951273923	G	0.00199600798403	16	8474	17	10	8517	95169
UNKNOWN	272	C	0.991428906892	T	0.00446166490548	28	8444	7	38	8517	95169
UNKNOWN	273	A	0.992955265939	G	0.00399201596806	8457	16	34	10	8517	95169
UNKNOWN	274	C	0.988963249971	T	0.00446166490548	31	8423	25	38	8517	95169
UNKNOWN	275	A	0.973464835036	G	0.0111541622637	8291	56	95	75	8517	95169
UNKNOWN	276	T	0.992955265939	G	0.00246565692145	20	19	21	8457	8517	95169
UNKNOWN	277	A	0.993894563814	C	0.00317013032758	8465	27	18	7	8517	95169
UNKNOWN	278	C	0.967594223318	T	0.031114242104	9	8241	2	265	8517	95169
UNKNOWN	279	T	0.986380180815	C	0.00680990959258	27	58	31	8401	8517	95169
UNKNOWN	280	A	0.984031936128	T	0.00880591757661	8381	40	21	75	8517	95169
UNKNOWN	281	C	0.986732417518	T	0.0120934601385	2	8404	8	103	8517	95169
UNKNOWN	282	T	0.990254784549	G	0.00704473406129	12	11	60	8434	8517	95169
