Type	Position	Nucl1	Freq1	Nucl2	Freq2	NumAs	NumCs	NumGs	NumTs	NumAligned	NumNaive
UNKNOWN	0	C	1.0	A	0.0	0	21069	0	0	21069	95169
UNKNOWN	1	A	1.0	C	0.0	21069	0	0	0	21069	95169
UNKNOWN	2	G	1.0	A	0.0	0	0	21069	0	21069	95169
UNKNOWN	3	G	1.0	A	0.0	0	0	21069	0	21069	95169
UNKNOWN	4	T	1.0	A	0.0	0	0	0	21069	21069	95169
UNKNOWN	5	G	1.0	A	0.0	0	0	21069	0	21069	95169
UNKNOWN	6	C	1.0	A	0.0	0	21069	0	0	21069	95169
UNKNOWN	7	A	0.997199677251	G	0.0017086715079	21010	9	36	14	21069	95169
UNKNOWN	8	G	0.992643219897	A	0.00626512886231	132	23	20914	0	21069	95169
UNKNOWN	9	C	0.99387726043	T	0.00541079310836	1	20940	14	114	21069	95169
UNKNOWN	10	T	0.998765959467	C	0.0011391143386	1	24	1	21043	21069	95169
UNKNOWN	11	G	0.997531918933	A	0.00218330248232	46	1	21017	5	21069	95169
UNKNOWN	12	C	0.999145664246	T	0.000759409559068	1	21051	1	16	21069	95169
UNKNOWN	13	G	0.998955811856	A	0.000901798851393	19	2	21047	1	21069	95169
UNKNOWN	14	G	0.953343775215	C	0.0434287341592	63	915	20086	5	21069	95169
UNKNOWN	15	G	0.999288053538	C	0.000379704779534	6	8	21054	1	21069	95169
UNKNOWN	16	A	0.997294603446	G	0.00199345009255	21012	11	42	4	21069	95169
UNKNOWN	17	G	0.994304428307	A	0.00503108832882	106	9	20949	5	21069	95169
UNKNOWN	18	T	0.998386254687	C	0.000996725046277	2	21	11	21035	21069	95169
UNKNOWN	19	C	0.999193127343	T	0.000711946461626	1	21052	1	15	21069	95169
UNKNOWN	20	G	0.996535193887	A	0.00336987991836	71	2	20996	0	21069	95169
UNKNOWN	21	G	0.998813422564	C	0.000854335753951	7	18	21044	0	21069	95169
UNKNOWN	22	G	0.998955811856	A	0.000617020266743	13	9	21047	0	21069	95169
UNKNOWN	23	C	0.99962029522	T	0.000332241682092	1	21061	0	7	21069	95169
UNKNOWN	24	C	0.999288053538	T	0.000711946461626	0	21054	0	15	21069	95169
UNKNOWN	25	C	0.999572832123	T	0.000332241682092	2	21060	0	7	21069	95169
UNKNOWN	26	C	0.999050738051	A	0.000617020266743	13	21049	0	7	21069	95169
UNKNOWN	27	A	0.997484455836	G	0.0022782286772	21016	4	48	1	21069	95169
UNKNOWN	28	G	0.991931273435	A	0.00650244434952	137	19	20899	14	21069	95169
UNKNOWN	29	C	0.994399354502	T	0.00536333001092	3	20951	2	113	21069	95169
UNKNOWN	30	C	0.998955811856	T	0.00080687265651	1	21047	4	17	21069	95169
UNKNOWN	31	T	0.99610802601	C	0.00256300726185	8	54	20	20987	21069	95169
UNKNOWN	32	G	0.994873985476	A	0.0037495846979	79	19	20961	10	21069	95169
UNKNOWN	33	G	0.997247140348	C	0.00128150363093	18	27	21011	13	21069	95169
UNKNOWN	34	T	0.995680858133	C	0.0031800275286	4	67	20	20978	21069	95169
UNKNOWN	35	G	0.995965636717	A	0.00351226921069	74	6	20984	5	21069	95169
UNKNOWN	36	A	0.997484455836	C	0.00137642982581	21016	29	21	3	21069	95169
UNKNOWN	37	A	0.995680858133	G	0.00327495372348	20978	19	69	3	21069	95169
UNKNOWN	38	G	0.997294603446	A	0.0017086715079	36	20	21012	1	21069	95169
UNKNOWN	39	C	0.994779059281	T	0.00474630974417	1	20959	9	100	21069	95169
UNKNOWN	40	C	0.999477905928	T	0.000379704779534	2	21058	1	8	21069	95169
UNKNOWN	41	C	0.997721771323	T	0.00109165124116	2	21021	23	23	21069	95169
UNKNOWN	42	T	0.996250415302	C	0.00341734301581	3	72	4	20990	21069	95169
UNKNOWN	43	C	0.998955811856	A	0.000759409559068	16	21047	1	5	21069	95169
UNKNOWN	44	A	0.996819972471	G	0.00161374531302	21002	28	34	5	21069	95169
UNKNOWN	45	C	0.9981489392	A	0.000854335753951	18	21030	14	7	21069	95169
UNKNOWN	46	A	0.99591817362	G	0.00294271204139	20983	22	62	2	21069	95169
UNKNOWN	47	G	0.998196402297	A	0.00132896672837	28	9	21031	1	21069	95169
UNKNOWN	48	A	0.99425696521	G	0.00422421567231	20948	28	89	4	21069	95169
UNKNOWN	49	C	0.997864160615	T	0.00123404053349	4	21024	15	26	21069	95169
UNKNOWN	50	C	0.998576107077	T	0.00118657743604	0	21039	5	25	21069	95169
UNKNOWN	51	C	0.998908348759	T	0.000996725046277	1	21046	1	21	21069	95169
UNKNOWN	52	T	0.996013099815	C	0.00355973230813	3	75	6	20985	21069	95169
UNKNOWN	53	C	0.998765959467	T	0.000996725046277	0	21043	5	21	21069	95169
UNKNOWN	54	T	0.996630120082	C	0.00265793345674	6	56	9	20998	21069	95169
UNKNOWN	55	C	0.998955811856	T	0.00080687265651	4	21047	1	17	21069	95169
UNKNOWN	56	C	0.998243865395	T	0.00109165124116	0	21032	14	23	21069	95169
UNKNOWN	57	C	0.997911623713	G	0.0011391143386	4	21025	24	16	21069	95169
UNKNOWN	58	T	0.997104751056	C	0.0026104703593	3	55	3	21008	21069	95169
UNKNOWN	59	C	0.997057287959	A	0.00161374531302	34	21007	0	28	21069	95169
UNKNOWN	60	A	0.995870710523	G	0.00185106080023	20982	33	39	15	21069	95169
UNKNOWN	61	C	0.995965636717	T	0.00365465850301	1	20984	7	77	21069	95169
UNKNOWN	62	C	0.997436992738	T	0.00161374531302	6	21015	14	34	21069	95169
UNKNOWN	63	T	0.996819972471	C	0.00232569177465	1	49	17	21002	21069	95169
UNKNOWN	64	G	0.998481180882	C	0.000854335753951	13	18	21037	1	21069	95169
UNKNOWN	65	C	0.993260240163	T	0.00598035027766	15	20927	1	126	21069	95169
UNKNOWN	66	A	0.994873985476	G	0.00251554416441	20961	37	53	18	21069	95169
UNKNOWN	67	C	0.996867435569	T	0.00189852389767	3	21003	23	40	21069	95169
UNKNOWN	68	G	0.986852722009	A	0.00811618966254	171	97	20792	9	21069	95169
UNKNOWN	69	A	0.611514547439	G	0.381698229626	12884	66	8042	77	21069	95169
UNKNOWN	70	T	0.638615976079	C	0.360149983388	12	7588	14	13455	21069	95169
UNKNOWN	71	C	0.984432104039	G	0.00911291470881	16	20741	192	120	21069	95169
UNKNOWN	72	T	0.996630120082	C	0.00270539655418	0	57	14	20998	21069	95169
UNKNOWN	73	C	0.998671033272	T	0.00109165124116	3	21041	2	23	21069	95169
UNKNOWN	74	T	0.992405904409	C	0.00441406806208	8	93	59	20909	21069	95169
UNKNOWN	75	G	0.994351891404	A	0.00469884664673	99	17	20950	3	21069	95169
UNKNOWN	76	G	0.99425696521	A	0.00493616213394	104	12	20948	5	21069	95169
UNKNOWN	77	A	0.991171863876	C	0.00479377284162	20883	101	44	41	21069	95169
UNKNOWN	78	T	0.99425696521	C	0.0031800275286	8	67	46	20948	21069	95169
UNKNOWN	79	T	0.996392804594	C	0.00322749062604	7	68	1	20993	21069	95169
UNKNOWN	80	C	0.989178413783	T	0.00954008258579	5	20841	22	201	21069	95169
UNKNOWN	81	T	0.992453367507	C	0.00555318240068	10	117	32	20910	21069	95169
UNKNOWN	82	C	0.995206227158	T	0.00384451089278	20	20968	0	81	21069	95169
UNKNOWN	83	A	0.989937823342	C	0.00455645735441	20857	96	87	29	21069	95169
UNKNOWN	84	T	0.967013147278	C	0.0307560871422	29	648	18	20374	21069	95169
UNKNOWN	85	T	0.995823247425	G	0.00223076557976	3	38	47	20981	21069	95169
UNKNOWN	86	G	0.980872371731	A	0.0141914661351	299	64	20666	40	21069	95169
UNKNOWN	87	A	0.98998528644	G	0.00707200151882	20858	51	149	11	21069	95169
UNKNOWN	88	G	0.932934643315	A	0.049314158242	1039	335	19656	39	21069	95169
UNKNOWN	89	C	0.960463239831	T	0.022782286772	200	20236	153	480	21069	95169
UNKNOWN	90	A	0.978024585884	G	0.0162323793251	20606	101	342	20	21069	95169
UNKNOWN	91	G	0.841710570032	A	0.10963975509	2310	668	17734	357	21069	95169
UNKNOWN	92	C	0.952394513266	T	0.0356447861787	173	20066	79	751	21069	95169
UNKNOWN	93	T	0.974559779771	C	0.0103469552423	168	218	150	20533	21069	95169
UNKNOWN	94	A	0.977312639423	C	0.00892306231905	20591	188	111	179	21069	95169
UNKNOWN	95	T	0.987090037496	C	0.00802126346765	28	169	75	20797	21069	95169
UNKNOWN	96	G	0.913522236461	A	0.0642650339361	1354	181	19247	287	21069	95169
UNKNOWN	97	C	0.89999525369	A	0.045232331862	953	18962	613	541	21069	95169
UNKNOWN	98	T	0.992073662727	A	0.00280032274906	59	57	51	20902	21069	95169
UNKNOWN	99	G	0.972756182068	A	0.0233993070388	493	22	20495	59	21069	95169
UNKNOWN	100	T	0.996487730789	C	0.00232569177465	19	49	6	20995	21069	95169
UNKNOWN	101	A	0.975983672694	G	0.015900137643	20563	95	335	76	21069	95169
UNKNOWN	102	G	0.933978831459	A	0.0551046561299	1161	185	19678	45	21069	95169
UNKNOWN	103	G	0.829607480184	A	0.093264986473	1965	505	17479	1120	21069	95169
UNKNOWN	104	C	0.985618681475	G	0.00673975983673	32	20766	142	129	21069	95169
UNKNOWN	105	T	0.997247140348	G	0.00156628221558	0	25	33	21011	21069	95169
UNKNOWN	106	G	0.999525369026	A	0.000189852389767	4	2	21059	4	21069	95169
UNKNOWN	107	G	0.999382979733	A	0.00028477858465	6	6	21056	1	21069	95169
UNKNOWN	108	G	0.981109687218	A	0.0158526745455	334	32	20671	32	21069	95169
UNKNOWN	109	T	0.996155489107	C	0.00332241682092	2	70	9	20988	21069	95169
UNKNOWN	110	C	0.993022924676	T	0.00583796098533	6	20922	18	123	21069	95169
UNKNOWN	111	C	0.9981489392	G	0.00109165124116	3	21030	23	13	21069	95169
UNKNOWN	112	G	0.998386254687	C	0.00118657743604	6	25	21035	3	21069	95169
UNKNOWN	113	C	0.996155489107	T	0.00322749062604	8	20988	5	68	21069	95169
UNKNOWN	114	C	0.998386254687	A	0.00137642982581	29	21035	2	3	21069	95169
UNKNOWN	115	A	0.994873985476	G	0.00365465850301	20961	13	77	18	21069	95169
UNKNOWN	116	G	0.99757938203	C	0.00147135602069	17	31	21018	3	21069	95169
UNKNOWN	117	G	0.986947648204	A	0.00949261948835	200	52	20794	23	21069	95169
UNKNOWN	118	C	0.996582656984	T	0.00242061796953	2	20997	19	51	21069	95169
UNKNOWN	119	T	0.928283259766	C	0.0698182163368	8	1471	32	19558	21069	95169
UNKNOWN	120	C	0.931985381366	T	0.0657363899568	12	19636	36	1385	21069	95169
UNKNOWN	121	C	0.998006549907	G	0.0011391143386	6	21027	24	12	21069	95169
UNKNOWN	122	G	0.911576249466	A	0.08756941478	1845	8	19206	10	21069	95169
UNKNOWN	123	G	0.997721771323	A	0.00118657743604	25	8	21021	15	21069	95169
UNKNOWN	124	G	0.997721771323	A	0.00185106080023	39	5	21021	4	21069	95169
UNKNOWN	125	G	0.990270065024	A	0.00897052541649	189	13	20864	3	21069	95169
UNKNOWN	126	A	0.998386254687	G	0.000901798851393	21035	10	19	5	21069	95169
UNKNOWN	127	A	0.992975461579	G	0.00626512886231	20921	10	132	6	21069	95169
UNKNOWN	128	G	0.999382979733	A	0.000332241682092	7	6	21056	0	21069	95169
UNKNOWN	129	G	0.990032749537	C	0.00455645735441	88	96	20859	26	21069	95169
UNKNOWN	130	C	0.995158764061	G	0.0026104703593	12	20967	55	35	21069	95169
UNKNOWN	131	G	0.981584318193	A	0.0141914661351	299	59	20681	30	21069	95169
UNKNOWN	132	C	0.992358441312	T	0.00593288718022	18	20908	18	125	21069	95169
UNKNOWN	133	T	0.994114575917	C	0.00294271204139	5	62	57	20945	21069	95169
UNKNOWN	134	G	0.969006597371	A	0.0278608381983	587	7	20416	59	21069	95169
UNKNOWN	135	G	0.995396079548	A	0.0022782286772	48	46	20972	3	21069	95169
UNKNOWN	136	A	0.994446817599	G	0.00427167876976	20952	21	90	6	21069	95169
UNKNOWN	137	G	0.967820019935	A	0.0282405429778	595	22	20391	61	21069	95169
UNKNOWN	138	T	0.996914898666	G	0.00199345009255	0	23	42	21004	21069	95169
UNKNOWN	139	G	0.99368740804	A	0.00308510133371	65	10	20936	58	21069	95169
UNKNOWN	140	G	0.931748065879	T	0.0589017039252	20	177	19631	1241	21069	95169
UNKNOWN	141	G	0.859983862547	C	0.0767003654659	1272	1616	18119	62	21069	95169
UNKNOWN	142	T	0.996487730789	C	0.0017086715079	8	36	30	20995	21069	95169
UNKNOWN	143	T	0.979685794295	C	0.0100147135602	27	211	190	20641	21069	95169
UNKNOWN	144	G	0.980018035977	A	0.0190801651716	402	4	20648	15	21069	95169
UNKNOWN	145	G	0.990602306707	C	0.00702453842138	8	148	20871	42	21069	95169
UNKNOWN	146	T	0.977170250131	G	0.00991978736532	101	171	209	20588	21069	95169
UNKNOWN	147	G	0.808059233946	A	0.168019364944	3540	104	17025	400	21069	95169
UNKNOWN	148	G	0.809008495894	A	0.11020931226	2322	1044	17045	658	21069	95169
UNKNOWN	149	T	0.927666239499	G	0.0404385590204	423	249	852	19545	21069	95169
UNKNOWN	150	A	0.955337225307	G	0.036214343348	20128	27	763	151	21069	95169
UNKNOWN	151	T	0.991314253168	C	0.00398690018511	47	84	52	20886	21069	95169
UNKNOWN	152	A	0.95343870141	G	0.0213583938488	20088	164	450	367	21069	95169
UNKNOWN	153	A	0.92486591675	G	0.065546537567	19486	134	1381	68	21069	95169
UNKNOWN	154	G	0.873083677441	A	0.0925055769139	1949	611	18395	114	21069	95169
UNKNOWN	155	T	0.943756229532	C	0.0266267976648	138	561	486	19884	21069	95169
UNKNOWN	156	A	0.81095448289	G	0.162371256348	17086	464	3421	98	21069	95169
UNKNOWN	157	G	0.872181878589	A	0.062746214818	1322	957	18376	414	21069	95169
UNKNOWN	158	T	0.958849494518	G	0.0194124068537	203	255	409	20202	21069	95169
UNKNOWN	159	G	0.770753239356	A	0.184773838341	3893	570	16239	367	21069	95169
UNKNOWN	160	G	0.82728178841	A	0.0990080212635	2086	1227	17430	326	21069	95169
UNKNOWN	161	T	0.973942759504	G	0.0111063648014	156	159	234	20520	21069	95169
UNKNOWN	162	G	0.982865821824	A	0.0163747686174	345	6	20708	10	21069	95169
UNKNOWN	163	G	0.985855996962	A	0.011818311263	249	39	20771	10	21069	95169
UNKNOWN	164	A	0.964260287626	G	0.0283829322702	20316	86	598	69	21069	95169
UNKNOWN	165	A	0.925293084627	G	0.0583796098533	19495	174	1230	170	21069	95169
UNKNOWN	166	G	0.805306374294	A	0.115145474394	2426	919	16967	757	21069	95169
UNKNOWN	167	C	0.883715411268	G	0.0507855142627	621	18619	1070	759	21069	95169
UNKNOWN	168	A	0.941288148465	C	0.0424794722104	19832	895	270	72	21069	95169
UNKNOWN	169	C	0.961270112488	T	0.0284303953676	131	20253	86	599	21069	95169
UNKNOWN	170	A	0.981204613413	G	0.00740424320091	20673	100	156	140	21069	95169
UNKNOWN	171	T	0.912145806635	G	0.0747069153733	149	128	1574	19218	21069	95169
UNKNOWN	172	G	0.953011533533	A	0.0364041957378	767	116	20079	107	21069	95169
UNKNOWN	173	C	0.978309364469	T	0.0153305804737	26	20612	108	323	21069	95169
UNKNOWN	174	C	0.886610660212	T	0.104513740567	104	18680	83	2202	21069	95169
UNKNOWN	175	T	0.878636859841	A	0.101903270207	2147	204	206	18512	21069	95169
UNKNOWN	176	T	0.970857658171	C	0.0126251839195	154	266	194	20455	21069	95169
UNKNOWN	177	A	0.990697232901	G	0.00574303479045	20873	68	121	7	21069	95169
UNKNOWN	178	A	0.991361716266	G	0.00460392045185	20887	75	97	10	21069	95169
UNKNOWN	179	C	0.883905263658	T	0.0956381413451	86	18623	345	2015	21069	95169
UNKNOWN	180	C	0.927239071622	T	0.0399639280459	284	19536	407	842	21069	95169
UNKNOWN	181	C	0.989178413783	G	0.00403436328255	79	20841	85	64	21069	95169
UNKNOWN	182	A	0.99145664246	G	0.00403436328255	20889	78	85	17	21069	95169
UNKNOWN	183	G	0.983103137311	A	0.0111063648014	234	98	20713	24	21069	95169
UNKNOWN	184	C	0.975081873843	T	0.01428639233	88	20544	136	301	21069	95169
UNKNOWN	185	C	0.997152214153	A	0.00118657743604	25	21009	18	17	21069	95169
UNKNOWN	186	C	0.99572832123	T	0.00299017513883	18	20979	9	63	21069	95169
UNKNOWN	187	T	0.994494280697	G	0.00256300726185	21	41	54	20953	21069	95169
UNKNOWN	188	G	0.971901846314	A	0.0230196022592	485	36	20477	71	21069	95169
UNKNOWN	189	A	0.99221605202	C	0.00384451089278	20905	81	68	15	21069	95169
UNKNOWN	190	A	0.989700507855	C	0.0048886990365	20852	103	94	20	21069	95169
UNKNOWN	191	A	0.990270065024	G	0.00441406806208	20864	50	93	62	21069	95169
UNKNOWN	192	T	0.989937823342	C	0.00569557169301	25	120	67	20857	21069	95169
UNKNOWN	193	C	0.9962978784	T	0.00199345009255	23	20991	13	42	21069	95169
UNKNOWN	194	C	0.99202619963	T	0.00403436328255	48	20901	35	85	21069	95169
UNKNOWN	195	C	0.994636669989	G	0.00256300726185	14	20956	54	45	21069	95169
UNKNOWN	196	G	0.996772509374	A	0.00147135602069	31	7	21001	30	21069	95169
UNKNOWN	197	G	0.947363424937	A	0.0375907731739	792	216	19960	101	21069	95169
UNKNOWN	198	C	0.987042574398	T	0.00598035027766	62	20796	85	126	21069	95169
UNKNOWN	199	T	0.99183634724	C	0.00427167876976	24	90	58	20897	21069	95169
UNKNOWN	200	C	0.991883810337	A	0.00469884664673	99	20898	24	48	21069	95169
UNKNOWN	201	A	0.989700507855	G	0.00821111585742	20852	34	173	10	21069	95169
UNKNOWN	202	G	0.976553229864	C	0.0146186340121	117	308	20575	69	21069	95169
UNKNOWN	203	C	0.965209549575	T	0.024823199962	105	20336	105	523	21069	95169
UNKNOWN	204	A	0.989747970953	G	0.0054582562058	20853	45	115	56	21069	95169
UNKNOWN	205	T	0.993022924676	C	0.0043191418672	20	91	36	20922	21069	95169
UNKNOWN	206	C	0.984432104039	T	0.0112487540937	76	20741	15	237	21069	95169
UNKNOWN	207	A	0.992358441312	G	0.00379704779534	20908	66	80	15	21069	95169
UNKNOWN	208	C	0.985666144573	G	0.00735678010347	58	20767	155	89	21069	95169
UNKNOWN	209	C	0.962219374436	G	0.0178461246381	169	20273	376	251	21069	95169
UNKNOWN	210	A	0.991171863876	C	0.00531586691347	20883	112	73	1	21069	95169
UNKNOWN	211	A	0.980540130049	G	0.017086715079	20659	31	360	19	21069	95169
UNKNOWN	212	G	0.986520480327	A	0.00954008258579	201	69	20785	14	21069	95169
UNKNOWN	213	G	0.986757795814	A	0.010963975509	231	19	20790	29	21069	95169
UNKNOWN	214	A	0.992263515117	C	0.00360719540557	20906	76	46	41	21069	95169
UNKNOWN	215	C	0.9814419289	T	0.0112962171911	75	20678	78	238	21069	95169
UNKNOWN	216	A	0.983387915895	G	0.0120081636528	20719	68	253	29	21069	95169
UNKNOWN	217	A	0.980112962172	C	0.0116284588732	20650	245	137	37	21069	95169
UNKNOWN	218	C	0.983720157577	T	0.0100147135602	13	20726	119	211	21069	95169
UNKNOWN	219	T	0.987137500593	C	0.00436660496464	89	92	90	20798	21069	95169
UNKNOWN	220	C	0.992738146091	A	0.00455645735441	96	20916	3	54	21069	95169
UNKNOWN	221	C	0.991409179363	T	0.00436660496464	59	20888	30	92	21069	95169
UNKNOWN	222	A	0.982581043239	C	0.0111063648014	20702	234	126	7	21069	95169
UNKNOWN	223	A	0.98609331245	G	0.0105368076321	20776	31	222	40	21069	95169
UNKNOWN	224	G	0.985286439793	C	0.00740424320091	138	156	20759	16	21069	95169
UNKNOWN	225	A	0.987279889886	G	0.00906545161137	20801	55	191	22	21069	95169
UNKNOWN	226	G	0.952441976363	A	0.0375907731739	792	183	20067	27	21069	95169
UNKNOWN	227	C	0.962931320898	T	0.027718448906	111	20288	86	584	21069	95169
UNKNOWN	228	C	0.989842897147	A	0.00474630974417	100	20855	98	16	21069	95169
UNKNOWN	229	A	0.991788884143	T	0.00308510133371	20896	58	50	65	21069	95169
UNKNOWN	230	A	0.978356827567	G	0.0179885139304	20613	57	379	20	21069	95169
UNKNOWN	231	G	0.96549432816	A	0.0149983387916	316	256	20342	155	21069	95169
UNKNOWN	232	T	0.992880535384	C	0.00531586691347	16	112	22	20919	21069	95169
UNKNOWN	233	C	0.971901846314	T	0.0161374531302	32	20477	220	340	21069	95169
UNKNOWN	234	T	0.987659594665	C	0.00697707532394	48	147	65	20809	21069	95169
UNKNOWN	235	C	0.990554843609	T	0.00797380037021	26	20870	5	168	21069	95169
UNKNOWN	236	T	0.973515591628	C	0.0139066875504	32	293	233	20511	21069	95169
UNKNOWN	237	C	0.988181688737	T	0.00792633727277	48	20820	34	167	21069	95169
UNKNOWN	238	T	0.993592481845	G	0.00389197399022	13	40	82	20934	21069	95169
UNKNOWN	239	G	0.963785656652	A	0.0252029047416	531	110	20306	122	21069	95169
UNKNOWN	240	T	0.986757795814	G	0.00479377284162	80	98	101	20790	21069	95169
UNKNOWN	241	C	0.989036024491	T	0.00749916939579	67	20838	6	158	21069	95169
UNKNOWN	242	A	0.980635056244	G	0.0111063648014	20661	110	234	64	21069	95169
UNKNOWN	243	G	0.895960890408	A	0.0649295173003	1368	675	18877	149	21069	95169
UNKNOWN	244	T	0.988276614932	C	0.00697707532394	13	147	87	20822	21069	95169
UNKNOWN	245	G	0.973088423751	A	0.0184631449048	389	91	20502	87	21069	95169
UNKNOWN	246	A	0.980207888367	G	0.01428639233	20652	78	301	38	21069	95169
UNKNOWN	247	G	0.947363424937	A	0.033841188476	713	296	19960	100	21069	95169
UNKNOWN	248	C	0.969671080735	T	0.017513882956	134	20430	136	369	21069	95169
UNKNOWN	249	A	0.984621956429	G	0.0125777208221	20745	52	265	7	21069	95169
UNKNOWN	250	G	0.983292989701	A	0.00711946461626	150	140	20717	62	21069	95169
UNKNOWN	251	C	0.988561393517	T	0.00522094071859	36	20828	95	110	21069	95169
UNKNOWN	252	G	0.986330627937	A	0.00949261948835	200	19	20781	69	21069	95169
UNKNOWN	253	T	0.991219326973	C	0.00484123593906	9	102	74	20884	21069	95169
UNKNOWN	254	G	0.959324125492	A	0.0274811334188	579	109	20212	169	21069	95169
UNKNOWN	255	A	0.981964022972	G	0.0109165124116	20689	97	230	53	21069	95169
UNKNOWN	256	C	0.988751245906	A	0.00455645735441	96	20832	56	85	21069	95169
UNKNOWN	257	A	0.972708718971	G	0.0176562722483	20494	131	372	72	21069	95169
UNKNOWN	258	A	0.595756799089	C	0.384071384499	12552	8092	338	87	21069	95169
UNKNOWN	259	C	0.947980445204	T	0.0246333475723	101	19973	476	519	21069	95169
UNKNOWN	260	T	0.956001708672	C	0.0262470928853	85	553	289	20142	21069	95169
UNKNOWN	261	G	0.988941098296	A	0.00802126346765	169	22	20836	42	21069	95169
UNKNOWN	262	A	0.987422279178	G	0.00821111585742	20804	82	173	10	21069	95169
UNKNOWN	263	G	0.957283212302	A	0.0231145284541	487	278	20169	135	21069	95169
UNKNOWN	264	G	0.987517205373	A	0.00882813612416	186	16	20806	61	21069	95169
UNKNOWN	265	A	0.98960558166	C	0.0065973705444	20850	139	59	21	21069	95169
UNKNOWN	266	C	0.979828183587	T	0.00963500878067	149	20644	73	203	21069	95169
UNKNOWN	267	A	0.976600692961	G	0.0114386064835	20576	68	241	184	21069	95169
UNKNOWN	268	C	0.990554843609	G	0.00379704779534	66	20870	80	53	21069	95169
UNKNOWN	269	G	0.978214438274	A	0.0159476007404	336	66	20610	57	21069	95169
UNKNOWN	270	G	0.989890360245	A	0.00393943708766	83	59	20856	71	21069	95169
UNKNOWN	271	C	0.991124400778	A	0.00560064549813	118	20882	47	22	21069	95169
UNKNOWN	272	C	0.984099862357	T	0.00802126346765	132	20734	34	169	21069	95169
UNKNOWN	273	A	0.98960558166	G	0.00474630974417	20850	63	100	56	21069	95169
UNKNOWN	274	C	0.98552375528	A	0.00844843134463	178	20764	32	95	21069	95169
UNKNOWN	275	A	0.970667805781	G	0.0189852389767	20451	104	400	114	21069	95169
UNKNOWN	276	T	0.989510655465	G	0.00465138354929	83	40	98	20848	21069	95169
UNKNOWN	277	A	0.990364991219	C	0.00617020266743	20866	130	52	21	21069	95169
UNKNOWN	278	C	0.913379847169	T	0.0832977360103	43	19244	27	1755	21069	95169
UNKNOWN	279	T	0.982153875362	G	0.00650244434952	104	135	137	20693	21069	95169
UNKNOWN	280	A	0.966253737719	T	0.0176562722483	20358	210	129	372	21069	95169
UNKNOWN	281	C	0.969291375955	T	0.0271963548341	34	20422	40	573	21069	95169
UNKNOWN	282	T	0.984621956429	G	0.0114386064835	60	23	241	20745	21069	95169
