Type	Position	Nucl1	Freq1	Nucl2	Freq2	NumAs	NumCs	NumGs	NumTs	NumAligned	NumNaive
UNKNOWN	0	C	1.0	A	0.0	0	19673	0	0	19673	95169
UNKNOWN	1	A	1.0	C	0.0	19673	0	0	0	19673	95169
UNKNOWN	2	G	1.0	A	0.0	0	0	19673	0	19673	95169
UNKNOWN	3	G	1.0	A	0.0	0	0	19673	0	19673	95169
UNKNOWN	4	T	1.0	A	0.0	0	0	0	19673	19673	95169
UNKNOWN	5	G	1.0	A	0.0	0	0	19673	0	19673	95169
UNKNOWN	6	C	1.0	A	0.0	0	19673	0	0	19673	95169
UNKNOWN	7	A	0.998068418645	G	0.00132160829563	19635	2	26	10	19673	95169
UNKNOWN	8	G	0.990748741931	A	0.00838712956844	165	16	19491	1	19673	95169
UNKNOWN	9	C	0.994154424846	T	0.00548975753571	0	19558	7	108	19673	95169
UNKNOWN	10	T	0.999034209322	C	0.000914959589285	1	18	0	19654	19673	95169
UNKNOWN	11	G	0.998322574086	A	0.0016265948254	32	1	19640	0	19673	95169
UNKNOWN	12	C	0.999339195852	T	0.00055914197123	0	19660	2	11	19673	95169
UNKNOWN	13	G	0.999288364764	A	0.000660804147817	13	1	19659	0	19673	95169
UNKNOWN	14	G	0.949219742795	C	0.0487470136736	36	959	18674	4	19673	95169
UNKNOWN	15	G	0.999491689117	C	0.000304986529762	3	6	19663	1	19673	95169
UNKNOWN	16	A	0.997509276674	G	0.00182991917857	19624	11	36	2	19673	95169
UNKNOWN	17	G	0.994764397906	A	0.0047272912113	93	9	19570	1	19673	95169
UNKNOWN	18	T	0.998068418645	C	0.00101662176587	2	20	16	19635	19673	95169
UNKNOWN	19	C	0.99969501347	T	0.000254155441468	0	19667	1	5	19673	95169
UNKNOWN	20	G	0.996441823819	A	0.00325318965079	64	6	19603	0	19673	95169
UNKNOWN	21	G	0.999186702587	C	0.00055914197123	4	11	19657	1	19673	95169
UNKNOWN	22	G	0.99939002694	A	0.000406648706349	8	4	19661	0	19673	95169
UNKNOWN	23	C	0.99939002694	T	0.000508310882936	1	19661	1	10	19673	95169
UNKNOWN	24	C	0.999593351294	T	0.000406648706349	0	19665	0	8	19673	95169
UNKNOWN	25	C	0.999593351294	T	0.000406648706349	0	19665	0	8	19673	95169
UNKNOWN	26	C	0.999644182382	A	0.000254155441468	5	19666	0	2	19673	95169
UNKNOWN	27	A	0.993188634169	G	0.00645554821329	19539	5	127	2	19673	95169
UNKNOWN	28	G	0.992832816551	A	0.00609973059523	120	14	19532	7	19673	95169
UNKNOWN	29	C	0.998475067351	T	0.00132160829563	3	19643	1	26	19673	95169
UNKNOWN	30	C	0.99939002694	T	0.00055914197123	1	19661	0	11	19673	95169
UNKNOWN	31	T	0.997356783409	C	0.00218573679662	1	43	8	19621	19673	95169
UNKNOWN	32	G	0.99613683729	A	0.00325318965079	64	7	19597	5	19673	95169
UNKNOWN	33	G	0.998830884969	A	0.000762466324404	15	3	19650	5	19673	95169
UNKNOWN	34	T	0.997458445585	C	0.00208407462004	1	41	8	19623	19673	95169
UNKNOWN	35	G	0.998322574086	A	0.00137243938393	27	6	19640	0	19673	95169
UNKNOWN	36	A	0.998170080821	G	0.00106745285417	19637	8	21	7	19673	95169
UNKNOWN	37	A	0.99583185076	G	0.00330402073908	19591	13	65	4	19673	95169
UNKNOWN	38	G	0.997865094292	A	0.00147410156051	29	6	19631	7	19673	95169
UNKNOWN	39	C	0.997560107762	T	0.00167742591369	3	19625	12	33	19673	95169
UNKNOWN	40	C	0.999644182382	T	0.000203324353174	3	19666	0	4	19673	95169
UNKNOWN	41	C	0.999034209322	T	0.00055914197123	0	19654	8	11	19673	95169
UNKNOWN	42	T	0.997153459056	C	0.00223656788492	2	44	10	19617	19673	95169
UNKNOWN	43	C	0.999440858029	A	0.000254155441468	5	19662	1	5	19673	95169
UNKNOWN	44	A	0.99761093885	G	0.00172825700198	19626	10	34	3	19673	95169
UNKNOWN	45	C	0.996645148173	G	0.00269404767956	6	19607	53	7	19673	95169
UNKNOWN	46	A	0.998170080821	G	0.00132160829563	19637	10	26	0	19673	95169
UNKNOWN	47	G	0.993646113963	A	0.00579474406547	114	8	19548	3	19673	95169
UNKNOWN	48	A	0.997102627967	G	0.00172825700198	19616	19	34	4	19673	95169
UNKNOWN	49	C	0.998627560616	G	0.00071163523611	3	19646	14	10	19673	95169
UNKNOWN	50	C	0.997814263203	T	0.00116911503075	7	19630	13	23	19673	95169
UNKNOWN	51	C	0.999288364764	T	0.000660804147817	0	19659	1	13	19673	95169
UNKNOWN	52	T	0.996695979261	C	0.00289737203274	3	57	5	19608	19673	95169
UNKNOWN	53	C	0.999288364764	T	0.000457479794642	0	19659	5	9	19673	95169
UNKNOWN	54	T	0.997661769938	C	0.00167742591369	10	33	3	19627	19673	95169
UNKNOWN	55	C	0.999034209322	T	0.000508310882936	6	19654	3	10	19673	95169
UNKNOWN	56	C	0.998576729528	T	0.000965790677578	3	19645	6	19	19673	95169
UNKNOWN	57	C	0.997000965791	G	0.00228739897321	7	19614	45	7	19673	95169
UNKNOWN	58	T	0.997204290144	C	0.0023890611498	3	47	5	19618	19673	95169
UNKNOWN	59	C	0.998780053881	T	0.00071163523611	8	19649	2	14	19673	95169
UNKNOWN	60	A	0.99730595232	G	0.0016265948254	19620	19	32	2	19673	95169
UNKNOWN	61	C	0.99822091191	T	0.000864128500991	1	19638	17	17	19673	95169
UNKNOWN	62	C	0.999034209322	T	0.000660804147817	1	19654	5	13	19673	95169
UNKNOWN	63	T	0.99822091191	C	0.00106745285417	3	21	11	19638	19673	95169
UNKNOWN	64	G	0.999440858029	C	0.000355817618055	4	7	19662	0	19673	95169
UNKNOWN	65	C	0.997763432115	T	0.00188075026686	7	19629	0	37	19673	95169
UNKNOWN	66	A	0.997661769938	C	0.000965790677578	19627	19	18	9	19673	95169
UNKNOWN	67	C	0.997000965791	G	0.00147410156051	3	19614	29	27	19673	95169
UNKNOWN	68	G	0.992324505668	A	0.00548975753571	108	26	19522	17	19673	95169
UNKNOWN	69	A	0.852691506125	G	0.141869567427	16775	95	2791	12	19673	95169
UNKNOWN	70	T	0.990291262136	C	0.00925125806944	2	182	7	19482	19673	95169
UNKNOWN	71	C	0.985767295278	T	0.0063538860367	71	19393	84	125	19673	95169
UNKNOWN	72	T	0.99761093885	C	0.00208407462004	2	41	4	19626	19673	95169
UNKNOWN	73	C	0.998678391704	T	0.000660804147817	10	19647	3	13	19673	95169
UNKNOWN	74	T	0.992883647639	C	0.00360900726885	1	71	68	19533	19673	95169
UNKNOWN	75	G	0.997356783409	A	0.00243989223809	48	2	19621	2	19673	95169
UNKNOWN	76	G	0.998983378234	A	0.000864128500991	17	2	19653	1	19673	95169
UNKNOWN	77	A	0.99374777614	C	0.00279570985615	19550	55	42	26	19673	95169
UNKNOWN	78	T	0.993595282875	C	0.00310069638591	34	61	31	19547	19673	95169
UNKNOWN	79	T	0.996848472526	C	0.00249072332639	3	49	10	19611	19673	95169
UNKNOWN	80	C	0.995679357495	T	0.00340568291567	5	19588	13	67	19673	95169
UNKNOWN	81	T	0.994561073553	C	0.00457479794642	3	90	14	19566	19673	95169
UNKNOWN	82	C	0.998627560616	T	0.000864128500991	10	19646	0	17	19673	95169
UNKNOWN	83	A	0.996899303614	G	0.00142327047222	19612	16	28	17	19673	95169
UNKNOWN	84	T	0.984903166777	C	0.0140802114573	11	277	9	19376	19673	95169
UNKNOWN	85	T	0.998627560616	G	0.000762466324404	4	8	15	19646	19673	95169
UNKNOWN	86	G	0.988410511869	A	0.0104712041885	206	4	19445	18	19673	95169
UNKNOWN	87	A	0.992476998933	G	0.00447313576984	19525	34	88	26	19673	95169
UNKNOWN	88	G	0.965994001932	A	0.0240431047629	473	188	19004	8	19673	95169
UNKNOWN	89	C	0.972093732527	T	0.0184008539623	69	19124	118	362	19673	95169
UNKNOWN	90	A	0.992222843491	G	0.00604889950694	19520	30	119	4	19673	95169
UNKNOWN	91	G	0.929649773802	A	0.0530676561785	1044	217	18289	123	19673	95169
UNKNOWN	92	C	0.968993036141	T	0.015401819753	88	19063	219	303	19673	95169
UNKNOWN	93	T	0.98032836883	A	0.00803131195039	158	133	96	19286	19673	95169
UNKNOWN	94	A	0.986021450719	C	0.00574391297718	19398	113	90	72	19673	95169
UNKNOWN	95	T	0.992273674579	C	0.00391399379861	13	77	62	19521	19673	95169
UNKNOWN	96	G	0.898642809943	A	0.0698927464037	1375	162	17679	457	19673	95169
UNKNOWN	97	C	0.880699435775	G	0.0880902760128	356	17326	1733	258	19673	95169
UNKNOWN	98	T	0.994611904641	C	0.0032023585625	8	63	35	19567	19673	95169
UNKNOWN	99	G	0.982564936715	A	0.0152493264881	300	9	19330	34	19673	95169
UNKNOWN	100	T	0.997407614497	C	0.00147410156051	12	29	10	19622	19673	95169
UNKNOWN	101	A	0.982666598892	G	0.00996289330555	19332	73	196	72	19673	95169
UNKNOWN	102	G	0.949728053678	A	0.0458496416408	902	61	18684	26	19673	95169
UNKNOWN	103	G	0.938901031871	A	0.0326843897728	643	332	18471	227	19673	95169
UNKNOWN	104	C	0.991409546078	G	0.00442230468154	16	19504	87	66	19673	95169
UNKNOWN	105	T	0.998068418645	G	0.000965790677578	1	18	19	19635	19673	95169
UNKNOWN	106	G	0.999542520205	A	0.000152493264881	3	3	19664	3	19673	95169
UNKNOWN	107	G	0.999085040411	T	0.000457479794642	7	2	19655	9	19673	95169
UNKNOWN	108	G	0.980023382301	A	0.0153001575764	301	69	19280	23	19673	95169
UNKNOWN	109	T	0.996950134702	C	0.00249072332639	4	49	7	19613	19673	95169
UNKNOWN	110	C	0.998881716058	T	0.00071163523611	6	19651	2	14	19673	95169
UNKNOWN	111	C	0.998525898439	G	0.000762466324404	1	19644	15	13	19673	95169
UNKNOWN	112	G	0.998322574086	C	0.00101662176587	11	20	19640	2	19673	95169
UNKNOWN	113	C	0.999085040411	T	0.000660804147817	5	19655	0	13	19673	95169
UNKNOWN	114	C	0.998932547146	A	0.000813297412698	16	19652	3	2	19673	95169
UNKNOWN	115	A	0.994510242464	G	0.00457479794642	19565	11	90	7	19673	95169
UNKNOWN	116	G	0.996746810349	A	0.00264321659127	52	5	19609	7	19673	95169
UNKNOWN	117	G	0.981040004066	A	0.0149951710466	295	73	19300	5	19673	95169
UNKNOWN	118	C	0.9952218777	G	0.00218573679662	11	19579	43	40	19673	95169
UNKNOWN	119	T	0.993849438316	C	0.00350734509226	17	69	35	19552	19673	95169
UNKNOWN	120	C	0.998119249733	T	0.00101662176587	11	19636	6	20	19673	95169
UNKNOWN	121	C	0.998830884969	A	0.000864128500991	17	19650	2	4	19673	95169
UNKNOWN	122	A	0.993188634169	G	0.00599806841864	19539	14	118	2	19673	95169
UNKNOWN	123	G	0.998830884969	C	0.000762466324404	4	15	19650	4	19673	95169
UNKNOWN	124	G	0.997712601027	A	0.00177908809028	35	7	19628	3	19673	95169
UNKNOWN	125	G	0.991307883902	A	0.00803131195039	158	9	19502	4	19673	95169
UNKNOWN	126	A	0.997509276674	G	0.0015757637371	19624	15	31	3	19673	95169
UNKNOWN	127	A	0.994408580288	G	0.00523560209424	19563	6	103	1	19673	95169
UNKNOWN	128	G	0.99822091191	A	0.00152493264881	30	4	19638	1	19673	95169
UNKNOWN	129	G	0.989732120165	A	0.00737050780257	145	54	19471	3	19673	95169
UNKNOWN	130	C	0.998170080821	G	0.00101662176587	4	19637	20	12	19673	95169
UNKNOWN	131	G	0.986072281808	A	0.0111320083363	219	44	19399	11	19673	95169
UNKNOWN	132	C	0.991155390637	T	0.00691302800793	17	19499	21	136	19673	95169
UNKNOWN	133	T	0.992324505668	C	0.00594723733035	4	117	30	19522	19673	95169
UNKNOWN	134	G	0.96990799573	A	0.0228739897321	450	29	19081	113	19673	95169
UNKNOWN	135	G	0.995069384436	C	0.00274487876785	43	54	19576	0	19673	95169
UNKNOWN	136	A	0.995476033142	G	0.00304986529762	19584	23	60	6	19673	95169
UNKNOWN	137	G	0.937172774869	A	0.0581507650079	1144	53	18437	39	19673	95169
UNKNOWN	138	T	0.995882681848	G	0.00177908809028	14	32	35	19592	19673	95169
UNKNOWN	139	G	0.958725156306	A	0.0307019773293	604	33	18861	175	19673	95169
UNKNOWN	140	T	0.941747572816	C	0.0343618156865	9	676	461	18527	19673	95169
UNKNOWN	141	C	0.97854928074	G	0.0172317389315	44	19251	339	39	19673	95169
UNKNOWN	142	T	0.997407614497	G	0.00147410156051	5	17	29	19622	19673	95169
UNKNOWN	143	T	0.956081939714	C	0.0329893763025	31	649	184	18809	19673	95169
UNKNOWN	144	G	0.994764397906	A	0.00437147359325	86	2	19570	15	19673	95169
UNKNOWN	145	G	0.991104559549	C	0.00767549433233	4	151	19498	20	19673	95169
UNKNOWN	146	T	0.981395821685	G	0.00762466324404	95	121	150	19307	19673	95169
UNKNOWN	147	G	0.862146088548	A	0.11467493519	2256	113	16961	343	19673	95169
UNKNOWN	148	G	0.909927311544	A	0.0509835815585	1003	338	17901	431	19673	95169
UNKNOWN	149	T	0.963249123164	C	0.0160626239008	180	316	227	18950	19673	95169
UNKNOWN	150	A	0.963503278605	G	0.0342093224216	18955	16	673	29	19673	95169
UNKNOWN	151	T	0.994357749199	G	0.00228739897321	25	41	45	19562	19673	95169
UNKNOWN	152	A	0.963096629899	T	0.0190616581101	18947	169	182	375	19673	95169
UNKNOWN	153	A	0.94012097799	G	0.0532709805317	18495	80	1048	50	19673	95169
UNKNOWN	154	G	0.88085192904	A	0.0858028770396	1688	500	17329	156	19673	95169
UNKNOWN	155	T	0.957606872363	C	0.0290245514156	122	571	141	18839	19673	95169
UNKNOWN	156	A	0.846795099883	G	0.13673562751	16659	283	2690	41	19673	95169
UNKNOWN	157	G	0.909520662837	C	0.0377674986021	739	743	17893	298	19673	95169
UNKNOWN	158	T	0.971636252732	G	0.0158084684593	118	129	311	19115	19673	95169
UNKNOWN	159	G	0.801250444772	A	0.164794388248	3242	492	15763	176	19673	95169
UNKNOWN	160	G	0.864433487521	A	0.0894118843084	1759	752	17006	156	19673	95169
UNKNOWN	161	T	0.963249123164	A	0.0157068062827	309	158	256	18950	19673	95169
UNKNOWN	162	G	0.993290296345	A	0.00604889950694	119	8	19541	5	19673	95169
UNKNOWN	163	G	0.993239465257	A	0.00447313576984	88	24	19540	21	19673	95169
UNKNOWN	164	A	0.963045798811	G	0.0313627814772	18946	62	617	48	19673	95169
UNKNOWN	165	A	0.92909063183	G	0.0536267981497	18278	164	1055	176	19673	95169
UNKNOWN	166	G	0.662735729172	A	0.191124891984	3760	1635	13038	1240	19673	95169
UNKNOWN	167	C	0.903420932242	T	0.0372591877192	585	17773	582	733	19673	95169
UNKNOWN	168	A	0.972042901439	G	0.0222131855843	19123	88	437	25	19673	95169
UNKNOWN	169	C	0.977329334621	T	0.0132160829563	94	19227	92	260	19673	95169
UNKNOWN	170	A	0.985919788543	G	0.0079296497738	19396	49	156	72	19673	95169
UNKNOWN	171	G	0.962029177045	A	0.0220098612311	433	176	18926	138	19673	95169
UNKNOWN	172	G	0.839017943374	A	0.107914400447	2123	720	16506	324	19673	95169
UNKNOWN	173	C	0.979311747065	G	0.0116911503075	41	19266	230	136	19673	95169
UNKNOWN	174	T	0.989528795812	G	0.00386316271031	56	74	76	19467	19673	95169
UNKNOWN	175	A	0.992934478727	T	0.00538809535912	19534	18	15	106	19673	95169
UNKNOWN	176	T	0.986631423779	C	0.0109286839831	40	215	8	19410	19673	95169
UNKNOWN	177	A	0.992578661109	C	0.00538809535912	19527	106	32	8	19673	95169
UNKNOWN	178	A	0.994510242464	G	0.00279570985615	19565	46	55	7	19673	95169
UNKNOWN	179	C	0.917653636964	T	0.0715193412291	84	18053	129	1407	19673	95169
UNKNOWN	180	C	0.966603974991	T	0.0167742591369	56	19016	271	330	19673	95169
UNKNOWN	181	C	0.989732120165	A	0.00569308188888	112	19471	41	49	19673	95169
UNKNOWN	182	A	0.984598180247	G	0.00762466324404	19370	123	150	30	19673	95169
UNKNOWN	183	G	0.988308849692	A	0.00706552127281	139	63	19443	28	19673	95169
UNKNOWN	184	C	0.992172012403	T	0.00487978447619	28	19519	30	96	19673	95169
UNKNOWN	185	C	0.995984344025	T	0.00208407462004	19	19594	19	41	19673	95169
UNKNOWN	186	C	0.997255121232	T	0.00172825700198	14	19619	6	34	19673	95169
UNKNOWN	187	T	0.99613683729	G	0.00193158135516	22	16	38	19597	19673	95169
UNKNOWN	188	G	0.990697910842	A	0.00670970365476	132	19	19490	32	19673	95169
UNKNOWN	189	A	0.993951100493	C	0.00259238550297	19554	51	46	22	19673	95169
UNKNOWN	190	A	0.992222843491	G	0.00345651400396	19520	52	68	33	19673	95169
UNKNOWN	191	A	0.992476998933	G	0.0031515274742	19525	47	62	39	19673	95169
UNKNOWN	192	T	0.988867991664	C	0.00594723733035	32	117	70	19454	19673	95169
UNKNOWN	193	C	0.9895796269	T	0.00609973059523	63	19468	22	120	19673	95169
UNKNOWN	194	C	0.994561073553	T	0.00259238550297	34	19566	22	51	19673	95169
UNKNOWN	195	C	0.996645148173	G	0.00193158135516	16	19607	38	12	19673	95169
UNKNOWN	196	G	0.996492654908	A	0.00177908809028	35	12	19604	22	19673	95169
UNKNOWN	197	G	0.953286229858	A	0.0377674986021	743	131	18754	45	19673	95169
UNKNOWN	198	C	0.994205255935	T	0.00254155441468	36	19559	28	50	19673	95169
UNKNOWN	199	T	0.99552686423	C	0.00284654094444	11	56	21	19585	19673	95169
UNKNOWN	200	C	0.995323539877	T	0.00218573679662	40	19581	9	43	19673	95169
UNKNOWN	201	A	0.994408580288	G	0.00371066944543	19563	35	73	2	19673	95169
UNKNOWN	202	G	0.9791592538	C	0.00864128500991	119	170	19263	121	19673	95169
UNKNOWN	203	C	0.965790677578	T	0.0223148477609	117	19000	117	439	19673	95169
UNKNOWN	204	A	0.985716464189	G	0.0110303461597	19392	11	217	53	19673	95169
UNKNOWN	205	T	0.994154424846	C	0.00381233162202	24	75	16	19558	19673	95169
UNKNOWN	206	C	0.992121181314	T	0.00528643318253	48	19518	3	104	19673	95169
UNKNOWN	207	A	0.991257052814	G	0.00391399379861	19501	60	77	35	19673	95169
UNKNOWN	208	C	0.991257052814	T	0.00416814924008	41	19501	49	82	19673	95169
UNKNOWN	209	C	0.972449550145	T	0.0116911503075	129	19131	183	230	19673	95169
UNKNOWN	210	A	0.992273674579	C	0.00437147359325	19521	86	58	8	19673	95169
UNKNOWN	211	A	0.983683220658	G	0.013673562751	19352	28	269	24	19673	95169
UNKNOWN	212	G	0.989630457988	A	0.00737050780257	145	50	19469	9	19673	95169
UNKNOWN	213	G	0.992019519138	A	0.00655721038987	129	20	19516	8	19673	95169
UNKNOWN	214	A	0.995577695318	C	0.00233823006151	19586	46	28	13	19673	95169
UNKNOWN	215	C	0.988156356428	T	0.00650637930158	47	19440	58	128	19673	95169
UNKNOWN	216	A	0.989427133635	G	0.00604889950694	19465	28	119	61	19673	95169
UNKNOWN	217	A	0.983886545011	C	0.00813297412698	19356	160	135	22	19673	95169
UNKNOWN	218	C	0.979210084888	T	0.0169775834901	4	19264	71	334	19673	95169
UNKNOWN	219	T	0.990697910842	C	0.00391399379861	63	77	43	19490	19673	95169
UNKNOWN	220	C	0.991155390637	T	0.00503227774107	69	19499	6	99	19673	95169
UNKNOWN	221	C	0.991765363696	T	0.0032023585625	47	19511	52	63	19673	95169
UNKNOWN	222	A	0.991104559549	C	0.00564225080059	19498	111	59	5	19673	95169
UNKNOWN	223	A	0.989477964723	G	0.00894627153967	19466	24	176	7	19673	95169
UNKNOWN	224	G	0.991409546078	A	0.00457479794642	90	60	19504	19	19673	95169
UNKNOWN	225	A	0.989376302547	G	0.00670970365476	19464	63	132	14	19673	95169
UNKNOWN	226	G	0.967722258934	A	0.0266863213541	525	94	19038	16	19673	95169
UNKNOWN	227	C	0.962029177045	T	0.0334468560972	42	18926	47	658	19673	95169
UNKNOWN	228	C	0.990189599959	G	0.00574391297718	68	19480	113	12	19673	95169
UNKNOWN	229	A	0.993951100493	G	0.00350734509226	19554	26	69	24	19673	95169
UNKNOWN	230	A	0.966197326285	G	0.0311086260357	19008	34	612	19	19673	95169
UNKNOWN	231	G	0.976211050679	A	0.0132669140446	261	105	19205	102	19673	95169
UNKNOWN	232	T	0.993239465257	C	0.00493061556448	15	97	21	19540	19673	95169
UNKNOWN	233	C	0.975092766736	T	0.0130635896915	8	19183	225	257	19673	95169
UNKNOWN	234	T	0.988715498399	C	0.00584557515376	47	115	60	19451	19673	95169
UNKNOWN	235	C	0.993341127434	T	0.00482895338789	29	19542	7	95	19673	95169
UNKNOWN	236	T	0.988613836222	C	0.00721801453769	11	142	71	19449	19673	95169
UNKNOWN	237	C	0.993391958522	T	0.00457479794642	7	19543	33	90	19673	95169
UNKNOWN	238	T	0.995069384436	G	0.00259238550297	7	39	51	19576	19673	95169
UNKNOWN	239	G	0.965384028872	A	0.0257205306766	506	66	18992	109	19673	95169
UNKNOWN	240	T	0.987241396838	G	0.00701469018452	38	75	138	19422	19673	95169
UNKNOWN	241	C	0.988410511869	T	0.00620139277182	101	19445	5	122	19673	95169
UNKNOWN	242	A	0.977430996798	G	0.0100645554821	19229	155	198	91	19673	95169
UNKNOWN	243	G	0.887612463783	C	0.0619630966299	822	1219	17462	170	19673	95169
UNKNOWN	244	T	0.994459411376	G	0.00304986529762	13	36	60	19564	19673	95169
UNKNOWN	245	G	0.974736949118	A	0.019214151375	378	52	19176	67	19673	95169
UNKNOWN	246	A	0.986478930514	G	0.00945458242261	19407	73	186	7	19673	95169
UNKNOWN	247	G	0.957047730392	A	0.032023585625	630	159	18828	56	19673	95169
UNKNOWN	248	C	0.972856198851	T	0.0159609617242	142	19139	78	314	19673	95169
UNKNOWN	249	A	0.99105372846	G	0.00721801453769	19497	30	142	4	19673	95169
UNKNOWN	250	G	0.992781985462	C	0.00386316271031	47	76	19531	19	19673	95169
UNKNOWN	251	C	0.989071316017	T	0.00650637930158	20	19458	67	128	19673	95169
UNKNOWN	252	G	0.991155390637	A	0.005540588624	109	15	19499	50	19673	95169
UNKNOWN	253	T	0.991562039343	C	0.00503227774107	9	99	58	19507	19673	95169
UNKNOWN	254	G	0.949423067148	A	0.0374625120724	737	102	18678	156	19673	95169
UNKNOWN	255	A	0.983530727393	G	0.00838712956844	19349	64	165	95	19673	95169
UNKNOWN	256	C	0.98302241651	G	0.00884460936309	60	19339	174	100	19673	95169
UNKNOWN	257	A	0.973059523204	G	0.0210949016418	19143	78	415	37	19673	95169
UNKNOWN	258	A	0.893203883495	C	0.0877344583948	17572	1726	325	50	19673	95169
UNKNOWN	259	C	0.947999796676	G	0.0247039089107	101	18650	486	436	19673	95169
UNKNOWN	260	T	0.967010623697	C	0.0202816042291	31	399	219	19024	19673	95169
UNKNOWN	261	G	0.990901235195	A	0.00655721038987	129	13	19494	37	19673	95169
UNKNOWN	262	A	0.990392924313	G	0.00604889950694	19484	62	119	8	19673	95169
UNKNOWN	263	G	0.957352716922	A	0.0239922736746	472	262	18834	105	19673	95169
UNKNOWN	264	G	0.992222843491	A	0.00543892644742	107	13	19520	33	19673	95169
UNKNOWN	265	A	0.990799573019	C	0.00630305494841	19492	124	46	11	19673	95169
UNKNOWN	266	C	0.984598180247	T	0.00838712956844	98	19370	40	165	19673	95169
UNKNOWN	267	A	0.984649011335	G	0.00879377827479	19371	48	173	81	19673	95169
UNKNOWN	268	C	0.993391958522	G	0.00284654094444	44	19543	56	30	19673	95169
UNKNOWN	269	G	0.986733085955	A	0.00777715650892	153	59	19412	49	19673	95169
UNKNOWN	270	G	0.992070350226	A	0.00299903420932	59	50	19517	47	19673	95169
UNKNOWN	271	C	0.991562039343	A	0.00523560209424	103	19507	50	13	19673	95169
UNKNOWN	272	C	0.990952066284	A	0.00462562903472	91	19495	34	53	19673	95169
UNKNOWN	273	A	0.992731154374	G	0.00345651400396	19530	47	68	28	19673	95169
UNKNOWN	274	C	0.987241396838	T	0.00533726427083	101	19422	45	105	19673	95169
UNKNOWN	275	A	0.975245260001	G	0.0124027855436	19186	165	244	78	19673	95169
UNKNOWN	276	T	0.992273674579	A	0.00335485182738	66	34	52	19521	19673	95169
UNKNOWN	277	A	0.991104559549	C	0.00528643318253	19498	104	47	24	19673	95169
UNKNOWN	278	C	0.956437757332	T	0.0403598841051	39	18816	24	794	19673	95169
UNKNOWN	279	T	0.988817160575	G	0.00437147359325	60	74	86	19453	19673	95169
UNKNOWN	280	A	0.976516037208	T	0.0114369948661	19211	144	93	225	19673	95169
UNKNOWN	281	C	0.975499415442	T	0.0213490570833	35	19191	27	420	19673	95169
UNKNOWN	282	T	0.988054694251	G	0.00838712956844	36	34	165	19438	19673	95169
