Type	Position	Nucl1	Freq1	Nucl2	Freq2	NumAs	NumCs	NumGs	NumTs	NumAligned	NumNaive
UNKNOWN	0	C	1.0	A	0.0	0	9252	0	0	9252	129365
UNKNOWN	1	A	1.0	C	0.0	9252	0	0	0	9252	129365
UNKNOWN	2	G	1.0	A	0.0	0	0	9252	0	9252	129365
UNKNOWN	3	G	1.0	A	0.0	0	0	9252	0	9252	129365
UNKNOWN	4	T	1.0	A	0.0	0	0	0	9252	9252	129365
UNKNOWN	5	G	1.0	A	0.0	0	0	9252	0	9252	129365
UNKNOWN	6	C	1.0	A	0.0	0	9252	0	0	9252	129365
UNKNOWN	7	A	0.997297881539	G	0.00194552529183	9227	1	18	6	9252	129365
UNKNOWN	8	G	0.993839169909	A	0.0046476437527	43	14	9195	0	9252	129365
UNKNOWN	9	C	0.998270644185	T	0.00108084738435	0	9236	6	10	9252	129365
UNKNOWN	10	T	0.9985948984	C	0.00140510159965	0	13	0	9239	9252	129365
UNKNOWN	11	G	0.9985948984	A	0.00118893212278	11	2	9239	0	9252	129365
UNKNOWN	12	C	0.999783830523	T	0.000108084738435	0	9250	1	1	9252	129365
UNKNOWN	13	G	0.998919152616	A	0.000972762645914	9	0	9242	1	9252	129365
UNKNOWN	14	G	0.905317769131	C	0.0936013834847	9	866	8376	1	9252	129365
UNKNOWN	15	G	0.999783830523	A	0.00021616947687	2	0	9250	0	9252	129365
UNKNOWN	16	A	0.997297881539	G	0.00172935581496	9227	8	16	1	9252	129365
UNKNOWN	17	G	0.996325118893	A	0.00345871162992	32	2	9218	0	9252	129365
UNKNOWN	18	T	0.997189796801	C	0.00194552529183	1	18	7	9226	9252	129365
UNKNOWN	19	C	0.999351491569	T	0.000540423692175	1	9246	0	5	9252	129365
UNKNOWN	20	G	0.997405966278	A	0.002485948984	23	1	9228	0	9252	129365
UNKNOWN	21	G	0.999351491569	C	0.00043233895374	1	4	9246	1	9252	129365
UNKNOWN	22	G	0.999567661046	A	0.00021616947687	2	1	9248	1	9252	129365
UNKNOWN	23	C	0.999027237354	T	0.000972762645914	0	9243	0	9	9252	129365
UNKNOWN	24	C	0.999351491569	T	0.000540423692175	0	9246	1	5	9252	129365
UNKNOWN	25	C	0.999783830523	A	0.000108084738435	1	9250	0	1	9252	129365
UNKNOWN	26	C	0.999351491569	A	0.00043233895374	4	9246	0	2	9252	129365
UNKNOWN	27	A	0.998378728923	G	0.00140510159965	9237	2	13	0	9252	129365
UNKNOWN	28	G	0.994055339386	A	0.00356679636835	33	20	9197	2	9252	129365
UNKNOWN	29	C	0.999135322093	T	0.000756593169045	1	9244	0	7	9252	129365
UNKNOWN	30	C	0.999675745785	T	0.000324254215305	0	9249	0	3	9252	129365
UNKNOWN	31	T	0.998162559447	C	0.000972762645914	4	9	4	9235	9252	129365
UNKNOWN	32	G	0.998162559447	A	0.00108084738435	10	2	9235	5	9252	129365
UNKNOWN	33	G	0.997838305231	A	0.000972762645914	9	8	9232	3	9252	129365
UNKNOWN	34	T	0.997189796801	C	0.00172935581496	4	16	6	9226	9252	129365
UNKNOWN	35	G	0.998486813662	A	0.000864677907479	8	4	9238	2	9252	129365
UNKNOWN	36	A	0.998378728923	C	0.000972762645914	9237	9	5	1	9252	129365
UNKNOWN	37	A	0.993298746217	G	0.00562040639862	9190	9	52	1	9252	129365
UNKNOWN	38	G	0.998486813662	A	0.000972762645914	9	4	9238	1	9252	129365
UNKNOWN	39	C	0.999027237354	T	0.000864677907479	0	9243	1	8	9252	129365
UNKNOWN	40	C	0.999459576308	T	0.00043233895374	0	9247	1	4	9252	129365
UNKNOWN	41	C	0.99654128837	G	0.00291828793774	1	9220	27	4	9252	129365
UNKNOWN	42	T	0.997297881539	C	0.00183744055339	2	17	6	9227	9252	129365
UNKNOWN	43	C	0.999567661046	A	0.000324254215305	3	9248	1	0	9252	129365
UNKNOWN	44	A	0.997189796801	G	0.00162127107652	9226	10	15	1	9252	129365
UNKNOWN	45	C	0.998486813662	G	0.000756593169045	3	9238	7	4	9252	129365
UNKNOWN	46	A	0.997838305231	G	0.00205361003026	9232	1	19	0	9252	129365
UNKNOWN	47	G	0.99794638997	A	0.00194552529183	18	1	9233	0	9252	129365
UNKNOWN	48	A	0.997297881539	G	0.00172935581496	9227	7	16	2	9252	129365
UNKNOWN	49	C	0.999027237354	T	0.00043233895374	2	9243	3	4	9252	129365
UNKNOWN	50	C	0.999135322093	G	0.000540423692175	0	9244	5	3	9252	129365
UNKNOWN	51	C	0.999135322093	T	0.000756593169045	1	9244	0	7	9252	129365
UNKNOWN	52	T	0.996325118893	C	0.00345871162992	1	32	1	9218	9252	129365
UNKNOWN	53	C	0.999135322093	T	0.000864677907479	0	9244	0	8	9252	129365
UNKNOWN	54	T	0.996973627324	C	0.0021616947687	1	20	7	9224	9252	129365
UNKNOWN	55	C	0.999027237354	T	0.000540423692175	4	9243	0	5	9252	129365
UNKNOWN	56	C	0.998054474708	G	0.000972762645914	5	9234	9	4	9252	129365
UNKNOWN	57	C	0.998378728923	G	0.00129701686122	0	9237	12	3	9252	129365
UNKNOWN	58	T	0.998054474708	C	0.00194552529183	0	18	0	9234	9252	129365
UNKNOWN	59	C	0.998702983139	A	0.000756593169045	7	9240	1	4	9252	129365
UNKNOWN	60	A	0.997622135754	C	0.00108084738435	9230	10	10	2	9252	129365
UNKNOWN	61	C	0.997297881539	T	0.00151318633809	4	9227	7	14	9252	129365
UNKNOWN	62	C	0.995784695201	T	0.00378296584522	3	9213	1	35	9252	129365
UNKNOWN	63	T	0.998486813662	C	0.00108084738435	1	10	3	9238	9252	129365
UNKNOWN	64	G	0.999567661046	C	0.00043233895374	0	4	9248	0	9252	129365
UNKNOWN	65	C	0.99794638997	T	0.00162127107652	4	9233	0	15	9252	129365
UNKNOWN	66	A	0.995244271509	G	0.00302637267618	9208	5	28	11	9252	129365
UNKNOWN	67	C	0.997081712062	T	0.00162127107652	3	9225	9	15	9252	129365
UNKNOWN	68	G	0.991353220925	A	0.00767401642888	71	4	9172	5	9252	129365
UNKNOWN	69	A	0.803285776048	G	0.193687851275	7432	22	1792	6	9252	129365
UNKNOWN	70	T	0.99243406831	C	0.00734976221358	0	68	2	9182	9252	129365
UNKNOWN	71	C	0.990488543018	T	0.00453955901427	13	9164	33	42	9252	129365
UNKNOWN	72	T	0.997405966278	C	0.00237786424557	0	22	2	9228	9252	129365
UNKNOWN	73	C	0.999027237354	T	0.000540423692175	4	9243	0	5	9252	129365
UNKNOWN	74	T	0.99243406831	C	0.00497189796801	9	46	15	9182	9252	129365
UNKNOWN	75	G	0.998486813662	A	0.000972762645914	9	3	9238	2	9252	129365
UNKNOWN	76	G	0.9985948984	A	0.00140510159965	13	0	9239	0	9252	129365
UNKNOWN	77	A	0.993190661479	G	0.00410722006053	9189	14	38	11	9252	129365
UNKNOWN	78	T	0.996108949416	C	0.00183744055339	4	17	15	9216	9252	129365
UNKNOWN	79	T	0.997514051016	C	0.00226977950713	1	21	1	9229	9252	129365
UNKNOWN	80	C	0.99654128837	T	0.00291828793774	0	9220	5	27	9252	129365
UNKNOWN	81	T	0.995784695201	C	0.00378296584522	2	35	2	9213	9252	129365
UNKNOWN	82	C	0.997622135754	T	0.00151318633809	6	9230	2	14	9252	129365
UNKNOWN	83	A	0.990488543018	G	0.00486381322957	9164	28	45	15	9252	129365
UNKNOWN	84	T	0.989191526157	C	0.00994379593601	1	92	7	9152	9252	129365
UNKNOWN	85	T	0.99794638997	C	0.00140510159965	0	13	6	9233	9252	129365
UNKNOWN	86	G	0.991461305664	A	0.00821444012105	76	1	9173	2	9252	129365
UNKNOWN	87	A	0.994595763078	G	0.00410722006053	9202	12	38	0	9252	129365
UNKNOWN	88	G	0.978274967575	A	0.014159100735	131	59	9051	11	9252	129365
UNKNOWN	89	C	0.977734543882	T	0.0180501513186	20	9046	19	167	9252	129365
UNKNOWN	90	A	0.991569390402	G	0.00475572849114	9174	33	44	1	9252	129365
UNKNOWN	91	G	0.943687851275	A	0.0399913532209	370	103	8731	48	9252	129365
UNKNOWN	92	C	0.978491137051	T	0.0135105923044	29	9053	45	125	9252	129365
UNKNOWN	93	T	0.978383052313	A	0.00843060959792	78	52	70	9052	9252	129365
UNKNOWN	94	A	0.982490272374	C	0.00778210116732	9090	72	41	49	9252	129365
UNKNOWN	95	T	0.991137051448	C	0.00518806744488	8	48	26	9170	9252	129365
UNKNOWN	96	G	0.913748378729	A	0.0619325551232	573	81	8454	144	9252	129365
UNKNOWN	97	C	0.846843925638	G	0.105490704712	280	7835	976	161	9252	129365
UNKNOWN	98	T	0.991785559879	C	0.00486381322957	4	45	27	9176	9252	129365
UNKNOWN	99	G	0.983895373973	A	0.0148076091656	137	2	9103	10	9252	129365
UNKNOWN	100	T	0.99794638997	C	0.00151318633809	4	14	1	9233	9252	129365
UNKNOWN	101	A	0.979896238651	G	0.00983571119758	9066	31	91	64	9252	129365
UNKNOWN	102	G	0.915801988759	A	0.0791180285344	732	14	8473	33	9252	129365
UNKNOWN	103	G	0.934068309555	A	0.0397751837441	368	179	8642	63	9252	129365
UNKNOWN	104	C	0.994379593601	T	0.00281020319931	2	9200	24	26	9252	129365
UNKNOWN	105	T	0.998378728923	G	0.000972762645914	0	6	9	9237	9252	129365
UNKNOWN	106	G	0.999675745785	A	0.000324254215305	3	0	9249	0	9252	129365
UNKNOWN	107	G	0.999027237354	A	0.000540423692175	5	1	9243	3	9252	129365
UNKNOWN	108	G	0.95514483355	A	0.0398832684825	369	27	8837	19	9252	129365
UNKNOWN	109	T	0.997081712062	C	0.00291828793774	0	27	0	9225	9252	129365
UNKNOWN	110	C	0.997514051016	T	0.0021616947687	1	9229	2	20	9252	129365
UNKNOWN	111	C	0.999027237354	G	0.00064850843061	0	9243	6	3	9252	129365
UNKNOWN	112	G	0.998811067877	C	0.00064850843061	4	6	9241	1	9252	129365
UNKNOWN	113	C	0.998919152616	T	0.000756593169045	2	9242	1	7	9252	129365
UNKNOWN	114	C	0.999027237354	A	0.00064850843061	6	9243	2	1	9252	129365
UNKNOWN	115	A	0.994811932555	G	0.00421530479896	9204	5	39	4	9252	129365
UNKNOWN	116	G	0.982598357112	A	0.0170773886727	158	2	9091	1	9252	129365
UNKNOWN	117	G	0.990056204064	A	0.00853869433636	79	9	9160	4	9252	129365
UNKNOWN	118	C	0.995784695201	T	0.00291828793774	1	9213	11	27	9252	129365
UNKNOWN	119	T	0.995676610463	C	0.00313445741461	0	29	11	9212	9252	129365
UNKNOWN	120	C	0.998378728923	T	0.000756593169045	2	9237	6	7	9252	129365
UNKNOWN	121	C	0.998486813662	A	0.000972762645914	9	9238	0	5	9252	129365
UNKNOWN	122	A	0.982598357112	G	0.0142671854734	9091	23	132	6	9252	129365
UNKNOWN	123	G	0.999675745785	T	0.00021616947687	1	0	9249	2	9252	129365
UNKNOWN	124	G	0.999243406831	A	0.00043233895374	4	1	9245	2	9252	129365
UNKNOWN	125	G	0.991137051448	A	0.00843060959792	78	1	9170	3	9252	129365
UNKNOWN	126	A	0.998162559447	G	0.00108084738435	9235	7	10	0	9252	129365
UNKNOWN	127	A	0.995352356247	G	0.0043233895374	9209	3	40	0	9252	129365
UNKNOWN	128	G	0.999027237354	A	0.000756593169045	7	2	9243	0	9252	129365
UNKNOWN	129	G	0.990380458279	A	0.00659316904453	61	23	9163	5	9252	129365
UNKNOWN	130	C	0.995244271509	G	0.00291828793774	0	9208	27	17	9252	129365
UNKNOWN	131	G	0.989191526157	A	0.00745784695201	69	30	9152	1	9252	129365
UNKNOWN	132	C	0.989083441418	T	0.00767401642888	24	9151	6	71	9252	129365
UNKNOWN	133	T	0.99308257674	C	0.00378296584522	7	35	22	9188	9252	129365
UNKNOWN	134	G	0.98551664505	A	0.0129701686122	120	4	9118	10	9252	129365
UNKNOWN	135	G	0.997297881539	C	0.00172935581496	9	16	9227	0	9252	129365
UNKNOWN	136	A	0.995676610463	G	0.00335062689148	9212	2	31	7	9252	129365
UNKNOWN	137	G	0.921314310419	A	0.0729571984436	675	34	8524	19	9252	129365
UNKNOWN	138	T	0.996649373109	C	0.00172935581496	1	16	14	9221	9252	129365
UNKNOWN	139	G	0.965520968439	A	0.0275616083009	255	14	8933	50	9252	129365
UNKNOWN	140	T	0.91439688716	C	0.0627972330307	4	581	207	8460	9252	129365
UNKNOWN	141	C	0.981733679204	G	0.0159965412884	13	9083	148	8	9252	129365
UNKNOWN	142	T	0.997622135754	C	0.00151318633809	1	14	7	9230	9252	129365
UNKNOWN	143	T	0.923908344142	C	0.0645265888457	13	597	94	8548	9252	129365
UNKNOWN	144	G	0.995784695201	T	0.00356679636835	6	0	9213	33	9252	129365
UNKNOWN	145	G	0.993190661479	C	0.00583657587549	3	54	9189	6	9252	129365
UNKNOWN	146	T	0.987354085603	G	0.00583657587549	23	40	54	9135	9252	129365
UNKNOWN	147	G	0.859922178988	A	0.124405533939	1151	35	7956	110	9252	129365
UNKNOWN	148	G	0.935689580631	A	0.0366407263294	339	130	8657	126	9252	129365
UNKNOWN	149	T	0.970600951146	G	0.0130782533506	42	109	121	8980	9252	129365
UNKNOWN	150	A	0.954712494596	G	0.043233895374	8833	1	400	18	9252	129365
UNKNOWN	151	T	0.994379593601	C	0.00237786424557	12	22	18	9200	9252	129365
UNKNOWN	152	A	0.96271076524	G	0.0171854734112	8907	70	159	116	9252	129365
UNKNOWN	153	A	0.929961089494	G	0.0575010808474	8604	47	532	69	9252	129365
UNKNOWN	154	G	0.894401210549	A	0.0711197578902	658	286	8275	33	9252	129365
UNKNOWN	155	T	0.931798530048	C	0.0566364029399	36	524	71	8621	9252	129365
UNKNOWN	156	A	0.841007349762	G	0.145373973195	7781	91	1345	35	9252	129365
UNKNOWN	157	G	0.910830090791	A	0.0353437094682	327	301	8427	197	9252	129365
UNKNOWN	158	T	0.970168612192	A	0.0121054907047	112	54	110	8976	9252	129365
UNKNOWN	159	G	0.813445741461	A	0.143212278426	1325	200	7526	201	9252	129365
UNKNOWN	160	G	0.890510159965	A	0.0659316904453	610	223	8239	180	9252	129365
UNKNOWN	161	T	0.957955036749	G	0.0244271508863	100	63	226	8863	9252	129365
UNKNOWN	162	G	0.994703847817	A	0.00486381322957	45	3	9203	1	9252	129365
UNKNOWN	163	G	0.992974492002	A	0.00335062689148	31	22	9187	12	9252	129365
UNKNOWN	164	A	0.973303069607	G	0.0188067444877	9005	34	174	39	9252	129365
UNKNOWN	165	A	0.927907479464	G	0.0572849113705	8585	55	530	82	9252	129365
UNKNOWN	166	G	0.682879377432	A	0.160397751837	1484	887	6318	563	9252	129365
UNKNOWN	167	C	0.917963683528	T	0.034803285776	208	8493	229	322	9252	129365
UNKNOWN	168	A	0.975680933852	G	0.0165369649805	9027	45	153	27	9252	129365
UNKNOWN	169	C	0.982598357112	T	0.0118893212278	22	9091	29	110	9252	129365
UNKNOWN	170	A	0.986921746649	G	0.00724167747514	9131	30	67	24	9252	129365
UNKNOWN	171	G	0.962278426286	A	0.0201037613489	186	102	8903	61	9252	129365
UNKNOWN	172	G	0.853761348898	A	0.115758754864	1071	177	7899	105	9252	129365
UNKNOWN	173	C	0.98065283182	G	0.00832252485949	43	9073	77	59	9252	129365
UNKNOWN	174	T	0.996000864678	C	0.00172935581496	12	16	9	9215	9252	129365
UNKNOWN	175	A	0.995244271509	T	0.00302637267618	9208	4	12	28	9252	129365
UNKNOWN	176	T	0.983787289235	C	0.0146995244272	12	136	2	9102	9252	129365
UNKNOWN	177	A	0.995352356247	G	0.002485948984	9209	20	23	0	9252	129365
UNKNOWN	178	A	0.989083441418	G	0.00799827064419	9151	26	74	1	9252	129365
UNKNOWN	179	C	0.920881971466	T	0.0729571984436	15	8520	42	675	9252	129365
UNKNOWN	180	C	0.960008646779	T	0.0304798962387	19	8882	69	282	9252	129365
UNKNOWN	181	C	0.985084306096	G	0.00702550799827	18	9114	65	55	9252	129365
UNKNOWN	182	A	0.983679204496	G	0.00983571119758	9101	45	91	15	9252	129365
UNKNOWN	183	G	0.985192390834	A	0.00659316904453	61	45	9115	31	9252	129365
UNKNOWN	184	C	0.992866407263	T	0.00421530479896	3	9186	24	39	9252	129365
UNKNOWN	185	C	0.999351491569	T	0.00043233895374	1	9246	1	4	9252	129365
UNKNOWN	186	C	0.998270644185	T	0.00151318633809	1	9236	1	14	9252	129365
UNKNOWN	187	T	0.99794638997	G	0.00108084738435	2	7	10	9233	9252	129365
UNKNOWN	188	G	0.987029831388	A	0.0101599654129	94	12	9132	14	9252	129365
UNKNOWN	189	A	0.989407695633	G	0.0092952875054	9154	11	86	1	9252	129365
UNKNOWN	190	A	0.995352356247	C	0.00237786424557	9209	22	14	7	9252	129365
UNKNOWN	191	A	0.994595763078	G	0.002485948984	9202	5	23	22	9252	129365
UNKNOWN	192	T	0.993406830955	C	0.00399913532209	11	37	13	9191	9252	129365
UNKNOWN	193	C	0.997297881539	A	0.00151318633809	14	9227	1	10	9252	129365
UNKNOWN	194	C	0.994595763078	T	0.00226977950713	13	9202	16	21	9252	129365
UNKNOWN	195	C	0.998162559447	G	0.00108084738435	0	9235	10	7	9252	129365
UNKNOWN	196	G	0.997838305231	A	0.00151318633809	14	2	9232	4	9252	129365
UNKNOWN	197	G	0.962278426286	A	0.0295071335927	273	62	8903	14	9252	129365
UNKNOWN	198	C	0.99448767834	T	0.002485948984	16	9201	12	23	9252	129365
UNKNOWN	199	T	0.996649373109	C	0.00205361003026	5	19	7	9221	9252	129365
UNKNOWN	200	C	0.997297881539	A	0.00118893212278	11	9227	6	8	9252	129365
UNKNOWN	201	A	0.991137051448	G	0.00778210116732	9170	9	72	1	9252	129365
UNKNOWN	202	G	0.982922611327	C	0.0100518806744	23	93	9094	42	9252	129365
UNKNOWN	203	C	0.965304798962	T	0.0286424556853	28	8931	28	265	9252	129365
UNKNOWN	204	A	0.98962386511	G	0.00767401642888	9156	5	71	20	9252	129365
UNKNOWN	205	T	0.996108949416	C	0.00302637267618	3	28	5	9216	9252	129365
UNKNOWN	206	C	0.99513618677	T	0.00324254215305	13	9207	2	30	9252	129365
UNKNOWN	207	A	0.990056204064	G	0.00562040639862	9160	17	52	23	9252	129365
UNKNOWN	208	C	0.994055339386	G	0.00324254215305	12	9197	30	13	9252	129365
UNKNOWN	209	C	0.978923476005	T	0.0103761348898	34	9057	65	96	9252	129365
UNKNOWN	210	A	0.991569390402	G	0.00475572849114	9174	20	44	14	9252	129365
UNKNOWN	211	A	0.98065283182	G	0.0154561175962	9073	34	143	2	9252	129365
UNKNOWN	212	G	0.990380458279	A	0.00789018590575	73	8	9163	8	9252	129365
UNKNOWN	213	G	0.995352356247	A	0.00356679636835	33	10	9209	0	9252	129365
UNKNOWN	214	A	0.995244271509	G	0.00226977950713	9208	20	21	3	9252	129365
UNKNOWN	215	C	0.99102896671	T	0.00551232166018	15	9169	17	51	9252	129365
UNKNOWN	216	A	0.988218763511	G	0.00756593169045	9143	16	70	23	9252	129365
UNKNOWN	217	A	0.980760916559	G	0.0114569822741	9074	67	106	5	9252	129365
UNKNOWN	218	C	0.98616515348	T	0.00918720276697	21	9124	22	85	9252	129365
UNKNOWN	219	T	0.99308257674	C	0.00378296584522	15	35	14	9188	9252	129365
UNKNOWN	220	C	0.996108949416	T	0.0021616947687	16	9216	0	20	9252	129365
UNKNOWN	221	C	0.992758322525	T	0.00356679636835	28	9185	6	33	9252	129365
UNKNOWN	222	A	0.990488543018	G	0.00583657587549	9164	33	54	1	9252	129365
UNKNOWN	223	A	0.984003458712	G	0.0154561175962	9104	4	143	1	9252	129365
UNKNOWN	224	G	0.988867271941	C	0.00540423692175	42	50	9149	11	9252	129365
UNKNOWN	225	A	0.994163424125	G	0.00475572849114	9198	7	44	3	9252	129365
UNKNOWN	226	G	0.956009511457	A	0.0395590142672	366	36	8845	5	9252	129365
UNKNOWN	227	C	0.954496325119	T	0.0399913532209	22	8831	29	370	9252	129365
UNKNOWN	228	C	0.995352356247	G	0.00237786424557	20	9209	22	1	9252	129365
UNKNOWN	229	A	0.996433203632	G	0.00183744055339	9219	3	17	13	9252	129365
UNKNOWN	230	A	0.980544747082	G	0.0181582360571	9072	7	168	5	9252	129365
UNKNOWN	231	G	0.955036748811	C	0.0238867271941	102	221	8836	93	9252	129365
UNKNOWN	232	T	0.995676610463	C	0.00356679636835	4	33	3	9212	9252	129365
UNKNOWN	233	C	0.983571119758	G	0.00821444012105	4	9100	76	72	9252	129365
UNKNOWN	234	T	0.992758322525	G	0.00421530479896	2	26	39	9185	9252	129365
UNKNOWN	235	C	0.992217898833	T	0.00659316904453	8	9180	3	61	9252	129365
UNKNOWN	236	T	0.992542153048	C	0.00389105058366	3	36	30	9183	9252	129365
UNKNOWN	237	C	0.997081712062	T	0.00194552529183	5	9225	4	18	9252	129365
UNKNOWN	238	T	0.996325118893	G	0.00183744055339	4	13	17	9218	9252	129365
UNKNOWN	239	G	0.937202766969	A	0.0563121487246	521	37	8671	23	9252	129365
UNKNOWN	240	T	0.989948119326	A	0.00594466061392	55	20	18	9159	9252	129365
UNKNOWN	241	C	0.992758322525	T	0.00518806744488	18	9185	1	48	9252	129365
UNKNOWN	242	A	0.983030696066	G	0.0110246433204	9095	32	102	23	9252	129365
UNKNOWN	243	G	0.852680501513	C	0.100951145698	354	934	7889	75	9252	129365
UNKNOWN	244	T	0.996433203632	C	0.00162127107652	3	15	15	9219	9252	129365
UNKNOWN	245	G	0.982814526589	A	0.0102680501513	95	18	9093	46	9252	129365
UNKNOWN	246	A	0.980544747082	G	0.0128620838738	9072	60	119	1	9252	129365
UNKNOWN	247	G	0.959684392564	A	0.0218331171639	202	93	8879	78	9252	129365
UNKNOWN	248	C	0.981085170774	T	0.0132944228275	25	9077	27	123	9252	129365
UNKNOWN	249	A	0.98205793342	G	0.0167531344574	9086	10	155	1	9252	129365
UNKNOWN	250	G	0.99308257674	C	0.0043233895374	21	40	9188	3	9252	129365
UNKNOWN	251	C	0.993406830955	T	0.00302637267618	13	9191	20	28	9252	129365
UNKNOWN	252	G	0.994163424125	A	0.00356679636835	33	9	9198	12	9252	129365
UNKNOWN	253	T	0.992974492002	G	0.00356679636835	3	29	33	9187	9252	129365
UNKNOWN	254	G	0.968439256377	A	0.0228058798098	211	31	8960	50	9252	129365
UNKNOWN	255	A	0.987462170342	G	0.00843060959792	9136	21	78	17	9252	129365
UNKNOWN	256	C	0.993298746217	T	0.00335062689148	20	9190	11	31	9252	129365
UNKNOWN	257	A	0.969195849546	G	0.0255079982706	8967	26	236	23	9252	129365
UNKNOWN	258	A	0.807176826632	C	0.174232598357	7468	1612	134	38	9252	129365
UNKNOWN	259	C	0.971897968007	T	0.0134025075659	25	8992	111	124	9252	129365
UNKNOWN	260	T	0.97514051016	C	0.0145914396887	11	135	84	9022	9252	129365
UNKNOWN	261	G	0.992109814094	A	0.00562040639862	52	7	9179	14	9252	129365
UNKNOWN	262	A	0.992217898833	G	0.0046476437527	9180	25	43	4	9252	129365
UNKNOWN	263	G	0.957414613057	A	0.0297233030696	275	94	8858	25	9252	129365
UNKNOWN	264	G	0.993190661479	A	0.00453955901427	42	3	9189	18	9252	129365
UNKNOWN	265	A	0.994271508863	G	0.00270211846087	9199	21	25	7	9252	129365
UNKNOWN	266	C	0.986489407696	T	0.00702550799827	42	9127	18	65	9252	129365
UNKNOWN	267	A	0.974059662776	T	0.0168612191958	9012	19	65	156	9252	129365
UNKNOWN	268	C	0.992974492002	G	0.00302637267618	21	9187	28	16	9252	129365
UNKNOWN	269	G	0.971897968007	A	0.024102896671	223	20	8992	17	9252	129365
UNKNOWN	270	G	0.99513618677	A	0.00237786424557	22	16	9207	7	9252	129365
UNKNOWN	271	C	0.994271508863	A	0.00259403372244	24	9199	21	8	9252	129365
UNKNOWN	272	C	0.991893644617	T	0.00399913532209	29	9177	9	37	9252	129365
UNKNOWN	273	A	0.99243406831	G	0.00443147427583	9182	16	41	13	9252	129365
UNKNOWN	274	C	0.990920881971	T	0.00410722006053	36	9168	10	38	9252	129365
UNKNOWN	275	A	0.970600951146	G	0.0184824902724	8980	53	171	48	9252	129365
UNKNOWN	276	T	0.994379593601	G	0.00237786424557	17	13	22	9200	9252	129365
UNKNOWN	277	A	0.993731085171	C	0.00356679636835	9194	33	15	10	9252	129365
UNKNOWN	278	C	0.954496325119	T	0.0431258106355	15	8831	7	399	9252	129365
UNKNOWN	279	T	0.989948119326	C	0.00421530479896	25	39	29	9159	9252	129365
UNKNOWN	280	A	0.982274102897	T	0.00875486381323	9088	52	31	81	9252	129365
UNKNOWN	281	C	0.979355814959	T	0.0182663207955	9	9061	13	169	9252	129365
UNKNOWN	282	T	0.991677475141	G	0.00529615218331	15	13	49	9175	9252	129365
