Type	Position	Nucl1	Freq1	Nucl2	Freq2	NumAs	NumCs	NumGs	NumTs	NumAligned	NumNaive
UNKNOWN	0	C	1.0	A	0.0	0	1245	0	0	1245	46853
UNKNOWN	1	A	1.0	C	0.0	1245	0	0	0	1245	46853
UNKNOWN	2	G	1.0	A	0.0	0	0	1245	0	1245	46853
UNKNOWN	3	G	1.0	A	0.0	0	0	1245	0	1245	46853
UNKNOWN	4	T	1.0	A	0.0	0	0	0	1245	1245	46853
UNKNOWN	5	G	1.0	A	0.0	0	0	1245	0	1245	46853
UNKNOWN	6	C	1.0	A	0.0	0	1245	0	0	1245	46853
UNKNOWN	7	A	0.999196787149	G	0.000803212851406	1244	0	1	0	1245	46853
UNKNOWN	8	G	0.990361445783	A	0.00642570281124	8	3	1233	1	1245	46853
UNKNOWN	9	C	0.995983935743	T	0.00240963855422	0	1240	2	3	1245	46853
UNKNOWN	10	T	0.998393574297	C	0.00160642570281	0	2	0	1243	1245	46853
UNKNOWN	11	G	0.997590361446	A	0.00240963855422	3	0	1242	0	1245	46853
UNKNOWN	12	C	1.0	A	0.0	0	1245	0	0	1245	46853
UNKNOWN	13	G	0.998393574297	A	0.00160642570281	2	0	1243	0	1245	46853
UNKNOWN	14	G	0.967068273092	C	0.0329317269076	0	41	1204	0	1245	46853
UNKNOWN	15	G	1.0	A	0.0	0	0	1245	0	1245	46853
UNKNOWN	16	A	0.997590361446	G	0.00160642570281	1242	1	2	0	1245	46853
UNKNOWN	17	G	0.998393574297	C	0.00160642570281	0	2	1243	0	1245	46853
UNKNOWN	18	T	0.999196787149	G	0.000803212851406	0	0	1	1244	1245	46853
UNKNOWN	19	C	1.0	A	0.0	0	1245	0	0	1245	46853
UNKNOWN	20	G	0.911646586345	A	0.0883534136546	110	0	1135	0	1245	46853
UNKNOWN	21	G	0.999196787149	T	0.000803212851406	0	0	1244	1	1245	46853
UNKNOWN	22	G	0.997590361446	A	0.000803212851406	1	1	1242	1	1245	46853
UNKNOWN	23	C	1.0	A	0.0	0	1245	0	0	1245	46853
UNKNOWN	24	C	1.0	A	0.0	0	1245	0	0	1245	46853
UNKNOWN	25	C	1.0	A	0.0	0	1245	0	0	1245	46853
UNKNOWN	26	C	1.0	A	0.0	0	1245	0	0	1245	46853
UNKNOWN	27	A	0.996787148594	C	0.00160642570281	1241	2	2	0	1245	46853
UNKNOWN	28	G	0.996787148594	A	0.00321285140562	4	0	1241	0	1245	46853
UNKNOWN	29	C	0.997590361446	T	0.00240963855422	0	1242	0	3	1245	46853
UNKNOWN	30	C	0.999196787149	T	0.000803212851406	0	1244	0	1	1245	46853
UNKNOWN	31	T	0.999196787149	C	0.000803212851406	0	1	0	1244	1245	46853
UNKNOWN	32	G	0.99437751004	A	0.00240963855422	3	1	1238	3	1245	46853
UNKNOWN	33	G	1.0	A	0.0	0	0	1245	0	1245	46853
UNKNOWN	34	T	0.998393574297	A	0.000803212851406	1	1	0	1243	1245	46853
UNKNOWN	35	G	0.95983935743	A	0.0321285140562	40	10	1195	0	1245	46853
UNKNOWN	36	A	0.997590361446	G	0.00240963855422	1242	0	3	0	1245	46853
UNKNOWN	37	A	0.992771084337	G	0.00722891566265	1236	0	9	0	1245	46853
UNKNOWN	38	G	1.0	A	0.0	0	0	1245	0	1245	46853
UNKNOWN	39	C	0.991967871486	G	0.00562248995984	1	1235	7	2	1245	46853
UNKNOWN	40	C	1.0	A	0.0	0	1245	0	0	1245	46853
UNKNOWN	41	C	0.999196787149	G	0.000803212851406	0	1244	1	0	1245	46853
UNKNOWN	42	T	0.995180722892	C	0.00401606425703	1	5	0	1239	1245	46853
UNKNOWN	43	C	1.0	A	0.0	0	1245	0	0	1245	46853
UNKNOWN	44	A	0.998393574297	C	0.000803212851406	1243	1	1	0	1245	46853
UNKNOWN	45	C	0.999196787149	G	0.000803212851406	0	1244	1	0	1245	46853
UNKNOWN	46	A	0.998393574297	G	0.00160642570281	1243	0	2	0	1245	46853
UNKNOWN	47	G	0.998393574297	A	0.00160642570281	2	0	1243	0	1245	46853
UNKNOWN	48	A	0.997590361446	G	0.00240963855422	1242	0	3	0	1245	46853
UNKNOWN	49	C	0.996787148594	G	0.00321285140562	0	1241	4	0	1245	46853
UNKNOWN	50	C	1.0	A	0.0	0	1245	0	0	1245	46853
UNKNOWN	51	C	0.999196787149	T	0.000803212851406	0	1244	0	1	1245	46853
UNKNOWN	52	T	0.996787148594	C	0.00321285140562	0	4	0	1241	1245	46853
UNKNOWN	53	C	0.999196787149	G	0.000803212851406	0	1244	1	0	1245	46853
UNKNOWN	54	T	0.997590361446	A	0.00160642570281	2	1	0	1242	1245	46853
UNKNOWN	55	C	0.998393574297	T	0.00160642570281	0	1243	0	2	1245	46853
UNKNOWN	56	C	0.996787148594	T	0.00321285140562	0	1241	0	4	1245	46853
UNKNOWN	57	C	0.995983935743	G	0.00240963855422	1	1240	3	1	1245	46853
UNKNOWN	58	T	0.998393574297	C	0.00160642570281	0	2	0	1243	1245	46853
UNKNOWN	59	C	0.996787148594	T	0.00240963855422	1	1241	0	3	1245	46853
UNKNOWN	60	A	0.998393574297	T	0.000803212851406	1243	0	1	1	1245	46853
UNKNOWN	61	C	0.998393574297	T	0.000803212851406	0	1243	1	1	1245	46853
UNKNOWN	62	C	0.99437751004	T	0.00481927710843	0	1238	1	6	1245	46853
UNKNOWN	63	T	0.998393574297	C	0.00160642570281	0	2	0	1243	1245	46853
UNKNOWN	64	G	1.0	A	0.0	0	0	1245	0	1245	46853
UNKNOWN	65	C	0.998393574297	T	0.00160642570281	0	1243	0	2	1245	46853
UNKNOWN	66	A	0.99437751004	G	0.00401606425703	1238	1	5	1	1245	46853
UNKNOWN	67	C	0.998393574297	A	0.000803212851406	1	1243	0	1	1245	46853
UNKNOWN	68	G	0.995983935743	A	0.00321285140562	4	1	1240	0	1245	46853
UNKNOWN	69	G	0.89718875502	A	0.100401606426	125	1	1117	2	1245	46853
UNKNOWN	70	T	0.916465863454	C	0.0819277108434	0	102	2	1141	1245	46853
UNKNOWN	71	C	0.986345381526	G	0.0104417670683	0	1228	13	4	1245	46853
UNKNOWN	72	T	0.999196787149	C	0.000803212851406	0	1	0	1244	1245	46853
UNKNOWN	73	C	1.0	A	0.0	0	1245	0	0	1245	46853
UNKNOWN	74	T	0.996787148594	C	0.00240963855422	1	3	0	1241	1245	46853
UNKNOWN	75	G	0.995180722892	A	0.00321285140562	4	1	1239	1	1245	46853
UNKNOWN	76	G	0.991967871486	C	0.00481927710843	4	6	1235	0	1245	46853
UNKNOWN	77	A	0.990361445783	C	0.00562248995984	1233	7	4	1	1245	46853
UNKNOWN	78	T	0.995180722892	C	0.00321285140562	0	4	2	1239	1245	46853
UNKNOWN	79	T	0.995983935743	C	0.00401606425703	0	5	0	1240	1245	46853
UNKNOWN	80	C	0.99437751004	T	0.00401606425703	0	1238	2	5	1245	46853
UNKNOWN	81	T	0.98875502008	C	0.0104417670683	1	13	0	1231	1245	46853
UNKNOWN	82	C	0.997590361446	T	0.00240963855422	0	1242	0	3	1245	46853
UNKNOWN	83	A	0.996787148594	G	0.00240963855422	1241	1	3	0	1245	46853
UNKNOWN	84	T	0.894779116466	C	0.103614457831	2	129	0	1114	1245	46853
UNKNOWN	85	T	0.996787148594	C	0.00321285140562	0	4	0	1241	1245	46853
UNKNOWN	86	G	0.987148594378	A	0.0120481927711	15	0	1229	1	1245	46853
UNKNOWN	87	A	0.997590361446	G	0.00240963855422	1242	0	3	0	1245	46853
UNKNOWN	88	G	0.982329317269	A	0.0112449799197	14	6	1223	2	1245	46853
UNKNOWN	89	C	0.975903614458	T	0.0160642570281	6	1215	4	20	1245	46853
UNKNOWN	90	A	0.989558232932	G	0.00642570281124	1232	5	8	0	1245	46853
UNKNOWN	91	G	0.938152610442	A	0.0481927710843	60	9	1168	8	1245	46853
UNKNOWN	92	C	0.964658634538	T	0.0176706827309	16	1201	6	22	1245	46853
UNKNOWN	93	T	0.506024096386	A	0.472289156627	588	6	21	630	1245	46853
UNKNOWN	94	A	0.951004016064	G	0.0409638554217	1184	5	51	5	1245	46853
UNKNOWN	95	T	0.968674698795	C	0.0152610441767	5	19	15	1206	1245	46853
UNKNOWN	96	G	0.911646586345	A	0.0730923694779	91	11	1135	8	1245	46853
UNKNOWN	97	G	0.484337349398	C	0.432128514056	74	538	603	30	1245	46853
UNKNOWN	98	T	0.992771084337	C	0.00562248995984	0	7	2	1236	1245	46853
UNKNOWN	99	G	0.981526104418	A	0.0184738955823	23	0	1222	0	1245	46853
UNKNOWN	100	T	0.99437751004	C	0.00401606425703	1	5	1	1238	1245	46853
UNKNOWN	101	A	0.963855421687	G	0.0232931726908	1200	4	29	12	1245	46853
UNKNOWN	102	G	0.730923694779	A	0.255421686747	318	14	910	3	1245	46853
UNKNOWN	103	G	0.787951807229	T	0.143775100402	59	26	981	179	1245	46853
UNKNOWN	104	C	0.986345381526	G	0.00642570281124	4	1228	8	5	1245	46853
UNKNOWN	105	T	0.999196787149	G	0.000803212851406	0	0	1	1244	1245	46853
UNKNOWN	106	G	1.0	A	0.0	0	0	1245	0	1245	46853
UNKNOWN	107	G	0.999196787149	A	0.000803212851406	1	0	1244	0	1245	46853
UNKNOWN	108	G	0.995180722892	A	0.00481927710843	6	0	1239	0	1245	46853
UNKNOWN	109	T	0.997590361446	C	0.00160642570281	1	2	0	1242	1245	46853
UNKNOWN	110	C	1.0	A	0.0	0	1245	0	0	1245	46853
UNKNOWN	111	C	0.999196787149	T	0.000803212851406	0	1244	0	1	1245	46853
UNKNOWN	112	G	1.0	A	0.0	0	0	1245	0	1245	46853
UNKNOWN	113	C	0.999196787149	A	0.000803212851406	1	1244	0	0	1245	46853
UNKNOWN	114	C	1.0	A	0.0	0	1245	0	0	1245	46853
UNKNOWN	115	A	0.995180722892	G	0.00401606425703	1239	1	5	0	1245	46853
UNKNOWN	116	G	0.998393574297	A	0.000803212851406	1	1	1243	0	1245	46853
UNKNOWN	117	G	0.991967871486	A	0.00722891566265	9	1	1235	0	1245	46853
UNKNOWN	118	C	0.995983935743	T	0.00321285140562	0	1240	1	4	1245	46853
UNKNOWN	119	T	0.995983935743	C	0.00401606425703	0	5	0	1240	1245	46853
UNKNOWN	120	C	0.996787148594	T	0.00321285140562	0	1241	0	4	1245	46853
UNKNOWN	121	C	0.996787148594	T	0.00321285140562	0	1241	0	4	1245	46853
UNKNOWN	122	A	0.804819277108	G	0.19437751004	1002	1	242	0	1245	46853
UNKNOWN	123	G	0.995983935743	A	0.00401606425703	5	0	1240	0	1245	46853
UNKNOWN	124	G	0.99437751004	A	0.00562248995984	7	0	1238	0	1245	46853
UNKNOWN	125	G	0.827309236948	A	0.171887550201	214	1	1030	0	1245	46853
UNKNOWN	126	A	0.996787148594	G	0.00321285140562	1241	0	4	0	1245	46853
UNKNOWN	127	A	0.996787148594	G	0.00321285140562	1241	0	4	0	1245	46853
UNKNOWN	128	G	1.0	A	0.0	0	0	1245	0	1245	46853
UNKNOWN	129	G	0.991164658635	A	0.00803212851406	10	1	1234	0	1245	46853
UNKNOWN	130	C	0.998393574297	T	0.00160642570281	0	1243	0	2	1245	46853
UNKNOWN	131	G	0.929317269076	A	0.0658634538153	82	6	1157	0	1245	46853
UNKNOWN	132	C	0.991164658635	T	0.00883534136546	0	1234	0	11	1245	46853
UNKNOWN	133	T	0.99437751004	C	0.00562248995984	0	7	0	1238	1245	46853
UNKNOWN	134	G	0.984738955823	A	0.0144578313253	18	0	1226	1	1245	46853
UNKNOWN	135	G	0.998393574297	C	0.00160642570281	0	2	1243	0	1245	46853
UNKNOWN	136	A	0.999196787149	G	0.000803212851406	1244	0	1	0	1245	46853
UNKNOWN	137	G	0.993574297189	A	0.00481927710843	6	1	1237	1	1245	46853
UNKNOWN	138	T	0.999196787149	G	0.000803212851406	0	0	1	1244	1245	46853
UNKNOWN	139	G	0.997590361446	A	0.00160642570281	2	0	1242	1	1245	46853
UNKNOWN	140	G	0.993574297189	C	0.00562248995984	1	7	1237	0	1245	46853
UNKNOWN	141	G	0.966265060241	A	0.0248995983936	31	11	1203	0	1245	46853
UNKNOWN	142	T	1.0	A	0.0	0	0	0	1245	1245	46853
UNKNOWN	143	T	0.984738955823	C	0.00722891566265	2	9	8	1226	1245	46853
UNKNOWN	144	G	0.982329317269	A	0.0128514056225	16	0	1223	6	1245	46853
UNKNOWN	145	G	0.975903614458	C	0.0224899598394	1	28	1215	1	1245	46853
UNKNOWN	146	T	0.983935742972	A	0.00642570281124	8	8	4	1225	1245	46853
UNKNOWN	147	G	0.795180722892	A	0.175903614458	219	13	990	23	1245	46853
UNKNOWN	148	G	0.854618473896	A	0.0779116465863	97	53	1064	31	1245	46853
UNKNOWN	149	T	0.962248995984	A	0.0152610441767	19	9	19	1198	1245	46853
UNKNOWN	150	A	0.968674698795	G	0.0248995983936	1206	1	31	7	1245	46853
UNKNOWN	151	T	0.985542168675	C	0.0112449799197	1	14	3	1227	1245	46853
UNKNOWN	152	A	0.945381526104	G	0.0361445783133	1177	6	45	17	1245	46853
UNKNOWN	153	G	0.935742971888	A	0.0538152610442	67	9	1165	4	1245	46853
UNKNOWN	154	A	0.912449799197	G	0.0771084337349	1136	10	96	3	1245	46853
UNKNOWN	155	T	0.855421686747	G	0.0602409638554	68	37	75	1065	1245	46853
UNKNOWN	156	A	0.791164658635	G	0.163052208835	985	14	203	43	1245	46853
UNKNOWN	157	A	0.820080321285	G	0.125301204819	1021	23	156	45	1245	46853
UNKNOWN	158	T	0.935742971888	G	0.0562248995984	9	1	70	1165	1245	46853
UNKNOWN	159	G	0.859437751004	A	0.0795180722892	99	13	1070	63	1245	46853
UNKNOWN	160	A	0.942168674699	G	0.0377510040161	1173	15	47	10	1245	46853
UNKNOWN	161	T	0.98875502008	C	0.00963855421687	1	12	1	1231	1245	46853
UNKNOWN	162	G	0.991967871486	A	0.00803212851406	10	0	1235	0	1245	46853
UNKNOWN	163	G	0.975100401606	A	0.0184738955823	23	7	1214	1	1245	46853
UNKNOWN	164	A	0.976706827309	G	0.0144578313253	1216	5	18	6	1245	46853
UNKNOWN	165	G	0.672289156627	A	0.152610441767	190	39	837	179	1245	46853
UNKNOWN	166	A	0.887550200803	G	0.0522088353414	1105	33	65	42	1245	46853
UNKNOWN	167	C	0.931726907631	T	0.0273092369478	22	1160	29	34	1245	46853
UNKNOWN	168	A	0.991164658635	T	0.00642570281124	1234	0	3	8	1245	46853
UNKNOWN	169	C	0.969477911647	T	0.0184738955823	8	1207	7	23	1245	46853
UNKNOWN	170	A	0.986345381526	C	0.00883534136546	1228	11	4	2	1245	46853
UNKNOWN	171	T	0.771084337349	A	0.179116465863	223	26	36	960	1245	46853
UNKNOWN	172	A	0.706827309237	G	0.26265060241	880	22	327	16	1245	46853
UNKNOWN	173	C	0.83453815261	G	0.129317269076	27	1039	161	18	1245	46853
UNKNOWN	174	T	0.972690763052	C	0.0144578313253	0	18	16	1211	1245	46853
UNKNOWN	175	A	0.982329317269	T	0.0128514056225	1223	2	4	16	1245	46853
UNKNOWN	176	T	0.987951807229	C	0.0104417670683	1	13	1	1230	1245	46853
UNKNOWN	177	A	0.991164658635	G	0.00562248995984	1234	3	7	1	1245	46853
UNKNOWN	178	A	0.99437751004	G	0.00562248995984	1238	0	7	0	1245	46853
UNKNOWN	179	C	0.912449799197	T	0.0771084337349	2	1136	11	96	1245	46853
UNKNOWN	180	C	0.959036144578	T	0.0240963855422	9	1194	12	30	1245	46853
UNKNOWN	181	C	0.987148594378	T	0.00803212851406	4	1229	2	10	1245	46853
UNKNOWN	182	A	0.990361445783	G	0.00803212851406	1233	0	10	2	1245	46853
UNKNOWN	183	G	0.958232931727	A	0.0377510040161	47	1	1193	4	1245	46853
UNKNOWN	184	C	0.981526104418	G	0.0104417670683	2	1222	13	8	1245	46853
UNKNOWN	185	C	0.99437751004	G	0.00481927710843	1	1238	6	0	1245	46853
UNKNOWN	186	C	0.995983935743	A	0.00240963855422	3	1240	1	1	1245	46853
UNKNOWN	187	T	0.999196787149	C	0.000803212851406	0	1	0	1244	1245	46853
UNKNOWN	188	G	0.973493975904	A	0.0224899598394	28	2	1212	3	1245	46853
UNKNOWN	189	A	0.986345381526	T	0.00642570281124	1228	7	2	8	1245	46853
UNKNOWN	190	A	0.987148594378	C	0.0120481927711	1229	15	0	1	1245	46853
UNKNOWN	191	A	0.995180722892	G	0.00240963855422	1239	2	3	1	1245	46853
UNKNOWN	192	T	0.996787148594	A	0.00160642570281	2	0	2	1241	1245	46853
UNKNOWN	193	C	1.0	A	0.0	0	1245	0	0	1245	46853
UNKNOWN	194	C	0.992771084337	G	0.00481927710843	1	1236	6	2	1245	46853
UNKNOWN	195	C	1.0	A	0.0	0	1245	0	0	1245	46853
UNKNOWN	196	G	1.0	A	0.0	0	0	1245	0	1245	46853
UNKNOWN	197	G	0.938152610442	A	0.0522088353414	65	5	1168	7	1245	46853
UNKNOWN	198	C	0.992771084337	G	0.00401606425703	1	1236	5	3	1245	46853
UNKNOWN	199	T	0.991967871486	C	0.00562248995984	2	7	1	1235	1245	46853
UNKNOWN	200	C	0.987148594378	T	0.0112449799197	1	1229	1	14	1245	46853
UNKNOWN	201	A	0.991967871486	C	0.00562248995984	1235	7	3	0	1245	46853
UNKNOWN	202	G	0.984738955823	C	0.00722891566265	1	9	1226	9	1245	46853
UNKNOWN	203	C	0.975903614458	T	0.0176706827309	5	1215	3	22	1245	46853
UNKNOWN	204	A	0.987148594378	G	0.00722891566265	1229	6	9	1	1245	46853
UNKNOWN	205	T	0.998393574297	A	0.000803212851406	1	1	0	1243	1245	46853
UNKNOWN	206	C	0.990361445783	A	0.00562248995984	7	1233	1	4	1245	46853
UNKNOWN	207	A	0.99437751004	G	0.00321285140562	1238	1	4	2	1245	46853
UNKNOWN	208	C	0.992771084337	T	0.00401606425703	2	1236	2	5	1245	46853
UNKNOWN	209	C	0.991967871486	G	0.00562248995984	0	1235	7	3	1245	46853
UNKNOWN	210	A	0.995180722892	C	0.00321285140562	1239	4	2	0	1245	46853
UNKNOWN	211	A	0.990361445783	G	0.00803212851406	1233	2	10	0	1245	46853
UNKNOWN	212	G	0.98875502008	A	0.00562248995984	7	7	1231	0	1245	46853
UNKNOWN	213	G	0.998393574297	A	0.00160642570281	2	0	1243	0	1245	46853
UNKNOWN	214	A	0.997590361446	C	0.00160642570281	1242	2	1	0	1245	46853
UNKNOWN	215	C	0.993574297189	T	0.00321285140562	0	1237	4	4	1245	46853
UNKNOWN	216	A	0.989558232932	G	0.00642570281124	1232	3	8	2	1245	46853
UNKNOWN	217	A	0.985542168675	G	0.0104417670683	1227	3	13	2	1245	46853
UNKNOWN	218	C	0.974297188755	T	0.0136546184739	0	1213	15	17	1245	46853
UNKNOWN	219	T	0.992771084337	C	0.00562248995984	0	7	2	1236	1245	46853
UNKNOWN	220	C	0.992771084337	T	0.00562248995984	2	1236	0	7	1245	46853
UNKNOWN	221	C	0.993574297189	A	0.00321285140562	4	1237	1	3	1245	46853
UNKNOWN	222	A	0.993574297189	G	0.00401606425703	1237	3	5	0	1245	46853
UNKNOWN	223	A	0.981526104418	G	0.0168674698795	1222	2	21	0	1245	46853
UNKNOWN	224	G	0.995983935743	C	0.00240963855422	2	3	1240	0	1245	46853
UNKNOWN	225	A	0.995983935743	G	0.00240963855422	1240	2	3	0	1245	46853
UNKNOWN	226	G	0.972690763052	A	0.0232931726908	29	3	1211	2	1245	46853
UNKNOWN	227	C	0.934136546185	T	0.0602409638554	2	1163	5	75	1245	46853
UNKNOWN	228	C	0.995983935743	A	0.00401606425703	5	1240	0	0	1245	46853
UNKNOWN	229	A	0.996787148594	T	0.00160642570281	1241	1	1	2	1245	46853
UNKNOWN	230	A	0.98313253012	G	0.0152610441767	1224	2	19	0	1245	46853
UNKNOWN	231	G	0.975903614458	C	0.0152610441767	5	19	1215	6	1245	46853
UNKNOWN	232	T	0.995983935743	C	0.00401606425703	0	5	0	1240	1245	46853
UNKNOWN	233	C	0.977510040161	G	0.0152610441767	0	1217	19	9	1245	46853
UNKNOWN	234	T	0.991967871486	C	0.00562248995984	0	7	3	1235	1245	46853
UNKNOWN	235	C	0.993574297189	A	0.00321285140562	4	1237	1	3	1245	46853
UNKNOWN	236	T	0.983935742972	C	0.00883534136546	0	11	9	1225	1245	46853
UNKNOWN	237	C	0.992771084337	T	0.00321285140562	3	1236	2	4	1245	46853
UNKNOWN	238	T	0.999196787149	C	0.000803212851406	0	1	0	1244	1245	46853
UNKNOWN	239	G	0.96546184739	A	0.029718875502	37	3	1202	3	1245	46853
UNKNOWN	240	T	0.997590361446	A	0.00240963855422	3	0	0	1242	1245	46853
UNKNOWN	241	C	0.99437751004	T	0.00401606425703	1	1238	1	5	1245	46853
UNKNOWN	242	A	0.990361445783	C	0.00562248995984	1233	7	4	1	1245	46853
UNKNOWN	243	G	0.946987951807	C	0.0273092369478	26	34	1179	6	1245	46853
UNKNOWN	244	T	0.997590361446	A	0.000803212851406	1	1	1	1242	1245	46853
UNKNOWN	245	G	0.98313253012	A	0.0120481927711	15	4	1224	2	1245	46853
UNKNOWN	246	A	0.990361445783	G	0.00722891566265	1233	3	9	0	1245	46853
UNKNOWN	247	G	0.946184738956	A	0.0433734939759	54	11	1178	2	1245	46853
UNKNOWN	248	C	0.979919678715	T	0.0152610441767	2	1220	4	19	1245	46853
UNKNOWN	249	A	0.991164658635	G	0.00562248995984	1234	4	7	0	1245	46853
UNKNOWN	250	G	0.953413654618	A	0.0433734939759	54	3	1187	1	1245	46853
UNKNOWN	251	C	0.987951807229	T	0.00963855421687	2	1230	1	12	1245	46853
UNKNOWN	252	G	0.992771084337	A	0.00401606425703	5	4	1236	0	1245	46853
UNKNOWN	253	T	0.995983935743	C	0.00321285140562	1	4	0	1240	1245	46853
UNKNOWN	254	G	0.975100401606	A	0.0168674698795	21	8	1214	2	1245	46853
UNKNOWN	255	A	0.991164658635	G	0.00642570281124	1234	1	8	2	1245	46853
UNKNOWN	256	C	0.991164658635	T	0.00642570281124	1	1234	2	8	1245	46853
UNKNOWN	257	A	0.981526104418	G	0.0112449799197	1222	5	14	4	1245	46853
UNKNOWN	258	C	0.735742971888	A	0.253815261044	316	916	5	8	1245	46853
UNKNOWN	259	C	0.992771084337	T	0.00401606425703	0	1236	4	5	1245	46853
UNKNOWN	260	T	0.963855421687	G	0.0184738955823	3	19	23	1200	1245	46853
UNKNOWN	261	G	0.995983935743	T	0.00240963855422	2	0	1240	3	1245	46853
UNKNOWN	262	A	0.99437751004	G	0.00321285140562	1238	2	4	1	1245	46853
UNKNOWN	263	G	0.938955823293	A	0.0481927710843	60	12	1169	4	1245	46853
UNKNOWN	264	G	0.991164658635	T	0.00401606425703	3	3	1234	5	1245	46853
UNKNOWN	265	A	0.990361445783	C	0.00481927710843	1233	6	5	1	1245	46853
UNKNOWN	266	C	0.979116465863	T	0.0136546184739	7	1219	2	17	1245	46853
UNKNOWN	267	A	0.985542168675	T	0.00722891566265	1227	2	7	9	1245	46853
UNKNOWN	268	C	0.995180722892	A	0.00240963855422	3	1239	3	0	1245	46853
UNKNOWN	269	G	0.868273092369	A	0.127710843373	159	3	1081	2	1245	46853
UNKNOWN	270	G	0.987951807229	T	0.00642570281124	5	2	1230	8	1245	46853
UNKNOWN	271	C	0.987951807229	A	0.00642570281124	8	1230	5	2	1245	46853
UNKNOWN	272	C	0.997590361446	G	0.00160642570281	1	1242	2	0	1245	46853
UNKNOWN	273	A	0.98875502008	G	0.00722891566265	1231	4	9	1	1245	46853
UNKNOWN	274	C	0.983935742972	G	0.00963855421687	2	1225	12	6	1245	46853
UNKNOWN	275	A	0.975100401606	G	0.0136546184739	1214	6	17	8	1245	46853
UNKNOWN	276	T	0.996787148594	C	0.00240963855422	1	3	0	1241	1245	46853
UNKNOWN	277	A	0.992771084337	T	0.00401606425703	1236	2	2	5	1245	46853
UNKNOWN	278	C	0.920481927711	T	0.0771084337349	2	1146	1	96	1245	46853
UNKNOWN	279	T	0.987148594378	C	0.00642570281124	3	8	5	1229	1245	46853
UNKNOWN	280	A	0.947791164659	G	0.0393574297189	1180	4	49	12	1245	46853
UNKNOWN	281	C	0.931726907631	G	0.0361445783133	1	1160	45	39	1245	46853
UNKNOWN	282	T	0.991967871486	G	0.00562248995984	0	3	7	1235	1245	46853
