Type	Position	Nucl1	Freq1	Nucl2	Freq2	NumAs	NumCs	NumGs	NumTs	NumAligned	NumNaive
UNKNOWN	0	C	1.0	A	0.0	0	2574	0	0	2574	46853
UNKNOWN	1	A	1.0	C	0.0	2574	0	0	0	2574	46853
UNKNOWN	2	G	1.0	A	0.0	0	0	2574	0	2574	46853
UNKNOWN	3	G	1.0	A	0.0	0	0	2574	0	2574	46853
UNKNOWN	4	T	1.0	A	0.0	0	0	0	2574	2574	46853
UNKNOWN	5	G	1.0	A	0.0	0	0	2574	0	2574	46853
UNKNOWN	6	C	1.0	A	0.0	0	2574	0	0	2574	46853
UNKNOWN	7	A	0.996503496503	G	0.002331002331	2565	1	6	2	2574	46853
UNKNOWN	8	G	0.982905982906	A	0.013986013986	36	7	2530	1	2574	46853
UNKNOWN	9	C	0.996114996115	T	0.003108003108	1	2564	1	8	2574	46853
UNKNOWN	10	T	0.999222999223	C	0.000777000777001	0	2	0	2572	2574	46853
UNKNOWN	11	G	0.99728049728	A	0.001554001554	4	1	2567	2	2574	46853
UNKNOWN	12	C	0.998057498057	T	0.0011655011655	0	2569	2	3	2574	46853
UNKNOWN	13	G	0.999611499611	T	0.0003885003885	0	0	2573	1	2574	46853
UNKNOWN	14	G	0.950271950272	C	0.0407925407925	21	105	2446	2	2574	46853
UNKNOWN	15	G	0.998834498834	C	0.000777000777001	1	2	2571	0	2574	46853
UNKNOWN	16	A	0.998057498057	T	0.000777000777001	2569	1	2	2	2574	46853
UNKNOWN	17	G	0.995337995338	A	0.0027195027195	7	5	2562	0	2574	46853
UNKNOWN	18	T	0.998445998446	C	0.0011655011655	1	3	0	2570	2574	46853
UNKNOWN	19	C	0.999222999223	T	0.000777000777001	0	2572	0	2	2574	46853
UNKNOWN	20	G	0.980574980575	A	0.0135975135975	35	15	2524	0	2574	46853
UNKNOWN	21	G	0.999611499611	A	0.0003885003885	1	0	2573	0	2574	46853
UNKNOWN	22	G	0.999611499611	C	0.0003885003885	0	1	2573	0	2574	46853
UNKNOWN	23	C	0.998834498834	G	0.000777000777001	0	2571	2	1	2574	46853
UNKNOWN	24	C	1.0	A	0.0	0	2574	0	0	2574	46853
UNKNOWN	25	C	0.999222999223	T	0.000777000777001	0	2572	0	2	2574	46853
UNKNOWN	26	C	0.997668997669	T	0.0011655011655	2	2568	1	3	2574	46853
UNKNOWN	27	A	0.994560994561	G	0.00543900543901	2560	0	14	0	2574	46853
UNKNOWN	28	G	0.991452991453	A	0.00738150738151	19	3	2552	0	2574	46853
UNKNOWN	29	C	0.995337995338	T	0.004662004662	0	2562	0	12	2574	46853
UNKNOWN	30	C	0.997668997669	T	0.002331002331	0	2568	0	6	2574	46853
UNKNOWN	31	T	0.997668997669	C	0.0011655011655	1	3	2	2568	2574	46853
UNKNOWN	32	G	0.992618492618	A	0.00621600621601	16	3	2555	0	2574	46853
UNKNOWN	33	G	0.996891996892	A	0.002331002331	6	0	2566	2	2574	46853
UNKNOWN	34	T	0.995726495726	C	0.0034965034965	0	9	2	2563	2574	46853
UNKNOWN	35	G	0.994560994561	A	0.00505050505051	13	1	2560	0	2574	46853
UNKNOWN	36	A	0.995337995338	C	0.002331002331	2562	6	5	1	2574	46853
UNKNOWN	37	A	0.993395493395	G	0.00582750582751	2557	2	15	0	2574	46853
UNKNOWN	38	G	0.99222999223	A	0.00505050505051	13	5	2554	2	2574	46853
UNKNOWN	39	C	0.993395493395	T	0.0042735042735	0	2557	6	11	2574	46853
UNKNOWN	40	C	1.0	A	0.0	0	2574	0	0	2574	46853
UNKNOWN	41	C	0.996503496503	T	0.001554001554	2	2565	3	4	2574	46853
UNKNOWN	42	T	0.995337995338	C	0.003885003885	0	10	2	2562	2574	46853
UNKNOWN	43	C	0.998445998446	A	0.0011655011655	3	2570	0	1	2574	46853
UNKNOWN	44	A	0.99728049728	G	0.001554001554	2567	3	4	0	2574	46853
UNKNOWN	45	C	0.994560994561	G	0.004662004662	2	2560	12	0	2574	46853
UNKNOWN	46	A	0.997668997669	G	0.001554001554	2568	2	4	0	2574	46853
UNKNOWN	47	G	0.995337995338	A	0.0027195027195	7	5	2562	0	2574	46853
UNKNOWN	48	A	0.995726495726	C	0.002331002331	2563	6	2	3	2574	46853
UNKNOWN	49	C	0.995726495726	G	0.0042735042735	0	2563	11	0	2574	46853
UNKNOWN	50	C	0.994560994561	T	0.0027195027195	4	2560	3	7	2574	46853
UNKNOWN	51	C	0.99728049728	T	0.002331002331	0	2567	1	6	2574	46853
UNKNOWN	52	T	0.996114996115	C	0.0034965034965	1	9	0	2564	2574	46853
UNKNOWN	53	C	0.998445998446	T	0.0011655011655	0	2570	1	3	2574	46853
UNKNOWN	54	T	0.998445998446	C	0.0011655011655	1	3	0	2570	2574	46853
UNKNOWN	55	C	1.0	A	0.0	0	2574	0	0	2574	46853
UNKNOWN	56	C	0.993395493395	T	0.0042735042735	0	2557	6	11	2574	46853
UNKNOWN	57	C	0.99728049728	G	0.0011655011655	2	2567	3	2	2574	46853
UNKNOWN	58	T	0.994949494949	C	0.00505050505051	0	13	0	2561	2574	46853
UNKNOWN	59	C	0.998445998446	A	0.000777000777001	2	2570	0	2	2574	46853
UNKNOWN	60	A	0.994560994561	G	0.003108003108	2560	3	8	3	2574	46853
UNKNOWN	61	C	0.993783993784	T	0.003108003108	0	2558	8	8	2574	46853
UNKNOWN	62	C	0.993395493395	T	0.003885003885	0	2557	7	10	2574	46853
UNKNOWN	63	T	0.996891996892	C	0.0019425019425	0	5	3	2566	2574	46853
UNKNOWN	64	G	0.998834498834	C	0.000777000777001	1	2	2571	0	2574	46853
UNKNOWN	65	C	0.996114996115	T	0.0027195027195	3	2564	0	7	2574	46853
UNKNOWN	66	A	0.98951048951	G	0.00543900543901	2547	2	14	11	2574	46853
UNKNOWN	67	C	0.99728049728	T	0.0019425019425	0	2567	2	5	2574	46853
UNKNOWN	68	G	0.985236985237	A	0.011655011655	30	3	2536	5	2574	46853
UNKNOWN	69	G	0.970862470862	A	0.019425019425	50	18	2499	7	2574	46853
UNKNOWN	70	T	0.990675990676	C	0.00893550893551	1	23	0	2550	2574	46853
UNKNOWN	71	C	0.963869463869	G	0.019425019425	1	2481	50	42	2574	46853
UNKNOWN	72	T	0.995337995338	C	0.0034965034965	0	9	3	2562	2574	46853
UNKNOWN	73	C	0.998057498057	T	0.0011655011655	1	2569	1	3	2574	46853
UNKNOWN	74	T	0.994172494172	G	0.0027195027195	2	6	7	2559	2574	46853
UNKNOWN	75	G	0.996114996115	A	0.003108003108	8	2	2564	0	2574	46853
UNKNOWN	76	G	0.987567987568	A	0.00893550893551	23	8	2542	1	2574	46853
UNKNOWN	77	A	0.989121989122	G	0.00505050505051	2546	10	13	5	2574	46853
UNKNOWN	78	T	0.995337995338	C	0.002331002331	2	6	4	2562	2574	46853
UNKNOWN	79	T	0.995726495726	C	0.003885003885	0	10	1	2563	2574	46853
UNKNOWN	80	C	0.986402486402	G	0.00815850815851	0	2539	21	14	2574	46853
UNKNOWN	81	T	0.991452991453	G	0.004662004662	2	8	12	2552	2574	46853
UNKNOWN	82	C	0.994949494949	T	0.003885003885	3	2561	0	10	2574	46853
UNKNOWN	83	A	0.990287490287	G	0.00582750582751	2549	6	15	4	2574	46853
UNKNOWN	84	T	0.992618492618	C	0.00621600621601	1	16	2	2555	2574	46853
UNKNOWN	85	T	0.99728049728	G	0.0019425019425	0	2	5	2567	2574	46853
UNKNOWN	86	G	0.964646464646	A	0.0330225330225	85	5	2483	1	2574	46853
UNKNOWN	87	A	0.987956487956	G	0.00893550893551	2543	7	23	1	2574	46853
UNKNOWN	88	G	0.952602952603	C	0.0260295260295	44	67	2452	11	2574	46853
UNKNOWN	89	C	0.964646464646	T	0.0244755244755	19	2483	9	63	2574	46853
UNKNOWN	90	A	0.974747474747	G	0.019425019425	2509	15	50	0	2574	46853
UNKNOWN	91	G	0.87567987568	A	0.0916860916861	236	53	2254	31	2574	46853
UNKNOWN	92	C	0.959984459984	T	0.0299145299145	14	2471	12	77	2574	46853
UNKNOWN	93	A	0.837218337218	T	0.0823620823621	2155	22	185	212	2574	46853
UNKNOWN	94	A	0.916472416472	G	0.0683760683761	2359	15	176	24	2574	46853
UNKNOWN	95	T	0.968531468531	G	0.0159285159285	21	19	41	2493	2574	46853
UNKNOWN	96	G	0.890831390831	A	0.102952602953	265	10	2293	6	2574	46853
UNKNOWN	97	G	0.652292152292	C	0.215229215229	317	554	1679	24	2574	46853
UNKNOWN	98	T	0.984848484848	G	0.00543900543901	13	12	14	2535	2574	46853
UNKNOWN	99	G	0.926961926962	A	0.0687645687646	177	2	2386	9	2574	46853
UNKNOWN	100	T	0.993783993784	C	0.0042735042735	5	11	0	2558	2574	46853
UNKNOWN	101	A	0.944444444444	G	0.0330225330225	2431	41	85	17	2574	46853
UNKNOWN	102	G	0.67094017094	A	0.180264180264	464	285	1727	98	2574	46853
UNKNOWN	103	T	0.905594405594	G	0.03885003885	77	66	100	2331	2574	46853
UNKNOWN	104	C	0.90404040404	T	0.049728049728	29	2327	90	128	2574	46853
UNKNOWN	105	T	0.997668997669	G	0.001554001554	1	1	4	2568	2574	46853
UNKNOWN	106	G	0.998834498834	A	0.000777000777001	2	1	2571	0	2574	46853
UNKNOWN	107	G	1.0	A	0.0	0	0	2574	0	2574	46853
UNKNOWN	108	G	0.972027972028	A	0.011655011655	30	14	2502	28	2574	46853
UNKNOWN	109	T	0.995726495726	C	0.0027195027195	2	7	2	2563	2574	46853
UNKNOWN	110	C	0.990675990676	T	0.00777000777001	1	2550	3	20	2574	46853
UNKNOWN	111	C	0.997668997669	G	0.001554001554	1	2568	4	1	2574	46853
UNKNOWN	112	G	0.99728049728	C	0.001554001554	3	4	2567	0	2574	46853
UNKNOWN	113	C	0.997668997669	T	0.0011655011655	0	2568	3	3	2574	46853
UNKNOWN	114	C	0.99728049728	A	0.0019425019425	5	2567	0	2	2574	46853
UNKNOWN	115	A	0.993006993007	G	0.00621600621601	2556	1	16	1	2574	46853
UNKNOWN	116	G	0.994172494172	A	0.003885003885	10	4	2559	1	2574	46853
UNKNOWN	117	G	0.970473970474	A	0.0221445221445	57	18	2498	1	2574	46853
UNKNOWN	118	C	0.990675990676	G	0.00621600621601	1	2550	16	7	2574	46853
UNKNOWN	119	T	0.993783993784	C	0.00582750582751	0	15	1	2558	2574	46853
UNKNOWN	120	C	0.997668997669	T	0.001554001554	0	2568	2	4	2574	46853
UNKNOWN	121	C	0.995337995338	A	0.004662004662	12	2562	0	0	2574	46853
UNKNOWN	122	A	0.991064491064	G	0.00854700854701	2551	0	22	1	2574	46853
UNKNOWN	123	G	0.994172494172	A	0.003108003108	8	6	2559	1	2574	46853
UNKNOWN	124	G	0.994172494172	C	0.0042735042735	4	11	2559	0	2574	46853
UNKNOWN	125	G	0.980186480186	A	0.0174825174825	45	6	2523	0	2574	46853
UNKNOWN	126	A	0.998057498057	G	0.0019425019425	2569	0	5	0	2574	46853
UNKNOWN	127	A	0.983682983683	G	0.0159285159285	2532	1	41	0	2574	46853
UNKNOWN	128	G	1.0	A	0.0	0	0	2574	0	2574	46853
UNKNOWN	129	G	0.977078477078	A	0.0159285159285	41	7	2515	11	2574	46853
UNKNOWN	130	C	0.992618492618	G	0.00660450660451	0	2555	17	2	2574	46853
UNKNOWN	131	G	0.980574980575	A	0.013209013209	34	8	2524	8	2574	46853
UNKNOWN	132	C	0.992618492618	T	0.00582750582751	1	2555	3	15	2574	46853
UNKNOWN	133	T	0.994560994561	C	0.0027195027195	1	7	6	2560	2574	46853
UNKNOWN	134	G	0.974747474747	A	0.0244755244755	63	0	2509	2	2574	46853
UNKNOWN	135	G	0.995726495726	C	0.0027195027195	4	7	2563	0	2574	46853
UNKNOWN	136	A	0.996503496503	G	0.002331002331	2565	2	6	1	2574	46853
UNKNOWN	137	G	0.987956487956	A	0.00699300699301	18	7	2543	6	2574	46853
UNKNOWN	138	T	0.996114996115	G	0.002331002331	0	4	6	2564	2574	46853
UNKNOWN	139	G	0.998445998446	A	0.001554001554	4	0	2570	0	2574	46853
UNKNOWN	140	G	0.968142968143	C	0.028749028749	3	74	2492	5	2574	46853
UNKNOWN	141	C	0.968531468531	G	0.0236985236985	15	2493	61	5	2574	46853
UNKNOWN	142	T	0.99728049728	C	0.002331002331	1	6	0	2567	2574	46853
UNKNOWN	143	C	0.984848484848	T	0.0120435120435	1	2535	7	31	2574	46853
UNKNOWN	144	G	0.991064491064	A	0.00854700854701	22	0	2551	1	2574	46853
UNKNOWN	145	G	0.986402486402	C	0.0112665112665	1	29	2539	5	2574	46853
UNKNOWN	146	T	0.969308469308	G	0.019425019425	14	15	50	2495	2574	46853
UNKNOWN	147	G	0.667055167055	A	0.284382284382	732	34	1717	91	2574	46853
UNKNOWN	148	G	0.729215229215	A	0.146464646465	377	219	1877	101	2574	46853
UNKNOWN	149	T	0.952602952603	G	0.0198135198135	24	47	51	2452	2574	46853
UNKNOWN	150	A	0.894327894328	G	0.101398601399	2302	4	261	7	2574	46853
UNKNOWN	151	T	0.985625485625	C	0.00971250971251	6	25	6	2537	2574	46853
UNKNOWN	152	A	0.948717948718	G	0.0330225330225	2442	18	85	29	2574	46853
UNKNOWN	153	T	0.940559440559	A	0.0369075369075	95	22	36	2421	2574	46853
UNKNOWN	154	G	0.980574980575	T	0.00893550893551	21	6	2524	23	2574	46853
UNKNOWN	155	C	0.868686868687	T	0.118104118104	8	2236	26	304	2574	46853
UNKNOWN	156	A	0.905594405594	G	0.0722610722611	2331	43	186	14	2574	46853
UNKNOWN	157	G	0.900543900544	A	0.0555555555556	143	74	2318	39	2574	46853
UNKNOWN	158	T	0.943278943279	G	0.026418026418	22	56	68	2428	2574	46853
UNKNOWN	159	G	0.789821289821	A	0.174048174048	448	59	2033	34	2574	46853
UNKNOWN	160	G	0.838772338772	A	0.140248640249	361	41	2159	13	2574	46853
UNKNOWN	161	T	0.962703962704	A	0.0174825174825	45	20	31	2478	2574	46853
UNKNOWN	162	G	0.989121989122	A	0.00699300699301	18	0	2546	10	2574	46853
UNKNOWN	163	G	0.975912975913	A	0.0174825174825	45	13	2512	4	2574	46853
UNKNOWN	164	A	0.955322455322	G	0.0369075369075	2459	9	95	11	2574	46853
UNKNOWN	165	A	0.907536907537	G	0.0827505827506	2336	8	213	17	2574	46853
UNKNOWN	166	G	0.827505827506	C	0.0808080808081	157	208	2130	79	2574	46853
UNKNOWN	167	C	0.872183372183	T	0.0675990675991	61	2245	94	174	2574	46853
UNKNOWN	168	A	0.979020979021	G	0.0135975135975	2520	17	35	2	2574	46853
UNKNOWN	169	C	0.970473970474	T	0.016317016317	12	2498	22	42	2574	46853
UNKNOWN	170	A	0.9662004662	G	0.0229215229215	2487	17	59	11	2574	46853
UNKNOWN	171	A	0.862470862471	G	0.117327117327	2220	23	302	29	2574	46853
UNKNOWN	172	G	0.711732711733	A	0.175213675214	451	221	1832	70	2574	46853
UNKNOWN	173	C	0.890442890443	G	0.0578865578866	37	2292	149	96	2574	46853
UNKNOWN	174	T	0.975912975913	C	0.020979020979	1	54	7	2512	2574	46853
UNKNOWN	175	T	0.940170940171	A	0.043512043512	112	29	13	2420	2574	46853
UNKNOWN	176	T	0.963480963481	G	0.014763014763	36	20	38	2480	2574	46853
UNKNOWN	177	A	0.987567987568	G	0.00738150738151	2542	12	19	1	2574	46853
UNKNOWN	178	A	0.984071484071	G	0.00971250971251	2533	6	25	10	2574	46853
UNKNOWN	179	C	0.870240870241	T	0.109168609169	6	2240	47	281	2574	46853
UNKNOWN	180	C	0.945998445998	T	0.0392385392385	5	2435	33	101	2574	46853
UNKNOWN	181	C	0.987567987568	G	0.00582750582751	8	2542	15	9	2574	46853
UNKNOWN	182	A	0.975135975136	G	0.0167055167055	2510	16	43	5	2574	46853
UNKNOWN	183	G	0.978632478632	A	0.0112665112665	29	15	2519	11	2574	46853
UNKNOWN	184	C	0.979020979021	T	0.01554001554	3	2520	11	40	2574	46853
UNKNOWN	185	C	0.998445998446	T	0.001554001554	0	2570	0	4	2574	46853
UNKNOWN	186	C	0.990287490287	G	0.00582750582751	0	2549	15	10	2574	46853
UNKNOWN	187	T	0.992618492618	G	0.00543900543901	1	4	14	2555	2574	46853
UNKNOWN	188	G	0.966977466977	A	0.0236985236985	61	3	2489	21	2574	46853
UNKNOWN	189	A	0.952214452214	G	0.031857031857	2451	33	82	8	2574	46853
UNKNOWN	190	A	0.990287490287	G	0.00582750582751	2549	9	15	1	2574	46853
UNKNOWN	191	A	0.988733488733	T	0.00777000777001	2545	3	6	20	2574	46853
UNKNOWN	192	T	0.974747474747	C	0.0205905205905	10	53	2	2509	2574	46853
UNKNOWN	193	C	1.0	A	0.0	0	2574	0	0	2574	46853
UNKNOWN	194	C	0.987567987568	T	0.00854700854701	4	2542	6	22	2574	46853
UNKNOWN	195	C	0.994560994561	G	0.0042735042735	2	2560	11	1	2574	46853
UNKNOWN	196	G	0.995726495726	A	0.0034965034965	9	0	2563	2	2574	46853
UNKNOWN	197	G	0.907148407148	A	0.0578865578866	149	65	2335	25	2574	46853
UNKNOWN	198	C	0.990287490287	T	0.0042735042735	5	2549	9	11	2574	46853
UNKNOWN	199	T	0.993006993007	C	0.00582750582751	1	15	2	2556	2574	46853
UNKNOWN	200	C	0.991841491841	A	0.00582750582751	15	2553	2	4	2574	46853
UNKNOWN	201	A	0.988344988345	G	0.00854700854701	2544	8	22	0	2574	46853
UNKNOWN	202	G	0.966588966589	C	0.0198135198135	6	51	2488	29	2574	46853
UNKNOWN	203	C	0.919968919969	T	0.0598290598291	23	2368	29	154	2574	46853
UNKNOWN	204	A	0.985236985237	T	0.00738150738151	2536	2	17	19	2574	46853
UNKNOWN	205	T	0.995337995338	C	0.003885003885	1	10	1	2562	2574	46853
UNKNOWN	206	C	0.966588966589	T	0.017094017094	40	2488	2	44	2574	46853
UNKNOWN	207	A	0.984848484848	G	0.00660450660451	2535	8	17	14	2574	46853
UNKNOWN	208	C	0.979020979021	G	0.013986013986	3	2520	36	15	2574	46853
UNKNOWN	209	C	0.938616938617	T	0.038073038073	18	2416	42	98	2574	46853
UNKNOWN	210	A	0.995337995338	G	0.003108003108	2562	4	8	0	2574	46853
UNKNOWN	211	A	0.980574980575	G	0.0174825174825	2524	4	45	1	2574	46853
UNKNOWN	212	G	0.990287490287	A	0.00815850815851	21	4	2549	0	2574	46853
UNKNOWN	213	G	0.988344988345	A	0.00854700854701	22	6	2544	2	2574	46853
UNKNOWN	214	A	0.990287490287	C	0.004662004662	2549	12	6	7	2574	46853
UNKNOWN	215	C	0.978632478632	T	0.0128205128205	10	2519	12	33	2574	46853
UNKNOWN	216	A	0.986013986014	G	0.00932400932401	2538	5	24	7	2574	46853
UNKNOWN	217	A	0.986790986791	C	0.00699300699301	2540	18	12	4	2574	46853
UNKNOWN	218	C	0.975135975136	T	0.0182595182595	1	2510	16	47	2574	46853
UNKNOWN	219	T	0.991064491064	C	0.004662004662	4	12	7	2551	2574	46853
UNKNOWN	220	C	0.994172494172	T	0.00543900543901	1	2559	0	14	2574	46853
UNKNOWN	221	C	0.985236985237	T	0.00777000777001	11	2536	7	20	2574	46853
UNKNOWN	222	A	0.993783993784	C	0.0042735042735	2558	11	4	1	2574	46853
UNKNOWN	223	A	0.977466977467	G	0.0205905205905	2516	4	53	1	2574	46853
UNKNOWN	224	G	0.98174048174	A	0.0104895104895	27	18	2527	2	2574	46853
UNKNOWN	225	A	0.98445998446	G	0.0128205128205	2534	6	33	1	2574	46853
UNKNOWN	226	G	0.928127428127	A	0.0536130536131	138	47	2389	0	2574	46853
UNKNOWN	227	C	0.965423465423	T	0.0244755244755	6	2485	20	63	2574	46853
UNKNOWN	228	C	0.978632478632	G	0.016317016317	12	2519	42	1	2574	46853
UNKNOWN	229	A	0.985625485625	T	0.00621600621601	2537	8	13	16	2574	46853
UNKNOWN	230	A	0.980574980575	G	0.018648018648	2524	2	48	0	2574	46853
UNKNOWN	231	G	0.958041958042	A	0.0236985236985	61	33	2466	14	2574	46853
UNKNOWN	232	T	0.987179487179	C	0.00971250971251	1	25	7	2541	2574	46853
UNKNOWN	233	C	0.941336441336	T	0.029526029526	9	2423	66	76	2574	46853
UNKNOWN	234	T	0.991064491064	C	0.00582750582751	0	15	8	2551	2574	46853
UNKNOWN	235	C	0.988733488733	T	0.0104895104895	1	2545	1	27	2574	46853
UNKNOWN	236	T	0.986402486402	C	0.00660450660451	1	17	17	2539	2574	46853
UNKNOWN	237	C	0.994172494172	T	0.00582750582751	0	2559	0	15	2574	46853
UNKNOWN	238	T	0.993783993784	G	0.004662004662	0	4	12	2558	2574	46853
UNKNOWN	239	G	0.955322455322	A	0.024864024864	64	26	2459	25	2574	46853
UNKNOWN	240	T	0.987179487179	C	0.00621600621601	10	16	7	2541	2574	46853
UNKNOWN	241	C	0.990675990676	T	0.00543900543901	9	2550	1	14	2574	46853
UNKNOWN	242	A	0.98174048174	G	0.011655011655	2527	12	30	5	2574	46853
UNKNOWN	243	G	0.847707847708	C	0.0866355866356	128	223	2182	41	2574	46853
UNKNOWN	244	T	0.991064491064	C	0.004662004662	2	12	9	2551	2574	46853
UNKNOWN	245	G	0.95066045066	A	0.0353535353535	91	24	2447	12	2574	46853
UNKNOWN	246	A	0.982905982906	G	0.0120435120435	2530	12	31	1	2574	46853
UNKNOWN	247	G	0.902874902875	A	0.0742035742036	191	38	2324	21	2574	46853
UNKNOWN	248	C	0.95066045066	T	0.0384615384615	12	2447	16	99	2574	46853
UNKNOWN	249	A	0.986790986791	G	0.0112665112665	2540	4	29	1	2574	46853
UNKNOWN	250	G	0.961926961927	A	0.029526029526	76	22	2476	0	2574	46853
UNKNOWN	251	C	0.987179487179	T	0.00815850815851	1	2541	11	21	2574	46853
UNKNOWN	252	G	0.985236985237	A	0.00777000777001	20	7	2536	11	2574	46853
UNKNOWN	253	T	0.991841491841	C	0.004662004662	0	12	9	2553	2574	46853
UNKNOWN	254	G	0.956876456876	A	0.0345765345765	89	16	2463	6	2574	46853
UNKNOWN	255	A	0.984071484071	G	0.00699300699301	2533	11	18	12	2574	46853
UNKNOWN	256	C	0.991452991453	A	0.0042735042735	11	2552	2	9	2574	46853
UNKNOWN	257	A	0.970473970474	G	0.019425019425	2498	20	50	6	2574	46853
UNKNOWN	258	C	0.965034965035	A	0.024864024864	64	2484	13	13	2574	46853
UNKNOWN	259	C	0.988344988345	T	0.00893550893551	3	2544	4	23	2574	46853
UNKNOWN	260	T	0.951825951826	C	0.0306915306915	15	79	30	2450	2574	46853
UNKNOWN	261	G	0.98951048951	A	0.00777000777001	20	0	2547	7	2574	46853
UNKNOWN	262	A	0.982128982129	G	0.010878010878	2528	12	28	6	2574	46853
UNKNOWN	263	G	0.938228438228	A	0.034188034188	88	61	2415	10	2574	46853
UNKNOWN	264	G	0.990675990676	A	0.00621600621601	16	0	2550	8	2574	46853
UNKNOWN	265	A	0.985625485625	C	0.00738150738151	2537	19	15	3	2574	46853
UNKNOWN	266	C	0.970473970474	T	0.012432012432	27	2498	17	32	2574	46853
UNKNOWN	267	A	0.984071484071	G	0.00699300699301	2533	11	18	12	2574	46853
UNKNOWN	268	C	0.984848484848	G	0.00854700854701	5	2535	22	12	2574	46853
UNKNOWN	269	G	0.97397047397	A	0.020979020979	54	6	2507	7	2574	46853
UNKNOWN	270	G	0.991452991453	C	0.0042735042735	6	11	2552	5	2574	46853
UNKNOWN	271	C	0.989898989899	G	0.00621600621601	6	2548	16	4	2574	46853
UNKNOWN	272	C	0.991064491064	A	0.004662004662	12	2551	5	6	2574	46853
UNKNOWN	273	A	0.989121989122	G	0.00621600621601	2546	10	16	2	2574	46853
UNKNOWN	274	C	0.98445998446	A	0.00854700854701	22	2534	7	11	2574	46853
UNKNOWN	275	A	0.958041958042	G	0.027972027972	2466	14	72	22	2574	46853
UNKNOWN	276	T	0.990287490287	A	0.004662004662	12	6	7	2549	2574	46853
UNKNOWN	277	A	0.988344988345	C	0.00738150738151	2544	19	6	5	2574	46853
UNKNOWN	278	C	0.947552447552	T	0.048951048951	5	2439	4	126	2574	46853
UNKNOWN	279	T	0.984071484071	A	0.00621600621601	16	12	13	2533	2574	46853
UNKNOWN	280	A	0.974358974359	C	0.011655011655	2508	30	12	24	2574	46853
UNKNOWN	281	C	0.966977466977	T	0.0306915306915	5	2489	1	79	2574	46853
UNKNOWN	282	T	0.982128982129	G	0.0128205128205	7	6	33	2528	2574	46853
