Type	Position	Nucl1	Freq1	Nucl2	Freq2	NumAs	NumCs	NumGs	NumTs	NumAligned	NumNaive
UNKNOWN	0	C	1.0	A	0.0	0	6906	0	0	6906	46853
UNKNOWN	1	A	1.0	C	0.0	6906	0	0	0	6906	46853
UNKNOWN	2	G	1.0	A	0.0	0	0	6906	0	6906	46853
UNKNOWN	3	G	1.0	A	0.0	0	0	6906	0	6906	46853
UNKNOWN	4	T	1.0	A	0.0	0	0	0	6906	6906	46853
UNKNOWN	5	G	1.0	A	0.0	0	0	6906	0	6906	46853
UNKNOWN	6	C	1.0	A	0.0	0	6906	0	0	6906	46853
UNKNOWN	7	A	0.994642339994	G	0.0033304373009	6869	4	23	10	6906	46853
UNKNOWN	8	G	0.983927019983	A	0.0115841297423	80	25	6795	6	6906	46853
UNKNOWN	9	C	0.996669562699	T	0.00246162757023	0	6883	6	17	6906	46853
UNKNOWN	10	T	0.998117578917	C	0.00159281783956	0	11	2	6893	6906	46853
UNKNOWN	11	G	0.999855198378	A	0.000144801621778	1	0	6905	0	6906	46853
UNKNOWN	12	C	0.999420793513	T	0.000579206487113	0	6902	0	4	6906	46853
UNKNOWN	13	G	0.999420793513	A	0.000434404865334	3	1	6902	0	6906	46853
UNKNOWN	14	C	0.892557196641	G	0.106429192007	2	6164	735	5	6906	46853
UNKNOWN	15	G	0.999275991891	A	0.000289603243556	2	2	6901	1	6906	46853
UNKNOWN	16	A	0.99753837243	G	0.00159281783956	6889	6	11	0	6906	46853
UNKNOWN	17	G	0.993049522155	A	0.00550246162757	38	9	6858	1	6906	46853
UNKNOWN	18	T	0.994497538372	G	0.00246162757023	6	15	17	6868	6906	46853
UNKNOWN	19	C	0.999420793513	T	0.000434404865334	0	6902	1	3	6906	46853
UNKNOWN	20	G	0.989863886476	A	0.00695047784535	48	21	6836	1	6906	46853
UNKNOWN	21	G	0.998841587026	C	0.000724008108891	3	5	6898	0	6906	46853
UNKNOWN	22	G	0.999420793513	A	0.000579206487113	4	0	6902	0	6906	46853
UNKNOWN	23	C	0.999565595135	T	0.000434404865334	0	6903	0	3	6906	46853
UNKNOWN	24	C	0.998696785404	G	0.000724008108891	0	6897	5	4	6906	46853
UNKNOWN	25	C	0.999565595135	T	0.000289603243556	0	6903	1	2	6906	46853
UNKNOWN	26	C	0.999131190269	A	0.000724008108891	5	6900	0	1	6906	46853
UNKNOWN	27	A	0.99753837243	G	0.00202722270489	6889	3	14	0	6906	46853
UNKNOWN	28	G	0.994497538372	A	0.00419924703157	29	7	6868	2	6906	46853
UNKNOWN	29	C	0.996669562699	T	0.00318563567912	1	6883	0	22	6906	46853
UNKNOWN	30	C	0.998551983782	T	0.00144801621778	0	6896	0	10	6906	46853
UNKNOWN	31	T	0.997683174052	C	0.001303214596	2	9	5	6890	6906	46853
UNKNOWN	32	G	0.996959165943	A	0.00173761946134	12	6	6885	3	6906	46853
UNKNOWN	33	G	0.998117578917	A	0.00101361135245	7	2	6893	4	6906	46853
UNKNOWN	34	T	0.997393570808	C	0.00173761946134	2	12	4	6888	6906	46853
UNKNOWN	35	G	0.99753837243	A	0.00202722270489	14	3	6889	0	6906	46853
UNKNOWN	36	A	0.996379959456	C	0.00202722270489	6881	14	8	3	6906	46853
UNKNOWN	37	A	0.996090356212	G	0.00318563567912	6879	2	22	3	6906	46853
UNKNOWN	38	G	0.99840718216	A	0.000868809730669	6	5	6895	0	6906	46853
UNKNOWN	39	C	0.99840718216	T	0.000868809730669	0	6895	5	6	6906	46853
UNKNOWN	40	C	0.999565595135	T	0.000434404865334	0	6903	0	3	6906	46853
UNKNOWN	41	C	0.998262380539	T	0.00115841297423	0	6894	4	8	6906	46853
UNKNOWN	42	T	0.996524761077	C	0.00304083405734	3	21	0	6882	6906	46853
UNKNOWN	43	C	0.999131190269	A	0.000579206487113	4	6900	0	2	6906	46853
UNKNOWN	44	A	0.99753837243	G	0.00159281783956	6889	6	11	0	6906	46853
UNKNOWN	45	C	0.998551983782	A	0.000579206487113	4	6896	4	2	6906	46853
UNKNOWN	46	A	0.998117578917	G	0.00144801621778	6893	2	10	1	6906	46853
UNKNOWN	47	G	0.998117578917	A	0.00159281783956	11	2	6893	0	6906	46853
UNKNOWN	48	A	0.997683174052	G	0.00115841297423	6890	7	8	1	6906	46853
UNKNOWN	49	C	0.99753837243	T	0.00202722270489	0	6889	3	14	6906	46853
UNKNOWN	50	C	0.998696785404	T	0.000868809730669	1	6897	2	6	6906	46853
UNKNOWN	51	C	0.998986388648	T	0.00101361135245	0	6899	0	7	6906	46853
UNKNOWN	52	T	0.996814364321	C	0.00289603243556	1	20	1	6884	6906	46853
UNKNOWN	53	C	0.998986388648	T	0.000724008108891	0	6899	2	5	6906	46853
UNKNOWN	54	T	0.997248769186	C	0.00275123081379	0	19	0	6887	6906	46853
UNKNOWN	55	C	0.998841587026	T	0.00115841297423	0	6898	0	8	6906	46853
UNKNOWN	56	C	0.994642339994	T	0.00477845351868	0	6869	4	33	6906	46853
UNKNOWN	57	C	0.99753837243	G	0.00188242108312	0	6889	13	4	6906	46853
UNKNOWN	58	T	0.997393570808	C	0.00246162757023	1	17	0	6888	6906	46853
UNKNOWN	59	C	0.998986388648	A	0.000579206487113	4	6899	0	3	6906	46853
UNKNOWN	60	A	0.998551983782	C	0.000868809730669	6896	6	3	1	6906	46853
UNKNOWN	61	C	0.996959165943	T	0.00289603243556	0	6885	1	20	6906	46853
UNKNOWN	62	C	0.994642339994	T	0.00347523892268	3	6869	10	24	6906	46853
UNKNOWN	63	T	0.997827975673	C	0.00159281783956	0	11	4	6891	6906	46853
UNKNOWN	64	G	0.998696785404	A	0.000724008108891	5	4	6897	0	6906	46853
UNKNOWN	65	C	0.998117578917	T	0.001303214596	4	6893	0	9	6906	46853
UNKNOWN	66	A	0.995366348103	G	0.0033304373009	6874	9	23	0	6906	46853
UNKNOWN	67	C	0.99594555459	T	0.00347523892268	0	6878	4	24	6906	46853
UNKNOWN	68	G	0.99189110918	A	0.00695047784535	48	7	6850	1	6906	46853
UNKNOWN	69	G	0.972198088619	A	0.0260642919201	180	5	6714	7	6906	46853
UNKNOWN	70	T	0.996090356212	C	0.00376484216623	0	26	1	6879	6906	46853
UNKNOWN	71	C	0.988995076745	T	0.00521285838401	7	6830	33	36	6906	46853
UNKNOWN	72	T	0.99753837243	C	0.00202722270489	1	14	2	6889	6906	46853
UNKNOWN	73	C	0.998841587026	T	0.00115841297423	0	6898	0	8	6906	46853
UNKNOWN	74	T	0.996814364321	C	0.00188242108312	1	13	8	6884	6906	46853
UNKNOWN	75	G	0.99840718216	A	0.00115841297423	8	3	6895	0	6906	46853
UNKNOWN	76	G	0.997103967564	A	0.00188242108312	13	7	6886	0	6906	46853
UNKNOWN	77	A	0.986388647553	G	0.00709527946713	6812	33	49	12	6906	46853
UNKNOWN	78	T	0.993194323776	C	0.00434404865334	5	30	12	6859	6906	46853
UNKNOWN	79	T	0.995366348103	C	0.00448885027512	0	31	1	6874	6906	46853
UNKNOWN	80	C	0.995221546481	T	0.00405444540979	1	6873	4	28	6906	46853
UNKNOWN	81	T	0.994931943238	C	0.00434404865334	2	30	3	6871	6906	46853
UNKNOWN	82	C	0.998117578917	T	0.00101361135245	5	6893	1	7	6906	46853
UNKNOWN	83	A	0.996090356212	G	0.00188242108312	6879	4	13	10	6906	46853
UNKNOWN	84	T	0.997683174052	C	0.00144801621778	2	10	4	6890	6906	46853
UNKNOWN	85	T	0.997827975673	G	0.00188242108312	2	0	13	6891	6906	46853
UNKNOWN	86	G	0.985230234579	A	0.0140457573125	97	4	6804	1	6906	46853
UNKNOWN	87	A	0.990153489719	G	0.00767448595424	6838	12	53	3	6906	46853
UNKNOWN	88	G	0.952649869679	A	0.0264986967854	183	126	6579	18	6906	46853
UNKNOWN	89	C	0.966985230235	T	0.0230234578627	17	6678	52	159	6906	46853
UNKNOWN	90	A	0.978714161599	G	0.0181002027223	6759	19	125	3	6906	46853
UNKNOWN	91	G	0.810454677092	A	0.14089197799	973	282	5597	54	6906	46853
UNKNOWN	92	C	0.965971618882	T	0.0191138140747	43	6671	60	132	6906	46853
UNKNOWN	93	T	0.983203011874	A	0.00622646973646	43	38	35	6790	6906	46853
UNKNOWN	94	A	0.977555748624	G	0.00854329568491	6751	54	59	42	6906	46853
UNKNOWN	95	T	0.987112655662	C	0.00883289892847	3	61	25	6817	6906	46853
UNKNOWN	96	G	0.906458152331	A	0.0719664060237	497	70	6260	79	6906	46853
UNKNOWN	97	C	0.892557196641	G	0.0432956849117	168	6164	299	275	6906	46853
UNKNOWN	98	T	0.993339125398	C	0.00318563567912	2	22	22	6860	6906	46853
UNKNOWN	99	G	0.955111497249	A	0.0427164784246	295	5	6596	10	6906	46853
UNKNOWN	100	T	0.997972777295	C	0.00144801621778	4	10	0	6892	6906	46853
UNKNOWN	101	A	0.97799015349	G	0.0166521865045	6754	18	115	19	6906	46853
UNKNOWN	102	A	0.973646104836	G	0.0186794092094	6724	17	129	36	6906	46853
UNKNOWN	103	G	0.764552562989	A	0.141036779612	974	550	5280	102	6906	46853
UNKNOWN	104	C	0.981899797278	T	0.0160729800174	4	6781	10	111	6906	46853
UNKNOWN	105	T	0.997683174052	C	0.001303214596	1	9	6	6890	6906	46853
UNKNOWN	106	G	0.999131190269	A	0.000289603243556	2	2	6900	2	6906	46853
UNKNOWN	107	G	0.999420793513	A	0.000289603243556	2	1	6902	1	6906	46853
UNKNOWN	108	G	0.964523602664	A	0.0253402838112	175	35	6661	35	6906	46853
UNKNOWN	109	T	0.99507674486	C	0.00419924703157	3	29	2	6872	6906	46853
UNKNOWN	110	C	0.99753837243	T	0.00188242108312	1	6889	3	13	6906	46853
UNKNOWN	111	C	0.998696785404	G	0.000868809730669	0	6897	6	3	6906	46853
UNKNOWN	112	G	0.998841587026	C	0.000868809730669	2	6	6898	0	6906	46853
UNKNOWN	113	C	0.99840718216	T	0.00101361135245	2	6895	2	7	6906	46853
UNKNOWN	114	C	0.998696785404	A	0.000868809730669	6	6897	2	1	6906	46853
UNKNOWN	115	A	0.995511149725	G	0.00362004054445	6875	4	25	2	6906	46853
UNKNOWN	116	G	0.997248769186	A	0.00202722270489	14	5	6887	0	6906	46853
UNKNOWN	117	G	0.98291340863	A	0.0150593686649	104	12	6788	2	6906	46853
UNKNOWN	118	C	0.995221546481	T	0.00362004054445	2	6873	6	25	6906	46853
UNKNOWN	119	T	0.99507674486	C	0.00289603243556	0	20	14	6872	6906	46853
UNKNOWN	120	C	0.998551983782	T	0.00115841297423	1	6896	1	8	6906	46853
UNKNOWN	121	C	0.998551983782	A	0.000868809730669	6	6896	2	2	6906	46853
UNKNOWN	122	A	0.986388647553	G	0.0131769475818	6812	1	91	2	6906	46853
UNKNOWN	123	G	0.998696785404	A	0.00101361135245	7	2	6897	0	6906	46853
UNKNOWN	124	G	0.999275991891	A	0.000434404865334	3	2	6901	0	6906	46853
UNKNOWN	125	G	0.99507674486	A	0.0046336518969	32	2	6872	0	6906	46853
UNKNOWN	126	A	0.999565595135	G	0.000434404865334	6903	0	3	0	6906	46853
UNKNOWN	127	A	0.995366348103	G	0.00434404865334	6874	2	30	0	6906	46853
UNKNOWN	128	G	0.996524761077	A	0.00289603243556	20	4	6882	0	6906	46853
UNKNOWN	129	G	0.985085432957	A	0.0111497248769	77	19	6803	7	6906	46853
UNKNOWN	130	C	0.994787141616	T	0.00318563567912	0	6870	14	22	6906	46853
UNKNOWN	131	G	0.958876339415	A	0.0301187373299	208	27	6622	49	6906	46853
UNKNOWN	132	C	0.991456704315	T	0.0066608746018	11	6847	2	46	6906	46853
UNKNOWN	133	T	0.996379959456	G	0.00188242108312	1	11	13	6881	6906	46853
UNKNOWN	134	G	0.985519837822	A	0.0115841297423	80	9	6806	11	6906	46853
UNKNOWN	135	G	0.997683174052	A	0.00144801621778	10	6	6890	0	6906	46853
UNKNOWN	136	A	0.997972777295	G	0.00173761946134	6892	1	12	1	6906	46853
UNKNOWN	137	G	0.990877497828	A	0.0066608746018	46	8	6843	9	6906	46853
UNKNOWN	138	T	0.997393570808	G	0.001303214596	4	5	9	6888	6906	46853
UNKNOWN	139	G	0.991311902693	A	0.0059368664929	41	12	6846	7	6906	46853
UNKNOWN	140	C	0.844338256588	G	0.131190269331	7	5831	906	162	6906	46853
UNKNOWN	141	C	0.895598030698	G	0.0947002606429	52	6185	654	15	6906	46853
UNKNOWN	142	T	0.996814364321	C	0.00231682594845	3	16	3	6884	6906	46853
UNKNOWN	143	C	0.863596872285	T	0.132348682305	8	5964	20	914	6906	46853
UNKNOWN	144	G	0.997248769186	A	0.00231682594845	16	1	6887	2	6906	46853
UNKNOWN	145	G	0.99189110918	C	0.00535766000579	4	37	6850	15	6906	46853
UNKNOWN	146	T	0.97147408051	C	0.0120185346076	32	83	82	6709	6906	46853
UNKNOWN	147	G	0.736895453229	A	0.218650448885	1510	94	5089	213	6906	46853
UNKNOWN	148	G	0.676513176948	A	0.249637995946	1724	391	4672	119	6906	46853
UNKNOWN	149	T	0.935273675065	G	0.0321459600348	110	115	222	6459	6906	46853
UNKNOWN	150	A	0.946133796699	G	0.048942948161	6534	5	338	29	6906	46853
UNKNOWN	151	T	0.990587894584	G	0.00477845351868	15	17	33	6841	6906	46853
UNKNOWN	152	A	0.963220388068	G	0.0165073848827	6652	65	114	75	6906	46853
UNKNOWN	153	A	0.943092962641	G	0.0492325514046	6513	37	340	16	6906	46853
UNKNOWN	154	G	0.897335650159	A	0.0751520417029	519	145	6197	45	6906	46853
UNKNOWN	155	C	0.935273675065	T	0.0472053286997	54	6459	67	326	6906	46853
UNKNOWN	156	A	0.900231682595	G	0.0923834346945	6217	44	638	7	6906	46853
UNKNOWN	157	G	0.920359108022	A	0.0441644946423	305	171	6356	74	6906	46853
UNKNOWN	158	T	0.973356501593	G	0.016941789748	29	38	117	6722	6906	46853
UNKNOWN	159	G	0.862293657689	A	0.110049232551	760	159	5955	32	6906	46853
UNKNOWN	160	G	0.898638864755	A	0.0683463654793	472	167	6206	61	6906	46853
UNKNOWN	161	T	0.986243845931	G	0.00724008108891	12	33	50	6811	6906	46853
UNKNOWN	162	G	0.995511149725	A	0.00419924703157	29	2	6875	0	6906	46853
UNKNOWN	163	G	0.993773530264	A	0.00434404865334	30	11	6863	2	6906	46853
UNKNOWN	164	A	0.965537214017	G	0.0263538951636	6668	29	182	27	6906	46853
UNKNOWN	165	A	0.936432088039	G	0.0460469157255	6467	43	318	78	6906	46853
UNKNOWN	166	G	0.588039386041	A	0.20359108022	1406	719	4061	720	6906	46853
UNKNOWN	167	C	0.911671010715	T	0.0373588184188	219	6296	133	258	6906	46853
UNKNOWN	168	A	0.966985230235	C	0.0166521865045	6678	115	104	9	6906	46853
UNKNOWN	169	C	0.981465392412	T	0.0108601216334	23	6778	30	75	6906	46853
UNKNOWN	170	A	0.989284679988	G	0.00738488271069	6832	15	51	8	6906	46853
UNKNOWN	171	G	0.883869099334	T	0.0799304952215	180	70	6104	552	6906	46853
UNKNOWN	172	G	0.815233130611	A	0.135099913119	933	244	5630	99	6906	46853
UNKNOWN	173	C	0.982189400521	G	0.00810889081958	12	6783	56	55	6906	46853
UNKNOWN	174	T	0.99102229945	A	0.0046336518969	32	27	3	6844	6906	46853
UNKNOWN	175	A	0.987112655662	T	0.00970170865914	6817	3	19	67	6906	46853
UNKNOWN	176	T	0.982623805387	C	0.014335360556	19	99	2	6786	6906	46853
UNKNOWN	177	A	0.99102229945	C	0.0046336518969	6844	32	30	0	6906	46853
UNKNOWN	178	A	0.990732696206	G	0.00579206487113	6842	24	40	0	6906	46853
UNKNOWN	179	C	0.913987836664	T	0.0792064871127	10	6312	37	547	6906	46853
UNKNOWN	180	C	0.958586736171	T	0.0240370692152	16	6620	104	166	6906	46853
UNKNOWN	181	C	0.988415870258	T	0.00680567622357	21	6826	12	47	6906	46853
UNKNOWN	182	A	0.98696785404	G	0.0079640891978	6816	26	55	9	6906	46853
UNKNOWN	183	G	0.981320590791	A	0.00999131190269	69	28	6777	32	6906	46853
UNKNOWN	184	C	0.984795829713	T	0.00941210541558	17	6801	23	65	6906	46853
UNKNOWN	185	C	0.998986388648	T	0.000724008108891	0	6899	2	5	6906	46853
UNKNOWN	186	C	0.994352736751	T	0.00405444540979	5	6867	6	28	6906	46853
UNKNOWN	187	T	0.995800752968	G	0.00246162757023	3	9	17	6877	6906	46853
UNKNOWN	188	G	0.974514914567	A	0.0208514335361	144	6	6730	26	6906	46853
UNKNOWN	189	A	0.991167101072	G	0.00608166811468	6845	16	42	3	6906	46853
UNKNOWN	190	A	0.993194323776	G	0.00362004054445	6859	15	25	7	6906	46853
UNKNOWN	191	A	0.992325514046	T	0.00289603243556	6853	13	20	20	6906	46853
UNKNOWN	192	T	0.993194323776	C	0.00434404865334	8	30	9	6859	6906	46853
UNKNOWN	193	C	0.999275991891	T	0.000289603243556	1	6901	2	2	6906	46853
UNKNOWN	194	C	0.990008688097	T	0.00695047784535	0	6837	21	48	6906	46853
UNKNOWN	195	C	0.996959165943	G	0.00260642919201	1	6885	18	2	6906	46853
UNKNOWN	196	G	0.998551983782	A	0.000724008108891	5	3	6896	2	6906	46853
UNKNOWN	197	G	0.933101650738	A	0.0499565595135	345	74	6444	43	6906	46853
UNKNOWN	198	C	0.993918331885	G	0.00289603243556	4	6864	20	18	6906	46853
UNKNOWN	199	T	0.993628728642	C	0.0046336518969	5	32	7	6862	6906	46853
UNKNOWN	200	C	0.988126267014	T	0.00579206487113	33	6824	9	40	6906	46853
UNKNOWN	201	A	0.993194323776	G	0.00492325514046	6859	13	34	0	6906	46853
UNKNOWN	202	G	0.980017376195	C	0.0146249637996	14	101	6768	23	6906	46853
UNKNOWN	203	C	0.9527946713	T	0.0276571097596	67	6580	68	191	6906	46853
UNKNOWN	204	A	0.988850275123	G	0.00579206487113	6829	10	40	27	6906	46853
UNKNOWN	205	T	0.994207935129	C	0.00434404865334	5	30	5	6866	6906	46853
UNKNOWN	206	C	0.986099044309	T	0.00941210541558	29	6810	2	65	6906	46853
UNKNOWN	207	A	0.988995076745	G	0.00695047784535	6830	23	48	5	6906	46853
UNKNOWN	208	C	0.988995076745	T	0.00521285838401	6	6830	34	36	6906	46853
UNKNOWN	209	C	0.963944396177	G	0.0162177816392	45	6657	112	92	6906	46853
UNKNOWN	210	A	0.996814364321	G	0.00246162757023	6884	5	17	0	6906	46853
UNKNOWN	211	A	0.994207935129	G	0.00448885027512	6866	5	31	4	6906	46853
UNKNOWN	212	G	0.986388647553	A	0.0107153200116	74	20	6812	0	6906	46853
UNKNOWN	213	G	0.993339125398	A	0.00550246162757	38	3	6860	5	6906	46853
UNKNOWN	214	A	0.994497538372	C	0.00260642919201	6868	18	10	10	6906	46853
UNKNOWN	215	C	0.983492615117	T	0.00941210541558	23	6792	26	65	6906	46853
UNKNOWN	216	A	0.992180712424	G	0.00448885027512	6852	7	31	16	6906	46853
UNKNOWN	217	A	0.989284679988	G	0.00622646973646	6832	25	43	6	6906	46853
UNKNOWN	218	C	0.979293368086	T	0.0191138140747	0	6763	11	132	6906	46853
UNKNOWN	219	T	0.992035910802	C	0.00492325514046	5	34	16	6851	6906	46853
UNKNOWN	220	C	0.995221546481	T	0.0033304373009	8	6873	2	23	6906	46853
UNKNOWN	221	C	0.991456704315	A	0.00376484216623	26	6847	12	21	6906	46853
UNKNOWN	222	A	0.990732696206	G	0.00579206487113	6842	24	40	0	6906	46853
UNKNOWN	223	A	0.986533449175	G	0.0121633362294	6813	5	84	4	6906	46853
UNKNOWN	224	G	0.98942948161	A	0.00622646973646	43	25	6833	5	6906	46853
UNKNOWN	225	A	0.990732696206	G	0.00695047784535	6842	15	48	1	6906	46853
UNKNOWN	226	G	0.945988995077	A	0.047639733565	329	40	6533	4	6906	46853
UNKNOWN	227	C	0.962930784825	T	0.0283811178685	11	6650	49	196	6906	46853
UNKNOWN	228	C	0.990443092963	G	0.00564726324935	25	6840	39	2	6906	46853
UNKNOWN	229	A	0.996379959456	G	0.00217202432667	6881	2	15	8	6906	46853
UNKNOWN	230	A	0.977700550246	G	0.0195482189401	6752	14	135	5	6906	46853
UNKNOWN	231	G	0.978714161599	A	0.0128873443383	89	19	6759	39	6906	46853
UNKNOWN	232	T	0.994207935129	C	0.00492325514046	3	34	3	6866	6906	46853
UNKNOWN	233	C	0.971039675644	T	0.0147697654214	18	6706	80	102	6906	46853
UNKNOWN	234	T	0.988850275123	C	0.00521285838401	8	36	33	6829	6906	46853
UNKNOWN	235	C	0.992180712424	T	0.00709527946713	5	6852	0	49	6906	46853
UNKNOWN	236	T	0.98045178106	C	0.0124529394729	2	86	47	6771	6906	46853
UNKNOWN	237	C	0.993194323776	T	0.00448885027512	9	6859	7	31	6906	46853
UNKNOWN	238	T	0.994063133507	G	0.00289603243556	6	15	20	6865	6906	46853
UNKNOWN	239	G	0.964523602664	A	0.0201274254272	139	37	6661	69	6906	46853
UNKNOWN	240	T	0.982334202143	A	0.0108601216334	75	29	18	6784	6906	46853
UNKNOWN	241	C	0.988850275123	T	0.00738488271069	22	6829	4	51	6906	46853
UNKNOWN	242	A	0.986823052418	G	0.0101361135245	6815	11	70	10	6906	46853
UNKNOWN	243	G	0.898928467999	A	0.0456125108601	315	295	6208	88	6906	46853
UNKNOWN	244	T	0.994787141616	G	0.00304083405734	3	12	21	6870	6906	46853
UNKNOWN	245	G	0.972487691862	A	0.0170865913698	118	18	6716	54	6906	46853
UNKNOWN	246	A	0.98450622647	G	0.0112945264987	6799	21	78	8	6906	46853
UNKNOWN	247	G	0.921662322618	A	0.052852591949	365	132	6365	44	6906	46853
UNKNOWN	248	C	0.966116420504	T	0.025485085433	39	6672	19	176	6906	46853
UNKNOWN	249	A	0.990153489719	G	0.00854329568491	6838	8	59	1	6906	46853
UNKNOWN	250	G	0.969302056183	A	0.0157833767738	109	98	6694	5	6906	46853
UNKNOWN	251	C	0.989284679988	T	0.00622646973646	3	6832	28	43	6906	46853
UNKNOWN	252	G	0.987257457284	A	0.00767448595424	53	13	6818	22	6906	46853
UNKNOWN	253	T	0.990877497828	C	0.0046336518969	4	32	27	6843	6906	46853
UNKNOWN	254	G	0.971908485375	A	0.0208514335361	144	12	6712	38	6906	46853
UNKNOWN	255	A	0.985230234579	G	0.00912250217202	6804	26	63	13	6906	46853
UNKNOWN	256	C	0.98942948161	T	0.0059368664929	25	6833	7	41	6906	46853
UNKNOWN	257	A	0.980017376195	G	0.0112945264987	6768	42	78	18	6906	46853
UNKNOWN	258	C	0.970026064292	A	0.0188242108312	130	6699	45	32	6906	46853
UNKNOWN	259	C	0.990153489719	T	0.00709527946713	8	6838	11	49	6906	46853
UNKNOWN	260	T	0.967998841587	C	0.0220098465103	10	152	59	6685	6906	46853
UNKNOWN	261	G	0.993049522155	A	0.00535766000579	37	6	6858	5	6906	46853
UNKNOWN	262	A	0.987547060527	G	0.00999131190269	6820	15	69	2	6906	46853
UNKNOWN	263	G	0.947002606429	A	0.0276571097596	191	160	6540	15	6906	46853
UNKNOWN	264	G	0.99102229945	A	0.00637127135824	44	8	6844	10	6906	46853
UNKNOWN	265	A	0.990443092963	C	0.00550246162757	6840	38	18	10	6906	46853
UNKNOWN	266	C	0.979727772951	T	0.00999131190269	48	6766	23	69	6906	46853
UNKNOWN	267	A	0.985519837822	G	0.00825369244136	6806	23	57	20	6906	46853
UNKNOWN	268	C	0.991746307559	A	0.00289603243556	20	6849	20	17	6906	46853
UNKNOWN	269	G	0.910367796119	A	0.084853750362	586	21	6287	12	6906	46853
UNKNOWN	270	G	0.990443092963	A	0.00376484216623	26	23	6840	17	6906	46853
UNKNOWN	271	C	0.991311902693	A	0.00419924703157	29	6846	26	5	6906	46853
UNKNOWN	272	C	0.990877497828	A	0.00535766000579	37	6843	8	18	6906	46853
UNKNOWN	273	A	0.990877497828	G	0.00434404865334	6843	25	30	8	6906	46853
UNKNOWN	274	C	0.986388647553	T	0.00608166811468	37	6812	15	42	6906	46853
UNKNOWN	275	A	0.971763683753	G	0.0175209962352	6711	31	121	43	6906	46853
UNKNOWN	276	T	0.991167101072	A	0.00390964378801	27	9	25	6845	6906	46853
UNKNOWN	277	A	0.991167101072	C	0.00521285838401	6845	36	15	10	6906	46853
UNKNOWN	278	C	0.951491456704	T	0.046336518969	9	6571	6	320	6906	46853
UNKNOWN	279	T	0.988995076745	A	0.00405444540979	28	24	24	6830	6906	46853
UNKNOWN	280	A	0.980306979438	T	0.010425716768	6770	44	20	72	6906	46853
UNKNOWN	281	C	0.974225311323	T	0.0236026643498	8	6728	7	163	6906	46853
UNKNOWN	282	T	0.989284679988	G	0.00724008108891	16	8	50	6832	6906	46853
