Type	Position	Nucl1	Freq1	Nucl2	Freq2	NumAs	NumCs	NumGs	NumTs	NumAligned	NumNaive
UNKNOWN	0	C	1.0	A	0.0	0	13288	0	0	13288	46853
UNKNOWN	1	A	1.0	C	0.0	13288	0	0	0	13288	46853
UNKNOWN	2	G	1.0	A	0.0	0	0	13288	0	13288	46853
UNKNOWN	3	G	1.0	A	0.0	0	0	13288	0	13288	46853
UNKNOWN	4	T	1.0	A	0.0	0	0	0	13288	13288	46853
UNKNOWN	5	G	1.0	A	0.0	0	0	13288	0	13288	46853
UNKNOWN	6	C	1.0	A	0.0	0	13288	0	0	13288	46853
UNKNOWN	7	A	0.995785671282	T	0.00240818783865	13232	9	15	32	13288	46853
UNKNOWN	8	G	0.987281757977	A	0.0091059602649	121	45	13119	3	13288	46853
UNKNOWN	9	C	0.996613485852	T	0.00293497892836	0	13243	6	39	13288	46853
UNKNOWN	10	T	0.998570138471	C	0.00120409391933	0	16	3	13269	13288	46853
UNKNOWN	11	G	0.998419626731	A	0.000978326309452	13	6	13267	2	13288	46853
UNKNOWN	12	C	0.9992474413	T	0.000677302829621	0	13278	1	9	13288	46853
UNKNOWN	13	G	0.999021673691	A	0.000677302829621	9	2	13275	2	13288	46853
UNKNOWN	14	G	0.980885009031	C	0.0155027092113	13	206	13034	35	13288	46853
UNKNOWN	15	G	0.99947320891	C	0.000301023479831	2	4	13281	1	13288	46853
UNKNOWN	16	A	0.997516556291	G	0.00158037326911	13255	9	21	3	13288	46853
UNKNOWN	17	G	0.998118603251	A	0.00112883804937	15	10	13263	0	13288	46853
UNKNOWN	18	T	0.998494882601	C	0.00112883804937	0	15	5	13268	13288	46853
UNKNOWN	19	C	0.9992474413	T	0.000602046959663	2	13278	0	8	13288	46853
UNKNOWN	20	G	0.990593016255	A	0.00888019265503	118	3	13163	4	13288	46853
UNKNOWN	21	G	0.99939795304	C	0.000376279349789	3	5	13280	0	13288	46853
UNKNOWN	22	G	0.99917218543	A	0.000526791089705	7	2	13277	2	13288	46853
UNKNOWN	23	C	0.99932269717	T	0.000602046959663	1	13279	0	8	13288	46853
UNKNOWN	24	C	0.99977423239	T	0.000225767609874	0	13285	0	3	13288	46853
UNKNOWN	25	C	0.99962372065	T	0.000301023479831	0	13283	1	4	13288	46853
UNKNOWN	26	C	0.9992474413	A	0.000376279349789	5	13278	0	5	13288	46853
UNKNOWN	27	A	0.997516556291	G	0.00165562913907	13255	11	22	0	13288	46853
UNKNOWN	28	G	0.997892835641	A	0.00120409391933	16	12	13260	0	13288	46853
UNKNOWN	29	C	0.996688741722	T	0.00331125827815	0	13244	0	44	13288	46853
UNKNOWN	30	C	0.99917218543	T	0.000602046959663	0	13277	3	8	13288	46853
UNKNOWN	31	T	0.998344370861	C	0.00135460565924	1	18	3	13266	13288	46853
UNKNOWN	32	G	0.995710415412	A	0.00293497892836	39	11	13231	7	13288	46853
UNKNOWN	33	G	0.997742323901	C	0.00120409391933	9	16	13258	5	13288	46853
UNKNOWN	34	T	0.998269114991	C	0.0014298615292	1	19	3	13265	13288	46853
UNKNOWN	35	G	0.997441300421	A	0.00180614087899	24	8	13254	2	13288	46853
UNKNOWN	36	A	0.997817579771	C	0.00105358217941	13259	14	11	4	13288	46853
UNKNOWN	37	A	0.997516556291	G	0.00210716435882	13255	4	28	1	13288	46853
UNKNOWN	38	G	0.998118603251	A	0.00105358217941	14	8	13263	3	13288	46853
UNKNOWN	39	C	0.996538229982	T	0.00203190848886	14	13242	5	27	13288	46853
UNKNOWN	40	C	0.99917218543	T	0.000526791089705	1	13277	3	7	13288	46853
UNKNOWN	41	G	0.943708609272	C	0.0514750150512	50	684	12540	14	13288	46853
UNKNOWN	42	T	0.996462974112	C	0.0019566526189	12	26	9	13241	13288	46853
UNKNOWN	43	C	0.997892835641	T	0.0019566526189	2	13260	0	26	13288	46853
UNKNOWN	44	A	0.997742323901	G	0.00180614087899	13258	5	24	1	13288	46853
UNKNOWN	45	C	0.999096929561	G	0.000451535219747	5	13276	6	1	13288	46853
UNKNOWN	46	A	0.997817579771	G	0.00127934978928	13259	9	17	3	13288	46853
UNKNOWN	47	G	0.997516556291	A	0.00173088500903	23	9	13255	1	13288	46853
UNKNOWN	48	A	0.997667068031	G	0.00135460565924	13257	10	18	3	13288	46853
UNKNOWN	49	C	0.998193859121	T	0.00150511739916	1	13264	3	20	13288	46853
UNKNOWN	50	C	0.997065021072	T	0.00263395544852	0	13249	4	35	13288	46853
UNKNOWN	51	C	0.998570138471	T	0.00105358217941	3	13269	2	14	13288	46853
UNKNOWN	52	T	0.997140276942	C	0.00278446718844	1	37	0	13250	13288	46853
UNKNOWN	53	C	0.997817579771	G	0.00158037326911	1	13259	21	7	13288	46853
UNKNOWN	54	T	0.997892835641	C	0.00165562913907	1	22	5	13260	13288	46853
UNKNOWN	55	C	0.9992474413	T	0.000451535219747	1	13278	3	6	13288	46853
UNKNOWN	56	G	0.932645996388	C	0.0616345574955	64	819	12393	12	13288	46853
UNKNOWN	57	C	0.997892835641	G	0.00158037326911	2	13260	21	5	13288	46853
UNKNOWN	58	T	0.997968091511	C	0.00173088500903	3	23	1	13261	13288	46853
UNKNOWN	59	C	0.999021673691	T	0.000602046959663	5	13275	0	8	13288	46853
UNKNOWN	60	A	0.995710415412	G	0.00323600240819	13231	6	43	8	13288	46853
UNKNOWN	61	C	0.99917218543	T	0.000677302829621	0	13277	2	9	13288	46853
UNKNOWN	62	C	0.998419626731	T	0.00105358217941	1	13267	6	14	13288	46853
UNKNOWN	63	T	0.997817579771	C	0.00173088500903	2	23	4	13259	13288	46853
UNKNOWN	64	G	0.998645394341	A	0.000903070439494	12	4	13270	2	13288	46853
UNKNOWN	65	C	0.998720650211	T	0.000978326309452	3	13271	1	13	13288	46853
UNKNOWN	66	A	0.996914509332	G	0.00210716435882	13247	11	28	2	13288	46853
UNKNOWN	67	C	0.996462974112	T	0.00316074653823	0	13241	5	42	13288	46853
UNKNOWN	68	G	0.998419626731	A	0.00105358217941	14	7	13267	0	13288	46853
UNKNOWN	69	G	0.985249849488	A	0.0136213124624	181	14	13092	1	13288	46853
UNKNOWN	70	C	0.954470198675	T	0.0450782661048	2	12683	4	599	13288	46853
UNKNOWN	71	C	0.992700180614	T	0.00451535219747	2	13191	35	60	13288	46853
UNKNOWN	72	T	0.996914509332	C	0.00255869957857	0	34	7	13247	13288	46853
UNKNOWN	73	C	0.998720650211	T	0.000827814569536	5	13271	1	11	13288	46853
UNKNOWN	74	T	0.996462974112	C	0.00233293196869	1	31	15	13241	13288	46853
UNKNOWN	75	G	0.994205298013	A	0.00489163154726	65	10	13211	2	13288	46853
UNKNOWN	76	G	0.993226971704	A	0.00474111980734	63	26	13198	1	13288	46853
UNKNOWN	77	A	0.994054786273	C	0.00263395544852	13209	35	29	15	13288	46853
UNKNOWN	78	T	0.994581577363	C	0.00391330523781	4	52	16	13216	13288	46853
UNKNOWN	79	T	0.994431065623	C	0.00519265502709	1	69	4	13214	13288	46853
UNKNOWN	80	C	0.986228175798	T	0.00790186634557	21	13105	57	105	13288	46853
UNKNOWN	81	T	0.996161950632	C	0.00316074653823	2	42	7	13237	13288	46853
UNKNOWN	82	C	0.998570138471	T	0.000903070439494	7	13269	0	12	13288	46853
UNKNOWN	83	A	0.997290788682	G	0.00135460565924	13252	7	18	11	13288	46853
UNKNOWN	84	T	0.994581577363	C	0.00270921131848	24	36	12	13216	13288	46853
UNKNOWN	85	T	0.997591812161	A	0.00127934978928	17	8	7	13256	13288	46853
UNKNOWN	86	A	0.958458759783	G	0.0343166767008	12736	78	456	18	13288	46853
UNKNOWN	87	A	0.990141481036	G	0.00835340156532	13157	18	111	2	13288	46853
UNKNOWN	88	G	0.976520168573	A	0.0156532209512	208	94	12976	10	13288	46853
UNKNOWN	89	C	0.986905478627	T	0.0085791691752	12	13114	48	114	13288	46853
UNKNOWN	90	G	0.969220349187	A	0.026866345575	357	33	12879	19	13288	46853
UNKNOWN	91	A	0.984798314269	G	0.0108368452739	13086	46	144	12	13288	46853
UNKNOWN	92	C	0.984647802529	T	0.00888019265503	27	13084	59	118	13288	46853
UNKNOWN	93	A	0.977573750753	T	0.0133202889825	12990	28	93	177	13288	46853
UNKNOWN	94	A	0.991496086695	G	0.00541842263697	13175	32	72	9	13288	46853
UNKNOWN	95	G	0.965758579169	T	0.0263395544852	83	22	12833	350	13288	46853
UNKNOWN	96	G	0.972230583986	A	0.021372667068	284	66	12919	19	13288	46853
UNKNOWN	97	C	0.992098133654	T	0.00316074653823	23	13183	40	42	13288	46853
UNKNOWN	98	T	0.996086694762	C	0.00180614087899	6	24	22	13236	13288	46853
UNKNOWN	99	G	0.980057194461	A	0.0164057796508	218	15	13023	32	13288	46853
UNKNOWN	100	T	0.996839253462	C	0.00203190848886	14	27	1	13246	13288	46853
UNKNOWN	101	A	0.991872366045	G	0.0057194461168	13180	22	76	10	13288	46853
UNKNOWN	102	G	0.991571342565	A	0.00632149307646	84	16	13176	12	13288	46853
UNKNOWN	103	G	0.984572546659	A	0.00872968091511	116	70	13083	19	13288	46853
UNKNOWN	104	C	0.991571342565	T	0.00639674894642	6	13176	21	85	13288	46853
UNKNOWN	105	T	0.997516556291	C	0.0014298615292	0	19	14	13255	13288	46853
UNKNOWN	106	G	0.99984948826	C	7.52558699579e-05	0	1	13286	1	13288	46853
UNKNOWN	107	G	0.99954846478	A	0.000225767609874	3	2	13282	1	13288	46853
UNKNOWN	108	G	0.988485851896	A	0.00865442504515	115	23	13135	15	13288	46853
UNKNOWN	109	T	0.996613485852	C	0.00293497892836	2	39	4	13243	13288	46853
UNKNOWN	110	C	0.998570138471	T	0.00120409391933	2	13269	1	16	13288	46853
UNKNOWN	111	C	0.998795906081	G	0.000827814569536	1	13272	11	4	13288	46853
UNKNOWN	112	G	0.998795906081	C	0.000903070439494	4	12	13272	0	13288	46853
UNKNOWN	113	C	0.997817579771	T	0.0014298615292	3	13259	7	19	13288	46853
UNKNOWN	114	C	0.998795906081	A	0.000978326309452	13	13272	1	2	13288	46853
UNKNOWN	115	A	0.993226971704	G	0.00556893437688	13198	9	74	7	13288	46853
UNKNOWN	116	G	0.999096929561	A	0.000451535219747	6	4	13276	2	13288	46853
UNKNOWN	117	G	0.995785671282	A	0.00248344370861	33	19	13232	4	13288	46853
UNKNOWN	118	C	0.995860927152	T	0.00263395544852	1	13233	19	35	13288	46853
UNKNOWN	119	T	0.996312462372	C	0.00346177001806	0	46	3	13239	13288	46853
UNKNOWN	120	C	0.998494882601	T	0.000677302829621	6	13268	5	9	13288	46853
UNKNOWN	121	C	0.998344370861	A	0.00127934978928	17	13266	1	4	13288	46853
UNKNOWN	122	A	0.993829018663	G	0.00406381697772	13206	18	54	10	13288	46853
UNKNOWN	123	G	0.994130042143	A	0.0048163756773	64	12	13210	2	13288	46853
UNKNOWN	124	G	0.997366044551	A	0.00188139674895	25	5	13253	5	13288	46853
UNKNOWN	125	A	0.942579771222	G	0.0537326911499	12525	43	714	6	13288	46853
UNKNOWN	126	A	0.997140276942	G	0.0014298615292	13250	17	19	2	13288	46853
UNKNOWN	127	A	0.994205298013	G	0.00474111980734	13211	12	63	2	13288	46853
UNKNOWN	128	G	0.998494882601	C	0.000752558699579	8	10	13268	2	13288	46853
UNKNOWN	129	G	0.988862131246	A	0.00586995785671	78	63	13140	7	13288	46853
UNKNOWN	130	C	0.997290788682	G	0.00180614087899	4	13252	24	8	13288	46853
UNKNOWN	131	G	0.980207706201	A	0.0158037326911	210	38	13025	15	13288	46853
UNKNOWN	132	C	0.995108368453	T	0.00444009632751	5	13223	1	59	13288	46853
UNKNOWN	133	T	0.996086694762	C	0.0019566526189	2	26	24	13236	13288	46853
UNKNOWN	134	G	0.973660445515	A	0.0229530403371	305	15	12938	30	13288	46853
UNKNOWN	135	G	0.997215532812	A	0.00158037326911	21	12	13251	4	13288	46853
UNKNOWN	136	A	0.995183624323	G	0.00346177001806	13224	16	46	2	13288	46853
UNKNOWN	137	G	0.991721854305	A	0.00654726068633	87	7	13178	16	13288	46853
UNKNOWN	138	T	0.997140276942	G	0.00173088500903	2	13	23	13250	13288	46853
UNKNOWN	139	G	0.999021673691	A	0.000451535219747	6	4	13275	3	13288	46853
UNKNOWN	140	G	0.992549668874	C	0.00504214328718	14	67	13189	18	13288	46853
UNKNOWN	141	C	0.991420830825	G	0.00549367850692	16	13174	73	25	13288	46853
UNKNOWN	142	T	0.996312462372	C	0.00278446718844	4	37	8	13239	13288	46853
UNKNOWN	143	C	0.990668272125	T	0.00692354003612	8	13164	24	92	13288	46853
UNKNOWN	144	G	0.997215532812	A	0.00248344370861	33	2	13251	2	13288	46853
UNKNOWN	145	G	0.997290788682	T	0.0014298615292	6	11	13252	19	13288	46853
UNKNOWN	146	T	0.986529199278	G	0.00602046959663	30	69	80	13109	13288	46853
UNKNOWN	147	A	0.799744130042	G	0.190472606863	10627	60	2531	70	13288	46853
UNKNOWN	148	G	0.958684527393	A	0.0194160144491	258	252	12739	39	13288	46853
UNKNOWN	149	T	0.989163154726	C	0.00639674894642	25	85	34	13144	13288	46853
UNKNOWN	150	A	0.937838651415	G	0.0577212522577	12462	12	767	47	13288	46853
UNKNOWN	151	T	0.994280553883	C	0.00225767609874	28	30	18	13212	13288	46853
UNKNOWN	152	A	0.977950030102	G	0.0129440096328	12995	65	172	56	13288	46853
UNKNOWN	153	G	0.977197471403	A	0.0176098735701	234	33	12985	36	13288	46853
UNKNOWN	154	A	0.98178807947	G	0.0140728476821	13046	48	187	7	13288	46853
UNKNOWN	155	C	0.975918121613	T	0.0165562913907	48	12968	52	220	13288	46853
UNKNOWN	156	A	0.973058398555	G	0.0152016857315	12930	105	202	51	13288	46853
UNKNOWN	157	C	0.942504515352	G	0.0385310054184	71	12524	512	181	13288	46853
UNKNOWN	158	T	0.988711619506	G	0.00534316676701	27	52	71	13138	13288	46853
UNKNOWN	159	G	0.924292594822	A	0.0675797712222	898	75	12282	33	13288	46853
UNKNOWN	160	G	0.953943407586	A	0.0228777844672	304	252	12676	56	13288	46853
UNKNOWN	161	T	0.987733293197	G	0.00541842263697	37	54	72	13125	13288	46853
UNKNOWN	162	G	0.995033112583	A	0.00255869957857	34	25	13222	7	13288	46853
UNKNOWN	163	G	0.979154124022	A	0.0184376881397	245	28	13011	4	13288	46853
UNKNOWN	164	A	0.985550872968	G	0.00729981938591	13096	41	97	54	13288	46853
UNKNOWN	165	A	0.981186032511	G	0.0152016857315	13038	41	202	7	13288	46853
UNKNOWN	166	G	0.766631547261	A	0.181366646598	2410	471	10187	220	13288	46853
UNKNOWN	167	C	0.931742925948	T	0.0456803130644	157	12381	143	607	13288	46853
UNKNOWN	168	A	0.98223961469	G	0.0112883804937	13052	70	150	16	13288	46853
UNKNOWN	169	C	0.98276640578	T	0.0115141481036	55	13059	21	153	13288	46853
UNKNOWN	170	A	0.986303431668	G	0.00790186634557	13106	53	105	24	13288	46853
UNKNOWN	171	G	0.98254063817	A	0.0105358217941	140	36	13056	56	13288	46853
UNKNOWN	172	G	0.94626730885	A	0.0403371462974	536	130	12574	48	13288	46853
UNKNOWN	173	C	0.981186032511	T	0.00940698374473	21	13038	104	125	13288	46853
UNKNOWN	174	T	0.991947621915	C	0.00444009632751	28	59	20	13181	13288	46853
UNKNOWN	175	A	0.992925948224	T	0.00361228175798	13194	27	19	48	13288	46853
UNKNOWN	176	T	0.987357013847	C	0.0103100541842	27	137	4	13120	13288	46853
UNKNOWN	177	A	0.994205298013	C	0.00413907284768	13211	55	15	7	13288	46853
UNKNOWN	178	A	0.992022877784	G	0.00436484045756	13182	35	58	13	13288	46853
UNKNOWN	179	C	0.937236604455	T	0.0560656231186	19	12454	70	745	13288	46853
UNKNOWN	180	C	0.987507525587	T	0.00594521372667	27	13122	60	79	13288	46853
UNKNOWN	181	C	0.991721854305	T	0.00451535219747	41	13178	9	60	13288	46853
UNKNOWN	182	A	0.984723058399	G	0.00940698374473	13085	73	125	5	13288	46853
UNKNOWN	183	G	0.992624924744	A	0.00466586393739	62	21	13190	15	13288	46853
UNKNOWN	184	G	0.938515954244	C	0.0485400361228	138	645	12471	34	13288	46853
UNKNOWN	185	C	0.997065021072	T	0.00218242022878	6	13249	4	29	13288	46853
UNKNOWN	186	C	0.996839253462	T	0.00248344370861	4	13246	5	33	13288	46853
UNKNOWN	187	T	0.995334136063	G	0.00225767609874	8	24	30	13226	13288	46853
UNKNOWN	188	G	0.98231487056	A	0.0141481035521	188	10	13053	37	13288	46853
UNKNOWN	189	A	0.990668272125	C	0.00602046959663	13164	80	43	1	13288	46853
UNKNOWN	190	A	0.992323901264	C	0.00323600240819	13186	43	38	21	13288	46853
UNKNOWN	191	A	0.992549668874	G	0.00293497892836	13189	28	39	32	13288	46853
UNKNOWN	192	T	0.994732089103	C	0.00293497892836	10	39	21	13218	13288	46853
UNKNOWN	193	C	0.993527995184	T	0.00391330523781	33	13202	1	52	13288	46853
UNKNOWN	194	C	0.991420830825	T	0.00541842263697	19	13174	23	72	13288	46853
UNKNOWN	195	C	0.997215532812	G	0.00188139674895	4	13251	25	8	13288	46853
UNKNOWN	196	G	0.997516556291	A	0.00173088500903	23	7	13255	3	13288	46853
UNKNOWN	197	G	0.948826008429	A	0.0401113786875	533	108	12608	39	13288	46853
UNKNOWN	198	C	0.993678506924	G	0.0028597230584	11	13204	38	35	13288	46853
UNKNOWN	199	T	0.991195063215	C	0.00549367850692	9	73	35	13171	13288	46853
UNKNOWN	200	C	0.991947621915	T	0.00391330523781	34	13181	21	52	13288	46853
UNKNOWN	201	A	0.984196267309	G	0.0101595424443	13078	66	135	9	13288	46853
UNKNOWN	202	G	0.981110776641	C	0.0148254063817	26	197	13037	28	13288	46853
UNKNOWN	203	C	0.953717639976	T	0.0365743527995	74	12673	55	486	13288	46853
UNKNOWN	204	A	0.984045755569	G	0.0091059602649	13076	57	121	34	13288	46853
UNKNOWN	205	T	0.994205298013	C	0.00346177001806	9	46	22	13211	13288	46853
UNKNOWN	206	C	0.989840457556	T	0.00707405177604	33	13153	8	94	13288	46853
UNKNOWN	207	A	0.987582781457	C	0.00699879590608	13123	93	54	18	13288	46853
UNKNOWN	208	C	0.984346779049	G	0.00677302829621	48	13080	90	70	13288	46853
UNKNOWN	209	C	0.976821192053	T	0.0109121011439	45	12980	118	145	13288	46853
UNKNOWN	210	A	0.984196267309	C	0.012417218543	13078	165	43	2	13288	46853
UNKNOWN	211	A	0.983819987959	G	0.00895544852498	13073	87	119	9	13288	46853
UNKNOWN	212	G	0.987658037327	A	0.0101595424443	135	18	13124	11	13288	46853
UNKNOWN	213	G	0.993603251054	A	0.00511739915713	68	7	13203	10	13288	46853
UNKNOWN	214	A	0.989464178206	C	0.00602046959663	13148	80	44	16	13288	46853
UNKNOWN	215	C	0.98201384708	T	0.00933172787477	48	13049	67	124	13288	46853
UNKNOWN	216	A	0.990442504515	G	0.00526791089705	13161	47	70	10	13288	46853
UNKNOWN	217	A	0.984497290789	G	0.0111378687538	13082	48	148	10	13288	46853
UNKNOWN	218	C	0.970048163757	T	0.0235550872968	15	12890	70	313	13288	46853
UNKNOWN	219	T	0.991797110175	C	0.00436484045756	12	58	39	13179	13288	46853
UNKNOWN	220	C	0.994280553883	T	0.00293497892836	28	13212	9	39	13288	46853
UNKNOWN	221	C	0.991119807345	T	0.00451535219747	38	13170	20	60	13288	46853
UNKNOWN	222	A	0.986905478627	C	0.007149307646	13114	95	77	2	13288	46853
UNKNOWN	223	A	0.985550872968	G	0.0109873570138	13096	33	146	13	13288	46853
UNKNOWN	224	G	0.986378687538	A	0.00745033112583	99	75	13107	7	13288	46853
UNKNOWN	225	A	0.989915713426	G	0.00647200481638	13154	45	86	3	13288	46853
UNKNOWN	226	G	0.954846478025	A	0.0343919325707	457	122	12688	21	13288	46853
UNKNOWN	227	C	0.966887417219	T	0.0302528597231	18	12848	20	402	13288	46853
UNKNOWN	228	C	0.993527995184	G	0.00376279349789	32	13202	50	4	13288	46853
UNKNOWN	229	A	0.993226971704	G	0.00278446718844	13198	33	37	20	13288	46853
UNKNOWN	230	A	0.9817128236	G	0.0171583383504	13045	11	228	4	13288	46853
UNKNOWN	231	G	0.983293196869	A	0.0104605659241	139	24	13066	59	13288	46853
UNKNOWN	232	T	0.990141481036	C	0.00775135460566	2	103	26	13157	13288	46853
UNKNOWN	233	C	0.966134858519	T	0.0158037326911	39	12838	201	210	13288	46853
UNKNOWN	234	T	0.989539434076	C	0.00556893437688	14	74	51	13149	13288	46853
UNKNOWN	235	C	0.993151715834	T	0.00541842263697	17	13197	2	72	13288	46853
UNKNOWN	236	T	0.983895243829	G	0.00782661047562	13	97	104	13074	13288	46853
UNKNOWN	237	C	0.993076459964	T	0.00474111980734	17	13196	12	63	13288	46853
UNKNOWN	238	T	0.994431065623	G	0.00301023479831	4	30	40	13214	13288	46853
UNKNOWN	239	G	0.956276339554	A	0.0290487658037	386	73	12707	122	13288	46853
UNKNOWN	240	T	0.986830222757	G	0.00526791089705	51	54	70	13113	13288	46853
UNKNOWN	241	C	0.987507525587	T	0.00940698374473	33	13122	8	125	13288	46853
UNKNOWN	242	A	0.983594220349	G	0.0112883804937	13070	39	150	29	13288	46853
UNKNOWN	243	G	0.927152317881	A	0.0404876580373	538	334	12320	96	13288	46853
UNKNOWN	244	T	0.994205298013	G	0.00301023479831	6	31	40	13211	13288	46853
UNKNOWN	245	G	0.975165562914	A	0.0172335942203	229	27	12958	74	13288	46853
UNKNOWN	246	A	0.984723058399	G	0.010761589404	13085	46	143	14	13288	46853
UNKNOWN	247	G	0.935656231186	A	0.0470349187237	625	162	12433	68	13288	46853
UNKNOWN	248	C	0.959738109573	T	0.0304786273329	89	12753	41	405	13288	46853
UNKNOWN	249	A	0.989990969296	G	0.00745033112583	13155	32	99	2	13288	46853
UNKNOWN	250	G	0.990517760385	C	0.00639674894642	39	85	13162	2	13288	46853
UNKNOWN	251	C	0.986303431668	T	0.00978326309452	16	13106	36	130	13288	46853
UNKNOWN	252	G	0.985701384708	A	0.0109121011439	145	7	13098	38	13288	46853
UNKNOWN	253	T	0.992624924744	C	0.00391330523781	5	52	41	13190	13288	46853
UNKNOWN	254	G	0.949653822998	A	0.0377784467188	502	80	12619	87	13288	46853
UNKNOWN	255	A	0.98126128838	G	0.0129440096328	13039	38	172	39	13288	46853
UNKNOWN	256	C	0.987131246237	T	0.00549367850692	50	13117	48	73	13288	46853
UNKNOWN	257	A	0.970725466586	G	0.0239313666466	12899	31	318	40	13288	46853
UNKNOWN	258	A	0.940397350993	C	0.0373269114991	12496	496	249	47	13288	46853
UNKNOWN	259	C	0.948901264299	G	0.0274683925346	46	12609	365	268	13288	46853
UNKNOWN	260	T	0.975466586394	G	0.0115894039735	21	151	154	12962	13288	46853
UNKNOWN	261	G	0.992173389524	A	0.00541842263697	72	14	13184	18	13288	46853
UNKNOWN	262	A	0.992850692354	G	0.00526791089705	13193	23	70	2	13288	46853
UNKNOWN	263	G	0.950481637568	A	0.033940397351	451	159	12630	48	13288	46853
UNKNOWN	264	G	0.993527995184	A	0.00504214328718	67	7	13202	12	13288	46853
UNKNOWN	265	A	0.992323901264	C	0.00368753762793	13186	49	37	16	13288	46853
UNKNOWN	266	C	0.986679711017	T	0.0076760987357	48	13111	27	102	13288	46853
UNKNOWN	267	T	0.94641782059	A	0.0429711017459	571	45	96	12576	13288	46853
UNKNOWN	268	C	0.993527995184	G	0.00301023479831	31	13202	40	15	13288	46853
UNKNOWN	269	G	0.986378687538	A	0.00790186634557	105	44	13107	32	13288	46853
UNKNOWN	270	G	0.994205298013	C	0.00240818783865	29	32	13211	16	13288	46853
UNKNOWN	271	C	0.989388922336	A	0.00519265502709	69	13147	61	11	13288	46853
UNKNOWN	272	C	0.989990969296	A	0.00647200481638	86	13155	15	32	13288	46853
UNKNOWN	273	A	0.988786875376	G	0.0057194461168	13139	42	76	31	13288	46853
UNKNOWN	274	C	0.985776640578	T	0.00647200481638	80	13099	23	86	13288	46853
UNKNOWN	275	A	0.977874774232	G	0.0116646598435	12994	81	155	58	13288	46853
UNKNOWN	276	T	0.992323901264	A	0.00361228175798	48	17	37	13186	13288	46853
UNKNOWN	277	A	0.992925948224	C	0.00398856110777	13194	53	25	16	13288	46853
UNKNOWN	278	C	0.951911499097	T	0.0445514750151	32	12649	15	592	13288	46853
UNKNOWN	279	T	0.975918121613	C	0.0158789885611	48	211	61	12968	13288	46853
UNKNOWN	280	A	0.979154124022	T	0.0113636363636	13011	67	59	151	13288	46853
UNKNOWN	281	C	0.969972907887	T	0.0270921131848	15	12889	24	360	13288	46853
UNKNOWN	282	T	0.988862131246	G	0.00654726068633	31	30	87	13140	13288	46853
UNKNOWN	283	G	0.992624924744	T	0.00444009632751	35	4	13190	59	13288	46853
UNKNOWN	284	T	0.947998193859	C	0.0456803130644	34	607	50	12597	13288	46853
UNKNOWN	285	A	0.834813365443	G	0.131848284166	11093	106	1752	337	13288	46853
UNKNOWN	286	C	0.866044551475	G	0.0781155930163	151	11508	1038	591	13288	46853
UNKNOWN	287	T	0.861604455148	A	0.0511739915713	680	554	605	11449	13288	46853
UNKNOWN	288	A	0.924969897652	G	0.0504966887417	12291	90	671	236	13288	46853
UNKNOWN	289	C	0.913305237809	A	0.0449277543648	597	12136	272	283	13288	46853
UNKNOWN	290	T	0.899834437086	A	0.0382299819386	508	364	459	11957	13288	46853
