Type	Position	Nucl1	Freq1	Nucl2	Freq2	NumAs	NumCs	NumGs	NumTs	NumAligned	NumNaive
UNKNOWN	0	C	1.0	A	0.0	0	10087	0	0	10087	147532
UNKNOWN	1	A	1.0	C	0.0	10087	0	0	0	10087	147532
UNKNOWN	2	G	1.0	A	0.0	0	0	10087	0	10087	147532
UNKNOWN	3	G	1.0	A	0.0	0	0	10087	0	10087	147532
UNKNOWN	4	T	1.0	A	0.0	0	0	0	10087	10087	147532
UNKNOWN	5	G	1.0	A	0.0	0	0	10087	0	10087	147532
UNKNOWN	6	C	1.0	A	0.0	0	10087	0	0	10087	147532
UNKNOWN	7	A	0.996331912362	G	0.00257757509666	10050	1	26	10	10087	147532
UNKNOWN	8	G	0.993357787251	A	0.00545256270447	55	7	10020	5	10087	147532
UNKNOWN	9	C	0.996629324874	T	0.00237930008922	0	10053	10	24	10087	147532
UNKNOWN	10	T	0.998711212452	C	0.000991375037177	2	10	1	10074	10087	147532
UNKNOWN	11	G	0.998612074948	A	0.000892237533459	9	2	10073	3	10087	147532
UNKNOWN	12	C	0.999306037474	T	0.000693962526024	0	10080	0	7	10087	147532
UNKNOWN	13	G	0.99920689997	A	0.000793100029741	8	0	10079	0	10087	147532
UNKNOWN	14	G	0.98106473679	C	0.0176464756617	10	178	9896	3	10087	147532
UNKNOWN	15	G	0.998810349955	A	0.000495687518588	5	5	10075	2	10087	147532
UNKNOWN	16	A	0.997025874888	G	0.00158620005948	10057	13	16	1	10087	147532
UNKNOWN	17	G	0.994250024784	A	0.00495687518588	50	5	10029	3	10087	147532
UNKNOWN	18	T	0.996629324874	C	0.00138792505205	11	14	9	10053	10087	147532
UNKNOWN	19	C	0.999306037474	T	0.000396550014871	1	10080	2	4	10087	147532
UNKNOWN	20	G	0.998512937444	A	0.00118965004461	12	2	10072	1	10087	147532
UNKNOWN	21	G	0.998810349955	C	0.000892237533459	3	9	10075	0	10087	147532
UNKNOWN	22	G	0.998612074948	A	0.000892237533459	9	4	10073	1	10087	147532
UNKNOWN	23	C	0.999107762467	T	0.000892237533459	0	10078	0	9	10087	147532
UNKNOWN	24	C	0.999405174978	T	0.000495687518588	1	10081	0	5	10087	147532
UNKNOWN	25	C	0.999405174978	T	0.000495687518588	0	10081	1	5	10087	147532
UNKNOWN	26	C	0.999405174978	T	0.000297412511153	2	10081	1	3	10087	147532
UNKNOWN	27	A	0.997620699911	G	0.00188361257064	10063	4	19	1	10087	147532
UNKNOWN	28	G	0.990780212154	A	0.00565083771191	57	31	9994	5	10087	147532
UNKNOWN	29	C	0.997521562407	T	0.00208188757807	3	10062	1	21	10087	147532
UNKNOWN	30	C	0.998017249926	T	0.0016853375632	1	10067	2	17	10087	147532
UNKNOWN	31	T	0.997422424903	C	0.00138792505205	3	14	9	10061	10087	147532
UNKNOWN	32	G	0.994646574799	A	0.00277585010409	28	6	10033	20	10087	147532
UNKNOWN	33	G	0.996331912362	A	0.00208188757807	21	9	10050	7	10087	147532
UNKNOWN	34	T	0.995836224844	C	0.00317240011897	1	32	9	10045	10087	147532
UNKNOWN	35	G	0.997620699911	A	0.0016853375632	17	4	10063	3	10087	147532
UNKNOWN	36	A	0.996133637355	C	0.00237930008922	10048	24	13	2	10087	147532
UNKNOWN	37	A	0.994150887281	G	0.00525428769704	10028	5	53	1	10087	147532
UNKNOWN	38	G	0.995836224844	A	0.00356895013384	36	6	10045	0	10087	147532
UNKNOWN	39	C	0.990581937147	T	0.00822841280857	2	9992	10	83	10087	147532
UNKNOWN	40	C	0.999405174978	T	0.000495687518588	1	10081	0	5	10087	147532
UNKNOWN	41	C	0.995340537325	G	0.00356895013384	2	10040	36	9	10087	147532
UNKNOWN	42	T	0.996232774859	C	0.00327153762268	4	33	1	10049	10087	147532
UNKNOWN	43	C	0.999008624963	A	0.000693962526024	7	10077	0	3	10087	147532
UNKNOWN	44	A	0.994745712303	C	0.00237930008922	10034	24	23	6	10087	147532
UNKNOWN	45	C	0.99653018737	G	0.00218102508179	10	10052	22	3	10087	147532
UNKNOWN	46	A	0.996827599881	G	0.00208188757807	10055	11	21	0	10087	147532
UNKNOWN	47	G	0.994844849807	A	0.00426291265986	43	8	10035	1	10087	147532
UNKNOWN	48	A	0.995439674829	C	0.00237930008922	10041	24	16	6	10087	147532
UNKNOWN	49	C	0.998413799941	G	0.000693962526024	3	10071	7	6	10087	147532
UNKNOWN	50	C	0.995241399822	T	0.00346981263012	5	10039	8	35	10087	147532
UNKNOWN	51	C	0.998512937444	T	0.00118965004461	1	10072	2	12	10087	147532
UNKNOWN	52	T	0.99653018737	C	0.00297412511153	3	30	2	10052	10087	147532
UNKNOWN	53	C	0.989887974621	G	0.00872410032715	1	9985	88	13	10087	147532
UNKNOWN	54	T	0.99573708734	C	0.00277585010409	3	28	12	10044	10087	147532
UNKNOWN	55	C	0.998116387429	T	0.00109051254089	1	10068	7	11	10087	147532
UNKNOWN	56	C	0.994844849807	T	0.00356895013384	6	10035	10	36	10087	147532
UNKNOWN	57	C	0.996629324874	G	0.00228016258551	1	10053	23	10	10087	147532
UNKNOWN	58	T	0.995836224844	C	0.0033706751264	4	34	4	10045	10087	147532
UNKNOWN	59	C	0.997918112422	A	0.00118965004461	12	10066	7	2	10087	147532
UNKNOWN	60	A	0.995340537325	G	0.00178447506692	10040	16	18	13	10087	147532
UNKNOWN	61	C	0.997719837414	T	0.00148706255576	2	10064	6	15	10087	147532
UNKNOWN	62	C	0.995241399822	T	0.00277585010409	4	10039	16	28	10087	147532
UNKNOWN	63	T	0.996232774859	C	0.00237930008922	2	24	12	10049	10087	147532
UNKNOWN	64	G	0.998314662437	C	0.00109051254089	6	11	10070	0	10087	147532
UNKNOWN	65	C	0.9973232874	T	0.00158620005948	11	10060	0	16	10087	147532
UNKNOWN	66	A	0.986814712006	G	0.0101120253792	9954	19	102	12	10087	147532
UNKNOWN	67	C	0.991275899673	T	0.00634480023793	2	9999	22	64	10087	147532
UNKNOWN	68	G	0.991573312184	A	0.00574997521562	58	18	10002	9	10087	147532
UNKNOWN	69	A	0.880836720531	G	0.109546941608	8885	72	1105	25	10087	147532
UNKNOWN	70	T	0.991573312184	C	0.00773272528998	1	78	6	10002	10087	147532
UNKNOWN	71	C	0.990383662139	T	0.00525428769704	23	9990	21	53	10087	147532
UNKNOWN	72	T	0.99653018737	C	0.00307326261525	0	31	4	10052	10087	147532
UNKNOWN	73	C	0.998215524933	T	0.00138792505205	2	10069	2	14	10087	147532
UNKNOWN	74	T	0.990879349658	C	0.00436205016358	6	44	42	9995	10087	147532
UNKNOWN	75	G	0.997025874888	A	0.00267671260038	27	1	10057	2	10087	147532
UNKNOWN	76	G	0.994448299792	A	0.00426291265986	43	10	10031	3	10087	147532
UNKNOWN	77	A	0.98721126202	G	0.00545256270447	9958	51	55	23	10087	147532
UNKNOWN	78	T	0.992068999703	G	0.00436205016358	4	32	44	10007	10087	147532
UNKNOWN	79	T	0.993159512243	C	0.00574997521562	4	58	7	10018	10087	147532
UNKNOWN	80	C	0.990185387132	T	0.00882323783087	3	9988	7	89	10087	147532
UNKNOWN	81	T	0.991870724695	C	0.00565083771191	8	57	17	10005	10087	147532
UNKNOWN	82	C	0.996431049866	T	0.00218102508179	14	10051	0	22	10087	147532
UNKNOWN	83	A	0.992366412214	T	0.00396550014871	10010	15	22	40	10087	147532
UNKNOWN	84	T	0.992366412214	C	0.00584911271934	7	59	11	10010	10087	147532
UNKNOWN	85	T	0.997125012392	G	0.00138792505205	2	13	14	10058	10087	147532
UNKNOWN	86	G	0.982452661842	A	0.0148706255576	150	20	9910	7	10087	147532
UNKNOWN	87	A	0.988500049569	G	0.00634480023793	9971	48	64	4	10087	147532
UNKNOWN	88	G	0.948845048082	A	0.0299395261227	302	157	9571	57	10087	147532
UNKNOWN	89	C	0.95172003569	T	0.025974025974	70	9600	155	262	10087	147532
UNKNOWN	90	A	0.966094973729	G	0.0280559135521	9745	36	283	23	10087	147532
UNKNOWN	91	G	0.829384356102	A	0.118965004461	1200	400	8366	121	10087	147532
UNKNOWN	92	C	0.953702785764	T	0.025974025974	133	9620	72	262	10087	147532
UNKNOWN	93	T	0.964508773669	A	0.0185387131952	187	81	90	9729	10087	147532
UNKNOWN	94	A	0.959353623476	T	0.0159611380985	9677	149	100	161	10087	147532
UNKNOWN	95	T	0.970060473877	C	0.0232973133736	16	235	51	9785	10087	147532
UNKNOWN	96	G	0.88559532071	A	0.0646376524239	652	274	8933	228	10087	147532
UNKNOWN	97	C	0.897491821156	G	0.0618618023198	207	9053	624	203	10087	147532
UNKNOWN	98	T	0.985724199465	C	0.00733617527511	24	74	46	9943	10087	147532
UNKNOWN	99	G	0.975513036582	A	0.0206206007733	208	7	9840	32	10087	147532
UNKNOWN	100	T	0.995538812333	C	0.00287498760781	14	29	2	10042	10087	147532
UNKNOWN	101	A	0.966491523743	G	0.025280063448	9749	49	255	34	10087	147532
UNKNOWN	102	G	0.937444235154	A	0.0486765143254	491	99	9456	41	10087	147532
UNKNOWN	103	G	0.821651630812	A	0.128085654803	1292	343	8288	164	10087	147532
UNKNOWN	104	C	0.985525924457	T	0.00783186279369	47	9941	20	79	10087	147532
UNKNOWN	105	T	0.995836224844	C	0.00188361257064	8	19	15	10045	10087	147532
UNKNOWN	106	G	0.999107762467	A	0.000495687518588	5	0	10078	4	10087	147532
UNKNOWN	107	G	0.999107762467	A	0.000396550014871	4	1	10078	4	10087	147532
UNKNOWN	108	G	0.986219886983	A	0.0105085753941	106	15	9948	18	10087	147532
UNKNOWN	109	T	0.996926737385	C	0.00257757509666	2	26	3	10056	10087	147532
UNKNOWN	110	C	0.997125012392	T	0.00178447506692	5	10058	6	18	10087	147532
UNKNOWN	111	C	0.998215524933	G	0.00118965004461	1	10069	12	5	10087	147532
UNKNOWN	112	G	0.998017249926	C	0.00138792505205	4	14	10067	2	10087	147532
UNKNOWN	113	C	0.997620699911	T	0.0016853375632	3	10063	4	17	10087	147532
UNKNOWN	114	C	0.998017249926	A	0.00128878754833	13	10067	4	3	10087	147532
UNKNOWN	115	A	0.993754337266	G	0.00555170020819	10024	4	56	3	10087	147532
UNKNOWN	116	G	0.997818974918	A	0.0016853375632	17	4	10065	1	10087	147532
UNKNOWN	117	G	0.97838802419	A	0.0189352632101	191	22	9869	5	10087	147532
UNKNOWN	118	C	0.997125012392	T	0.00158620005948	3	10058	10	16	10087	147532
UNKNOWN	119	T	0.993952612273	C	0.00346981263012	1	35	25	10026	10087	147532
UNKNOWN	120	C	0.997818974918	T	0.000793100029741	7	10065	7	8	10087	147532
UNKNOWN	121	C	0.998116387429	G	0.00148706255576	1	10068	15	3	10087	147532
UNKNOWN	122	G	0.97947853673	A	0.0189352632101	191	4	9880	12	10087	147532
UNKNOWN	123	G	0.997125012392	A	0.00158620005948	16	5	10058	8	10087	147532
UNKNOWN	124	G	0.996133637355	A	0.00287498760781	29	9	10048	1	10087	147532
UNKNOWN	125	G	0.985922474472	A	0.0132844254982	134	6	9945	2	10087	147532
UNKNOWN	126	A	0.997025874888	G	0.00198275007435	10057	10	20	0	10087	147532
UNKNOWN	127	A	0.991969862199	G	0.00654307524537	10006	13	66	2	10087	147532
UNKNOWN	128	G	0.998810349955	A	0.000693962526024	7	3	10075	2	10087	147532
UNKNOWN	129	G	0.991275899673	A	0.00545256270447	55	32	9999	1	10087	147532
UNKNOWN	130	C	0.995538812333	T	0.00228016258551	2	10042	20	23	10087	147532
UNKNOWN	131	G	0.982353524338	A	0.0123921879647	125	35	9909	18	10087	147532
UNKNOWN	132	C	0.988202637058	T	0.00912065034202	11	9968	16	92	10087	147532
UNKNOWN	133	T	0.990482799643	C	0.00475860017845	3	48	45	9991	10087	147532
UNKNOWN	134	G	0.978288886686	A	0.01546545058	156	3	9868	60	10087	147532
UNKNOWN	135	G	0.995935362348	A	0.00228016258551	23	18	10046	0	10087	147532
UNKNOWN	136	A	0.994448299792	G	0.00386636264499	10031	7	39	10	10087	147532
UNKNOWN	137	G	0.96292257361	A	0.0313274511748	316	29	9713	29	10087	147532
UNKNOWN	138	T	0.996331912362	G	0.00228016258551	1	13	23	10050	10087	147532
UNKNOWN	139	G	0.995935362348	A	0.00218102508179	22	0	10046	19	10087	147532
UNKNOWN	140	G	0.984732824427	C	0.00773272528998	8	78	9933	68	10087	147532
UNKNOWN	141	G	0.908892634083	A	0.0570040646377	575	312	9168	32	10087	147532
UNKNOWN	142	T	0.996926737385	C	0.0016853375632	1	17	13	10056	10087	147532
UNKNOWN	143	T	0.968375136314	C	0.0151680380688	30	153	136	9768	10087	147532
UNKNOWN	144	G	0.994745712303	A	0.00376722514127	38	1	10034	14	10087	147532
UNKNOWN	145	G	0.980073361753	C	0.0177456131655	2	179	9886	20	10087	147532
UNKNOWN	146	T	0.960840686032	G	0.0177456131655	129	87	179	9692	10087	147532
UNKNOWN	147	G	0.831763656191	A	0.150292455636	1516	41	8390	140	10087	147532
UNKNOWN	148	G	0.809160305344	A	0.129969267374	1311	324	8162	290	10087	147532
UNKNOWN	149	T	0.925349459701	G	0.0346981263012	201	202	350	9334	10087	147532
UNKNOWN	150	A	0.925349459701	G	0.0649350649351	9334	28	655	70	10087	147532
UNKNOWN	151	T	0.983444036879	C	0.00733617527511	50	74	43	9920	10087	147532
UNKNOWN	152	A	0.90800039655	G	0.0408446515317	9159	201	412	315	10087	147532
UNKNOWN	153	A	0.859819569743	G	0.120749479528	8673	140	1218	56	10087	147532
UNKNOWN	154	G	0.834836918806	A	0.113016754238	1140	446	8421	80	10087	147532
UNKNOWN	155	T	0.934866660057	C	0.040745514028	94	411	152	9430	10087	147532
UNKNOWN	156	A	0.750272628135	G	0.213641320512	7568	230	2155	134	10087	147532
UNKNOWN	157	G	0.842272231585	C	0.0678100525429	583	684	8496	324	10087	147532
UNKNOWN	158	T	0.950431248141	G	0.0325171012194	73	99	328	9587	10087	147532
UNKNOWN	159	G	0.736294240111	A	0.193912957272	1956	354	7427	350	10087	147532
UNKNOWN	160	G	0.785763854466	A	0.103796966392	1047	946	7926	168	10087	147532
UNKNOWN	161	T	0.961038961039	G	0.0179438881729	57	155	181	9694	10087	147532
UNKNOWN	162	G	0.989194012095	A	0.00862496282344	87	14	9978	8	10087	147532
UNKNOWN	163	G	0.981163874294	A	0.0127887379796	129	51	9897	10	10087	147532
UNKNOWN	164	A	0.956082085853	G	0.0315257261822	9644	84	318	41	10087	147532
UNKNOWN	165	A	0.913254684247	G	0.0697928026172	9212	125	704	46	10087	147532
UNKNOWN	166	G	0.774858729057	A	0.120749479528	1218	643	7816	410	10087	147532
UNKNOWN	167	C	0.873103995241	G	0.0535342520075	333	8807	540	407	10087	147532
UNKNOWN	168	A	0.968375136314	G	0.0155645880837	9768	129	157	33	10087	147532
UNKNOWN	169	C	0.972737186478	T	0.0172499256469	55	9812	46	174	10087	147532
UNKNOWN	170	A	0.983543174383	G	0.00684048775652	9921	48	69	49	10087	147532
UNKNOWN	171	T	0.946763160504	G	0.040745514028	58	68	411	9550	10087	147532
UNKNOWN	172	G	0.967086348766	A	0.0236938633885	239	38	9755	55	10087	147532
UNKNOWN	173	C	0.960146723506	G	0.0248835134331	11	9685	251	140	10087	147532
UNKNOWN	174	C	0.948250223059	T	0.0451075641915	35	9565	32	455	10087	147532
UNKNOWN	175	T	0.930306334886	A	0.0460989392287	465	70	168	9384	10087	147532
UNKNOWN	176	T	0.954099335779	C	0.0236938633885	128	239	96	9624	10087	147532
UNKNOWN	177	A	0.984831961931	G	0.00783186279369	9934	56	79	18	10087	147532
UNKNOWN	178	A	0.984435411916	G	0.00723703777139	9930	71	73	13	10087	147532
UNKNOWN	179	C	0.857043719639	T	0.119758104491	47	8645	187	1208	10087	147532
UNKNOWN	180	C	0.931892534946	T	0.0423317140874	66	9400	194	427	10087	147532
UNKNOWN	181	C	0.986319024487	T	0.00535342520075	51	9949	33	54	10087	147532
UNKNOWN	182	A	0.980866461782	G	0.0112025379201	9894	47	113	33	10087	147532
UNKNOWN	183	G	0.975711311589	A	0.0147714880539	149	77	9842	19	10087	147532
UNKNOWN	184	C	0.979875086745	T	0.0107068504015	29	9884	66	108	10087	147532
UNKNOWN	185	C	0.995637949836	T	0.0016853375632	14	10043	13	17	10087	147532
UNKNOWN	186	C	0.990185387132	T	0.00565083771191	28	9988	14	57	10087	147532
UNKNOWN	187	T	0.993456924755	G	0.00277585010409	16	22	28	10021	10087	147532
UNKNOWN	188	G	0.98532764945	A	0.0109051254089	110	8	9939	30	10087	147532
UNKNOWN	189	A	0.982452661842	C	0.00902151283831	9910	91	69	17	10087	147532
UNKNOWN	190	A	0.983642311887	G	0.00991375037177	9922	51	100	14	10087	147532
UNKNOWN	191	A	0.985922474472	C	0.00555170020819	9945	56	49	37	10087	147532
UNKNOWN	192	T	0.981461286805	C	0.0148706255576	14	150	23	9900	10087	147532
UNKNOWN	193	C	0.9973232874	T	0.00138792505205	9	10060	4	14	10087	147532
UNKNOWN	194	C	0.988202637058	T	0.00783186279369	14	9968	26	79	10087	147532
UNKNOWN	195	C	0.994646574799	G	0.00356895013384	12	10033	36	6	10087	147532
UNKNOWN	196	G	0.996926737385	A	0.00138792505205	14	8	10056	9	10087	147532
UNKNOWN	197	G	0.930504609894	A	0.0523446019629	528	111	9386	62	10087	147532
UNKNOWN	198	C	0.985030236939	T	0.00902151283831	19	9936	41	91	10087	147532
UNKNOWN	199	T	0.991375037177	C	0.00535342520075	13	54	20	10000	10087	147532
UNKNOWN	200	C	0.988896599584	A	0.00545256270447	55	9975	33	24	10087	147532
UNKNOWN	201	A	0.98800436205	G	0.00862496282344	9966	32	87	2	10087	147532
UNKNOWN	202	G	0.968077723803	C	0.020719738277	63	209	9765	50	10087	147532
UNKNOWN	203	C	0.943293347874	T	0.0432239516209	75	9515	61	436	10087	147532
UNKNOWN	204	A	0.98532764945	G	0.00793100029741	9939	21	80	47	10087	147532
UNKNOWN	205	T	0.993556062258	C	0.00446118766729	14	45	6	10022	10087	147532
UNKNOWN	206	C	0.983939724398	T	0.00961633786061	62	9925	3	97	10087	147532
UNKNOWN	207	A	0.986517299494	G	0.00743531277882	9951	50	75	11	10087	147532
UNKNOWN	208	C	0.982056111827	G	0.00902151283831	52	9906	91	38	10087	147532
UNKNOWN	209	C	0.974521661545	T	0.0100128878755	65	9830	91	101	10087	147532
UNKNOWN	210	A	0.988400912065	G	0.00584911271934	9970	53	59	5	10087	147532
UNKNOWN	211	A	0.976900961634	G	0.0198275007435	9854	27	200	6	10087	147532
UNKNOWN	212	G	0.985426786954	A	0.0110042629127	111	25	9940	11	10087	147532
UNKNOWN	213	G	0.98879746208	A	0.00832755031228	84	16	9974	13	10087	147532
UNKNOWN	214	A	0.987310399524	G	0.00545256270447	9959	48	55	25	10087	147532
UNKNOWN	215	C	0.983245761872	T	0.00812927530485	52	9918	35	82	10087	147532
UNKNOWN	216	A	0.983344899375	G	0.0109051254089	9919	33	110	25	10087	147532
UNKNOWN	217	A	0.977000099138	G	0.0153663130762	9855	48	155	29	10087	147532
UNKNOWN	218	C	0.979577674234	T	0.0148706255576	7	9881	49	150	10087	147532
UNKNOWN	219	T	0.986219886983	C	0.00703876276395	38	71	30	9948	10087	147532
UNKNOWN	220	C	0.993258649747	A	0.00396550014871	40	10019	1	27	10087	147532
UNKNOWN	221	C	0.984732824427	T	0.00753445028254	51	9933	27	76	10087	147532
UNKNOWN	222	A	0.979081986716	C	0.0113016754238	9876	114	96	1	10087	147532
UNKNOWN	223	A	0.980569049271	G	0.0159611380985	9891	16	161	19	10087	147532
UNKNOWN	224	G	0.982750074353	A	0.0105085753941	106	65	9913	3	10087	147532
UNKNOWN	225	A	0.987012987013	G	0.00921978784574	9956	33	93	5	10087	147532
UNKNOWN	226	G	0.950431248141	A	0.0400515515019	404	93	9587	3	10087	147532
UNKNOWN	227	C	0.962823436106	T	0.0292455635967	33	9712	47	295	10087	147532
UNKNOWN	228	C	0.988400912065	A	0.00574997521562	58	9970	58	1	10087	147532
UNKNOWN	229	A	0.992862099732	G	0.00287498760781	10015	20	29	23	10087	147532
UNKNOWN	230	A	0.972043223952	G	0.0243878259145	9805	23	246	13	10087	147532
UNKNOWN	231	G	0.954297610786	A	0.0226033508476	228	115	9626	118	10087	147532
UNKNOWN	232	T	0.992663824725	C	0.00654307524537	3	66	5	10013	10087	147532
UNKNOWN	233	C	0.96401308615	T	0.0199266382472	16	9724	146	201	10087	147532
UNKNOWN	234	T	0.991176762169	C	0.00545256270447	9	55	25	9998	10087	147532
UNKNOWN	235	C	0.987310399524	T	0.00882323783087	39	9959	0	89	10087	147532
UNKNOWN	236	T	0.979081986716	C	0.012987012987	21	131	59	9876	10087	147532
UNKNOWN	237	C	0.988599187072	T	0.00693962526024	21	9972	24	70	10087	147532
UNKNOWN	238	T	0.994150887281	G	0.00356895013384	4	19	36	10028	10087	147532
UNKNOWN	239	G	0.939426985229	A	0.0490730643402	495	43	9476	73	10087	147532
UNKNOWN	240	T	0.984237136909	C	0.00634480023793	33	64	62	9928	10087	147532
UNKNOWN	241	C	0.985625061961	T	0.00931892534946	40	9942	11	94	10087	147532
UNKNOWN	242	A	0.964607911173	G	0.0242886884108	9730	62	245	50	10087	147532
UNKNOWN	243	G	0.787845742044	C	0.173887181521	286	1754	7947	100	10087	147532
UNKNOWN	244	T	0.99147417468	G	0.00485773768217	21	16	49	10001	10087	147532
UNKNOWN	245	G	0.971844948944	A	0.0171507881432	173	62	9803	49	10087	147532
UNKNOWN	246	A	0.967284623773	G	0.0253792009517	9757	65	256	9	10087	147532
UNKNOWN	247	G	0.944582135422	A	0.0318231386934	321	175	9528	63	10087	147532
UNKNOWN	248	C	0.952513135719	T	0.0289481510856	144	9608	43	292	10087	147532
UNKNOWN	249	A	0.978090611678	G	0.0158620005948	9866	56	160	5	10087	147532
UNKNOWN	250	G	0.979379399227	C	0.0112025379201	78	113	9879	17	10087	147532
UNKNOWN	251	C	0.983245761872	T	0.00822841280857	29	9918	57	83	10087	147532
UNKNOWN	252	G	0.982254386835	A	0.00852582531972	86	41	9908	52	10087	147532
UNKNOWN	253	T	0.977099236641	C	0.0176464756617	11	178	42	9856	10087	147532
UNKNOWN	254	G	0.937444235154	A	0.0412412015465	416	112	9456	103	10087	147532
UNKNOWN	255	A	0.96639238624	G	0.0237930008922	9748	51	240	48	10087	147532
UNKNOWN	256	C	0.98532764945	A	0.00555170020819	56	9939	42	50	10087	147532
UNKNOWN	257	A	0.949539010608	G	0.0339050262714	9578	89	342	78	10087	147532
UNKNOWN	258	A	0.870625557648	C	0.088827203331	8782	896	330	79	10087	147532
UNKNOWN	259	C	0.917815009418	G	0.0470903142659	66	9258	475	288	10087	147532
UNKNOWN	260	T	0.959651035987	C	0.020719738277	49	209	149	9680	10087	147532
UNKNOWN	261	G	0.986616436998	A	0.00882323783087	89	4	9952	42	10087	147532
UNKNOWN	262	A	0.98612074948	G	0.00971547536433	9947	32	98	10	10087	147532
UNKNOWN	263	G	0.934767522554	A	0.0374739764053	378	205	9429	75	10087	147532
UNKNOWN	264	G	0.98879746208	A	0.00723703777139	73	13	9974	27	10087	147532
UNKNOWN	265	A	0.989094874591	C	0.00693962526024	9977	70	30	10	10087	147532
UNKNOWN	266	C	0.974719936552	T	0.0150689005651	78	9832	25	152	10087	147532
UNKNOWN	267	A	0.958263110935	T	0.0189352632101	9666	41	189	191	10087	147532
UNKNOWN	268	C	0.989689699613	G	0.00574997521562	27	9983	58	19	10087	147532
UNKNOWN	269	G	0.98800436205	C	0.00465946267473	35	47	9966	39	10087	147532
UNKNOWN	270	G	0.986913849509	C	0.00495687518588	40	50	9955	42	10087	147532
UNKNOWN	271	C	0.988400912065	A	0.00773272528998	78	9970	33	6	10087	147532
UNKNOWN	272	C	0.982056111827	A	0.00872410032715	88	9906	32	61	10087	147532
UNKNOWN	273	A	0.988103499554	G	0.00565083771191	9967	38	57	25	10087	147532
UNKNOWN	274	C	0.969465648855	A	0.0171507881432	173	9779	30	105	10087	147532
UNKNOWN	275	A	0.959056210965	G	0.0219093883216	9674	78	221	114	10087	147532
UNKNOWN	276	T	0.98721126202	G	0.00565083771191	47	25	57	9958	10087	147532
UNKNOWN	277	A	0.982353524338	C	0.00862496282344	9909	87	42	49	10087	147532
UNKNOWN	278	C	0.946664023	T	0.0488747893328	34	9549	11	493	10087	147532
UNKNOWN	279	T	0.969663923862	C	0.0172499256469	69	174	63	9781	10087	147532
UNKNOWN	280	A	0.970754436403	C	0.0110042629127	9792	111	76	108	10087	147532
UNKNOWN	281	C	0.962724298602	T	0.0329136512343	15	9711	29	332	10087	147532
UNKNOWN	282	T	0.986517299494	G	0.0100128878755	18	17	101	9951	10087	147532
