Type	Position	Nucl1	Freq1	Nucl2	Freq2	NumAs	NumCs	NumGs	NumTs	NumAligned	NumNaive
UNKNOWN	0	C	1.0	A	0.0	0	3914	0	0	3914	111712
UNKNOWN	1	A	1.0	C	0.0	3914	0	0	0	3914	111712
UNKNOWN	2	G	1.0	A	0.0	0	0	3914	0	3914	111712
UNKNOWN	3	G	1.0	A	0.0	0	0	3914	0	3914	111712
UNKNOWN	4	T	1.0	A	0.0	0	0	0	3914	3914	111712
UNKNOWN	5	G	1.0	A	0.0	0	0	3914	0	3914	111712
UNKNOWN	6	C	1.0	A	0.0	0	3914	0	0	3914	111712
UNKNOWN	7	A	0.99846704139	G	0.00102197240675	3908	0	4	2	3914	111712
UNKNOWN	8	G	0.992590700051	A	0.00638732754216	25	3	3885	1	3914	111712
UNKNOWN	9	C	0.996678589678	T	0.00204394481349	0	3901	5	8	3914	111712
UNKNOWN	10	T	0.998211548288	C	0.00153295861012	0	6	1	3907	3914	111712
UNKNOWN	11	G	0.997445068983	T	0.00153295861012	4	0	3904	6	3914	111712
UNKNOWN	12	C	0.999233520695	A	0.000255493101686	1	3911	1	1	3914	111712
UNKNOWN	13	G	0.998722534492	A	0.00102197240675	4	0	3909	1	3914	111712
UNKNOWN	14	G	0.900613183444	C	0.0840572304548	59	329	3525	1	3914	111712
UNKNOWN	15	G	0.999744506898	T	0.000255493101686	0	0	3913	1	3914	111712
UNKNOWN	16	A	0.997700562085	G	0.0017884517118	3905	2	7	0	3914	111712
UNKNOWN	17	G	0.997189575881	A	0.00204394481349	8	3	3903	0	3914	111712
UNKNOWN	18	T	0.997700562085	C	0.0017884517118	0	7	2	3905	3914	111712
UNKNOWN	19	C	0.99846704139	T	0.00127746550843	1	3908	0	5	3914	111712
UNKNOWN	20	G	0.947368421053	A	0.0518650996423	203	3	3708	0	3914	111712
UNKNOWN	21	G	0.99846704139	C	0.00127746550843	1	5	3908	0	3914	111712
UNKNOWN	22	G	0.998722534492	C	0.00102197240675	1	4	3909	0	3914	111712
UNKNOWN	23	C	0.999489013797	A	0.000255493101686	1	3912	1	0	3914	111712
UNKNOWN	24	C	0.999744506898	T	0.000255493101686	0	3913	0	1	3914	111712
UNKNOWN	25	C	0.999233520695	T	0.000766479305059	0	3911	0	3	3914	111712
UNKNOWN	26	C	0.998978027593	A	0.000510986203373	2	3910	0	2	3914	111712
UNKNOWN	27	A	0.997700562085	G	0.00204394481349	3905	1	8	0	3914	111712
UNKNOWN	28	G	0.99540112417	A	0.00332141032192	13	5	3896	0	3914	111712
UNKNOWN	29	C	0.999744506898	T	0.000255493101686	0	3913	0	1	3914	111712
UNKNOWN	30	C	0.99846704139	T	0.00102197240675	1	3908	1	4	3914	111712
UNKNOWN	31	T	0.997189575881	G	0.00153295861012	1	4	6	3903	3914	111712
UNKNOWN	32	G	0.99846704139	C	0.00102197240675	1	4	3908	1	3914	111712
UNKNOWN	33	G	0.998211548288	C	0.000766479305059	2	3	3907	2	3914	111712
UNKNOWN	34	T	0.996423096576	C	0.00281042411855	0	11	3	3900	3914	111712
UNKNOWN	35	G	0.99540112417	A	0.00306591722024	12	6	3896	0	3914	111712
UNKNOWN	36	A	0.997700562085	C	0.0017884517118	3905	7	2	0	3914	111712
UNKNOWN	37	A	0.99693408278	C	0.00153295861012	3902	6	6	0	3914	111712
UNKNOWN	38	G	0.997700562085	C	0.00204394481349	1	8	3905	0	3914	111712
UNKNOWN	39	C	0.997700562085	T	0.00153295861012	0	3905	3	6	3914	111712
UNKNOWN	40	C	0.999744506898	T	0.000255493101686	0	3913	0	1	3914	111712
UNKNOWN	41	C	0.997700562085	T	0.00127746550843	0	3905	4	5	3914	111712
UNKNOWN	42	T	0.996423096576	C	0.00357690342361	0	14	0	3900	3914	111712
UNKNOWN	43	C	0.998722534492	A	0.000766479305059	3	3909	1	1	3914	111712
UNKNOWN	44	A	0.991824220746	G	0.00510986203373	3882	7	20	5	3914	111712
UNKNOWN	45	C	0.99846704139	A	0.000510986203373	2	3908	2	2	3914	111712
UNKNOWN	46	A	0.998211548288	G	0.00153295861012	3907	1	6	0	3914	111712
UNKNOWN	47	G	0.998722534492	A	0.00127746550843	5	0	3909	0	3914	111712
UNKNOWN	48	A	0.997445068983	C	0.00127746550843	3904	5	5	0	3914	111712
UNKNOWN	49	C	0.998978027593	G	0.00102197240675	0	3910	4	0	3914	111712
UNKNOWN	50	C	0.995656617271	G	0.00255493101686	1	3897	10	6	3914	111712
UNKNOWN	51	C	0.998722534492	T	0.00127746550843	0	3909	0	5	3914	111712
UNKNOWN	52	T	0.995656617271	C	0.00332141032192	3	13	1	3897	3914	111712
UNKNOWN	53	C	0.999489013797	T	0.000510986203373	0	3912	0	2	3914	111712
UNKNOWN	54	T	0.99540112417	C	0.00357690342361	2	14	2	3896	3914	111712
UNKNOWN	55	C	0.998978027593	T	0.000766479305059	1	3910	0	3	3914	111712
UNKNOWN	56	C	0.995656617271	G	0.00281042411855	0	3897	11	6	3914	111712
UNKNOWN	57	C	0.99846704139	T	0.00102197240675	0	3908	2	4	3914	111712
UNKNOWN	58	T	0.995656617271	C	0.00383239652529	1	15	1	3897	3914	111712
UNKNOWN	59	C	0.999233520695	A	0.000510986203373	2	3911	0	1	3914	111712
UNKNOWN	60	A	0.993357179356	G	0.00536535513541	3888	5	21	0	3914	111712
UNKNOWN	61	C	0.997700562085	G	0.00127746550843	0	3905	5	4	3914	111712
UNKNOWN	62	C	0.999233520695	T	0.000766479305059	0	3911	0	3	3914	111712
UNKNOWN	63	T	0.998211548288	C	0.000766479305059	1	3	3	3907	3914	111712
UNKNOWN	64	G	0.998722534492	A	0.000766479305059	3	2	3909	0	3914	111712
UNKNOWN	65	C	0.998722534492	T	0.000766479305059	2	3909	0	3	3914	111712
UNKNOWN	66	A	0.992590700051	G	0.00613183444047	3885	5	24	0	3914	111712
UNKNOWN	67	C	0.997956055187	T	0.00153295861012	0	3906	2	6	3914	111712
UNKNOWN	68	G	0.993612672458	A	0.0056208482371	22	2	3889	1	3914	111712
UNKNOWN	69	G	0.902401635156	A	0.0932549821155	365	7	3532	10	3914	111712
UNKNOWN	70	T	0.919519672969	C	0.0792028615227	0	310	5	3599	3914	111712
UNKNOWN	71	C	0.990035769034	T	0.00689831374553	0	3875	12	27	3914	111712
UNKNOWN	72	T	0.997956055187	C	0.0017884517118	0	7	1	3906	3914	111712
UNKNOWN	73	C	0.99846704139	T	0.00102197240675	2	3908	0	4	3914	111712
UNKNOWN	74	T	0.995912110373	C	0.00255493101686	0	10	6	3898	3914	111712
UNKNOWN	75	G	0.994123658661	A	0.00587634133878	23	0	3891	0	3914	111712
UNKNOWN	76	G	0.997700562085	A	0.0017884517118	7	0	3905	2	3914	111712
UNKNOWN	77	A	0.993101686254	C	0.00281042411855	3887	11	9	7	3914	111712
UNKNOWN	78	T	0.994123658661	G	0.00383239652529	0	8	15	3891	3914	111712
UNKNOWN	79	T	0.997189575881	C	0.00204394481349	0	8	3	3903	3914	111712
UNKNOWN	80	C	0.971640265713	T	0.0173735309147	0	3803	43	68	3914	111712
UNKNOWN	81	T	0.994890137966	C	0.00408788962698	2	16	2	3894	3914	111712
UNKNOWN	82	C	0.998211548288	T	0.00102197240675	3	3907	0	4	3914	111712
UNKNOWN	83	A	0.991057741441	G	0.00459887583035	3879	9	18	8	3914	111712
UNKNOWN	84	T	0.907000510986	C	0.0901890648952	10	353	1	3550	3914	111712
UNKNOWN	85	T	0.995912110373	C	0.00229943791518	1	9	6	3898	3914	111712
UNKNOWN	86	G	0.987991824221	A	0.0107307102708	42	5	3867	0	3914	111712
UNKNOWN	87	A	0.994634644865	G	0.00434338272867	3893	4	17	0	3914	111712
UNKNOWN	88	G	0.980838017374	A	0.0127746550843	50	18	3839	7	3914	111712
UNKNOWN	89	C	0.98339294839	T	0.0114971895759	13	3849	7	45	3914	111712
UNKNOWN	90	A	0.962698007154	G	0.034236075626	3768	6	134	6	3914	111712
UNKNOWN	91	G	0.938426162494	A	0.0314256515074	123	66	3673	52	3914	111712
UNKNOWN	92	C	0.948901379663	T	0.0383239652529	13	3714	37	150	3914	111712
UNKNOWN	93	A	0.632089933572	T	0.320643842616	2474	57	128	1255	3914	111712
UNKNOWN	94	A	0.929483903935	G	0.0549310168625	3638	25	215	36	3914	111712
UNKNOWN	95	T	0.984414920797	G	0.0074092999489	12	20	29	3853	3914	111712
UNKNOWN	96	G	0.946601941748	A	0.0388349514563	152	38	3705	19	3914	111712
UNKNOWN	97	G	0.619059785386	C	0.282319877363	287	1105	2423	99	3914	111712
UNKNOWN	98	T	0.981349003577	C	0.0140521205927	3	55	15	3841	3914	111712
UNKNOWN	99	G	0.981349003577	A	0.0168625447113	66	0	3841	7	3914	111712
UNKNOWN	100	T	0.996678589678	A	0.00153295861012	6	6	1	3901	3914	111712
UNKNOWN	101	A	0.968829841594	G	0.0258048032703	3792	12	101	9	3914	111712
UNKNOWN	102	G	0.840316811446	A	0.145886561063	571	25	3289	29	3914	111712
UNKNOWN	103	G	0.845937659683	A	0.0940214614205	368	110	3311	125	3914	111712
UNKNOWN	104	C	0.970107307103	T	0.0153295861012	4	3797	53	60	3914	111712
UNKNOWN	105	T	0.99846704139	G	0.00127746550843	0	1	5	3908	3914	111712
UNKNOWN	106	G	0.998978027593	A	0.000510986203373	2	2	3910	0	3914	111712
UNKNOWN	107	G	0.999233520695	T	0.000510986203373	1	0	3911	2	3914	111712
UNKNOWN	108	G	0.991057741441	A	0.00689831374553	27	2	3879	6	3914	111712
UNKNOWN	109	T	0.980071538068	C	0.0155850792029	0	61	17	3836	3914	111712
UNKNOWN	110	C	0.999233520695	G	0.000510986203373	0	3911	2	1	3914	111712
UNKNOWN	111	C	0.998211548288	G	0.00127746550843	0	3907	5	2	3914	111712
UNKNOWN	112	G	0.99846704139	C	0.00153295861012	0	6	3908	0	3914	111712
UNKNOWN	113	C	0.998978027593	T	0.000766479305059	1	3910	0	3	3914	111712
UNKNOWN	114	C	0.998211548288	A	0.00127746550843	5	3907	1	1	3914	111712
UNKNOWN	115	A	0.993101686254	G	0.00587634133878	3887	2	23	2	3914	111712
UNKNOWN	116	G	0.999233520695	A	0.000510986203373	2	1	3911	0	3914	111712
UNKNOWN	117	G	0.991313234543	A	0.00664282064384	26	6	3880	2	3914	111712
UNKNOWN	118	C	0.997189575881	T	0.00229943791518	1	3903	1	9	3914	111712
UNKNOWN	119	T	0.993612672458	C	0.00459887583035	0	18	7	3889	3914	111712
UNKNOWN	120	C	0.998211548288	G	0.00127746550843	1	3907	5	1	3914	111712
UNKNOWN	121	C	0.997700562085	A	0.00102197240675	4	3905	2	3	3914	111712
UNKNOWN	122	A	0.830608073582	G	0.167092488503	3251	6	654	3	3914	111712
UNKNOWN	123	G	0.99846704139	A	0.00153295861012	6	0	3908	0	3914	111712
UNKNOWN	124	G	0.992335206949	C	0.00459887583035	12	18	3884	0	3914	111712
UNKNOWN	125	G	0.963975472662	A	0.034236075626	134	6	3773	1	3914	111712
UNKNOWN	126	A	0.997445068983	G	0.0017884517118	3904	2	7	1	3914	111712
UNKNOWN	127	A	0.993612672458	G	0.00638732754216	3889	0	25	0	3914	111712
UNKNOWN	128	G	0.99693408278	A	0.00229943791518	9	1	3902	2	3914	111712
UNKNOWN	129	G	0.980838017374	A	0.0107307102708	42	33	3839	0	3914	111712
UNKNOWN	130	C	0.997189575881	G	0.00153295861012	1	3903	6	4	3914	111712
UNKNOWN	131	G	0.943025038324	A	0.0536535513541	210	5	3691	8	3914	111712
UNKNOWN	132	C	0.964230965764	G	0.0189064895248	2	3774	74	64	3914	111712
UNKNOWN	133	T	0.991313234543	G	0.00485436893204	1	14	19	3880	3914	111712
UNKNOWN	134	G	0.967807869188	A	0.0183955033214	72	39	3788	15	3914	111712
UNKNOWN	135	G	0.996167603475	A	0.00204394481349	8	7	3899	0	3914	111712
UNKNOWN	136	A	0.995656617271	G	0.00306591722024	3897	3	12	2	3914	111712
UNKNOWN	137	G	0.990802248339	A	0.00638732754216	25	4	3878	7	3914	111712
UNKNOWN	138	T	0.994890137966	G	0.00281042411855	4	5	11	3894	3914	111712
UNKNOWN	139	G	0.99846704139	T	0.000766479305059	2	1	3908	3	3914	111712
UNKNOWN	140	G	0.991057741441	C	0.00485436893204	7	19	3879	9	3914	111712
UNKNOWN	141	G	0.940214614205	C	0.0298926928973	107	117	3680	10	3914	111712
UNKNOWN	142	T	0.992846193153	C	0.00536535513541	0	21	7	3886	3914	111712
UNKNOWN	143	T	0.97726111395	C	0.0155850792029	6	61	22	3825	3914	111712
UNKNOWN	144	G	0.980838017374	A	0.0163515585079	64	4	3839	7	3914	111712
UNKNOWN	145	G	0.977772100153	C	0.0196729688298	2	77	3827	8	3914	111712
UNKNOWN	146	T	0.97879407256	G	0.0117526826776	13	24	46	3831	3914	111712
UNKNOWN	147	G	0.779764946346	A	0.200306591722	784	24	3052	54	3914	111712
UNKNOWN	148	G	0.792028615227	A	0.150485436893	589	146	3100	79	3914	111712
UNKNOWN	149	T	0.947623914154	A	0.0242718446602	95	15	95	3709	3914	111712
UNKNOWN	150	A	0.919519672969	G	0.0679611650485	3599	12	266	37	3914	111712
UNKNOWN	151	T	0.960398569239	C	0.0357690342361	9	140	6	3759	3914	111712
UNKNOWN	152	A	0.939959121104	G	0.0352580480327	3679	34	138	63	3914	111712
UNKNOWN	153	G	0.882984159428	A	0.0924885028104	362	75	3456	21	3914	111712
UNKNOWN	154	A	0.876852324987	G	0.108329075115	3432	34	424	24	3914	111712
UNKNOWN	155	T	0.84389371487	C	0.0761369443025	117	298	196	3303	3914	111712
UNKNOWN	156	A	0.791262135922	G	0.141032192131	3097	97	552	168	3914	111712
UNKNOWN	157	A	0.808635666837	G	0.109862033725	3165	139	430	180	3914	111712
UNKNOWN	158	T	0.925907000511	A	0.0416453755749	163	52	75	3624	3914	111712
UNKNOWN	159	G	0.852835973429	A	0.0889115993868	348	41	3338	187	3914	111712
UNKNOWN	160	A	0.906745017885	G	0.0559529892693	3549	70	219	76	3914	111712
UNKNOWN	161	T	0.983137455289	G	0.00766479305059	22	14	30	3848	3914	111712
UNKNOWN	162	G	0.992335206949	A	0.00664282064384	26	3	3884	1	3914	111712
UNKNOWN	163	G	0.97266223812	A	0.0201839550332	79	26	3807	2	3914	111712
UNKNOWN	164	A	0.967041389882	G	0.0173735309147	3785	37	68	24	3914	111712
UNKNOWN	165	G	0.71972406745	A	0.148696985181	582	120	2817	395	3914	111712
UNKNOWN	166	A	0.889882473173	G	0.0631067961165	3483	140	247	44	3914	111712
UNKNOWN	167	C	0.916198262647	T	0.0449667858968	74	3586	78	176	3914	111712
UNKNOWN	168	A	0.960398569239	G	0.0255493101686	3759	35	100	20	3914	111712
UNKNOWN	169	C	0.962953500255	T	0.021972406745	19	3769	40	86	3914	111712
UNKNOWN	170	A	0.97726111395	C	0.0109862033725	3825	43	35	11	3914	111712
UNKNOWN	171	T	0.849770056208	A	0.0825242718447	323	152	113	3326	3914	111712
UNKNOWN	172	A	0.830097087379	G	0.138988247317	3249	72	544	49	3914	111712
UNKNOWN	173	C	0.94098109351	G	0.0247828308636	90	3683	97	44	3914	111712
UNKNOWN	174	T	0.98185998978	C	0.0137966274911	10	54	7	3843	3914	111712
UNKNOWN	175	A	0.971895758815	T	0.0235053653551	3804	13	5	92	3914	111712
UNKNOWN	176	T	0.985181400102	C	0.00613183444047	14	24	20	3856	3914	111712
UNKNOWN	177	A	0.996678589678	G	0.00204394481349	3901	5	8	0	3914	111712
UNKNOWN	178	A	0.993357179356	C	0.00332141032192	3888	13	11	2	3914	111712
UNKNOWN	179	C	0.926162493613	T	0.0682166581502	4	3625	18	267	3914	111712
UNKNOWN	180	C	0.97572815534	T	0.0132856412877	21	3819	22	52	3914	111712
UNKNOWN	181	C	0.993612672458	A	0.00306591722024	12	3889	3	10	3914	111712
UNKNOWN	182	A	0.978027593255	G	0.0145631067961	3828	25	57	4	3914	111712
UNKNOWN	183	G	0.971640265713	A	0.0217169136433	85	15	3803	11	3914	111712
UNKNOWN	184	C	0.952222789985	T	0.0255493101686	13	3727	74	100	3914	111712
UNKNOWN	185	C	0.998978027593	G	0.000766479305059	0	3910	3	1	3914	111712
UNKNOWN	186	C	0.991313234543	T	0.00792028615227	2	3880	1	31	3914	111712
UNKNOWN	187	T	0.994634644865	G	0.00281042411855	2	8	11	3893	3914	111712
UNKNOWN	188	G	0.986714358712	A	0.0112416964742	44	1	3862	7	3914	111712
UNKNOWN	189	A	0.993101686254	G	0.00408788962698	3887	9	16	2	3914	111712
UNKNOWN	190	A	0.997956055187	G	0.00102197240675	3906	2	4	2	3914	111712
UNKNOWN	191	A	0.992079713848	T	0.00408788962698	3883	3	12	16	3914	111712
UNKNOWN	192	T	0.990035769034	C	0.00715380684722	3	28	8	3875	3914	111712
UNKNOWN	193	C	0.998211548288	A	0.00127746550843	5	3907	0	2	3914	111712
UNKNOWN	194	C	0.994890137966	T	0.00204394481349	4	3894	8	8	3914	111712
UNKNOWN	195	C	0.996423096576	G	0.00306591722024	1	3900	12	1	3914	111712
UNKNOWN	196	G	0.998722534492	A	0.000510986203373	2	2	3909	1	3914	111712
UNKNOWN	197	G	0.910832907511	A	0.0697496167603	273	36	3565	40	3914	111712
UNKNOWN	198	C	0.993357179356	T	0.00459887583035	4	3888	4	18	3914	111712
UNKNOWN	199	T	0.992846193153	C	0.00459887583035	4	18	6	3886	3914	111712
UNKNOWN	200	C	0.990546755238	A	0.00434338272867	17	3877	17	3	3914	111712
UNKNOWN	201	A	0.98185998978	G	0.0158405723045	3843	9	62	0	3914	111712
UNKNOWN	202	G	0.977772100153	A	0.0109862033725	43	33	3827	11	3914	111712
UNKNOWN	203	C	0.953500255493	T	0.0255493101686	68	3732	14	100	3914	111712
UNKNOWN	204	A	0.990035769034	G	0.00459887583035	3875	8	18	13	3914	111712
UNKNOWN	205	T	0.995145631068	C	0.00357690342361	3	14	2	3895	3914	111712
UNKNOWN	206	C	0.991568727644	A	0.0056208482371	22	3881	1	10	3914	111712
UNKNOWN	207	A	0.987991824221	T	0.00434338272867	3867	14	16	17	3914	111712
UNKNOWN	208	C	0.989524782831	T	0.0074092999489	3	3873	9	29	3914	111712
UNKNOWN	209	C	0.974961676035	T	0.0109862033725	25	3816	30	43	3914	111712
UNKNOWN	210	A	0.982370975984	C	0.00766479305059	3845	30	24	15	3914	111712
UNKNOWN	211	A	0.975472662238	G	0.0158405723045	3818	24	62	10	3914	111712
UNKNOWN	212	G	0.994634644865	A	0.00485436893204	19	2	3893	0	3914	111712
UNKNOWN	213	G	0.993101686254	A	0.00536535513541	21	4	3887	2	3914	111712
UNKNOWN	214	A	0.992335206949	C	0.00383239652529	3884	15	10	5	3914	111712
UNKNOWN	215	C	0.991057741441	A	0.00485436893204	19	3879	0	16	3914	111712
UNKNOWN	216	A	0.994634644865	G	0.00459887583035	3893	3	18	0	3914	111712
UNKNOWN	217	A	0.977772100153	C	0.00970873786408	3827	38	24	25	3914	111712
UNKNOWN	218	C	0.977516607052	G	0.0120081757793	1	3826	47	40	3914	111712
UNKNOWN	219	T	0.991313234543	C	0.00485436893204	9	19	6	3880	3914	111712
UNKNOWN	220	C	0.994890137966	A	0.00332141032192	13	3894	1	6	3914	111712
UNKNOWN	221	C	0.994379151763	A	0.00383239652529	15	3892	4	3	3914	111712
UNKNOWN	222	A	0.987225344916	G	0.00638732754216	3864	22	25	3	3914	111712
UNKNOWN	223	A	0.987225344916	G	0.00945324476239	3864	6	37	7	3914	111712
UNKNOWN	224	G	0.986203372509	A	0.00766479305059	30	20	3860	4	3914	111712
UNKNOWN	225	A	0.991057741441	G	0.00715380684722	3879	4	28	3	3914	111712
UNKNOWN	226	G	0.931527848748	A	0.0508431272356	199	65	3646	4	3914	111712
UNKNOWN	227	C	0.948901379663	T	0.0467552376086	3	3714	14	183	3914	111712
UNKNOWN	228	C	0.993357179356	A	0.00459887583035	18	3888	5	3	3914	111712
UNKNOWN	229	A	0.994634644865	G	0.00357690342361	3893	5	14	2	3914	111712
UNKNOWN	230	A	0.981349003577	G	0.0158405723045	3841	6	62	5	3914	111712
UNKNOWN	231	G	0.971640265713	A	0.0109862033725	43	43	3803	25	3914	111712
UNKNOWN	232	T	0.989780275933	C	0.00868676545733	3	34	3	3874	3914	111712
UNKNOWN	233	C	0.982370975984	T	0.00919775166071	5	3845	28	36	3914	111712
UNKNOWN	234	T	0.992846193153	C	0.00536535513541	5	21	2	3886	3914	111712
UNKNOWN	235	C	0.991824220746	T	0.0074092999489	1	3882	2	29	3914	111712
UNKNOWN	236	T	0.978538579458	G	0.0112416964742	4	36	44	3830	3914	111712
UNKNOWN	237	C	0.989524782831	G	0.00536535513541	4	3873	21	16	3914	111712
UNKNOWN	238	T	0.994379151763	G	0.00357690342361	1	7	14	3892	3914	111712
UNKNOWN	239	G	0.933827286663	A	0.0477772100153	187	52	3655	20	3914	111712
UNKNOWN	240	T	0.983903934594	A	0.00613183444047	24	21	18	3851	3914	111712
UNKNOWN	241	C	0.983903934594	T	0.0114971895759	14	3851	4	45	3914	111712
UNKNOWN	242	A	0.971384772611	G	0.0189064895248	3802	13	74	25	3914	111712
UNKNOWN	243	G	0.925140521206	C	0.04394481349	100	172	3621	21	3914	111712
UNKNOWN	244	T	0.988502810424	C	0.0074092999489	3	29	13	3869	3914	111712
UNKNOWN	245	G	0.975472662238	A	0.017884517118	70	16	3818	10	3914	111712
UNKNOWN	246	A	0.966785896781	C	0.017118037813	3784	67	60	3	3914	111712
UNKNOWN	247	G	0.945324476239	A	0.0339805825243	133	65	3700	16	3914	111712
UNKNOWN	248	C	0.966019417476	T	0.0204394481349	28	3781	25	80	3914	111712
UNKNOWN	249	A	0.985692386306	G	0.0114971895759	3858	10	45	1	3914	111712
UNKNOWN	250	G	0.983903934594	C	0.00766479305059	28	30	3851	5	3914	111712
UNKNOWN	251	C	0.988502810424	G	0.00459887583035	10	3869	18	17	3914	111712
UNKNOWN	252	G	0.990035769034	A	0.00408788962698	16	10	3875	13	3914	111712
UNKNOWN	253	T	0.989269289729	G	0.00536535513541	2	19	21	3872	3914	111712
UNKNOWN	254	G	0.983648441492	A	0.0125191619826	49	6	3850	9	3914	111712
UNKNOWN	255	A	0.973939703628	G	0.017884517118	3812	17	70	15	3914	111712
UNKNOWN	256	C	0.988247317322	A	0.00510986203373	20	3868	11	15	3914	111712
UNKNOWN	257	A	0.98185998978	G	0.00792028615227	3843	28	31	12	3914	111712
UNKNOWN	258	C	0.860756259581	A	0.126724578436	496	3369	36	13	3914	111712
UNKNOWN	259	C	0.984414920797	T	0.0109862033725	2	3853	16	43	3914	111712
UNKNOWN	260	T	0.971640265713	G	0.0135411343894	6	52	53	3803	3914	111712
UNKNOWN	261	G	0.988758303526	A	0.00792028615227	31	1	3870	12	3914	111712
UNKNOWN	262	A	0.968318855391	G	0.0286152273889	3790	9	112	3	3914	111712
UNKNOWN	263	G	0.954011241696	A	0.0265712825754	104	53	3734	23	3914	111712
UNKNOWN	264	G	0.984670413899	A	0.00996423096576	39	4	3854	17	3914	111712
UNKNOWN	265	A	0.986714358712	C	0.00868676545733	3862	34	15	3	3914	111712
UNKNOWN	266	C	0.978027593255	T	0.00970873786408	37	3828	11	38	3914	111712
UNKNOWN	267	A	0.984414920797	T	0.00587634133878	3853	17	21	23	3914	111712
UNKNOWN	268	C	0.987480838017	A	0.00587634133878	23	3865	22	4	3914	111712
UNKNOWN	269	G	0.881706693919	A	0.111905978539	438	16	3451	9	3914	111712
UNKNOWN	270	G	0.987225344916	A	0.00510986203373	20	15	3864	15	3914	111712
UNKNOWN	271	C	0.988247317322	A	0.0074092999489	29	3868	15	2	3914	111712
UNKNOWN	272	C	0.984670413899	A	0.00843127235565	33	3854	9	18	3914	111712
UNKNOWN	273	A	0.984159427695	G	0.0102197240675	3852	14	40	8	3914	111712
UNKNOWN	274	C	0.985181400102	A	0.00792028615227	31	3856	6	21	3914	111712
UNKNOWN	275	A	0.968574348493	T	0.013030148186	3791	28	44	51	3914	111712
UNKNOWN	276	T	0.987225344916	G	0.00510986203373	19	11	20	3864	3914	111712
UNKNOWN	277	A	0.987736331119	C	0.00715380684722	3866	28	15	5	3914	111712
UNKNOWN	278	C	0.950945324476	T	0.047266223812	5	3722	2	185	3914	111712
UNKNOWN	279	T	0.979305058763	G	0.00817577925396	26	23	32	3833	3914	111712
UNKNOWN	280	A	0.966274910577	C	0.0150740929995	3782	59	23	50	3914	111712
UNKNOWN	281	C	0.963464486459	T	0.0339805825243	4	3771	6	133	3914	111712
UNKNOWN	282	T	0.982626469085	G	0.0107307102708	19	7	42	3846	3914	111712
