Type	Position	Nucl1	Freq1	Nucl2	Freq2	NumAs	NumCs	NumGs	NumTs	NumAligned	NumNaive
UNKNOWN	0	C	1.0	A	0.0	0	20595	0	0	20595	111712
UNKNOWN	1	A	1.0	C	0.0	20595	0	0	0	20595	111712
UNKNOWN	2	G	1.0	A	0.0	0	0	20595	0	20595	111712
UNKNOWN	3	G	1.0	A	0.0	0	0	20595	0	20595	111712
UNKNOWN	4	T	1.0	A	0.0	0	0	0	20595	20595	111712
UNKNOWN	5	G	1.0	A	0.0	0	0	20595	0	20595	111712
UNKNOWN	6	C	1.0	A	0.0	0	20595	0	0	20595	111712
UNKNOWN	7	A	0.995630007283	G	0.0027676620539	20505	21	57	12	20595	111712
UNKNOWN	8	G	0.985384802136	A	0.0111677591648	230	52	20294	19	20595	111712
UNKNOWN	9	C	0.995241563486	T	0.0027676620539	2	20497	39	57	20595	111712
UNKNOWN	10	T	0.998883224084	C	0.000922554017966	1	19	3	20572	20595	111712
UNKNOWN	11	G	0.998883224084	A	0.00101966496723	21	1	20572	1	20595	111712
UNKNOWN	12	C	0.999320223355	T	0.000485554746298	2	20581	2	10	20595	111712
UNKNOWN	13	G	0.998154891964	A	0.00160233066278	33	5	20557	0	20595	111712
UNKNOWN	14	G	0.925321680019	C	0.0729788783685	21	1503	19057	14	20595	111712
UNKNOWN	15	G	0.998786113134	C	0.000825443068706	6	17	20570	2	20595	111712
UNKNOWN	16	A	0.997183782471	G	0.00203932993445	20537	13	42	3	20595	111712
UNKNOWN	17	G	0.997183782471	A	0.00213644088371	44	13	20537	1	20595	111712
UNKNOWN	18	T	0.996067006555	C	0.00213644088371	8	44	29	20514	20595	111712
UNKNOWN	19	C	0.999563000728	T	0.000339888322408	1	20586	1	7	20595	111712
UNKNOWN	20	G	0.92323379461	A	0.0749210973537	1543	36	19014	2	20595	111712
UNKNOWN	21	G	0.998980335033	C	0.000728332119446	4	15	20574	2	20595	111712
UNKNOWN	22	G	0.999271667881	A	0.000339888322408	7	7	20580	1	20595	111712
UNKNOWN	23	C	0.999320223355	T	0.000436999271668	0	20581	5	9	20595	111712
UNKNOWN	24	C	0.999271667881	T	0.000631221170187	1	20580	1	13	20595	111712
UNKNOWN	25	C	0.999514445254	T	0.000291332847779	1	20585	3	6	20595	111712
UNKNOWN	26	C	0.998689002185	T	0.000728332119446	12	20568	0	15	20595	111712
UNKNOWN	27	A	0.995630007283	G	0.00373877154649	20505	11	77	2	20595	111712
UNKNOWN	28	G	0.993979121146	A	0.0040786598689	84	38	20471	2	20595	111712
UNKNOWN	29	C	0.995144452537	T	0.00378732702112	8	20495	14	78	20595	111712
UNKNOWN	30	C	0.999271667881	T	0.000679776644817	1	20580	0	14	20595	111712
UNKNOWN	31	T	0.997086671522	C	0.00184510803593	3	38	19	20535	20595	111712
UNKNOWN	32	G	0.997086671522	A	0.00223355183297	46	7	20535	7	20595	111712
UNKNOWN	33	G	0.996552561301	A	0.00174799708667	36	24	20524	11	20595	111712
UNKNOWN	34	T	0.996552561301	C	0.00252488468075	3	52	16	20524	20595	111712
UNKNOWN	35	G	0.998397669337	A	0.00116533139111	24	5	20562	4	20595	111712
UNKNOWN	36	A	0.997086671522	C	0.00189366351056	20535	39	19	2	20595	111712
UNKNOWN	37	A	0.995678562758	G	0.00301043942705	20506	25	62	2	20595	111712
UNKNOWN	38	G	0.997912114591	A	0.00111677591648	23	19	20552	1	20595	111712
UNKNOWN	39	C	0.998252002913	T	0.00135955328963	1	20559	7	28	20595	111712
UNKNOWN	40	C	0.999611556203	T	0.000339888322408	1	20587	0	7	20595	111712
UNKNOWN	41	C	0.996164117504	G	0.00247632920612	11	20516	51	17	20595	111712
UNKNOWN	42	T	0.996212672979	C	0.00315610585093	7	65	6	20517	20595	111712
UNKNOWN	43	C	0.998883224084	A	0.000679776644817	14	20572	2	7	20595	111712
UNKNOWN	44	A	0.996309783928	G	0.00174799708667	20519	28	36	12	20595	111712
UNKNOWN	45	C	0.994853119689	G	0.00422432629279	14	20489	87	5	20595	111712
UNKNOWN	46	A	0.997183782471	G	0.00189366351056	20537	15	39	4	20595	111712
UNKNOWN	47	G	0.991939791211	A	0.00718621024521	148	17	20429	1	20595	111712
UNKNOWN	48	A	0.995241563486	G	0.00305899490168	20497	30	63	5	20595	111712
UNKNOWN	49	C	0.997717892692	G	0.000922554017966	11	20548	19	17	20595	111712
UNKNOWN	50	C	0.998203447439	G	0.000825443068706	7	20558	17	13	20595	111712
UNKNOWN	51	C	0.99873755766	T	0.000776887594076	2	20569	8	16	20595	111712
UNKNOWN	52	T	0.996067006555	C	0.00330177227482	8	68	5	20514	20595	111712
UNKNOWN	53	C	0.999271667881	T	0.000728332119446	0	20580	0	15	20595	111712
UNKNOWN	54	T	0.995290118961	C	0.0035931051226	16	74	7	20498	20595	111712
UNKNOWN	55	C	0.998980335033	T	0.000679776644817	4	20574	3	14	20595	111712
UNKNOWN	56	C	0.995338674436	G	0.00271910657927	2	20499	56	38	20595	111712
UNKNOWN	57	C	0.995678562758	G	0.0022821073076	5	20506	47	37	20595	111712
UNKNOWN	58	T	0.996552561301	C	0.0031075503763	3	64	4	20524	20595	111712
UNKNOWN	59	C	0.998543335761	A	0.000873998543336	18	20565	4	8	20595	111712
UNKNOWN	60	A	0.99611556203	G	0.0022821073076	20515	29	47	4	20595	111712
UNKNOWN	61	C	0.997620781743	T	0.00165088613741	0	20546	15	34	20595	111712
UNKNOWN	62	C	0.995630007283	T	0.00233066278223	6	20505	36	48	20595	111712
UNKNOWN	63	T	0.996892449624	C	0.00184510803593	3	38	23	20531	20595	111712
UNKNOWN	64	G	0.998349113863	C	0.000873998543336	15	18	20561	1	20595	111712
UNKNOWN	65	C	0.996406894877	T	0.00271910657927	18	20521	0	56	20595	111712
UNKNOWN	66	A	0.993299344501	G	0.00369021607186	20457	40	76	22	20595	111712
UNKNOWN	67	C	0.99601845108	T	0.00237921825686	2	20513	31	49	20595	111712
UNKNOWN	68	G	0.993056567128	A	0.00495265841224	102	29	20452	12	20595	111712
UNKNOWN	69	G	0.724302015052	A	0.271182325807	5585	56	14917	37	20595	111712
UNKNOWN	70	T	0.982568584608	C	0.0167516387473	6	345	8	20236	20595	111712
UNKNOWN	71	C	0.978344258315	T	0.0133527555232	11	20149	160	275	20595	111712
UNKNOWN	72	T	0.995824229182	C	0.00296188395242	9	61	16	20509	20595	111712
UNKNOWN	73	C	0.998349113863	T	0.00126244234037	3	20561	5	26	20595	111712
UNKNOWN	74	T	0.99213401311	C	0.00446710366594	13	92	57	20433	20595	111712
UNKNOWN	75	G	0.989123573683	A	0.0103423160961	213	10	20371	1	20595	111712
UNKNOWN	76	G	0.992862345229	A	0.00640932265113	132	6	20448	9	20595	111712
UNKNOWN	77	A	0.991162903617	G	0.00378732702112	20413	65	78	39	20595	111712
UNKNOWN	78	T	0.995241563486	C	0.00262199563001	8	54	36	20497	20595	111712
UNKNOWN	79	T	0.995484340859	C	0.0040786598689	2	84	7	20502	20595	111712
UNKNOWN	80	C	0.990628793396	T	0.00738043214372	6	20402	35	152	20595	111712
UNKNOWN	81	T	0.99276523428	C	0.00577810148094	14	119	16	20446	20595	111712
UNKNOWN	82	C	0.997280893421	A	0.00140810876426	29	20539	3	24	20595	111712
UNKNOWN	83	A	0.991988346686	G	0.00427288176742	20430	22	88	55	20595	111712
UNKNOWN	84	T	0.986113134256	C	0.011410536538	20	235	31	20309	20595	111712
UNKNOWN	85	T	0.993736343773	C	0.00466132556446	6	96	27	20466	20595	111712
UNKNOWN	86	G	0.979898033503	A	0.0176256372906	363	42	20181	9	20595	111712
UNKNOWN	87	A	0.990337460549	G	0.00621510075261	20396	61	128	10	20595	111712
UNKNOWN	88	G	0.954357853848	A	0.0251517358582	518	348	19655	74	20595	111712
UNKNOWN	89	C	0.973828599175	T	0.0184510803593	77	20056	82	380	20595	111712
UNKNOWN	90	A	0.979072590435	G	0.0155377518815	20164	79	320	32	20595	111712
UNKNOWN	91	G	0.882447195921	A	0.0699684389415	1441	691	18174	289	20595	111712
UNKNOWN	92	C	0.962952172857	T	0.0224811847536	129	19832	171	463	20595	111712
UNKNOWN	93	T	0.9672736101	A	0.0163146394756	336	176	162	19921	20595	111712
UNKNOWN	94	A	0.965234280165	G	0.0149065307113	19879	168	307	241	20595	111712
UNKNOWN	95	T	0.986404467104	G	0.00699198834669	42	94	144	20315	20595	111712
UNKNOWN	96	G	0.887739742656	A	0.0879825200291	1812	159	18283	341	20595	111712
UNKNOWN	97	C	0.920223355183	G	0.0393784899247	313	18952	811	519	20595	111712
UNKNOWN	98	T	0.990580237922	G	0.00514688031076	19	69	106	20401	20595	111712
UNKNOWN	99	G	0.971546491867	A	0.023743627094	489	29	20009	68	20595	111712
UNKNOWN	100	T	0.994658897791	C	0.00354454964797	28	73	9	20485	20595	111712
UNKNOWN	101	A	0.972323379461	G	0.0168487496965	20025	157	347	66	20595	111712
UNKNOWN	102	G	0.939645545035	A	0.0462248118475	952	236	19352	55	20595	111712
UNKNOWN	103	G	0.872201990774	A	0.085117747026	1753	653	17963	226	20595	111712
UNKNOWN	104	C	0.985481913086	G	0.00543821315853	80	20296	112	107	20595	111712
UNKNOWN	105	T	0.997086671522	G	0.00174799708667	1	23	36	20535	20595	111712
UNKNOWN	106	G	0.999417334304	A	0.000388443797038	8	2	20583	2	20595	111712
UNKNOWN	107	G	0.999077445982	A	0.000388443797038	8	6	20576	5	20595	111712
UNKNOWN	108	G	0.985190580238	A	0.0115562029619	238	32	20290	35	20595	111712
UNKNOWN	109	T	0.995338674436	C	0.00422432629279	3	87	6	20499	20595	111712
UNKNOWN	110	C	0.995678562758	T	0.00330177227482	4	20506	17	68	20595	111712
UNKNOWN	111	C	0.997863559116	G	0.001310997815	2	20551	27	15	20595	111712
UNKNOWN	112	G	0.997766448167	C	0.00155377518815	11	32	20549	3	20595	111712
UNKNOWN	113	C	0.993930565671	A	0.00315610585093	65	20470	39	21	20595	111712
UNKNOWN	114	C	0.99800922554	A	0.00140810876426	29	20554	5	7	20595	111712
UNKNOWN	115	A	0.994367564943	G	0.00495265841224	20479	11	102	3	20595	111712
UNKNOWN	116	G	0.998349113863	A	0.000922554017966	19	7	20561	8	20595	111712
UNKNOWN	117	G	0.990968681719	A	0.00529254673464	109	50	20409	27	20595	111712
UNKNOWN	118	C	0.996212672979	T	0.00286477300316	5	20517	14	59	20595	111712
UNKNOWN	119	T	0.994658897791	C	0.00451565914057	0	93	17	20485	20595	111712
UNKNOWN	120	C	0.996212672979	T	0.00213644088371	21	20517	13	44	20595	111712
UNKNOWN	121	C	0.997717892692	G	0.00165088613741	2	20548	34	11	20595	111712
UNKNOWN	122	G	0.98038358825	A	0.0180626365623	372	17	20191	15	20595	111712
UNKNOWN	123	G	0.997280893421	C	0.00155377518815	15	32	20539	9	20595	111712
UNKNOWN	124	G	0.993202233552	A	0.00480699198835	99	39	20455	2	20595	111712
UNKNOWN	125	G	0.988346686089	A	0.0108764263171	224	6	20355	10	20595	111712
UNKNOWN	126	A	0.997329448895	G	0.00199077445982	20540	13	41	1	20595	111712
UNKNOWN	127	A	0.992328235008	G	0.00679776644817	20437	14	140	4	20595	111712
UNKNOWN	128	G	0.998591891236	A	0.00111677591648	23	5	20566	1	20595	111712
UNKNOWN	129	G	0.989123573683	A	0.00772032046613	159	47	20371	18	20595	111712
UNKNOWN	130	C	0.996504005827	G	0.00174799708667	6	20523	36	30	20595	111712
UNKNOWN	131	G	0.918863801894	A	0.0764748725419	1575	66	18924	30	20595	111712
UNKNOWN	132	C	0.992619567856	T	0.00553532410779	22	20443	16	114	20595	111712
UNKNOWN	133	T	0.988977907259	C	0.00626365622724	30	129	68	20368	20595	111712
UNKNOWN	134	G	0.979849478029	A	0.0164117504249	338	11	20180	66	20595	111712
UNKNOWN	135	G	0.993639232824	C	0.00383588249575	48	79	20464	4	20595	111712
UNKNOWN	136	A	0.994950230639	G	0.00378732702112	20491	17	78	9	20595	111712
UNKNOWN	137	G	0.974751153193	A	0.0221898519058	457	29	20075	34	20595	111712
UNKNOWN	138	T	0.996067006555	G	0.0022821073076	5	29	47	20514	20595	111712
UNKNOWN	139	G	0.995435785385	T	0.00296188395242	20	13	20501	61	20595	111712
UNKNOWN	140	G	0.989609128429	C	0.00475843651372	52	98	20381	64	20595	111712
UNKNOWN	141	G	0.930905559602	A	0.0513231366837	1057	322	19172	44	20595	111712
UNKNOWN	142	T	0.997280893421	C	0.00126244234037	5	26	25	20539	20595	111712
UNKNOWN	143	T	0.975916484584	C	0.0117018693858	51	241	204	20099	20595	111712
UNKNOWN	144	G	0.996843894149	A	0.00218499635834	45	4	20530	16	20595	111712
UNKNOWN	145	G	0.976839038602	C	0.0196649672251	34	405	20118	38	20595	111712
UNKNOWN	146	T	0.951978635591	G	0.0259771789269	234	220	535	19606	20595	111712
UNKNOWN	147	G	0.847681476086	A	0.125807234766	2591	178	17458	368	20595	111712
UNKNOWN	148	G	0.809711094926	A	0.12522456907	2579	872	16676	468	20595	111712
UNKNOWN	149	T	0.918475358097	G	0.043408594319	382	403	894	18916	20595	111712
UNKNOWN	150	A	0.937751881525	G	0.0532168001942	19313	44	1096	142	20595	111712
UNKNOWN	151	T	0.988977907259	C	0.00451565914057	81	93	53	20368	20595	111712
UNKNOWN	152	A	0.928526341345	G	0.0330662782229	19123	148	681	643	20595	111712
UNKNOWN	153	A	0.881233309056	G	0.0904102937606	18149	329	1862	255	20595	111712
UNKNOWN	154	G	0.851517358582	A	0.0790483126973	1628	1271	17537	159	20595	111712
UNKNOWN	155	T	0.937848992474	C	0.030298616169	172	624	484	19315	20595	111712
UNKNOWN	156	A	0.809468317553	G	0.173294488954	16671	273	3569	82	20595	111712
UNKNOWN	157	G	0.851857246905	C	0.0732702112163	1006	1509	17544	536	20595	111712
UNKNOWN	158	T	0.962903617383	G	0.0165088613741	201	223	340	19831	20595	111712
UNKNOWN	159	G	0.802184996358	A	0.148434085943	3057	536	16521	481	20595	111712
UNKNOWN	160	G	0.848069919883	A	0.0986161689731	2031	684	17466	414	20595	111712
UNKNOWN	161	T	0.942850206361	G	0.0221412964312	378	343	456	19418	20595	111712
UNKNOWN	162	G	0.98951201748	A	0.00903131828114	186	23	20379	7	20595	111712
UNKNOWN	163	G	0.987764020393	A	0.00689487739743	142	31	20343	79	20595	111712
UNKNOWN	164	A	0.959650400583	G	0.0252002913328	19764	183	519	129	20595	111712
UNKNOWN	165	A	0.929934450109	G	0.0555474629765	19152	172	1144	127	20595	111712
UNKNOWN	166	G	0.777858703569	A	0.104928380675	2161	1677	16020	737	20595	111712
UNKNOWN	167	C	0.894246176256	T	0.0368050497694	722	18417	698	758	20595	111712
UNKNOWN	168	A	0.971400825443	G	0.0169458606458	20006	143	349	97	20595	111712
UNKNOWN	169	C	0.968244719592	T	0.0173343044428	198	19941	99	357	20595	111712
UNKNOWN	170	A	0.987035688274	G	0.00689487739743	20328	50	142	75	20595	111712
UNKNOWN	171	T	0.970089827628	G	0.0183539694101	111	127	378	19979	20595	111712
UNKNOWN	172	G	0.908327263899	A	0.0816217528526	1681	108	18707	99	20595	111712
UNKNOWN	173	C	0.985142024763	T	0.0105850934693	18	20289	70	218	20595	111712
UNKNOWN	174	C	0.899053168245	T	0.0950716193251	85	18516	36	1958	20595	111712
UNKNOWN	175	T	0.88924496237	A	0.0925467346443	1906	249	126	18314	20595	111712
UNKNOWN	176	T	0.951056081573	C	0.0195678562758	327	403	278	19587	20595	111712
UNKNOWN	177	A	0.980917698471	G	0.00932265112891	20202	184	192	17	20595	111712
UNKNOWN	178	A	0.987424132071	C	0.00597232337946	20336	123	121	15	20595	111712
UNKNOWN	179	C	0.883709638262	T	0.107307598932	38	18200	147	2210	20595	111712
UNKNOWN	180	C	0.934013109978	G	0.0281136198106	275	19236	579	505	20595	111712
UNKNOWN	181	C	0.986792910901	T	0.00485554746298	88	20323	84	100	20595	111712
UNKNOWN	182	A	0.984413692644	G	0.0105850934693	20274	90	218	13	20595	111712
UNKNOWN	183	G	0.980723476572	A	0.0129643117261	267	76	20198	54	20595	111712
UNKNOWN	184	C	0.980723476572	T	0.0111192036902	46	20198	122	229	20595	111712
UNKNOWN	185	C	0.997523670794	T	0.00135955328963	14	20544	9	28	20595	111712
UNKNOWN	186	C	0.994319009468	T	0.00466132556446	10	20478	11	96	20595	111712
UNKNOWN	187	T	0.994416120418	G	0.00262199563001	25	36	54	20480	20595	111712
UNKNOWN	188	G	0.98290847293	A	0.0108278708424	223	63	20243	66	20595	111712
UNKNOWN	189	A	0.991599902889	G	0.0053896576839	20422	50	111	12	20595	111712
UNKNOWN	190	A	0.991794124788	C	0.00344743869871	20426	71	66	32	20595	111712
UNKNOWN	191	A	0.987909686817	T	0.00432143724205	20346	78	82	89	20595	111712
UNKNOWN	192	T	0.990677348871	C	0.00611798980335	30	126	36	20403	20595	111712
UNKNOWN	193	C	0.995581451809	T	0.00291332847779	24	20504	7	60	20595	111712
UNKNOWN	194	C	0.992376790483	T	0.00393299344501	20	20438	56	81	20595	111712
UNKNOWN	195	C	0.994853119689	G	0.0035931051226	14	20489	74	18	20595	111712
UNKNOWN	196	G	0.997135226997	A	0.00165088613741	34	10	20536	15	20595	111712
UNKNOWN	197	G	0.945666423889	A	0.0402039329934	828	199	19476	92	20595	111712
UNKNOWN	198	C	0.977810148094	T	0.0130614226754	82	20138	106	269	20595	111712
UNKNOWN	199	T	0.992571012382	C	0.00470988103909	19	97	37	20442	20595	111712
UNKNOWN	200	C	0.993979121146	A	0.00339888322408	70	20471	26	28	20595	111712
UNKNOWN	201	A	0.984753580966	G	0.0124302015052	20281	51	256	7	20595	111712
UNKNOWN	202	G	0.979849478029	C	0.0154891964069	39	319	20180	57	20595	111712
UNKNOWN	203	C	0.959650400583	T	0.0259286234523	111	19764	186	534	20595	111712
UNKNOWN	204	A	0.982520029133	G	0.011410536538	20235	75	235	50	20595	111712
UNKNOWN	205	T	0.993445010925	C	0.00432143724205	27	89	19	20460	20595	111712
UNKNOWN	206	C	0.990483126973	T	0.00568099053168	72	20399	7	117	20595	111712
UNKNOWN	207	A	0.986598689002	G	0.00592376790483	20319	84	122	70	20595	111712
UNKNOWN	208	C	0.984365137169	T	0.00723476571983	51	20273	122	149	20595	111712
UNKNOWN	209	C	0.973877154649	G	0.011022092741	147	20057	227	164	20595	111712
UNKNOWN	210	A	0.988977907259	C	0.00602087885409	20368	124	98	5	20595	111712
UNKNOWN	211	A	0.976304928381	G	0.0184510803593	20107	84	380	24	20595	111712
UNKNOWN	212	G	0.987812575868	A	0.00873998543336	180	42	20344	29	20595	111712
UNKNOWN	213	G	0.989706239378	A	0.00796309783928	164	37	20383	11	20595	111712
UNKNOWN	214	A	0.991794124788	C	0.00441854819131	20426	91	40	38	20595	111712
UNKNOWN	215	C	0.982665695557	T	0.0099538722991	94	20238	58	205	20595	111712
UNKNOWN	216	A	0.990580237922	G	0.00524399126001	20401	49	108	37	20595	111712
UNKNOWN	217	A	0.979072590435	G	0.012721534353	20164	103	262	66	20595	111712
UNKNOWN	218	C	0.9802864773	T	0.0117504248604	12	20189	152	242	20595	111712
UNKNOWN	219	T	0.988346686089	C	0.00563243505705	51	116	73	20355	20595	111712
UNKNOWN	220	C	0.99538722991	A	0.0031075503763	64	20500	7	24	20595	111712
UNKNOWN	221	C	0.978635591163	A	0.0115562029619	238	20155	166	36	20595	111712
UNKNOWN	222	A	0.978538480214	C	0.012333090556	20153	254	178	10	20595	111712
UNKNOWN	223	A	0.97305171158	G	0.0212672978878	20040	37	438	80	20595	111712
UNKNOWN	224	G	0.988443797038	A	0.00553532410779	114	111	20357	13	20595	111712
UNKNOWN	225	A	0.989123573683	G	0.00645787812576	20371	81	133	10	20595	111712
UNKNOWN	226	G	0.957125515902	A	0.0323379461034	666	198	19712	19	20595	111712
UNKNOWN	227	C	0.966933721777	T	0.025831512503	42	19914	107	532	20595	111712
UNKNOWN	228	C	0.990240349599	G	0.0050497693615	85	20394	104	12	20595	111712
UNKNOWN	229	A	0.9934935664	G	0.00349599417334	20461	30	72	32	20595	111712
UNKNOWN	230	A	0.97902403496	G	0.0184510803593	20163	39	380	13	20595	111712
UNKNOWN	231	G	0.975091041515	A	0.01048798252	216	104	20082	193	20595	111712
UNKNOWN	232	T	0.991842680262	C	0.00631221170187	14	130	24	20427	20595	111712
UNKNOWN	233	C	0.961058509347	G	0.0199563000728	52	19793	411	339	20595	111712
UNKNOWN	234	T	0.988298130614	C	0.00679776644817	34	140	67	20354	20595	111712
UNKNOWN	235	C	0.986307356154	T	0.0128672007769	12	20313	5	265	20595	111712
UNKNOWN	236	T	0.972954600631	C	0.0135469774217	77	279	201	20038	20595	111712
UNKNOWN	237	C	0.986792910901	T	0.00893420733188	63	20323	25	184	20595	111712
UNKNOWN	238	T	0.993299344501	G	0.00335032774945	11	58	69	20457	20595	111712
UNKNOWN	239	G	0.956154406409	A	0.031998057781	659	155	19692	89	20595	111712
UNKNOWN	240	T	0.983782471474	G	0.00665210002428	86	111	137	20261	20595	111712
UNKNOWN	241	C	0.98489924739	T	0.0109249817917	71	20284	15	225	20595	111712
UNKNOWN	242	A	0.973731488225	G	0.0151978635591	20054	173	313	55	20595	111712
UNKNOWN	243	G	0.916241806264	A	0.0415634862831	856	705	18870	164	20595	111712
UNKNOWN	244	T	0.99276523428	G	0.00369021607186	20	53	76	20446	20595	111712
UNKNOWN	245	G	0.972711823258	A	0.0184996358339	381	56	20033	125	20595	111712
UNKNOWN	246	A	0.973731488225	G	0.0180140810876	20054	124	371	46	20595	111712
UNKNOWN	247	G	0.923476571983	A	0.0438455935907	903	456	19019	217	20595	111712
UNKNOWN	248	C	0.963437727604	T	0.0251517358582	147	19842	88	518	20595	111712
UNKNOWN	249	A	0.973440155378	G	0.0236465161447	20048	53	487	7	20595	111712
UNKNOWN	250	G	0.982374362709	A	0.00961398397669	198	127	20232	38	20595	111712
UNKNOWN	251	C	0.987715464919	T	0.00679776644817	32	20342	81	140	20595	111712
UNKNOWN	252	G	0.981937363438	A	0.014032532168	289	25	20223	58	20595	111712
UNKNOWN	253	T	0.988443797038	G	0.00558387958242	18	105	115	20357	20595	111712
UNKNOWN	254	G	0.965137169216	A	0.0268997329449	554	86	19877	78	20595	111712
UNKNOWN	255	A	0.973828599175	G	0.0163631949502	20056	73	337	129	20595	111712
UNKNOWN	256	C	0.988686574411	T	0.00500121388687	89	20362	41	103	20595	111712
UNKNOWN	257	A	0.975576596261	G	0.0150521971352	20092	115	310	78	20595	111712
UNKNOWN	258	C	0.729303228939	A	0.245642146152	5059	15020	335	181	20595	111712
UNKNOWN	259	C	0.975236707939	T	0.0113619810634	84	20085	192	234	20595	111712
UNKNOWN	260	T	0.963437727604	C	0.0189366351056	78	390	285	19842	20595	111712
UNKNOWN	261	G	0.98363680505	A	0.0132070890993	272	21	20258	44	20595	111712
UNKNOWN	262	A	0.986598689002	G	0.00840009711095	20319	80	173	23	20595	111712
UNKNOWN	263	G	0.940907987376	A	0.0353483855305	728	357	19378	132	20595	111712
UNKNOWN	264	G	0.986016023307	A	0.00844865258558	174	27	20307	87	20595	111712
UNKNOWN	265	A	0.986210245205	C	0.0076717649915	20311	158	91	35	20595	111712
UNKNOWN	266	C	0.973585821801	T	0.0119446467589	182	20051	116	246	20595	111712
UNKNOWN	267	A	0.978926924011	G	0.00941976207817	20161	67	194	173	20595	111712
UNKNOWN	268	C	0.988298130614	G	0.00470988103909	90	20354	97	54	20595	111712
UNKNOWN	269	G	0.962855061908	A	0.029376062151	605	70	19830	90	20595	111712
UNKNOWN	270	G	0.987084243748	A	0.00451565914057	93	82	20329	91	20595	111712
UNKNOWN	271	C	0.988298130614	A	0.00660354454965	136	20354	74	31	20595	111712
UNKNOWN	272	C	0.984947802865	A	0.00825443068706	170	20285	60	80	20595	111712
UNKNOWN	273	A	0.986841466375	G	0.00679776644817	20324	66	140	65	20595	111712
UNKNOWN	274	C	0.98038358825	A	0.00966253945132	199	20191	49	156	20595	111712
UNKNOWN	275	A	0.962757950959	G	0.0182568584608	19828	256	376	135	20595	111712
UNKNOWN	276	T	0.98489924739	G	0.00689487739743	120	49	142	20284	20595	111712
UNKNOWN	277	A	0.986744355426	C	0.00762320951687	20322	157	63	53	20595	111712
UNKNOWN	278	C	0.945326535567	T	0.0490410293761	74	19469	42	1010	20595	111712
UNKNOWN	279	T	0.975382374363	C	0.0099538722991	135	205	167	20088	20595	111712
UNKNOWN	280	A	0.95605729546	T	0.0235494051954	19690	273	147	485	20595	111712
UNKNOWN	281	C	0.968341830541	T	0.0259771789269	47	19943	70	535	20595	111712
UNKNOWN	282	T	0.982714251032	G	0.0130128672008	62	26	268	20239	20595	111712
