Type	Position	Nucl1	Freq1	Nucl2	Freq2	NumAs	NumCs	NumGs	NumTs	NumAligned	NumNaive
UNKNOWN	0	C	1.0	A	0.0	0	3018	0	0	3018	56318
UNKNOWN	1	A	1.0	C	0.0	3018	0	0	0	3018	56318
UNKNOWN	2	G	1.0	A	0.0	0	0	3018	0	3018	56318
UNKNOWN	3	G	1.0	A	0.0	0	0	3018	0	3018	56318
UNKNOWN	4	T	1.0	A	0.0	0	0	0	3018	3018	56318
UNKNOWN	5	G	1.0	A	0.0	0	0	3018	0	3018	56318
UNKNOWN	6	C	1.0	A	0.0	0	3018	0	0	3018	56318
UNKNOWN	7	A	0.998011928429	G	0.00198807157058	3012	0	6	0	3018	56318
UNKNOWN	8	G	0.980450629556	A	0.018223989397	55	4	2959	0	3018	56318
UNKNOWN	9	C	0.996686547382	G	0.00198807157058	0	3008	6	4	3018	56318
UNKNOWN	10	T	0.998674618953	C	0.00132538104705	0	4	0	3014	3018	56318
UNKNOWN	11	G	0.999337309476	A	0.000331345261763	1	0	3016	1	3018	56318
UNKNOWN	12	C	0.999668654738	T	0.000331345261763	0	3017	0	1	3018	56318
UNKNOWN	13	G	0.999337309476	A	0.000662690523526	2	0	3016	0	3018	56318
UNKNOWN	14	G	0.967859509609	C	0.0301524188204	6	91	2921	0	3018	56318
UNKNOWN	15	G	1.0	A	0.0	0	0	3018	0	3018	56318
UNKNOWN	16	A	0.992710404241	C	0.00497017892644	2996	15	7	0	3018	56318
UNKNOWN	17	G	0.998011928429	A	0.00165672630881	5	1	3012	0	3018	56318
UNKNOWN	18	T	0.999337309476	C	0.000662690523526	0	2	0	3016	3018	56318
UNKNOWN	19	C	1.0	A	0.0	0	3018	0	0	3018	56318
UNKNOWN	20	G	0.810470510272	A	0.188204108681	568	3	2446	1	3018	56318
UNKNOWN	21	G	0.997349237906	C	0.000994035785288	2	3	3010	3	3018	56318
UNKNOWN	22	G	0.999668654738	A	0.000331345261763	1	0	3017	0	3018	56318
UNKNOWN	23	C	0.999337309476	T	0.000662690523526	0	3016	0	2	3018	56318
UNKNOWN	24	C	0.999005964215	A	0.000662690523526	2	3015	0	1	3018	56318
UNKNOWN	25	C	0.999337309476	T	0.000662690523526	0	3016	0	2	3018	56318
UNKNOWN	26	C	0.998674618953	A	0.00132538104705	4	3014	0	0	3018	56318
UNKNOWN	27	A	0.994698475812	G	0.00298210735586	3002	7	9	0	3018	56318
UNKNOWN	28	G	0.997017892644	A	0.00198807157058	6	3	3009	0	3018	56318
UNKNOWN	29	C	0.997680583168	T	0.00231941683234	0	3011	0	7	3018	56318
UNKNOWN	30	C	0.998674618953	T	0.000994035785288	1	3014	0	3	3018	56318
UNKNOWN	31	T	0.998674618953	G	0.00132538104705	0	0	4	3014	3018	56318
UNKNOWN	32	G	0.998674618953	A	0.00132538104705	4	0	3014	0	3018	56318
UNKNOWN	33	G	0.998343273691	T	0.00132538104705	1	0	3013	4	3018	56318
UNKNOWN	34	T	0.996686547382	G	0.00198807157058	0	4	6	3008	3018	56318
UNKNOWN	35	G	0.998011928429	A	0.00165672630881	5	1	3012	0	3018	56318
UNKNOWN	36	A	0.994698475812	C	0.00397614314115	3002	12	3	1	3018	56318
UNKNOWN	37	A	0.991053677932	G	0.00497017892644	2991	11	15	1	3018	56318
UNKNOWN	38	G	0.997349237906	C	0.00165672630881	3	5	3010	0	3018	56318
UNKNOWN	39	C	0.961232604374	T	0.037773359841	1	2901	2	114	3018	56318
UNKNOWN	40	C	0.999337309476	A	0.000662690523526	2	3016	0	0	3018	56318
UNKNOWN	41	C	0.995029821074	G	0.00298210735586	1	3003	9	5	3018	56318
UNKNOWN	42	T	0.996355202121	C	0.00331345261763	1	10	0	3007	3018	56318
UNKNOWN	43	C	0.998343273691	A	0.00132538104705	4	3013	0	1	3018	56318
UNKNOWN	44	A	0.992047713718	C	0.00430748840292	2994	13	10	1	3018	56318
UNKNOWN	45	C	0.998343273691	A	0.00132538104705	4	3013	1	0	3018	56318
UNKNOWN	46	A	0.99436713055	C	0.0026507620941	3001	8	8	1	3018	56318
UNKNOWN	47	G	0.995692511597	A	0.00430748840292	13	0	3005	0	3018	56318
UNKNOWN	48	A	0.994035785288	C	0.00331345261763	3000	10	7	1	3018	56318
UNKNOWN	49	C	0.999337309476	T	0.000331345261763	0	3016	1	1	3018	56318
UNKNOWN	50	C	0.997017892644	T	0.00231941683234	2	3009	0	7	3018	56318
UNKNOWN	51	C	0.998011928429	T	0.00165672630881	1	3012	0	5	3018	56318
UNKNOWN	52	T	0.995361166335	C	0.00397614314115	2	12	0	3004	3018	56318
UNKNOWN	53	C	0.997017892644	T	0.0026507620941	0	3009	1	8	3018	56318
UNKNOWN	54	T	0.996686547382	C	0.0026507620941	1	8	1	3008	3018	56318
UNKNOWN	55	C	0.998343273691	A	0.000662690523526	2	3013	1	2	3018	56318
UNKNOWN	56	C	0.995361166335	G	0.00298210735586	1	3004	9	4	3018	56318
UNKNOWN	57	C	0.993373094765	G	0.00331345261763	3	2998	10	7	3018	56318
UNKNOWN	58	T	0.996686547382	C	0.00331345261763	0	10	0	3008	3018	56318
UNKNOWN	59	C	0.998343273691	A	0.00165672630881	5	3013	0	0	3018	56318
UNKNOWN	60	A	0.985089463221	G	0.0109343936382	2973	12	33	0	3018	56318
UNKNOWN	61	C	0.997680583168	G	0.00165672630881	0	3011	5	2	3018	56318
UNKNOWN	62	C	0.994035785288	T	0.00298210735586	0	3000	9	9	3018	56318
UNKNOWN	63	T	0.997017892644	G	0.0026507620941	0	1	8	3009	3018	56318
UNKNOWN	64	G	0.996686547382	C	0.00198807157058	3	6	3008	1	3018	56318
UNKNOWN	65	C	0.997017892644	A	0.00198807157058	6	3009	0	3	3018	56318
UNKNOWN	66	A	0.991716368456	C	0.00563286944997	2993	17	5	3	3018	56318
UNKNOWN	67	C	0.994698475812	T	0.0026507620941	0	3002	8	8	3018	56318
UNKNOWN	68	G	0.994698475812	A	0.00430748840292	13	3	3002	0	3018	56318
UNKNOWN	69	G	0.840954274354	A	0.152418820411	460	6	2538	14	3018	56318
UNKNOWN	70	T	0.834327369119	C	0.161365142478	1	487	12	2518	3018	56318
UNKNOWN	71	C	0.983764082174	T	0.00795228628231	2	2969	23	24	3018	56318
UNKNOWN	72	T	0.992047713718	C	0.00497017892644	2	15	7	2994	3018	56318
UNKNOWN	73	C	0.998343273691	T	0.00165672630881	0	3013	0	5	3018	56318
UNKNOWN	74	T	0.990722332671	G	0.00828363154407	2	1	25	2990	3018	56318
UNKNOWN	75	G	0.999668654738	A	0.000331345261763	1	0	3017	0	3018	56318
UNKNOWN	76	G	0.990722332671	A	0.00894632206759	27	0	2990	1	3018	56318
UNKNOWN	77	A	0.98310139165	C	0.00728959575878	2967	22	19	10	3018	56318
UNKNOWN	78	T	0.991716368456	C	0.00463883366468	4	14	7	2993	3018	56318
UNKNOWN	79	T	0.993373094765	C	0.00563286944997	0	17	3	2998	3018	56318
UNKNOWN	80	C	0.995692511597	T	0.00397614314115	0	3005	1	12	3018	56318
UNKNOWN	81	T	0.994698475812	C	0.00364479787939	2	11	3	3002	3018	56318
UNKNOWN	82	C	0.99436713055	T	0.00298210735586	8	3001	0	9	3018	56318
UNKNOWN	83	A	0.984095427435	C	0.00894632206759	2970	27	11	10	3018	56318
UNKNOWN	84	T	0.824718356528	C	0.171968190855	2	519	8	2489	3018	56318
UNKNOWN	85	T	0.997017892644	G	0.0026507620941	1	0	8	3009	3018	56318
UNKNOWN	86	G	0.966865473824	A	0.0294897282969	89	5	2918	6	3018	56318
UNKNOWN	87	A	0.983764082174	G	0.00927766732936	2969	18	28	3	3018	56318
UNKNOWN	88	G	0.942677269715	A	0.0444002650762	134	36	2845	3	3018	56318
UNKNOWN	89	C	0.976805831677	T	0.012591119947	20	2948	12	38	3018	56318
UNKNOWN	90	A	0.980781974818	G	0.0152418820411	2960	12	46	0	3018	56318
UNKNOWN	91	G	0.90788601723	A	0.0745526838966	225	24	2740	29	3018	56318
UNKNOWN	92	C	0.971172962227	T	0.0165672630881	12	2931	25	50	3018	56318
UNKNOWN	93	T	0.559973492379	A	0.40788601723	1231	34	63	1690	3018	56318
UNKNOWN	94	A	0.958913187541	G	0.0271703114645	2894	14	82	28	3018	56318
UNKNOWN	95	T	0.982438701127	G	0.00927766732936	15	10	28	2965	3018	56318
UNKNOWN	96	G	0.926110006627	A	0.0593108018555	179	28	2795	16	3018	56318
UNKNOWN	97	C	0.472829688535	G	0.402915838304	270	1427	1216	105	3018	56318
UNKNOWN	98	T	0.982438701127	G	0.012591119947	8	7	38	2965	3018	56318
UNKNOWN	99	G	0.976805831677	A	0.0192180251822	58	2	2948	10	3018	56318
UNKNOWN	100	T	0.995029821074	C	0.0026507620941	7	8	0	3003	3018	56318
UNKNOWN	101	A	0.973492379059	G	0.0178926441352	2938	20	54	6	3018	56318
UNKNOWN	102	G	0.769052352551	A	0.223326706428	674	15	2321	8	3018	56318
UNKNOWN	103	G	0.820742213386	A	0.0881378396289	266	74	2477	201	3018	56318
UNKNOWN	104	C	0.98310139165	G	0.0112657388999	1	2967	34	16	3018	56318
UNKNOWN	105	T	0.995692511597	G	0.00298210735586	0	4	9	3005	3018	56318
UNKNOWN	106	G	0.999337309476	A	0.000331345261763	1	0	3016	1	3018	56318
UNKNOWN	107	G	0.997349237906	T	0.00132538104705	2	2	3010	4	3018	56318
UNKNOWN	108	G	0.988402915838	T	0.00563286944997	12	6	2983	17	3018	56318
UNKNOWN	109	T	0.99436713055	C	0.00497017892644	0	15	2	3001	3018	56318
UNKNOWN	110	C	0.997017892644	T	0.00231941683234	1	3009	1	7	3018	56318
UNKNOWN	111	C	0.997017892644	G	0.00231941683234	0	3009	7	2	3018	56318
UNKNOWN	112	G	0.997017892644	C	0.00231941683234	0	7	3009	2	3018	56318
UNKNOWN	113	C	0.999005964215	G	0.000994035785288	0	3015	3	0	3018	56318
UNKNOWN	114	C	0.997349237906	A	0.0026507620941	8	3010	0	0	3018	56318
UNKNOWN	115	A	0.992710404241	G	0.00364479787939	2996	9	11	2	3018	56318
UNKNOWN	116	G	0.98310139165	A	0.0149105367793	45	5	2967	1	3018	56318
UNKNOWN	117	G	0.973161033797	A	0.0208747514911	63	10	2937	8	3018	56318
UNKNOWN	118	C	0.98111332008	G	0.0162359178264	1	2961	49	7	3018	56318
UNKNOWN	119	T	0.989728296885	C	0.00596421471173	2	18	11	2987	3018	56318
UNKNOWN	120	C	0.997017892644	T	0.00231941683234	0	3009	2	7	3018	56318
UNKNOWN	121	C	0.997349237906	A	0.00198807157058	6	3010	1	1	3018	56318
UNKNOWN	122	A	0.636182902584	G	0.34393638171	1920	55	1038	5	3018	56318
UNKNOWN	123	G	0.999005964215	A	0.000662690523526	2	1	3015	0	3018	56318
UNKNOWN	124	G	0.997017892644	A	0.00198807157058	6	1	3009	2	3018	56318
UNKNOWN	125	G	0.929092113983	A	0.0699138502319	211	1	2804	2	3018	56318
UNKNOWN	126	A	0.995692511597	C	0.00298210735586	3005	9	2	2	3018	56318
UNKNOWN	127	A	0.994035785288	G	0.00397614314115	3000	6	12	0	3018	56318
UNKNOWN	128	G	0.999668654738	A	0.000331345261763	1	0	3017	0	3018	56318
UNKNOWN	129	G	0.993704440027	C	0.00364479787939	7	11	2999	1	3018	56318
UNKNOWN	130	C	0.995692511597	G	0.00298210735586	1	3005	9	3	3018	56318
UNKNOWN	131	G	0.871106693174	A	0.121272365805	366	18	2629	5	3018	56318
UNKNOWN	132	C	0.992379058979	T	0.00563286944997	2	2995	4	17	3018	56318
UNKNOWN	133	T	0.992047713718	G	0.00397614314115	2	10	12	2994	3018	56318
UNKNOWN	134	G	0.988402915838	A	0.0106030483764	32	1	2983	2	3018	56318
UNKNOWN	135	G	0.996023856859	A	0.00364479787939	11	0	3006	1	3018	56318
UNKNOWN	136	A	0.993704440027	G	0.00430748840292	2999	2	13	4	3018	56318
UNKNOWN	137	G	0.985420808482	A	0.0102717031146	31	5	2974	8	3018	56318
UNKNOWN	138	T	0.996023856859	G	0.00331345261763	0	2	10	3006	3018	56318
UNKNOWN	139	G	0.997017892644	T	0.00198807157058	2	1	3009	6	3018	56318
UNKNOWN	140	G	0.993373094765	C	0.00430748840292	3	13	2998	4	3018	56318
UNKNOWN	141	G	0.961232604374	A	0.0215374420146	65	34	2901	18	3018	56318
UNKNOWN	142	T	0.996355202121	G	0.00198807157058	1	4	6	3007	3018	56318
UNKNOWN	143	T	0.982438701127	G	0.00861497680583	5	22	26	2965	3018	56318
UNKNOWN	144	G	0.972498343274	T	0.0192180251822	25	0	2935	58	3018	56318
UNKNOWN	145	G	0.99436713055	T	0.0026507620941	4	5	3001	8	3018	56318
UNKNOWN	146	T	0.979456593771	G	0.00960901259112	19	14	29	2956	3018	56318
UNKNOWN	147	G	0.805831676607	A	0.175944333996	531	40	2432	15	3018	56318
UNKNOWN	148	G	0.875414181577	A	0.0785288270378	237	95	2642	44	3018	56318
UNKNOWN	149	T	0.968853545394	A	0.0135851557323	41	39	14	2924	3018	56318
UNKNOWN	150	A	0.942677269715	G	0.0347912524851	2845	49	105	19	3018	56318
UNKNOWN	151	T	0.993704440027	A	0.00298210735586	9	3	7	2999	3018	56318
UNKNOWN	152	A	0.94168323393	G	0.0235255135852	2842	57	71	48	3018	56318
UNKNOWN	153	G	0.82703777336	A	0.137839628893	416	51	2496	55	3018	56318
UNKNOWN	154	A	0.891981444665	G	0.0994035785288	2692	12	300	14	3018	56318
UNKNOWN	155	T	0.87972166998	G	0.0520212060968	80	126	157	2655	3018	56318
UNKNOWN	156	A	0.733267064281	G	0.215043074884	2213	31	649	125	3018	56318
UNKNOWN	157	A	0.792577866137	G	0.152418820411	2392	87	460	79	3018	56318
UNKNOWN	158	T	0.946653412856	A	0.0198807157058	60	48	53	2857	3018	56318
UNKNOWN	159	G	0.808813783963	A	0.12226640159	369	27	2441	181	3018	56318
UNKNOWN	160	A	0.923459244533	G	0.057322730285	2787	27	173	31	3018	56318
UNKNOWN	161	T	0.974486414844	G	0.0135851557323	5	31	41	2941	3018	56318
UNKNOWN	162	G	0.996023856859	A	0.00364479787939	11	0	3006	1	3018	56318
UNKNOWN	163	G	0.972498343274	A	0.0202120609675	61	19	2935	3	3018	56318
UNKNOWN	164	A	0.975811795891	G	0.0145791915176	2945	16	44	13	3018	56318
UNKNOWN	165	G	0.703114645461	A	0.210072895958	634	54	2122	208	3018	56318
UNKNOWN	166	A	0.906229290921	G	0.0659377070908	2735	58	199	26	3018	56318
UNKNOWN	167	C	0.914844267727	A	0.0371106693174	112	2761	34	111	3018	56318
UNKNOWN	168	A	0.985089463221	G	0.00728959575878	2973	20	22	3	3018	56318
UNKNOWN	169	C	0.968190854871	T	0.0155732273028	22	2922	27	47	3018	56318
UNKNOWN	170	A	0.979787939032	G	0.0142478462558	2957	9	43	9	3018	56318
UNKNOWN	171	T	0.865142478463	A	0.076872100729	232	59	116	2611	3018	56318
UNKNOWN	172	A	0.732935719019	G	0.218687872763	2212	85	660	61	3018	56318
UNKNOWN	173	C	0.923459244533	G	0.0453943008615	23	2787	137	71	3018	56318
UNKNOWN	174	T	0.989065606362	C	0.00728959575878	11	22	0	2985	3018	56318
UNKNOWN	175	A	0.980781974818	T	0.00927766732936	2960	21	9	28	3018	56318
UNKNOWN	176	T	0.974817760106	C	0.0172299536117	13	52	11	2942	3018	56318
UNKNOWN	177	A	0.993704440027	C	0.0026507620941	2999	8	7	4	3018	56318
UNKNOWN	178	A	0.987077534791	C	0.00629555997349	2979	19	19	1	3018	56318
UNKNOWN	179	C	0.910205434062	T	0.0738899933731	9	2747	39	223	3018	56318
UNKNOWN	180	C	0.959244532803	T	0.0304837640822	10	2895	21	92	3018	56318
UNKNOWN	181	C	0.985089463221	T	0.00762094102054	17	2973	5	23	3018	56318
UNKNOWN	182	A	0.985420808482	G	0.00960901259112	2974	14	29	1	3018	56318
UNKNOWN	183	G	0.9774685222	A	0.018223989397	55	11	2950	2	3018	56318
UNKNOWN	184	C	0.979787939032	T	0.0129224652087	9	2957	13	39	3018	56318
UNKNOWN	185	C	0.996355202121	A	0.00198807157058	6	3007	0	5	3018	56318
UNKNOWN	186	C	0.993373094765	T	0.00331345261763	2	2998	8	10	3018	56318
UNKNOWN	187	T	0.99436713055	G	0.00331345261763	3	4	10	3001	3018	56318
UNKNOWN	188	G	0.973492379059	A	0.0215374420146	65	2	2938	13	3018	56318
UNKNOWN	189	A	0.991385023194	G	0.00563286944997	2992	8	17	1	3018	56318
UNKNOWN	190	A	0.993704440027	G	0.00298210735586	2999	8	9	2	3018	56318
UNKNOWN	191	A	0.991385023194	C	0.00364479787939	2992	11	6	9	3018	56318
UNKNOWN	192	T	0.990059642147	C	0.00662690523526	5	20	5	2988	3018	56318
UNKNOWN	193	C	0.996355202121	T	0.00198807157058	5	3007	0	6	3018	56318
UNKNOWN	194	C	0.990722332671	T	0.00430748840292	3	2990	12	13	3018	56318
UNKNOWN	195	C	0.995361166335	G	0.00364479787939	2	3004	11	1	3018	56318
UNKNOWN	196	G	0.997017892644	T	0.00132538104705	3	2	3009	4	3018	56318
UNKNOWN	197	G	0.952286282306	A	0.0371106693174	112	17	2874	15	3018	56318
UNKNOWN	198	C	0.988071570577	G	0.00563286944997	4	2982	17	15	3018	56318
UNKNOWN	199	T	0.990722332671	C	0.00596421471173	3	18	7	2990	3018	56318
UNKNOWN	200	C	0.994035785288	A	0.00397614314115	12	3000	4	2	3018	56318
UNKNOWN	201	A	0.993704440027	G	0.00364479787939	2999	8	11	0	3018	56318
UNKNOWN	202	G	0.98111332008	C	0.0135851557323	9	41	2961	7	3018	56318
UNKNOWN	203	C	0.97548045063	T	0.0178926441352	12	2944	8	54	3018	56318
UNKNOWN	204	A	0.992047713718	T	0.00331345261763	2994	9	5	10	3018	56318
UNKNOWN	205	T	0.993041749503	C	0.00430748840292	4	13	4	2997	3018	56318
UNKNOWN	206	C	0.990722332671	T	0.0053015241882	11	2990	1	16	3018	56318
UNKNOWN	207	A	0.987408880053	C	0.00662690523526	2980	20	13	5	3018	56318
UNKNOWN	208	C	0.990059642147	T	0.0053015241882	6	2988	8	16	3018	56318
UNKNOWN	209	C	0.981776010603	G	0.00828363154407	17	2963	25	13	3018	56318
UNKNOWN	210	A	0.994698475812	C	0.00298210735586	3002	9	7	0	3018	56318
UNKNOWN	211	A	0.985752153744	G	0.0122597746852	2975	4	37	2	3018	56318
UNKNOWN	212	G	0.994698475812	A	0.00430748840292	13	3	3002	0	3018	56318
UNKNOWN	213	G	0.989396951624	A	0.00828363154407	25	4	2986	3	3018	56318
UNKNOWN	214	A	0.993041749503	C	0.00364479787939	2997	11	9	1	3018	56318
UNKNOWN	215	C	0.989065606362	A	0.00497017892644	15	2985	5	13	3018	56318
UNKNOWN	216	A	0.980781974818	G	0.0155732273028	2960	9	47	2	3018	56318
UNKNOWN	217	A	0.96984758118	T	0.0109343936382	2927	31	27	33	3018	56318
UNKNOWN	218	C	0.982770046388	T	0.012591119947	9	2966	5	38	3018	56318
UNKNOWN	219	T	0.988402915838	C	0.00596421471173	10	18	7	2983	3018	56318
UNKNOWN	220	C	0.994698475812	A	0.00298210735586	9	3002	4	3	3018	56318
UNKNOWN	221	C	0.990722332671	A	0.00596421471173	18	2990	1	9	3018	56318
UNKNOWN	222	A	0.993041749503	G	0.00364479787939	2997	10	11	0	3018	56318
UNKNOWN	223	A	0.988402915838	G	0.00927766732936	2983	6	28	1	3018	56318
UNKNOWN	224	G	0.984095427435	C	0.00994035785288	17	30	2970	1	3018	56318
UNKNOWN	225	A	0.987740225315	G	0.00927766732936	2981	7	28	2	3018	56318
UNKNOWN	226	G	0.967528164347	A	0.0241882041087	73	22	2920	3	3018	56318
UNKNOWN	227	C	0.969184890656	T	0.0238568588469	6	2925	15	72	3018	56318
UNKNOWN	228	C	0.990390987409	A	0.0053015241882	16	2989	12	1	3018	56318
UNKNOWN	229	A	0.992379058979	C	0.00298210735586	2995	9	6	8	3018	56318
UNKNOWN	230	A	0.974817760106	G	0.0235255135852	2942	1	71	4	3018	56318
UNKNOWN	231	G	0.973823724321	A	0.012591119947	38	19	2939	22	3018	56318
UNKNOWN	232	T	0.993041749503	C	0.00596421471173	3	18	0	2997	3018	56318
UNKNOWN	233	C	0.980119284294	T	0.0132538104705	0	2958	20	40	3018	56318
UNKNOWN	234	T	0.993373094765	C	0.00563286944997	2	17	1	2998	3018	56318
UNKNOWN	235	C	0.989396951624	T	0.00894632206759	5	2986	0	27	3018	56318
UNKNOWN	236	T	0.989065606362	C	0.00695825049702	4	21	8	2985	3018	56318
UNKNOWN	237	C	0.995692511597	T	0.00364479787939	0	3005	2	11	3018	56318
UNKNOWN	238	T	0.995692511597	G	0.00331345261763	1	2	10	3005	3018	56318
UNKNOWN	239	G	0.958250497018	A	0.0288270377734	87	25	2892	14	3018	56318
UNKNOWN	240	T	0.989728296885	C	0.00563286944997	13	17	1	2987	3018	56318
UNKNOWN	241	C	0.988402915838	A	0.00629555997349	19	2983	2	14	3018	56318
UNKNOWN	242	A	0.974155069583	G	0.0142478462558	2940	28	43	7	3018	56318
UNKNOWN	243	G	0.955268389662	C	0.0284956925116	33	86	2883	16	3018	56318
UNKNOWN	244	T	0.992047713718	G	0.00397614314115	3	9	12	2994	3018	56318
UNKNOWN	245	G	0.979125248509	A	0.012591119947	38	15	2955	10	3018	56318
UNKNOWN	246	A	0.981776010603	G	0.0129224652087	2963	10	39	6	3018	56318
UNKNOWN	247	G	0.949635520212	A	0.0318091451292	96	45	2866	11	3018	56318
UNKNOWN	248	C	0.977137176938	T	0.012591119947	18	2949	13	38	3018	56318
UNKNOWN	249	A	0.984426772697	G	0.013916500994	2971	5	42	0	3018	56318
UNKNOWN	250	G	0.989065606362	C	0.00596421471173	13	18	2985	2	3018	56318
UNKNOWN	251	C	0.986746189529	T	0.00795228628231	5	2978	11	24	3018	56318
UNKNOWN	252	G	0.992047713718	T	0.00364479787939	10	3	2994	11	3018	56318
UNKNOWN	253	T	0.989065606362	C	0.00563286944997	3	17	13	2985	3018	56318
UNKNOWN	254	G	0.968853545394	A	0.0261762756793	79	9	2924	6	3018	56318
UNKNOWN	255	A	0.987740225315	G	0.00596421471173	2981	16	18	3	3018	56318
UNKNOWN	256	C	0.988071570577	A	0.00596421471173	18	2982	1	17	3018	56318
UNKNOWN	257	A	0.9774685222	G	0.0129224652087	2950	21	39	8	3018	56318
UNKNOWN	258	C	0.760437375746	A	0.22365805169	675	2295	41	7	3018	56318
UNKNOWN	259	C	0.988071570577	T	0.00795228628231	0	2982	12	24	3018	56318
UNKNOWN	260	T	0.969516235918	C	0.0188866799205	8	57	27	2926	3018	56318
UNKNOWN	261	G	0.993041749503	A	0.00430748840292	13	1	2997	7	3018	56318
UNKNOWN	262	A	0.987740225315	G	0.00795228628231	2981	7	24	6	3018	56318
UNKNOWN	263	G	0.957256461233	A	0.0281643472498	85	32	2889	12	3018	56318
UNKNOWN	264	G	0.987740225315	A	0.00563286944997	17	6	2981	14	3018	56318
UNKNOWN	265	A	0.990390987409	C	0.00596421471173	2989	18	8	3	3018	56318
UNKNOWN	266	C	0.986414844268	A	0.00795228628231	24	2977	9	8	3018	56318
UNKNOWN	267	A	0.919483101392	G	0.0616302186879	2775	13	186	44	3018	56318
UNKNOWN	268	C	0.991716368456	G	0.00463883366468	10	2993	14	1	3018	56318
UNKNOWN	269	G	0.987408880053	A	0.00894632206759	27	6	2980	5	3018	56318
UNKNOWN	270	G	0.989728296885	C	0.00463883366468	8	14	2987	9	3018	56318
UNKNOWN	271	C	0.992379058979	A	0.00497017892644	15	2995	3	5	3018	56318
UNKNOWN	272	C	0.989396951624	A	0.00762094102054	23	2986	5	4	3018	56318
UNKNOWN	273	A	0.987077534791	G	0.00828363154407	2979	11	25	3	3018	56318
UNKNOWN	274	C	0.984095427435	A	0.0106030483764	32	2970	4	12	3018	56318
UNKNOWN	275	A	0.977799867462	G	0.0106030483764	2951	10	32	25	3018	56318
UNKNOWN	276	T	0.991053677932	A	0.00430748840292	13	6	8	2991	3018	56318
UNKNOWN	277	A	0.985752153744	C	0.00762094102054	2975	23	12	8	3018	56318
UNKNOWN	278	C	0.956262425447	T	0.0404241219351	7	2886	3	122	3018	56318
UNKNOWN	279	T	0.982107355865	C	0.00695825049702	19	21	14	2964	3018	56318
UNKNOWN	280	A	0.973823724321	C	0.0115970841617	2939	35	19	25	3018	56318
UNKNOWN	281	C	0.981444665341	T	0.0149105367793	4	2962	7	45	3018	56318
UNKNOWN	282	T	0.988402915838	G	0.00828363154407	7	3	25	2983	3018	56318
