Type	Position	Nucl1	Freq1	Nucl2	Freq2	NumAs	NumCs	NumGs	NumTs	NumAligned	NumNaive
UNKNOWN	0	A	1.0	C	0.0	358	0	0	0	358	75799
UNKNOWN	1	A	1.0	C	0.0	358	0	0	0	358	75799
UNKNOWN	2	G	1.0	A	0.0	0	0	358	0	358	75799
UNKNOWN	3	G	1.0	A	0.0	0	0	358	0	358	75799
UNKNOWN	4	T	1.0	A	0.0	0	0	0	358	358	75799
UNKNOWN	5	G	1.0	A	0.0	0	0	358	0	358	75799
UNKNOWN	6	C	1.0	A	0.0	0	358	0	0	358	75799
UNKNOWN	7	A	1.0	C	0.0	358	0	0	0	358	75799
UNKNOWN	8	G	0.963687150838	A	0.036312849162	13	0	345	0	358	75799
UNKNOWN	9	C	0.988826815642	T	0.0111731843575	0	354	0	4	358	75799
UNKNOWN	10	T	1.0	A	0.0	0	0	0	358	358	75799
UNKNOWN	11	G	1.0	A	0.0	0	0	358	0	358	75799
UNKNOWN	12	C	1.0	A	0.0	0	358	0	0	358	75799
UNKNOWN	13	A	0.603351955307	G	0.385474860335	216	3	138	1	358	75799
UNKNOWN	14	G	0.986033519553	C	0.0111731843575	1	4	353	0	358	75799
UNKNOWN	15	G	1.0	A	0.0	0	0	358	0	358	75799
UNKNOWN	16	A	1.0	C	0.0	358	0	0	0	358	75799
UNKNOWN	17	G	0.988826815642	A	0.0111731843575	4	0	354	0	358	75799
UNKNOWN	18	T	1.0	A	0.0	0	0	0	358	358	75799
UNKNOWN	19	C	1.0	A	0.0	0	358	0	0	358	75799
UNKNOWN	20	G	0.692737430168	A	0.307262569832	110	0	248	0	358	75799
UNKNOWN	21	G	1.0	A	0.0	0	0	358	0	358	75799
UNKNOWN	22	G	1.0	A	0.0	0	0	358	0	358	75799
UNKNOWN	23	C	0.969273743017	T	0.0307262569832	0	347	0	11	358	75799
UNKNOWN	24	C	1.0	A	0.0	0	358	0	0	358	75799
UNKNOWN	25	C	0.997206703911	T	0.00279329608939	0	357	0	1	358	75799
UNKNOWN	26	C	0.997206703911	A	0.00279329608939	1	357	0	0	358	75799
UNKNOWN	27	A	0.991620111732	C	0.00558659217877	355	2	1	0	358	75799
UNKNOWN	28	G	0.997206703911	C	0.00279329608939	0	1	357	0	358	75799
UNKNOWN	29	C	1.0	A	0.0	0	358	0	0	358	75799
UNKNOWN	30	C	0.997206703911	T	0.00279329608939	0	357	0	1	358	75799
UNKNOWN	31	T	0.997206703911	G	0.00279329608939	0	0	1	357	358	75799
UNKNOWN	32	G	0.997206703911	A	0.00279329608939	1	0	357	0	358	75799
UNKNOWN	33	G	0.997206703911	T	0.00279329608939	0	0	357	1	358	75799
UNKNOWN	34	T	0.997206703911	G	0.00279329608939	0	0	1	357	358	75799
UNKNOWN	35	G	0.997206703911	C	0.00279329608939	0	1	357	0	358	75799
UNKNOWN	36	A	0.991620111732	G	0.00558659217877	355	1	2	0	358	75799
UNKNOWN	37	A	0.994413407821	G	0.00558659217877	356	0	2	0	358	75799
UNKNOWN	38	G	0.997206703911	C	0.00279329608939	0	1	357	0	358	75799
UNKNOWN	39	C	1.0	A	0.0	0	358	0	0	358	75799
UNKNOWN	40	C	1.0	A	0.0	0	358	0	0	358	75799
UNKNOWN	41	C	0.997206703911	T	0.00279329608939	0	357	0	1	358	75799
UNKNOWN	42	T	0.997206703911	C	0.00279329608939	0	1	0	357	358	75799
UNKNOWN	43	C	0.997206703911	A	0.00279329608939	1	357	0	0	358	75799
UNKNOWN	44	A	0.994413407821	C	0.00279329608939	356	1	1	0	358	75799
UNKNOWN	45	C	0.994413407821	A	0.00279329608939	1	356	1	0	358	75799
UNKNOWN	46	A	0.977653631285	C	0.0195530726257	350	7	1	0	358	75799
UNKNOWN	47	G	0.997206703911	A	0.00279329608939	1	0	357	0	358	75799
UNKNOWN	48	A	0.994413407821	C	0.00279329608939	356	1	1	0	358	75799
UNKNOWN	49	C	1.0	A	0.0	0	358	0	0	358	75799
UNKNOWN	50	C	1.0	A	0.0	0	358	0	0	358	75799
UNKNOWN	51	C	0.997206703911	T	0.00279329608939	0	357	0	1	358	75799
UNKNOWN	52	T	0.997206703911	C	0.00279329608939	0	1	0	357	358	75799
UNKNOWN	53	C	0.997206703911	T	0.00279329608939	0	357	0	1	358	75799
UNKNOWN	54	T	0.994413407821	C	0.00558659217877	0	2	0	356	358	75799
UNKNOWN	55	C	1.0	A	0.0	0	358	0	0	358	75799
UNKNOWN	56	C	1.0	A	0.0	0	358	0	0	358	75799
UNKNOWN	57	C	0.994413407821	T	0.00279329608939	0	356	1	1	358	75799
UNKNOWN	58	T	0.997206703911	C	0.00279329608939	0	1	0	357	358	75799
UNKNOWN	59	C	0.994413407821	A	0.00279329608939	1	356	1	0	358	75799
UNKNOWN	60	A	0.994413407821	C	0.00558659217877	356	2	0	0	358	75799
UNKNOWN	61	C	1.0	A	0.0	0	358	0	0	358	75799
UNKNOWN	62	C	0.997206703911	T	0.00279329608939	0	357	0	1	358	75799
UNKNOWN	63	T	0.994413407821	A	0.00279329608939	1	0	1	356	358	75799
UNKNOWN	64	G	0.997206703911	C	0.00279329608939	0	1	357	0	358	75799
UNKNOWN	65	C	0.997206703911	A	0.00279329608939	1	357	0	0	358	75799
UNKNOWN	66	A	0.994413407821	C	0.00279329608939	356	1	1	0	358	75799
UNKNOWN	67	C	0.994413407821	T	0.00279329608939	0	356	1	1	358	75799
UNKNOWN	68	G	0.994413407821	A	0.00558659217877	2	0	356	0	358	75799
UNKNOWN	69	A	0.983240223464	G	0.0139664804469	352	1	5	0	358	75799
UNKNOWN	70	C	0.994413407821	T	0.00558659217877	0	356	0	2	358	75799
UNKNOWN	71	C	0.938547486034	T	0.0586592178771	0	336	1	21	358	75799
UNKNOWN	72	T	0.997206703911	C	0.00279329608939	0	1	0	357	358	75799
UNKNOWN	73	C	0.994413407821	T	0.00558659217877	0	356	0	2	358	75799
UNKNOWN	74	T	0.991620111732	C	0.00558659217877	0	2	1	355	358	75799
UNKNOWN	75	G	1.0	A	0.0	0	0	358	0	358	75799
UNKNOWN	76	G	0.994413407821	A	0.00558659217877	2	0	356	0	358	75799
UNKNOWN	77	A	0.980446927374	G	0.0139664804469	351	1	5	1	358	75799
UNKNOWN	78	T	0.997206703911	A	0.00279329608939	1	0	0	357	358	75799
UNKNOWN	79	T	0.994413407821	C	0.00558659217877	0	2	0	356	358	75799
UNKNOWN	80	C	0.997206703911	T	0.00279329608939	0	357	0	1	358	75799
UNKNOWN	81	T	0.991620111732	C	0.00837988826816	0	3	0	355	358	75799
UNKNOWN	82	C	0.994413407821	A	0.00279329608939	1	356	0	1	358	75799
UNKNOWN	83	A	0.991620111732	T	0.00558659217877	355	0	1	2	358	75799
UNKNOWN	84	T	1.0	A	0.0	0	0	0	358	358	75799
UNKNOWN	85	T	0.997206703911	G	0.00279329608939	0	0	1	357	358	75799
UNKNOWN	86	G	0.963687150838	T	0.0251396648045	3	1	345	9	358	75799
UNKNOWN	87	A	0.988826815642	G	0.00837988826816	354	1	3	0	358	75799
UNKNOWN	88	C	0.941340782123	T	0.036312849162	1	337	7	13	358	75799
UNKNOWN	89	C	0.991620111732	A	0.00558659217877	2	355	0	1	358	75799
UNKNOWN	90	A	0.988826815642	C	0.00558659217877	354	2	2	0	358	75799
UNKNOWN	91	G	0.851955307263	A	0.103351955307	37	12	305	4	358	75799
UNKNOWN	92	C	0.969273743017	T	0.0167597765363	5	347	0	6	358	75799
UNKNOWN	93	T	0.991620111732	A	0.00558659217877	2	1	0	355	358	75799
UNKNOWN	94	A	0.986033519553	T	0.0111731843575	353	1	0	4	358	75799
UNKNOWN	95	T	0.994413407821	G	0.00558659217877	0	0	2	356	358	75799
UNKNOWN	96	G	0.966480446927	A	0.0279329608939	10	1	346	1	358	75799
UNKNOWN	97	G	0.824022346369	C	0.106145251397	22	38	295	3	358	75799
UNKNOWN	98	T	0.983240223464	A	0.00837988826816	3	0	3	352	358	75799
UNKNOWN	99	G	0.991620111732	T	0.00558659217877	0	1	355	2	358	75799
UNKNOWN	100	T	0.994413407821	A	0.00558659217877	2	0	0	356	358	75799
UNKNOWN	101	A	0.991620111732	G	0.00837988826816	355	0	3	0	358	75799
UNKNOWN	102	A	0.963687150838	G	0.0279329608939	345	3	10	0	358	75799
UNKNOWN	103	G	0.698324022346	A	0.187150837989	67	34	250	7	358	75799
UNKNOWN	104	C	0.980446927374	T	0.0111731843575	1	351	2	4	358	75799
UNKNOWN	105	T	0.991620111732	G	0.00558659217877	0	1	2	355	358	75799
UNKNOWN	106	G	1.0	A	0.0	0	0	358	0	358	75799
UNKNOWN	107	G	1.0	A	0.0	0	0	358	0	358	75799
UNKNOWN	108	G	0.994413407821	T	0.00558659217877	0	0	356	2	358	75799
UNKNOWN	109	T	0.991620111732	C	0.00837988826816	0	3	0	355	358	75799
UNKNOWN	110	C	0.997206703911	A	0.00279329608939	1	357	0	0	358	75799
UNKNOWN	111	C	0.994413407821	G	0.00558659217877	0	356	2	0	358	75799
UNKNOWN	112	G	0.994413407821	C	0.00558659217877	0	2	356	0	358	75799
UNKNOWN	113	C	1.0	A	0.0	0	358	0	0	358	75799
UNKNOWN	114	C	0.991620111732	A	0.00837988826816	3	355	0	0	358	75799
UNKNOWN	115	A	0.991620111732	G	0.00837988826816	355	0	3	0	358	75799
UNKNOWN	116	G	1.0	A	0.0	0	0	358	0	358	75799
UNKNOWN	117	G	0.988826815642	A	0.00558659217877	2	2	354	0	358	75799
UNKNOWN	118	C	0.991620111732	T	0.00558659217877	0	355	1	2	358	75799
UNKNOWN	119	T	0.994413407821	C	0.00558659217877	0	2	0	356	358	75799
UNKNOWN	120	C	1.0	A	0.0	0	358	0	0	358	75799
UNKNOWN	121	C	0.994413407821	A	0.00558659217877	2	356	0	0	358	75799
UNKNOWN	122	A	0.994413407821	G	0.00558659217877	356	0	2	0	358	75799
UNKNOWN	123	G	1.0	A	0.0	0	0	358	0	358	75799
UNKNOWN	124	G	1.0	A	0.0	0	0	358	0	358	75799
UNKNOWN	125	A	0.611731843575	G	0.385474860335	219	1	138	0	358	75799
UNKNOWN	126	A	1.0	C	0.0	358	0	0	0	358	75799
UNKNOWN	127	A	0.988826815642	G	0.0111731843575	354	0	4	0	358	75799
UNKNOWN	128	G	1.0	A	0.0	0	0	358	0	358	75799
UNKNOWN	129	G	0.986033519553	C	0.0111731843575	1	4	353	0	358	75799
UNKNOWN	130	C	0.991620111732	G	0.00837988826816	0	355	3	0	358	75799
UNKNOWN	131	G	0.991620111732	C	0.00837988826816	0	3	355	0	358	75799
UNKNOWN	132	C	0.991620111732	T	0.00837988826816	0	355	0	3	358	75799
UNKNOWN	133	T	0.988826815642	G	0.00837988826816	0	1	3	354	358	75799
UNKNOWN	134	G	0.994413407821	A	0.00558659217877	2	0	356	0	358	75799
UNKNOWN	135	G	0.991620111732	A	0.00837988826816	3	0	355	0	358	75799
UNKNOWN	136	A	0.988826815642	G	0.00837988826816	354	1	3	0	358	75799
UNKNOWN	137	G	0.991620111732	T	0.00837988826816	0	0	355	3	358	75799
UNKNOWN	138	T	0.991620111732	G	0.00837988826816	0	0	3	355	358	75799
UNKNOWN	139	G	1.0	A	0.0	0	0	358	0	358	75799
UNKNOWN	140	G	0.988826815642	C	0.00837988826816	0	3	354	1	358	75799
UNKNOWN	141	C	0.988826815642	T	0.00837988826816	0	354	1	3	358	75799
UNKNOWN	142	T	0.988826815642	C	0.0111731843575	0	4	0	354	358	75799
UNKNOWN	143	C	0.980446927374	T	0.00837988826816	1	351	3	3	358	75799
UNKNOWN	144	G	0.997206703911	A	0.00279329608939	1	0	357	0	358	75799
UNKNOWN	145	G	0.988826815642	T	0.00837988826816	0	1	354	3	358	75799
UNKNOWN	146	T	0.972067039106	A	0.0139664804469	5	2	3	348	358	75799
UNKNOWN	147	G	0.941340782123	A	0.0418994413408	15	6	337	0	358	75799
UNKNOWN	148	G	0.949720670391	A	0.0279329608939	10	3	340	5	358	75799
UNKNOWN	149	T	0.988826815642	A	0.00837988826816	3	1	0	354	358	75799
UNKNOWN	150	A	0.938547486034	G	0.0530726256983	336	0	19	3	358	75799
UNKNOWN	151	T	0.977653631285	A	0.0111731843575	4	0	4	350	358	75799
UNKNOWN	152	A	0.974860335196	G	0.0139664804469	349	0	5	4	358	75799
UNKNOWN	153	G	0.946927374302	A	0.0446927374302	16	0	339	3	358	75799
UNKNOWN	154	A	0.927374301676	G	0.0614525139665	332	1	22	3	358	75799
UNKNOWN	155	T	0.95530726257	A	0.0195530726257	7	4	5	342	358	75799
UNKNOWN	156	A	0.932960893855	G	0.0502793296089	334	6	18	0	358	75799
UNKNOWN	157	G	0.902234636872	T	0.0530726256983	4	12	323	19	358	75799
UNKNOWN	158	T	0.991620111732	G	0.00558659217877	1	0	2	355	358	75799
UNKNOWN	159	G	0.832402234637	A	0.134078212291	48	11	298	1	358	75799
UNKNOWN	160	G	0.935754189944	A	0.0446927374302	16	4	335	3	358	75799
UNKNOWN	161	T	0.941340782123	G	0.0474860335196	1	3	17	337	358	75799
UNKNOWN	162	G	0.997206703911	A	0.00279329608939	1	0	357	0	358	75799
UNKNOWN	163	G	0.988826815642	A	0.00837988826816	3	0	354	1	358	75799
UNKNOWN	164	A	0.988826815642	G	0.00837988826816	354	0	3	1	358	75799
UNKNOWN	165	A	0.949720670391	G	0.0307262569832	340	0	11	7	358	75799
UNKNOWN	166	G	0.776536312849	A	0.111731843575	40	15	278	25	358	75799
UNKNOWN	167	C	0.930167597765	A	0.0418994413408	15	333	2	8	358	75799
UNKNOWN	168	A	0.980446927374	G	0.0111731843575	351	3	4	0	358	75799
UNKNOWN	169	C	0.960893854749	T	0.0279329608939	3	344	1	10	358	75799
UNKNOWN	170	A	0.986033519553	G	0.0111731843575	353	1	4	0	358	75799
UNKNOWN	171	G	0.983240223464	A	0.0139664804469	5	1	352	0	358	75799
UNKNOWN	172	G	0.896648044693	A	0.0642458100559	23	12	321	2	358	75799
UNKNOWN	173	C	0.974860335196	G	0.0139664804469	0	349	5	4	358	75799
UNKNOWN	174	T	0.988826815642	A	0.00837988826816	3	1	0	354	358	75799
UNKNOWN	175	A	0.991620111732	T	0.00837988826816	355	0	0	3	358	75799
UNKNOWN	176	T	0.986033519553	A	0.00837988826816	3	1	1	353	358	75799
UNKNOWN	177	A	1.0	C	0.0	358	0	0	0	358	75799
UNKNOWN	178	A	0.991620111732	C	0.00837988826816	355	3	0	0	358	75799
UNKNOWN	179	C	0.974860335196	T	0.0167597765363	0	349	3	6	358	75799
UNKNOWN	180	C	0.958100558659	T	0.0167597765363	5	343	4	6	358	75799
UNKNOWN	181	C	0.988826815642	A	0.00837988826816	3	354	0	1	358	75799
UNKNOWN	182	A	0.972067039106	G	0.0251396648045	348	1	9	0	358	75799
UNKNOWN	183	G	0.986033519553	A	0.0139664804469	5	0	353	0	358	75799
UNKNOWN	184	G	0.966480446927	C	0.0279329608939	2	10	346	0	358	75799
UNKNOWN	185	C	1.0	A	0.0	0	358	0	0	358	75799
UNKNOWN	186	C	0.988826815642	T	0.00837988826816	1	354	0	3	358	75799
UNKNOWN	187	T	0.991620111732	G	0.00837988826816	0	0	3	355	358	75799
UNKNOWN	188	G	0.986033519553	A	0.0139664804469	5	0	353	0	358	75799
UNKNOWN	189	A	1.0	C	0.0	358	0	0	0	358	75799
UNKNOWN	190	A	0.991620111732	G	0.00837988826816	355	0	3	0	358	75799
UNKNOWN	191	A	0.983240223464	T	0.00837988826816	352	1	2	3	358	75799
UNKNOWN	192	T	0.743016759777	C	0.256983240223	0	92	0	266	358	75799
UNKNOWN	193	C	0.997206703911	A	0.00279329608939	1	357	0	0	358	75799
UNKNOWN	194	C	0.966480446927	T	0.0251396648045	3	346	0	9	358	75799
UNKNOWN	195	A	0.918994413408	C	0.072625698324	329	26	3	0	358	75799
UNKNOWN	196	G	1.0	A	0.0	0	0	358	0	358	75799
UNKNOWN	197	G	0.966480446927	A	0.0251396648045	9	3	346	0	358	75799
UNKNOWN	198	C	0.986033519553	T	0.00837988826816	0	353	2	3	358	75799
UNKNOWN	199	T	0.980446927374	C	0.0139664804469	1	5	1	351	358	75799
UNKNOWN	200	C	0.991620111732	A	0.00837988826816	3	355	0	0	358	75799
UNKNOWN	201	A	0.983240223464	G	0.0139664804469	352	1	5	0	358	75799
UNKNOWN	202	G	0.983240223464	C	0.00837988826816	2	3	352	1	358	75799
UNKNOWN	203	C	0.865921787709	T	0.122905027933	4	310	0	44	358	75799
UNKNOWN	204	A	0.941340782123	T	0.0474860335196	337	2	2	17	358	75799
UNKNOWN	205	T	0.991620111732	C	0.00837988826816	0	3	0	355	358	75799
UNKNOWN	206	C	0.991620111732	A	0.00837988826816	3	355	0	0	358	75799
UNKNOWN	207	A	0.991620111732	C	0.00837988826816	355	3	0	0	358	75799
UNKNOWN	208	C	0.997206703911	A	0.00279329608939	1	357	0	0	358	75799
UNKNOWN	209	C	0.983240223464	A	0.00837988826816	3	352	0	3	358	75799
UNKNOWN	210	A	0.983240223464	G	0.0139664804469	352	1	5	0	358	75799
UNKNOWN	211	G	0.930167597765	A	0.0670391061453	24	1	333	0	358	75799
UNKNOWN	212	G	0.994413407821	A	0.00279329608939	1	1	356	0	358	75799
UNKNOWN	213	G	0.991620111732	A	0.00837988826816	3	0	355	0	358	75799
UNKNOWN	214	A	0.991620111732	C	0.00837988826816	355	3	0	0	358	75799
UNKNOWN	215	C	0.972067039106	T	0.0139664804469	3	348	2	5	358	75799
UNKNOWN	216	A	1.0	C	0.0	358	0	0	0	358	75799
UNKNOWN	217	A	0.958100558659	T	0.0307262569832	343	3	1	11	358	75799
UNKNOWN	218	C	0.977653631285	T	0.0195530726257	0	350	1	7	358	75799
UNKNOWN	219	T	0.983240223464	C	0.0139664804469	0	5	1	352	358	75799
UNKNOWN	220	C	1.0	A	0.0	0	358	0	0	358	75799
UNKNOWN	221	C	0.991620111732	A	0.00837988826816	3	355	0	0	358	75799
UNKNOWN	222	A	0.969273743017	C	0.0307262569832	347	11	0	0	358	75799
UNKNOWN	223	A	0.991620111732	G	0.00837988826816	355	0	3	0	358	75799
UNKNOWN	224	G	0.983240223464	A	0.00837988826816	3	3	352	0	358	75799
UNKNOWN	225	A	0.991620111732	G	0.00837988826816	355	0	3	0	358	75799
UNKNOWN	226	G	0.986033519553	C	0.0111731843575	1	4	353	0	358	75799
UNKNOWN	227	C	0.986033519553	G	0.00837988826816	1	353	3	1	358	75799
UNKNOWN	228	C	0.986033519553	A	0.0111731843575	4	353	0	1	358	75799
UNKNOWN	229	A	0.988826815642	T	0.00558659217877	354	0	2	2	358	75799
UNKNOWN	230	A	0.988826815642	G	0.00837988826816	354	1	3	0	358	75799
UNKNOWN	231	G	0.972067039106	A	0.0139664804469	5	1	348	4	358	75799
UNKNOWN	232	T	0.991620111732	C	0.00837988826816	0	3	0	355	358	75799
UNKNOWN	233	C	0.963687150838	T	0.0251396648045	2	345	2	9	358	75799
UNKNOWN	234	T	0.988826815642	C	0.0111731843575	0	4	0	354	358	75799
UNKNOWN	235	C	0.991620111732	T	0.00837988826816	0	355	0	3	358	75799
UNKNOWN	236	T	0.988826815642	C	0.0111731843575	0	4	0	354	358	75799
UNKNOWN	237	C	0.986033519553	T	0.00837988826816	0	353	2	3	358	75799
UNKNOWN	238	T	0.986033519553	G	0.00837988826816	0	2	3	353	358	75799
UNKNOWN	239	G	0.966480446927	A	0.0167597765363	6	2	346	4	358	75799
UNKNOWN	240	T	0.988826815642	C	0.00837988826816	0	3	1	354	358	75799
UNKNOWN	241	C	0.986033519553	A	0.00837988826816	3	353	0	2	358	75799
UNKNOWN	242	A	0.969273743017	G	0.0167597765363	347	2	6	3	358	75799
UNKNOWN	243	G	0.935754189944	C	0.0418994413408	4	15	335	4	358	75799
UNKNOWN	244	T	0.988826815642	G	0.00837988826816	0	1	3	354	358	75799
UNKNOWN	245	G	0.980446927374	A	0.0139664804469	5	2	351	0	358	75799
UNKNOWN	246	A	0.977653631285	G	0.0167597765363	350	2	6	0	358	75799
UNKNOWN	247	G	0.896648044693	C	0.072625698324	6	26	321	5	358	75799
UNKNOWN	248	C	0.977653631285	T	0.0139664804469	3	350	0	5	358	75799
UNKNOWN	249	A	0.983240223464	G	0.0167597765363	352	0	6	0	358	75799
UNKNOWN	250	G	0.980446927374	C	0.0111731843575	3	4	351	0	358	75799
UNKNOWN	251	C	0.986033519553	G	0.00837988826816	0	353	3	2	358	75799
UNKNOWN	252	G	0.991620111732	T	0.00837988826816	0	0	355	3	358	75799
UNKNOWN	253	T	0.980446927374	G	0.0111731843575	0	3	4	351	358	75799
UNKNOWN	254	G	0.980446927374	A	0.0111731843575	4	3	351	0	358	75799
UNKNOWN	255	A	0.991620111732	C	0.00837988826816	355	3	0	0	358	75799
UNKNOWN	256	C	0.988826815642	A	0.00837988826816	3	354	0	1	358	75799
UNKNOWN	257	A	0.972067039106	C	0.0167597765363	348	6	4	0	358	75799
UNKNOWN	258	C	0.899441340782	A	0.0698324022346	25	322	5	6	358	75799
UNKNOWN	259	C	0.980446927374	T	0.0167597765363	1	351	0	6	358	75799
UNKNOWN	260	T	0.974860335196	C	0.0167597765363	0	6	3	349	358	75799
UNKNOWN	261	G	0.988826815642	A	0.00837988826816	3	0	354	1	358	75799
UNKNOWN	262	A	0.988826815642	G	0.00837988826816	354	1	3	0	358	75799
UNKNOWN	263	G	0.946927374302	A	0.0307262569832	11	7	339	1	358	75799
UNKNOWN	264	G	0.988826815642	A	0.0111731843575	4	0	354	0	358	75799
UNKNOWN	265	A	0.991620111732	C	0.00837988826816	355	3	0	0	358	75799
UNKNOWN	266	C	0.986033519553	A	0.00837988826816	3	353	0	2	358	75799
UNKNOWN	267	A	0.960893854749	G	0.0195530726257	344	3	7	4	358	75799
UNKNOWN	268	C	0.991620111732	G	0.00837988826816	0	355	3	0	358	75799
UNKNOWN	269	G	0.997206703911	A	0.00279329608939	1	0	357	0	358	75799
UNKNOWN	270	G	0.991620111732	C	0.00837988826816	0	3	355	0	358	75799
UNKNOWN	271	C	0.991620111732	A	0.00279329608939	1	355	1	1	358	75799
UNKNOWN	272	C	0.974860335196	T	0.0167597765363	1	349	2	6	358	75799
UNKNOWN	273	G	0.516759776536	A	0.463687150838	166	4	185	3	358	75799
UNKNOWN	274	T	0.513966480447	C	0.463687150838	5	166	3	184	358	75799
UNKNOWN	275	A	0.525139664804	G	0.446927374302	188	4	160	6	358	75799
UNKNOWN	276	T	0.988826815642	A	0.00837988826816	3	1	0	354	358	75799
UNKNOWN	277	A	0.983240223464	C	0.00837988826816	352	3	2	1	358	75799
UNKNOWN	278	C	0.969273743017	T	0.0307262569832	0	347	0	11	358	75799
UNKNOWN	279	T	0.974860335196	A	0.0111731843575	4	4	1	349	358	75799
UNKNOWN	280	A	0.980446927374	C	0.0139664804469	351	5	0	2	358	75799
UNKNOWN	281	C	0.988826815642	T	0.0111731843575	0	354	0	4	358	75799
UNKNOWN	282	T	0.983240223464	G	0.0139664804469	0	1	5	352	358	75799
