Type	Position	Nucl1	Freq1	Nucl2	Freq2	NumAs	NumCs	NumGs	NumTs	NumAligned	NumNaive
UNKNOWN	0	C	1.0	A	0.0	0	9351	0	0	9351	75799
UNKNOWN	1	A	1.0	C	0.0	9351	0	0	0	9351	75799
UNKNOWN	2	G	1.0	A	0.0	0	0	9351	0	9351	75799
UNKNOWN	3	G	1.0	A	0.0	0	0	9351	0	9351	75799
UNKNOWN	4	T	1.0	A	0.0	0	0	0	9351	9351	75799
UNKNOWN	5	G	1.0	A	0.0	0	0	9351	0	9351	75799
UNKNOWN	6	C	1.0	A	0.0	0	9351	0	0	9351	75799
UNKNOWN	7	A	0.996470965672	G	0.00299433215699	9318	0	28	5	9351	75799
UNKNOWN	8	G	0.989305956582	A	0.00823441343172	77	23	9251	0	9351	75799
UNKNOWN	9	C	0.997219548711	G	0.00149716607849	0	9325	14	12	9351	75799
UNKNOWN	10	T	0.99871671479	C	0.00106940434178	0	10	2	9339	9351	75799
UNKNOWN	11	G	0.998395893487	A	0.00149716607849	14	0	9336	1	9351	75799
UNKNOWN	12	C	0.999144476527	T	0.000534702170891	3	9343	0	5	9351	75799
UNKNOWN	13	G	0.998502833922	A	0.000962463907603	9	1	9337	4	9351	75799
UNKNOWN	14	G	0.832531280077	C	0.165009089937	18	1543	7785	5	9351	75799
UNKNOWN	15	G	0.999465297829	A	0.000534702170891	5	0	9346	0	9351	75799
UNKNOWN	16	A	0.997647310448	G	0.00203186824939	9329	3	19	0	9351	75799
UNKNOWN	17	G	0.995294620896	A	0.00374291519624	35	7	9307	2	9351	75799
UNKNOWN	18	T	0.997754250882	G	0.00106940434178	2	9	10	9330	9351	75799
UNKNOWN	19	C	0.998395893487	T	0.00139022564432	1	9336	1	13	9351	75799
UNKNOWN	20	G	0.883007165009	A	0.116565073254	1090	1	8257	3	9351	75799
UNKNOWN	21	G	0.999144476527	C	0.000427761736713	3	4	9343	1	9351	75799
UNKNOWN	22	G	0.999679178697	A	0.000213880868356	2	1	9348	0	9351	75799
UNKNOWN	23	C	0.999465297829	T	0.000427761736713	0	9346	1	4	9351	75799
UNKNOWN	24	C	0.999679178697	T	0.000320821302534	0	9348	0	3	9351	75799
UNKNOWN	25	C	0.999679178697	T	0.000213880868356	0	9348	1	2	9351	75799
UNKNOWN	26	C	0.999037536092	A	0.000641642605069	6	9342	0	3	9351	75799
UNKNOWN	27	A	0.99743342958	G	0.00235268955192	9327	2	22	0	9351	75799
UNKNOWN	28	G	0.993583573949	A	0.00417067693295	39	21	9291	0	9351	75799
UNKNOWN	29	C	0.998288953053	T	0.00139022564432	3	9335	0	13	9351	75799
UNKNOWN	30	C	0.998395893487	T	0.00128328521014	3	9336	0	12	9351	75799
UNKNOWN	31	T	0.997861191316	C	0.00128328521014	1	12	7	9331	9351	75799
UNKNOWN	32	G	0.994973799594	A	0.00406373649877	38	6	9304	3	9351	75799
UNKNOWN	33	G	0.997112608277	A	0.00181798738103	17	7	9324	3	9351	75799
UNKNOWN	34	T	0.99668484654	C	0.00256657042028	2	24	5	9320	9351	75799
UNKNOWN	35	G	0.99871671479	A	0.00106940434178	10	2	9339	0	9351	75799
UNKNOWN	36	A	0.996257084804	G	0.00224574911774	9316	14	21	0	9351	75799
UNKNOWN	37	A	0.994973799594	G	0.00427761736713	9304	7	40	0	9351	75799
UNKNOWN	38	G	0.998395893487	A	0.000855523473425	8	7	9336	0	9351	75799
UNKNOWN	39	C	0.99668484654	G	0.00181798738103	1	9320	17	13	9351	75799
UNKNOWN	40	C	0.999572238263	T	0.000427761736713	0	9347	0	4	9351	75799
UNKNOWN	41	C	0.99743342958	G	0.00139022564432	2	9327	13	9	9351	75799
UNKNOWN	42	T	0.996791786975	C	0.00235268955192	3	22	5	9321	9351	75799
UNKNOWN	43	C	0.998930595658	T	0.000534702170891	4	9341	1	5	9351	75799
UNKNOWN	44	A	0.996470965672	C	0.00181798738103	9318	17	13	3	9351	75799
UNKNOWN	45	C	0.998288953053	G	0.000855523473425	6	9335	8	2	9351	75799
UNKNOWN	46	A	0.977007806652	C	0.019783980323	9136	185	30	0	9351	75799
UNKNOWN	47	G	0.997219548711	A	0.00224574911774	21	4	9325	1	9351	75799
UNKNOWN	48	A	0.995508501765	G	0.00267351085445	9309	17	25	0	9351	75799
UNKNOWN	49	C	0.997540370014	T	0.00171104694685	0	9328	7	16	9351	75799
UNKNOWN	50	C	0.998609774356	T	0.00106940434178	1	9338	2	10	9351	75799
UNKNOWN	51	C	0.998930595658	T	0.00106940434178	0	9341	0	10	9351	75799
UNKNOWN	52	T	0.997005667843	C	0.00288739172281	1	27	0	9323	9351	75799
UNKNOWN	53	C	0.99871671479	T	0.00106940434178	0	9339	2	10	9351	75799
UNKNOWN	54	T	0.992728050476	C	0.00513314084055	3	48	17	9283	9351	75799
UNKNOWN	55	C	0.999465297829	T	0.000320821302534	1	9346	1	3	9351	75799
UNKNOWN	56	C	0.995936263501	T	0.00203186824939	1	9313	18	19	9351	75799
UNKNOWN	57	C	0.997326489146	T	0.00117634477596	3	9326	11	11	9351	75799
UNKNOWN	58	T	0.996577906106	C	0.00320821302534	1	30	1	9319	9351	75799
UNKNOWN	59	C	0.997968131751	T	0.00128328521014	7	9332	0	12	9351	75799
UNKNOWN	60	A	0.997219548711	G	0.00139022564432	9325	12	13	1	9351	75799
UNKNOWN	61	C	0.994225216554	T	0.00470537910384	1	9297	9	44	9351	75799
UNKNOWN	62	C	0.995508501765	G	0.00288739172281	1	9309	27	14	9351	75799
UNKNOWN	63	T	0.997219548711	C	0.00160410651267	1	15	10	9325	9351	75799
UNKNOWN	64	G	0.998609774356	C	0.000962463907603	4	9	9338	0	9351	75799
UNKNOWN	65	C	0.996898727409	T	0.00192492781521	8	9322	3	18	9351	75799
UNKNOWN	66	A	0.992514169608	G	0.0043845578013	9281	20	41	9	9351	75799
UNKNOWN	67	C	0.997647310448	T	0.00149716607849	0	9329	8	14	9351	75799
UNKNOWN	68	G	0.992941931344	A	0.00577478344562	54	11	9285	1	9351	75799
UNKNOWN	69	G	0.978718853599	A	0.019783980323	185	5	9152	9	9351	75799
UNKNOWN	70	T	0.986204683991	C	0.0121912094963	2	114	13	9222	9351	75799
UNKNOWN	71	C	0.987487969201	T	0.00620254518233	10	9234	49	58	9351	75799
UNKNOWN	72	T	0.996577906106	C	0.00267351085445	1	25	6	9319	9351	75799
UNKNOWN	73	C	0.99871671479	T	0.000855523473425	4	9339	0	8	9351	75799
UNKNOWN	74	T	0.994225216554	C	0.00256657042028	7	24	23	9297	9351	75799
UNKNOWN	75	G	0.996043203935	A	0.00224574911774	21	1	9314	15	9351	75799
UNKNOWN	76	G	0.988129611806	A	0.0102662816811	96	13	9240	2	9351	75799
UNKNOWN	77	A	0.993904395252	G	0.00278045128863	9294	18	26	13	9351	75799
UNKNOWN	78	T	0.993262752647	G	0.00352903432788	15	15	33	9288	9351	75799
UNKNOWN	79	T	0.995508501765	C	0.00395679606459	5	37	0	9309	9351	75799
UNKNOWN	80	C	0.991337824832	G	0.00427761736713	2	9270	40	39	9351	75799
UNKNOWN	81	T	0.994759918725	C	0.00352903432788	9	33	7	9302	9351	75799
UNKNOWN	82	C	0.996898727409	T	0.00171104694685	13	9322	0	16	9351	75799
UNKNOWN	83	A	0.991979467437	G	0.00502620040637	9276	20	47	8	9351	75799
UNKNOWN	84	C	0.539835311731	T	0.457170356112	8	5048	20	4275	9351	75799
UNKNOWN	85	T	0.996043203935	C	0.00181798738103	4	17	16	9314	9351	75799
UNKNOWN	86	G	0.988450433109	A	0.0105871029836	99	3	9243	6	9351	75799
UNKNOWN	87	A	0.990696182226	G	0.00759277082665	9264	13	71	3	9351	75799
UNKNOWN	88	G	0.963747192814	A	0.0237407763876	222	102	9012	15	9351	75799
UNKNOWN	89	C	0.973585712758	T	0.0176451716394	38	9104	44	165	9351	75799
UNKNOWN	90	A	0.981927066624	G	0.0146508394824	9182	26	137	6	9351	75799
UNKNOWN	91	G	0.902256443161	A	0.0652336648487	610	243	8437	61	9351	75799
UNKNOWN	92	C	0.946315902043	T	0.0255587637686	151	8849	112	239	9351	75799
UNKNOWN	93	T	0.946208961608	G	0.0358250454497	99	69	335	8848	9351	75799
UNKNOWN	94	A	0.953480911132	T	0.0249171211635	8916	92	110	233	9351	75799
UNKNOWN	95	T	0.98566998182	C	0.00769971126083	22	72	40	9217	9351	75799
UNKNOWN	96	G	0.899262111004	A	0.0700459843867	655	130	8409	157	9351	75799
UNKNOWN	97	C	0.900224574912	G	0.0500481231954	257	8418	468	208	9351	75799
UNKNOWN	98	T	0.991765586568	G	0.00459843866966	10	24	43	9274	9351	75799
UNKNOWN	99	G	0.971767725377	A	0.0233130146508	218	8	9087	38	9351	75799
UNKNOWN	100	T	0.994973799594	C	0.00299433215699	8	28	11	9304	9351	75799
UNKNOWN	101	A	0.967917869747	G	0.0238477168217	9051	38	223	39	9351	75799
UNKNOWN	102	G	0.657042027591	A	0.326703026414	3055	118	6144	34	9351	75799
UNKNOWN	103	G	0.798203400706	A	0.134317185328	1256	522	7464	109	9351	75799
UNKNOWN	104	C	0.983851994439	T	0.00866217516843	26	9200	44	81	9351	75799
UNKNOWN	105	T	0.997540370014	G	0.00128328521014	1	10	12	9328	9351	75799
UNKNOWN	106	G	0.998288953053	A	0.000855523473425	8	1	9335	7	9351	75799
UNKNOWN	107	G	0.999144476527	C	0.000534702170891	2	5	9343	1	9351	75799
UNKNOWN	108	G	0.983210351834	A	0.0101593412469	95	19	9194	43	9351	75799
UNKNOWN	109	T	0.995615442199	C	0.00384985563041	2	36	3	9310	9351	75799
UNKNOWN	110	C	0.994866859159	A	0.00256657042028	24	9303	13	11	9351	75799
UNKNOWN	111	C	0.997754250882	G	0.00139022564432	2	9330	13	6	9351	75799
UNKNOWN	112	G	0.997112608277	C	0.00149716607849	13	14	9324	0	9351	75799
UNKNOWN	113	C	0.998288953053	T	0.000962463907603	4	9335	3	9	9351	75799
UNKNOWN	114	C	0.998075072185	A	0.00149716607849	14	9333	1	3	9351	75799
UNKNOWN	115	A	0.994652978291	G	0.00502620040637	9301	1	47	2	9351	75799
UNKNOWN	116	G	0.997647310448	A	0.00192492781521	18	3	9329	1	9351	75799
UNKNOWN	117	G	0.98566998182	A	0.011977328628	112	22	9217	0	9351	75799
UNKNOWN	118	C	0.996257084804	T	0.00256657042028	4	9316	7	24	9351	75799
UNKNOWN	119	T	0.995508501765	C	0.00331515345952	2	31	9	9309	9351	75799
UNKNOWN	120	C	0.999465297829	T	0.000320821302534	2	9346	0	3	9351	75799
UNKNOWN	121	C	0.998075072185	A	0.00181798738103	17	9333	1	0	9351	75799
UNKNOWN	122	A	0.881830820233	G	0.115709549781	8246	21	1082	2	9351	75799
UNKNOWN	123	G	0.997647310448	A	0.00149716607849	14	6	9329	2	9351	75799
UNKNOWN	124	G	0.987808790504	A	0.0112287455887	105	6	9237	3	9351	75799
UNKNOWN	125	G	0.991337824832	A	0.00759277082665	71	3	9270	7	9351	75799
UNKNOWN	126	A	0.994652978291	G	0.00278045128863	9301	22	26	2	9351	75799
UNKNOWN	127	A	0.9915517057	G	0.00641642605069	9272	19	60	0	9351	75799
UNKNOWN	128	G	0.997968131751	A	0.00192492781521	18	0	9332	1	9351	75799
UNKNOWN	129	G	0.980643781414	A	0.0136883755748	128	42	9170	11	9351	75799
UNKNOWN	130	C	0.995936263501	G	0.00288739172281	1	9313	27	10	9351	75799
UNKNOWN	131	G	0.894128970164	A	0.101807293338	952	29	8361	9	9351	75799
UNKNOWN	132	C	0.994866859159	T	0.00417067693295	6	9303	3	39	9351	75799
UNKNOWN	133	T	0.984493637044	C	0.00962463907603	2	90	53	9206	9351	75799
UNKNOWN	134	G	0.985563041386	A	0.0127259116672	119	3	9216	13	9351	75799
UNKNOWN	135	G	0.997112608277	A	0.0024596299861	23	3	9324	1	9351	75799
UNKNOWN	136	A	0.995294620896	G	0.00395679606459	9307	4	37	3	9351	75799
UNKNOWN	137	G	0.980964602716	A	0.0141161373115	132	21	9173	25	9351	75799
UNKNOWN	138	T	0.993155812213	G	0.00502620040637	4	13	47	9287	9351	75799
UNKNOWN	139	G	0.994225216554	A	0.00288739172281	27	20	9297	7	9351	75799
UNKNOWN	140	G	0.786439952946	C	0.201154956689	11	1881	7354	105	9351	75799
UNKNOWN	141	C	0.765907389584	G	0.217089081382	134	7162	2030	25	9351	75799
UNKNOWN	142	T	0.996470965672	C	0.00331515345952	0	31	2	9318	9351	75799
UNKNOWN	143	C	0.756710512245	T	0.237086942573	6	7076	52	2217	9351	75799
UNKNOWN	144	G	0.986097743557	A	0.0135814351406	127	1	9221	2	9351	75799
UNKNOWN	145	G	0.991230884397	C	0.00534702170891	12	50	9269	20	9351	75799
UNKNOWN	146	T	0.973264891455	G	0.0127259116672	75	56	119	9101	9351	75799
UNKNOWN	147	G	0.840230991338	A	0.136349053577	1275	111	7857	108	9351	75799
UNKNOWN	148	G	0.833707624853	A	0.105977970271	991	415	7796	149	9351	75799
UNKNOWN	149	T	0.937332905572	G	0.0265212276762	204	134	248	8765	9351	75799
UNKNOWN	150	A	0.944604855096	G	0.0495134210245	8833	10	463	45	9351	75799
UNKNOWN	151	T	0.978825794033	C	0.00855523473425	69	80	49	9153	9351	75799
UNKNOWN	152	A	0.938723131216	G	0.0345417602395	8778	97	323	153	9351	75799
UNKNOWN	153	A	0.900759277083	G	0.0775318147792	8423	97	725	106	9351	75799
UNKNOWN	154	G	0.810822371939	A	0.123195380173	1152	470	7582	147	9351	75799
UNKNOWN	155	C	0.792642498129	T	0.1645813282	169	7412	231	1539	9351	75799
UNKNOWN	156	A	0.911346380066	G	0.0731472569779	8522	99	684	46	9351	75799
UNKNOWN	157	G	0.900759277083	A	0.0476954336435	446	314	8423	168	9351	75799
UNKNOWN	158	T	0.962356967169	G	0.0211742059673	79	75	198	8999	9351	75799
UNKNOWN	159	G	0.888888888889	A	0.0857662282109	802	177	8312	60	9351	75799
UNKNOWN	160	G	0.878515666774	A	0.0740027804513	692	264	8215	180	9351	75799
UNKNOWN	161	T	0.970484440167	G	0.0127259116672	79	78	119	9075	9351	75799
UNKNOWN	162	G	0.984707517913	A	0.0133675542723	125	11	9208	7	9351	75799
UNKNOWN	163	G	0.984279756176	A	0.0083413538659	78	45	9204	24	9351	75799
UNKNOWN	164	A	0.967276227141	G	0.0183937546786	9045	77	172	57	9351	75799
UNKNOWN	165	A	0.950914340712	G	0.0319751898193	8892	117	299	43	9351	75799
UNKNOWN	166	G	0.758314618757	A	0.11517484761	1077	812	7091	371	9351	75799
UNKNOWN	167	C	0.899048230136	T	0.0512244679713	218	8407	247	479	9351	75799
UNKNOWN	168	A	0.977435568388	G	0.012618971233	9140	51	118	42	9351	75799
UNKNOWN	169	C	0.970270559298	T	0.0177521120736	76	9073	36	166	9351	75799
UNKNOWN	170	A	0.969521976259	G	0.0114426264571	9066	88	107	90	9351	75799
UNKNOWN	171	T	0.685381242648	G	0.244251951663	464	194	2284	6409	9351	75799
UNKNOWN	172	A	0.803443481981	G	0.137418457919	7513	244	1285	309	9351	75799
UNKNOWN	173	C	0.955619719816	T	0.0210672655331	41	8936	177	197	9351	75799
UNKNOWN	174	T	0.984921398781	C	0.0068441877874	43	64	34	9210	9351	75799
UNKNOWN	175	A	0.980322960111	T	0.0146508394824	9167	30	17	137	9351	75799
UNKNOWN	176	T	0.979681317506	C	0.0155063629558	29	145	16	9161	9351	75799
UNKNOWN	177	A	0.984921398781	C	0.00812747299754	9210	76	47	18	9351	75799
UNKNOWN	178	A	0.987167147899	C	0.00577478344562	9231	54	52	14	9351	75799
UNKNOWN	179	C	0.9114533205	T	0.0730403165437	24	8523	121	683	9351	75799
UNKNOWN	180	C	0.923537589563	T	0.0521869318789	39	8636	188	488	9351	75799
UNKNOWN	181	C	0.981713185756	T	0.00866217516843	48	9180	42	81	9351	75799
UNKNOWN	182	A	0.978932734467	G	0.00908993690514	9154	56	85	56	9351	75799
UNKNOWN	183	G	0.967597048444	A	0.0218158485723	204	58	9048	41	9351	75799
UNKNOWN	184	C	0.979253555769	T	0.0145438990482	17	9157	41	136	9351	75799
UNKNOWN	185	C	0.997647310448	G	0.00106940434178	3	9329	10	9	9351	75799
UNKNOWN	186	C	0.991979467437	T	0.00470537910384	16	9276	15	44	9351	75799
UNKNOWN	187	T	0.993262752647	G	0.00363597476206	14	15	34	9288	9351	75799
UNKNOWN	188	G	0.979681317506	A	0.0122981499305	115	26	9161	49	9351	75799
UNKNOWN	189	A	0.985456100952	G	0.00823441343172	9215	48	77	11	9351	75799
UNKNOWN	190	A	0.985135279649	C	0.00973157951021	9212	91	36	12	9351	75799
UNKNOWN	191	A	0.991444765266	T	0.00384985563041	9271	21	23	36	9351	75799
UNKNOWN	192	T	0.991017003529	C	0.00598866431398	8	56	20	9267	9351	75799
UNKNOWN	193	C	0.996577906106	T	0.00224574911774	3	9319	8	21	9351	75799
UNKNOWN	194	C	0.99283499091	T	0.00384985563041	6	9284	25	36	9351	75799
UNKNOWN	195	C	0.996043203935	G	0.00331515345952	2	9314	31	4	9351	75799
UNKNOWN	196	G	0.996257084804	A	0.00235268955192	22	2	9316	11	9351	75799
UNKNOWN	197	G	0.935942679927	A	0.0497273018928	465	78	8752	56	9351	75799
UNKNOWN	198	C	0.989626777885	T	0.0058817238798	21	9254	21	55	9351	75799
UNKNOWN	199	T	0.992407229173	C	0.00481231953802	10	45	16	9280	9351	75799
UNKNOWN	200	C	0.994225216554	A	0.00320821302534	30	9297	3	21	9351	75799
UNKNOWN	201	A	0.987808790504	G	0.0101593412469	9237	15	95	4	9351	75799
UNKNOWN	202	G	0.980429900545	C	0.0120842690621	33	113	9168	37	9351	75799
UNKNOWN	203	C	0.962036145867	T	0.0295155598332	46	8996	33	276	9351	75799
UNKNOWN	204	A	0.985242220083	G	0.00737888995829	9213	16	69	53	9351	75799
UNKNOWN	205	T	0.993262752647	C	0.00524008127473	8	49	6	9288	9351	75799
UNKNOWN	206	C	0.990589241792	T	0.00513314084055	31	9263	9	48	9351	75799
UNKNOWN	207	A	0.985883862688	G	0.00844829430007	9219	38	79	15	9351	75799
UNKNOWN	208	C	0.989092075714	G	0.00513314084055	19	9249	48	35	9351	75799
UNKNOWN	209	C	0.975724521442	T	0.0111218051545	44	9124	79	104	9351	75799
UNKNOWN	210	A	0.990375360924	G	0.00524008127473	9261	39	49	2	9351	75799
UNKNOWN	211	A	0.989092075714	G	0.00908993690514	9249	9	85	8	9351	75799
UNKNOWN	212	G	0.981392364453	A	0.0128328521014	120	42	9177	12	9351	75799
UNKNOWN	213	G	0.994439097423	A	0.00502620040637	47	4	9299	1	9351	75799
UNKNOWN	214	A	0.988450433109	T	0.00524008127473	9243	39	20	49	9351	75799
UNKNOWN	215	C	0.966955405839	T	0.0226713720458	50	9042	47	212	9351	75799
UNKNOWN	216	A	0.988557373543	G	0.00802053256336	9244	22	75	10	9351	75799
UNKNOWN	217	A	0.983745054005	G	0.00876911560261	9199	59	82	11	9351	75799
UNKNOWN	218	C	0.973799593626	T	0.0207464442306	6	9106	45	194	9351	75799
UNKNOWN	219	T	0.988771254411	C	0.00577478344562	18	54	33	9246	9351	75799
UNKNOWN	220	C	0.996364025238	A	0.00213880868356	20	9317	2	12	9351	75799
UNKNOWN	221	C	0.989199016148	T	0.00481231953802	40	9250	16	45	9351	75799
UNKNOWN	222	A	0.978291091862	G	0.0131536734039	9148	79	123	1	9351	75799
UNKNOWN	223	A	0.98438669661	G	0.0121912094963	9205	9	114	23	9351	75799
UNKNOWN	224	G	0.987167147899	A	0.00705806865576	66	49	9231	5	9351	75799
UNKNOWN	225	A	0.989519837451	G	0.00812747299754	9253	18	76	4	9351	75799
UNKNOWN	226	G	0.949096353331	A	0.0409581862902	383	82	8875	11	9351	75799
UNKNOWN	227	C	0.974120414929	T	0.0185006951128	21	9109	48	173	9351	75799
UNKNOWN	228	C	0.992300288739	A	0.00427761736713	40	9279	29	3	9351	75799
UNKNOWN	229	A	0.994973799594	G	0.00235268955192	9304	4	22	21	9351	75799
UNKNOWN	230	A	0.983531173137	G	0.013795316009	9197	18	129	7	9351	75799
UNKNOWN	231	G	0.969521976259	A	0.0162549459951	152	69	9066	64	9351	75799
UNKNOWN	232	T	0.991872527002	C	0.00716500908994	4	67	5	9275	9351	75799
UNKNOWN	233	C	0.969735857128	T	0.0153994225217	16	9068	123	144	9351	75799
UNKNOWN	234	T	0.990589241792	C	0.00598866431398	8	56	24	9263	9351	75799
UNKNOWN	235	C	0.991765586568	T	0.00609560474816	15	9274	5	57	9351	75799
UNKNOWN	236	T	0.981606245321	C	0.00908993690514	9	85	78	9179	9351	75799
UNKNOWN	237	C	0.991979467437	T	0.00556090257726	13	9276	10	52	9351	75799
UNKNOWN	238	T	0.99411827612	G	0.00310127259117	2	24	29	9296	9351	75799
UNKNOWN	239	G	0.959469575446	A	0.0288739172281	270	62	8972	47	9351	75799
UNKNOWN	240	T	0.98566998182	G	0.0058817238798	37	42	55	9217	9351	75799
UNKNOWN	241	C	0.986418564859	T	0.00941075820768	36	9224	3	88	9351	75799
UNKNOWN	242	A	0.978398032296	G	0.0132606138381	9149	62	124	16	9351	75799
UNKNOWN	243	G	0.923537589563	C	0.0424553523687	233	397	8636	85	9351	75799
UNKNOWN	244	T	0.990803122661	G	0.00470537910384	8	34	44	9265	9351	75799
UNKNOWN	245	G	0.974975938402	A	0.016789648166	157	47	9117	30	9351	75799
UNKNOWN	246	A	0.985776922254	G	0.0112287455887	9218	23	105	5	9351	75799
UNKNOWN	247	G	0.941289701636	A	0.0418137097637	391	121	8802	37	9351	75799
UNKNOWN	248	C	0.973692653192	T	0.018607635547	46	9105	26	174	9351	75799
UNKNOWN	249	A	0.982034007058	G	0.0159341246925	9183	18	149	1	9351	75799
UNKNOWN	250	G	0.978932734467	A	0.0105871029836	99	78	9154	20	9351	75799
UNKNOWN	251	C	0.985563041386	T	0.00759277082665	16	9216	48	71	9351	75799
UNKNOWN	252	G	0.9831034114	A	0.0100524008127	94	30	9193	34	9351	75799
UNKNOWN	253	T	0.990054539621	C	0.00513314084055	5	48	40	9258	9351	75799
UNKNOWN	254	G	0.971126082772	A	0.0214950272698	201	34	9081	35	9351	75799
UNKNOWN	255	A	0.982675649663	G	0.00962463907603	9189	46	90	26	9351	75799
UNKNOWN	256	C	0.987381028767	T	0.00641642605069	42	9233	16	60	9351	75799
UNKNOWN	257	A	0.97978825794	G	0.0111218051545	9162	46	104	39	9351	75799
UNKNOWN	258	C	0.930916479521	A	0.0563576088119	527	8705	54	65	9351	75799
UNKNOWN	259	C	0.986739386162	T	0.00855523473425	22	9227	22	80	9351	75799
UNKNOWN	260	T	0.960538979788	C	0.0260934659395	24	244	101	8982	9351	75799
UNKNOWN	261	G	0.990482301358	A	0.00695112822158	65	11	9262	13	9351	75799
UNKNOWN	262	A	0.987808790504	G	0.00791359212918	9237	30	74	10	9351	75799
UNKNOWN	263	G	0.952411506791	A	0.0257726446369	241	141	8906	63	9351	75799
UNKNOWN	264	G	0.990161480056	A	0.00716500908994	67	6	9259	19	9351	75799
UNKNOWN	265	A	0.990054539621	C	0.00566784301144	9258	53	31	9	9351	75799
UNKNOWN	266	C	0.978932734467	T	0.0109079242862	62	9154	33	102	9351	75799
UNKNOWN	267	A	0.979146615335	G	0.0102662816811	9156	33	96	66	9351	75799
UNKNOWN	268	C	0.991230884397	G	0.00417067693295	29	9269	39	14	9351	75799
UNKNOWN	269	G	0.990375360924	C	0.00384985563041	33	36	9261	21	9351	75799
UNKNOWN	270	G	0.990054539621	C	0.00384985563041	32	36	9258	25	9351	75799
UNKNOWN	271	C	0.992621110042	A	0.00363597476206	34	9282	27	8	9351	75799
UNKNOWN	272	C	0.987915730938	A	0.00705806865576	66	9238	19	28	9351	75799
UNKNOWN	273	A	0.987274088333	G	0.00620254518233	9232	36	58	25	9351	75799
UNKNOWN	274	C	0.985349160518	A	0.00620254518233	58	9214	21	58	9351	75799
UNKNOWN	275	A	0.973478772324	G	0.0150786012191	9103	53	141	54	9351	75799
UNKNOWN	276	T	0.991337824832	A	0.00449149823548	42	16	23	9270	9351	75799
UNKNOWN	277	A	0.990375360924	C	0.00524008127473	9261	49	17	24	9351	75799
UNKNOWN	278	C	0.953908672869	T	0.0433108758422	17	8920	9	405	9351	75799
UNKNOWN	279	T	0.983424232702	C	0.0068441877874	55	64	36	9196	9351	75799
UNKNOWN	280	A	0.97337183189	T	0.012618971233	9102	90	41	118	9351	75799
UNKNOWN	281	C	0.97262324885	T	0.0257726446369	9	9095	6	241	9351	75799
UNKNOWN	282	T	0.985990803123	G	0.00876911560261	21	28	82	9220	9351	75799
