Type	Position	Nucl1	Freq1	Nucl2	Freq2	NumAs	NumCs	NumGs	NumTs	NumAligned	NumNaive
UNKNOWN	0	C	1.0	A	0.0	0	18389	0	0	18389	112889
UNKNOWN	1	A	1.0	C	0.0	18389	0	0	0	18389	112889
UNKNOWN	2	G	1.0	A	0.0	0	0	18389	0	18389	112889
UNKNOWN	3	G	1.0	A	0.0	0	0	18389	0	18389	112889
UNKNOWN	4	T	1.0	A	0.0	0	0	0	18389	18389	112889
UNKNOWN	5	G	1.0	A	0.0	0	0	18389	0	18389	112889
UNKNOWN	6	C	1.0	A	0.0	0	18389	0	0	18389	112889
UNKNOWN	7	A	0.998422970254	G	0.00103322638534	18360	2	19	8	18389	112889
UNKNOWN	8	G	0.988253847409	A	0.00897275545163	165	46	18173	5	18389	112889
UNKNOWN	9	C	0.996193376475	G	0.00217521344282	1	18319	40	29	18389	112889
UNKNOWN	10	T	0.998858012943	C	0.00103322638534	1	19	1	18368	18389	112889
UNKNOWN	11	G	0.998803632606	A	0.000978846049269	18	3	18367	1	18389	112889
UNKNOWN	12	C	0.998912393279	T	0.00103322638534	1	18369	0	19	18389	112889
UNKNOWN	13	G	0.999510576975	A	0.000489423024634	9	0	18380	0	18389	112889
UNKNOWN	14	G	0.659579096199	C	0.338789493719	18	6230	12129	12	18389	112889
UNKNOWN	15	G	0.999456196639	C	0.000326282016423	3	6	18379	1	18389	112889
UNKNOWN	16	A	0.998531730926	G	0.00108760672141	18362	6	20	1	18389	112889
UNKNOWN	17	G	0.995377671434	A	0.00337158083637	62	19	18304	4	18389	112889
UNKNOWN	18	T	0.996900320844	C	0.00174017075426	6	32	19	18332	18389	112889
UNKNOWN	19	C	0.999238675295	T	0.000543803360705	1	18375	3	10	18389	112889
UNKNOWN	20	G	0.997987927565	A	0.0014682690739	27	8	18352	2	18389	112889
UNKNOWN	21	G	0.999075534287	C	0.000706944368916	3	13	18372	1	18389	112889
UNKNOWN	22	G	0.999184294959	C	0.000543803360705	5	10	18374	0	18389	112889
UNKNOWN	23	C	0.999401816303	T	0.000380662352493	2	18378	2	7	18389	112889
UNKNOWN	24	C	0.99972809832	T	0.000271901680352	0	18384	0	5	18389	112889
UNKNOWN	25	C	0.999456196639	T	0.000543803360705	0	18379	0	10	18389	112889
UNKNOWN	26	C	0.999510576975	A	0.000271901680352	5	18380	0	4	18389	112889
UNKNOWN	27	A	0.996465278155	G	0.00271901680352	18324	12	50	3	18389	112889
UNKNOWN	28	G	0.992713034967	A	0.00543803360705	100	29	18255	5	18389	112889
UNKNOWN	29	C	0.997117842188	T	0.00190331176247	0	18336	18	35	18389	112889
UNKNOWN	30	C	0.998912393279	T	0.00103322638534	0	18369	1	19	18389	112889
UNKNOWN	31	T	0.997498504541	C	0.00135950840176	10	25	11	18343	18389	112889
UNKNOWN	32	G	0.995486432106	A	0.00337158083637	62	16	18306	5	18389	112889
UNKNOWN	33	G	0.998042307901	C	0.00103322638534	9	19	18353	8	18389	112889
UNKNOWN	34	T	0.996628419164	C	0.00244711512317	0	45	17	18327	18389	112889
UNKNOWN	35	G	0.996084615803	T	0.00174017075426	30	10	18317	32	18389	112889
UNKNOWN	36	A	0.997987927565	C	0.00114198705748	18352	21	14	2	18389	112889
UNKNOWN	37	A	0.994670727065	G	0.00364348251672	18291	30	67	1	18389	112889
UNKNOWN	38	G	0.998259829246	C	0.00125074772962	9	23	18357	0	18389	112889
UNKNOWN	39	C	0.997389743869	T	0.0023927347871	0	18341	4	44	18389	112889
UNKNOWN	40	C	0.99972809832	T	0.000271901680352	0	18384	0	5	18389	112889
UNKNOWN	41	C	0.99820544891	G	0.00108760672141	0	18356	20	13	18389	112889
UNKNOWN	42	T	0.996791560172	C	0.00233835445103	2	43	14	18330	18389	112889
UNKNOWN	43	C	0.999184294959	A	0.000543803360705	10	18374	0	5	18389	112889
UNKNOWN	44	A	0.984066561531	G	0.0143564087226	18096	17	264	12	18389	112889
UNKNOWN	45	C	0.99874925227	G	0.000652564032846	10	18366	12	1	18389	112889
UNKNOWN	46	A	0.997607265213	G	0.00157702974604	18345	10	29	5	18389	112889
UNKNOWN	47	G	0.997770406221	A	0.00190331176247	35	5	18348	1	18389	112889
UNKNOWN	48	A	0.994507586057	C	0.0033172005003	18288	61	33	7	18389	112889
UNKNOWN	49	C	0.996791560172	G	0.00195769209854	4	18330	36	19	18389	112889
UNKNOWN	50	C	0.997661645549	T	0.00152264940997	2	18346	13	28	18389	112889
UNKNOWN	51	C	0.999075534287	T	0.000815705041057	1	18372	1	15	18389	112889
UNKNOWN	52	T	0.996356517483	C	0.00348034150851	1	64	2	18322	18389	112889
UNKNOWN	53	C	0.998912393279	T	0.000870085377128	0	18369	4	16	18389	112889
UNKNOWN	54	T	0.995921474795	C	0.00255587579531	16	47	12	18314	18389	112889
UNKNOWN	55	C	0.999293055631	T	0.000489423024634	2	18376	2	9	18389	112889
UNKNOWN	56	C	0.995758333787	T	0.00222959377889	15	18311	22	41	18389	112889
UNKNOWN	57	C	0.997716025885	A	0.00103322638534	19	18347	9	14	18389	112889
UNKNOWN	58	T	0.997280983196	C	0.00255587579531	3	47	0	18339	18389	112889
UNKNOWN	59	C	0.998858012943	A	0.000706944368916	13	18368	0	8	18389	112889
UNKNOWN	60	A	0.996900320844	C	0.0014682690739	18332	27	17	13	18389	112889
UNKNOWN	61	C	0.997172222524	T	0.0023927347871	5	18337	3	44	18389	112889
UNKNOWN	62	C	0.997117842188	T	0.00141388873783	1	18336	26	26	18389	112889
UNKNOWN	63	T	0.997335363533	C	0.00163141008211	1	30	18	18340	18389	112889
UNKNOWN	64	G	0.998694871934	C	0.000761324704987	9	14	18365	1	18389	112889
UNKNOWN	65	C	0.998422970254	T	0.000924465713198	12	18360	0	17	18389	112889
UNKNOWN	66	A	0.994290064713	G	0.00337158083637	18284	28	62	15	18389	112889
UNKNOWN	67	C	0.997280983196	T	0.00168579041818	5	18339	14	31	18389	112889
UNKNOWN	68	G	0.994398825385	A	0.00483984991027	89	11	18286	3	18389	112889
UNKNOWN	69	G	0.980966882375	A	0.016205340149	298	14	18039	38	18389	112889
UNKNOWN	70	T	0.992604274294	C	0.00706944368916	3	130	3	18253	18389	112889
UNKNOWN	71	C	0.98422970254	G	0.010767306542	9	18099	198	83	18389	112889
UNKNOWN	72	T	0.995268910762	C	0.00396976453314	0	73	14	18302	18389	112889
UNKNOWN	73	C	0.998640491598	T	0.000870085377128	9	18364	0	16	18389	112889
UNKNOWN	74	T	0.993419979335	C	0.00364348251672	9	67	45	18268	18389	112889
UNKNOWN	75	G	0.996519658491	A	0.00320843982816	59	5	18325	0	18389	112889
UNKNOWN	76	G	0.993474359672	A	0.00407852520529	75	22	18269	23	18389	112889
UNKNOWN	77	A	0.993746261352	G	0.00233835445103	18274	40	43	32	18389	112889
UNKNOWN	78	T	0.996410897819	C	0.00250149545924	2	46	18	18323	18389	112889
UNKNOWN	79	T	0.996737179836	C	0.00315405949209	0	58	2	18329	18389	112889
UNKNOWN	80	C	0.988960791778	T	0.00880961444342	4	18186	37	162	18389	112889
UNKNOWN	81	T	0.995540812442	C	0.00353472184458	1	65	16	18307	18389	112889
UNKNOWN	82	C	0.997552884877	T	0.00125074772962	22	18344	0	23	18389	112889
UNKNOWN	83	A	0.988036326064	G	0.00750448637773	18169	51	138	31	18389	112889
UNKNOWN	84	T	0.584479852085	C	0.409864592963	13	7537	91	10748	18389	112889
UNKNOWN	85	T	0.9966827995	C	0.00168579041818	7	31	23	18328	18389	112889
UNKNOWN	86	G	0.988580129425	A	0.010005981837	184	9	18179	17	18389	112889
UNKNOWN	87	A	0.992223611942	C	0.00380662352493	18246	70	68	5	18389	112889
UNKNOWN	88	G	0.971450323563	A	0.0169122845179	311	190	17864	24	18389	112889
UNKNOWN	89	C	0.980259938006	T	0.0144107890587	36	18026	62	265	18389	112889
UNKNOWN	90	A	0.986078633966	G	0.0101691228452	18133	60	187	9	18389	112889
UNKNOWN	91	G	0.910054924139	A	0.0668878133667	1230	302	16735	122	18389	112889
UNKNOWN	92	C	0.964979063571	T	0.0213714720757	52	17745	199	393	18389	112889
UNKNOWN	93	T	0.961335581054	G	0.0206101473707	200	132	379	17678	18389	112889
UNKNOWN	94	A	0.971069661211	C	0.0109848278862	17857	202	202	128	18389	112889
UNKNOWN	95	T	0.99059220186	C	0.0047854695742	18	88	67	18216	18389	112889
UNKNOWN	96	G	0.900973408016	A	0.0670509543749	1233	279	16568	309	18389	112889
UNKNOWN	97	C	0.915057915058	G	0.0497580075045	334	16827	915	313	18389	112889
UNKNOWN	98	T	0.991842949589	G	0.00413290554136	9	65	76	18239	18389	112889
UNKNOWN	99	G	0.971559084235	A	0.0255043776171	469	25	17866	29	18389	112889
UNKNOWN	100	T	0.99516015009	C	0.003861003861	16	71	2	18300	18389	112889
UNKNOWN	101	A	0.963402033825	G	0.0213714720757	17716	103	393	177	18389	112889
UNKNOWN	102	A	0.556093316657	G	0.430365979662	10226	203	7914	46	18389	112889
UNKNOWN	103	G	0.732122464517	A	0.189569851542	3486	1186	13463	254	18389	112889
UNKNOWN	104	C	0.98754690304	T	0.00658002066453	36	18160	72	121	18389	112889
UNKNOWN	105	T	0.997389743869	C	0.00174017075426	1	32	15	18341	18389	112889
UNKNOWN	106	G	0.999510576975	T	0.000271901680352	3	1	18380	5	18389	112889
UNKNOWN	107	G	0.999184294959	C	0.000489423024634	5	9	18374	1	18389	112889
UNKNOWN	108	G	0.986404915982	A	0.00897275545163	165	50	18139	35	18389	112889
UNKNOWN	109	T	0.9966827995	C	0.00299091848388	3	55	3	18328	18389	112889
UNKNOWN	110	C	0.996519658491	T	0.00179455109033	29	18325	2	33	18389	112889
UNKNOWN	111	C	0.998694871934	G	0.000870085377128	0	18365	16	8	18389	112889
UNKNOWN	112	G	0.998640491598	C	0.000815705041057	8	15	18364	2	18389	112889
UNKNOWN	113	C	0.995540812442	T	0.00250149545924	32	18307	4	46	18389	112889
UNKNOWN	114	C	0.998912393279	A	0.000815705041057	15	18369	0	5	18389	112889
UNKNOWN	115	A	0.993528740008	G	0.00543803360705	18270	15	100	4	18389	112889
UNKNOWN	116	G	0.99874925227	C	0.000652564032846	10	12	18366	1	18389	112889
UNKNOWN	117	G	0.973299254989	A	0.0212083310675	390	71	17898	30	18389	112889
UNKNOWN	118	C	0.99516015009	T	0.00391538419707	1	18300	16	72	18389	112889
UNKNOWN	119	T	0.993800641688	C	0.00500299091848	7	92	15	18275	18389	112889
UNKNOWN	120	C	0.997009081516	A	0.00157702974604	29	18334	15	11	18389	112889
UNKNOWN	121	C	0.997824786557	A	0.00135950840176	25	18349	2	13	18389	112889
UNKNOWN	122	A	0.990374680516	G	0.00766762738594	18212	15	141	21	18389	112889
UNKNOWN	123	G	0.996574038828	A	0.0023927347871	44	17	18326	2	18389	112889
UNKNOWN	124	G	0.994126923704	T	0.00293653814781	46	8	18281	54	18389	112889
UNKNOWN	125	G	0.990374680516	A	0.00870085377128	160	13	18212	4	18389	112889
UNKNOWN	126	A	0.996845940508	G	0.00163141008211	18331	26	30	2	18389	112889
UNKNOWN	127	A	0.992060470934	G	0.00668878133667	18243	19	123	4	18389	112889
UNKNOWN	128	G	0.99847735059	A	0.00130512806569	24	3	18361	1	18389	112889
UNKNOWN	129	G	0.987710044048	A	0.00848333242699	156	57	18163	13	18389	112889
UNKNOWN	130	C	0.996410897819	G	0.00255587579531	1	18323	47	18	18389	112889
UNKNOWN	131	G	0.990918483876	A	0.00619935831203	114	51	18222	2	18389	112889
UNKNOWN	132	C	0.99516015009	T	0.00299091848388	20	18300	14	55	18389	112889
UNKNOWN	133	T	0.991027244548	C	0.00462232856599	3	85	77	18224	18389	112889
UNKNOWN	134	G	0.987981945728	A	0.00826581108271	152	17	18168	52	18389	112889
UNKNOWN	135	G	0.996410897819	A	0.00261025613138	48	18	18323	0	18389	112889
UNKNOWN	136	A	0.994888248409	G	0.00364348251672	18295	21	67	6	18389	112889
UNKNOWN	137	G	0.966991136005	A	0.0272989287074	502	73	17782	32	18389	112889
UNKNOWN	138	T	0.995268910762	G	0.00222959377889	19	27	41	18302	18389	112889
UNKNOWN	139	G	0.996302137147	A	0.00271901680352	50	6	18321	12	18389	112889
UNKNOWN	140	G	0.617651857088	C	0.363532546631	21	6685	11358	325	18389	112889
UNKNOWN	141	C	0.797378867801	G	0.164228614933	656	14663	3020	50	18389	112889
UNKNOWN	142	T	0.996900320844	C	0.00212083310675	4	39	14	18332	18389	112889
UNKNOWN	143	C	0.794986133014	T	0.197128718255	34	14619	111	3625	18389	112889
UNKNOWN	144	G	0.991788569253	A	0.00772200772201	142	0	18238	9	18389	112889
UNKNOWN	145	G	0.991897329925	C	0.00456794822992	16	84	18240	49	18389	112889
UNKNOWN	146	T	0.980259938006	G	0.00973408015662	90	94	179	18026	18389	112889
UNKNOWN	147	G	0.855076404372	A	0.118114089945	2172	173	15724	320	18389	112889
UNKNOWN	148	G	0.845342324216	A	0.0976127032465	1795	638	15545	411	18389	112889
UNKNOWN	149	T	0.953885475012	G	0.0213170917396	277	179	392	17541	18389	112889
UNKNOWN	150	A	0.924411332862	G	0.0680298004242	16999	36	1251	103	18389	112889
UNKNOWN	151	T	0.973897438686	C	0.0183261732558	58	337	85	17909	18389	112889
UNKNOWN	152	A	0.941649899396	G	0.0276795910599	17316	191	509	373	18389	112889
UNKNOWN	153	A	0.909511120779	G	0.071020718908	16725	163	1306	195	18389	112889
UNKNOWN	154	G	0.815705041057	A	0.11762466692	2163	1013	15000	213	18389	112889
UNKNOWN	155	C	0.89053238349	T	0.0693349284899	331	16376	407	1275	18389	112889
UNKNOWN	156	A	0.908641035402	G	0.0773288378922	16709	213	1422	45	18389	112889
UNKNOWN	157	G	0.898363151884	A	0.0573712545544	1055	562	16520	252	18389	112889
UNKNOWN	158	T	0.964544020882	G	0.0192506389689	123	175	354	17737	18389	112889
UNKNOWN	159	G	0.878242427538	A	0.0948393061069	1744	350	16150	145	18389	112889
UNKNOWN	160	G	0.858393604872	A	0.0961444341726	1768	622	15785	214	18389	112889
UNKNOWN	161	T	0.962260046767	G	0.0180542715754	154	208	332	17695	18389	112889
UNKNOWN	162	G	0.986839958671	A	0.0102778835173	189	31	18147	22	18389	112889
UNKNOWN	163	G	0.984991027245	A	0.0109848278862	202	53	18113	21	18389	112889
UNKNOWN	164	A	0.971613464571	G	0.018489314264	17867	129	340	53	18389	112889
UNKNOWN	165	A	0.943988253847	G	0.0456251019631	17359	128	839	63	18389	112889
UNKNOWN	166	G	0.773560280603	A	0.130077763881	2392	1169	14225	603	18389	112889
UNKNOWN	167	C	0.88569253358	T	0.0482897384306	530	16287	684	888	18389	112889
UNKNOWN	168	A	0.969220729784	G	0.0162597204851	17823	168	299	99	18389	112889
UNKNOWN	169	C	0.942411224101	T	0.0427429441514	111	17330	162	786	18389	112889
UNKNOWN	170	A	0.978193485236	G	0.00842895209092	17988	134	155	112	18389	112889
UNKNOWN	171	T	0.55549513296	G	0.349393659253	1192	557	6425	10215	18389	112889
UNKNOWN	172	A	0.722714666377	G	0.205013866986	13290	858	3770	471	18389	112889
UNKNOWN	173	C	0.962749469792	G	0.0211539507314	73	17704	389	223	18389	112889
UNKNOWN	174	T	0.988362608081	C	0.0066344010006	54	122	38	18175	18389	112889
UNKNOWN	175	A	0.980858121703	T	0.0132688020012	18037	81	27	244	18389	112889
UNKNOWN	176	T	0.977051498178	C	0.02006634401	37	369	16	17967	18389	112889
UNKNOWN	177	A	0.982380771113	G	0.00772200772201	18065	70	142	112	18389	112889
UNKNOWN	178	A	0.986948719343	G	0.00723258469737	18149	72	133	35	18389	112889
UNKNOWN	179	C	0.914024688673	T	0.0749361031051	76	16808	127	1378	18389	112889
UNKNOWN	180	C	0.94007286965	T	0.0311055522323	73	17287	457	572	18389	112889
UNKNOWN	181	C	0.989232693458	T	0.00489423024634	63	18191	45	90	18389	112889
UNKNOWN	182	A	0.983087715482	G	0.0105497851977	18078	85	194	32	18389	112889
UNKNOWN	183	G	0.973081733645	A	0.0183805535918	338	73	17894	84	18389	112889
UNKNOWN	184	C	0.985317309261	T	0.00799390940236	33	18119	90	147	18389	112889
UNKNOWN	185	C	0.997552884877	T	0.000978846049269	14	18344	13	18	18389	112889
UNKNOWN	186	C	0.995377671434	T	0.00348034150851	1	18304	20	64	18389	112889
UNKNOWN	187	T	0.994290064713	G	0.00337158083637	17	26	62	18284	18389	112889
UNKNOWN	188	G	0.971232802219	A	0.0216977540921	399	27	17860	103	18389	112889
UNKNOWN	189	A	0.988308227745	C	0.00603621730382	18174	111	103	1	18389	112889
UNKNOWN	190	A	0.991081624884	G	0.00554679427919	18225	47	102	15	18389	112889
UNKNOWN	191	A	0.992821795639	C	0.00277339713959	18257	51	40	41	18389	112889
UNKNOWN	192	T	0.992441133286	C	0.003861003861	34	71	34	18250	18389	112889
UNKNOWN	193	C	0.997552884877	T	0.0018489314264	10	18344	1	34	18389	112889
UNKNOWN	194	C	0.993691881016	T	0.003861003861	19	18273	26	71	18389	112889
UNKNOWN	195	C	0.99543205177	G	0.00364348251672	9	18305	67	8	18389	112889
UNKNOWN	196	G	0.996791560172	A	0.00190331176247	35	9	18330	15	18389	112889
UNKNOWN	197	G	0.943335689815	A	0.0403502093643	742	122	17347	178	18389	112889
UNKNOWN	198	C	0.99211485127	T	0.00538365327098	17	18244	29	99	18389	112889
UNKNOWN	199	T	0.992930556311	C	0.00380662352493	30	70	30	18259	18389	112889
UNKNOWN	200	C	0.994561966393	A	0.00277339713959	51	18289	22	27	18389	112889
UNKNOWN	201	A	0.993093697319	G	0.00543803360705	18262	23	100	4	18389	112889
UNKNOWN	202	G	0.977540921203	C	0.0163141008211	70	300	17976	43	18389	112889
UNKNOWN	203	C	0.969220729784	T	0.0222415574528	104	17823	53	409	18389	112889
UNKNOWN	204	A	0.985589210941	T	0.00723258469737	18124	22	110	133	18389	112889
UNKNOWN	205	T	0.994507586057	C	0.00326282016423	20	60	21	18288	18389	112889
UNKNOWN	206	C	0.987329381696	T	0.00837457175485	72	18156	7	154	18389	112889
UNKNOWN	207	A	0.987655663712	G	0.00723258469737	18162	58	133	36	18389	112889
UNKNOWN	208	C	0.99086410354	T	0.00348034150851	43	18221	61	64	18389	112889
UNKNOWN	209	C	0.976018271793	T	0.0118005329273	85	17948	139	217	18389	112889
UNKNOWN	210	A	0.987655663712	C	0.00815705041057	18162	150	66	11	18389	112889
UNKNOWN	211	A	0.989232693458	G	0.00804828973843	18191	38	148	12	18389	112889
UNKNOWN	212	G	0.989504595138	A	0.00853771276306	157	32	18196	4	18389	112889
UNKNOWN	213	G	0.99059220186	A	0.00706944368916	130	23	18216	20	18389	112889
UNKNOWN	214	A	0.993528740008	C	0.00348034150851	18270	64	46	9	18389	112889
UNKNOWN	215	C	0.987927565392	T	0.00652564032846	48	18167	54	120	18389	112889
UNKNOWN	216	A	0.99238675295	G	0.003861003861	18249	45	71	24	18389	112889
UNKNOWN	217	A	0.982000108761	G	0.0120724346076	18058	88	222	21	18389	112889
UNKNOWN	218	C	0.984610364892	T	0.0116373919191	12	18106	57	214	18389	112889
UNKNOWN	219	T	0.988090706401	C	0.00451356789385	66	83	70	18170	18389	112889
UNKNOWN	220	C	0.996193376475	A	0.00212083310675	39	18319	4	27	18389	112889
UNKNOWN	221	C	0.99211485127	T	0.0042416662135	52	18244	15	78	18389	112889
UNKNOWN	222	A	0.981619446408	C	0.0102235031812	18051	188	140	10	18389	112889
UNKNOWN	223	A	0.986133014302	G	0.0119092935994	18134	19	219	17	18389	112889
UNKNOWN	224	G	0.989123932786	C	0.00522051226277	93	96	18189	11	18389	112889
UNKNOWN	225	A	0.986731197999	G	0.00875523410735	18145	64	161	19	18389	112889
UNKNOWN	226	G	0.962749469792	A	0.0281690140845	518	145	17704	22	18389	112889
UNKNOWN	227	C	0.972646690957	T	0.0175104682147	132	17886	49	322	18389	112889
UNKNOWN	228	C	0.993093697319	G	0.00353472184458	55	18262	65	7	18389	112889
UNKNOWN	229	A	0.992495513622	C	0.00299091848388	18251	55	52	31	18389	112889
UNKNOWN	230	A	0.982435151449	G	0.0140301267062	18066	58	258	7	18389	112889
UNKNOWN	231	G	0.972102887596	A	0.0143020283865	263	130	17876	120	18389	112889
UNKNOWN	232	T	0.990972864212	C	0.00598183696775	30	110	26	18223	18389	112889
UNKNOWN	233	C	0.980368698679	T	0.0111479688944	20	18028	136	205	18389	112889
UNKNOWN	234	T	0.990048398499	C	0.00549241394312	35	101	47	18206	18389	112889
UNKNOWN	235	C	0.988036326064	T	0.0106585458698	13	18169	11	196	18389	112889
UNKNOWN	236	T	0.984664745228	G	0.00609059763989	59	111	112	18107	18389	112889
UNKNOWN	237	C	0.992767415303	T	0.00576431562347	10	18256	17	106	18389	112889
UNKNOWN	238	T	0.994018163032	C	0.00288215781174	11	53	46	18279	18389	112889
UNKNOWN	239	G	0.959051606939	A	0.029311001142	539	139	17636	75	18389	112889
UNKNOWN	240	T	0.985861112622	G	0.00598183696775	74	76	110	18129	18389	112889
UNKNOWN	241	C	0.988634509761	T	0.00815705041057	42	18180	17	150	18389	112889
UNKNOWN	242	A	0.97716025885	G	0.0112023492305	17969	158	206	56	18389	112889
UNKNOWN	243	G	0.911795094894	C	0.0570449725379	471	1049	16767	102	18389	112889
UNKNOWN	244	T	0.993311218663	G	0.00315405949209	22	43	58	18266	18389	112889
UNKNOWN	245	G	0.976997117842	A	0.0122355756159	225	160	17966	38	18389	112889
UNKNOWN	246	A	0.979879275654	G	0.0150089727555	18019	62	276	32	18389	112889
UNKNOWN	247	G	0.933384088314	A	0.0457882429713	842	289	17164	94	18389	112889
UNKNOWN	248	C	0.963782696177	T	0.0282777747566	81	17723	65	520	18389	112889
UNKNOWN	249	A	0.988308227745	G	0.00913589645984	18174	38	168	9	18389	112889
UNKNOWN	250	G	0.978574147588	A	0.0120724346076	222	144	17995	28	18389	112889
UNKNOWN	251	C	0.984882266572	T	0.0103866441895	23	18111	64	191	18389	112889
UNKNOWN	252	G	0.984012181195	A	0.0116373919191	214	36	18095	44	18389	112889
UNKNOWN	253	T	0.98934145413	C	0.00543803360705	7	100	89	18193	18389	112889
UNKNOWN	254	G	0.968676926423	A	0.0238729675349	439	54	17813	83	18389	112889
UNKNOWN	255	A	0.978791668933	G	0.0156615367883	17999	76	288	26	18389	112889
UNKNOWN	256	C	0.991353526565	T	0.00402414486922	55	18230	30	74	18389	112889
UNKNOWN	257	A	0.968676926423	G	0.0144651693947	17813	140	266	170	18389	112889
UNKNOWN	258	C	0.944532057208	A	0.0410027733971	754	17369	169	97	18389	112889
UNKNOWN	259	C	0.988852031106	T	0.00619935831203	53	18184	38	114	18389	112889
UNKNOWN	260	T	0.947631736364	C	0.0395888846593	50	728	185	17426	18389	112889
UNKNOWN	261	G	0.988960791778	A	0.00668878133667	123	28	18186	52	18389	112889
UNKNOWN	262	A	0.987927565392	G	0.0066344010006	18167	70	122	30	18389	112889
UNKNOWN	263	G	0.9476861167	A	0.0315405949209	580	280	17427	102	18389	112889
UNKNOWN	264	G	0.988797650769	A	0.00766762738594	141	13	18183	52	18389	112889
UNKNOWN	265	A	0.989178313122	C	0.00587307629561	18190	108	65	26	18389	112889
UNKNOWN	266	C	0.974006199358	T	0.0107129262059	184	17911	97	197	18389	112889
UNKNOWN	267	A	0.978465386916	G	0.0095709391484	17993	61	176	159	18389	112889
UNKNOWN	268	C	0.988960791778	A	0.00407852520529	75	18186	66	62	18389	112889
UNKNOWN	269	G	0.81304040459	A	0.177769318614	3269	85	14951	84	18389	112889
UNKNOWN	270	G	0.990048398499	A	0.00494861058241	91	46	18206	46	18389	112889
UNKNOWN	271	C	0.990537821524	A	0.00494861058241	91	18215	50	33	18389	112889
UNKNOWN	272	C	0.980912502039	A	0.0121811952798	224	18038	48	79	18389	112889
UNKNOWN	273	A	0.987438142368	G	0.0071782043613	18158	61	132	38	18389	112889
UNKNOWN	274	C	0.985208548589	T	0.00679754200881	123	18117	24	125	18389	112889
UNKNOWN	275	A	0.969818913481	G	0.0167491435097	17834	151	308	96	18389	112889
UNKNOWN	276	T	0.988253847409	G	0.0057099352874	67	44	105	18173	18389	112889
UNKNOWN	277	A	0.990972864212	C	0.00467670890206	18223	86	56	24	18389	112889
UNKNOWN	278	C	0.957909619881	T	0.0389363206265	39	17615	19	716	18389	112889
UNKNOWN	279	T	0.982000108761	G	0.00842895209092	81	95	155	18058	18389	112889
UNKNOWN	280	A	0.972864212301	C	0.0101147425091	17890	186	135	178	18389	112889
UNKNOWN	281	C	0.96748055903	T	0.0289303387895	33	17791	33	532	18389	112889
UNKNOWN	282	T	0.98118440372	G	0.0129425199848	72	36	238	18043	18389	112889
