Type	Position	Nucl1	Freq1	Nucl2	Freq2	NumAs	NumCs	NumGs	NumTs	NumAligned	NumNaive
UNKNOWN	0	C	1.0	A	0.0	0	18785	0	0	18785	112889
UNKNOWN	1	A	1.0	C	0.0	18785	0	0	0	18785	112889
UNKNOWN	2	G	1.0	A	0.0	0	0	18785	0	18785	112889
UNKNOWN	3	G	1.0	A	0.0	0	0	18785	0	18785	112889
UNKNOWN	4	T	1.0	A	0.0	0	0	0	18785	18785	112889
UNKNOWN	5	G	1.0	A	0.0	0	0	18785	0	18785	112889
UNKNOWN	6	C	1.0	A	0.0	0	18785	0	0	18785	112889
UNKNOWN	7	A	0.997444769763	G	0.0018631887144	18737	7	35	6	18785	112889
UNKNOWN	8	G	0.988182060154	A	0.00708011711472	133	88	18563	1	18785	112889
UNKNOWN	9	C	0.995847750865	G	0.00239552834709	0	18707	45	33	18785	112889
UNKNOWN	10	T	0.999148256588	C	0.00074527548576	1	14	1	18769	18785	112889
UNKNOWN	11	G	0.997178599947	A	0.00202289060421	38	9	18732	6	18785	112889
UNKNOWN	12	C	0.998136811286	T	0.00180995475113	0	18750	1	34	18785	112889
UNKNOWN	13	G	0.999148256588	A	0.000851743412297	16	0	18769	0	18785	112889
UNKNOWN	14	G	0.977056161831	C	0.0214532871972	22	403	18354	6	18785	112889
UNKNOWN	15	G	0.99968059622	A	0.000212935853074	4	2	18779	0	18785	112889
UNKNOWN	16	A	0.997817407506	G	0.00127761511845	18744	13	24	4	18785	112889
UNKNOWN	17	G	0.997178599947	A	0.00239552834709	45	5	18732	3	18785	112889
UNKNOWN	18	T	0.997178599947	G	0.00159701889806	4	19	30	18732	18785	112889
UNKNOWN	19	C	0.999520894331	T	0.000319403779611	2	18776	1	6	18785	112889
UNKNOWN	20	G	0.998935320735	A	0.000425871706149	8	8	18765	4	18785	112889
UNKNOWN	21	G	0.998722384882	C	0.000851743412297	5	16	18761	3	18785	112889
UNKNOWN	22	G	0.998882086771	A	0.000692041522491	13	7	18764	1	18785	112889
UNKNOWN	23	C	0.999201490551	T	0.00074527548576	0	18770	1	14	18785	112889
UNKNOWN	24	C	0.999787064147	T	0.000212935853074	0	18781	0	4	18785	112889
UNKNOWN	25	C	0.999574128294	T	0.00037263774288	0	18777	1	7	18785	112889
UNKNOWN	26	C	0.999467660367	A	0.000319403779611	6	18775	0	4	18785	112889
UNKNOWN	27	A	0.996859196167	G	0.00276816608997	18726	7	52	0	18785	112889
UNKNOWN	28	G	0.997178599947	A	0.00207612456747	39	13	18732	1	18785	112889
UNKNOWN	29	C	0.998509449028	T	0.00127761511845	2	18757	2	24	18785	112889
UNKNOWN	30	C	0.999254724514	T	0.00074527548576	0	18771	0	14	18785	112889
UNKNOWN	31	T	0.997817407506	C	0.00154378493479	2	29	10	18744	18785	112889
UNKNOWN	32	G	0.995581581049	A	0.00415224913495	78	3	18702	2	18785	112889
UNKNOWN	33	G	0.997338301837	A	0.00207612456747	39	3	18735	8	18785	112889
UNKNOWN	34	T	0.996273622571	C	0.00282140005323	7	53	10	18715	18785	112889
UNKNOWN	35	G	0.998456215065	A	0.0010114453021	19	8	18756	2	18785	112889
UNKNOWN	36	A	0.99755123769	C	0.00111791322864	18739	21	16	9	18785	112889
UNKNOWN	37	A	0.994942773489	G	0.00361990950226	18690	22	68	5	18785	112889
UNKNOWN	38	G	0.996167154645	A	0.00276816608997	52	18	18713	2	18785	112889
UNKNOWN	39	C	0.998190045249	T	0.00138408304498	1	18751	7	26	18785	112889
UNKNOWN	40	C	0.999627362257	G	0.000212935853074	0	18778	4	3	18785	112889
UNKNOWN	41	C	0.533564013841	G	0.462816076657	45	10023	8694	23	18785	112889
UNKNOWN	42	T	0.995900984828	C	0.00266169816343	11	50	16	18708	18785	112889
UNKNOWN	43	C	0.996699494277	T	0.00244876231035	10	18723	6	46	18785	112889
UNKNOWN	44	A	0.996007452755	G	0.00260846420016	18710	14	49	12	18785	112889
UNKNOWN	45	C	0.998615916955	A	0.000798509449028	15	18759	5	6	18785	112889
UNKNOWN	46	A	0.997657705616	G	0.00170348682459	18741	12	32	0	18785	112889
UNKNOWN	47	G	0.99755123769	A	0.00154378493479	29	12	18739	5	18785	112889
UNKNOWN	48	A	0.996273622571	G	0.00228906042055	18715	19	43	8	18785	112889
UNKNOWN	49	C	0.997710939579	T	0.00143731700825	4	18742	12	27	18785	112889
UNKNOWN	50	C	0.998988554698	T	0.000638807559223	1	18766	6	12	18785	112889
UNKNOWN	51	C	0.998828852808	T	0.000958211338834	0	18763	4	18	18785	112889
UNKNOWN	52	T	0.996859196167	C	0.00298110194304	0	56	3	18726	18785	112889
UNKNOWN	53	C	0.999095022624	T	0.000638807559223	1	18768	4	12	18785	112889
UNKNOWN	54	T	0.99755123769	C	0.0018631887144	3	35	8	18739	18785	112889
UNKNOWN	55	C	0.998882086771	G	0.000638807559223	1	18764	12	8	18785	112889
UNKNOWN	56	G	0.903007718925	C	0.0911365451158	87	1712	16963	23	18785	112889
UNKNOWN	57	C	0.998296513175	T	0.00143731700825	0	18753	5	27	18785	112889
UNKNOWN	58	T	0.99691243013	C	0.00292786797977	1	55	2	18727	18785	112889
UNKNOWN	59	C	0.998988554698	A	0.000585573595954	11	18766	0	8	18785	112889
UNKNOWN	60	A	0.9973915358	G	0.00154378493479	18736	13	29	7	18785	112889
UNKNOWN	61	C	0.998669150918	T	0.000638807559223	1	18760	12	12	18785	112889
UNKNOWN	62	C	0.997710939579	T	0.00212935853074	1	18742	2	40	18785	112889
UNKNOWN	63	T	0.997338301837	C	0.00165025286133	6	31	13	18735	18785	112889
UNKNOWN	64	G	0.998935320735	C	0.000638807559223	8	12	18765	0	18785	112889
UNKNOWN	65	C	0.99691243013	T	0.00239552834709	13	18727	0	45	18785	112889
UNKNOWN	66	A	0.995208943306	G	0.00298110194304	18695	19	56	15	18785	112889
UNKNOWN	67	C	0.997923875433	T	0.00127761511845	0	18746	15	24	18785	112889
UNKNOWN	68	G	0.995581581049	A	0.00383284535534	72	10	18702	1	18785	112889
UNKNOWN	69	G	0.986212403513	A	0.0122438115518	230	16	18526	13	18785	112889
UNKNOWN	70	C	0.953633217993	T	0.0461538461538	3	17914	1	867	18785	112889
UNKNOWN	71	C	0.992387543253	T	0.00425871706149	0	18642	63	80	18785	112889
UNKNOWN	72	T	0.996220388608	C	0.00314080383285	3	59	9	18714	18785	112889
UNKNOWN	73	C	0.999095022624	T	0.000851743412297	1	18768	0	16	18785	112889
UNKNOWN	74	T	0.996699494277	C	0.00159701889806	2	30	30	18723	18785	112889
UNKNOWN	75	G	0.995847750865	A	0.0037263774288	70	4	18707	4	18785	112889
UNKNOWN	76	G	0.965664093692	A	0.0300771892467	565	78	18140	2	18785	112889
UNKNOWN	77	A	0.993931328187	C	0.0027149321267	18671	51	19	44	18785	112889
UNKNOWN	78	T	0.993718392334	C	0.00330050572265	28	62	28	18667	18785	112889
UNKNOWN	79	T	0.995368645196	C	0.00351344157573	9	66	12	18698	18785	112889
UNKNOWN	80	C	0.990843758318	T	0.00638807559223	5	18613	47	120	18785	112889
UNKNOWN	81	T	0.995581581049	C	0.00346020761246	3	65	15	18702	18785	112889
UNKNOWN	82	C	0.998669150918	A	0.000798509449028	15	18760	0	10	18785	112889
UNKNOWN	83	A	0.990311418685	T	0.00729305296779	18603	11	34	137	18785	112889
UNKNOWN	84	T	0.994836305563	C	0.00436518498802	5	82	10	18688	18785	112889
UNKNOWN	85	T	0.996060686718	C	0.00212935853074	10	40	24	18711	18785	112889
UNKNOWN	86	G	0.516103273889	A	0.479584775087	9009	39	9695	42	18785	112889
UNKNOWN	87	A	0.994250731967	G	0.00409901517168	18677	27	77	4	18785	112889
UNKNOWN	88	G	0.977428799574	A	0.0143731700825	270	126	18361	28	18785	112889
UNKNOWN	89	C	0.989832313016	T	0.00718658504126	23	18594	33	135	18785	112889
UNKNOWN	90	G	0.966089965398	A	0.0306627628427	576	51	18148	10	18785	112889
UNKNOWN	91	A	0.982752195901	G	0.0135214266702	18461	58	254	12	18785	112889
UNKNOWN	92	C	0.984988022358	T	0.00974181527815	36	18503	63	183	18785	112889
UNKNOWN	93	A	0.945169017833	G	0.025765238222	17755	99	484	447	18785	112889
UNKNOWN	94	A	0.987277082779	G	0.00500399254725	18546	86	94	59	18785	112889
UNKNOWN	95	G	0.954059089699	T	0.0385946233697	97	41	17922	725	18785	112889
UNKNOWN	96	G	0.970774554166	A	0.0228373702422	429	104	18236	16	18785	112889
UNKNOWN	97	C	0.984562150652	G	0.00633484162896	62	18495	119	109	18785	112889
UNKNOWN	98	T	0.993984562151	G	0.00292786797977	16	42	55	18672	18785	112889
UNKNOWN	99	G	0.985786531807	A	0.0124567474048	234	4	18518	29	18785	112889
UNKNOWN	100	T	0.997764173543	C	0.00122438115518	18	23	1	18743	18785	112889
UNKNOWN	101	A	0.987383550705	G	0.00809156241682	18548	64	152	21	18785	112889
UNKNOWN	102	G	0.995049241416	A	0.00415224913495	78	9	18692	6	18785	112889
UNKNOWN	103	G	0.990204950759	A	0.00521692840032	98	71	18601	15	18785	112889
UNKNOWN	104	C	0.989672611126	T	0.0083044982699	5	18591	33	156	18785	112889
UNKNOWN	105	T	0.996965664094	C	0.00159701889806	2	30	25	18728	18785	112889
UNKNOWN	106	G	0.999467660367	A	0.000425871706149	8	2	18775	0	18785	112889
UNKNOWN	107	G	0.999361192441	A	0.00037263774288	7	4	18773	1	18785	112889
UNKNOWN	108	G	0.990630822465	A	0.00718658504126	135	20	18609	21	18785	112889
UNKNOWN	109	T	0.996433324461	C	0.00335373968592	1	63	3	18718	18785	112889
UNKNOWN	110	C	0.996805962204	T	0.0018631887144	25	18725	0	35	18785	112889
UNKNOWN	111	C	0.998349747139	G	0.00127761511845	2	18754	24	5	18785	112889
UNKNOWN	112	G	0.998083577322	C	0.00127761511845	10	24	18749	2	18785	112889
UNKNOWN	113	C	0.997657705616	T	0.00170348682459	11	18741	1	32	18785	112889
UNKNOWN	114	C	0.998136811286	A	0.00138408304498	26	18750	3	6	18785	112889
UNKNOWN	115	A	0.994197498004	G	0.0047378227309	18676	15	89	5	18785	112889
UNKNOWN	116	G	0.994729837636	C	0.00351344157573	32	66	18686	1	18785	112889
UNKNOWN	117	G	0.993558690445	A	0.00447165291456	84	34	18664	3	18785	112889
UNKNOWN	118	C	0.997444769763	T	0.00218259249401	2	18737	5	41	18785	112889
UNKNOWN	119	T	0.995368645196	C	0.00351344157573	4	66	17	18698	18785	112889
UNKNOWN	120	C	0.998509449028	T	0.0010114453021	7	18757	2	19	18785	112889
UNKNOWN	121	C	0.998296513175	A	0.00122438115518	23	18753	3	6	18785	112889
UNKNOWN	122	A	0.993186052702	G	0.00516369443705	18657	22	97	9	18785	112889
UNKNOWN	123	G	0.996699494277	A	0.00266169816343	50	7	18723	5	18785	112889
UNKNOWN	124	G	0.997657705616	A	0.0018631887144	35	8	18741	1	18785	112889
UNKNOWN	125	G	0.526483896726	A	0.47117380889	8851	39	9890	5	18785	112889
UNKNOWN	126	A	0.996699494277	C	0.00212935853074	18723	40	20	2	18785	112889
UNKNOWN	127	A	0.992653713069	G	0.00484429065744	18647	38	91	9	18785	112889
UNKNOWN	128	G	0.998988554698	C	0.000479105669417	6	9	18766	4	18785	112889
UNKNOWN	129	G	0.993878094224	A	0.00404578120841	76	39	18670	0	18785	112889
UNKNOWN	130	C	0.995155709343	T	0.00266169816343	4	18694	37	50	18785	112889
UNKNOWN	131	G	0.989992014906	A	0.00787862656375	148	36	18597	4	18785	112889
UNKNOWN	132	C	0.996805962204	T	0.00276816608997	2	18725	6	52	18785	112889
UNKNOWN	133	T	0.994570135747	C	0.00319403779611	5	60	37	18683	18785	112889
UNKNOWN	134	G	0.987223848816	A	0.0115517700293	217	3	18545	20	18785	112889
UNKNOWN	135	G	0.99707213202	A	0.00196965664094	37	16	18730	2	18785	112889
UNKNOWN	136	A	0.994197498004	G	0.00346020761246	18676	40	65	4	18785	112889
UNKNOWN	137	G	0.989512909236	A	0.00841096619643	158	7	18588	32	18785	112889
UNKNOWN	138	T	0.996326856534	C	0.00191642267767	1	36	32	18716	18785	112889
UNKNOWN	139	G	0.998935320735	A	0.000958211338834	18	1	18765	1	18785	112889
UNKNOWN	140	G	0.993132818738	C	0.00367314346553	17	69	18656	43	18785	112889
UNKNOWN	141	C	0.990843758318	G	0.00633484162896	12	18613	119	41	18785	112889
UNKNOWN	142	T	0.995528347085	C	0.00356667553899	3	67	14	18701	18785	112889
UNKNOWN	143	C	0.987596486558	T	0.0100079850945	11	18552	34	188	18785	112889
UNKNOWN	144	G	0.998828852808	A	0.000958211338834	18	1	18763	3	18785	112889
UNKNOWN	145	G	0.996433324461	T	0.00207612456747	5	23	18718	39	18785	112889
UNKNOWN	146	T	0.985839765771	A	0.00537663029013	101	77	88	18519	18785	112889
UNKNOWN	147	A	0.776470588235	G	0.21384083045	14586	89	4017	93	18785	112889
UNKNOWN	148	G	0.95650785201	A	0.023795581581	447	266	17968	104	18785	112889
UNKNOWN	149	T	0.986904445036	C	0.00702688315145	51	132	63	18539	18785	112889
UNKNOWN	150	A	0.946499866915	G	0.0464200159702	17780	66	872	67	18785	112889
UNKNOWN	151	T	0.993984562151	C	0.00292786797977	34	55	24	18672	18785	112889
UNKNOWN	152	A	0.980569603407	G	0.0102209209476	18420	106	192	67	18785	112889
UNKNOWN	153	G	0.971466595688	A	0.0199627362257	375	76	18249	85	18785	112889
UNKNOWN	154	A	0.979824327921	G	0.0138940644131	18406	109	261	9	18785	112889
UNKNOWN	155	C	0.971253659835	T	0.0217194570136	82	18245	50	408	18785	112889
UNKNOWN	156	A	0.974554165558	G	0.014479638009	18307	158	272	48	18785	112889
UNKNOWN	157	C	0.957040191642	G	0.0244876231035	91	17978	460	256	18785	112889
UNKNOWN	158	T	0.983923343093	G	0.00841096619643	18	126	158	18483	18785	112889
UNKNOWN	159	G	0.933670481767	A	0.0573329784402	1077	101	17539	68	18785	112889
UNKNOWN	160	G	0.935054564812	A	0.0397125365983	746	387	17565	87	18785	112889
UNKNOWN	161	T	0.976470588235	G	0.0119776417354	76	141	225	18343	18785	112889
UNKNOWN	162	G	0.98908703753	A	0.00920947564546	173	9	18580	23	18785	112889
UNKNOWN	163	G	0.983124833644	A	0.0152781474581	287	29	18468	1	18785	112889
UNKNOWN	164	A	0.983763641203	G	0.00878360393931	18480	72	165	68	18785	112889
UNKNOWN	165	A	0.985200958211	G	0.00952887942507	18507	89	179	10	18785	112889
UNKNOWN	166	G	0.822517966463	A	0.127655043918	2398	726	15451	210	18785	112889
UNKNOWN	167	C	0.930369976045	T	0.0462603140804	259	17477	180	869	18785	112889
UNKNOWN	168	A	0.982486026085	G	0.0102741549108	18456	104	193	32	18785	112889
UNKNOWN	169	C	0.979238754325	A	0.00894330582912	168	18395	81	141	18785	112889
UNKNOWN	170	A	0.985680063881	G	0.00590896992281	18516	108	111	50	18785	112889
UNKNOWN	171	G	0.987223848816	A	0.00569603406974	107	55	18545	78	18785	112889
UNKNOWN	172	G	0.949853606601	A	0.0347617780144	653	206	17843	83	18785	112889
UNKNOWN	173	C	0.981421346819	T	0.0102741549108	48	18436	108	193	18785	112889
UNKNOWN	174	T	0.978227309023	C	0.0169816342827	52	319	38	18376	18785	112889
UNKNOWN	175	A	0.97833377695	T	0.0171945701357	18378	54	30	323	18785	112889
UNKNOWN	176	T	0.982432792121	C	0.0142134681927	43	267	20	18455	18785	112889
UNKNOWN	177	A	0.996060686718	C	0.00292786797977	18711	55	13	6	18785	112889
UNKNOWN	178	A	0.992068139473	C	0.00383284535534	18636	72	66	11	18785	112889
UNKNOWN	179	C	0.919936119244	T	0.073729039127	47	17281	72	1385	18785	112889
UNKNOWN	180	C	0.984508916689	T	0.00889007186585	33	18494	91	167	18785	112889
UNKNOWN	181	C	0.990737290391	T	0.00569603406974	45	18611	22	107	18785	112889
UNKNOWN	182	A	0.982219856268	G	0.00835773223316	18451	108	157	69	18785	112889
UNKNOWN	183	G	0.992919882885	A	0.00415224913495	78	36	18652	19	18785	112889
UNKNOWN	184	G	0.939260047911	C	0.0410966196433	289	772	17644	80	18785	112889
UNKNOWN	185	C	0.996486558424	T	0.00170348682459	17	18719	17	32	18785	112889
UNKNOWN	186	C	0.996486558424	T	0.00250199627362	12	18719	7	47	18785	112889
UNKNOWN	187	T	0.994357199894	G	0.00330050572265	9	35	62	18679	18785	112889
UNKNOWN	188	G	0.985733297844	A	0.0108064945435	203	31	18517	34	18785	112889
UNKNOWN	189	A	0.98908703753	C	0.00734628693106	18580	138	52	15	18785	112889
UNKNOWN	190	A	0.993452222518	C	0.00436518498802	18662	82	29	12	18785	112889
UNKNOWN	191	A	0.992440777216	C	0.00303433590631	18643	57	49	36	18785	112889
UNKNOWN	192	T	0.993186052702	C	0.00308756986958	31	58	39	18657	18785	112889
UNKNOWN	193	C	0.994357199894	A	0.00298110194304	56	18679	6	44	18785	112889
UNKNOWN	194	C	0.98924673942	A	0.00500399254725	94	18583	36	72	18785	112889
UNKNOWN	195	C	0.996859196167	G	0.00180995475113	7	18726	34	18	18785	112889
UNKNOWN	196	G	0.994676603673	C	0.0027149321267	40	51	18685	9	18785	112889
UNKNOWN	197	G	0.943731700825	A	0.0466329518233	876	90	17728	91	18785	112889
UNKNOWN	198	C	0.9947830716	T	0.00298110194304	20	18687	22	56	18785	112889
UNKNOWN	199	T	0.99137609795	C	0.00484429065744	21	91	50	18623	18785	112889
UNKNOWN	200	C	0.993345754591	A	0.00399254724514	75	18660	10	40	18785	112889
UNKNOWN	201	A	0.989779079052	G	0.00574926803301	18593	76	108	8	18785	112889
UNKNOWN	202	G	0.971785999468	C	0.0177269097684	112	333	18255	85	18785	112889
UNKNOWN	203	C	0.958903380357	T	0.0309821666223	103	18013	87	582	18785	112889
UNKNOWN	204	A	0.983124833644	G	0.00713335107799	18468	133	134	50	18785	112889
UNKNOWN	205	T	0.992706947032	C	0.00393931328187	23	74	40	18648	18785	112889
UNKNOWN	206	C	0.981900452489	T	0.0100079850945	132	18445	20	188	18785	112889
UNKNOWN	207	A	0.985307426138	C	0.00793186052702	18509	149	83	44	18785	112889
UNKNOWN	208	C	0.98355070535	A	0.00574926803301	108	18476	94	107	18785	112889
UNKNOWN	209	C	0.982379558158	T	0.00628160766569	101	18454	112	118	18785	112889
UNKNOWN	210	A	0.925951557093	C	0.0706947032207	17394	1328	52	11	18785	112889
UNKNOWN	211	A	0.982752195901	C	0.00952887942507	18461	179	134	11	18785	112889
UNKNOWN	212	G	0.982645727974	A	0.012882619111	242	56	18459	28	18785	112889
UNKNOWN	213	G	0.993665158371	A	0.00489752462071	92	14	18666	13	18785	112889
UNKNOWN	214	A	0.987117380889	C	0.00825126430663	18543	155	64	23	18785	112889
UNKNOWN	215	C	0.981474580783	T	0.0100612190578	69	18437	90	189	18785	112889
UNKNOWN	216	A	0.985307426138	C	0.0103806228374	18509	195	68	13	18785	112889
UNKNOWN	217	A	0.98110194304	C	0.00926270960873	18430	174	145	36	18785	112889
UNKNOWN	218	C	0.97801437317	T	0.0148522757519	25	18372	109	279	18785	112889
UNKNOWN	219	T	0.988075592228	G	0.00537663029013	46	77	101	18561	18785	112889
UNKNOWN	220	C	0.993239286665	A	0.00431195102475	81	18658	7	39	18785	112889
UNKNOWN	221	C	0.993931328187	T	0.00314080383285	51	18671	4	59	18785	112889
UNKNOWN	222	A	0.959063082246	C	0.0327921213734	18016	616	148	5	18785	112889
UNKNOWN	223	A	0.980409901517	G	0.0135214266702	18417	91	254	23	18785	112889
UNKNOWN	224	G	0.990737290391	A	0.0055895661432	105	45	18611	24	18785	112889
UNKNOWN	225	A	0.981527814746	G	0.0101676869843	18438	148	191	8	18785	112889
UNKNOWN	226	G	0.961937716263	A	0.0276816608997	520	160	18070	35	18785	112889
UNKNOWN	227	C	0.968272557892	T	0.0249134948097	47	18189	81	468	18785	112889
UNKNOWN	228	C	0.989140271493	G	0.0076124567474	55	18581	143	6	18785	112889
UNKNOWN	229	A	0.990630822465	C	0.00542986425339	18609	102	59	15	18785	112889
UNKNOWN	230	A	0.98387010913	G	0.012882619111	18482	46	242	15	18785	112889
UNKNOWN	231	G	0.981900452489	A	0.0129358530743	243	36	18445	61	18785	112889
UNKNOWN	232	T	0.992227841363	C	0.00521692840032	18	98	30	18639	18785	112889
UNKNOWN	233	C	0.973436252329	T	0.0140537663029	25	18286	210	264	18785	112889
UNKNOWN	234	T	0.989353207346	C	0.00521692840032	34	98	68	18585	18785	112889
UNKNOWN	235	C	0.991429331914	T	0.00755922278414	16	18624	3	142	18785	112889
UNKNOWN	236	T	0.98046313548	G	0.0094756454618	66	123	178	18418	18785	112889
UNKNOWN	237	C	0.989140271493	T	0.0083044982699	14	18581	34	156	18785	112889
UNKNOWN	238	T	0.995155709343	G	0.00298110194304	6	29	56	18694	18785	112889
UNKNOWN	239	G	0.94820335374	A	0.0387010912962	727	158	17812	88	18785	112889
UNKNOWN	240	T	0.988554697897	A	0.00415224913495	78	67	70	18570	18785	112889
UNKNOWN	241	C	0.98339100346	T	0.0134681927069	53	18473	6	253	18785	112889
UNKNOWN	242	A	0.982166622305	G	0.00963534735161	18450	80	181	74	18785	112889
UNKNOWN	243	G	0.883790258185	A	0.0626031408038	1176	925	16602	82	18785	112889
UNKNOWN	244	T	0.99462336971	G	0.00314080383285	13	29	59	18684	18785	112889
UNKNOWN	245	G	0.961671546447	A	0.0186851211073	351	265	18065	104	18785	112889
UNKNOWN	246	A	0.980729305297	G	0.0146393398989	18423	71	275	16	18785	112889
UNKNOWN	247	G	0.944157572531	A	0.0407239819005	765	142	17736	142	18785	112889
UNKNOWN	248	C	0.97247804099	T	0.0168751663561	121	18268	79	317	18785	112889
UNKNOWN	249	A	0.985254192175	G	0.0120308756987	18508	44	226	7	18785	112889
UNKNOWN	250	G	0.985946233697	C	0.00995475113122	56	187	18521	21	18785	112889
UNKNOWN	251	C	0.990950226244	T	0.00495075858398	13	18615	64	93	18785	112889
UNKNOWN	252	G	0.988714399787	A	0.0064413095555	121	37	18573	54	18785	112889
UNKNOWN	253	T	0.992121373436	C	0.00393931328187	16	74	58	18637	18785	112889
UNKNOWN	254	G	0.954165557626	A	0.0236891136545	445	100	17924	316	18785	112889
UNKNOWN	255	A	0.980729305297	G	0.0111791322864	18423	61	210	91	18785	112889
UNKNOWN	256	C	0.990364652648	A	0.00404578120841	76	18604	47	58	18785	112889
UNKNOWN	257	A	0.969443705084	G	0.0208677136013	18211	137	392	45	18785	112889
UNKNOWN	258	A	0.913760979505	C	0.066010114453	17165	1240	335	45	18785	112889
UNKNOWN	259	C	0.959222784136	G	0.0215065211605	48	18019	404	314	18785	112889
UNKNOWN	260	T	0.961032738887	C	0.0234229438382	60	440	232	18053	18785	112889
UNKNOWN	261	G	0.989992014906	A	0.00654777748203	123	27	18597	38	18785	112889
UNKNOWN	262	A	0.988075592228	G	0.00580250199627	18561	92	109	23	18785	112889
UNKNOWN	263	G	0.961618312483	A	0.0194836305563	366	240	18064	115	18785	112889
UNKNOWN	264	G	0.991322863987	A	0.00537663029013	101	18	18622	44	18785	112889
UNKNOWN	265	A	0.989779079052	C	0.00452488687783	18593	85	73	34	18785	112889
UNKNOWN	266	C	0.967367580516	T	0.0252861325526	81	18172	57	475	18785	112889
UNKNOWN	267	T	0.878360393931	A	0.105722651051	1986	76	223	16500	18785	112889
UNKNOWN	268	C	0.991801969657	G	0.00383284535534	57	18631	72	25	18785	112889
UNKNOWN	269	G	0.978759648656	A	0.0141070002662	265	60	18386	74	18785	112889
UNKNOWN	270	G	0.991003460208	A	0.00356667553899	67	63	18616	39	18785	112889
UNKNOWN	271	C	0.985680063881	A	0.00734628693106	138	18516	98	33	18785	112889
UNKNOWN	272	C	0.989140271493	A	0.00654777748203	123	18581	23	58	18785	112889
UNKNOWN	273	A	0.991003460208	G	0.00404578120841	18616	65	76	28	18785	112889
UNKNOWN	274	C	0.984136278946	A	0.00676071333511	127	18487	89	82	18785	112889
UNKNOWN	275	A	0.971147191908	G	0.0140005323396	18243	139	263	140	18785	112889
UNKNOWN	276	T	0.988235294118	G	0.00532339632686	81	40	100	18564	18785	112889
UNKNOWN	277	A	0.989299973383	C	0.00489752462071	18584	92	60	49	18785	112889
UNKNOWN	278	C	0.958211338834	T	0.037263774288	56	18000	29	700	18785	112889
UNKNOWN	279	T	0.979611392068	C	0.00910300771892	85	171	127	18402	18785	112889
UNKNOWN	280	A	0.977215863721	T	0.0103273888741	18357	130	104	194	18785	112889
UNKNOWN	281	C	0.972052169284	T	0.024966728773	30	18260	26	469	18785	112889
UNKNOWN	282	T	0.98371040724	G	0.00979504924142	67	55	184	18479	18785	112889
UNKNOWN	283	G	0.990471120575	T	0.00527016236359	58	22	18606	99	18785	112889
UNKNOWN	284	T	0.946340165025	C	0.0446632951823	73	839	96	17777	18785	112889
UNKNOWN	285	A	0.793718392334	G	0.179930795848	14910	154	3380	341	18785	112889
UNKNOWN	286	C	0.858557359595	G	0.0632419483631	447	16128	1188	1022	18785	112889
UNKNOWN	287	T	0.781421346819	A	0.0974181527815	1830	756	1520	14679	18785	112889
UNKNOWN	288	A	0.89023156774	G	0.063827521959	16723	257	1199	606	18785	112889
UNKNOWN	289	C	0.840085174341	A	0.0912430130423	1714	15781	916	374	18785	112889
UNKNOWN	290	T	0.834389140271	A	0.0820867713601	1542	336	1233	15674	18785	112889
