Type	Position	Nucl1	Freq1	Nucl2	Freq2	NumAs	NumCs	NumGs	NumTs	NumAligned	NumNaive
UNKNOWN	0	A	1.0	C	0.0	416	0	0	0	416	112889
UNKNOWN	1	A	1.0	C	0.0	416	0	0	0	416	112889
UNKNOWN	2	G	1.0	A	0.0	0	0	416	0	416	112889
UNKNOWN	3	G	1.0	A	0.0	0	0	416	0	416	112889
UNKNOWN	4	T	1.0	A	0.0	0	0	0	416	416	112889
UNKNOWN	5	G	1.0	A	0.0	0	0	416	0	416	112889
UNKNOWN	6	C	1.0	A	0.0	0	416	0	0	416	112889
UNKNOWN	7	A	1.0	C	0.0	416	0	0	0	416	112889
UNKNOWN	8	G	0.995192307692	A	0.00480769230769	2	0	414	0	416	112889
UNKNOWN	9	C	1.0	A	0.0	0	416	0	0	416	112889
UNKNOWN	10	T	1.0	A	0.0	0	0	0	416	416	112889
UNKNOWN	11	G	1.0	A	0.0	0	0	416	0	416	112889
UNKNOWN	12	C	0.997596153846	T	0.00240384615385	0	415	0	1	416	112889
UNKNOWN	13	A	0.776442307692	G	0.206730769231	323	7	86	0	416	112889
UNKNOWN	14	G	0.971153846154	C	0.0288461538462	0	12	404	0	416	112889
UNKNOWN	15	G	1.0	A	0.0	0	0	416	0	416	112889
UNKNOWN	16	A	0.997596153846	G	0.00240384615385	415	0	1	0	416	112889
UNKNOWN	17	G	1.0	A	0.0	0	0	416	0	416	112889
UNKNOWN	18	T	1.0	A	0.0	0	0	0	416	416	112889
UNKNOWN	19	C	1.0	A	0.0	0	416	0	0	416	112889
UNKNOWN	20	G	1.0	A	0.0	0	0	416	0	416	112889
UNKNOWN	21	G	1.0	A	0.0	0	0	416	0	416	112889
UNKNOWN	22	G	1.0	A	0.0	0	0	416	0	416	112889
UNKNOWN	23	C	0.954326923077	T	0.0456730769231	0	397	0	19	416	112889
UNKNOWN	24	C	1.0	A	0.0	0	416	0	0	416	112889
UNKNOWN	25	C	1.0	A	0.0	0	416	0	0	416	112889
UNKNOWN	26	C	0.997596153846	A	0.00240384615385	1	415	0	0	416	112889
UNKNOWN	27	A	0.990384615385	T	0.00480769230769	412	0	2	2	416	112889
UNKNOWN	28	G	0.997596153846	C	0.00240384615385	0	1	415	0	416	112889
UNKNOWN	29	C	1.0	A	0.0	0	416	0	0	416	112889
UNKNOWN	30	C	0.997596153846	T	0.00240384615385	0	415	0	1	416	112889
UNKNOWN	31	T	0.997596153846	G	0.00240384615385	0	0	1	415	416	112889
UNKNOWN	32	G	1.0	A	0.0	0	0	416	0	416	112889
UNKNOWN	33	G	0.995192307692	A	0.00240384615385	1	0	414	1	416	112889
UNKNOWN	34	T	0.995192307692	C	0.00240384615385	0	1	1	414	416	112889
UNKNOWN	35	G	0.997596153846	A	0.00240384615385	1	0	415	0	416	112889
UNKNOWN	36	A	0.997596153846	C	0.00240384615385	415	1	0	0	416	112889
UNKNOWN	37	A	0.990384615385	T	0.00480769230769	412	1	1	2	416	112889
UNKNOWN	38	G	0.997596153846	C	0.00240384615385	0	1	415	0	416	112889
UNKNOWN	39	C	1.0	A	0.0	0	416	0	0	416	112889
UNKNOWN	40	C	1.0	A	0.0	0	416	0	0	416	112889
UNKNOWN	41	C	0.997596153846	T	0.00240384615385	0	415	0	1	416	112889
UNKNOWN	42	T	0.992788461538	C	0.00721153846154	0	3	0	413	416	112889
UNKNOWN	43	C	0.997596153846	A	0.00240384615385	1	415	0	0	416	112889
UNKNOWN	44	A	0.997596153846	C	0.00240384615385	415	1	0	0	416	112889
UNKNOWN	45	C	0.990384615385	G	0.00480769230769	1	412	2	1	416	112889
UNKNOWN	46	A	0.995192307692	G	0.00480769230769	414	0	2	0	416	112889
UNKNOWN	47	G	0.992788461538	A	0.00721153846154	3	0	413	0	416	112889
UNKNOWN	48	A	0.997596153846	C	0.00240384615385	415	1	0	0	416	112889
UNKNOWN	49	C	1.0	A	0.0	0	416	0	0	416	112889
UNKNOWN	50	C	1.0	A	0.0	0	416	0	0	416	112889
UNKNOWN	51	C	0.995192307692	T	0.00480769230769	0	414	0	2	416	112889
UNKNOWN	52	T	0.992788461538	C	0.00721153846154	0	3	0	413	416	112889
UNKNOWN	53	C	0.997596153846	T	0.00240384615385	0	415	0	1	416	112889
UNKNOWN	54	T	0.997596153846	C	0.00240384615385	0	1	0	415	416	112889
UNKNOWN	55	C	1.0	A	0.0	0	416	0	0	416	112889
UNKNOWN	56	C	0.995192307692	T	0.00480769230769	0	414	0	2	416	112889
UNKNOWN	57	C	0.995192307692	A	0.00240384615385	1	414	0	1	416	112889
UNKNOWN	58	T	0.997596153846	C	0.00240384615385	0	1	0	415	416	112889
UNKNOWN	59	C	0.997596153846	A	0.00240384615385	1	415	0	0	416	112889
UNKNOWN	60	A	0.997596153846	C	0.00240384615385	415	1	0	0	416	112889
UNKNOWN	61	C	1.0	A	0.0	0	416	0	0	416	112889
UNKNOWN	62	C	0.932692307692	G	0.0480769230769	0	388	20	8	416	112889
UNKNOWN	63	T	0.992788461538	C	0.00480769230769	0	2	1	413	416	112889
UNKNOWN	64	G	0.997596153846	C	0.00240384615385	0	1	415	0	416	112889
UNKNOWN	65	C	0.997596153846	A	0.00240384615385	1	415	0	0	416	112889
UNKNOWN	66	A	0.997596153846	C	0.00240384615385	415	1	0	0	416	112889
UNKNOWN	67	C	0.997596153846	G	0.00240384615385	0	415	1	0	416	112889
UNKNOWN	68	G	0.997596153846	A	0.00240384615385	1	0	415	0	416	112889
UNKNOWN	69	A	0.975961538462	G	0.0216346153846	406	1	9	0	416	112889
UNKNOWN	70	C	0.985576923077	T	0.0144230769231	0	410	0	6	416	112889
UNKNOWN	71	C	0.990384615385	T	0.00721153846154	0	412	1	3	416	112889
UNKNOWN	72	T	0.997596153846	C	0.00240384615385	0	1	0	415	416	112889
UNKNOWN	73	C	0.997596153846	T	0.00240384615385	0	415	0	1	416	112889
UNKNOWN	74	T	0.995192307692	C	0.00240384615385	0	1	1	414	416	112889
UNKNOWN	75	G	0.995192307692	A	0.00480769230769	2	0	414	0	416	112889
UNKNOWN	76	G	0.997596153846	A	0.00240384615385	1	0	415	0	416	112889
UNKNOWN	77	A	0.990384615385	T	0.00480769230769	412	1	1	2	416	112889
UNKNOWN	78	T	0.995192307692	C	0.00240384615385	0	1	1	414	416	112889
UNKNOWN	79	T	0.997596153846	C	0.00240384615385	0	1	0	415	416	112889
UNKNOWN	80	C	0.997596153846	T	0.00240384615385	0	415	0	1	416	112889
UNKNOWN	81	T	0.992788461538	C	0.00721153846154	0	3	0	413	416	112889
UNKNOWN	82	C	0.997596153846	A	0.00240384615385	1	415	0	0	416	112889
UNKNOWN	83	A	0.997596153846	T	0.00240384615385	415	0	0	1	416	112889
UNKNOWN	84	T	1.0	A	0.0	0	0	0	416	416	112889
UNKNOWN	85	T	0.997596153846	G	0.00240384615385	0	0	1	415	416	112889
UNKNOWN	86	G	0.995192307692	A	0.00480769230769	2	0	414	0	416	112889
UNKNOWN	87	A	0.997596153846	C	0.00240384615385	415	1	0	0	416	112889
UNKNOWN	88	C	0.980769230769	G	0.0168269230769	0	408	7	1	416	112889
UNKNOWN	89	C	0.995192307692	A	0.00480769230769	2	414	0	0	416	112889
UNKNOWN	90	A	0.983173076923	G	0.00961538461538	409	3	4	0	416	112889
UNKNOWN	91	G	0.75	C	0.180288461538	29	75	312	0	416	112889
UNKNOWN	92	C	0.990384615385	T	0.00480769230769	1	412	1	2	416	112889
UNKNOWN	93	T	0.990384615385	A	0.00480769230769	2	1	1	412	416	112889
UNKNOWN	94	A	0.992788461538	T	0.00480769230769	413	1	0	2	416	112889
UNKNOWN	95	T	0.990384615385	G	0.00961538461538	0	0	4	412	416	112889
UNKNOWN	96	G	0.978365384615	A	0.0168269230769	7	2	407	0	416	112889
UNKNOWN	97	G	0.918269230769	A	0.0360576923077	15	13	382	6	416	112889
UNKNOWN	98	T	0.985576923077	C	0.00961538461538	0	4	2	410	416	112889
UNKNOWN	99	G	0.990384615385	A	0.00721153846154	3	0	412	1	416	112889
UNKNOWN	100	T	0.995192307692	A	0.00240384615385	1	1	0	414	416	112889
UNKNOWN	101	A	0.995192307692	C	0.00240384615385	414	1	1	0	416	112889
UNKNOWN	102	A	0.956730769231	G	0.0336538461538	398	4	14	0	416	112889
UNKNOWN	103	G	0.9375	A	0.0504807692308	21	5	390	0	416	112889
UNKNOWN	104	C	0.997596153846	T	0.00240384615385	0	415	0	1	416	112889
UNKNOWN	105	T	0.997596153846	G	0.00240384615385	0	0	1	415	416	112889
UNKNOWN	106	G	0.997596153846	A	0.00240384615385	1	0	415	0	416	112889
UNKNOWN	107	G	1.0	A	0.0	0	0	416	0	416	112889
UNKNOWN	108	G	0.990384615385	C	0.00721153846154	0	3	412	1	416	112889
UNKNOWN	109	T	0.992788461538	C	0.00721153846154	0	3	0	413	416	112889
UNKNOWN	110	C	1.0	A	0.0	0	416	0	0	416	112889
UNKNOWN	111	C	0.995192307692	T	0.00240384615385	0	414	1	1	416	112889
UNKNOWN	112	G	0.992788461538	A	0.00480769230769	2	1	413	0	416	112889
UNKNOWN	113	C	0.997596153846	A	0.00240384615385	1	415	0	0	416	112889
UNKNOWN	114	C	0.997596153846	A	0.00240384615385	1	415	0	0	416	112889
UNKNOWN	115	A	0.995192307692	G	0.00480769230769	414	0	2	0	416	112889
UNKNOWN	116	G	0.997596153846	A	0.00240384615385	1	0	415	0	416	112889
UNKNOWN	117	G	0.995192307692	A	0.00240384615385	1	1	414	0	416	112889
UNKNOWN	118	C	0.997596153846	T	0.00240384615385	0	415	0	1	416	112889
UNKNOWN	119	T	0.997596153846	C	0.00240384615385	0	1	0	415	416	112889
UNKNOWN	120	C	0.997596153846	T	0.00240384615385	0	415	0	1	416	112889
UNKNOWN	121	C	0.997596153846	A	0.00240384615385	1	415	0	0	416	112889
UNKNOWN	122	A	0.992788461538	C	0.00240384615385	413	1	1	1	416	112889
UNKNOWN	123	G	0.997596153846	A	0.00240384615385	1	0	415	0	416	112889
UNKNOWN	124	G	0.997596153846	A	0.00240384615385	1	0	415	0	416	112889
UNKNOWN	125	A	0.930288461538	G	0.0697115384615	387	0	29	0	416	112889
UNKNOWN	126	A	1.0	C	0.0	416	0	0	0	416	112889
UNKNOWN	127	A	0.990384615385	G	0.00721153846154	412	1	3	0	416	112889
UNKNOWN	128	G	1.0	A	0.0	0	0	416	0	416	112889
UNKNOWN	129	G	0.997596153846	C	0.00240384615385	0	1	415	0	416	112889
UNKNOWN	130	C	0.995192307692	G	0.00480769230769	0	414	2	0	416	112889
UNKNOWN	131	G	0.997596153846	C	0.00240384615385	0	1	415	0	416	112889
UNKNOWN	132	C	0.995192307692	T	0.00480769230769	0	414	0	2	416	112889
UNKNOWN	133	T	0.995192307692	C	0.00240384615385	0	1	1	414	416	112889
UNKNOWN	134	G	1.0	A	0.0	0	0	416	0	416	112889
UNKNOWN	135	G	0.992788461538	A	0.00480769230769	2	1	413	0	416	112889
UNKNOWN	136	A	0.995192307692	C	0.00240384615385	414	1	1	0	416	112889
UNKNOWN	137	G	0.995192307692	A	0.00240384615385	1	0	414	1	416	112889
UNKNOWN	138	T	0.995192307692	A	0.00240384615385	1	0	1	414	416	112889
UNKNOWN	139	G	1.0	A	0.0	0	0	416	0	416	112889
UNKNOWN	140	G	0.975961538462	C	0.0240384615385	0	10	406	0	416	112889
UNKNOWN	141	C	0.997596153846	T	0.00240384615385	0	415	0	1	416	112889
UNKNOWN	142	T	0.992788461538	C	0.00480769230769	0	2	1	413	416	112889
UNKNOWN	143	C	0.995192307692	T	0.00240384615385	0	414	1	1	416	112889
UNKNOWN	144	G	1.0	A	0.0	0	0	416	0	416	112889
UNKNOWN	145	G	0.997596153846	T	0.00240384615385	0	0	415	1	416	112889
UNKNOWN	146	T	0.992788461538	C	0.00480769230769	0	2	1	413	416	112889
UNKNOWN	147	G	0.980769230769	A	0.00961538461538	4	4	408	0	416	112889
UNKNOWN	148	G	0.978365384615	A	0.0120192307692	5	3	407	1	416	112889
UNKNOWN	149	T	0.985576923077	C	0.00721153846154	1	3	2	410	416	112889
UNKNOWN	150	A	0.987980769231	G	0.00961538461538	411	0	4	1	416	112889
UNKNOWN	151	T	0.997596153846	A	0.00240384615385	1	0	0	415	416	112889
UNKNOWN	152	A	0.980769230769	G	0.0144230769231	408	0	6	2	416	112889
UNKNOWN	153	G	0.927884615385	A	0.0360576923077	15	15	386	0	416	112889
UNKNOWN	154	A	0.949519230769	G	0.0432692307692	395	2	18	1	416	112889
UNKNOWN	155	T	0.956730769231	C	0.0288461538462	2	12	4	398	416	112889
UNKNOWN	156	A	0.848557692308	G	0.146634615385	353	1	61	1	416	112889
UNKNOWN	157	G	0.983173076923	A	0.00721153846154	3	3	409	1	416	112889
UNKNOWN	158	T	0.978365384615	C	0.0168269230769	1	7	1	407	416	112889
UNKNOWN	159	G	0.963942307692	A	0.0216346153846	9	6	401	0	416	112889
UNKNOWN	160	G	0.966346153846	T	0.0144230769231	3	5	402	6	416	112889
UNKNOWN	161	T	0.990384615385	C	0.00480769230769	0	2	2	412	416	112889
UNKNOWN	162	G	1.0	A	0.0	0	0	416	0	416	112889
UNKNOWN	163	G	0.997596153846	A	0.00240384615385	1	0	415	0	416	112889
UNKNOWN	164	A	0.990384615385	G	0.00961538461538	412	0	4	0	416	112889
UNKNOWN	165	A	0.978365384615	G	0.0216346153846	407	0	9	0	416	112889
UNKNOWN	166	G	0.935096153846	C	0.03125	8	13	389	6	416	112889
UNKNOWN	167	C	0.901442307692	T	0.0600961538462	13	375	3	25	416	112889
UNKNOWN	168	A	0.992788461538	C	0.00721153846154	413	3	0	0	416	112889
UNKNOWN	169	C	0.980769230769	T	0.0120192307692	2	408	1	5	416	112889
UNKNOWN	170	A	0.997596153846	G	0.00240384615385	415	0	1	0	416	112889
UNKNOWN	171	G	0.983173076923	C	0.0144230769231	1	6	409	0	416	112889
UNKNOWN	172	G	0.927884615385	A	0.0673076923077	28	2	386	0	416	112889
UNKNOWN	173	C	0.987980769231	T	0.0120192307692	0	411	0	5	416	112889
UNKNOWN	174	T	0.997596153846	A	0.00240384615385	1	0	0	415	416	112889
UNKNOWN	175	A	0.995192307692	T	0.00240384615385	414	0	1	1	416	112889
UNKNOWN	176	T	0.990384615385	C	0.00721153846154	1	3	0	412	416	112889
UNKNOWN	177	A	0.997596153846	G	0.00240384615385	415	0	1	0	416	112889
UNKNOWN	178	A	0.992788461538	C	0.00480769230769	413	2	1	0	416	112889
UNKNOWN	179	C	0.990384615385	T	0.00721153846154	0	412	1	3	416	112889
UNKNOWN	180	C	0.997596153846	T	0.00240384615385	0	415	0	1	416	112889
UNKNOWN	181	C	0.995192307692	A	0.00480769230769	2	414	0	0	416	112889
UNKNOWN	182	A	0.980769230769	G	0.0168269230769	408	1	7	0	416	112889
UNKNOWN	183	G	1.0	A	0.0	0	0	416	0	416	112889
UNKNOWN	184	G	0.920673076923	C	0.0697115384615	3	29	383	1	416	112889
UNKNOWN	185	C	0.995192307692	G	0.00480769230769	0	414	2	0	416	112889
UNKNOWN	186	C	0.995192307692	T	0.00480769230769	0	414	0	2	416	112889
UNKNOWN	187	T	0.992788461538	G	0.00480769230769	0	1	2	413	416	112889
UNKNOWN	188	G	0.992788461538	A	0.00480769230769	2	0	413	1	416	112889
UNKNOWN	189	A	0.995192307692	C	0.00240384615385	414	1	0	1	416	112889
UNKNOWN	190	A	0.995192307692	C	0.00240384615385	414	1	1	0	416	112889
UNKNOWN	191	A	0.995192307692	T	0.00480769230769	414	0	0	2	416	112889
UNKNOWN	192	T	0.992788461538	C	0.00480769230769	0	2	1	413	416	112889
UNKNOWN	193	C	0.860576923077	T	0.137019230769	0	358	1	57	416	112889
UNKNOWN	194	C	0.990384615385	A	0.00721153846154	3	412	0	1	416	112889
UNKNOWN	195	A	0.84375	C	0.149038461538	351	62	3	0	416	112889
UNKNOWN	196	G	0.995192307692	A	0.00480769230769	2	0	414	0	416	112889
UNKNOWN	197	G	0.990384615385	A	0.00480769230769	2	2	412	0	416	112889
UNKNOWN	198	C	0.992788461538	T	0.00480769230769	0	413	1	2	416	112889
UNKNOWN	199	T	0.992788461538	C	0.00721153846154	0	3	0	413	416	112889
UNKNOWN	200	C	0.995192307692	A	0.00480769230769	2	414	0	0	416	112889
UNKNOWN	201	A	0.995192307692	G	0.00480769230769	414	0	2	0	416	112889
UNKNOWN	202	G	0.992788461538	T	0.00480769230769	0	1	413	2	416	112889
UNKNOWN	203	T	0.807692307692	C	0.168269230769	2	70	8	336	416	112889
UNKNOWN	204	A	0.983173076923	C	0.00961538461538	409	4	1	2	416	112889
UNKNOWN	205	T	0.987980769231	C	0.00961538461538	0	4	1	411	416	112889
UNKNOWN	206	C	0.992788461538	A	0.00721153846154	3	413	0	0	416	112889
UNKNOWN	207	A	0.980769230769	C	0.00961538461538	408	4	2	2	416	112889
UNKNOWN	208	C	0.995192307692	G	0.00480769230769	0	414	2	0	416	112889
UNKNOWN	209	C	0.992788461538	A	0.00480769230769	2	413	0	1	416	112889
UNKNOWN	210	A	0.987980769231	G	0.00721153846154	411	2	3	0	416	112889
UNKNOWN	211	G	0.853365384615	A	0.139423076923	58	0	355	3	416	112889
UNKNOWN	212	G	0.987980769231	A	0.00721153846154	3	2	411	0	416	112889
UNKNOWN	213	G	0.992788461538	A	0.00480769230769	2	1	413	0	416	112889
UNKNOWN	214	A	0.992788461538	C	0.00480769230769	413	2	1	0	416	112889
UNKNOWN	215	C	0.980769230769	T	0.00961538461538	2	408	2	4	416	112889
UNKNOWN	216	A	1.0	C	0.0	416	0	0	0	416	112889
UNKNOWN	217	A	0.992788461538	C	0.00480769230769	413	2	1	0	416	112889
UNKNOWN	218	C	0.987980769231	T	0.0120192307692	0	411	0	5	416	112889
UNKNOWN	219	T	0.985576923077	A	0.00480769230769	2	2	2	410	416	112889
UNKNOWN	220	C	0.997596153846	A	0.00240384615385	1	415	0	0	416	112889
UNKNOWN	221	C	0.992788461538	A	0.00480769230769	2	413	0	1	416	112889
UNKNOWN	222	A	0.997596153846	T	0.00240384615385	415	0	0	1	416	112889
UNKNOWN	223	A	0.990384615385	G	0.00961538461538	412	0	4	0	416	112889
UNKNOWN	224	G	0.985576923077	C	0.00721153846154	2	3	410	1	416	112889
UNKNOWN	225	A	0.992788461538	G	0.00721153846154	413	0	3	0	416	112889
UNKNOWN	226	G	0.987980769231	C	0.00721153846154	2	3	411	0	416	112889
UNKNOWN	227	C	0.973557692308	T	0.0264423076923	0	405	0	11	416	112889
UNKNOWN	228	C	0.992788461538	A	0.00721153846154	3	413	0	0	416	112889
UNKNOWN	229	A	0.997596153846	G	0.00240384615385	415	0	1	0	416	112889
UNKNOWN	230	A	0.987980769231	G	0.0120192307692	411	0	5	0	416	112889
UNKNOWN	231	G	0.985576923077	T	0.00961538461538	2	0	410	4	416	112889
UNKNOWN	232	T	0.987980769231	C	0.00721153846154	0	3	2	411	416	112889
UNKNOWN	233	C	0.990384615385	T	0.00480769230769	0	412	2	2	416	112889
UNKNOWN	234	T	0.990384615385	C	0.00480769230769	1	2	1	412	416	112889
UNKNOWN	235	C	0.995192307692	T	0.00480769230769	0	414	0	2	416	112889
UNKNOWN	236	T	0.985576923077	C	0.00961538461538	2	4	0	410	416	112889
UNKNOWN	237	C	0.990384615385	T	0.00721153846154	1	412	0	3	416	112889
UNKNOWN	238	T	0.995192307692	G	0.00480769230769	0	0	2	414	416	112889
UNKNOWN	239	G	0.971153846154	A	0.0216346153846	9	1	404	2	416	112889
UNKNOWN	240	T	0.983173076923	C	0.00961538461538	2	4	1	409	416	112889
UNKNOWN	241	C	0.992788461538	A	0.00480769230769	2	413	0	1	416	112889
UNKNOWN	242	A	0.985576923077	C	0.00961538461538	410	4	2	0	416	112889
UNKNOWN	243	G	0.923076923077	C	0.0528846153846	7	22	384	3	416	112889
UNKNOWN	244	T	0.995192307692	G	0.00480769230769	0	0	2	414	416	112889
UNKNOWN	245	G	0.951923076923	C	0.0336538461538	3	14	396	3	416	112889
UNKNOWN	246	A	0.983173076923	G	0.0120192307692	409	1	5	1	416	112889
UNKNOWN	247	G	0.966346153846	A	0.0144230769231	6	6	402	2	416	112889
UNKNOWN	248	C	0.975961538462	T	0.00961538461538	3	406	3	4	416	112889
UNKNOWN	249	A	0.990384615385	G	0.00961538461538	412	0	4	0	416	112889
UNKNOWN	250	G	0.978365384615	A	0.0120192307692	5	3	407	1	416	112889
UNKNOWN	251	C	0.992788461538	G	0.00480769230769	0	413	2	1	416	112889
UNKNOWN	252	G	0.990384615385	T	0.00721153846154	0	1	412	3	416	112889
UNKNOWN	253	T	0.990384615385	G	0.00480769230769	1	1	2	412	416	112889
UNKNOWN	254	G	0.978365384615	A	0.0216346153846	9	0	407	0	416	112889
UNKNOWN	255	A	0.987980769231	C	0.00480769230769	411	2	2	1	416	112889
UNKNOWN	256	C	0.985576923077	A	0.00721153846154	3	410	0	3	416	112889
UNKNOWN	257	A	0.973557692308	G	0.0144230769231	405	4	6	1	416	112889
UNKNOWN	258	C	0.915865384615	A	0.0817307692308	34	381	1	0	416	112889
UNKNOWN	259	C	0.990384615385	T	0.00961538461538	0	412	0	4	416	112889
UNKNOWN	260	T	0.942307692308	C	0.0336538461538	4	14	6	392	416	112889
UNKNOWN	261	G	0.987980769231	A	0.00721153846154	3	0	411	2	416	112889
UNKNOWN	262	A	0.992788461538	G	0.00721153846154	413	0	3	0	416	112889
UNKNOWN	263	G	0.973557692308	A	0.0240384615385	10	1	405	0	416	112889
UNKNOWN	264	G	0.983173076923	A	0.0120192307692	5	0	409	2	416	112889
UNKNOWN	265	A	0.980769230769	C	0.0120192307692	408	5	3	0	416	112889
UNKNOWN	266	C	0.983173076923	A	0.00961538461538	4	409	1	2	416	112889
UNKNOWN	267	A	0.978365384615	T	0.00961538461538	407	2	3	4	416	112889
UNKNOWN	268	C	0.992788461538	G	0.00480769230769	1	413	2	0	416	112889
UNKNOWN	269	G	0.838942307692	A	0.141826923077	59	3	349	5	416	112889
UNKNOWN	270	G	0.987980769231	A	0.00721153846154	3	2	411	0	416	112889
UNKNOWN	271	C	0.990384615385	A	0.00961538461538	4	412	0	0	416	112889
UNKNOWN	272	C	0.983173076923	G	0.00961538461538	1	409	4	2	416	112889
UNKNOWN	273	G	0.5625	A	0.420673076923	175	3	234	4	416	112889
UNKNOWN	274	T	0.567307692308	C	0.418269230769	3	174	3	236	416	112889
UNKNOWN	275	G	0.572115384615	A	0.413461538462	172	3	238	3	416	112889
UNKNOWN	276	T	0.990384615385	A	0.00480769230769	2	0	2	412	416	112889
UNKNOWN	277	A	0.992788461538	C	0.00480769230769	413	2	1	0	416	112889
UNKNOWN	278	C	0.96875	T	0.0240384615385	1	403	2	10	416	112889
UNKNOWN	279	T	0.983173076923	G	0.00961538461538	2	1	4	409	416	112889
UNKNOWN	280	A	0.980769230769	C	0.00961538461538	408	4	1	3	416	112889
UNKNOWN	281	C	0.975961538462	T	0.0216346153846	1	406	0	9	416	112889
UNKNOWN	282	T	0.983173076923	G	0.0120192307692	1	1	5	409	416	112889
