Type	Position	Nucl1	Freq1	Nucl2	Freq2	NumAs	NumCs	NumGs	NumTs	NumAligned	NumNaive
UNKNOWN	0	C	1.0	A	0.0	0	5727	0	0	5727	112889
UNKNOWN	1	A	1.0	C	0.0	5727	0	0	0	5727	112889
UNKNOWN	2	G	1.0	A	0.0	0	0	5727	0	5727	112889
UNKNOWN	3	G	1.0	A	0.0	0	0	5727	0	5727	112889
UNKNOWN	4	T	1.0	A	0.0	0	0	0	5727	5727	112889
UNKNOWN	5	G	1.0	A	0.0	0	0	5727	0	5727	112889
UNKNOWN	6	C	1.0	A	0.0	0	5727	0	0	5727	112889
UNKNOWN	7	A	0.99685699319	G	0.00209533787323	5709	0	12	6	5727	112889
UNKNOWN	8	G	0.988126418718	A	0.00925440894011	53	14	5659	1	5727	112889
UNKNOWN	9	C	0.995460101275	G	0.0024445608521	2	5701	14	10	5727	112889
UNKNOWN	10	T	0.999650777021	C	0.000349222978872	0	2	0	5725	5727	112889
UNKNOWN	11	G	0.995110878296	A	0.00296839532041	17	11	5699	0	5727	112889
UNKNOWN	12	C	0.999301554042	T	0.000523834468308	1	5723	0	3	5727	112889
UNKNOWN	13	G	0.999301554042	A	0.000523834468308	3	1	5723	0	5727	112889
UNKNOWN	14	G	0.964030033176	C	0.0343984634189	8	197	5521	1	5727	112889
UNKNOWN	15	G	0.999476165532	C	0.000523834468308	0	3	5724	0	5727	112889
UNKNOWN	16	A	0.99685699319	G	0.0019207263838	5709	5	11	2	5727	112889
UNKNOWN	17	G	0.995809324254	A	0.00331761829928	19	5	5703	0	5727	112889
UNKNOWN	18	T	0.998952331063	C	0.000698445957744	2	4	0	5721	5727	112889
UNKNOWN	19	C	0.999476165532	T	0.000523834468308	0	5724	0	3	5727	112889
UNKNOWN	20	G	0.999650777021	A	0.000349222978872	2	0	5725	0	5727	112889
UNKNOWN	21	G	0.998428496595	C	0.00122228042605	2	7	5718	0	5727	112889
UNKNOWN	22	G	0.998952331063	A	0.000698445957744	4	2	5721	0	5727	112889
UNKNOWN	23	C	0.998428496595	G	0.00087305744718	2	5718	5	2	5727	112889
UNKNOWN	24	C	0.999650777021	A	0.000174611489436	1	5725	0	1	5727	112889
UNKNOWN	25	C	0.999650777021	T	0.000349222978872	0	5725	0	2	5727	112889
UNKNOWN	26	C	0.999301554042	A	0.000349222978872	2	5723	0	2	5727	112889
UNKNOWN	27	A	0.994936266806	G	0.0043652872359	5698	2	25	2	5727	112889
UNKNOWN	28	G	0.995983935743	A	0.00261917234154	15	8	5704	0	5727	112889
UNKNOWN	29	C	0.996507770211	T	0.00331761829928	0	5707	1	19	5727	112889
UNKNOWN	30	C	0.999301554042	T	0.000523834468308	0	5723	1	3	5727	112889
UNKNOWN	31	T	0.996682381701	C	0.0024445608521	2	14	3	5708	5727	112889
UNKNOWN	32	G	0.994237820849	A	0.00453989872534	26	3	5694	4	5727	112889
UNKNOWN	33	G	0.997904662127	A	0.00104766893662	6	4	5715	2	5727	112889
UNKNOWN	34	T	0.997206216169	C	0.00226994936267	1	13	2	5711	5727	112889
UNKNOWN	35	G	0.998253885106	A	0.00157150340492	9	1	5717	0	5727	112889
UNKNOWN	36	A	0.997904662127	C	0.00122228042605	5715	7	3	2	5727	112889
UNKNOWN	37	A	0.991967871486	G	0.00506373319364	5681	15	29	2	5727	112889
UNKNOWN	38	G	0.997555439148	A	0.00157150340492	9	4	5713	1	5727	112889
UNKNOWN	39	C	0.984110354461	G	0.010825912345	0	5636	62	29	5727	112889
UNKNOWN	40	C	0.999650777021	A	0.000349222978872	2	5725	0	0	5727	112889
UNKNOWN	41	C	0.992491705954	G	0.00611140213026	1	5684	35	7	5727	112889
UNKNOWN	42	T	0.98760258425	C	0.0120481927711	1	69	1	5656	5727	112889
UNKNOWN	43	C	0.999301554042	A	0.000523834468308	3	5723	0	1	5727	112889
UNKNOWN	44	A	0.997380827658	G	0.00157150340492	5712	5	9	1	5727	112889
UNKNOWN	45	C	0.998253885106	G	0.00122228042605	3	5717	7	0	5727	112889
UNKNOWN	46	A	0.997380827658	G	0.00157150340492	5712	2	9	4	5727	112889
UNKNOWN	47	G	0.993015540423	A	0.00593679064082	34	5	5687	1	5727	112889
UNKNOWN	48	A	0.99685699319	G	0.00209533787323	5709	6	12	0	5727	112889
UNKNOWN	49	C	0.997206216169	T	0.00139689191549	2	5711	6	8	5727	112889
UNKNOWN	50	C	0.997904662127	T	0.00209533787323	0	5715	0	12	5727	112889
UNKNOWN	51	C	0.998253885106	T	0.00122228042605	0	5717	3	7	5727	112889
UNKNOWN	52	T	0.996682381701	C	0.00314300680985	0	18	1	5708	5727	112889
UNKNOWN	53	C	0.999126942553	T	0.000698445957744	0	5722	1	4	5727	112889
UNKNOWN	54	T	0.995634712764	C	0.00261917234154	2	15	8	5702	5727	112889
UNKNOWN	55	C	0.999476165532	T	0.000349222978872	1	5724	0	2	5727	112889
UNKNOWN	56	C	0.992491705954	T	0.00366684127816	2	5684	20	21	5727	112889
UNKNOWN	57	C	0.99371398638	G	0.00506373319364	0	5691	29	7	5727	112889
UNKNOWN	58	T	0.997730050637	C	0.00226994936267	0	13	0	5714	5727	112889
UNKNOWN	59	C	0.998428496595	T	0.00087305744718	3	5718	1	5	5727	112889
UNKNOWN	60	A	0.988126418718	G	0.00593679064082	5659	11	34	23	5727	112889
UNKNOWN	61	C	0.997730050637	T	0.00174611489436	2	5714	1	10	5727	112889
UNKNOWN	62	C	0.996682381701	T	0.0024445608521	0	5708	5	14	5727	112889
UNKNOWN	63	T	0.997904662127	C	0.00122228042605	0	7	5	5715	5727	112889
UNKNOWN	64	G	0.998603108085	A	0.000698445957744	4	4	5719	0	5727	112889
UNKNOWN	65	C	0.997730050637	T	0.00157150340492	4	5714	0	9	5727	112889
UNKNOWN	66	A	0.993190151912	C	0.00314300680985	5688	18	15	6	5727	112889
UNKNOWN	67	C	0.992666317444	T	0.00541295617252	2	5685	9	31	5727	112889
UNKNOWN	68	G	0.992491705954	A	0.006809848088	39	2	5684	2	5727	112889
UNKNOWN	69	G	0.967173039986	A	0.0275886153309	158	9	5539	21	5727	112889
UNKNOWN	70	T	0.992840928933	C	0.006809848088	1	39	1	5686	5727	112889
UNKNOWN	71	C	0.979570455736	G	0.0127466387288	8	5610	73	36	5727	112889
UNKNOWN	72	T	0.995285489785	C	0.00314300680985	1	18	8	5700	5727	112889
UNKNOWN	73	C	0.998428496595	T	0.00122228042605	2	5718	0	7	5727	112889
UNKNOWN	74	T	0.993364763401	G	0.00471451021477	0	11	27	5689	5727	112889
UNKNOWN	75	G	0.993364763401	A	0.00576217915139	33	5	5689	0	5727	112889
UNKNOWN	76	G	0.991967871486	A	0.00471451021477	27	18	5681	1	5727	112889
UNKNOWN	77	A	0.990920202549	G	0.00506373319364	5675	10	29	13	5727	112889
UNKNOWN	78	T	0.992840928933	C	0.00384145276759	15	22	4	5686	5727	112889
UNKNOWN	79	T	0.994761655317	C	0.00506373319364	1	29	0	5697	5727	112889
UNKNOWN	80	C	0.982888074035	G	0.00995285489785	0	5629	57	41	5727	112889
UNKNOWN	81	T	0.99074559106	C	0.0043652872359	3	25	25	5674	5727	112889
UNKNOWN	82	C	0.994587043827	T	0.00349222978872	11	5696	0	20	5727	112889
UNKNOWN	83	A	0.991793259997	T	0.00384145276759	5680	5	20	22	5727	112889
UNKNOWN	84	T	0.97834817531	C	0.0207787672429	4	119	1	5603	5727	112889
UNKNOWN	85	T	0.995634712764	G	0.00296839532041	1	7	17	5702	5727	112889
UNKNOWN	86	G	0.972411384669	A	0.0265409463943	152	4	5569	2	5727	112889
UNKNOWN	87	A	0.991444037018	G	0.00453989872534	5678	21	26	2	5727	112889
UNKNOWN	88	G	0.935742971888	A	0.0448751527851	257	75	5359	36	5727	112889
UNKNOWN	89	C	0.964728479134	T	0.0193818753274	44	5525	47	111	5727	112889
UNKNOWN	90	A	0.957569408067	G	0.0385891391654	5484	17	221	5	5727	112889
UNKNOWN	91	G	0.863279203772	A	0.102846167278	589	119	4944	75	5727	112889
UNKNOWN	92	C	0.957394796578	T	0.0195564868168	51	5483	81	112	5727	112889
UNKNOWN	93	A	0.874454339096	T	0.0829404574821	5008	32	212	475	5727	112889
UNKNOWN	94	A	0.957045573599	G	0.0226994936267	5481	80	130	36	5727	112889
UNKNOWN	95	T	0.982713462546	G	0.00925440894011	16	30	53	5628	5727	112889
UNKNOWN	96	G	0.908328968046	A	0.0714160991793	409	36	5202	80	5727	112889
UNKNOWN	97	G	0.584424655142	C	0.202025493277	1071	1157	3347	152	5727	112889
UNKNOWN	98	T	0.978522786799	A	0.00890518596124	51	36	36	5604	5727	112889
UNKNOWN	99	G	0.96280775275	A	0.0350969093766	201	6	5514	6	5727	112889
UNKNOWN	100	T	0.993539374891	C	0.00523834468308	6	30	1	5690	5727	112889
UNKNOWN	101	A	0.938711367208	G	0.0506373319364	5376	17	290	44	5727	112889
UNKNOWN	102	G	0.760258425004	A	0.119434258774	684	617	4354	72	5727	112889
UNKNOWN	103	T	0.918281822944	G	0.0419067574646	86	142	240	5259	5727	112889
UNKNOWN	104	C	0.947616553169	G	0.0284616727781	12	5427	163	125	5727	112889
UNKNOWN	105	T	0.99703160468	G	0.00157150340492	0	8	9	5710	5727	112889
UNKNOWN	106	G	0.999650777021	A	0.000174611489436	1	1	5725	0	5727	112889
UNKNOWN	107	G	0.998253885106	C	0.00104766893662	4	6	5717	0	5727	112889
UNKNOWN	108	G	0.981141959141	A	0.0150165880915	86	6	5619	16	5727	112889
UNKNOWN	109	T	0.995110878296	C	0.00261917234154	3	15	10	5699	5727	112889
UNKNOWN	110	C	0.995634712764	G	0.00209533787323	5	5702	12	8	5727	112889
UNKNOWN	111	C	0.998428496595	G	0.00087305744718	0	5718	5	4	5727	112889
UNKNOWN	112	G	0.997904662127	A	0.00104766893662	6	5	5715	1	5727	112889
UNKNOWN	113	C	0.997904662127	T	0.00104766893662	2	5715	4	6	5727	112889
UNKNOWN	114	C	0.998253885106	A	0.00087305744718	5	5717	1	4	5727	112889
UNKNOWN	115	A	0.992491705954	G	0.006809848088	5684	2	39	2	5727	112889
UNKNOWN	116	G	0.988301030208	A	0.00995285489785	57	10	5660	0	5727	112889
UNKNOWN	117	G	0.943425877423	A	0.0527326698097	302	11	5403	11	5727	112889
UNKNOWN	118	C	0.989174087655	G	0.00523834468308	3	5665	30	29	5727	112889
UNKNOWN	119	T	0.994587043827	C	0.00331761829928	1	19	11	5696	5727	112889
UNKNOWN	120	C	0.998428496595	T	0.00157150340492	0	5718	0	9	5727	112889
UNKNOWN	121	C	0.998603108085	A	0.00122228042605	7	5719	1	0	5727	112889
UNKNOWN	122	A	0.99057097957	G	0.00803212851406	5673	5	46	3	5727	112889
UNKNOWN	123	G	0.998952331063	A	0.000698445957744	4	2	5721	0	5727	112889
UNKNOWN	124	G	0.993190151912	A	0.0062860136197	36	2	5688	1	5727	112889
UNKNOWN	125	G	0.963156975729	A	0.0352715208661	202	6	5516	3	5727	112889
UNKNOWN	126	A	0.996682381701	G	0.00209533787323	5708	7	12	0	5727	112889
UNKNOWN	127	A	0.988999476166	G	0.00960363191898	5664	6	55	2	5727	112889
UNKNOWN	128	G	0.999476165532	A	0.000349222978872	2	0	5724	1	5727	112889
UNKNOWN	129	G	0.928060066352	A	0.0426052034224	244	157	5315	11	5727	112889
UNKNOWN	130	C	0.980268901694	G	0.0162388685175	2	5614	93	18	5727	112889
UNKNOWN	131	G	0.986031080845	A	0.00750829404575	43	18	5647	19	5727	112889
UNKNOWN	132	C	0.983935742972	T	0.0101274663873	8	5635	26	58	5727	112889
UNKNOWN	133	T	0.99074559106	G	0.0043652872359	7	21	25	5674	5727	112889
UNKNOWN	134	G	0.977649729352	A	0.0202549327746	116	5	5599	7	5727	112889
UNKNOWN	135	G	0.995285489785	A	0.00261917234154	15	12	5700	0	5727	112889
UNKNOWN	136	A	0.994587043827	G	0.0043652872359	5696	3	25	3	5727	112889
UNKNOWN	137	G	0.963855421687	A	0.0323031255457	185	13	5520	9	5727	112889
UNKNOWN	138	T	0.997380827658	G	0.00139689191549	1	6	8	5712	5727	112889
UNKNOWN	139	G	0.995110878296	C	0.00261917234154	4	15	5699	9	5727	112889
UNKNOWN	140	G	0.973284442116	C	0.0242709970316	3	139	5574	11	5727	112889
UNKNOWN	141	C	0.989348699144	G	0.00820674000349	6	5666	47	8	5727	112889
UNKNOWN	142	T	0.995983935743	C	0.00296839532041	3	17	3	5704	5727	112889
UNKNOWN	143	C	0.982713462546	T	0.0151911995809	1	5628	11	87	5727	112889
UNKNOWN	144	G	0.988650253187	A	0.0111751353239	64	0	5662	1	5727	112889
UNKNOWN	145	G	0.993015540423	C	0.00384145276759	9	22	5687	9	5727	112889
UNKNOWN	146	T	0.952680286363	C	0.0309062336302	27	177	67	5456	5727	112889
UNKNOWN	147	G	0.612013270473	A	0.333333333333	1909	62	3505	251	5727	112889
UNKNOWN	148	G	0.720097782434	A	0.149642046447	857	567	4124	179	5727	112889
UNKNOWN	149	T	0.913741924219	G	0.0394621966125	80	188	226	5233	5727	112889
UNKNOWN	150	A	0.929456958268	G	0.061288632792	5323	13	351	40	5727	112889
UNKNOWN	151	T	0.983935742972	C	0.00768290553518	12	44	36	5635	5727	112889
UNKNOWN	152	A	0.952505674873	G	0.0282870612886	5455	20	162	90	5727	112889
UNKNOWN	153	T	0.947616553169	A	0.0349222978872	200	23	77	5427	5727	112889
UNKNOWN	154	G	0.971712938711	T	0.0118735812816	52	42	5565	68	5727	112889
UNKNOWN	155	C	0.920377160817	T	0.0654793085385	15	5271	66	375	5727	112889
UNKNOWN	156	A	0.891042430592	G	0.0894010825912	5103	60	512	52	5727	112889
UNKNOWN	157	G	0.858040859089	A	0.0710668762005	407	131	4914	275	5727	112889
UNKNOWN	158	T	0.935219137419	G	0.0316046795879	110	80	181	5356	5727	112889
UNKNOWN	159	G	0.806879692684	A	0.170770036668	978	63	4621	65	5727	112889
UNKNOWN	160	G	0.816134101624	A	0.143356032827	821	193	4674	39	5727	112889
UNKNOWN	161	T	0.953378732321	A	0.0197310983063	113	51	103	5460	5727	112889
UNKNOWN	162	G	0.983586519993	A	0.0116989697922	67	11	5633	16	5727	112889
UNKNOWN	163	G	0.970141435306	A	0.0265409463943	152	12	5556	7	5727	112889
UNKNOWN	164	A	0.963156975729	G	0.0172865374542	5516	74	99	38	5727	112889
UNKNOWN	165	A	0.946045049764	G	0.0417321459752	5418	43	239	27	5727	112889
UNKNOWN	166	G	0.826960013969	C	0.0740352715209	289	424	4736	278	5727	112889
UNKNOWN	167	C	0.847389558233	T	0.0735114370526	196	4853	257	421	5727	112889
UNKNOWN	168	A	0.978697398289	G	0.01239741575	5605	20	71	31	5727	112889
UNKNOWN	169	C	0.962458529771	T	0.0165880914964	37	5512	83	95	5727	112889
UNKNOWN	170	A	0.970141435306	G	0.0146673651126	5556	69	84	18	5727	112889
UNKNOWN	171	A	0.864152261219	G	0.107735288982	4949	54	617	107	5727	112889
UNKNOWN	172	G	0.732844421163	A	0.168150864327	963	401	4197	166	5727	112889
UNKNOWN	173	C	0.868168325476	G	0.0750829404575	79	4972	430	246	5727	112889
UNKNOWN	174	T	0.978522786799	C	0.0101274663873	45	58	20	5604	5727	112889
UNKNOWN	175	T	0.93818753274	A	0.047668936616	273	34	47	5373	5727	112889
UNKNOWN	176	T	0.920551772307	C	0.0539549502357	56	309	90	5272	5727	112889
UNKNOWN	177	A	0.978697398289	C	0.017635760433	5605	101	17	4	5727	112889
UNKNOWN	178	A	0.983761131482	C	0.0104766893662	5634	60	30	3	5727	112889
UNKNOWN	179	C	0.915138816134	T	0.0660031430068	49	5241	59	378	5727	112889
UNKNOWN	180	C	0.93190151912	T	0.0453989872534	19	5337	111	260	5727	112889
UNKNOWN	181	C	0.989348699144	A	0.00541295617252	31	5666	2	28	5727	112889
UNKNOWN	182	A	0.980268901694	C	0.00960363191898	5614	55	47	11	5727	112889
UNKNOWN	183	G	0.966649205518	A	0.0179849834119	103	60	5536	28	5727	112889
UNKNOWN	184	C	0.955648681683	T	0.024445608521	20	5473	94	140	5727	112889
UNKNOWN	185	C	0.992142482975	G	0.00646062510913	3	5682	37	5	5727	112889
UNKNOWN	186	C	0.984110354461	T	0.00820674000349	36	5636	8	47	5727	112889
UNKNOWN	187	T	0.988301030208	A	0.00715907106688	41	12	14	5660	5727	112889
UNKNOWN	188	G	0.931552296141	A	0.0447005412956	256	118	5335	18	5727	112889
UNKNOWN	189	A	0.97817356382	C	0.00855596298236	5602	49	34	42	5727	112889
UNKNOWN	190	A	0.984983411909	C	0.0113497468133	5641	65	15	6	5727	112889
UNKNOWN	191	A	0.986729526803	C	0.00663523659857	5651	38	22	16	5727	112889
UNKNOWN	192	T	0.980268901694	C	0.0111751353239	20	64	29	5614	5727	112889
UNKNOWN	193	C	0.96298236424	A	0.0206041557534	118	5515	58	36	5727	112889
UNKNOWN	194	C	0.973982888074	T	0.0132704731971	4	5578	69	76	5727	112889
UNKNOWN	195	C	0.995809324254	G	0.00349222978872	2	5703	20	2	5727	112889
UNKNOWN	196	G	0.991444037018	T	0.0062860136197	8	5	5678	36	5727	112889
UNKNOWN	197	G	0.881613410162	A	0.09289331238	532	104	5049	42	5727	112889
UNKNOWN	198	C	0.960013968919	A	0.0169373144753	97	5498	43	89	5727	112889
UNKNOWN	199	T	0.986729526803	G	0.00715907106688	4	31	41	5651	5727	112889
UNKNOWN	200	C	0.986729526803	T	0.0087305744718	23	5651	3	50	5727	112889
UNKNOWN	201	A	0.988999476166	G	0.0087305744718	5664	11	50	2	5727	112889
UNKNOWN	202	G	0.956347127641	C	0.0286362842675	37	164	5477	49	5727	112889
UNKNOWN	203	C	0.894360048891	T	0.0581456259822	120	5122	152	333	5727	112889
UNKNOWN	204	A	0.984808800419	G	0.00820674000349	5640	17	47	23	5727	112889
UNKNOWN	205	T	0.987253361271	C	0.0110005238345	4	63	6	5654	5727	112889
UNKNOWN	206	C	0.985681857866	T	0.00733368255631	31	5645	9	42	5727	112889
UNKNOWN	207	A	0.988126418718	C	0.0062860136197	5659	36	23	9	5727	112889
UNKNOWN	208	C	0.973284442116	A	0.0116989697922	67	5574	63	23	5727	112889
UNKNOWN	209	C	0.945346603807	T	0.0279378383098	46	5414	107	160	5727	112889
UNKNOWN	210	A	0.973459053606	C	0.0137943076654	5575	79	72	1	5727	112889
UNKNOWN	211	A	0.976776671905	G	0.0111751353239	5594	30	64	39	5727	112889
UNKNOWN	212	G	0.964728479134	A	0.0253186659682	145	53	5525	4	5727	112889
UNKNOWN	213	G	0.971014492754	A	0.0139689191549	80	80	5561	6	5727	112889
UNKNOWN	214	A	0.984983411909	G	0.0062860136197	5641	26	36	24	5727	112889
UNKNOWN	215	C	0.986904138292	T	0.00698445957744	29	5652	6	40	5727	112889
UNKNOWN	216	A	0.980792736162	G	0.0104766893662	5617	17	60	33	5727	112889
UNKNOWN	217	A	0.963855421687	C	0.0181595949013	5520	104	95	8	5727	112889
UNKNOWN	218	C	0.961410860835	T	0.0342238519295	1	5506	24	196	5727	112889
UNKNOWN	219	T	0.980268901694	A	0.00960363191898	55	44	14	5614	5727	112889
UNKNOWN	220	C	0.990396368081	A	0.00646062510913	37	5672	3	15	5727	112889
UNKNOWN	221	C	0.985856469356	G	0.00750829404575	27	5646	43	11	5727	112889
UNKNOWN	222	A	0.986380303824	C	0.00803212851406	5649	46	30	2	5727	112889
UNKNOWN	223	A	0.977649729352	G	0.0200803212851	5599	7	115	6	5727	112889
UNKNOWN	224	G	0.971189104243	A	0.0153658110704	88	73	5562	4	5727	112889
UNKNOWN	225	A	0.978697398289	G	0.0122228042605	5605	42	70	10	5727	112889
UNKNOWN	226	G	0.938536755719	A	0.0522088353414	299	45	5375	8	5727	112889
UNKNOWN	227	C	0.937139863803	T	0.0522088353414	41	5367	20	299	5727	112889
UNKNOWN	228	C	0.977475117863	G	0.017635760433	25	5598	101	3	5727	112889
UNKNOWN	229	A	0.987777195739	T	0.00715907106688	5657	13	16	41	5727	112889
UNKNOWN	230	A	0.964728479134	G	0.026017111926	5525	47	149	6	5727	112889
UNKNOWN	231	G	0.952854897852	A	0.0239217740527	137	66	5457	67	5727	112889
UNKNOWN	232	T	0.985856469356	C	0.01239741575	2	71	8	5646	5727	112889
UNKNOWN	233	C	0.933996856993	T	0.0349222978872	12	5349	166	200	5727	112889
UNKNOWN	234	T	0.983411908504	C	0.0132704731971	6	76	13	5632	5727	112889
UNKNOWN	235	C	0.981840405099	T	0.0162388685175	8	5623	3	93	5727	112889
UNKNOWN	236	T	0.970665269775	G	0.013619696176	33	57	78	5559	5727	112889
UNKNOWN	237	C	0.986380303824	T	0.0103020778767	11	5649	8	59	5727	112889
UNKNOWN	238	T	0.98760258425	C	0.00820674000349	4	47	20	5656	5727	112889
UNKNOWN	239	G	0.933822245504	A	0.0481927710843	276	42	5348	61	5727	112889
UNKNOWN	240	T	0.977125894884	G	0.00977824340842	49	26	56	5596	5727	112889
UNKNOWN	241	C	0.977125894884	T	0.0127466387288	56	5596	2	73	5727	112889
UNKNOWN	242	A	0.961760083814	G	0.0220010476689	5508	44	126	49	5727	112889
UNKNOWN	243	G	0.884756416972	C	0.0558756766195	279	320	5067	61	5727	112889
UNKNOWN	244	T	0.984110354461	G	0.00838135149293	11	32	48	5636	5727	112889
UNKNOWN	245	G	0.955997904662	A	0.0263663349048	151	71	5475	30	5727	112889
UNKNOWN	246	A	0.979570455736	G	0.0129212502183	5610	37	74	6	5727	112889
UNKNOWN	247	G	0.883534136546	A	0.077702112799	445	171	5060	51	5727	112889
UNKNOWN	248	C	0.964379256155	T	0.023223328095	38	5523	33	133	5727	112889
UNKNOWN	249	A	0.978697398289	G	0.0178103719225	5605	16	102	4	5727	112889
UNKNOWN	250	G	0.958966299983	C	0.0186834293697	84	107	5492	44	5727	112889
UNKNOWN	251	C	0.976602060416	T	0.0120481927711	4	5593	61	69	5727	112889
UNKNOWN	252	G	0.978872009778	A	0.01239741575	71	19	5606	31	5727	112889
UNKNOWN	253	T	0.983062685525	C	0.00907979745067	7	52	38	5630	5727	112889
UNKNOWN	254	G	0.961410860835	A	0.030033176183	172	30	5506	19	5727	112889
UNKNOWN	255	A	0.976078225947	G	0.0116989697922	5590	61	67	9	5727	112889
UNKNOWN	256	C	0.987951807229	T	0.00541295617252	21	5658	17	31	5727	112889
UNKNOWN	257	A	0.960887026366	G	0.0169373144753	5503	87	97	40	5727	112889
UNKNOWN	258	C	0.93504452593	A	0.0452243757639	259	5355	71	42	5727	112889
UNKNOWN	259	C	0.978872009778	T	0.0111751353239	47	5606	10	64	5727	112889
UNKNOWN	260	T	0.939060590187	C	0.0399860310808	24	229	96	5378	5727	112889
UNKNOWN	261	G	0.987078749782	A	0.0087305744718	50	6	5653	18	5727	112889
UNKNOWN	262	A	0.985332634887	G	0.00855596298236	5643	27	49	8	5727	112889
UNKNOWN	263	G	0.939759036145	A	0.0342238519295	196	127	5382	22	5727	112889
UNKNOWN	264	G	0.982538851056	A	0.0137943076654	79	5	5627	16	5727	112889
UNKNOWN	265	A	0.980967347651	C	0.0132704731971	5618	76	25	8	5727	112889
UNKNOWN	266	C	0.968046097433	T	0.01239741575	56	5544	56	71	5727	112889
UNKNOWN	267	A	0.969966823817	G	0.0183342063908	5555	24	105	43	5727	112889
UNKNOWN	268	C	0.989697922123	G	0.00506373319364	26	5668	29	4	5727	112889
UNKNOWN	269	G	0.963331587218	A	0.0253186659682	145	51	5517	14	5727	112889
UNKNOWN	270	G	0.982015016588	A	0.00942902042954	54	25	5624	24	5727	112889
UNKNOWN	271	C	0.991618648507	A	0.00523834468308	30	5679	10	8	5727	112889
UNKNOWN	272	C	0.979745067225	A	0.0125720272394	72	5611	18	26	5727	112889
UNKNOWN	273	A	0.98131657063	T	0.00977824340842	5620	26	25	56	5727	112889
UNKNOWN	274	C	0.98149118212	A	0.0129212502183	74	5621	15	17	5727	112889
UNKNOWN	275	A	0.961410860835	C	0.0151911995809	5506	87	83	51	5727	112889
UNKNOWN	276	T	0.984983411909	A	0.006809848088	39	14	33	5641	5727	112889
UNKNOWN	277	A	0.988650253187	C	0.00611140213026	5662	35	16	14	5727	112889
UNKNOWN	278	C	0.933647634014	T	0.0626855247075	14	5347	7	359	5727	112889
UNKNOWN	279	T	0.973459053606	G	0.0118735812816	43	41	68	5575	5727	112889
UNKNOWN	280	A	0.944648157849	T	0.0316046795879	5410	66	70	181	5727	112889
UNKNOWN	281	C	0.950759559979	T	0.0455735987428	9	5445	12	261	5727	112889
UNKNOWN	282	T	0.975030557011	G	0.0195564868168	19	12	112	5584	5727	112889
