Type	Position	Nucl1	Freq1	Nucl2	Freq2	NumAs	NumCs	NumGs	NumTs	NumAligned	NumNaive
UNKNOWN	0	C	1.0	A	0.0	0	131	0	0	131	128441
UNKNOWN	1	A	1.0	C	0.0	131	0	0	0	131	128441
UNKNOWN	2	G	1.0	A	0.0	0	0	131	0	131	128441
UNKNOWN	3	G	1.0	A	0.0	0	0	131	0	131	128441
UNKNOWN	4	T	1.0	A	0.0	0	0	0	131	131	128441
UNKNOWN	5	G	1.0	A	0.0	0	0	131	0	131	128441
UNKNOWN	6	C	1.0	A	0.0	0	131	0	0	131	128441
UNKNOWN	7	A	0.992366412214	G	0.00763358778626	130	0	1	0	131	128441
UNKNOWN	8	G	1.0	A	0.0	0	0	131	0	131	128441
UNKNOWN	9	C	1.0	A	0.0	0	131	0	0	131	128441
UNKNOWN	10	T	1.0	A	0.0	0	0	0	131	131	128441
UNKNOWN	11	G	1.0	A	0.0	0	0	131	0	131	128441
UNKNOWN	12	C	1.0	A	0.0	0	131	0	0	131	128441
UNKNOWN	13	A	0.87786259542	G	0.0687022900763	115	7	9	0	131	128441
UNKNOWN	14	G	0.992366412214	C	0.00763358778626	0	1	130	0	131	128441
UNKNOWN	15	G	1.0	A	0.0	0	0	131	0	131	128441
UNKNOWN	16	A	1.0	C	0.0	131	0	0	0	131	128441
UNKNOWN	17	G	0.992366412214	A	0.00763358778626	1	0	130	0	131	128441
UNKNOWN	18	T	1.0	A	0.0	0	0	0	131	131	128441
UNKNOWN	19	C	1.0	A	0.0	0	131	0	0	131	128441
UNKNOWN	20	G	1.0	A	0.0	0	0	131	0	131	128441
UNKNOWN	21	G	1.0	A	0.0	0	0	131	0	131	128441
UNKNOWN	22	G	1.0	A	0.0	0	0	131	0	131	128441
UNKNOWN	23	C	1.0	A	0.0	0	131	0	0	131	128441
UNKNOWN	24	C	1.0	A	0.0	0	131	0	0	131	128441
UNKNOWN	25	C	1.0	A	0.0	0	131	0	0	131	128441
UNKNOWN	26	C	0.992366412214	A	0.00763358778626	1	130	0	0	131	128441
UNKNOWN	27	A	0.992366412214	G	0.00763358778626	130	0	1	0	131	128441
UNKNOWN	28	G	0.992366412214	C	0.00763358778626	0	1	130	0	131	128441
UNKNOWN	29	C	1.0	A	0.0	0	131	0	0	131	128441
UNKNOWN	30	C	0.992366412214	T	0.00763358778626	0	130	0	1	131	128441
UNKNOWN	31	T	0.992366412214	G	0.00763358778626	0	0	1	130	131	128441
UNKNOWN	32	G	0.992366412214	A	0.00763358778626	1	0	130	0	131	128441
UNKNOWN	33	G	0.992366412214	T	0.00763358778626	0	0	130	1	131	128441
UNKNOWN	34	T	0.992366412214	G	0.00763358778626	0	0	1	130	131	128441
UNKNOWN	35	G	0.992366412214	A	0.00763358778626	1	0	130	0	131	128441
UNKNOWN	36	A	0.992366412214	C	0.00763358778626	130	1	0	0	131	128441
UNKNOWN	37	A	0.977099236641	G	0.0152671755725	128	0	2	1	131	128441
UNKNOWN	38	G	0.984732824427	A	0.0152671755725	2	0	129	0	131	128441
UNKNOWN	39	A	0.862595419847	C	0.137404580153	113	18	0	0	131	128441
UNKNOWN	40	C	1.0	A	0.0	0	131	0	0	131	128441
UNKNOWN	41	C	0.992366412214	T	0.00763358778626	0	130	0	1	131	128441
UNKNOWN	42	T	0.984732824427	C	0.0152671755725	0	2	0	129	131	128441
UNKNOWN	43	C	0.992366412214	A	0.00763358778626	1	130	0	0	131	128441
UNKNOWN	44	A	0.969465648855	G	0.0152671755725	127	1	2	1	131	128441
UNKNOWN	45	C	0.992366412214	A	0.00763358778626	1	130	0	0	131	128441
UNKNOWN	46	A	0.992366412214	G	0.00763358778626	130	0	1	0	131	128441
UNKNOWN	47	G	0.992366412214	A	0.00763358778626	1	0	130	0	131	128441
UNKNOWN	48	A	0.992366412214	C	0.00763358778626	130	1	0	0	131	128441
UNKNOWN	49	C	1.0	A	0.0	0	131	0	0	131	128441
UNKNOWN	50	A	0.862595419847	C	0.137404580153	113	18	0	0	131	128441
UNKNOWN	51	C	0.977099236641	G	0.0152671755725	0	128	2	1	131	128441
UNKNOWN	52	T	0.992366412214	C	0.00763358778626	0	1	0	130	131	128441
UNKNOWN	53	C	0.992366412214	T	0.00763358778626	0	130	0	1	131	128441
UNKNOWN	54	T	0.992366412214	C	0.00763358778626	0	1	0	130	131	128441
UNKNOWN	55	C	1.0	A	0.0	0	131	0	0	131	128441
UNKNOWN	56	C	0.992366412214	A	0.00763358778626	1	130	0	0	131	128441
UNKNOWN	57	C	0.984732824427	T	0.0152671755725	0	129	0	2	131	128441
UNKNOWN	58	T	0.969465648855	C	0.030534351145	0	4	0	127	131	128441
UNKNOWN	59	C	0.984732824427	A	0.0152671755725	2	129	0	0	131	128441
UNKNOWN	60	A	0.984732824427	C	0.0152671755725	129	2	0	0	131	128441
UNKNOWN	61	C	0.977099236641	T	0.0152671755725	0	128	1	2	131	128441
UNKNOWN	62	T	0.900763358779	C	0.0992366412214	0	13	0	118	131	128441
UNKNOWN	63	T	0.984732824427	G	0.0152671755725	0	0	2	129	131	128441
UNKNOWN	64	G	0.984732824427	C	0.0152671755725	0	2	129	0	131	128441
UNKNOWN	65	C	0.984732824427	A	0.0152671755725	2	129	0	0	131	128441
UNKNOWN	66	A	0.984732824427	C	0.0152671755725	129	2	0	0	131	128441
UNKNOWN	67	C	0.984732824427	G	0.0152671755725	0	129	2	0	131	128441
UNKNOWN	68	G	1.0	A	0.0	0	0	131	0	131	128441
UNKNOWN	69	G	0.984732824427	C	0.0152671755725	0	2	129	0	131	128441
UNKNOWN	70	C	0.992366412214	T	0.00763358778626	0	130	0	1	131	128441
UNKNOWN	71	C	0.977099236641	T	0.0229007633588	0	128	0	3	131	128441
UNKNOWN	72	T	0.977099236641	C	0.0229007633588	0	3	0	128	131	128441
UNKNOWN	73	C	0.984732824427	T	0.0152671755725	0	129	0	2	131	128441
UNKNOWN	74	T	0.984732824427	G	0.0152671755725	0	0	2	129	131	128441
UNKNOWN	75	G	1.0	A	0.0	0	0	131	0	131	128441
UNKNOWN	76	G	0.923664122137	A	0.0534351145038	7	3	121	0	131	128441
UNKNOWN	77	A	0.977099236641	T	0.0152671755725	128	0	1	2	131	128441
UNKNOWN	78	T	0.992366412214	C	0.00763358778626	0	1	0	130	131	128441
UNKNOWN	79	T	0.984732824427	A	0.0152671755725	2	0	0	129	131	128441
UNKNOWN	80	A	0.931297709924	C	0.0458015267176	122	6	1	2	131	128441
UNKNOWN	81	T	0.984732824427	C	0.0152671755725	0	2	0	129	131	128441
UNKNOWN	82	C	0.923664122137	T	0.0610687022901	2	121	0	8	131	128441
UNKNOWN	83	A	0.961832061069	C	0.0152671755725	126	2	1	2	131	128441
UNKNOWN	84	T	0.977099236641	C	0.0229007633588	0	3	0	128	131	128441
UNKNOWN	85	T	0.977099236641	A	0.0152671755725	2	1	0	128	131	128441
UNKNOWN	86	A	0.984732824427	G	0.0152671755725	129	0	2	0	131	128441
UNKNOWN	87	A	0.946564885496	G	0.0381679389313	124	2	5	0	131	128441
UNKNOWN	88	C	0.954198473282	G	0.030534351145	2	125	4	0	131	128441
UNKNOWN	89	C	0.969465648855	A	0.0152671755725	2	127	1	1	131	128441
UNKNOWN	90	A	0.984732824427	G	0.0152671755725	129	0	2	0	131	128441
UNKNOWN	91	G	0.961832061069	A	0.030534351145	4	0	126	1	131	128441
UNKNOWN	92	A	0.961832061069	C	0.0229007633588	126	3	0	2	131	128441
UNKNOWN	93	T	0.778625954198	A	0.198473282443	26	0	3	102	131	128441
UNKNOWN	94	A	0.778625954198	G	0.198473282443	102	1	26	2	131	128441
UNKNOWN	95	T	0.778625954198	A	0.190839694656	25	3	1	102	131	128441
UNKNOWN	96	G	0.770992366412	A	0.198473282443	26	2	101	2	131	128441
UNKNOWN	97	G	0.702290076336	A	0.236641221374	31	5	92	3	131	128441
UNKNOWN	98	T	0.977099236641	A	0.0152671755725	2	1	0	128	131	128441
UNKNOWN	99	A	0.954198473282	G	0.030534351145	125	0	4	2	131	128441
UNKNOWN	100	T	0.954198473282	A	0.0229007633588	3	3	0	125	131	128441
UNKNOWN	101	A	0.977099236641	C	0.0152671755725	128	2	1	0	131	128441
UNKNOWN	102	C	0.923664122137	G	0.0381679389313	2	121	5	3	131	128441
UNKNOWN	103	A	0.969465648855	C	0.0152671755725	127	2	1	1	131	128441
UNKNOWN	104	C	0.977099236641	T	0.0152671755725	0	128	1	2	131	128441
UNKNOWN	105	T	0.984732824427	G	0.0152671755725	0	0	2	129	131	128441
UNKNOWN	106	G	1.0	A	0.0	0	0	131	0	131	128441
UNKNOWN	107	G	0.992366412214	A	0.00763358778626	1	0	130	0	131	128441
UNKNOWN	108	G	0.984732824427	T	0.0152671755725	0	0	129	2	131	128441
UNKNOWN	109	T	0.984732824427	C	0.0152671755725	0	2	0	129	131	128441
UNKNOWN	110	C	1.0	A	0.0	0	131	0	0	131	128441
UNKNOWN	111	C	0.984732824427	G	0.0152671755725	0	129	2	0	131	128441
UNKNOWN	112	G	0.977099236641	C	0.0152671755725	1	2	128	0	131	128441
UNKNOWN	113	C	0.992366412214	T	0.00763358778626	0	130	0	1	131	128441
UNKNOWN	114	C	0.984732824427	A	0.0152671755725	2	129	0	0	131	128441
UNKNOWN	115	A	0.984732824427	G	0.0152671755725	129	0	2	0	131	128441
UNKNOWN	116	G	1.0	A	0.0	0	0	131	0	131	128441
UNKNOWN	117	G	0.984732824427	C	0.0152671755725	0	2	129	0	131	128441
UNKNOWN	118	C	0.984732824427	T	0.0152671755725	0	129	0	2	131	128441
UNKNOWN	119	T	0.984732824427	C	0.0152671755725	0	2	0	129	131	128441
UNKNOWN	120	C	1.0	A	0.0	0	131	0	0	131	128441
UNKNOWN	121	C	0.984732824427	A	0.0152671755725	2	129	0	0	131	128441
UNKNOWN	122	A	0.984732824427	G	0.0152671755725	129	0	2	0	131	128441
UNKNOWN	123	G	0.992366412214	A	0.00763358778626	1	0	130	0	131	128441
UNKNOWN	124	G	0.977099236641	A	0.0152671755725	2	0	128	1	131	128441
UNKNOWN	125	A	0.992366412214	G	0.00763358778626	130	0	1	0	131	128441
UNKNOWN	126	A	0.984732824427	G	0.0152671755725	129	0	2	0	131	128441
UNKNOWN	127	A	0.977099236641	G	0.0229007633588	128	0	3	0	131	128441
UNKNOWN	128	G	1.0	A	0.0	0	0	131	0	131	128441
UNKNOWN	129	G	0.977099236641	C	0.0152671755725	1	2	128	0	131	128441
UNKNOWN	130	C	0.969465648855	G	0.030534351145	0	127	4	0	131	128441
UNKNOWN	131	G	0.984732824427	C	0.0152671755725	0	2	129	0	131	128441
UNKNOWN	132	C	0.984732824427	T	0.0152671755725	0	129	0	2	131	128441
UNKNOWN	133	T	0.984732824427	G	0.0152671755725	0	0	2	129	131	128441
UNKNOWN	134	G	0.984732824427	A	0.00763358778626	1	0	129	1	131	128441
UNKNOWN	135	G	0.984732824427	A	0.0152671755725	2	0	129	0	131	128441
UNKNOWN	136	A	0.984732824427	G	0.0152671755725	129	0	2	0	131	128441
UNKNOWN	137	G	0.984732824427	T	0.0152671755725	0	0	129	2	131	128441
UNKNOWN	138	T	0.984732824427	G	0.0152671755725	0	0	2	129	131	128441
UNKNOWN	139	G	1.0	A	0.0	0	0	131	0	131	128441
UNKNOWN	140	G	0.977099236641	C	0.0152671755725	1	2	128	0	131	128441
UNKNOWN	141	C	0.984732824427	T	0.0152671755725	0	129	0	2	131	128441
UNKNOWN	142	T	0.984732824427	A	0.0152671755725	2	0	0	129	131	128441
UNKNOWN	143	T	0.984732824427	G	0.0152671755725	0	0	2	129	131	128441
UNKNOWN	144	G	1.0	A	0.0	0	0	131	0	131	128441
UNKNOWN	145	G	0.954198473282	A	0.0152671755725	2	2	125	2	131	128441
UNKNOWN	146	T	0.977099236641	G	0.0152671755725	0	1	2	128	131	128441
UNKNOWN	147	G	0.847328244275	C	0.0992366412214	4	13	111	3	131	128441
UNKNOWN	148	A	0.801526717557	G	0.160305343511	105	2	21	3	131	128441
UNKNOWN	149	T	0.954198473282	A	0.030534351145	4	2	0	125	131	128441
UNKNOWN	150	A	0.969465648855	T	0.0152671755725	127	0	2	2	131	128441
UNKNOWN	151	T	0.984732824427	A	0.0152671755725	2	0	0	129	131	128441
UNKNOWN	152	A	0.946564885496	G	0.0381679389313	124	0	5	2	131	128441
UNKNOWN	153	A	0.93893129771	C	0.030534351145	123	4	3	1	131	128441
UNKNOWN	154	G	0.81679389313	T	0.0992366412214	6	5	107	13	131	128441
UNKNOWN	155	C	0.824427480916	G	0.0992366412214	4	108	13	6	131	128441
UNKNOWN	156	A	0.977099236641	G	0.0229007633588	128	0	3	0	131	128441
UNKNOWN	157	G	0.87786259542	A	0.0839694656489	11	3	115	2	131	128441
UNKNOWN	158	T	0.977099236641	A	0.0152671755725	2	0	1	128	131	128441
UNKNOWN	159	G	0.809160305344	A	0.190839694656	25	0	106	0	131	128441
UNKNOWN	160	G	0.893129770992	A	0.0763358778626	10	1	117	3	131	128441
UNKNOWN	161	T	0.954198473282	G	0.0229007633588	1	2	3	125	131	128441
UNKNOWN	162	G	1.0	A	0.0	0	0	131	0	131	128441
UNKNOWN	163	G	0.977099236641	A	0.0229007633588	3	0	128	0	131	128441
UNKNOWN	164	A	0.984732824427	C	0.0152671755725	129	2	0	0	131	128441
UNKNOWN	165	A	0.977099236641	G	0.0152671755725	128	1	2	0	131	128441
UNKNOWN	166	G	0.656488549618	A	0.18320610687	24	14	86	7	131	128441
UNKNOWN	167	C	0.854961832061	A	0.12213740458	16	112	2	1	131	128441
UNKNOWN	168	A	0.862595419847	C	0.0763358778626	113	10	6	2	131	128441
UNKNOWN	169	C	0.900763358779	A	0.0916030534351	12	118	0	1	131	128441
UNKNOWN	170	A	0.931297709924	G	0.0610687022901	122	1	8	0	131	128441
UNKNOWN	171	G	0.801526717557	A	0.0992366412214	13	12	105	1	131	128441
UNKNOWN	172	G	0.480916030534	A	0.24427480916	32	12	63	24	131	128441
UNKNOWN	173	C	0.908396946565	T	0.0916030534351	0	119	0	12	131	128441
UNKNOWN	174	T	0.916030534351	A	0.0763358778626	10	0	1	120	131	128441
UNKNOWN	175	A	0.908396946565	T	0.0763358778626	119	0	2	10	131	128441
UNKNOWN	176	T	0.923664122137	A	0.0763358778626	10	0	0	121	131	128441
UNKNOWN	177	A	0.992366412214	C	0.00763358778626	130	1	0	0	131	128441
UNKNOWN	178	A	0.923664122137	C	0.0763358778626	121	10	0	0	131	128441
UNKNOWN	179	C	0.977099236641	T	0.0152671755725	0	128	1	2	131	128441
UNKNOWN	180	C	0.992366412214	G	0.00763358778626	0	130	1	0	131	128441
UNKNOWN	181	C	0.916030534351	A	0.0687022900763	9	120	0	2	131	128441
UNKNOWN	182	A	0.923664122137	G	0.0763358778626	121	0	10	0	131	128441
UNKNOWN	183	G	0.992366412214	A	0.00763358778626	1	0	130	0	131	128441
UNKNOWN	184	G	0.885496183206	C	0.106870229008	0	14	116	1	131	128441
UNKNOWN	185	C	1.0	A	0.0	0	131	0	0	131	128441
UNKNOWN	186	C	0.931297709924	T	0.0687022900763	0	122	0	9	131	128441
UNKNOWN	187	T	0.923664122137	G	0.0763358778626	0	0	10	121	131	128441
UNKNOWN	188	G	0.931297709924	A	0.0687022900763	9	0	122	0	131	128441
UNKNOWN	189	A	0.961832061069	G	0.030534351145	126	1	4	0	131	128441
UNKNOWN	190	A	1.0	C	0.0	131	0	0	0	131	128441
UNKNOWN	191	A	0.923664122137	T	0.0687022900763	121	1	0	9	131	128441
UNKNOWN	192	T	0.923664122137	C	0.0763358778626	0	10	0	121	131	128441
UNKNOWN	193	C	1.0	A	0.0	0	131	0	0	131	128441
UNKNOWN	194	C	1.0	A	0.0	0	131	0	0	131	128441
UNKNOWN	195	C	0.931297709924	G	0.0687022900763	0	122	9	0	131	128441
UNKNOWN	196	G	1.0	A	0.0	0	0	131	0	131	128441
UNKNOWN	197	G	0.87786259542	C	0.0763358778626	6	10	115	0	131	128441
UNKNOWN	198	C	0.923664122137	T	0.0763358778626	0	121	0	10	131	128441
UNKNOWN	199	T	0.923664122137	C	0.0763358778626	0	10	0	121	131	128441
UNKNOWN	200	C	0.931297709924	A	0.0610687022901	8	122	1	0	131	128441
UNKNOWN	201	A	0.923664122137	G	0.0763358778626	121	0	10	0	131	128441
UNKNOWN	202	G	0.839694656489	C	0.114503816794	0	15	110	6	131	128441
UNKNOWN	203	C	0.87786259542	A	0.0763358778626	10	115	0	6	131	128441
UNKNOWN	204	A	0.923664122137	T	0.0763358778626	121	0	0	10	131	128441
UNKNOWN	205	T	0.923664122137	C	0.0763358778626	0	10	0	121	131	128441
UNKNOWN	206	C	0.931297709924	A	0.0687022900763	9	122	0	0	131	128441
UNKNOWN	207	A	0.908396946565	C	0.0763358778626	119	10	2	0	131	128441
UNKNOWN	208	C	1.0	A	0.0	0	131	0	0	131	128441
UNKNOWN	209	C	0.854961832061	A	0.0839694656489	11	112	6	2	131	128441
UNKNOWN	210	A	0.969465648855	C	0.0229007633588	127	3	1	0	131	128441
UNKNOWN	211	A	0.870229007634	G	0.129770992366	114	0	17	0	131	128441
UNKNOWN	212	G	0.992366412214	C	0.00763358778626	0	1	130	0	131	128441
UNKNOWN	213	G	0.908396946565	C	0.0610687022901	4	8	119	0	131	128441
UNKNOWN	214	A	0.839694656489	C	0.0916030534351	110	12	9	0	131	128441
UNKNOWN	215	C	0.862595419847	A	0.0763358778626	10	113	8	0	131	128441
UNKNOWN	216	A	1.0	C	0.0	131	0	0	0	131	128441
UNKNOWN	217	A	0.900763358779	C	0.0916030534351	118	12	1	0	131	128441
UNKNOWN	218	C	0.908396946565	T	0.0763358778626	0	119	2	10	131	128441
UNKNOWN	219	T	0.916030534351	C	0.0839694656489	0	11	0	120	131	128441
UNKNOWN	220	C	0.992366412214	T	0.00763358778626	0	130	0	1	131	128441
UNKNOWN	221	C	0.923664122137	A	0.0763358778626	10	121	0	0	131	128441
UNKNOWN	222	A	1.0	C	0.0	131	0	0	0	131	128441
UNKNOWN	223	A	0.916030534351	G	0.0839694656489	120	0	11	0	131	128441
UNKNOWN	224	G	0.923664122137	A	0.0763358778626	10	0	121	0	131	128441
UNKNOWN	225	A	0.923664122137	G	0.0763358778626	121	0	10	0	131	128441
UNKNOWN	226	G	0.854961832061	C	0.0763358778626	8	10	112	1	131	128441
UNKNOWN	227	C	0.969465648855	T	0.030534351145	0	127	0	4	131	128441
UNKNOWN	228	C	0.923664122137	A	0.0763358778626	10	121	0	0	131	128441
UNKNOWN	229	A	0.992366412214	G	0.00763358778626	130	0	1	0	131	128441
UNKNOWN	230	A	0.923664122137	G	0.0687022900763	121	1	9	0	131	128441
UNKNOWN	231	G	0.847328244275	T	0.0916030534351	1	7	111	12	131	128441
UNKNOWN	232	T	0.916030534351	C	0.0839694656489	0	11	0	120	131	128441
UNKNOWN	233	C	0.908396946565	T	0.0839694656489	1	119	0	11	131	128441
UNKNOWN	234	T	0.923664122137	C	0.0763358778626	0	10	0	121	131	128441
UNKNOWN	235	C	0.923664122137	T	0.0763358778626	0	121	0	10	131	128441
UNKNOWN	236	T	0.900763358779	C	0.0992366412214	0	13	0	118	131	128441
UNKNOWN	237	C	0.923664122137	T	0.0763358778626	0	121	0	10	131	128441
UNKNOWN	238	T	0.916030534351	G	0.0763358778626	0	1	10	120	131	128441
UNKNOWN	239	G	0.893129770992	T	0.0839694656489	3	0	117	11	131	128441
UNKNOWN	240	T	0.923664122137	C	0.0763358778626	0	10	0	121	131	128441
UNKNOWN	241	C	0.87786259542	A	0.0763358778626	10	115	0	6	131	128441
UNKNOWN	242	A	0.908396946565	C	0.0763358778626	119	10	2	0	131	128441
UNKNOWN	243	C	0.900763358779	T	0.0839694656489	0	118	2	11	131	128441
UNKNOWN	244	T	0.923664122137	G	0.0763358778626	0	0	10	121	131	128441
UNKNOWN	245	G	0.908396946565	A	0.0763358778626	10	2	119	0	131	128441
UNKNOWN	246	A	0.908396946565	G	0.0839694656489	119	1	11	0	131	128441
UNKNOWN	247	G	0.702290076336	T	0.236641221374	6	2	92	31	131	128441
UNKNOWN	248	C	0.81679389313	T	0.106870229008	10	107	0	14	131	128441
UNKNOWN	249	A	0.75572519084	C	0.167938931298	99	22	10	0	131	128441
UNKNOWN	250	G	0.908396946565	C	0.0763358778626	2	10	119	0	131	128441
UNKNOWN	251	C	1.0	A	0.0	0	131	0	0	131	128441
UNKNOWN	252	C	0.900763358779	T	0.0763358778626	0	118	3	10	131	128441
UNKNOWN	253	T	0.916030534351	G	0.0763358778626	1	0	10	120	131	128441
UNKNOWN	254	G	0.923664122137	A	0.0763358778626	10	0	121	0	131	128441
UNKNOWN	255	A	0.923664122137	C	0.0763358778626	121	10	0	0	131	128441
UNKNOWN	256	C	0.923664122137	G	0.0763358778626	0	121	10	0	131	128441
UNKNOWN	257	G	0.854961832061	C	0.0839694656489	8	11	112	0	131	128441
UNKNOWN	258	C	0.977099236641	A	0.0229007633588	3	128	0	0	131	128441
UNKNOWN	259	C	0.916030534351	T	0.0839694656489	0	120	0	11	131	128441
UNKNOWN	260	T	0.916030534351	G	0.0839694656489	0	0	11	120	131	128441
UNKNOWN	261	G	0.916030534351	A	0.0763358778626	10	0	120	1	131	128441
UNKNOWN	262	A	0.923664122137	G	0.0763358778626	121	0	10	0	131	128441
UNKNOWN	263	G	0.977099236641	A	0.0152671755725	2	1	128	0	131	128441
UNKNOWN	264	G	0.87786259542	A	0.114503816794	15	0	115	1	131	128441
UNKNOWN	265	A	0.923664122137	C	0.0763358778626	121	10	0	0	131	128441
UNKNOWN	266	C	0.916030534351	T	0.0763358778626	1	120	0	10	131	128441
UNKNOWN	267	T	0.893129770992	C	0.0763358778626	2	10	2	117	131	128441
UNKNOWN	268	C	0.923664122137	A	0.0763358778626	10	121	0	0	131	128441
UNKNOWN	269	A	0.87786259542	G	0.0992366412214	115	1	13	2	131	128441
UNKNOWN	270	G	0.916030534351	C	0.0763358778626	1	10	120	0	131	128441
UNKNOWN	271	C	0.977099236641	G	0.0152671755725	1	128	2	0	131	128441
UNKNOWN	272	C	0.900763358779	G	0.0610687022901	3	118	8	2	131	128441
UNKNOWN	273	A	0.916030534351	C	0.0763358778626	120	10	1	0	131	128441
UNKNOWN	274	C	0.916030534351	A	0.0839694656489	11	120	0	0	131	128441
UNKNOWN	275	A	0.908396946565	T	0.0763358778626	119	1	1	10	131	128441
UNKNOWN	276	T	0.908396946565	A	0.0763358778626	10	1	1	119	131	128441
UNKNOWN	277	A	0.923664122137	C	0.0763358778626	121	10	0	0	131	128441
UNKNOWN	278	C	0.923664122137	T	0.0763358778626	0	121	0	10	131	128441
UNKNOWN	279	T	0.916030534351	A	0.0763358778626	10	1	0	120	131	128441
UNKNOWN	280	A	0.916030534351	C	0.0763358778626	120	10	0	1	131	128441
UNKNOWN	281	C	0.732824427481	T	0.259541984733	0	96	1	34	131	128441
UNKNOWN	282	T	0.908396946565	G	0.0916030534351	0	0	12	119	131	128441
