Type	Position	Nucl1	Freq1	Nucl2	Freq2	NumAs	NumCs	NumGs	NumTs	NumAligned	NumNaive
UNKNOWN	0	C	1.0	A	0.0	0	18636	0	0	18636	128441
UNKNOWN	1	A	1.0	C	0.0	18636	0	0	0	18636	128441
UNKNOWN	2	G	1.0	A	0.0	0	0	18636	0	18636	128441
UNKNOWN	3	G	1.0	A	0.0	0	0	18636	0	18636	128441
UNKNOWN	4	T	1.0	A	0.0	0	0	0	18636	18636	128441
UNKNOWN	5	G	1.0	A	0.0	0	0	18636	0	18636	128441
UNKNOWN	6	C	1.0	A	0.0	0	18636	0	0	18636	128441
UNKNOWN	7	A	0.996619446233	G	0.00279029834728	18573	4	52	7	18636	128441
UNKNOWN	8	G	0.990985189955	A	0.00697574586821	130	34	18468	4	18636	128441
UNKNOWN	9	C	0.996136509981	T	0.00289761751449	1	18564	17	54	18636	128441
UNKNOWN	10	T	0.998980467912	C	0.000858553337626	2	16	1	18617	18636	128441
UNKNOWN	11	G	0.997746297489	A	0.00155612792445	29	8	18594	5	18636	128441
UNKNOWN	12	C	0.998712169994	T	0.000912212921228	7	18612	0	17	18636	128441
UNKNOWN	13	G	0.998282893325	A	0.00150246834085	28	2	18604	2	18636	128441
UNKNOWN	14	G	0.850397080919	C	0.14734921657	27	2746	15848	15	18636	128441
UNKNOWN	15	G	0.998765829577	C	0.00064391500322	8	12	18613	3	18636	128441
UNKNOWN	16	A	0.997102382486	G	0.00182442584246	18582	18	34	2	18636	128441
UNKNOWN	17	G	0.995063318309	A	0.00380983043572	71	18	18544	3	18636	128441
UNKNOWN	18	T	0.997853616656	C	0.00150246834085	7	28	5	18596	18636	128441
UNKNOWN	19	C	0.999034127495	T	0.000858553337626	1	18618	1	16	18636	128441
UNKNOWN	20	G	0.997370680404	A	0.00230736209487	43	5	18587	1	18636	128441
UNKNOWN	21	G	0.99806825499	C	0.00155612792445	3	29	18600	4	18636	128441
UNKNOWN	22	G	0.998980467912	C	0.00064391500322	6	12	18617	1	18636	128441
UNKNOWN	23	C	0.999087787079	T	0.000804893754024	0	18619	2	15	18636	128441
UNKNOWN	24	C	0.999785361666	T	0.000214638334407	0	18632	0	4	18636	128441
UNKNOWN	25	C	0.999678042498	T	0.00032195750161	0	18630	0	6	18636	128441
UNKNOWN	26	C	0.998980467912	T	0.000536595836016	8	18617	1	10	18636	128441
UNKNOWN	27	A	0.996458467482	G	0.00284395793089	18570	12	53	1	18636	128441
UNKNOWN	28	G	0.993829147886	A	0.00466838377334	87	22	18521	6	18636	128441
UNKNOWN	29	C	0.997638978322	T	0.00225370251127	0	18592	2	42	18636	128441
UNKNOWN	30	C	0.998121914574	T	0.000804893754024	5	18601	15	15	18636	128441
UNKNOWN	31	T	0.996780424984	C	0.00150246834085	18	28	14	18576	18636	128441
UNKNOWN	32	G	0.992273019961	A	0.00434642627173	81	22	18492	41	18636	128441
UNKNOWN	33	G	0.995224297059	A	0.00279029834728	52	21	18547	16	18636	128441
UNKNOWN	34	T	0.995653573728	C	0.00364885168491	1	68	12	18555	18636	128441
UNKNOWN	35	G	0.997638978322	A	0.00171710667525	32	7	18592	5	18636	128441
UNKNOWN	36	A	0.996351148315	G	0.00198540459326	18568	27	37	4	18636	128441
UNKNOWN	37	A	0.994365743722	G	0.00407812835372	18531	25	76	4	18636	128441
UNKNOWN	38	G	0.998390212492	A	0.000751234170423	14	14	18606	2	18636	128441
UNKNOWN	39	C	0.994258424555	T	0.00445374543894	4	18529	20	83	18636	128441
UNKNOWN	40	C	0.999087787079	T	0.000751234170423	1	18619	2	14	18636	128441
UNKNOWN	41	C	0.99806825499	T	0.00128783000644	1	18600	11	24	18636	128441
UNKNOWN	42	T	0.996297488731	C	0.00311225584889	1	58	10	18567	18636	128441
UNKNOWN	43	C	0.998765829577	A	0.000697574586821	13	18613	1	9	18636	128441
UNKNOWN	44	A	0.996243829148	G	0.00193174500966	18566	22	36	12	18636	128441
UNKNOWN	45	C	0.996297488731	G	0.00193174500966	31	18567	36	2	18636	128441
UNKNOWN	46	A	0.995707233312	C	0.00225370251127	18556	42	37	1	18636	128441
UNKNOWN	47	G	0.99790727624	A	0.00155612792445	29	7	18597	3	18636	128441
UNKNOWN	48	A	0.99731702082	G	0.00150246834085	18586	19	28	3	18636	128441
UNKNOWN	49	C	0.998390212492	T	0.00123417042284	0	18606	7	23	18636	128441
UNKNOWN	50	C	0.995868212063	T	0.0032732345997	3	18559	13	61	18636	128441
UNKNOWN	51	C	0.998819489161	T	0.000965872504829	3	18614	1	18	18636	128441
UNKNOWN	52	T	0.997477999571	C	0.00225370251127	2	42	3	18589	18636	128441
UNKNOWN	53	C	0.998014595407	A	0.00112685125563	21	18599	2	14	18636	128441
UNKNOWN	54	T	0.993185232883	C	0.00359519210131	6	67	54	18509	18636	128441
UNKNOWN	55	C	0.998926808328	T	0.000912212921228	2	18616	1	17	18636	128441
UNKNOWN	56	C	0.997370680404	T	0.00160978750805	4	18587	15	30	18636	128441
UNKNOWN	57	C	0.997263361236	G	0.00171710667525	1	18585	32	18	18636	128441
UNKNOWN	58	T	0.99731702082	C	0.00241468126207	3	45	2	18586	18636	128441
UNKNOWN	59	C	0.99806825499	T	0.000697574586821	12	18600	11	13	18636	128441
UNKNOWN	60	A	0.995707233312	G	0.00214638334407	18556	30	40	10	18636	128441
UNKNOWN	61	C	0.998443872076	T	0.00101953208843	3	18607	7	19	18636	128441
UNKNOWN	62	C	0.995438935394	T	0.0033805537669	6	18551	16	63	18636	128441
UNKNOWN	63	T	0.997853616656	C	0.00134148959004	3	25	12	18596	18636	128441
UNKNOWN	64	G	0.998926808328	C	0.000536595836016	7	10	18616	3	18636	128441
UNKNOWN	65	C	0.997960935823	T	0.00139514917364	10	18598	2	26	18636	128441
UNKNOWN	66	A	0.993453530801	G	0.00466838377334	18514	30	87	5	18636	128441
UNKNOWN	67	C	0.996887744151	T	0.00220004292767	1	18578	16	41	18636	128441
UNKNOWN	68	G	0.993238892466	A	0.00568791586177	106	15	18510	5	18636	128441
UNKNOWN	69	G	0.96871646276	A	0.0293517922301	547	19	18053	17	18636	128441
UNKNOWN	70	T	0.988946125778	C	0.0098733633827	4	184	18	18430	18636	128441
UNKNOWN	71	C	0.984492380339	G	0.0108392358875	7	18347	202	80	18636	128441
UNKNOWN	72	T	0.994902339558	C	0.00289761751449	6	54	35	18541	18636	128441
UNKNOWN	73	C	0.997370680404	T	0.00182442584246	12	18587	3	34	18636	128441
UNKNOWN	74	T	0.992487658296	G	0.00370251126851	9	62	69	18496	18636	128441
UNKNOWN	75	G	0.995116977892	A	0.00402446877012	75	14	18545	2	18636	128441
UNKNOWN	76	G	0.991897402876	A	0.00617085211419	115	31	18485	5	18636	128441
UNKNOWN	77	A	0.993882807469	C	0.00246834084568	18522	46	43	25	18636	128441
UNKNOWN	78	T	0.991521785791	G	0.00423910710453	12	67	79	18478	18636	128441
UNKNOWN	79	T	0.996029190813	C	0.00311225584889	2	58	14	18562	18636	128441
UNKNOWN	80	C	0.993077913715	T	0.00611719253059	2	18507	13	114	18636	128441
UNKNOWN	81	T	0.995009658725	C	0.00354153251771	8	66	19	18543	18636	128441
UNKNOWN	82	C	0.995009658725	T	0.00359519210131	23	18543	3	67	18636	128441
UNKNOWN	83	A	0.991307147457	G	0.00547327752737	18474	33	102	27	18636	128441
UNKNOWN	84	C	0.734599699506	T	0.262449023396	12	13690	43	4891	18636	128441
UNKNOWN	85	T	0.995760892895	C	0.00236102167847	4	44	31	18557	18636	128441
UNKNOWN	86	G	0.979877656149	A	0.0178686413393	333	22	18261	20	18636	128441
UNKNOWN	87	A	0.991468126207	G	0.00627817128139	18477	37	117	5	18636	128441
UNKNOWN	88	G	0.95798454604	A	0.0258102597124	481	255	17853	47	18636	128441
UNKNOWN	89	C	0.958306503542	T	0.0274200472204	126	17859	140	511	18636	128441
UNKNOWN	90	A	0.976336123632	G	0.0186735350934	18195	66	348	27	18636	128441
UNKNOWN	91	G	0.871109680189	A	0.0811869499893	1513	668	16234	221	18636	128441
UNKNOWN	92	C	0.959111397296	T	0.0254346426272	76	17874	212	474	18636	128441
UNKNOWN	93	T	0.954389353939	A	0.0203906417686	380	109	361	17786	18636	128441
UNKNOWN	94	A	0.966892036918	G	0.0128783000644	18019	228	240	149	18636	128441
UNKNOWN	95	T	0.978804464477	C	0.00788795878944	111	147	137	18241	18636	128441
UNKNOWN	96	G	0.87143163769	A	0.0879480575231	1639	296	16240	461	18636	128441
UNKNOWN	97	C	0.87529512771	G	0.0633719682335	621	16312	1181	522	18636	128441
UNKNOWN	98	T	0.987389997854	G	0.00751234170423	20	75	140	18401	18636	128441
UNKNOWN	99	G	0.966731058167	A	0.0295664305645	551	18	18016	51	18636	128441
UNKNOWN	100	T	0.992970594548	C	0.00477570294055	16	89	26	18505	18636	128441
UNKNOWN	101	A	0.969467696931	G	0.0199613650998	18067	108	372	89	18636	128441
UNKNOWN	102	G	0.798615582743	A	0.181476711741	3382	247	14883	124	18636	128441
UNKNOWN	103	G	0.794805752307	A	0.14869070616	2771	823	14812	230	18636	128441
UNKNOWN	104	C	0.982238677828	T	0.00799527795664	68	18305	114	149	18636	128441
UNKNOWN	105	T	0.996995063318	C	0.00150246834085	3	28	25	18580	18636	128441
UNKNOWN	106	G	0.997960935823	T	0.00134148959004	9	4	18598	25	18636	128441
UNKNOWN	107	G	0.998980467912	C	0.000590255419618	6	11	18617	2	18636	128441
UNKNOWN	108	G	0.97928740073	A	0.0133612363168	249	99	18250	38	18636	128441
UNKNOWN	109	T	0.993507190384	C	0.00391714960292	2	73	46	18515	18636	128441
UNKNOWN	110	C	0.993721828719	A	0.00402446877012	75	18519	7	35	18636	128441
UNKNOWN	111	C	0.998497531659	G	0.000912212921228	0	18608	17	11	18636	128441
UNKNOWN	112	G	0.99790727624	C	0.00101953208843	17	19	18597	3	18636	128441
UNKNOWN	113	C	0.997477999571	T	0.00118051083924	7	18589	18	22	18636	128441
UNKNOWN	114	C	0.998443872076	A	0.000965872504829	18	18607	5	6	18636	128441
UNKNOWN	115	A	0.991199828289	G	0.00692208628461	18472	22	129	13	18636	128441
UNKNOWN	116	G	0.997370680404	A	0.00220004292767	41	4	18587	4	18636	128441
UNKNOWN	117	G	0.981272805323	A	0.0158832367461	296	44	18287	9	18636	128441
UNKNOWN	118	C	0.995707233312	T	0.0031659154325	1	18556	20	59	18636	128441
UNKNOWN	119	T	0.994312084138	C	0.00407812835372	10	76	20	18530	18636	128441
UNKNOWN	120	C	0.995546254561	T	0.00262931959648	6	18553	28	49	18636	128441
UNKNOWN	121	C	0.997585318738	A	0.00118051083924	22	18591	13	10	18636	128441
UNKNOWN	122	A	0.985887529513	G	0.0126100021464	18373	17	235	11	18636	128441
UNKNOWN	123	G	0.997424339987	A	0.00160978750805	30	12	18588	6	18636	128441
UNKNOWN	124	G	0.997531659154	A	0.00182442584246	34	7	18590	5	18636	128441
UNKNOWN	125	G	0.980360592402	A	0.0185125563426	345	16	18270	5	18636	128441
UNKNOWN	126	A	0.995814552479	G	0.00370251126851	18558	7	69	2	18636	128441
UNKNOWN	127	A	0.992219360378	G	0.00595621377978	18491	31	111	3	18636	128441
UNKNOWN	128	G	0.997799957072	A	0.00203906417686	38	1	18595	2	18636	128441
UNKNOWN	129	G	0.925413178794	A	0.0704013736853	1312	68	17246	10	18636	128441
UNKNOWN	130	C	0.992916934965	T	0.00466838377334	4	18504	41	87	18636	128441
UNKNOWN	131	G	0.908349431208	A	0.084728482507	1579	70	16928	59	18636	128441
UNKNOWN	132	C	0.990072977034	T	0.00761966087143	31	18451	12	142	18636	128441
UNKNOWN	133	T	0.986853402018	G	0.006600128783	8	114	123	18391	18636	128441
UNKNOWN	134	G	0.911247048723	T	0.0750160978751	247	9	16982	1398	18636	128441
UNKNOWN	135	G	0.994365743722	C	0.00300493668169	42	56	18531	7	18636	128441
UNKNOWN	136	A	0.994526722473	G	0.00391714960292	18534	21	73	8	18636	128441
UNKNOWN	137	G	0.980843528654	A	0.0149173642413	278	51	18279	28	18636	128441
UNKNOWN	138	T	0.995492594977	G	0.00257566001288	5	31	48	18552	18636	128441
UNKNOWN	139	G	0.991307147457	A	0.00552693711097	103	35	18474	24	18636	128441
UNKNOWN	140	G	0.811923159476	C	0.175091221292	14	3263	15131	228	18636	128441
UNKNOWN	141	C	0.918330113758	G	0.072601416613	115	17114	1353	54	18636	128441
UNKNOWN	142	T	0.996780424984	C	0.00230736209487	5	43	12	18576	18636	128441
UNKNOWN	143	C	0.909154324962	T	0.0862846104314	20	16943	65	1608	18636	128441
UNKNOWN	144	G	0.980575230736	A	0.018190598841	339	1	18274	22	18636	128441
UNKNOWN	145	G	0.989590040781	C	0.0067074479502	10	125	18442	59	18636	128441
UNKNOWN	146	T	0.972687271947	G	0.0128246404808	110	160	239	18127	18636	128441
UNKNOWN	147	G	0.816162266581	A	0.146705301567	2734	274	15210	418	18636	128441
UNKNOWN	148	G	0.717053015669	A	0.208789439794	3891	909	13363	473	18636	128441
UNKNOWN	149	T	0.944247692638	G	0.0229663017815	390	221	428	17597	18636	128441
UNKNOWN	150	A	0.926325391715	G	0.0662159261644	17263	39	1234	100	18636	128441
UNKNOWN	151	T	0.977462974887	G	0.00901481004507	91	161	168	18216	18636	128441
UNKNOWN	152	A	0.930510839236	G	0.0367031551835	17341	217	684	394	18636	128441
UNKNOWN	153	A	0.898315089075	G	0.0758209916291	16741	211	1413	271	18636	128441
UNKNOWN	154	G	0.807201116119	A	0.130553766903	2433	757	15043	403	18636	128441
UNKNOWN	155	C	0.859519210131	T	0.0885919725263	382	16018	585	1651	18636	128441
UNKNOWN	156	A	0.903949345353	G	0.0834406525005	16846	161	1555	74	18636	128441
UNKNOWN	157	G	0.865260785576	A	0.0738892466194	1377	779	16125	355	18636	128441
UNKNOWN	158	T	0.963994419403	G	0.0201760034342	119	176	376	17965	18636	128441
UNKNOWN	159	G	0.85801674179	A	0.111450955141	2077	419	15990	150	18636	128441
UNKNOWN	160	G	0.844279888388	A	0.0924554625456	1723	833	15734	346	18636	128441
UNKNOWN	161	T	0.964531015239	G	0.0162588538313	108	250	303	17975	18636	128441
UNKNOWN	162	G	0.983258209916	A	0.0141124704872	263	31	18324	18	18636	128441
UNKNOWN	163	G	0.978911783645	A	0.0136295342348	254	101	18243	38	18636	128441
UNKNOWN	164	A	0.954335694355	G	0.0294054518137	17785	152	548	151	18636	128441
UNKNOWN	165	A	0.925466838377	G	0.052532732346	17247	256	979	154	18636	128441
UNKNOWN	166	G	0.739375402447	A	0.132914788581	2477	1601	13779	779	18636	128441
UNKNOWN	167	C	0.858660656793	T	0.0600987336338	688	16002	826	1120	18636	128441
UNKNOWN	168	A	0.964101738571	G	0.0212491951062	17967	149	396	124	18636	128441
UNKNOWN	169	C	0.956965013951	T	0.0253809830436	182	17834	147	473	18636	128441
UNKNOWN	170	A	0.981755741575	G	0.00896115046147	18296	97	167	76	18636	128441
UNKNOWN	171	T	0.79394719897	G	0.148529727409	655	417	2768	14796	18636	128441
UNKNOWN	172	A	0.863060742649	G	0.085265078343	16084	463	1589	500	18636	128441
UNKNOWN	173	C	0.956321098948	T	0.0283859197253	68	17822	217	529	18636	128441
UNKNOWN	174	T	0.986531444516	C	0.0065464691994	71	122	58	18385	18636	128441
UNKNOWN	175	A	0.985941189096	T	0.00853187379266	18374	46	57	159	18636	128441
UNKNOWN	176	T	0.984385061172	C	0.0114294913071	45	213	33	18345	18636	128441
UNKNOWN	177	A	0.987550976604	C	0.00681476711741	18404	127	90	15	18636	128441
UNKNOWN	178	A	0.977838591973	G	0.011858767976	18223	143	221	49	18636	128441
UNKNOWN	179	C	0.900300493668	T	0.0806503541533	55	16778	300	1503	18636	128441
UNKNOWN	180	C	0.943496458467	T	0.0391178364456	78	17583	246	729	18636	128441
UNKNOWN	181	C	0.970165271517	T	0.0152929813265	154	18080	117	285	18636	128441
UNKNOWN	182	A	0.97333118695	G	0.0167954496673	18139	147	313	37	18636	128441
UNKNOWN	183	G	0.97064820777	A	0.019263790513	359	119	18089	69	18636	128441
UNKNOWN	184	C	0.974779995707	T	0.0124490233956	127	18166	111	232	18636	128441
UNKNOWN	185	C	0.997477999571	T	0.00123417042284	11	18589	13	23	18636	128441
UNKNOWN	186	C	0.990824211204	T	0.00584889461258	18	18465	44	109	18636	128441
UNKNOWN	187	T	0.993829147886	G	0.00236102167847	29	42	44	18521	18636	128441
UNKNOWN	188	G	0.973223867783	A	0.0218931101095	408	26	18137	65	18636	128441
UNKNOWN	189	A	0.9833118695	G	0.0127173213136	18325	46	237	28	18636	128441
UNKNOWN	190	A	0.992648637047	G	0.0032732345997	18499	55	61	21	18636	128441
UNKNOWN	191	A	0.990180296201	C	0.00354153251771	18453	66	66	51	18636	128441
UNKNOWN	192	T	0.990502253703	C	0.00600987336338	17	112	48	18459	18636	128441
UNKNOWN	193	C	0.994419403305	T	0.00423910710453	12	18532	13	79	18636	128441
UNKNOWN	194	C	0.990287615368	T	0.00692208628461	12	18455	40	129	18636	128441
UNKNOWN	195	C	0.996190169564	G	0.00300493668169	4	18565	56	11	18636	128441
UNKNOWN	196	G	0.992648637047	A	0.00584889461258	109	17	18499	11	18636	128441
UNKNOWN	197	G	0.924983902125	A	0.0552157115261	1029	232	17238	137	18636	128441
UNKNOWN	198	C	0.988785147027	T	0.00563425627817	45	18427	59	105	18636	128441
UNKNOWN	199	T	0.990985189955	C	0.00504400085855	37	94	37	18468	18636	128441
UNKNOWN	200	C	0.992219360378	A	0.00375617085211	70	18491	20	55	18636	128441
UNKNOWN	201	A	0.987711955355	G	0.00853187379266	18407	66	159	4	18636	128441
UNKNOWN	202	G	0.967750590255	C	0.0224297059455	96	418	18035	87	18636	128441
UNKNOWN	203	C	0.95664305645	T	0.0339665164198	115	17828	60	633	18636	128441
UNKNOWN	204	A	0.980467911569	G	0.0124490233956	18272	34	232	98	18636	128441
UNKNOWN	205	T	0.99195106246	C	0.00515132002576	29	96	25	18486	18636	128441
UNKNOWN	206	C	0.991468126207	T	0.00466838377334	54	18477	18	87	18636	128441
UNKNOWN	207	A	0.983258209916	G	0.00955140588109	18324	71	178	63	18636	128441
UNKNOWN	208	C	0.979448379481	G	0.0134148959004	71	18253	250	62	18636	128441
UNKNOWN	209	C	0.967643271088	T	0.0159905559133	100	18033	205	298	18636	128441
UNKNOWN	210	A	0.988570508693	C	0.00552693711097	18423	103	103	7	18636	128441
UNKNOWN	211	A	0.983043571582	G	0.0134148959004	18320	34	250	32	18636	128441
UNKNOWN	212	G	0.989160764112	A	0.00847821420906	158	32	18434	12	18636	128441
UNKNOWN	213	G	0.989804679116	A	0.00799527795664	149	19	18446	22	18636	128441
UNKNOWN	214	A	0.990180296201	C	0.00509766044215	18453	95	57	31	18636	128441
UNKNOWN	215	C	0.984492380339	T	0.00724404378622	66	18347	88	135	18636	128441
UNKNOWN	216	A	0.990502253703	G	0.00531229877656	18459	46	99	32	18636	128441
UNKNOWN	217	A	0.976819059884	C	0.0106782571367	18204	199	169	64	18636	128441
UNKNOWN	218	C	0.972257995278	T	0.020605280103	20	18119	113	384	18636	128441
UNKNOWN	219	T	0.986799742434	C	0.00595621377978	67	111	68	18390	18636	128441
UNKNOWN	220	C	0.994151105387	A	0.00354153251771	66	18527	6	37	18636	128441
UNKNOWN	221	C	0.990716892037	T	0.00380983043572	68	18463	34	71	18636	128441
UNKNOWN	222	A	0.978053230307	G	0.0126100021464	18227	166	235	8	18636	128441
UNKNOWN	223	A	0.982882592831	G	0.0130929383988	18317	38	244	37	18636	128441
UNKNOWN	224	G	0.982238677828	C	0.006600128783	122	123	18305	86	18636	128441
UNKNOWN	225	A	0.988302210775	G	0.00794161837304	18418	59	148	11	18636	128441
UNKNOWN	226	G	0.943442798884	A	0.0408349431208	761	286	17582	7	18636	128441
UNKNOWN	227	C	0.967267654003	T	0.0268834513844	52	18026	57	501	18636	128441
UNKNOWN	228	C	0.992112041211	A	0.00391714960292	73	18489	66	8	18636	128441
UNKNOWN	229	A	0.990233955785	T	0.00359519210131	18454	51	64	67	18636	128441
UNKNOWN	230	A	0.97601416613	G	0.0209808971882	18189	38	391	18	18636	128441
UNKNOWN	231	G	0.959218716463	A	0.0221077484439	412	224	17876	124	18636	128441
UNKNOWN	232	T	0.990770551621	C	0.0066537883666	12	124	36	18464	18636	128441
UNKNOWN	233	C	0.967267654003	T	0.0201223438506	20	18026	215	375	18636	128441
UNKNOWN	234	T	0.988463189526	C	0.006600128783	26	123	66	18421	18636	128441
UNKNOWN	235	C	0.991629104958	T	0.0067074479502	27	18480	4	125	18636	128441
UNKNOWN	236	T	0.980736209487	C	0.0111611933891	39	208	112	18277	18636	128441
UNKNOWN	237	C	0.988892466194	T	0.00638549044859	32	18429	56	119	18636	128441
UNKNOWN	238	T	0.994419403305	G	0.00273663876368	7	46	51	18532	18636	128441
UNKNOWN	239	G	0.938237819275	A	0.0439471989697	819	181	17485	151	18636	128441
UNKNOWN	240	T	0.983687486585	G	0.00633183086499	88	98	118	18332	18636	128441
UNKNOWN	241	C	0.9865851041	T	0.00901481004507	66	18386	16	168	18636	128441
UNKNOWN	242	A	0.975584889461	G	0.0116977892252	18181	174	218	63	18636	128441
UNKNOWN	243	G	0.897456535737	C	0.06734277742	531	1255	16725	125	18636	128441
UNKNOWN	244	T	0.98926808328	C	0.00520497960936	29	97	74	18436	18636	128441
UNKNOWN	245	G	0.969038420262	A	0.0210882163554	393	74	18059	110	18636	128441
UNKNOWN	246	A	0.979609358231	G	0.0155076196609	18256	76	289	15	18636	128441
UNKNOWN	247	G	0.920261858768	A	0.0489375402447	912	389	17150	185	18636	128441
UNKNOWN	248	C	0.965979823997	T	0.0229126421979	117	18002	90	427	18636	128441
UNKNOWN	249	A	0.985458252844	G	0.0108928954711	18365	60	203	8	18636	128441
UNKNOWN	250	G	0.976819059884	A	0.012395363812	231	169	18204	32	18636	128441
UNKNOWN	251	C	0.985941189096	T	0.00799527795664	37	18374	76	149	18636	128441
UNKNOWN	252	G	0.982936252415	A	0.00955140588109	178	79	18318	61	18636	128441
UNKNOWN	253	T	0.989751019532	C	0.00525863919296	18	98	75	18445	18636	128441
UNKNOWN	254	G	0.963565142734	A	0.0225906846963	421	113	17957	145	18636	128441
UNKNOWN	255	A	0.977141017386	G	0.0155076196609	18210	82	289	55	18636	128441
UNKNOWN	256	C	0.988141232024	T	0.00531229877656	71	18415	51	99	18636	128441
UNKNOWN	257	A	0.965765185662	G	0.0202833226014	17998	129	378	131	18636	128441
UNKNOWN	258	C	0.877924447306	A	0.101899549259	1899	16361	205	171	18636	128441
UNKNOWN	259	C	0.975477570294	T	0.0153466409101	61	18179	110	286	18636	128441
UNKNOWN	260	T	0.952403949345	C	0.026937110968	79	502	306	17749	18636	128441
UNKNOWN	261	G	0.987711955355	A	0.00853187379266	159	23	18407	47	18636	128441
UNKNOWN	262	A	0.98465335909	G	0.00922944837948	18350	86	172	28	18636	128441
UNKNOWN	263	G	0.945535522644	A	0.0339128568362	632	293	17621	90	18636	128441
UNKNOWN	264	G	0.988516849109	A	0.00756600128783	141	27	18422	46	18636	128441
UNKNOWN	265	A	0.987121699936	C	0.00745868212063	18396	139	69	32	18636	128441
UNKNOWN	266	C	0.975960506546	T	0.0112685125563	178	18188	60	210	18636	128441
UNKNOWN	267	A	0.975960506546	G	0.0107855763039	18188	69	201	178	18636	128441
UNKNOWN	268	C	0.98792659369	G	0.00456106460614	74	18411	85	66	18636	128441
UNKNOWN	269	G	0.988194891608	A	0.00541961794376	101	56	18416	63	18636	128441
UNKNOWN	270	G	0.989321742863	A	0.00407812835372	76	71	18437	52	18636	128441
UNKNOWN	271	C	0.98942906203	A	0.0067074479502	125	18439	52	20	18636	128441
UNKNOWN	272	C	0.987604636188	A	0.00740502253703	138	18405	39	54	18636	128441
UNKNOWN	273	A	0.98792659369	G	0.00568791586177	18411	65	106	54	18636	128441
UNKNOWN	274	C	0.982882592831	A	0.00681476711741	127	18317	69	123	18636	128441
UNKNOWN	275	A	0.971667739858	G	0.014273449238	18108	144	266	118	18636	128441
UNKNOWN	276	T	0.987175359519	G	0.00488302210775	75	73	91	18397	18636	128441
UNKNOWN	277	A	0.99001931745	C	0.00434642627173	18450	81	53	52	18636	128441
UNKNOWN	278	C	0.941242755956	T	0.0551620519425	51	17541	16	1028	18636	128441
UNKNOWN	279	T	0.977570294055	C	0.00815625670745	123	152	143	18218	18636	128441
UNKNOWN	280	A	0.961687057308	T	0.0171174071689	17922	267	128	319	18636	128441
UNKNOWN	281	C	0.964316376905	T	0.0311762180725	53	17971	31	581	18636	128441
UNKNOWN	282	T	0.9833118695	G	0.0114294913071	66	32	213	18325	18636	128441
