Type	Position	Nucl1	Freq1	Nucl2	Freq2	NumAs	NumCs	NumGs	NumTs	NumAligned	NumNaive
UNKNOWN	0	C	1.0	A	0.0	0	6212	0	0	6212	128441
UNKNOWN	1	A	1.0	C	0.0	6212	0	0	0	6212	128441
UNKNOWN	2	G	1.0	A	0.0	0	0	6212	0	6212	128441
UNKNOWN	3	G	1.0	A	0.0	0	0	6212	0	6212	128441
UNKNOWN	4	T	1.0	A	0.0	0	0	0	6212	6212	128441
UNKNOWN	5	G	1.0	A	0.0	0	0	6212	0	6212	128441
UNKNOWN	6	C	1.0	A	0.0	0	6212	0	0	6212	128441
UNKNOWN	7	A	0.995653573728	G	0.00354153251771	6185	3	22	2	6212	128441
UNKNOWN	8	G	0.976336123632	A	0.018995492595	118	28	6065	1	6212	128441
UNKNOWN	9	C	0.997102382486	T	0.00225370251127	0	6194	4	14	6212	128441
UNKNOWN	10	T	0.998390212492	C	0.00144880875724	1	9	0	6202	6212	128441
UNKNOWN	11	G	0.997585318738	A	0.00128783000644	8	2	6197	5	6212	128441
UNKNOWN	12	C	0.998873148744	T	0.000804893754024	0	6205	2	5	6212	128441
UNKNOWN	13	G	0.998551191243	A	0.000804893754024	5	4	6203	0	6212	128441
UNKNOWN	14	G	0.976497102382	C	0.0201223438506	20	125	6066	1	6212	128441
UNKNOWN	15	G	0.998873148744	C	0.000804893754024	1	5	6205	1	6212	128441
UNKNOWN	16	A	0.996941403735	G	0.00177076625885	6193	3	11	5	6212	128441
UNKNOWN	17	G	0.997746297489	A	0.00160978750805	10	4	6198	0	6212	128441
UNKNOWN	18	T	0.99806825499	C	0.00128783000644	2	8	2	6200	6212	128441
UNKNOWN	19	C	0.999678042498	T	0.00032195750161	0	6210	0	2	6212	128441
UNKNOWN	20	G	0.998712169994	A	0.00112685125563	7	1	6204	0	6212	128441
UNKNOWN	21	G	0.998551191243	C	0.00128783000644	1	8	6203	0	6212	128441
UNKNOWN	22	G	0.999517063748	C	0.000482936252415	0	3	6209	0	6212	128441
UNKNOWN	23	C	0.999195106246	T	0.000804893754024	0	6207	0	5	6212	128441
UNKNOWN	24	C	0.999356084997	T	0.00064391500322	0	6208	0	4	6212	128441
UNKNOWN	25	C	0.999839021249	A	0.000160978750805	1	6211	0	0	6212	128441
UNKNOWN	26	C	0.999517063748	T	0.00032195750161	1	6209	0	2	6212	128441
UNKNOWN	27	A	0.99790727624	G	0.00193174500966	6199	1	12	0	6212	128441
UNKNOWN	28	G	0.990824211204	A	0.00740502253703	46	11	6155	0	6212	128441
UNKNOWN	29	C	0.997585318738	T	0.00241468126207	0	6197	0	15	6212	128441
UNKNOWN	30	C	0.999356084997	T	0.00064391500322	0	6208	0	4	6212	128441
UNKNOWN	31	T	0.997102382486	C	0.00225370251127	1	14	3	6194	6212	128441
UNKNOWN	32	G	0.990824211204	A	0.00611719253059	38	4	6155	15	6212	128441
UNKNOWN	33	G	0.997424339987	A	0.00128783000644	8	5	6196	3	6212	128441
UNKNOWN	34	T	0.988409529942	A	0.00869285254346	54	13	5	6140	6212	128441
UNKNOWN	35	G	0.999034127495	A	0.00064391500322	4	0	6206	2	6212	128441
UNKNOWN	36	A	0.994687701223	C	0.00402446877012	6179	25	8	0	6212	128441
UNKNOWN	37	A	0.995492594977	G	0.00273663876368	6184	11	17	0	6212	128441
UNKNOWN	38	G	0.996941403735	A	0.00241468126207	15	3	6193	1	6212	128441
UNKNOWN	39	C	0.996619446233	T	0.00257566001288	1	6191	4	16	6212	128441
UNKNOWN	40	C	1.0	A	0.0	0	6212	0	0	6212	128441
UNKNOWN	41	C	0.998229233741	T	0.000804893754024	3	6201	3	5	6212	128441
UNKNOWN	42	T	0.996780424984	C	0.00289761751449	2	18	0	6192	6212	128441
UNKNOWN	43	C	0.998873148744	T	0.000804893754024	2	6205	0	5	6212	128441
UNKNOWN	44	A	0.997585318738	G	0.00160978750805	6197	4	10	1	6212	128441
UNKNOWN	45	C	0.997102382486	G	0.00241468126207	2	6194	15	1	6212	128441
UNKNOWN	46	A	0.997585318738	G	0.00144880875724	6197	3	9	3	6212	128441
UNKNOWN	47	G	0.998873148744	A	0.000965872504829	6	0	6205	1	6212	128441
UNKNOWN	48	A	0.995492594977	G	0.00273663876368	6184	7	17	4	6212	128441
UNKNOWN	49	C	0.996297488731	T	0.00177076625885	1	6189	11	11	6212	128441
UNKNOWN	50	C	0.995492594977	T	0.00273663876368	0	6184	11	17	6212	128441
UNKNOWN	51	C	0.999034127495	T	0.00064391500322	2	6206	0	4	6212	128441
UNKNOWN	52	T	0.997263361236	C	0.00241468126207	1	15	1	6195	6212	128441
UNKNOWN	53	C	0.999034127495	T	0.000804893754024	0	6206	1	5	6212	128441
UNKNOWN	54	T	0.98792659369	G	0.00901481004507	0	19	56	6137	6212	128441
UNKNOWN	55	C	0.991146168706	T	0.00788795878944	3	6157	3	49	6212	128441
UNKNOWN	56	C	0.990341274952	T	0.00820991629105	2	6152	7	51	6212	128441
UNKNOWN	57	C	0.998551191243	T	0.000804893754024	0	6203	4	5	6212	128441
UNKNOWN	58	T	0.996458467482	C	0.0033805537669	1	21	0	6190	6212	128441
UNKNOWN	59	C	0.996941403735	A	0.00225370251127	14	6193	1	4	6212	128441
UNKNOWN	60	A	0.997585318738	G	0.00128783000644	6197	6	8	1	6212	128441
UNKNOWN	61	C	0.994687701223	T	0.00482936252415	0	6179	3	30	6212	128441
UNKNOWN	62	C	0.995492594977	T	0.00289761751449	0	6184	10	18	6212	128441
UNKNOWN	63	T	0.99806825499	C	0.00144880875724	0	9	3	6200	6212	128441
UNKNOWN	64	G	0.999356084997	A	0.00032195750161	2	2	6208	0	6212	128441
UNKNOWN	65	C	0.99790727624	T	0.00193174500966	1	6199	0	12	6212	128441
UNKNOWN	66	A	0.99404378622	G	0.00257566001288	6175	9	16	12	6212	128441
UNKNOWN	67	C	0.996941403735	T	0.00209272376046	1	6193	5	13	6212	128441
UNKNOWN	68	G	0.990663232453	A	0.00837089504185	52	5	6154	1	6212	128441
UNKNOWN	69	G	0.974404378622	A	0.0223760463619	139	15	6053	5	6212	128441
UNKNOWN	70	T	0.992273019961	C	0.00676110753381	0	42	6	6164	6212	128441
UNKNOWN	71	C	0.966355441082	T	0.0194784288474	1	6003	87	121	6212	128441
UNKNOWN	72	T	0.996780424984	C	0.00273663876368	1	17	2	6192	6212	128441
UNKNOWN	73	C	0.998712169994	T	0.000965872504829	1	6204	1	6	6212	128441
UNKNOWN	74	T	0.995170637476	C	0.00257566001288	0	16	14	6182	6212	128441
UNKNOWN	75	G	0.992273019961	A	0.00692208628461	43	5	6164	0	6212	128441
UNKNOWN	76	G	0.974565357373	T	0.0127173213136	71	8	6054	79	6212	128441
UNKNOWN	77	A	0.994687701223	C	0.0032195750161	6179	20	8	5	6212	128441
UNKNOWN	78	T	0.99195106246	C	0.00579523502898	9	36	5	6162	6212	128441
UNKNOWN	79	T	0.996458467482	C	0.0032195750161	0	20	2	6190	6212	128441
UNKNOWN	80	C	0.973277527366	G	0.0167417900837	5	6046	104	57	6212	128441
UNKNOWN	81	T	0.994848679974	C	0.00370251126851	1	23	8	6180	6212	128441
UNKNOWN	82	C	0.992112041211	T	0.00708306503542	5	6163	0	44	6212	128441
UNKNOWN	83	A	0.991307147457	G	0.00676110753381	6158	5	42	7	6212	128441
UNKNOWN	84	T	0.993077913715	C	0.00434642627173	2	27	14	6169	6212	128441
UNKNOWN	85	T	0.998873148744	G	0.000804893754024	0	2	5	6205	6212	128441
UNKNOWN	86	G	0.96200901481	A	0.0320347714102	199	31	5976	6	6212	128441
UNKNOWN	87	A	0.979233741146	G	0.0138441725692	6083	12	86	31	6212	128441
UNKNOWN	88	G	0.931423052157	A	0.0437862202189	272	108	5786	46	6212	128441
UNKNOWN	89	C	0.968609143593	T	0.0202833226014	32	6017	37	126	6212	128441
UNKNOWN	90	A	0.969896973599	G	0.0265614938828	6025	17	165	5	6212	128441
UNKNOWN	91	G	0.848358016742	A	0.0766258853831	476	220	5270	246	6212	128441
UNKNOWN	92	C	0.951867353509	T	0.0283322601417	43	5913	80	176	6212	128441
UNKNOWN	93	A	0.888763683194	G	0.053605924018	5521	61	333	297	6212	128441
UNKNOWN	94	A	0.958950418545	G	0.0236638763683	5957	48	147	60	6212	128441
UNKNOWN	95	T	0.964101738571	G	0.0210882163554	57	35	131	5989	6212	128441
UNKNOWN	96	G	0.873631680618	A	0.116870573084	726	38	5427	21	6212	128441
UNKNOWN	97	G	0.649227301996	A	0.205569864778	1277	784	4033	118	6212	128441
UNKNOWN	98	T	0.982775273664	G	0.00724404378622	23	39	45	6105	6212	128441
UNKNOWN	99	G	0.945589182228	A	0.0508692852543	316	7	5874	15	6212	128441
UNKNOWN	100	T	0.997746297489	C	0.00144880875724	4	9	1	6198	6212	128441
UNKNOWN	101	A	0.965067611075	G	0.024790727624	5995	22	154	41	6212	128441
UNKNOWN	102	G	0.698808757244	A	0.148905344495	925	877	4341	69	6212	128441
UNKNOWN	103	T	0.929491307147	G	0.033805537669	110	118	210	5774	6212	128441
UNKNOWN	104	C	0.929813264649	T	0.0391178364456	21	5776	172	243	6212	128441
UNKNOWN	105	T	0.997424339987	C	0.00160978750805	0	10	6	6196	6212	128441
UNKNOWN	106	G	0.999034127495	A	0.00064391500322	4	0	6206	2	6212	128441
UNKNOWN	107	G	0.999195106246	C	0.000482936252415	1	3	6207	1	6212	128441
UNKNOWN	108	G	0.94800386349	A	0.0423374114617	263	19	5889	41	6212	128441
UNKNOWN	109	T	0.996941403735	C	0.00241468126207	1	15	3	6193	6212	128441
UNKNOWN	110	C	0.997424339987	T	0.00177076625885	4	6196	1	11	6212	128441
UNKNOWN	111	C	0.999034127495	G	0.00064391500322	0	6206	4	2	6212	128441
UNKNOWN	112	G	0.998551191243	A	0.000804893754024	5	4	6203	0	6212	128441
UNKNOWN	113	C	0.996458467482	T	0.00305859626529	3	6190	0	19	6212	128441
UNKNOWN	114	C	0.999034127495	A	0.000804893754024	5	6206	0	1	6212	128441
UNKNOWN	115	A	0.989214423696	G	0.00933676754668	6145	5	58	4	6212	128441
UNKNOWN	116	G	0.998551191243	A	0.000965872504829	6	2	6203	1	6212	128441
UNKNOWN	117	G	0.977462974887	A	0.0201223438506	125	15	6072	0	6212	128441
UNKNOWN	118	C	0.997424339987	G	0.00128783000644	1	6196	8	7	6212	128441
UNKNOWN	119	T	0.995331616227	C	0.00386349001932	0	24	5	6183	6212	128441
UNKNOWN	120	C	0.995009658725	T	0.00386349001932	2	6181	5	24	6212	128441
UNKNOWN	121	C	0.997102382486	T	0.00209272376046	5	6194	0	13	6212	128441
UNKNOWN	122	A	0.993882807469	G	0.00531229877656	6174	4	33	1	6212	128441
UNKNOWN	123	G	0.993882807469	A	0.00482936252415	30	3	6174	5	6212	128441
UNKNOWN	124	G	0.997263361236	A	0.00257566001288	16	1	6195	0	6212	128441
UNKNOWN	125	G	0.956535737283	A	0.0400837089504	249	19	5942	2	6212	128441
UNKNOWN	126	A	0.998390212492	G	0.000965872504829	6202	3	6	1	6212	128441
UNKNOWN	127	A	0.990985189955	G	0.00853187379266	6156	3	53	0	6212	128441
UNKNOWN	128	G	0.993238892466	C	0.00563425627817	5	35	6170	2	6212	128441
UNKNOWN	129	G	0.955408886027	A	0.03799098519	236	35	5935	6	6212	128441
UNKNOWN	130	C	0.996619446233	T	0.00177076625885	1	6191	9	11	6212	128441
UNKNOWN	131	G	0.973760463619	A	0.0239858338699	149	6	6049	8	6212	128441
UNKNOWN	132	C	0.994365743722	T	0.00515132002576	1	6177	2	32	6212	128441
UNKNOWN	133	T	0.993399871217	C	0.00418544752093	1	26	14	6171	6212	128441
UNKNOWN	134	G	0.991468126207	A	0.006600128783	41	3	6159	9	6212	128441
UNKNOWN	135	G	0.993721828719	A	0.00450740502254	28	10	6173	1	6212	128441
UNKNOWN	136	A	0.994848679974	G	0.00418544752093	6180	4	26	2	6212	128441
UNKNOWN	137	G	0.985672891178	A	0.0112685125563	70	13	6123	6	6212	128441
UNKNOWN	138	T	0.996619446233	C	0.00160978750805	1	10	10	6191	6212	128441
UNKNOWN	139	G	0.996297488731	A	0.00241468126207	15	2	6189	6	6212	128441
UNKNOWN	140	G	0.992112041211	C	0.00531229877656	7	33	6163	9	6212	128441
UNKNOWN	141	C	0.986638763683	G	0.0101416613007	7	6129	63	13	6212	128441
UNKNOWN	142	T	0.996297488731	C	0.00289761751449	5	18	0	6189	6212	128441
UNKNOWN	143	C	0.983419188667	T	0.0141661300708	4	6109	11	88	6212	128441
UNKNOWN	144	G	0.991307147457	A	0.00820991629105	51	1	6158	2	6212	128441
UNKNOWN	145	G	0.990824211204	C	0.00740502253703	3	46	6155	8	6212	128441
UNKNOWN	146	T	0.967643271088	C	0.0156149388281	39	97	65	6011	6212	128441
UNKNOWN	147	G	0.644558918223	A	0.320830650354	1993	66	4004	149	6212	128441
UNKNOWN	148	G	0.756117192531	A	0.115260785576	716	588	4697	211	6212	128441
UNKNOWN	149	T	0.926271732131	G	0.0371860914359	159	68	231	5754	6212	128441
UNKNOWN	150	A	0.901481004507	G	0.0827430779137	5600	67	514	31	6212	128441
UNKNOWN	151	T	0.974243399871	C	0.0104636188023	54	65	41	6052	6212	128441
UNKNOWN	152	A	0.924500965873	C	0.0407276239536	5743	253	172	44	6212	128441
UNKNOWN	153	T	0.976819059884	A	0.0120734063104	75	15	54	6068	6212	128441
UNKNOWN	154	G	0.982936252415	A	0.0112685125563	70	20	6106	16	6212	128441
UNKNOWN	155	C	0.900515132003	T	0.0949774629749	16	5594	12	590	6212	128441
UNKNOWN	156	A	0.887636831938	G	0.105763039279	5514	27	657	14	6212	128441
UNKNOWN	157	G	0.866226658081	A	0.0883773341919	549	190	5381	92	6212	128441
UNKNOWN	158	T	0.938989053445	G	0.0428203477141	52	61	266	5833	6212	128441
UNKNOWN	159	G	0.811332904057	A	0.160817772054	999	137	5040	36	6212	128441
UNKNOWN	160	G	0.821313586607	A	0.140373470702	872	131	5102	107	6212	128441
UNKNOWN	161	T	0.959111397296	C	0.0196394075982	39	122	93	5958	6212	128441
UNKNOWN	162	G	0.971506761108	A	0.0280103026401	174	2	6035	1	6212	128441
UNKNOWN	163	G	0.953799098519	A	0.0418544752093	260	18	5925	9	6212	128441
UNKNOWN	164	A	0.977784932389	G	0.0130392788152	6074	24	81	33	6212	128441
UNKNOWN	165	A	0.941725692209	G	0.0500643915003	5850	42	311	9	6212	128441
UNKNOWN	166	G	0.849806825499	C	0.0825820991629	270	513	5279	150	6212	128441
UNKNOWN	167	C	0.86606567933	T	0.0653573728268	164	5380	262	406	6212	128441
UNKNOWN	168	A	0.968770122344	C	0.0183515775918	6018	114	67	13	6212	128441
UNKNOWN	169	C	0.96200901481	T	0.0230199613651	56	5976	37	143	6212	128441
UNKNOWN	170	A	0.946394075982	G	0.0407276239536	5879	62	253	18	6212	128441
UNKNOWN	171	A	0.866709594334	G	0.0862846104314	5384	59	536	233	6212	128441
UNKNOWN	172	G	0.759819703799	A	0.179813264649	1117	294	4720	81	6212	128441
UNKNOWN	173	C	0.864616870573	G	0.0835479716677	128	5371	519	194	6212	128441
UNKNOWN	174	T	0.975209272376	C	0.0175466838377	21	109	24	6058	6212	128441
UNKNOWN	175	T	0.97005795235	A	0.0178686413393	111	40	35	6026	6212	128441
UNKNOWN	176	T	0.967643271088	G	0.0159368963297	29	73	99	6011	6212	128441
UNKNOWN	177	A	0.990180296201	C	0.00579523502898	6151	36	20	5	6212	128441
UNKNOWN	178	A	0.987604636188	C	0.00772698003863	6135	48	23	6	6212	128441
UNKNOWN	179	C	0.933515775918	T	0.0581133290406	11	5799	41	361	6212	128441
UNKNOWN	180	C	0.943013522215	T	0.0423374114617	19	5858	72	263	6212	128441
UNKNOWN	181	C	0.993399871217	T	0.0033805537669	18	6171	2	21	6212	128441
UNKNOWN	182	A	0.976980038635	C	0.0114294913071	6069	71	70	2	6212	128441
UNKNOWN	183	G	0.959755312299	A	0.0342884739214	213	30	5962	7	6212	128441
UNKNOWN	184	C	0.969575016098	T	0.0239858338699	7	6023	33	149	6212	128441
UNKNOWN	185	C	0.998873148744	G	0.00064391500322	1	6205	4	2	6212	128441
UNKNOWN	186	C	0.996297488731	T	0.00289761751449	5	6189	0	18	6212	128441
UNKNOWN	187	T	0.995492594977	G	0.0032195750161	4	4	20	6184	6212	128441
UNKNOWN	188	G	0.969092079845	A	0.0238248551191	148	4	6020	40	6212	128441
UNKNOWN	189	A	0.988409529942	G	0.00772698003863	6140	18	48	6	6212	128441
UNKNOWN	190	A	0.99195106246	C	0.00354153251771	6162	22	13	15	6212	128441
UNKNOWN	191	A	0.992916934965	T	0.00305859626529	6168	9	16	19	6212	128441
UNKNOWN	192	T	0.986799742434	A	0.0064391500322	40	31	11	6130	6212	128441
UNKNOWN	193	C	0.995331616227	A	0.00160978750805	10	6183	10	9	6212	128441
UNKNOWN	194	C	0.981004507405	T	0.0149710238249	9	6094	16	93	6212	128441
UNKNOWN	195	C	0.997102382486	G	0.00160978750805	4	6194	10	4	6212	128441
UNKNOWN	196	G	0.98808757244	A	0.0099806825499	62	0	6138	12	6212	128441
UNKNOWN	197	G	0.896490663232	A	0.0848358016742	527	84	5569	32	6212	128441
UNKNOWN	198	C	0.990663232453	G	0.00386349001932	13	6154	24	21	6212	128441
UNKNOWN	199	T	0.993882807469	C	0.00386349001932	7	24	7	6174	6212	128441
UNKNOWN	200	C	0.992755956214	T	0.00370251126851	18	6167	4	23	6212	128441
UNKNOWN	201	A	0.990663232453	G	0.00772698003863	6154	8	48	2	6212	128441
UNKNOWN	202	G	0.969092079845	C	0.0199613650998	25	124	6020	43	6212	128441
UNKNOWN	203	C	0.926754668384	T	0.0571474565357	62	5757	38	355	6212	128441
UNKNOWN	204	A	0.986638763683	G	0.00804893754024	6129	15	50	18	6212	128441
UNKNOWN	205	T	0.992594977463	C	0.00611719253059	3	38	5	6166	6212	128441
UNKNOWN	206	C	0.988892466194	A	0.00547327752737	34	6143	2	33	6212	128441
UNKNOWN	207	A	0.986799742434	G	0.00595621377978	6130	18	37	27	6212	128441
UNKNOWN	208	C	0.98197037991	G	0.0107855763039	16	6100	67	29	6212	128441
UNKNOWN	209	C	0.950901481005	G	0.0201223438506	57	5907	125	123	6212	128441
UNKNOWN	210	A	0.98197037991	G	0.0130392788152	6100	30	81	1	6212	128441
UNKNOWN	211	A	0.982775273664	G	0.0146490663232	6105	11	91	5	6212	128441
UNKNOWN	212	G	0.979877656149	A	0.0136831938184	85	28	6087	12	6212	128441
UNKNOWN	213	G	0.991146168706	A	0.00692208628461	43	6	6157	6	6212	128441
UNKNOWN	214	A	0.992112041211	G	0.00402446877012	6163	20	25	4	6212	128441
UNKNOWN	215	C	0.977141017386	T	0.0146490663232	15	6070	36	91	6212	128441
UNKNOWN	216	A	0.985511912428	G	0.00933676754668	6122	20	58	12	6212	128441
UNKNOWN	217	A	0.985672891178	C	0.00724404378622	6123	45	35	9	6212	128441
UNKNOWN	218	C	0.977462974887	T	0.0178686413393	2	6072	27	111	6212	128441
UNKNOWN	219	T	0.989053444945	C	0.00418544752093	22	26	20	6144	6212	128441
UNKNOWN	220	C	0.993399871217	T	0.00370251126851	16	6171	2	23	6212	128441
UNKNOWN	221	C	0.986799742434	T	0.0101416613007	13	6130	6	63	6212	128441
UNKNOWN	222	A	0.979716677399	G	0.0112685125563	6086	52	70	4	6212	128441
UNKNOWN	223	A	0.97198969736	G	0.0235028976175	6038	21	146	7	6212	128441
UNKNOWN	224	G	0.963618802318	A	0.0273663876368	170	47	5986	9	6212	128441
UNKNOWN	225	A	0.986799742434	G	0.00917578879588	6130	21	57	4	6212	128441
UNKNOWN	226	G	0.946877012234	A	0.0458789439794	285	41	5882	4	6212	128441
UNKNOWN	227	C	0.969735994849	T	0.0262395363812	11	6024	14	163	6212	128441
UNKNOWN	228	C	0.992755956214	A	0.00418544752093	26	6167	13	6	6212	128441
UNKNOWN	229	A	0.993399871217	G	0.00273663876368	6171	12	17	12	6212	128441
UNKNOWN	230	A	0.964906632325	G	0.0309079201545	5994	21	192	5	6212	128441
UNKNOWN	231	G	0.961687057308	A	0.0281712813909	175	27	5974	36	6212	128441
UNKNOWN	232	T	0.991146168706	C	0.0064391500322	3	40	12	6157	6212	128441
UNKNOWN	233	C	0.953638119768	G	0.024790727624	18	5924	154	116	6212	128441
UNKNOWN	234	T	0.985833869929	C	0.00692208628461	20	43	25	6124	6212	128441
UNKNOWN	235	C	0.993399871217	T	0.00563425627817	5	6171	1	35	6212	128441
UNKNOWN	236	T	0.9800386349	C	0.0106245975531	17	66	41	6088	6212	128441
UNKNOWN	237	C	0.993077913715	T	0.00402446877012	8	6169	10	25	6212	128441
UNKNOWN	238	T	0.994687701223	G	0.00305859626529	3	11	19	6179	6212	128441
UNKNOWN	239	G	0.930296200901	A	0.053605924018	333	70	5779	30	6212	128441
UNKNOWN	240	T	0.981809401159	G	0.0117514488088	12	28	73	6099	6212	128441
UNKNOWN	241	C	0.99001931745	T	0.00772698003863	14	6150	0	48	6212	128441
UNKNOWN	242	A	0.98406310367	G	0.0104636188023	6113	27	65	7	6212	128441
UNKNOWN	243	G	0.848358016742	C	0.0980360592402	290	609	5270	43	6212	128441
UNKNOWN	244	T	0.990502253703	C	0.00627817128139	7	39	13	6153	6212	128441
UNKNOWN	245	G	0.94800386349	A	0.0355763039279	221	62	5889	40	6212	128441
UNKNOWN	246	A	0.975370251127	G	0.0196394075982	6059	21	122	10	6212	128441
UNKNOWN	247	G	0.87604636188	A	0.0663232453316	412	227	5442	131	6212	128441
UNKNOWN	248	C	0.958628461043	T	0.032195750161	24	5955	33	200	6212	128441
UNKNOWN	249	A	0.987282678686	G	0.0111075338055	6133	8	69	2	6212	128441
UNKNOWN	250	G	0.971667739858	A	0.0183515775918	114	58	6036	4	6212	128441
UNKNOWN	251	C	0.977623953638	T	0.0167417900837	15	6073	20	104	6212	128441
UNKNOWN	252	G	0.976819059884	A	0.0164198325821	102	24	6068	18	6212	128441
UNKNOWN	253	T	0.990341274952	C	0.00627817128139	3	39	18	6152	6212	128441
UNKNOWN	254	G	0.952189311011	A	0.0410495814552	255	18	5915	24	6212	128441
UNKNOWN	255	A	0.975531229878	G	0.0183515775918	6060	20	114	18	6212	128441
UNKNOWN	256	C	0.990663232453	T	0.00434642627173	18	6154	13	27	6212	128441
UNKNOWN	257	A	0.963296844816	G	0.0210882163554	5984	78	131	19	6212	128441
UNKNOWN	258	C	0.884900193175	A	0.102221506761	635	5497	48	32	6212	128441
UNKNOWN	259	C	0.981648422408	T	0.0114294913071	11	6098	32	71	6212	128441
UNKNOWN	260	T	0.955730843529	C	0.0231809401159	29	144	102	5937	6212	128441
UNKNOWN	261	G	0.990985189955	A	0.00611719253059	38	3	6156	15	6212	128441
UNKNOWN	262	A	0.98808757244	G	0.00788795878944	6138	22	49	3	6212	128441
UNKNOWN	263	G	0.922247263361	A	0.0513522215068	319	140	5729	24	6212	128441
UNKNOWN	264	G	0.990663232453	A	0.00676110753381	42	1	6154	15	6212	128441
UNKNOWN	265	A	0.990985189955	C	0.00482936252415	6156	30	19	7	6212	128441
UNKNOWN	266	C	0.974726336124	T	0.0127173213136	63	6055	15	79	6212	128441
UNKNOWN	267	A	0.979877656149	T	0.00917578879588	6087	12	56	57	6212	128441
UNKNOWN	268	C	0.99195106246	A	0.0033805537669	21	6162	21	8	6212	128441
UNKNOWN	269	G	0.992916934965	A	0.00257566001288	16	16	6168	12	6212	128441
UNKNOWN	270	G	0.985350933677	T	0.00901481004507	21	14	6121	56	6212	128441
UNKNOWN	271	C	0.992433998712	A	0.00531229877656	33	6165	8	6	6212	128441
UNKNOWN	272	C	0.990663232453	A	0.00515132002576	32	6154	13	13	6212	128441
UNKNOWN	273	A	0.989697359948	G	0.00563425627817	6148	19	35	10	6212	128441
UNKNOWN	274	C	0.985350933677	A	0.00708306503542	44	6121	21	26	6212	128441
UNKNOWN	275	A	0.979233741146	G	0.00933676754668	6083	37	58	34	6212	128441
UNKNOWN	276	T	0.991468126207	G	0.00402446877012	20	8	25	6159	6212	128441
UNKNOWN	277	A	0.990341274952	C	0.00434642627173	6152	27	25	8	6212	128441
UNKNOWN	278	C	0.92804249839	T	0.0680940115905	13	5765	11	423	6212	128441
UNKNOWN	279	T	0.980843528654	C	0.00772698003863	31	48	40	6093	6212	128441
UNKNOWN	280	A	0.977623953638	T	0.00933676754668	6073	51	30	58	6212	128441
UNKNOWN	281	C	0.97005795235	T	0.0260785576304	13	6026	11	162	6212	128441
UNKNOWN	282	T	0.988731487444	G	0.00756600128783	12	11	47	6142	6212	128441
