Type	Position	Nucl1	Freq1	Nucl2	Freq2	NumAs	NumCs	NumGs	NumTs	NumAligned	NumNaive
UNKNOWN	0	A	1.0	C	0.0	1466	0	0	0	1466	115163
UNKNOWN	1	A	1.0	C	0.0	1466	0	0	0	1466	115163
UNKNOWN	2	G	1.0	A	0.0	0	0	1466	0	1466	115163
UNKNOWN	3	G	1.0	A	0.0	0	0	1466	0	1466	115163
UNKNOWN	4	T	1.0	A	0.0	0	0	0	1466	1466	115163
UNKNOWN	5	G	1.0	A	0.0	0	0	1466	0	1466	115163
UNKNOWN	6	C	1.0	A	0.0	0	1466	0	0	1466	115163
UNKNOWN	7	A	0.99863574352	G	0.00136425648022	1464	0	2	0	1466	115163
UNKNOWN	8	G	1.0	A	0.0	0	0	1466	0	1466	115163
UNKNOWN	9	C	1.0	A	0.0	0	1466	0	0	1466	115163
UNKNOWN	10	T	0.99727148704	C	0.00272851296044	0	4	0	1462	1466	115163
UNKNOWN	11	G	0.99863574352	A	0.00136425648022	2	0	1464	0	1466	115163
UNKNOWN	12	C	0.99931787176	A	0.000682128240109	1	1465	0	0	1466	115163
UNKNOWN	13	A	0.927694406548	G	0.0695770804911	1360	0	102	4	1466	115163
UNKNOWN	14	G	0.972032742156	C	0.0272851296044	1	40	1425	0	1466	115163
UNKNOWN	15	G	1.0	A	0.0	0	0	1466	0	1466	115163
UNKNOWN	16	A	0.99931787176	G	0.000682128240109	1465	0	1	0	1466	115163
UNKNOWN	17	G	1.0	A	0.0	0	0	1466	0	1466	115163
UNKNOWN	18	T	0.99931787176	A	0.000682128240109	1	0	0	1465	1466	115163
UNKNOWN	19	C	0.99863574352	A	0.000682128240109	1	1464	1	0	1466	115163
UNKNOWN	20	G	0.996589358799	A	0.00341064120055	5	0	1461	0	1466	115163
UNKNOWN	21	G	0.991814461119	T	0.00682128240109	2	0	1454	10	1466	115163
UNKNOWN	22	G	0.99931787176	T	0.000682128240109	0	0	1465	1	1466	115163
UNKNOWN	23	C	0.989085948158	T	0.0109140518417	0	1450	0	16	1466	115163
UNKNOWN	24	C	0.993178717599	A	0.00545702592087	8	1456	0	2	1466	115163
UNKNOWN	25	C	0.993178717599	A	0.00545702592087	8	1456	0	2	1466	115163
UNKNOWN	26	C	0.99795361528	T	0.00136425648022	1	1463	0	2	1466	115163
UNKNOWN	27	A	0.996589358799	G	0.00341064120055	1461	0	5	0	1466	115163
UNKNOWN	28	G	0.99863574352	A	0.000682128240109	1	1	1464	0	1466	115163
UNKNOWN	29	C	0.99931787176	A	0.000682128240109	1	1465	0	0	1466	115163
UNKNOWN	30	C	0.99931787176	T	0.000682128240109	0	1465	0	1	1466	115163
UNKNOWN	31	T	0.99727148704	C	0.00136425648022	0	2	2	1462	1466	115163
UNKNOWN	32	G	0.99863574352	A	0.00136425648022	2	0	1464	0	1466	115163
UNKNOWN	33	G	0.99727148704	A	0.00136425648022	2	0	1462	2	1466	115163
UNKNOWN	34	T	0.99727148704	C	0.00136425648022	0	2	2	1462	1466	115163
UNKNOWN	35	G	0.99863574352	A	0.000682128240109	1	1	1464	0	1466	115163
UNKNOWN	36	A	0.99863574352	G	0.00136425648022	1464	0	2	0	1466	115163
UNKNOWN	37	A	0.996589358799	G	0.00272851296044	1461	1	4	0	1466	115163
UNKNOWN	38	G	0.99863574352	C	0.000682128240109	0	1	1464	1	1466	115163
UNKNOWN	39	C	1.0	A	0.0	0	1466	0	0	1466	115163
UNKNOWN	40	C	0.991132332879	A	0.00613915416098	9	1453	1	3	1466	115163
UNKNOWN	41	C	0.99727148704	A	0.00136425648022	2	1462	1	1	1466	115163
UNKNOWN	42	T	0.99727148704	C	0.00272851296044	0	4	0	1462	1466	115163
UNKNOWN	43	C	0.99863574352	A	0.00136425648022	2	1464	0	0	1466	115163
UNKNOWN	44	A	0.99727148704	G	0.00136425648022	1462	1	2	1	1466	115163
UNKNOWN	45	C	0.995225102319	A	0.00477489768076	7	1459	0	0	1466	115163
UNKNOWN	46	A	0.99795361528	G	0.00136425648022	1463	1	2	0	1466	115163
UNKNOWN	47	G	0.99795361528	A	0.00136425648022	2	1	1463	0	1466	115163
UNKNOWN	48	A	0.995907230559	G	0.00204638472033	1460	1	3	2	1466	115163
UNKNOWN	49	C	0.995907230559	T	0.00409276944065	0	1460	0	6	1466	115163
UNKNOWN	50	C	0.994542974079	T	0.00341064120055	3	1458	0	5	1466	115163
UNKNOWN	51	C	0.99727148704	T	0.00272851296044	0	1462	0	4	1466	115163
UNKNOWN	52	T	0.99727148704	C	0.00204638472033	0	3	1	1462	1466	115163
UNKNOWN	53	C	0.99863574352	A	0.000682128240109	1	1464	0	1	1466	115163
UNKNOWN	54	T	0.994542974079	C	0.00545702592087	0	8	0	1458	1466	115163
UNKNOWN	55	C	0.995907230559	A	0.00272851296044	4	1460	1	1	1466	115163
UNKNOWN	56	C	0.989085948158	A	0.00682128240109	10	1450	2	4	1466	115163
UNKNOWN	57	C	0.995907230559	A	0.00272851296044	4	1460	1	1	1466	115163
UNKNOWN	58	T	0.99795361528	C	0.00136425648022	0	2	1	1463	1466	115163
UNKNOWN	59	C	0.99727148704	A	0.00272851296044	4	1462	0	0	1466	115163
UNKNOWN	60	A	0.995907230559	G	0.00204638472033	1460	1	3	2	1466	115163
UNKNOWN	61	C	0.99863574352	T	0.00136425648022	0	1464	0	2	1466	115163
UNKNOWN	62	C	0.995225102319	A	0.00204638472033	3	1459	1	3	1466	115163
UNKNOWN	63	T	0.99727148704	C	0.00136425648022	1	2	1	1462	1466	115163
UNKNOWN	64	G	0.99931787176	C	0.000682128240109	0	1	1465	0	1466	115163
UNKNOWN	65	C	0.995907230559	A	0.00341064120055	5	1460	0	1	1466	115163
UNKNOWN	66	A	0.99863574352	C	0.000682128240109	1464	1	0	1	1466	115163
UNKNOWN	67	C	0.995907230559	T	0.00272851296044	1	1460	1	4	1466	115163
UNKNOWN	68	G	0.99931787176	A	0.000682128240109	1	0	1465	0	1466	115163
UNKNOWN	69	A	0.975443383356	G	0.0238744884038	1430	1	35	0	1466	115163
UNKNOWN	70	C	0.975443383356	T	0.0231923601637	2	1430	0	34	1466	115163
UNKNOWN	71	C	0.982946793997	T	0.0109140518417	3	1441	6	16	1466	115163
UNKNOWN	72	T	0.995907230559	C	0.00341064120055	0	5	1	1460	1466	115163
UNKNOWN	73	C	0.99795361528	A	0.00136425648022	2	1463	0	1	1466	115163
UNKNOWN	74	T	0.99931787176	C	0.000682128240109	0	1	0	1465	1466	115163
UNKNOWN	75	G	0.99727148704	A	0.00204638472033	3	0	1462	1	1466	115163
UNKNOWN	76	G	0.99931787176	A	0.000682128240109	1	0	1465	0	1466	115163
UNKNOWN	77	A	0.99795361528	C	0.000682128240109	1463	1	1	1	1466	115163
UNKNOWN	78	T	0.994542974079	G	0.00272851296044	1	3	4	1458	1466	115163
UNKNOWN	79	T	0.994542974079	C	0.00477489768076	0	7	1	1458	1466	115163
UNKNOWN	80	C	0.99727148704	T	0.00204638472033	0	1462	1	3	1466	115163
UNKNOWN	81	T	0.995225102319	C	0.00409276944065	1	6	0	1459	1466	115163
UNKNOWN	82	C	0.993178717599	A	0.00682128240109	10	1456	0	0	1466	115163
UNKNOWN	83	A	0.996589358799	T	0.00204638472033	1461	2	0	3	1466	115163
UNKNOWN	84	T	0.99727148704	A	0.00136425648022	2	1	1	1462	1466	115163
UNKNOWN	85	T	0.995225102319	G	0.00272851296044	0	3	4	1459	1466	115163
UNKNOWN	86	G	0.978171896317	A	0.0136425648022	20	3	1434	9	1466	115163
UNKNOWN	87	A	0.989768076398	G	0.00477489768076	1451	3	7	5	1466	115163
UNKNOWN	88	C	0.949522510232	T	0.0231923601637	11	1392	29	34	1466	115163
UNKNOWN	89	C	0.977489768076	G	0.00886766712142	10	1433	13	10	1466	115163
UNKNOWN	90	A	0.993860845839	G	0.00477489768076	1457	2	7	0	1466	115163
UNKNOWN	91	G	0.93724420191	A	0.0266030013643	39	37	1374	16	1466	115163
UNKNOWN	92	C	0.960436562074	T	0.0143246930423	18	1408	19	21	1466	115163
UNKNOWN	93	T	0.976807639836	A	0.00954979536153	14	12	8	1432	1466	115163
UNKNOWN	94	A	0.978854024557	C	0.0109140518417	1435	16	11	4	1466	115163
UNKNOWN	95	T	0.990450204638	C	0.00682128240109	0	10	4	1452	1466	115163
UNKNOWN	96	G	0.987721691678	A	0.0102319236016	15	0	1448	3	1466	115163
UNKNOWN	97	G	0.8724420191	A	0.101637107776	149	30	1279	8	1466	115163
UNKNOWN	98	T	0.992496589359	C	0.00477489768076	0	7	4	1455	1466	115163
UNKNOWN	99	G	0.984993178718	A	0.00886766712142	13	2	1444	7	1466	115163
UNKNOWN	100	T	0.995907230559	A	0.00204638472033	3	2	1	1460	1466	115163
UNKNOWN	101	A	0.991814461119	G	0.00613915416098	1454	2	9	1	1466	115163
UNKNOWN	102	A	0.988403819918	G	0.00818553888131	1449	3	12	2	1466	115163
UNKNOWN	103	G	0.879263301501	C	0.0654843110505	70	96	1289	11	1466	115163
UNKNOWN	104	C	0.989768076398	T	0.00682128240109	5	1451	0	10	1466	115163
UNKNOWN	105	T	0.995907230559	G	0.00272851296044	0	2	4	1460	1466	115163
UNKNOWN	106	G	0.99931787176	T	0.000682128240109	0	0	1465	1	1466	115163
UNKNOWN	107	G	0.99931787176	T	0.000682128240109	0	0	1465	1	1466	115163
UNKNOWN	108	G	0.985675306958	T	0.00954979536153	3	4	1445	14	1466	115163
UNKNOWN	109	T	0.996589358799	C	0.00272851296044	0	4	1	1461	1466	115163
UNKNOWN	110	C	0.99727148704	A	0.00272851296044	4	1462	0	0	1466	115163
UNKNOWN	111	C	0.994542974079	G	0.00272851296044	3	1458	4	1	1466	115163
UNKNOWN	112	G	0.995907230559	C	0.00272851296044	2	4	1460	0	1466	115163
UNKNOWN	113	C	0.99795361528	A	0.00136425648022	2	1463	1	0	1466	115163
UNKNOWN	114	C	0.993178717599	A	0.00613915416098	9	1456	1	0	1466	115163
UNKNOWN	115	A	0.990450204638	G	0.00682128240109	1452	1	10	3	1466	115163
UNKNOWN	116	G	0.99727148704	T	0.00204638472033	0	1	1462	3	1466	115163
UNKNOWN	117	G	0.992496589359	C	0.00409276944065	2	6	1455	3	1466	115163
UNKNOWN	118	C	0.995225102319	T	0.00272851296044	3	1459	0	4	1466	115163
UNKNOWN	119	T	0.993860845839	C	0.00341064120055	3	5	1	1457	1466	115163
UNKNOWN	120	C	0.996589358799	A	0.00272851296044	4	1461	1	0	1466	115163
UNKNOWN	121	C	0.995907230559	A	0.00341064120055	5	1460	0	1	1466	115163
UNKNOWN	122	A	0.993860845839	G	0.00613915416098	1457	0	9	0	1466	115163
UNKNOWN	123	G	0.99863574352	T	0.00136425648022	0	0	1464	2	1466	115163
UNKNOWN	124	G	0.993178717599	A	0.00409276944065	6	0	1456	4	1466	115163
UNKNOWN	125	A	0.959754433834	G	0.0354706684857	1407	4	52	3	1466	115163
UNKNOWN	126	A	0.99931787176	C	0.000682128240109	1465	1	0	0	1466	115163
UNKNOWN	127	A	0.988403819918	G	0.0075034106412	1449	6	11	0	1466	115163
UNKNOWN	128	G	0.992496589359	T	0.00545702592087	3	0	1455	8	1466	115163
UNKNOWN	129	G	0.988403819918	T	0.00477489768076	4	6	1449	7	1466	115163
UNKNOWN	130	C	0.993178717599	A	0.00341064120055	5	1456	4	1	1466	115163
UNKNOWN	131	G	0.994542974079	C	0.00272851296044	3	4	1458	1	1466	115163
UNKNOWN	132	C	0.993178717599	A	0.00341064120055	5	1456	2	3	1466	115163
UNKNOWN	133	T	0.995907230559	G	0.00341064120055	0	1	5	1460	1466	115163
UNKNOWN	134	G	0.99863574352	C	0.00136425648022	0	2	1464	0	1466	115163
UNKNOWN	135	G	0.991814461119	A	0.00477489768076	7	1	1454	4	1466	115163
UNKNOWN	136	A	0.980218281037	G	0.0170532060027	1437	3	25	1	1466	115163
UNKNOWN	137	G	0.989768076398	A	0.00682128240109	10	0	1451	5	1466	115163
UNKNOWN	138	T	0.993860845839	G	0.00341064120055	0	4	5	1457	1466	115163
UNKNOWN	139	G	0.99795361528	T	0.00136425648022	1	0	1463	2	1466	115163
UNKNOWN	140	G	0.980900409277	C	0.0156889495225	0	23	1438	5	1466	115163
UNKNOWN	141	C	0.985675306958	G	0.00613915416098	6	1445	9	6	1466	115163
UNKNOWN	142	T	0.993178717599	C	0.00477489768076	0	7	3	1456	1466	115163
UNKNOWN	143	C	0.984993178718	T	0.0075034106412	3	1444	8	11	1466	115163
UNKNOWN	144	G	0.99863574352	A	0.000682128240109	1	0	1464	1	1466	115163
UNKNOWN	145	G	0.992496589359	T	0.00545702592087	1	2	1455	8	1466	115163
UNKNOWN	146	T	0.986357435198	C	0.00818553888131	3	12	5	1446	1466	115163
UNKNOWN	147	G	0.93587994543	A	0.0593451568895	87	0	1372	7	1466	115163
UNKNOWN	148	G	0.93724420191	A	0.0381991814461	56	26	1374	10	1466	115163
UNKNOWN	149	T	0.987039563438	A	0.00613915416098	9	5	5	1447	1466	115163
UNKNOWN	150	A	0.982946793997	G	0.0129604365621	1441	1	19	5	1466	115163
UNKNOWN	151	T	0.987721691678	G	0.00477489768076	6	5	7	1448	1466	115163
UNKNOWN	152	A	0.978171896317	G	0.0156889495225	1434	6	23	3	1466	115163
UNKNOWN	153	G	0.979536152797	A	0.0170532060027	25	3	1436	2	1466	115163
UNKNOWN	154	A	0.972714870396	G	0.0177353342428	1426	7	26	7	1466	115163
UNKNOWN	155	T	0.977489768076	C	0.0109140518417	9	16	8	1433	1466	115163
UNKNOWN	156	A	0.970668485675	C	0.0156889495225	1423	23	19	1	1466	115163
UNKNOWN	157	G	0.976807639836	C	0.0109140518417	5	16	1432	13	1466	115163
UNKNOWN	158	T	0.977489768076	G	0.0170532060027	6	2	25	1433	1466	115163
UNKNOWN	159	G	0.918144611187	A	0.0620736698499	91	23	1346	6	1466	115163
UNKNOWN	160	G	0.946793997271	T	0.0204638472033	21	27	1388	30	1466	115163
UNKNOWN	161	T	0.976125511596	G	0.0109140518417	13	6	16	1431	1466	115163
UNKNOWN	162	G	0.993860845839	A	0.00477489768076	7	0	1457	2	1466	115163
UNKNOWN	163	G	0.989768076398	A	0.00682128240109	10	0	1451	5	1466	115163
UNKNOWN	164	A	0.987039563438	G	0.00545702592087	1447	5	8	6	1466	115163
UNKNOWN	165	A	0.977489768076	G	0.0204638472033	1433	3	30	0	1466	115163
UNKNOWN	166	G	0.899727148704	A	0.0484311050477	71	57	1319	19	1466	115163
UNKNOWN	167	C	0.954979536153	A	0.0204638472033	30	1400	18	18	1466	115163
UNKNOWN	168	A	0.972032742156	G	0.0136425648022	1425	14	20	7	1466	115163
UNKNOWN	169	C	0.983628922237	A	0.00886766712142	13	1442	2	9	1466	115163
UNKNOWN	170	A	0.989085948158	G	0.00613915416098	1450	2	9	5	1466	115163
UNKNOWN	171	G	0.994542974079	A	0.00341064120055	5	0	1458	3	1466	115163
UNKNOWN	172	G	0.958390177353	A	0.0197817189632	29	14	1405	18	1466	115163
UNKNOWN	173	C	0.977489768076	T	0.0184174624829	6	1433	0	27	1466	115163
UNKNOWN	174	T	0.989768076398	A	0.00613915416098	9	5	1	1451	1466	115163
UNKNOWN	175	A	0.991132332879	T	0.00613915416098	1453	1	3	9	1466	115163
UNKNOWN	176	T	0.988403819918	A	0.00545702592087	8	7	2	1449	1466	115163
UNKNOWN	177	A	0.987039563438	C	0.0115961800819	1447	17	1	1	1466	115163
UNKNOWN	178	A	0.984311050477	C	0.00886766712142	1443	13	8	2	1466	115163
UNKNOWN	179	C	0.958390177353	T	0.0279672578445	9	1405	11	41	1466	115163
UNKNOWN	180	C	0.977489768076	A	0.0102319236016	15	1433	3	15	1466	115163
UNKNOWN	181	C	0.970668485675	A	0.0238744884038	35	1423	0	8	1466	115163
UNKNOWN	182	A	0.991814461119	G	0.00613915416098	1454	2	9	1	1466	115163
UNKNOWN	183	G	0.994542974079	A	0.00409276944065	6	0	1458	2	1466	115163
UNKNOWN	184	G	0.941336971351	C	0.049795361528	7	73	1380	6	1466	115163
UNKNOWN	185	C	0.990450204638	A	0.00682128240109	10	1452	2	2	1466	115163
UNKNOWN	186	C	0.989768076398	T	0.00545702592087	7	1451	0	8	1466	115163
UNKNOWN	187	T	0.994542974079	G	0.00545702592087	0	0	8	1458	1466	115163
UNKNOWN	188	G	0.991814461119	A	0.00545702592087	8	1	1454	3	1466	115163
UNKNOWN	189	A	0.995225102319	G	0.00272851296044	1459	2	4	1	1466	115163
UNKNOWN	190	A	0.992496589359	C	0.00545702592087	1455	8	3	0	1466	115163
UNKNOWN	191	A	0.975443383356	G	0.0136425648022	1430	8	20	8	1466	115163
UNKNOWN	192	T	0.991132332879	C	0.00682128240109	2	10	1	1453	1466	115163
UNKNOWN	193	C	0.984993178718	T	0.00886766712142	8	1444	1	13	1466	115163
UNKNOWN	194	C	0.977489768076	T	0.00886766712142	12	1433	8	13	1466	115163
UNKNOWN	195	A	0.891541609823	C	0.0995907230559	1307	146	11	2	1466	115163
UNKNOWN	196	G	0.993860845839	A	0.00341064120055	5	2	1457	2	1466	115163
UNKNOWN	197	G	0.969304229195	A	0.0218281036835	32	10	1421	3	1466	115163
UNKNOWN	198	C	0.987721691678	T	0.00682128240109	7	1448	1	10	1466	115163
UNKNOWN	199	T	0.990450204638	C	0.00613915416098	3	9	2	1452	1466	115163
UNKNOWN	200	C	0.989768076398	A	0.00818553888131	12	1451	2	1	1466	115163
UNKNOWN	201	A	0.993860845839	G	0.00545702592087	1457	1	8	0	1466	115163
UNKNOWN	202	G	0.985675306958	T	0.00818553888131	4	5	1445	12	1466	115163
UNKNOWN	203	T	0.851296043656	C	0.1241473397	11	182	25	1248	1466	115163
UNKNOWN	204	A	0.986357435198	T	0.00682128240109	1446	1	9	10	1466	115163
UNKNOWN	205	T	0.984993178718	C	0.0075034106412	4	11	7	1444	1466	115163
UNKNOWN	206	C	0.984311050477	A	0.00818553888131	12	1443	6	5	1466	115163
UNKNOWN	207	A	0.984993178718	C	0.0075034106412	1444	11	10	1	1466	115163
UNKNOWN	208	C	0.985675306958	A	0.00818553888131	12	1445	3	6	1466	115163
UNKNOWN	209	C	0.966575716235	T	0.0177353342428	14	1417	9	26	1466	115163
UNKNOWN	210	A	0.985675306958	G	0.0129604365621	1445	1	19	1	1466	115163
UNKNOWN	211	G	0.866302864939	A	0.1275579809	187	3	1270	6	1466	115163
UNKNOWN	212	G	0.981582537517	A	0.0143246930423	21	2	1439	4	1466	115163
UNKNOWN	213	G	0.980218281037	A	0.0136425648022	20	2	1437	7	1466	115163
UNKNOWN	214	A	0.986357435198	C	0.00954979536153	1446	14	0	6	1466	115163
UNKNOWN	215	C	0.982946793997	T	0.0075034106412	9	1441	5	11	1466	115163
UNKNOWN	216	A	0.988403819918	G	0.00477489768076	1449	5	7	5	1466	115163
UNKNOWN	217	A	0.980218281037	G	0.0102319236016	1437	13	15	1	1466	115163
UNKNOWN	218	C	0.970668485675	T	0.0204638472033	2	1423	11	30	1466	115163
UNKNOWN	219	T	0.986357435198	C	0.00818553888131	1	12	7	1446	1466	115163
UNKNOWN	220	C	0.993860845839	A	0.00545702592087	8	1457	0	1	1466	115163
UNKNOWN	221	C	0.984993178718	A	0.00818553888131	12	1444	1	9	1466	115163
UNKNOWN	222	A	0.991814461119	C	0.00613915416098	1454	9	3	0	1466	115163
UNKNOWN	223	A	0.979536152797	G	0.0177353342428	1436	2	26	2	1466	115163
UNKNOWN	224	G	0.988403819918	A	0.0102319236016	15	0	1449	2	1466	115163
UNKNOWN	225	A	0.978171896317	G	0.0129604365621	1434	11	19	2	1466	115163
UNKNOWN	226	G	0.985675306958	C	0.0075034106412	7	11	1445	3	1466	115163
UNKNOWN	227	C	0.977489768076	T	0.00886766712142	7	1433	13	13	1466	115163
UNKNOWN	228	C	0.987039563438	A	0.00954979536153	14	1447	4	1	1466	115163
UNKNOWN	229	A	0.991814461119	G	0.00613915416098	1454	1	9	2	1466	115163
UNKNOWN	230	A	0.985675306958	G	0.0143246930423	1445	0	21	0	1466	115163
UNKNOWN	231	G	0.977489768076	A	0.0109140518417	16	3	1433	14	1466	115163
UNKNOWN	232	T	0.991132332879	C	0.0075034106412	2	11	0	1453	1466	115163
UNKNOWN	233	C	0.984993178718	T	0.0102319236016	3	1444	4	15	1466	115163
UNKNOWN	234	T	0.990450204638	C	0.00682128240109	3	10	1	1452	1466	115163
UNKNOWN	235	C	0.989085948158	T	0.00886766712142	3	1450	0	13	1466	115163
UNKNOWN	236	T	0.978171896317	C	0.0109140518417	2	16	14	1434	1466	115163
UNKNOWN	237	C	0.987039563438	T	0.012278308322	1	1447	0	18	1466	115163
UNKNOWN	238	T	0.989085948158	G	0.00682128240109	2	4	10	1450	1466	115163
UNKNOWN	239	G	0.972032742156	A	0.0163710777626	24	6	1425	11	1466	115163
UNKNOWN	240	T	0.989085948158	C	0.00682128240109	3	10	3	1450	1466	115163
UNKNOWN	241	C	0.987039563438	A	0.0075034106412	11	1447	0	8	1466	115163
UNKNOWN	242	A	0.980900409277	G	0.0143246930423	1438	5	21	2	1466	115163
UNKNOWN	243	G	0.942701227831	A	0.0245566166439	36	34	1382	14	1466	115163
UNKNOWN	244	T	0.984993178718	C	0.00886766712142	0	13	9	1444	1466	115163
UNKNOWN	245	G	0.980900409277	A	0.0129604365621	19	3	1438	6	1466	115163
UNKNOWN	246	A	0.980218281037	G	0.0136425648022	1437	7	20	2	1466	115163
UNKNOWN	247	G	0.964529331514	A	0.0184174624829	27	18	1414	7	1466	115163
UNKNOWN	248	C	0.967939972715	T	0.0177353342428	12	1419	9	26	1466	115163
UNKNOWN	249	A	0.983628922237	G	0.0150068212824	1442	1	22	1	1466	115163
UNKNOWN	250	G	0.980218281037	C	0.0109140518417	12	16	1437	1	1466	115163
UNKNOWN	251	C	0.986357435198	G	0.00682128240109	2	1446	10	8	1466	115163
UNKNOWN	252	G	0.984311050477	T	0.00818553888131	11	0	1443	12	1466	115163
UNKNOWN	253	T	0.989768076398	G	0.00682128240109	1	4	10	1451	1466	115163
UNKNOWN	254	G	0.979536152797	A	0.0170532060027	25	2	1436	3	1466	115163
UNKNOWN	255	A	0.983628922237	C	0.0075034106412	1442	11	11	2	1466	115163
UNKNOWN	256	C	0.980900409277	A	0.0115961800819	17	1438	7	4	1466	115163
UNKNOWN	257	A	0.969986357435	G	0.0197817189632	1422	11	29	4	1466	115163
UNKNOWN	258	C	0.957025920873	A	0.0300136425648	44	1403	10	9	1466	115163
UNKNOWN	259	C	0.986357435198	T	0.0102319236016	4	1446	1	15	1466	115163
UNKNOWN	260	T	0.982946793997	G	0.0115961800819	1	7	17	1441	1466	115163
UNKNOWN	261	G	0.989085948158	A	0.00613915416098	9	1	1450	6	1466	115163
UNKNOWN	262	A	0.988403819918	G	0.00886766712142	1449	2	13	2	1466	115163
UNKNOWN	263	G	0.971350613915	C	0.012278308322	13	18	1424	11	1466	115163
UNKNOWN	264	G	0.987039563438	A	0.0102319236016	15	0	1447	4	1466	115163
UNKNOWN	265	A	0.991814461119	C	0.00682128240109	1454	10	2	0	1466	115163
UNKNOWN	266	C	0.972032742156	T	0.0156889495225	15	1425	3	23	1466	115163
UNKNOWN	267	A	0.979536152797	T	0.0109140518417	1436	10	4	16	1466	115163
UNKNOWN	268	C	0.991132332879	G	0.00477489768076	4	1453	7	2	1466	115163
UNKNOWN	269	G	0.924283765348	A	0.0723055934516	106	1	1355	4	1466	115163
UNKNOWN	270	G	0.985675306958	C	0.00613915416098	6	9	1445	6	1466	115163
UNKNOWN	271	C	0.994542974079	A	0.00409276944065	6	1458	2	0	1466	115163
UNKNOWN	272	C	0.991132332879	A	0.00545702592087	8	1453	4	1	1466	115163
UNKNOWN	273	G	0.607094133697	A	0.379945429741	557	8	890	11	1466	115163
UNKNOWN	274	T	0.615279672578	C	0.370395634379	12	543	9	902	1466	115163
UNKNOWN	275	G	0.600272851296	A	0.379263301501	556	12	880	18	1466	115163
UNKNOWN	276	T	0.992496589359	A	0.00613915416098	9	1	1	1455	1466	115163
UNKNOWN	277	A	0.990450204638	C	0.00682128240109	1452	10	2	2	1466	115163
UNKNOWN	278	C	0.959754433834	T	0.037517053206	2	1407	2	55	1466	115163
UNKNOWN	279	T	0.987721691678	A	0.00613915416098	9	7	2	1448	1466	115163
UNKNOWN	280	A	0.989085948158	C	0.00477489768076	1450	7	3	6	1466	115163
UNKNOWN	281	C	0.972032742156	T	0.0259208731241	2	1425	1	38	1466	115163
UNKNOWN	282	T	0.991814461119	G	0.0075034106412	0	1	11	1454	1466	115163
