Type	Position	Nucl1	Freq1	Nucl2	Freq2	NumAs	NumCs	NumGs	NumTs	NumAligned	NumNaive
UNKNOWN	0	C	1.0	A	0.0	0	5732	0	0	5732	72964
UNKNOWN	1	A	1.0	C	0.0	5732	0	0	0	5732	72964
UNKNOWN	2	G	1.0	A	0.0	0	0	5732	0	5732	72964
UNKNOWN	3	G	1.0	A	0.0	0	0	5732	0	5732	72964
UNKNOWN	4	T	1.0	A	0.0	0	0	0	5732	5732	72964
UNKNOWN	5	G	1.0	A	0.0	0	0	5732	0	5732	72964
UNKNOWN	6	C	1.0	A	0.0	0	5732	0	0	5732	72964
UNKNOWN	7	A	0.995289602233	G	0.00453593859037	5705	0	26	1	5732	72964
UNKNOWN	8	G	0.985519888346	A	0.00907187718074	52	13	5649	18	5732	72964
UNKNOWN	9	C	0.996336357292	T	0.00314026517795	1	5711	2	18	5732	72964
UNKNOWN	10	T	0.998778785764	C	0.00104675505932	1	6	0	5725	5732	72964
UNKNOWN	11	G	0.999825540823	A	0.000174459176553	1	0	5731	0	5732	72964
UNKNOWN	12	C	0.999825540823	A	0.000174459176553	1	5731	0	0	5732	72964
UNKNOWN	13	G	0.998778785764	A	0.00104675505932	6	1	5725	0	5732	72964
UNKNOWN	14	C	0.745115143057	G	0.253663642708	4	4271	1454	3	5732	72964
UNKNOWN	15	G	0.999302163294	A	0.000523377529658	3	1	5728	0	5732	72964
UNKNOWN	16	A	0.997732030705	G	0.00122121423587	5719	6	7	0	5732	72964
UNKNOWN	17	G	0.991277041172	A	0.00837404047453	48	2	5682	0	5732	72964
UNKNOWN	18	T	0.997383112352	C	0.00244242847174	0	14	1	5717	5732	72964
UNKNOWN	19	C	0.998953244941	T	0.000872295882763	0	5726	1	5	5732	72964
UNKNOWN	20	G	0.986043265876	A	0.0137822749477	79	1	5652	0	5732	72964
UNKNOWN	21	G	0.996510816469	C	0.00244242847174	3	14	5712	3	5732	72964
UNKNOWN	22	G	0.999302163294	C	0.000697836706211	0	4	5728	0	5732	72964
UNKNOWN	23	C	0.99947662247	T	0.000348918353105	0	5729	1	2	5732	72964
UNKNOWN	24	C	0.99947662247	T	0.000523377529658	0	5729	0	3	5732	72964
UNKNOWN	25	C	0.99947662247	T	0.000348918353105	0	5729	1	2	5732	72964
UNKNOWN	26	C	0.998953244941	A	0.000872295882763	5	5726	0	1	5732	72964
UNKNOWN	27	A	0.997034193999	G	0.00279134682484	5715	1	16	0	5732	72964
UNKNOWN	28	G	0.992847173761	A	0.00453593859037	26	14	5691	1	5732	72964
UNKNOWN	29	C	0.998953244941	T	0.000872295882763	1	5726	0	5	5732	72964
UNKNOWN	30	C	0.998953244941	T	0.00104675505932	0	5726	0	6	5732	72964
UNKNOWN	31	T	0.998255408234	G	0.00104675505932	0	4	6	5722	5732	72964
UNKNOWN	32	G	0.990579204466	A	0.00610607117934	35	8	5678	11	5732	72964
UNKNOWN	33	G	0.997732030705	T	0.00104675505932	5	2	5719	6	5732	72964
UNKNOWN	34	T	0.997208653175	C	0.00139567341242	1	8	7	5716	5732	72964
UNKNOWN	35	G	0.995638520586	A	0.00401256106071	23	0	5707	2	5732	72964
UNKNOWN	36	A	0.998080949058	G	0.00139567341242	5721	1	8	2	5732	72964
UNKNOWN	37	A	0.99441730635	G	0.00471039776692	5700	5	27	0	5732	72964
UNKNOWN	38	G	0.997732030705	C	0.00122121423587	5	7	5719	1	5732	72964
UNKNOWN	39	C	0.998953244941	T	0.000872295882763	0	5726	1	5	5732	72964
UNKNOWN	40	C	0.99947662247	T	0.000348918353105	1	5729	0	2	5732	72964
UNKNOWN	41	C	0.996685275645	T	0.00174459176553	0	5713	9	10	5732	72964
UNKNOWN	42	T	0.995987438939	C	0.00366364270761	0	21	2	5709	5732	72964
UNKNOWN	43	C	0.999127704117	A	0.000872295882763	5	5727	0	0	5732	72964
UNKNOWN	44	A	0.996685275645	C	0.00226796929518	5713	13	6	0	5732	72964
UNKNOWN	45	C	0.998429867411	A	0.00104675505932	6	5723	1	2	5732	72964
UNKNOWN	46	A	0.998255408234	G	0.00157013258897	5722	1	9	0	5732	72964
UNKNOWN	47	G	0.995812979763	A	0.00383810188416	22	2	5708	0	5732	72964
UNKNOWN	48	A	0.996336357292	C	0.00174459176553	5711	10	7	4	5732	72964
UNKNOWN	49	C	0.998080949058	G	0.00104675505932	3	5721	6	2	5732	72964
UNKNOWN	50	C	0.998778785764	T	0.000697836706211	2	5725	1	4	5732	72964
UNKNOWN	51	C	0.998255408234	T	0.00174459176553	0	5722	0	10	5732	72964
UNKNOWN	52	T	0.997208653175	C	0.00244242847174	2	14	0	5716	5732	72964
UNKNOWN	53	C	0.998604326588	T	0.00122121423587	0	5724	1	7	5732	72964
UNKNOWN	54	T	0.995812979763	C	0.0033147243545	0	19	5	5708	5732	72964
UNKNOWN	55	C	0.998255408234	A	0.00122121423587	7	5722	0	3	5732	72964
UNKNOWN	56	C	0.997732030705	G	0.00122121423587	2	5719	7	4	5732	72964
UNKNOWN	57	C	0.998255408234	T	0.00122121423587	1	5722	2	7	5732	72964
UNKNOWN	58	T	0.997732030705	C	0.00226796929518	0	13	0	5719	5732	72964
UNKNOWN	59	C	0.998080949058	A	0.00122121423587	7	5721	0	4	5732	72964
UNKNOWN	60	A	0.995812979763	G	0.00209351011863	5708	11	12	1	5732	72964
UNKNOWN	61	C	0.997383112352	G	0.00157013258897	0	5717	9	6	5732	72964
UNKNOWN	62	C	0.996685275645	T	0.0029658060014	0	5713	2	17	5732	72964
UNKNOWN	63	T	0.996336357292	C	0.00209351011863	1	12	8	5711	5732	72964
UNKNOWN	64	G	0.998429867411	C	0.00122121423587	0	7	5723	2	5732	72964
UNKNOWN	65	C	0.99546406141	T	0.0033147243545	7	5706	0	19	5732	72964
UNKNOWN	66	A	0.994766224703	G	0.00226796929518	5702	12	13	5	5732	72964
UNKNOWN	67	C	0.99546406141	T	0.0033147243545	0	5706	7	19	5732	72964
UNKNOWN	68	G	0.990579204466	A	0.00889741800419	51	2	5678	1	5732	72964
UNKNOWN	69	G	0.959176552687	A	0.0385554780181	221	4	5498	9	5732	72964
UNKNOWN	70	T	0.994242847174	C	0.00505931612003	0	29	4	5699	5732	72964
UNKNOWN	71	C	0.98935799023	T	0.00540823447313	0	5671	30	31	5732	72964
UNKNOWN	72	T	0.995812979763	C	0.0029658060014	0	17	7	5708	5732	72964
UNKNOWN	73	C	0.997906489881	T	0.00209351011863	0	5720	0	12	5732	72964
UNKNOWN	74	T	0.99441730635	C	0.0033147243545	1	19	12	5700	5732	72964
UNKNOWN	75	G	0.998604326588	A	0.000697836706211	4	3	5724	1	5732	72964
UNKNOWN	76	G	0.993370551291	A	0.0062805303559	36	2	5694	0	5732	72964
UNKNOWN	77	A	0.990753663643	C	0.0033147243545	5679	19	19	15	5732	72964
UNKNOWN	78	T	0.994242847174	C	0.00279134682484	7	16	10	5699	5732	72964
UNKNOWN	79	T	0.99494068388	C	0.00471039776692	1	27	1	5703	5732	72964
UNKNOWN	80	C	0.984647592463	T	0.0146545708304	1	5644	3	84	5732	72964
UNKNOWN	81	T	0.996510816469	C	0.00261688764829	0	15	5	5712	5732	72964
UNKNOWN	82	C	0.996510816469	T	0.00191905094208	8	5712	1	11	5732	72964
UNKNOWN	83	A	0.997557571528	T	0.00139567341242	5718	2	4	8	5732	72964
UNKNOWN	84	T	0.996510816469	C	0.00314026517795	1	18	1	5712	5732	72964
UNKNOWN	85	T	0.995987438939	G	0.00348918353105	0	3	20	5709	5732	72964
UNKNOWN	86	G	0.989706908583	A	0.0095952547104	55	3	5673	1	5732	72964
UNKNOWN	87	A	0.993893928821	G	0.00401256106071	5697	11	23	1	5732	72964
UNKNOWN	88	G	0.952198185625	A	0.0293091416609	168	99	5458	7	5732	72964
UNKNOWN	89	C	0.974528960223	T	0.0169225401256	18	5586	31	97	5732	72964
UNKNOWN	90	A	0.978541521284	G	0.0169225401256	5609	16	97	10	5732	72964
UNKNOWN	91	G	0.833217027216	A	0.11287508723	647	210	4776	99	5732	72964
UNKNOWN	92	C	0.974528960223	T	0.0158757850663	15	5586	40	91	5732	72964
UNKNOWN	93	T	0.987264480112	C	0.00558269364969	28	32	13	5659	5732	72964
UNKNOWN	94	A	0.988485694348	C	0.00436147941382	5666	25	21	20	5732	72964
UNKNOWN	95	T	0.993545010468	C	0.00348918353105	4	20	13	5695	5732	72964
UNKNOWN	96	G	0.905966503838	A	0.0675157013259	387	91	5193	61	5732	72964
UNKNOWN	97	C	0.920446615492	G	0.0334961618981	90	5276	192	174	5732	72964
UNKNOWN	98	T	0.994591765527	G	0.00314026517795	2	11	18	5701	5732	72964
UNKNOWN	99	G	0.965980460572	A	0.0284368457781	163	9	5537	23	5732	72964
UNKNOWN	100	T	0.998255408234	A	0.00122121423587	7	3	0	5722	5732	72964
UNKNOWN	101	A	0.968771807397	G	0.0197138869505	5553	15	113	51	5732	72964
UNKNOWN	102	A	0.811409630147	G	0.181960921144	4651	26	1043	12	5732	72964
UNKNOWN	103	G	0.799023028611	A	0.114619678995	657	377	4580	118	5732	72964
UNKNOWN	104	C	0.985519888346	T	0.011688764829	5	5649	11	67	5732	72964
UNKNOWN	105	T	0.996685275645	G	0.00209351011863	0	7	12	5713	5732	72964
UNKNOWN	106	G	0.999302163294	A	0.000348918353105	2	2	5728	0	5732	72964
UNKNOWN	107	G	0.998778785764	T	0.000697836706211	3	0	5725	4	5732	72964
UNKNOWN	108	G	0.976448011165	A	0.0172714584787	99	25	5597	11	5732	72964
UNKNOWN	109	T	0.993719469644	C	0.00593161200279	0	34	2	5696	5732	72964
UNKNOWN	110	C	0.999127704117	T	0.000697836706211	0	5727	1	4	5732	72964
UNKNOWN	111	C	0.997906489881	G	0.00191905094208	0	5720	11	1	5732	72964
UNKNOWN	112	G	0.998080949058	C	0.00174459176553	1	10	5721	0	5732	72964
UNKNOWN	113	C	0.997557571528	T	0.00191905094208	2	5718	1	11	5732	72964
UNKNOWN	114	C	0.993370551291	A	0.006629448709	38	5694	0	0	5732	72964
UNKNOWN	115	A	0.995812979763	G	0.00348918353105	5708	3	20	1	5732	72964
UNKNOWN	116	G	0.999651081647	A	0.000348918353105	2	0	5730	0	5732	72964
UNKNOWN	117	G	0.983251919051	A	0.0113398464759	65	29	5636	2	5732	72964
UNKNOWN	118	C	0.998080949058	T	0.00174459176553	0	5721	1	10	5732	72964
UNKNOWN	119	T	0.996510816469	C	0.0033147243545	0	19	1	5712	5732	72964
UNKNOWN	120	C	0.99947662247	A	0.000348918353105	2	5729	0	1	5732	72964
UNKNOWN	121	C	0.997906489881	A	0.00174459176553	10	5720	0	2	5732	72964
UNKNOWN	122	A	0.976273551989	G	0.0228541521284	5596	2	131	3	5732	72964
UNKNOWN	123	G	0.999302163294	A	0.000523377529658	3	1	5728	0	5732	72964
UNKNOWN	124	G	0.999302163294	A	0.000697836706211	4	0	5728	0	5732	72964
UNKNOWN	125	G	0.990055826936	A	0.0095952547104	55	1	5675	1	5732	72964
UNKNOWN	126	A	0.998255408234	G	0.00122121423587	5722	3	7	0	5732	72964
UNKNOWN	127	A	0.995987438939	G	0.00401256106071	5709	0	23	0	5732	72964
UNKNOWN	128	G	0.999302163294	A	0.000523377529658	3	1	5728	0	5732	72964
UNKNOWN	129	G	0.98534542917	A	0.0108164689463	62	14	5648	8	5732	72964
UNKNOWN	130	C	0.997034193999	G	0.00191905094208	1	5715	11	5	5732	72964
UNKNOWN	131	G	0.922191207258	A	0.0437892533147	251	38	5286	157	5732	72964
UNKNOWN	132	C	0.992672714585	T	0.00436147941382	13	5690	4	25	5732	72964
UNKNOWN	133	T	0.996336357292	G	0.00191905094208	0	10	11	5711	5732	72964
UNKNOWN	134	G	0.935799023029	T	0.0584438241452	31	2	5364	335	5732	72964
UNKNOWN	135	G	0.997732030705	A	0.00174459176553	10	3	5719	0	5732	72964
UNKNOWN	136	A	0.997034193999	G	0.00244242847174	5715	2	14	1	5732	72964
UNKNOWN	137	G	0.9747034194	A	0.0207606420098	119	16	5587	10	5732	72964
UNKNOWN	138	T	0.997557571528	G	0.00209351011863	1	1	12	5718	5732	72964
UNKNOWN	139	G	0.992323796232	A	0.00471039776692	27	10	5688	7	5732	72964
UNKNOWN	140	C	0.681612002791	G	0.272505233775	9	3907	1562	254	5732	72964
UNKNOWN	141	C	0.774249825541	G	0.198534542917	141	4438	1138	15	5732	72964
UNKNOWN	142	T	0.995638520586	C	0.00279134682484	2	16	7	5707	5732	72964
UNKNOWN	143	C	0.679518492673	T	0.3117585485	24	3895	26	1787	5732	72964
UNKNOWN	144	G	0.995987438939	A	0.00383810188416	22	0	5709	1	5732	72964
UNKNOWN	145	G	0.994242847174	C	0.00348918353105	2	20	5699	11	5732	72964
UNKNOWN	146	T	0.973656664341	C	0.0099441730635	40	57	54	5581	5732	72964
UNKNOWN	147	G	0.757327285415	A	0.183356594557	1051	147	4341	193	5732	72964
UNKNOWN	148	G	0.497208653175	A	0.418702023726	2400	380	2850	102	5732	72964
UNKNOWN	149	T	0.936147941382	G	0.0291346824843	108	91	167	5366	5732	72964
UNKNOWN	150	A	0.966852756455	G	0.0298325191905	5542	1	171	18	5732	72964
UNKNOWN	151	T	0.995115143057	C	0.00244242847174	11	14	3	5704	5732	72964
UNKNOWN	152	A	0.961095603629	G	0.021458478716	5509	30	123	70	5732	72964
UNKNOWN	153	A	0.92812281926	G	0.0664689462666	5320	21	381	10	5732	72964
UNKNOWN	154	G	0.873517096999	A	0.0865317515701	496	216	5007	13	5732	72964
UNKNOWN	155	C	0.893579902303	T	0.0769364968597	78	5122	91	441	5732	72964
UNKNOWN	156	A	0.937718073971	G	0.0566992323796	5375	23	325	9	5732	72964
UNKNOWN	157	G	0.903698534543	C	0.0540823447313	156	310	5180	86	5732	72964
UNKNOWN	158	T	0.980111653873	G	0.0108164689463	24	28	62	5618	5732	72964
UNKNOWN	159	G	0.862002791347	A	0.113049546406	648	113	4941	30	5732	72964
UNKNOWN	160	G	0.907362177251	A	0.0605373342638	347	135	5201	49	5732	72964
UNKNOWN	161	T	0.984996510816	C	0.00767620376832	8	44	34	5646	5732	72964
UNKNOWN	162	G	0.993196092114	A	0.00558269364969	32	5	5693	2	5732	72964
UNKNOWN	163	G	0.992323796232	A	0.00558269364969	32	4	5688	8	5732	72964
UNKNOWN	164	A	0.964410327983	G	0.0263433356595	5528	45	151	8	5732	72964
UNKNOWN	165	A	0.954117236567	G	0.0341939986043	5469	33	196	34	5732	72964
UNKNOWN	166	G	0.664515003489	A	0.188939288207	1083	521	3809	319	5732	72964
UNKNOWN	167	C	0.927424982554	T	0.0266922540126	135	5316	128	153	5732	72964
UNKNOWN	168	A	0.976273551989	G	0.0141311933008	5596	22	81	33	5732	72964
UNKNOWN	169	C	0.97976273552	T	0.0122121423587	27	5616	19	70	5732	72964
UNKNOWN	170	A	0.97976273552	G	0.0153524075366	5616	10	88	18	5732	72964
UNKNOWN	171	G	0.743545010468	T	0.217899511514	143	78	4262	1249	5732	72964
UNKNOWN	172	G	0.643056524773	A	0.292044661549	1674	200	3686	172	5732	72964
UNKNOWN	173	C	0.979588276343	T	0.0108164689463	7	5615	48	62	5732	72964
UNKNOWN	174	T	0.992323796232	C	0.00348918353105	16	20	8	5688	5732	72964
UNKNOWN	175	A	0.991800418702	T	0.00593161200279	5685	6	7	34	5732	72964
UNKNOWN	176	T	0.98534542917	C	0.0123866015352	11	71	2	5648	5732	72964
UNKNOWN	177	A	0.990928122819	C	0.00471039776692	5680	27	21	4	5732	72964
UNKNOWN	178	A	0.991974877879	C	0.00366364270761	5686	21	18	7	5732	72964
UNKNOWN	179	C	0.90840893231	T	0.0830425680391	14	5207	35	476	5732	72964
UNKNOWN	180	C	0.946789951151	T	0.0406489881368	21	5427	51	233	5732	72964
UNKNOWN	181	C	0.982554082345	G	0.00750174459177	20	5632	43	37	5732	72964
UNKNOWN	182	A	0.988136775994	G	0.00872295882763	5664	11	50	7	5732	72964
UNKNOWN	183	G	0.985694347523	A	0.00907187718074	52	22	5650	8	5732	72964
UNKNOWN	184	C	0.981856245639	G	0.0106420097697	9	5628	61	34	5732	72964
UNKNOWN	185	C	0.998778785764	A	0.000697836706211	4	5725	2	1	5732	72964
UNKNOWN	186	C	0.995987438939	T	0.00314026517795	5	5709	0	18	5732	72964
UNKNOWN	187	T	0.995115143057	G	0.00261688764829	1	12	15	5704	5732	72964
UNKNOWN	188	G	0.97976273552	A	0.0181437543615	104	2	5616	10	5732	72964
UNKNOWN	189	A	0.99546406141	G	0.00261688764829	5706	10	15	1	5732	72964
UNKNOWN	190	A	0.99546406141	G	0.00226796929518	5706	9	13	4	5732	72964
UNKNOWN	191	A	0.991277041172	C	0.00348918353105	5682	20	13	17	5732	72964
UNKNOWN	192	T	0.992149337055	C	0.00436147941382	5	25	15	5687	5732	72964
UNKNOWN	193	C	0.997906489881	T	0.00157013258897	2	5720	1	9	5732	72964
UNKNOWN	194	C	0.991974877879	T	0.00401256106071	6	5686	17	23	5732	72964
UNKNOWN	195	C	0.997208653175	G	0.00226796929518	3	5716	13	0	5732	72964
UNKNOWN	196	G	0.998429867411	A	0.00104675505932	6	2	5723	1	5732	72964
UNKNOWN	197	G	0.942254012561	A	0.0441381716678	253	54	5401	24	5732	72964
UNKNOWN	198	C	0.992672714585	T	0.00401256106071	14	5690	5	23	5732	72964
UNKNOWN	199	T	0.993196092114	C	0.00471039776692	6	27	6	5693	5732	72964
UNKNOWN	200	C	0.994068387997	A	0.0033147243545	19	5698	5	10	5732	72964
UNKNOWN	201	A	0.99441730635	G	0.00418702023726	5700	6	24	2	5732	72964
UNKNOWN	202	G	0.978715980461	C	0.0176203768318	12	101	5610	9	5732	72964
UNKNOWN	203	C	0.955338450803	T	0.0261688764829	50	5476	56	150	5732	72964
UNKNOWN	204	A	0.993893928821	G	0.00279134682484	5697	5	16	14	5732	72964
UNKNOWN	205	T	0.993370551291	C	0.00436147941382	5	25	8	5694	5732	72964
UNKNOWN	206	C	0.992323796232	A	0.00401256106071	23	5688	3	18	5732	72964
UNKNOWN	207	A	0.98534542917	G	0.00976971388695	5648	19	56	9	5732	72964
UNKNOWN	208	C	0.98935799023	T	0.0062805303559	8	5671	17	36	5732	72964
UNKNOWN	209	C	0.970516399163	T	0.0108164689463	52	5563	55	62	5732	72964
UNKNOWN	210	A	0.996685275645	G	0.00226796929518	5713	5	13	1	5732	72964
UNKNOWN	211	A	0.988136775994	G	0.0106420097697	5664	6	61	1	5732	72964
UNKNOWN	212	G	0.969295184927	A	0.0298325191905	171	5	5556	0	5732	72964
UNKNOWN	213	G	0.99546406141	A	0.00383810188416	22	3	5706	1	5732	72964
UNKNOWN	214	A	0.994068387997	C	0.0029658060014	5698	17	15	2	5732	72964
UNKNOWN	215	C	0.987438939288	T	0.00505931612003	20	5660	23	29	5732	72964
UNKNOWN	216	A	0.989009071877	G	0.00889741800419	5669	4	51	8	5732	72964
UNKNOWN	217	A	0.989706908583	C	0.0062805303559	5673	36	21	2	5732	72964
UNKNOWN	218	C	0.982554082345	T	0.0144801116539	6	5632	11	83	5732	72964
UNKNOWN	219	T	0.993545010468	C	0.00383810188416	6	22	9	5695	5732	72964
UNKNOWN	220	C	0.995115143057	T	0.00279134682484	12	5704	0	16	5732	72964
UNKNOWN	221	C	0.989532449407	T	0.00453593859037	19	5672	15	26	5732	72964
UNKNOWN	222	A	0.991800418702	C	0.00645498953245	5685	37	8	2	5732	72964
UNKNOWN	223	A	0.990753663643	G	0.00767620376832	5679	6	44	3	5732	72964
UNKNOWN	224	G	0.983251919051	A	0.0095952547104	55	36	5636	5	5732	72964
UNKNOWN	225	A	0.991277041172	G	0.00593161200279	5682	13	34	3	5732	72964
UNKNOWN	226	G	0.965631542219	A	0.0284368457781	163	29	5535	5	5732	72964
UNKNOWN	227	C	0.967027215632	T	0.0277390090719	8	5543	22	159	5732	72964
UNKNOWN	228	C	0.994068387997	A	0.00279134682484	16	5698	16	2	5732	72964
UNKNOWN	229	A	0.995289602233	G	0.00226796929518	5705	9	13	5	5732	72964
UNKNOWN	230	A	0.987438939288	G	0.0113398464759	5660	6	65	1	5732	72964
UNKNOWN	231	G	0.966503838102	A	0.0146545708304	84	83	5540	25	5732	72964
UNKNOWN	232	T	0.994242847174	C	0.00505931612003	2	29	2	5699	5732	72964
UNKNOWN	233	C	0.984124214934	T	0.00750174459177	7	5641	41	43	5732	72964
UNKNOWN	234	T	0.990928122819	C	0.00488485694348	10	28	14	5680	5732	72964
UNKNOWN	235	C	0.986043265876	T	0.0123866015352	9	5652	0	71	5732	72964
UNKNOWN	236	T	0.984647592463	C	0.00802512212142	7	46	35	5644	5732	72964
UNKNOWN	237	C	0.993719469644	T	0.00453593859037	7	5696	3	26	5732	72964
UNKNOWN	238	T	0.995289602233	G	0.00261688764829	2	10	15	5705	5732	72964
UNKNOWN	239	G	0.967201674808	A	0.0233775296581	134	31	5544	23	5732	72964
UNKNOWN	240	T	0.994591765527	C	0.00348918353105	3	20	8	5701	5732	72964
UNKNOWN	241	C	0.98935799023	T	0.00837404047453	13	5671	0	48	5732	72964
UNKNOWN	242	A	0.981158408932	G	0.0127355198883	5624	18	73	17	5732	72964
UNKNOWN	243	G	0.921144452198	A	0.0364619678995	209	181	5280	62	5732	72964
UNKNOWN	244	T	0.99494068388	G	0.00261688764829	1	13	15	5703	5732	72964
UNKNOWN	245	G	0.977145847872	A	0.0157013258897	90	15	5601	26	5732	72964
UNKNOWN	246	A	0.988660153524	G	0.006629448709	5667	21	38	6	5732	72964
UNKNOWN	247	G	0.942079553385	A	0.0385554780181	221	85	5400	26	5732	72964
UNKNOWN	248	C	0.970690858339	T	0.0209351011863	22	5564	26	120	5732	72964
UNKNOWN	249	A	0.976099092812	G	0.0225052337753	5595	7	129	1	5732	72964
UNKNOWN	250	G	0.979413817167	A	0.0127355198883	73	37	5614	8	5732	72964
UNKNOWN	251	C	0.988834612701	T	0.00767620376832	2	5668	18	44	5732	72964
UNKNOWN	252	G	0.991451500349	A	0.00471039776692	27	5	5683	17	5732	72964
UNKNOWN	253	T	0.989706908583	C	0.00750174459177	3	43	13	5673	5732	72964
UNKNOWN	254	G	0.965282623866	A	0.0286113049546	164	24	5533	11	5732	72964
UNKNOWN	255	A	0.990928122819	G	0.0062805303559	5680	15	36	1	5732	72964
UNKNOWN	256	C	0.993545010468	A	0.00279134682484	16	5695	11	10	5732	72964
UNKNOWN	257	A	0.982030704815	G	0.00785066294487	5629	31	45	27	5732	72964
UNKNOWN	258	C	0.921842288904	A	0.0689113747383	395	5284	40	13	5732	72964
UNKNOWN	259	C	0.987264480112	T	0.0102930914166	5	5659	9	59	5732	72964
UNKNOWN	260	T	0.983077459874	C	0.00819958129798	4	47	46	5635	5732	72964
UNKNOWN	261	G	0.992847173761	A	0.00593161200279	34	1	5691	6	5732	72964
UNKNOWN	262	A	0.991451500349	G	0.00488485694348	5683	15	28	6	5732	72964
UNKNOWN	263	G	0.956559665038	A	0.028087927425	161	69	5483	19	5732	72964
UNKNOWN	264	G	0.993893928821	A	0.00366364270761	21	8	5697	6	5732	72964
UNKNOWN	265	A	0.991974877879	C	0.00523377529658	5686	30	11	5	5732	72964
UNKNOWN	266	C	0.986043265876	A	0.006629448709	38	5652	8	34	5732	72964
UNKNOWN	267	A	0.979588276343	G	0.0151779483601	5615	16	87	14	5732	72964
UNKNOWN	268	C	0.993719469644	G	0.0029658060014	14	5696	17	5	5732	72964
UNKNOWN	269	G	0.988136775994	A	0.00732728541521	42	11	5664	15	5732	72964
UNKNOWN	270	G	0.994591765527	C	0.00314026517795	7	18	5701	6	5732	72964
UNKNOWN	271	C	0.992847173761	A	0.00383810188416	22	5691	16	3	5732	72964
UNKNOWN	272	C	0.991451500349	A	0.00436147941382	25	5683	9	15	5732	72964
UNKNOWN	273	A	0.991277041172	G	0.00523377529658	5682	15	30	5	5732	72964
UNKNOWN	274	C	0.989183531054	A	0.00436147941382	25	5670	20	17	5732	72964
UNKNOWN	275	A	0.973307745987	G	0.0120376831821	5579	46	69	38	5732	72964
UNKNOWN	276	T	0.990928122819	A	0.00418702023726	24	7	21	5680	5732	72964
UNKNOWN	277	A	0.992498255408	C	0.00453593859037	5689	26	11	6	5732	72964
UNKNOWN	278	C	0.95394277739	T	0.0455338450803	3	5468	0	261	5732	72964
UNKNOWN	279	T	0.986741102582	C	0.00593161200279	21	34	21	5656	5732	72964
UNKNOWN	280	A	0.986043265876	C	0.00610607117934	5652	35	14	31	5732	72964
UNKNOWN	281	C	0.976796929518	T	0.0225052337753	2	5599	2	129	5732	72964
UNKNOWN	282	T	0.988485694348	G	0.00837404047453	11	7	48	5666	5732	72964
