Type	Position	Nucl1	Freq1	Nucl2	Freq2	NumAs	NumCs	NumGs	NumTs	NumAligned	NumNaive
UNKNOWN	0	C	1.0	A	0.0	0	13860	0	0	13860	72964
UNKNOWN	1	A	1.0	C	0.0	13860	0	0	0	13860	72964
UNKNOWN	2	G	1.0	A	0.0	0	0	13860	0	13860	72964
UNKNOWN	3	G	1.0	A	0.0	0	0	13860	0	13860	72964
UNKNOWN	4	T	1.0	A	0.0	0	0	0	13860	13860	72964
UNKNOWN	5	G	1.0	A	0.0	0	0	13860	0	13860	72964
UNKNOWN	6	C	1.0	A	0.0	0	13860	0	0	13860	72964
UNKNOWN	7	A	0.998845598846	G	0.000649350649351	13844	0	9	7	13860	72964
UNKNOWN	8	G	0.992640692641	A	0.00656565656566	91	8	13758	3	13860	72964
UNKNOWN	9	C	0.998412698413	T	0.000865800865801	3	13838	7	12	13860	72964
UNKNOWN	10	T	0.99898989899	C	0.000793650793651	2	11	1	13846	13860	72964
UNKNOWN	11	G	0.998556998557	A	0.0010101010101	14	3	13840	3	13860	72964
UNKNOWN	12	C	0.999639249639	T	0.0002886002886	1	13855	0	4	13860	72964
UNKNOWN	13	G	0.99898989899	A	0.000865800865801	12	2	13846	0	13860	72964
UNKNOWN	14	G	0.517388167388	C	0.481601731602	6	6675	7171	8	13860	72964
UNKNOWN	15	G	0.999422799423	C	0.00036075036075	3	5	13852	0	13860	72964
UNKNOWN	16	A	0.997546897547	G	0.00180375180375	13826	7	25	2	13860	72964
UNKNOWN	17	G	0.995093795094	A	0.0041847041847	58	8	13792	2	13860	72964
UNKNOWN	18	T	0.998773448773	C	0.0010101010101	1	14	2	13843	13860	72964
UNKNOWN	19	C	0.999639249639	T	0.0002886002886	0	13855	1	4	13860	72964
UNKNOWN	20	G	0.885353535354	A	0.114141414141	1582	3	12271	4	13860	72964
UNKNOWN	21	G	0.999062049062	C	0.000649350649351	4	9	13847	0	13860	72964
UNKNOWN	22	G	0.999134199134	A	0.0004329004329	6	3	13848	3	13860	72964
UNKNOWN	23	C	0.998773448773	T	0.0010101010101	1	13843	2	14	13860	72964
UNKNOWN	24	C	0.999783549784	T	0.00021645021645	0	13857	0	3	13860	72964
UNKNOWN	25	C	0.999206349206	T	0.000793650793651	0	13849	0	11	13860	72964
UNKNOWN	26	C	0.99898989899	T	0.000649350649351	5	13846	0	9	13860	72964
UNKNOWN	27	A	0.998484848485	G	0.00122655122655	13839	2	17	2	13860	72964
UNKNOWN	28	G	0.994949494949	A	0.00367965367965	51	18	13790	1	13860	72964
UNKNOWN	29	C	0.998340548341	T	0.00151515151515	2	13837	0	21	13860	72964
UNKNOWN	30	C	0.998773448773	T	0.0011544011544	1	13843	0	16	13860	72964
UNKNOWN	31	T	0.998268398268	C	0.000937950937951	2	13	9	13836	13860	72964
UNKNOWN	32	G	0.994155844156	A	0.00425685425685	59	17	13779	5	13860	72964
UNKNOWN	33	G	0.998051948052	A	0.0010101010101	14	8	13833	5	13860	72964
UNKNOWN	34	T	0.99797979798	C	0.0015873015873	1	22	5	13832	13860	72964
UNKNOWN	35	G	0.998051948052	A	0.00180375180375	25	1	13833	1	13860	72964
UNKNOWN	36	A	0.998051948052	C	0.00122655122655	13833	17	9	1	13860	72964
UNKNOWN	37	A	0.99531024531	G	0.0036075036075	13795	14	50	1	13860	72964
UNKNOWN	38	G	0.998412698413	A	0.000865800865801	12	8	13838	2	13860	72964
UNKNOWN	39	C	0.997474747475	T	0.00137085137085	3	13825	13	19	13860	72964
UNKNOWN	40	C	0.999422799423	T	0.000505050505051	1	13852	0	7	13860	72964
UNKNOWN	41	C	0.998051948052	G	0.00108225108225	1	13833	15	11	13860	72964
UNKNOWN	42	T	0.996248196248	C	0.00310245310245	6	43	3	13808	13860	72964
UNKNOWN	43	C	0.999062049062	A	0.000577200577201	8	13847	1	4	13860	72964
UNKNOWN	44	A	0.996103896104	G	0.0025974025974	13806	15	36	3	13860	72964
UNKNOWN	45	C	0.998556998557	G	0.000649350649351	8	13840	9	3	13860	72964
UNKNOWN	46	A	0.99797979798	G	0.001443001443	13832	8	20	0	13860	72964
UNKNOWN	47	G	0.997691197691	A	0.0021645021645	30	2	13828	0	13860	72964
UNKNOWN	48	A	0.997619047619	G	0.00108225108225	13827	13	15	5	13860	72964
UNKNOWN	49	C	0.999278499278	T	0.0004329004329	1	13850	3	6	13860	72964
UNKNOWN	50	C	0.999206349206	T	0.000649350649351	1	13849	1	9	13860	72964
UNKNOWN	51	C	0.99898989899	T	0.000793650793651	0	13846	3	11	13860	72964
UNKNOWN	52	T	0.99733044733	C	0.00223665223665	4	31	2	13823	13860	72964
UNKNOWN	53	C	0.998340548341	G	0.0010101010101	0	13837	14	9	13860	72964
UNKNOWN	54	T	0.996825396825	C	0.00295815295815	2	41	1	13816	13860	72964
UNKNOWN	55	C	0.999062049062	T	0.000721500721501	0	13847	3	10	13860	72964
UNKNOWN	56	C	0.998196248196	T	0.0011544011544	3	13835	6	16	13860	72964
UNKNOWN	57	C	0.997619047619	G	0.00151515151515	0	13827	21	12	13860	72964
UNKNOWN	58	T	0.997835497835	C	0.00194805194805	2	27	1	13830	13860	72964
UNKNOWN	59	C	0.995887445887	T	0.00339105339105	8	13803	2	47	13860	72964
UNKNOWN	60	A	0.997474747475	G	0.00137085137085	13825	12	19	4	13860	72964
UNKNOWN	61	C	0.998268398268	T	0.00122655122655	2	13836	5	17	13860	72964
UNKNOWN	62	C	0.997835497835	T	0.0017316017316	2	13830	4	24	13860	72964
UNKNOWN	63	T	0.997691197691	C	0.0015873015873	0	22	10	13828	13860	72964
UNKNOWN	64	G	0.998629148629	A	0.000721500721501	10	9	13841	0	13860	72964
UNKNOWN	65	C	0.998051948052	T	0.00122655122655	9	13833	1	17	13860	72964
UNKNOWN	66	A	0.996176046176	G	0.0015873015873	13807	19	22	12	13860	72964
UNKNOWN	67	C	0.99733044733	T	0.00209235209235	0	13823	8	29	13860	72964
UNKNOWN	68	G	0.99531024531	A	0.0041847041847	58	6	13795	1	13860	72964
UNKNOWN	69	G	0.951948051948	A	0.0461038961039	639	14	13194	13	13860	72964
UNKNOWN	70	T	0.986147186147	C	0.0128427128427	2	178	12	13668	13860	72964
UNKNOWN	71	C	0.986002886003	G	0.00714285714286	8	13666	99	87	13860	72964
UNKNOWN	72	T	0.996608946609	C	0.0023088023088	7	32	8	13813	13860	72964
UNKNOWN	73	C	0.998124098124	T	0.0015873015873	4	13834	0	22	13860	72964
UNKNOWN	74	T	0.996103896104	C	0.0023088023088	3	32	19	13806	13860	72964
UNKNOWN	75	G	0.99797979798	A	0.00165945165945	23	4	13832	1	13860	72964
UNKNOWN	76	G	0.994083694084	A	0.00519480519481	72	7	13778	3	13860	72964
UNKNOWN	77	A	0.996176046176	G	0.00165945165945	13807	14	23	16	13860	72964
UNKNOWN	78	T	0.997835497835	C	0.00122655122655	4	17	9	13830	13860	72964
UNKNOWN	79	T	0.998484848485	C	0.00137085137085	1	19	1	13839	13860	72964
UNKNOWN	80	C	0.994949494949	T	0.00411255411255	1	13790	12	57	13860	72964
UNKNOWN	81	T	0.994083694084	C	0.00310245310245	8	43	31	13778	13860	72964
UNKNOWN	82	C	0.997763347763	T	0.0011544011544	11	13829	4	16	13860	72964
UNKNOWN	83	A	0.994949494949	G	0.00209235209235	13790	17	29	24	13860	72964
UNKNOWN	84	T	0.934848484848	C	0.0629148629149	4	872	27	12957	13860	72964
UNKNOWN	85	T	0.997113997114	C	0.00151515151515	0	21	19	13820	13860	72964
UNKNOWN	86	G	0.985930735931	A	0.0135642135642	188	1	13665	6	13860	72964
UNKNOWN	87	A	0.991558441558	C	0.0047619047619	13743	66	46	5	13860	72964
UNKNOWN	88	G	0.960533910534	A	0.0238095238095	330	185	13313	32	13860	72964
UNKNOWN	89	C	0.987301587302	T	0.00757575757576	24	13684	47	105	13860	72964
UNKNOWN	90	A	0.991558441558	G	0.00743145743146	13743	11	103	3	13860	72964
UNKNOWN	91	G	0.936724386724	A	0.0417748917749	579	211	12983	87	13860	72964
UNKNOWN	92	C	0.979437229437	T	0.0132034632035	35	13575	67	183	13860	72964
UNKNOWN	93	T	0.982683982684	G	0.00735930735931	64	74	102	13620	13860	72964
UNKNOWN	94	A	0.978643578644	C	0.0113275613276	13564	157	49	90	13860	72964
UNKNOWN	95	T	0.995093795094	C	0.0024531024531	12	34	22	13792	13860	72964
UNKNOWN	96	G	0.909812409812	A	0.058658008658	813	178	12610	259	13860	72964
UNKNOWN	97	C	0.92215007215	G	0.0349206349206	240	12781	484	355	13860	72964
UNKNOWN	98	T	0.994660894661	C	0.00281385281385	12	39	23	13786	13860	72964
UNKNOWN	99	G	0.974386724387	A	0.0220057720058	305	8	13505	42	13860	72964
UNKNOWN	100	T	0.995743145743	C	0.0027417027417	12	38	9	13801	13860	72964
UNKNOWN	101	A	0.971861471861	G	0.0160894660895	13470	61	223	106	13860	72964
UNKNOWN	102	A	0.590043290043	G	0.394372294372	8178	156	5466	60	13860	72964
UNKNOWN	103	G	0.751370851371	A	0.170851370851	2368	820	10414	258	13860	72964
UNKNOWN	104	C	0.985209235209	T	0.011038961039	24	13655	28	153	13860	72964
UNKNOWN	105	T	0.997619047619	G	0.00122655122655	1	15	17	13827	13860	72964
UNKNOWN	106	G	0.999422799423	A	0.0002886002886	4	3	13852	1	13860	72964
UNKNOWN	107	G	0.999422799423	A	0.00036075036075	5	2	13852	1	13860	72964
UNKNOWN	108	G	0.977489177489	A	0.0150072150072	208	45	13548	59	13860	72964
UNKNOWN	109	T	0.99696969697	C	0.00281385281385	1	39	2	13818	13860	72964
UNKNOWN	110	C	0.998196248196	G	0.0010101010101	1	13835	14	10	13860	72964
UNKNOWN	111	C	0.998629148629	G	0.000865800865801	1	13841	12	6	13860	72964
UNKNOWN	112	G	0.998556998557	C	0.000793650793651	8	11	13840	1	13860	72964
UNKNOWN	113	C	0.998340548341	T	0.000721500721501	6	13837	7	10	13860	72964
UNKNOWN	114	C	0.998412698413	A	0.0010101010101	14	13838	2	6	13860	72964
UNKNOWN	115	A	0.996103896104	G	0.002886002886	13806	10	40	4	13860	72964
UNKNOWN	116	G	0.998845598846	A	0.000865800865801	12	1	13844	3	13860	72964
UNKNOWN	117	G	0.981962481962	A	0.0159451659452	221	21	13610	8	13860	72964
UNKNOWN	118	C	0.997113997114	T	0.00151515151515	1	13820	18	21	13860	72964
UNKNOWN	119	T	0.994660894661	C	0.00454545454545	6	63	5	13786	13860	72964
UNKNOWN	120	C	0.998701298701	T	0.000865800865801	3	13842	3	12	13860	72964
UNKNOWN	121	C	0.998773448773	A	0.00108225108225	15	13843	1	1	13860	72964
UNKNOWN	122	A	0.892640692641	G	0.106493506494	12372	3	1476	9	13860	72964
UNKNOWN	123	G	0.998917748918	A	0.0004329004329	6	6	13845	3	13860	72964
UNKNOWN	124	G	0.995093795094	A	0.00440115440115	61	3	13792	4	13860	72964
UNKNOWN	125	G	0.985786435786	A	0.0126984126984	176	19	13663	2	13860	72964
UNKNOWN	126	A	0.996608946609	G	0.00252525252525	13813	11	35	1	13860	72964
UNKNOWN	127	A	0.994588744589	G	0.00483405483405	13785	6	67	2	13860	72964
UNKNOWN	128	G	0.994949494949	A	0.0046176046176	64	5	13790	1	13860	72964
UNKNOWN	129	G	0.989321789322	A	0.00851370851371	118	27	13712	3	13860	72964
UNKNOWN	130	C	0.99595959596	T	0.00209235209235	3	13804	24	29	13860	72964
UNKNOWN	131	G	0.898268398268	A	0.098556998557	1366	34	12450	10	13860	72964
UNKNOWN	132	C	0.99227994228	T	0.00620490620491	14	13753	7	86	13860	72964
UNKNOWN	133	T	0.987373737374	C	0.0101731601732	6	141	28	13685	13860	72964
UNKNOWN	134	G	0.731313131313	T	0.259668109668	113	12	10136	3599	13860	72964
UNKNOWN	135	G	0.996608946609	A	0.0021645021645	30	15	13813	2	13860	72964
UNKNOWN	136	A	0.9943001443	G	0.00295815295815	13781	13	41	25	13860	72964
UNKNOWN	137	G	0.980230880231	A	0.017316017316	240	12	13586	22	13860	72964
UNKNOWN	138	T	0.996464646465	G	0.0017316017316	3	22	24	13811	13860	72964
UNKNOWN	139	G	0.991414141414	A	0.00591630591631	82	18	13741	19	13860	72964
UNKNOWN	140	C	0.592568542569	G	0.379797979798	14	8213	5264	369	13860	72964
UNKNOWN	141	C	0.654617604618	G	0.32215007215	292	9073	4465	30	13860	72964
UNKNOWN	142	T	0.995598845599	C	0.0036075036075	2	50	9	13799	13860	72964
UNKNOWN	143	C	0.63152958153	T	0.361327561328	18	8753	81	5008	13860	72964
UNKNOWN	144	G	0.985281385281	A	0.012987012987	180	1	13656	23	13860	72964
UNKNOWN	145	G	0.990909090909	C	0.00613275613276	21	85	13734	20	13860	72964
UNKNOWN	146	T	0.988167388167	G	0.0049062049062	42	54	68	13696	13860	72964
UNKNOWN	147	G	0.859451659452	A	0.113924963925	1579	112	11912	257	13860	72964
UNKNOWN	148	G	0.888672438672	A	0.0546897546898	758	601	12317	184	13860	72964
UNKNOWN	149	T	0.973232323232	G	0.0123376623377	126	74	171	13489	13860	72964
UNKNOWN	150	A	0.967027417027	G	0.0304473304473	13403	11	422	24	13860	72964
UNKNOWN	151	T	0.989538239538	C	0.00598845598846	40	83	22	13715	13860	72964
UNKNOWN	152	A	0.952164502165	G	0.0265512265512	13197	102	368	193	13860	72964
UNKNOWN	153	A	0.926695526696	G	0.0642135642136	12844	74	890	52	13860	72964
UNKNOWN	154	G	0.858658008658	A	0.100721500722	1396	461	11901	102	13860	72964
UNKNOWN	155	C	0.806782106782	T	0.158152958153	228	11182	258	2192	13860	72964
UNKNOWN	156	A	0.927200577201	G	0.0661616161616	12851	68	917	24	13860	72964
UNKNOWN	157	G	0.92886002886	A	0.0324675324675	450	369	12874	167	13860	72964
UNKNOWN	158	T	0.973015873016	G	0.0171717171717	43	93	238	13486	13860	72964
UNKNOWN	159	G	0.875108225108	A	0.101082251082	1401	277	12129	53	13860	72964
UNKNOWN	160	G	0.907575757576	A	0.0527417027417	731	435	12579	115	13860	72964
UNKNOWN	161	T	0.985786435786	G	0.00714285714286	25	73	99	13663	13860	72964
UNKNOWN	162	G	0.990764790765	A	0.00858585858586	119	7	13732	2	13860	72964
UNKNOWN	163	G	0.9886002886	A	0.00634920634921	88	46	13702	24	13860	72964
UNKNOWN	164	A	0.978138528139	G	0.0163780663781	13557	57	227	19	13860	72964
UNKNOWN	165	A	0.953751803752	G	0.0394660894661	13219	66	547	28	13860	72964
UNKNOWN	166	G	0.762987012987	A	0.128354978355	1779	959	10575	547	13860	72964
UNKNOWN	167	C	0.918975468975	T	0.0381673881674	314	12737	280	529	13860	72964
UNKNOWN	168	A	0.969264069264	G	0.0204184704185	13434	81	283	62	13860	72964
UNKNOWN	169	C	0.971212121212	T	0.0152958152958	125	13461	62	212	13860	72964
UNKNOWN	170	A	0.980303030303	G	0.010101010101	13587	45	140	88	13860	72964
UNKNOWN	171	T	0.63088023088	G	0.307359307359	609	247	4260	8744	13860	72964
UNKNOWN	172	A	0.761255411255	G	0.182467532468	10551	463	2529	317	13860	72964
UNKNOWN	173	C	0.964069264069	G	0.0185425685426	12	13362	257	229	13860	72964
UNKNOWN	174	T	0.991847041847	C	0.00425685425685	35	59	19	13747	13860	72964
UNKNOWN	175	A	0.988816738817	T	0.00562770562771	13705	55	22	78	13860	72964
UNKNOWN	176	T	0.986868686869	C	0.00966810966811	31	134	17	13678	13860	72964
UNKNOWN	177	A	0.985497835498	C	0.00750360750361	13659	104	85	12	13860	72964
UNKNOWN	178	A	0.988167388167	G	0.00707070707071	13696	58	98	8	13860	72964
UNKNOWN	179	C	0.912626262626	T	0.0741702741703	64	12649	119	1028	13860	72964
UNKNOWN	180	C	0.948196248196	T	0.0332611832612	87	13142	170	461	13860	72964
UNKNOWN	181	C	0.98152958153	A	0.0111832611833	155	13604	34	67	13860	72964
UNKNOWN	182	A	0.987950937951	G	0.00699855699856	13693	56	97	14	13860	72964
UNKNOWN	183	G	0.977705627706	A	0.0148629148629	206	51	13551	52	13860	72964
UNKNOWN	184	C	0.981240981241	T	0.0126262626263	33	13600	52	175	13860	72964
UNKNOWN	185	C	0.998340548341	G	0.000649350649351	7	13837	9	7	13860	72964
UNKNOWN	186	C	0.995526695527	T	0.0031746031746	6	13798	12	44	13860	72964
UNKNOWN	187	T	0.995598845599	G	0.0023088023088	6	23	32	13799	13860	72964
UNKNOWN	188	G	0.979725829726	A	0.015367965368	213	43	13579	25	13860	72964
UNKNOWN	189	A	0.992857142857	G	0.00454545454545	13761	33	63	3	13860	72964
UNKNOWN	190	A	0.991991341991	C	0.0031746031746	13749	44	43	24	13860	72964
UNKNOWN	191	A	0.991197691198	T	0.00310245310245	13738	42	37	43	13860	72964
UNKNOWN	192	T	0.991991341991	C	0.00468975468975	10	65	36	13749	13860	72964
UNKNOWN	193	C	0.994444444444	T	0.004329004329	13	13783	4	60	13860	72964
UNKNOWN	194	C	0.992424242424	G	0.00468975468975	8	13755	65	32	13860	72964
UNKNOWN	195	C	0.996392496392	G	0.0021645021645	8	13810	30	12	13860	72964
UNKNOWN	196	G	0.998629148629	A	0.000577200577201	8	8	13841	3	13860	72964
UNKNOWN	197	G	0.939682539683	A	0.0457431457431	634	162	13024	40	13860	72964
UNKNOWN	198	C	0.991847041847	T	0.00468975468975	18	13747	30	65	13860	72964
UNKNOWN	199	T	0.994949494949	C	0.0034632034632	8	48	14	13790	13860	72964
UNKNOWN	200	C	0.993434343434	A	0.0033189033189	46	13769	12	33	13860	72964
UNKNOWN	201	A	0.993867243867	G	0.00519480519481	13775	13	72	0	13860	72964
UNKNOWN	202	G	0.983982683983	C	0.0105339105339	25	146	13638	51	13860	72964
UNKNOWN	203	C	0.968398268398	T	0.0232323232323	63	13422	53	322	13860	72964
UNKNOWN	204	A	0.988383838384	G	0.00779220779221	13699	13	108	40	13860	72964
UNKNOWN	205	T	0.995021645022	C	0.0031746031746	9	44	16	13791	13860	72964
UNKNOWN	206	C	0.991414141414	T	0.0047619047619	48	13741	5	66	13860	72964
UNKNOWN	207	A	0.985425685426	T	0.00750360750361	13658	46	52	104	13860	72964
UNKNOWN	208	C	0.991991341991	T	0.00324675324675	25	13749	41	45	13860	72964
UNKNOWN	209	C	0.968181818182	T	0.020202020202	66	13419	95	280	13860	72964
UNKNOWN	210	A	0.995743145743	C	0.00238095238095	13801	33	23	3	13860	72964
UNKNOWN	211	A	0.984199134199	G	0.013924963925	13641	19	193	7	13860	72964
UNKNOWN	212	G	0.990909090909	A	0.00743145743146	103	16	13734	7	13860	72964
UNKNOWN	213	G	0.995382395382	A	0.00411255411255	57	4	13796	3	13860	72964
UNKNOWN	214	A	0.993506493506	C	0.00353535353535	13770	49	32	9	13860	72964
UNKNOWN	215	C	0.9829004329	T	0.0100288600289	62	13623	36	139	13860	72964
UNKNOWN	216	A	0.991414141414	G	0.00627705627706	13741	23	87	9	13860	72964
UNKNOWN	217	A	0.982467532468	C	0.00887445887446	13617	123	90	30	13860	72964
UNKNOWN	218	C	0.980519480519	T	0.0134920634921	11	13590	72	187	13860	72964
UNKNOWN	219	T	0.992496392496	C	0.00367965367965	22	51	31	13756	13860	72964
UNKNOWN	220	C	0.994083694084	T	0.00425685425685	21	13778	2	59	13860	72964
UNKNOWN	221	C	0.990981240981	T	0.0047619047619	52	13735	7	66	13860	72964
UNKNOWN	222	A	0.990909090909	C	0.00483405483405	13734	67	57	2	13860	72964
UNKNOWN	223	A	0.989321789322	G	0.00901875901876	13712	15	125	8	13860	72964
UNKNOWN	224	G	0.990764790765	A	0.00526695526696	73	43	13732	12	13860	72964
UNKNOWN	225	A	0.99062049062	G	0.00634920634921	13730	35	88	7	13860	72964
UNKNOWN	226	G	0.965367965368	A	0.0256132756133	355	112	13380	13	13860	72964
UNKNOWN	227	C	0.976984126984	T	0.0193362193362	22	13541	29	268	13860	72964
UNKNOWN	228	C	0.9943001443	A	0.00324675324675	45	13781	31	3	13860	72964
UNKNOWN	229	A	0.996681096681	T	0.0012987012987	13814	11	17	18	13860	72964
UNKNOWN	230	A	0.987806637807	G	0.0103896103896	13691	20	144	5	13860	72964
UNKNOWN	231	G	0.968398268398	A	0.0180375180375	250	110	13422	78	13860	72964
UNKNOWN	232	T	0.994588744589	C	0.00454545454545	4	63	8	13785	13860	72964
UNKNOWN	233	C	0.985137085137	T	0.00743145743146	16	13654	87	103	13860	72964
UNKNOWN	234	T	0.99126984127	C	0.00505050505051	7	70	44	13739	13860	72964
UNKNOWN	235	C	0.993217893218	T	0.00577200577201	11	13766	3	80	13860	72964
UNKNOWN	236	T	0.990476190476	C	0.00512265512266	14	71	47	13728	13860	72964
UNKNOWN	237	C	0.995238095238	T	0.00396825396825	5	13794	6	55	13860	72964
UNKNOWN	238	T	0.995526695527	G	0.00281385281385	3	20	39	13798	13860	72964
UNKNOWN	239	G	0.970634920635	A	0.0194083694084	269	81	13453	57	13860	72964
UNKNOWN	240	T	0.99227994228	C	0.00396825396825	22	55	30	13753	13860	72964
UNKNOWN	241	C	0.991558441558	T	0.00584415584416	31	13743	5	81	13860	72964
UNKNOWN	242	A	0.985786435786	G	0.00930735930736	13663	57	129	11	13860	72964
UNKNOWN	243	G	0.940043290043	C	0.0260461760462	351	361	13029	119	13860	72964
UNKNOWN	244	T	0.99329004329	C	0.00339105339105	9	47	37	13767	13860	72964
UNKNOWN	245	G	0.980519480519	A	0.0142857142857	198	38	13590	34	13860	72964
UNKNOWN	246	A	0.988455988456	G	0.00851370851371	13700	35	118	7	13860	72964
UNKNOWN	247	G	0.941919191919	A	0.0398268398268	552	201	13055	52	13860	72964
UNKNOWN	248	C	0.974603174603	T	0.0181818181818	63	13508	37	252	13860	72964
UNKNOWN	249	A	0.992712842713	G	0.00620490620491	13759	14	86	1	13860	72964
UNKNOWN	250	G	0.985137085137	A	0.00829725829726	115	84	13654	7	13860	72964
UNKNOWN	251	C	0.991558441558	T	0.004329004329	16	13743	41	60	13860	72964
UNKNOWN	252	G	0.990981240981	A	0.00562770562771	78	14	13735	33	13860	72964
UNKNOWN	253	T	0.993506493506	C	0.00339105339105	6	47	37	13770	13860	72964
UNKNOWN	254	G	0.969624819625	A	0.0224386724387	311	54	13439	56	13860	72964
UNKNOWN	255	A	0.987445887446	G	0.00793650793651	13686	39	110	25	13860	72964
UNKNOWN	256	C	0.991630591631	T	0.00396825396825	41	13744	20	55	13860	72964
UNKNOWN	257	A	0.985137085137	G	0.00815295815296	13654	79	113	14	13860	72964
UNKNOWN	258	C	0.939898989899	A	0.0518037518038	718	13027	73	42	13860	72964
UNKNOWN	259	C	0.986507936508	T	0.00887445887446	15	13673	49	123	13860	72964
UNKNOWN	260	T	0.980158730159	C	0.00945165945166	17	131	127	13585	13860	72964
UNKNOWN	261	G	0.99329004329	A	0.0047619047619	66	8	13767	19	13860	72964
UNKNOWN	262	A	0.990692640693	G	0.00606060606061	13731	29	84	16	13860	72964
UNKNOWN	263	G	0.952741702742	A	0.0286435786436	397	194	13205	64	13860	72964
UNKNOWN	264	G	0.993217893218	A	0.00519480519481	72	4	13766	18	13860	72964
UNKNOWN	265	A	0.991702741703	C	0.00497835497835	13745	69	36	10	13860	72964
UNKNOWN	266	C	0.983910533911	T	0.00649350649351	81	13637	52	90	13860	72964
UNKNOWN	267	A	0.984415584416	G	0.00836940836941	13644	37	116	63	13860	72964
UNKNOWN	268	C	0.991125541126	G	0.0040404040404	41	13737	56	26	13860	72964
UNKNOWN	269	G	0.989393939394	A	0.00584415584416	81	31	13713	35	13860	72964
UNKNOWN	270	G	0.993795093795	C	0.00281385281385	30	39	13774	17	13860	72964
UNKNOWN	271	C	0.994083694084	A	0.00367965367965	51	13778	25	6	13860	72964
UNKNOWN	272	C	0.991125541126	A	0.004329004329	60	13737	21	42	13860	72964
UNKNOWN	273	A	0.992857142857	G	0.0036075036075	13761	40	50	9	13860	72964
UNKNOWN	274	C	0.988455988456	A	0.00584415584416	81	13700	26	53	13860	72964
UNKNOWN	275	A	0.973448773449	C	0.0111832611833	13492	155	138	75	13860	72964
UNKNOWN	276	T	0.99227994228	A	0.0037518037518	52	11	44	13753	13860	72964
UNKNOWN	277	A	0.992929292929	C	0.0036075036075	13762	50	29	19	13860	72964
UNKNOWN	278	C	0.957070707071	T	0.0401154401154	15	13265	24	556	13860	72964
UNKNOWN	279	T	0.983477633478	C	0.00598845598846	70	83	76	13631	13860	72964
UNKNOWN	280	A	0.978643578644	T	0.00836940836941	13564	115	65	116	13860	72964
UNKNOWN	281	C	0.975685425685	T	0.0206349206349	16	13523	35	286	13860	72964
UNKNOWN	282	T	0.988023088023	G	0.00844155844156	28	21	117	13694	13860	72964
