Type	Position	Nucl1	Freq1	Nucl2	Freq2	NumAs	NumCs	NumGs	NumTs	NumAligned	NumNaive
UNKNOWN	0	C	1.0	A	0.0	0	8739	0	0	8739	144946
UNKNOWN	1	A	1.0	C	0.0	8739	0	0	0	8739	144946
UNKNOWN	2	G	1.0	A	0.0	0	0	8739	0	8739	144946
UNKNOWN	3	G	1.0	A	0.0	0	0	8739	0	8739	144946
UNKNOWN	4	T	1.0	A	0.0	0	0	0	8739	8739	144946
UNKNOWN	5	G	1.0	A	0.0	0	0	8739	0	8739	144946
UNKNOWN	6	C	1.0	A	0.0	0	8739	0	0	8739	144946
UNKNOWN	7	A	0.995308387687	G	0.00434832360682	8698	3	38	0	8739	144946
UNKNOWN	8	G	0.990616775375	A	0.00823892893924	72	7	8657	3	8739	144946
UNKNOWN	9	C	0.995422817256	T	0.00320402792081	1	8699	11	28	8739	144946
UNKNOWN	10	T	0.998855704314	C	0.0010298661174	1	9	0	8729	8739	144946
UNKNOWN	11	G	0.998855704314	A	0.0010298661174	9	1	8729	0	8739	144946
UNKNOWN	12	C	0.998970133883	T	0.000686577411603	2	8730	1	6	8739	144946
UNKNOWN	13	G	0.998283556471	A	0.00137315482321	12	0	8724	3	8739	144946
UNKNOWN	14	G	0.938208032956	C	0.0567570660259	39	496	8199	5	8739	144946
UNKNOWN	15	G	0.999313422588	C	0.000457718274402	2	4	8733	0	8739	144946
UNKNOWN	16	A	0.997024831216	G	0.00148758439181	8713	10	13	3	8739	144946
UNKNOWN	17	G	0.99427852157	A	0.00526376015562	46	2	8689	2	8739	144946
UNKNOWN	18	T	0.994507380707	G	0.00320402792081	11	9	28	8691	8739	144946
UNKNOWN	19	C	0.999542281726	A	0.000228859137201	2	8735	0	2	8739	144946
UNKNOWN	20	G	0.997825838197	A	0.00160201396041	14	0	8720	5	8739	144946
UNKNOWN	21	G	0.998169126902	T	0.000915436548804	5	3	8723	8	8739	144946
UNKNOWN	22	G	0.999885570431	A	0.000114429568601	1	0	8738	0	8739	144946
UNKNOWN	23	C	0.998741274745	T	0.00114429568601	1	8728	0	10	8739	144946
UNKNOWN	24	C	0.99919899302	A	0.000572147843003	5	8732	1	1	8739	144946
UNKNOWN	25	C	0.999427852157	T	0.000343288705802	2	8734	0	3	8739	144946
UNKNOWN	26	C	0.999313422588	A	0.000686577411603	6	8733	0	0	8739	144946
UNKNOWN	27	A	0.997825838197	C	0.0010298661174	8720	9	9	1	8739	144946
UNKNOWN	28	G	0.993019796315	C	0.00457718274402	16	40	8678	5	8739	144946
UNKNOWN	29	C	0.997940267765	T	0.00137315482321	6	8721	0	12	8739	144946
UNKNOWN	30	C	0.998855704314	T	0.000686577411603	2	8729	2	6	8739	144946
UNKNOWN	31	T	0.997482549491	C	0.00114429568601	2	10	10	8717	8739	144946
UNKNOWN	32	G	0.996681542511	A	0.00297516878361	26	0	8710	3	8739	144946
UNKNOWN	33	G	0.997482549491	C	0.0010298661174	8	9	8717	5	8739	144946
UNKNOWN	34	T	0.996910401648	C	0.00148758439181	2	13	12	8712	8739	144946
UNKNOWN	35	G	0.997139260785	A	0.00148758439181	13	2	8714	10	8739	144946
UNKNOWN	36	A	0.994965098982	G	0.00240302094061	8695	15	21	8	8739	144946
UNKNOWN	37	A	0.994621810276	G	0.00366174619522	8692	11	32	4	8739	144946
UNKNOWN	38	G	0.997940267765	A	0.000915436548804	8	7	8721	3	8739	144946
UNKNOWN	39	C	0.995994965099	T	0.00228859137201	3	8704	12	20	8739	144946
UNKNOWN	40	C	0.999885570431	T	0.000114429568601	0	8738	0	1	8739	144946
UNKNOWN	41	C	0.996567112942	G	0.00205973223481	0	8709	18	12	8739	144946
UNKNOWN	42	T	0.997253690354	C	0.00183087309761	3	16	5	8715	8739	144946
UNKNOWN	43	C	0.997596979059	T	0.00137315482321	8	8718	1	12	8739	144946
UNKNOWN	44	A	0.994621810276	C	0.00320402792081	8692	28	17	2	8739	144946
UNKNOWN	45	C	0.997596979059	G	0.0010298661174	8	8718	9	4	8739	144946
UNKNOWN	46	A	0.996910401648	C	0.00160201396041	8712	14	13	0	8739	144946
UNKNOWN	47	G	0.992333218904	A	0.00720906282183	63	2	8672	2	8739	144946
UNKNOWN	48	A	0.99507952855	C	0.00263188007781	8696	23	20	0	8739	144946
UNKNOWN	49	C	0.996910401648	T	0.00171644352901	5	8712	7	15	8739	144946
UNKNOWN	50	C	0.997482549491	T	0.00240302094061	1	8717	0	21	8739	144946
UNKNOWN	51	C	0.997482549491	T	0.00205973223481	2	8717	2	18	8739	144946
UNKNOWN	52	T	0.998169126902	C	0.00137315482321	2	12	2	8723	8739	144946
UNKNOWN	53	C	0.998741274745	T	0.000801006980204	0	8728	4	7	8739	144946
UNKNOWN	54	T	0.992447648472	C	0.00663691497883	1	58	7	8673	8739	144946
UNKNOWN	55	C	0.997482549491	T	0.00171644352901	7	8717	0	15	8739	144946
UNKNOWN	56	C	0.994965098982	T	0.00411946446962	2	8695	6	36	8739	144946
UNKNOWN	57	C	0.996567112942	G	0.00251745050921	0	8709	22	8	8739	144946
UNKNOWN	58	T	0.997368119922	C	0.00217416180341	4	19	0	8716	8739	144946
UNKNOWN	59	C	0.997253690354	A	0.00183087309761	16	8715	2	6	8739	144946
UNKNOWN	60	A	0.995537246825	C	0.00331845748942	8700	29	10	0	8739	144946
UNKNOWN	61	C	0.997596979059	T	0.00171644352901	4	8718	2	15	8739	144946
UNKNOWN	62	C	0.996567112942	T	0.00205973223481	3	8709	9	18	8739	144946
UNKNOWN	63	T	0.997024831216	G	0.00148758439181	2	11	13	8713	8739	144946
UNKNOWN	64	G	0.997940267765	A	0.0010298661174	9	8	8721	1	8739	144946
UNKNOWN	65	C	0.996795972079	T	0.00194530266621	11	8711	0	17	8739	144946
UNKNOWN	66	A	0.992218789335	G	0.00366174619522	8671	28	32	8	8739	144946
UNKNOWN	67	C	0.994049662433	G	0.00297516878361	2	8687	26	24	8739	144946
UNKNOWN	68	G	0.995308387687	A	0.00423389403822	37	1	8698	3	8739	144946
UNKNOWN	69	G	0.891406339398	A	0.101956745623	891	47	7790	11	8739	144946
UNKNOWN	70	T	0.910172788649	C	0.0878819086852	3	768	14	7954	8739	144946
UNKNOWN	71	C	0.984895296945	G	0.0108708090171	0	8607	95	37	8739	144946
UNKNOWN	72	T	0.995651676393	C	0.00320402792081	3	28	7	8701	8739	144946
UNKNOWN	73	C	0.99839798604	T	0.00114429568601	2	8725	2	10	8739	144946
UNKNOWN	74	T	0.994049662433	C	0.00400503490102	0	35	17	8687	8739	144946
UNKNOWN	75	G	0.997024831216	A	0.00286073921501	25	1	8713	0	8739	144946
UNKNOWN	76	G	0.992104359767	A	0.00469161231262	41	21	8670	7	8739	144946
UNKNOWN	77	A	0.987069458748	C	0.00835335850784	8626	73	17	23	8739	144946
UNKNOWN	78	T	0.994850669413	C	0.00205973223481	9	18	18	8694	8739	144946
UNKNOWN	79	T	0.996109394668	C	0.00343288705802	3	30	1	8705	8739	144946
UNKNOWN	80	C	0.993820803296	T	0.00469161231262	1	8685	12	41	8739	144946
UNKNOWN	81	T	0.993019796315	C	0.00492047144982	9	43	9	8678	8739	144946
UNKNOWN	82	C	0.995422817256	T	0.00331845748942	11	8699	0	29	8739	144946
UNKNOWN	83	A	0.991646641492	G	0.00308959835221	8666	24	27	22	8739	144946
UNKNOWN	84	C	0.673875729488	T	0.320974939924	5	5889	40	2805	8739	144946
UNKNOWN	85	T	0.994736239844	G	0.00240302094061	5	20	21	8693	8739	144946
UNKNOWN	86	G	0.988442613571	A	0.0100698020368	88	8	8638	5	8739	144946
UNKNOWN	87	A	0.993248655453	G	0.00503490101842	8680	13	44	2	8739	144946
UNKNOWN	88	G	0.976999656711	A	0.0154479917611	135	50	8538	16	8739	144946
UNKNOWN	89	C	0.973109051379	T	0.0153335621925	41	8504	60	134	8739	144946
UNKNOWN	90	A	0.988328184003	G	0.00892550635084	8637	24	78	0	8739	144946
UNKNOWN	91	G	0.899301979632	A	0.0744936491589	651	205	7859	24	8739	144946
UNKNOWN	92	C	0.970133882595	T	0.0155624213297	73	8478	52	136	8739	144946
UNKNOWN	93	T	0.743906625472	A	0.224396384026	1961	126	151	6501	8739	144946
UNKNOWN	94	A	0.959034214441	G	0.0233436319945	8381	53	204	101	8739	144946
UNKNOWN	95	T	0.974939924476	C	0.00961208376244	73	84	62	8520	8739	144946
UNKNOWN	96	G	0.923446618606	A	0.0552694816341	483	87	8070	99	8739	144946
UNKNOWN	97	C	0.690353587367	G	0.232864172102	452	6033	2035	219	8739	144946
UNKNOWN	98	T	0.988213754434	G	0.00549261929283	21	34	48	8636	8739	144946
UNKNOWN	99	G	0.970248312164	A	0.0255177937979	223	5	8479	32	8739	144946
UNKNOWN	100	T	0.994164092001	C	0.00274630964641	11	24	16	8688	8739	144946
UNKNOWN	101	A	0.983865430827	G	0.0130449708205	8598	14	114	13	8739	144946
UNKNOWN	102	G	0.935232864172	A	0.0588167982607	514	41	8173	11	8739	144946
UNKNOWN	103	G	0.859594919327	A	0.10298661174	900	229	7512	98	8739	144946
UNKNOWN	104	C	0.990044627532	T	0.00469161231262	6	8652	40	41	8739	144946
UNKNOWN	105	T	0.996910401648	G	0.00194530266621	1	9	17	8712	8739	144946
UNKNOWN	106	G	0.999542281726	A	0.000228859137201	2	0	8735	2	8739	144946
UNKNOWN	107	G	0.998970133883	T	0.000457718274402	3	2	8730	4	8739	144946
UNKNOWN	108	G	0.992447648472	A	0.00434832360682	38	9	8673	19	8739	144946
UNKNOWN	109	T	0.995994965099	C	0.00354731662662	1	31	3	8704	8739	144946
UNKNOWN	110	C	0.998169126902	T	0.000686577411603	4	8723	6	6	8739	144946
UNKNOWN	111	C	0.997940267765	G	0.00148758439181	0	8721	13	5	8739	144946
UNKNOWN	112	G	0.998283556471	C	0.00171644352901	0	15	8724	0	8739	144946
UNKNOWN	113	C	0.997596979059	T	0.00148758439181	8	8718	0	13	8739	144946
UNKNOWN	114	C	0.997139260785	A	0.00160201396041	14	8714	4	7	8739	144946
UNKNOWN	115	A	0.993820803296	G	0.00492047144982	8685	9	43	2	8739	144946
UNKNOWN	116	G	0.997825838197	A	0.00171644352901	15	3	8720	1	8739	144946
UNKNOWN	117	G	0.991989930198	A	0.00572147843003	50	14	8669	6	8739	144946
UNKNOWN	118	C	0.99588053553	T	0.00297516878361	5	8703	5	26	8739	144946
UNKNOWN	119	T	0.994164092001	C	0.00469161231262	2	41	8	8688	8739	144946
UNKNOWN	120	C	0.994621810276	G	0.00251745050921	11	8692	22	14	8739	144946
UNKNOWN	121	C	0.996681542511	A	0.00148758439181	13	8710	6	10	8739	144946
UNKNOWN	122	A	0.794484494793	G	0.204600068658	6943	4	1788	4	8739	144946
UNKNOWN	123	G	0.996567112942	C	0.00183087309761	11	16	8709	3	8739	144946
UNKNOWN	124	G	0.995422817256	A	0.00423389403822	37	1	8699	2	8739	144946
UNKNOWN	125	G	0.990502345806	A	0.00938322462524	82	0	8656	1	8739	144946
UNKNOWN	126	A	0.998626845177	G	0.000915436548804	8727	4	8	0	8739	144946
UNKNOWN	127	A	0.993935232864	G	0.00514933058702	8686	8	45	0	8739	144946
UNKNOWN	128	G	0.991417782355	T	0.00583590799863	21	3	8664	51	8739	144946
UNKNOWN	129	G	0.983407712553	A	0.0119006751345	104	23	8594	18	8739	144946
UNKNOWN	130	C	0.992218789335	T	0.00492047144982	5	8671	20	43	8739	144946
UNKNOWN	131	G	0.923446618606	A	0.0717473395125	627	29	8070	13	8739	144946
UNKNOWN	132	C	0.988900331846	T	0.00892550635084	5	8642	14	78	8739	144946
UNKNOWN	133	T	0.988671472709	C	0.00675134454743	1	59	39	8640	8739	144946
UNKNOWN	134	G	0.989815768395	A	0.00846778807644	74	1	8650	14	8739	144946
UNKNOWN	135	G	0.99507952855	A	0.00331845748942	29	11	8696	3	8739	144946
UNKNOWN	136	A	0.994850669413	G	0.00400503490102	8694	6	35	4	8739	144946
UNKNOWN	137	G	0.969447305184	A	0.0263188007781	230	16	8472	21	8739	144946
UNKNOWN	138	T	0.99588053553	G	0.00274630964641	1	11	24	8703	8739	144946
UNKNOWN	139	G	0.994965098982	T	0.00331845748942	12	3	8695	29	8739	144946
UNKNOWN	140	G	0.990273486669	T	0.00537818972422	8	30	8654	47	8739	144946
UNKNOWN	141	G	0.920357020254	A	0.0560704886143	490	180	8043	26	8739	144946
UNKNOWN	142	T	0.991532211924	C	0.00595033756723	13	52	9	8665	8739	144946
UNKNOWN	143	T	0.977342945417	G	0.00823892893924	55	71	72	8541	8739	144946
UNKNOWN	144	G	0.986726170042	A	0.00938322462524	82	2	8623	32	8739	144946
UNKNOWN	145	G	0.980661402907	C	0.0145325552123	4	127	8570	38	8739	144946
UNKNOWN	146	T	0.983178853416	A	0.00720906282183	63	54	30	8592	8739	144946
UNKNOWN	147	G	0.752374413548	A	0.234809474768	2052	56	6575	56	8739	144946
UNKNOWN	148	G	0.792539192127	A	0.151504748827	1324	331	6926	158	8739	144946
UNKNOWN	149	T	0.969104016478	A	0.0130449708205	114	79	77	8469	8739	144946
UNKNOWN	150	A	0.956402334363	G	0.0383339054812	8358	10	335	36	8739	144946
UNKNOWN	151	T	0.990044627532	G	0.00469161231262	22	24	41	8652	8739	144946
UNKNOWN	152	A	0.955258038677	G	0.0238013502689	8348	84	208	99	8739	144946
UNKNOWN	153	G	0.94438722966	A	0.0378761872068	331	83	8253	72	8739	144946
UNKNOWN	154	A	0.953656024717	G	0.0318114200709	8334	80	278	47	8739	144946
UNKNOWN	155	T	0.897127817828	G	0.049548003204	228	238	433	7840	8739	144946
UNKNOWN	156	A	0.855132166152	G	0.0850211694702	7473	136	743	387	8739	144946
UNKNOWN	157	A	0.859709348896	G	0.080215127589	7513	203	701	322	8739	144946
UNKNOWN	158	T	0.94850669413	G	0.0320402792081	101	69	280	8289	8739	144946
UNKNOWN	159	G	0.863256665522	A	0.102528893466	896	57	7544	242	8739	144946
UNKNOWN	160	A	0.955601327383	G	0.0250600755235	8351	67	219	102	8739	144946
UNKNOWN	161	T	0.983407712553	G	0.00926879505664	17	47	81	8594	8739	144946
UNKNOWN	162	G	0.995308387687	A	0.00389060533242	34	2	8698	5	8739	144946
UNKNOWN	163	G	0.974939924476	A	0.0173932944273	152	65	8520	2	8739	144946
UNKNOWN	164	A	0.988900331846	G	0.00743792195903	8642	22	65	10	8739	144946
UNKNOWN	165	G	0.878590227715	A	0.0821604302552	718	160	7678	183	8739	144946
UNKNOWN	166	A	0.943700652249	G	0.0267765190525	8247	160	234	98	8739	144946
UNKNOWN	167	C	0.93706373727	T	0.0244879276805	196	8189	140	214	8739	144946
UNKNOWN	168	A	0.983979860396	G	0.00823892893924	8599	43	72	25	8739	144946
UNKNOWN	169	C	0.964641263302	T	0.0226570545829	58	8430	53	198	8739	144946
UNKNOWN	170	A	0.984552008239	G	0.00709463325323	8604	31	62	42	8739	144946
UNKNOWN	171	T	0.916008696647	G	0.037532898501	116	290	328	8005	8739	144946
UNKNOWN	172	A	0.866117404737	G	0.113285272915	7569	86	990	94	8739	144946
UNKNOWN	173	C	0.970820460007	T	0.0207117519167	18	8484	56	181	8739	144946
UNKNOWN	174	T	0.990273486669	C	0.00446275317542	24	39	22	8654	8739	144946
UNKNOWN	175	A	0.989701338826	T	0.00755235152763	8649	19	5	66	8739	144946
UNKNOWN	176	T	0.986726170042	C	0.00938322462524	32	82	2	8623	8739	144946
UNKNOWN	177	A	0.991188923218	C	0.00446275317542	8662	39	32	6	8739	144946
UNKNOWN	178	A	0.984666437808	C	0.0109852385857	8605	96	35	3	8739	144946
UNKNOWN	179	C	0.882480833047	T	0.0990960064081	50	7712	111	866	8739	144946
UNKNOWN	180	C	0.960178510127	T	0.0271198077583	53	8391	58	237	8739	144946
UNKNOWN	181	C	0.98203455773	A	0.00961208376244	84	8582	11	62	8739	144946
UNKNOWN	182	A	0.988099324866	G	0.00709463325323	8635	27	62	15	8739	144946
UNKNOWN	183	G	0.974939924476	A	0.0152191326239	133	40	8520	46	8739	144946
UNKNOWN	184	C	0.984780867376	T	0.0104130907426	8	8606	34	91	8739	144946
UNKNOWN	185	C	0.997596979059	T	0.00148758439181	5	8718	3	13	8739	144946
UNKNOWN	186	C	0.993935232864	T	0.00308959835221	6	8686	20	27	8739	144946
UNKNOWN	187	T	0.99507952855	G	0.00251745050921	9	12	22	8696	8739	144946
UNKNOWN	188	G	0.974024487928	A	0.0176221535645	154	19	8512	54	8739	144946
UNKNOWN	189	A	0.990502345806	G	0.00766678109624	8656	15	67	1	8739	144946
UNKNOWN	190	A	0.993248655453	T	0.00331845748942	8680	17	13	29	8739	144946
UNKNOWN	191	A	0.990616775375	T	0.00492047144982	8657	17	22	43	8739	144946
UNKNOWN	192	T	0.991417782355	C	0.00732349239043	4	64	7	8664	8739	144946
UNKNOWN	193	C	0.997596979059	T	0.00137315482321	7	8718	2	12	8739	144946
UNKNOWN	194	C	0.993591944158	T	0.00411946446962	10	8683	10	36	8739	144946
UNKNOWN	195	C	0.99507952855	G	0.00343288705802	9	8696	30	4	8739	144946
UNKNOWN	196	G	0.995537246825	A	0.00240302094061	21	15	8700	3	8739	144946
UNKNOWN	197	G	0.949765419384	A	0.0390204828928	341	73	8300	25	8739	144946
UNKNOWN	198	C	0.992104359767	T	0.00526376015562	12	8670	11	46	8739	144946
UNKNOWN	199	T	0.992790937178	C	0.00469161231262	17	41	5	8676	8739	144946
UNKNOWN	200	C	0.993134225884	A	0.00389060533242	34	8679	10	16	8739	144946
UNKNOWN	201	A	0.989243620552	G	0.00755235152763	8645	26	66	2	8739	144946
UNKNOWN	202	G	0.982721135141	C	0.0116718159973	28	102	8588	21	8739	144946
UNKNOWN	203	C	0.973223480947	T	0.0191097379563	53	8505	14	167	8739	144946
UNKNOWN	204	A	0.990044627532	G	0.00480604188122	8652	20	42	25	8739	144946
UNKNOWN	205	T	0.993935232864	C	0.00423389403822	10	37	6	8686	8739	144946
UNKNOWN	206	C	0.990387916238	T	0.00583590799863	29	8655	4	51	8739	144946
UNKNOWN	207	A	0.990273486669	C	0.00457718274402	8654	40	36	9	8739	144946
UNKNOWN	208	C	0.991417782355	A	0.00320402792081	28	8664	23	24	8739	144946
UNKNOWN	209	C	0.980546973338	T	0.0100698020368	39	8569	43	88	8739	144946
UNKNOWN	210	A	0.990845634512	G	0.00469161231262	8659	30	41	9	8739	144946
UNKNOWN	211	A	0.584048518137	G	0.410573292139	5104	35	3588	12	8739	144946
UNKNOWN	212	G	0.98855704314	A	0.00686577411603	60	14	8639	26	8739	144946
UNKNOWN	213	G	0.994392951139	A	0.00389060533242	34	11	8690	4	8739	144946
UNKNOWN	214	A	0.992104359767	C	0.00389060533242	8670	34	22	13	8739	144946
UNKNOWN	215	C	0.987412747454	T	0.00812449937064	32	8629	7	71	8739	144946
UNKNOWN	216	A	0.99267650761	C	0.00354731662662	8675	31	26	7	8739	144946
UNKNOWN	217	A	0.597551207232	C	0.396269596064	5222	3463	30	24	8739	144946
UNKNOWN	218	C	0.981805698593	T	0.0124728229775	9	8580	41	109	8739	144946
UNKNOWN	219	T	0.989701338826	C	0.00549261929283	18	48	24	8649	8739	144946
UNKNOWN	220	C	0.995308387687	A	0.00263188007781	23	8698	3	15	8739	144946
UNKNOWN	221	C	0.988671472709	A	0.00560704886143	49	8640	28	22	8739	144946
UNKNOWN	222	A	0.991417782355	G	0.00549261929283	8664	26	48	1	8739	144946
UNKNOWN	223	A	0.984780867376	G	0.0124728229775	8606	15	109	9	8739	144946
UNKNOWN	224	G	0.993591944158	A	0.00400503490102	35	19	8683	2	8739	144946
UNKNOWN	225	A	0.990960064081	G	0.00560704886143	8660	24	49	6	8739	144946
UNKNOWN	226	G	0.967730861655	A	0.0252889346607	221	58	8457	3	8739	144946
UNKNOWN	227	C	0.976885227143	T	0.0189953083877	15	8537	21	166	8739	144946
UNKNOWN	228	C	0.993134225884	A	0.00400503490102	35	8679	20	5	8739	144946
UNKNOWN	229	A	0.993134225884	G	0.00400503490102	8679	12	35	13	8739	144946
UNKNOWN	230	A	0.984094289965	G	0.0127016821147	8600	15	111	13	8739	144946
UNKNOWN	231	G	0.977342945417	A	0.0106419498798	93	56	8541	49	8739	144946
UNKNOWN	232	T	0.993820803296	C	0.00423389403822	4	37	13	8685	8739	144946
UNKNOWN	233	C	0.975512072319	G	0.0141892665065	10	8525	124	80	8739	144946
UNKNOWN	234	T	0.990387916238	C	0.00617919670443	10	54	20	8655	8739	144946
UNKNOWN	235	C	0.993935232864	T	0.00514933058702	8	8686	0	45	8739	144946
UNKNOWN	236	T	0.983979860396	C	0.00869664721364	10	76	54	8599	8739	144946
UNKNOWN	237	C	0.993591944158	T	0.00411946446962	7	8683	13	36	8739	144946
UNKNOWN	238	T	0.995422817256	G	0.00274630964641	6	10	24	8699	8739	144946
UNKNOWN	239	G	0.962467101499	A	0.0284929625815	249	38	8411	41	8739	144946
UNKNOWN	240	T	0.98775603616	C	0.00457718274402	38	40	29	8632	8739	144946
UNKNOWN	241	C	0.98775603616	T	0.00766678109624	31	8632	9	67	8739	144946
UNKNOWN	242	A	0.980890262044	G	0.0105275203112	8572	33	92	42	8739	144946
UNKNOWN	243	G	0.942670786131	A	0.0259755120723	227	220	8238	54	8739	144946
UNKNOWN	244	T	0.992562078041	C	0.00331845748942	10	29	26	8674	8739	144946
UNKNOWN	245	G	0.978029522829	A	0.0175077239959	153	24	8547	15	8739	144946
UNKNOWN	246	A	0.983407712553	G	0.0109852385857	8594	41	96	8	8739	144946
UNKNOWN	247	G	0.949994278522	A	0.0337567227372	295	93	8302	49	8739	144946
UNKNOWN	248	C	0.974711065339	T	0.0157912804669	49	8518	34	138	8739	144946
UNKNOWN	249	A	0.987641606591	G	0.00984094289965	8631	20	86	2	8739	144946
UNKNOWN	250	G	0.988213754434	A	0.00640805584163	56	44	8636	3	8739	144946
UNKNOWN	251	C	0.986840599611	T	0.00778121066484	10	8624	37	68	8739	144946
UNKNOWN	252	G	0.990845634512	A	0.00366174619522	32	23	8659	25	8739	144946
UNKNOWN	253	T	0.989701338826	C	0.00480604188122	8	42	40	8649	8739	144946
UNKNOWN	254	G	0.966357706831	A	0.0215127588969	188	45	8445	61	8739	144946
UNKNOWN	255	A	0.987641606591	G	0.00640805584163	8631	34	56	18	8739	144946
UNKNOWN	256	C	0.988900331846	T	0.00434832360682	37	8642	22	38	8739	144946
UNKNOWN	257	A	0.979402677652	G	0.0143036960751	8559	42	125	13	8739	144946
UNKNOWN	258	C	0.500171644353	A	0.487126673532	4257	4371	73	38	8739	144946
UNKNOWN	259	C	0.982148987298	G	0.00823892893924	15	8583	72	69	8739	144946
UNKNOWN	260	T	0.969905023458	C	0.0168211465843	32	147	84	8476	8739	144946
UNKNOWN	261	G	0.992218789335	A	0.00617919670443	54	3	8671	11	8739	144946
UNKNOWN	262	A	0.988328184003	G	0.00732349239043	8637	32	64	6	8739	144946
UNKNOWN	263	G	0.959606362284	A	0.0224281954457	196	115	8386	42	8739	144946
UNKNOWN	264	G	0.989815768395	A	0.00732349239043	64	10	8650	15	8739	144946
UNKNOWN	265	A	0.989586909257	C	0.00572147843003	8648	50	33	8	8739	144946
UNKNOWN	266	C	0.986497310905	A	0.00560704886143	49	8621	20	49	8739	144946
UNKNOWN	267	A	0.978029522829	G	0.00972651333104	8547	29	85	78	8739	144946
UNKNOWN	268	C	0.987870465728	G	0.00503490101842	37	8633	44	25	8739	144946
UNKNOWN	269	G	0.93946675821	A	0.0552694816341	483	26	8210	20	8739	144946
UNKNOWN	270	G	0.990616775375	C	0.00423389403822	23	37	8657	22	8739	144946
UNKNOWN	271	C	0.991989930198	A	0.00446275317542	39	8669	24	7	8739	144946
UNKNOWN	272	C	0.989586909257	A	0.00457718274402	40	8648	22	29	8739	144946
UNKNOWN	273	A	0.987984895297	G	0.00572147843003	8634	29	50	26	8739	144946
UNKNOWN	274	C	0.985696303925	T	0.00675134454743	57	8614	9	59	8739	144946
UNKNOWN	275	A	0.974596635771	G	0.0149902734867	8517	46	131	45	8739	144946
UNKNOWN	276	T	0.991188923218	A	0.00400503490102	35	19	23	8662	8739	144946
UNKNOWN	277	A	0.989930197963	C	0.00469161231262	8651	41	25	22	8739	144946
UNKNOWN	278	C	0.956974482206	T	0.0397070603044	26	8363	3	347	8739	144946
UNKNOWN	279	T	0.98363657169	C	0.00755235152763	40	66	37	8596	8739	144946
UNKNOWN	280	A	0.978487241103	T	0.00835335850784	8551	72	43	73	8739	144946
UNKNOWN	281	C	0.973910058359	T	0.0216271884655	14	8511	25	189	8739	144946
UNKNOWN	282	T	0.989815768395	G	0.00732349239043	16	9	64	8650	8739	144946
