Type	Position	Nucl1	Freq1	Nucl2	Freq2	NumAs	NumCs	NumGs	NumTs	NumAligned	NumNaive
UNKNOWN	0	C	1.0	A	0.0	0	26729	0	0	26729	149454
UNKNOWN	1	A	1.0	C	0.0	26729	0	0	0	26729	149454
UNKNOWN	2	G	1.0	A	0.0	0	0	26729	0	26729	149454
UNKNOWN	3	G	1.0	A	0.0	0	0	26729	0	26729	149454
UNKNOWN	4	T	1.0	A	0.0	0	0	0	26729	26729	149454
UNKNOWN	5	G	1.0	A	0.0	0	0	26729	0	26729	149454
UNKNOWN	6	C	1.0	A	0.0	0	26729	0	0	26729	149454
UNKNOWN	7	A	0.997119233791	G	0.00231957798646	26652	12	62	3	26729	149454
UNKNOWN	8	G	0.992480077818	A	0.00643495828501	172	24	26528	5	26729	149454
UNKNOWN	9	C	0.997493359273	T	0.0017958023121	2	26662	17	48	26729	149454
UNKNOWN	10	T	0.998466085525	C	0.00138426428224	1	37	3	26688	26729	149454
UNKNOWN	11	G	0.994088817389	T	0.00336712933518	59	9	26571	90	26729	149454
UNKNOWN	12	C	0.99917692394	T	0.000486363126193	5	26707	4	13	26729	149454
UNKNOWN	13	G	0.998727973362	A	0.000860488607879	23	6	26695	5	26729	149454
UNKNOWN	14	G	0.920909873171	C	0.0776684499981	30	2076	24615	8	26729	149454
UNKNOWN	15	G	0.998615735718	C	0.00082307605971	13	22	26692	2	26729	149454
UNKNOWN	16	A	0.996183920087	G	0.00220734034195	26627	36	59	7	26729	149454
UNKNOWN	17	G	0.994201055034	C	0.00303041640166	58	81	26574	16	26729	149454
UNKNOWN	18	T	0.997605596917	C	0.00164615211942	5	44	15	26665	26729	149454
UNKNOWN	19	C	0.999251749037	T	0.000336712933518	3	26709	8	9	26729	149454
UNKNOWN	20	G	0.900295559131	A	0.0974222754312	2604	56	24064	5	26729	149454
UNKNOWN	21	G	0.998129372592	C	0.00123461408957	9	33	26679	8	26729	149454
UNKNOWN	22	G	0.998391260429	C	0.00115978899323	9	31	26686	3	26729	149454
UNKNOWN	23	C	0.99917692394	T	0.000636013318867	2	26707	3	17	26729	149454
UNKNOWN	24	C	0.999064686296	A	0.000710838415204	19	26704	2	4	26729	149454
UNKNOWN	25	C	0.998877623555	A	0.00056118822253	15	26699	3	12	26729	149454
UNKNOWN	26	C	0.998091960043	A	0.0013094391859	35	26678	2	14	26729	149454
UNKNOWN	27	A	0.996034269894	G	0.00306782894983	26623	20	82	4	26729	149454
UNKNOWN	28	G	0.995360844027	A	0.00261887837181	70	52	26605	2	26729	149454
UNKNOWN	29	C	0.997568184369	T	0.00202027760111	9	26664	2	54	26729	149454
UNKNOWN	30	C	0.998466085525	T	0.0013094391859	5	26688	1	35	26729	149454
UNKNOWN	31	T	0.996221332635	C	0.00183321486026	9	49	43	26628	26729	149454
UNKNOWN	32	G	0.993789517004	A	0.0043024430394	115	28	26563	23	26729	149454
UNKNOWN	33	G	0.99652063302	A	0.0013094391859	35	33	26636	25	26729	149454
UNKNOWN	34	T	0.995286018931	C	0.00314265404617	7	84	35	26603	26729	149454
UNKNOWN	35	G	0.996258745183	A	0.00235699053463	63	11	26629	26	26729	149454
UNKNOWN	36	A	0.993677279359	C	0.00445209323207	26560	119	38	12	26729	149454
UNKNOWN	37	A	0.992143364885	G	0.00407796775038	26519	98	109	3	26729	149454
UNKNOWN	38	G	0.996819933406	A	0.0017958023121	48	30	26644	7	26729	149454
UNKNOWN	39	C	0.998353847881	T	0.00104755134872	7	26685	9	28	26729	149454
UNKNOWN	40	C	0.999139511392	T	0.000486363126193	2	26706	8	13	26729	149454
UNKNOWN	41	C	0.994986718545	G	0.00243181563096	41	26595	65	28	26729	149454
UNKNOWN	42	T	0.99610909499	C	0.00318006659434	11	85	8	26625	26729	149454
UNKNOWN	43	C	0.998466085525	A	0.00112237644506	30	26688	0	11	26729	149454
UNKNOWN	44	A	0.994949305997	C	0.00280594111265	26594	75	51	9	26729	149454
UNKNOWN	45	C	0.997605596917	A	0.0011972015414	32	26665	24	8	26729	149454
UNKNOWN	46	A	0.995734969509	G	0.0025066407273	26615	39	67	8	26729	149454
UNKNOWN	47	G	0.996595458117	A	0.00246922817913	66	21	26638	4	26729	149454
UNKNOWN	48	A	0.994462942871	C	0.00314265404617	26581	84	54	10	26729	149454
UNKNOWN	49	C	0.998428672977	T	0.000935313704216	6	26687	11	25	26729	149454
UNKNOWN	50	C	0.99693217105	T	0.0017958023121	25	26647	9	48	26729	149454
UNKNOWN	51	C	0.998391260429	T	0.00123461408957	2	26686	8	33	26729	149454
UNKNOWN	52	T	0.996221332635	C	0.003105241498	9	83	9	26628	26729	149454
UNKNOWN	53	C	0.998503498073	T	0.0013094391859	2	26689	3	35	26729	149454
UNKNOWN	54	T	0.9938643421	C	0.00490104381009	9	131	24	26565	26729	149454
UNKNOWN	55	C	0.995996857346	T	0.00288076620899	24	26622	6	77	26729	149454
UNKNOWN	56	C	0.995734969509	T	0.00239440308279	15	26615	35	64	26729	149454
UNKNOWN	57	C	0.996745108309	G	0.00157132702308	5	26642	42	40	26729	149454
UNKNOWN	58	T	0.996782520857	C	0.00280594111265	8	75	3	26643	26729	149454
UNKNOWN	59	C	0.994088817389	A	0.00306782894983	82	26571	0	76	26729	149454
UNKNOWN	60	A	0.99244266527	C	0.00475139361742	26527	127	66	9	26729	149454
UNKNOWN	61	C	0.995585319316	T	0.00276852856448	32	26611	12	74	26729	149454
UNKNOWN	62	C	0.993826929552	T	0.00426503049123	22	26564	29	114	26729	149454
UNKNOWN	63	T	0.995697556961	C	0.00246922817913	15	66	34	26614	26729	149454
UNKNOWN	64	G	0.998615735718	C	0.00115978899323	6	31	26692	0	26729	149454
UNKNOWN	65	C	0.996595458117	A	0.00220734034195	59	26638	0	32	26729	149454
UNKNOWN	66	A	0.986793370496	C	0.00628530809233	26376	168	132	53	26729	149454
UNKNOWN	67	C	0.994837068353	T	0.003105241498	21	26591	34	83	26729	149454
UNKNOWN	68	G	0.989187773579	A	0.00796887275992	213	60	26440	16	26729	149454
UNKNOWN	69	G	0.6547570055	A	0.340416775787	9099	46	17501	83	26729	149454
UNKNOWN	70	T	0.985109805829	C	0.0138426428224	7	370	21	26331	26729	149454
UNKNOWN	71	C	0.983875191739	T	0.00935313704216	56	26298	125	250	26729	149454
UNKNOWN	72	T	0.995622731864	C	0.003105241498	7	83	27	26612	26729	149454
UNKNOWN	73	C	0.998428672977	T	0.00127202663773	5	26687	3	34	26729	149454
UNKNOWN	74	T	0.990272737476	G	0.00658460847768	17	67	176	26469	26729	149454
UNKNOWN	75	G	0.997792659658	A	0.00160873957125	43	7	26670	9	26729	149454
UNKNOWN	76	G	0.994911893449	A	0.00389090500954	104	29	26593	3	26729	149454
UNKNOWN	77	A	0.987242321074	C	0.00602342025515	26388	161	116	64	26729	149454
UNKNOWN	78	T	0.992779378203	C	0.00445209323207	18	119	56	26536	26729	149454
UNKNOWN	79	T	0.99509895619	C	0.00344195443152	8	92	31	26598	26729	149454
UNKNOWN	80	C	0.993677279359	T	0.00516293164727	3	26560	28	138	26729	149454
UNKNOWN	81	T	0.993602454263	C	0.00497586890643	10	133	28	26558	26729	149454
UNKNOWN	82	C	0.997530771821	A	0.00134685173407	36	26663	2	28	26729	149454
UNKNOWN	83	A	0.989337423772	G	0.00437726813573	26444	66	117	102	26729	149454
UNKNOWN	84	T	0.987429383815	C	0.00875453627147	11	234	91	26393	26729	149454
UNKNOWN	85	T	0.995996857346	C	0.00243181563096	6	65	36	26622	26729	149454
UNKNOWN	86	G	0.983575891354	A	0.0146657188821	392	26	26290	21	26729	149454
UNKNOWN	87	A	0.986119944629	G	0.00901642410865	26358	122	241	8	26729	149454
UNKNOWN	88	G	0.965505630588	A	0.0197912379812	529	343	25807	50	26729	149454
UNKNOWN	89	C	0.974821355082	T	0.0154887949418	117	26056	142	414	26729	149454
UNKNOWN	90	A	0.981218900819	G	0.0123461408957	26227	153	330	19	26729	149454
UNKNOWN	91	G	0.841408208313	A	0.114594635041	3063	946	22490	230	26729	149454
UNKNOWN	92	C	0.973698978637	T	0.0164615211942	96	26026	167	440	26729	149454
UNKNOWN	93	T	0.970331849302	A	0.011972015414	320	159	314	25936	26729	149454
UNKNOWN	94	A	0.972875902578	G	0.00991432526469	26004	224	265	236	26729	149454
UNKNOWN	95	T	0.986793370496	C	0.00796887275992	26	213	114	26376	26729	149454
UNKNOWN	96	G	0.881177747016	A	0.0971978001422	2598	237	23553	341	26729	149454
UNKNOWN	97	C	0.921658124135	G	0.0494968012271	341	24635	1323	430	26729	149454
UNKNOWN	98	T	0.992330427625	C	0.00362901717236	14	97	94	26524	26729	149454
UNKNOWN	99	G	0.979273448315	A	0.017958023121	480	20	26175	54	26729	149454
UNKNOWN	100	T	0.994612593064	C	0.00377866736503	33	101	10	26585	26729	149454
UNKNOWN	101	A	0.975120655468	G	0.0160125706162	26064	172	428	65	26729	149454
UNKNOWN	102	G	0.955329417487	A	0.0387593999027	1036	130	25535	28	26729	149454
UNKNOWN	103	G	0.844700512552	A	0.124396722661	3325	477	22578	349	26729	149454
UNKNOWN	104	C	0.988027984586	G	0.00538740693629	47	26409	144	129	26729	149454
UNKNOWN	105	T	0.996745108309	G	0.00164615211942	1	42	44	26642	26729	149454
UNKNOWN	106	G	0.999289161585	C	0.000261887837181	5	7	26710	7	26729	149454
UNKNOWN	107	G	0.997904897303	T	0.000972726252385	9	21	26673	26	26729	149454
UNKNOWN	108	G	0.985970294437	A	0.00909124920498	243	65	26354	67	26729	149454
UNKNOWN	109	T	0.995435669123	C	0.00396573010588	4	106	12	26607	26729	149454
UNKNOWN	110	C	0.996034269894	G	0.00187062740843	19	26623	50	37	26729	149454
UNKNOWN	111	C	0.997493359273	G	0.00168356466759	2	26662	45	20	26729	149454
UNKNOWN	112	G	0.997979722399	C	0.00157132702308	10	42	26675	2	26729	149454
UNKNOWN	113	C	0.996707695761	T	0.00224475289012	7	26641	21	60	26729	149454
UNKNOWN	114	C	0.997904897303	A	0.00175838976393	47	26673	2	7	26729	149454
UNKNOWN	115	A	0.988476935164	G	0.00901642410865	26421	61	241	6	26729	149454
UNKNOWN	116	G	0.997830072206	A	0.00138426428224	37	13	26671	8	26729	149454
UNKNOWN	117	G	0.987579034008	A	0.00853006098245	228	99	26397	5	26729	149454
UNKNOWN	118	C	0.997156646339	T	0.00205769014928	11	26653	10	55	26729	149454
UNKNOWN	119	T	0.990235324928	C	0.00564929477347	8	151	102	26468	26729	149454
UNKNOWN	120	C	0.99775524711	T	0.0011972015414	20	26669	8	32	26729	149454
UNKNOWN	121	C	0.997306296532	G	0.0019080399566	5	26657	51	16	26729	149454
UNKNOWN	122	G	0.983688128998	A	0.0150024318156	401	14	26293	21	26729	149454
UNKNOWN	123	G	0.997830072206	A	0.000935313704216	25	10	26671	23	26729	149454
UNKNOWN	124	G	0.995660144412	A	0.00288076620899	77	16	26613	23	26729	149454
UNKNOWN	125	G	0.987878334393	A	0.0101762131019	272	43	26405	9	26729	149454
UNKNOWN	126	A	0.995173781286	G	0.00306782894983	26600	45	82	2	26729	149454
UNKNOWN	127	A	0.98529686857	G	0.0135059298889	26336	27	361	5	26729	149454
UNKNOWN	128	G	0.995398256575	A	0.00355419207602	95	17	26606	11	26729	149454
UNKNOWN	129	G	0.991844064499	A	0.00520034419544	139	70	26511	9	26729	149454
UNKNOWN	130	C	0.995398256575	G	0.00228216543829	9	26606	61	53	26729	149454
UNKNOWN	131	G	0.897377380373	A	0.0965617868233	2581	131	23986	31	26729	149454
UNKNOWN	132	C	0.991956302144	T	0.00636013318867	20	26514	25	170	26729	149454
UNKNOWN	133	T	0.986269594822	C	0.00722062179655	18	193	156	26362	26729	149454
UNKNOWN	134	G	0.982902465487	A	0.0146283063339	391	23	26272	43	26729	149454
UNKNOWN	135	G	0.994163642486	A	0.00389090500954	104	43	26573	9	26729	149454
UNKNOWN	136	A	0.992105952336	G	0.00482621871376	26518	77	129	5	26729	149454
UNKNOWN	137	G	0.962998989861	A	0.0289947248307	775	146	25740	68	26729	149454
UNKNOWN	138	T	0.994462942871	G	0.00291817875716	5	65	78	26581	26729	149454
UNKNOWN	139	G	0.997867484754	A	0.00112237644506	30	15	26672	12	26729	149454
UNKNOWN	140	G	0.992068539788	C	0.00422761794306	17	113	26517	82	26729	149454
UNKNOWN	141	G	0.95117662464	A	0.0334842306109	895	311	25424	99	26729	149454
UNKNOWN	142	T	0.99652063302	C	0.00198286505294	6	53	34	26636	26729	149454
UNKNOWN	143	T	0.975906318979	G	0.0111489393543	72	274	298	26085	26729	149454
UNKNOWN	144	G	0.995061543642	A	0.00404055520221	108	4	26597	20	26729	149454
UNKNOWN	145	G	0.988327284971	C	0.00856747353062	15	229	26417	68	26729	149454
UNKNOWN	146	T	0.957050394702	G	0.0239066182798	242	267	639	25581	26729	149454
UNKNOWN	147	G	0.876314115754	A	0.103483108235	2766	202	23423	338	26729	149454
UNKNOWN	148	G	0.78427924726	A	0.153877810618	4113	1018	20963	635	26729	149454
UNKNOWN	149	T	0.880167608216	C	0.0628530809233	617	1680	906	23526	26729	149454
UNKNOWN	150	A	0.950129073291	G	0.0397321261551	25396	102	1062	169	26729	149454
UNKNOWN	151	T	0.986755957948	C	0.00624789554417	100	167	87	26375	26729	149454
UNKNOWN	152	A	0.948782221557	G	0.0229338920274	25360	301	613	455	26729	149454
UNKNOWN	153	A	0.865838602267	G	0.119682741592	23143	265	3199	122	26729	149454
UNKNOWN	154	G	0.869692094729	A	0.0762467731677	2038	981	23246	464	26729	149454
UNKNOWN	155	T	0.94361928991	G	0.0245426315986	302	549	656	25222	26729	149454
UNKNOWN	156	A	0.721201691047	G	0.255901829474	19277	438	6840	174	26729	149454
UNKNOWN	157	G	0.882374948558	C	0.0476261738187	1261	1273	23585	610	26729	149454
UNKNOWN	158	T	0.955740955516	G	0.0218115155823	387	213	583	25546	26729	149454
UNKNOWN	159	G	0.782595682592	A	0.170264506716	4551	733	20918	527	26729	149454
UNKNOWN	160	G	0.833439335553	A	0.110292192001	2948	950	22277	554	26729	149454
UNKNOWN	161	T	0.949305997231	G	0.0245052190505	395	305	655	25374	26729	149454
UNKNOWN	162	G	0.98589546934	A	0.0122713157993	328	27	26352	22	26729	149454
UNKNOWN	163	G	0.986868195593	A	0.00800628530809	214	110	26378	27	26729	149454
UNKNOWN	164	A	0.963597590632	G	0.0264132590071	25756	166	706	101	26729	149454
UNKNOWN	165	A	0.937820344944	G	0.04657862247	25067	276	1245	141	26729	149454
UNKNOWN	166	G	0.763739758315	A	0.164577799394	4399	1378	20414	538	26729	149454
UNKNOWN	167	C	0.915447641139	T	0.0318006659434	597	24469	813	850	26729	149454
UNKNOWN	168	A	0.974522054697	C	0.0103632758427	26048	277	246	158	26729	149454
UNKNOWN	169	C	0.972875902578	T	0.0166111713869	119	26004	162	444	26729	149454
UNKNOWN	170	A	0.98323917842	T	0.00613565789966	26281	136	148	164	26729	149454
UNKNOWN	171	T	0.971080100266	G	0.0169852968686	165	154	454	25956	26729	149454
UNKNOWN	172	G	0.890979834637	A	0.0947659845112	2533	149	23815	232	26729	149454
UNKNOWN	173	C	0.975270305661	T	0.0151146694601	42	26068	215	404	26729	149454
UNKNOWN	174	C	0.888398368813	T	0.103108982753	140	23746	87	2756	26729	149454
UNKNOWN	175	T	0.872797336227	A	0.107561075985	2875	231	294	23329	26729	149454
UNKNOWN	176	T	0.952037113248	C	0.0168356466759	395	450	437	25447	26729	149454
UNKNOWN	177	A	0.984324142317	C	0.00841782333795	26310	225	170	24	26729	149454
UNKNOWN	178	A	0.985858056792	C	0.00677167121853	26351	181	164	33	26729	149454
UNKNOWN	179	C	0.888510606457	T	0.0867222866549	145	23749	517	2318	26729	149454
UNKNOWN	180	C	0.934789928542	T	0.0409293276965	81	24986	568	1094	26729	149454
UNKNOWN	181	C	0.988289872423	T	0.00542481948446	121	26416	47	145	26729	149454
UNKNOWN	182	A	0.987167495978	G	0.00669684612219	26386	142	179	22	26729	149454
UNKNOWN	183	G	0.98365071645	A	0.00965243742751	258	147	26292	32	26729	149454
UNKNOWN	184	C	0.982752815294	T	0.00849264843428	53	26268	181	227	26729	149454
UNKNOWN	185	C	0.994949305997	G	0.00216992779378	42	26594	58	35	26729	149454
UNKNOWN	186	C	0.992554902914	T	0.0043024430394	65	26530	19	115	26729	149454
UNKNOWN	187	T	0.991133226084	G	0.00374125481687	94	43	100	26492	26729	149454
UNKNOWN	188	G	0.978038834225	A	0.0151520820083	405	109	26142	73	26729	149454
UNKNOWN	189	A	0.982715402746	G	0.00834299824161	26267	178	223	61	26729	149454
UNKNOWN	190	A	0.988102809682	C	0.00763215982641	26411	204	81	33	26729	149454
UNKNOWN	191	A	0.983126940776	C	0.00976467507202	26278	261	93	97	26729	149454
UNKNOWN	192	T	0.985147218377	C	0.00815593550077	128	218	51	26332	26729	149454
UNKNOWN	193	C	0.995435669123	G	0.00209510269744	24	26607	56	42	26729	149454
UNKNOWN	194	C	0.988663997905	G	0.00486363126193	49	26426	130	124	26729	149454
UNKNOWN	195	C	0.995473081672	G	0.00332971678701	17	26608	89	15	26729	149454
UNKNOWN	196	G	0.991993714692	T	0.00340454188335	64	59	26515	91	26729	149454
UNKNOWN	197	G	0.943694115006	A	0.0404055520221	1080	271	25224	154	26729	149454
UNKNOWN	198	C	0.985147218377	T	0.00804369785626	129	26332	53	215	26729	149454
UNKNOWN	199	T	0.987878334393	C	0.00591118261065	33	158	133	26405	26729	149454
UNKNOWN	200	C	0.988888473194	T	0.00613565789966	114	26432	19	164	26729	149454
UNKNOWN	201	A	0.990534625313	G	0.00722062179655	26476	59	193	1	26729	149454
UNKNOWN	202	G	0.980657712597	C	0.0114482397396	88	306	26212	123	26729	149454
UNKNOWN	203	C	0.954618579071	T	0.0342324815743	188	25516	110	915	26729	149454
UNKNOWN	204	A	0.986269594822	G	0.00793146021176	26362	58	212	97	26729	149454
UNKNOWN	205	T	0.990010849639	C	0.0069213214112	35	185	47	26462	26729	149454
UNKNOWN	206	C	0.987204908526	T	0.00677167121853	133	26387	28	181	26729	149454
UNKNOWN	207	A	0.987803509297	G	0.0056118822253	26403	132	150	44	26729	149454
UNKNOWN	208	C	0.988888473194	A	0.00415279284672	111	26432	103	83	26729	149454
UNKNOWN	209	C	0.967750383479	T	0.0130195667627	207	25867	307	348	26729	149454
UNKNOWN	210	A	0.991357701373	G	0.00520034419544	26498	87	139	5	26729	149454
UNKNOWN	211	A	0.988589172809	G	0.00815593550077	26424	67	218	20	26729	149454
UNKNOWN	212	G	0.986905608141	A	0.0081185229526	217	108	26379	25	26729	149454
UNKNOWN	213	G	0.986606307756	A	0.0108870515171	291	37	26371	30	26729	149454
UNKNOWN	214	A	0.990459800217	C	0.00505069400277	26474	135	71	49	26729	149454
UNKNOWN	215	C	0.983014703131	T	0.00965243742751	100	26275	96	258	26729	149454
UNKNOWN	216	A	0.985745819148	G	0.00748250963373	26348	92	200	89	26729	149454
UNKNOWN	217	A	0.982154214524	C	0.0082307605971	26252	220	183	74	26729	149454
UNKNOWN	218	C	0.977627296195	T	0.0154887949418	20	26131	164	414	26729	149454
UNKNOWN	219	T	0.984847917992	C	0.00587377006248	141	157	107	26324	26729	149454
UNKNOWN	220	C	0.992517490366	A	0.00486363126193	130	26529	10	60	26729	149454
UNKNOWN	221	C	0.982790227842	T	0.00804369785626	140	26269	105	215	26729	149454
UNKNOWN	222	A	0.978188484418	G	0.0108870515171	26146	266	291	26	26729	149454
UNKNOWN	223	A	0.981705263946	G	0.0120094279621	26240	127	321	41	26729	149454
UNKNOWN	224	G	0.986830783045	A	0.00654719592951	175	156	26377	21	26729	149454
UNKNOWN	225	A	0.981443376108	G	0.00995173781286	26233	193	266	37	26729	149454
UNKNOWN	226	G	0.958060533503	A	0.0319129035879	853	238	25608	30	26729	149454
UNKNOWN	227	C	0.973137790415	T	0.019080399566	115	26011	93	510	26729	149454
UNKNOWN	228	C	0.987653859104	A	0.00658460847768	176	26399	139	15	26729	149454
UNKNOWN	229	A	0.988514347712	C	0.00471398106925	26422	126	74	107	26729	149454
UNKNOWN	230	A	0.978824497737	G	0.0159377455198	26163	117	426	23	26729	149454
UNKNOWN	231	G	0.967376257997	A	0.0158255078753	423	187	25857	262	26729	149454
UNKNOWN	232	T	0.990010849639	C	0.00740768453739	25	198	44	26462	26729	149454
UNKNOWN	233	C	0.961764375772	T	0.0191926372105	26	25707	483	513	26729	149454
UNKNOWN	234	T	0.986232182274	C	0.00808111040443	47	216	105	26361	26729	149454
UNKNOWN	235	C	0.986082532081	T	0.011747540125	48	26357	10	314	26729	149454
UNKNOWN	236	T	0.97467170489	C	0.0125706161847	53	336	288	26052	26729	149454
UNKNOWN	237	C	0.989487073965	T	0.00699614650754	27	26448	67	187	26729	149454
UNKNOWN	238	T	0.990833925699	C	0.00419020539489	21	112	112	26484	26729	149454
UNKNOWN	239	G	0.958060533503	A	0.031501365558	842	119	25608	160	26729	149454
UNKNOWN	240	T	0.9795727487	A	0.00849264843428	227	138	181	26183	26729	149454
UNKNOWN	241	C	0.984810505444	T	0.0101762131019	118	26323	16	272	26729	149454
UNKNOWN	242	A	0.969995136369	G	0.0161248082607	25927	270	431	101	26729	149454
UNKNOWN	243	G	0.906543454675	A	0.0449698828987	1202	1105	24231	191	26729	149454
UNKNOWN	244	T	0.990721688054	G	0.00613565789966	25	59	164	26481	26729	149454
UNKNOWN	245	G	0.955179767294	T	0.0225223539975	455	141	25531	602	26729	149454
UNKNOWN	246	A	0.980171349471	G	0.0135807549852	26199	147	363	20	26729	149454
UNKNOWN	247	G	0.938157057877	A	0.0376744360058	1007	430	25076	216	26729	149454
UNKNOWN	248	C	0.963073814958	T	0.0266003217479	142	25742	134	711	26729	149454
UNKNOWN	249	A	0.980320999663	G	0.0144038310449	26203	136	385	5	26729	149454
UNKNOWN	250	G	0.979385685959	A	0.00894159901231	239	221	26178	91	26729	149454
UNKNOWN	251	C	0.982079389427	T	0.00909124920498	54	26250	182	243	26729	149454
UNKNOWN	252	G	0.98406225448	A	0.00961502487934	257	64	26303	105	26729	149454
UNKNOWN	253	T	0.987728684201	C	0.00729544689289	21	195	112	26401	26729	149454
UNKNOWN	254	G	0.951401099929	A	0.031501365558	842	236	25430	221	26729	149454
UNKNOWN	255	A	0.984249317221	G	0.0088293613678	26308	124	236	61	26729	149454
UNKNOWN	256	C	0.985446518762	T	0.00677167121853	149	26340	59	181	26729	149454
UNKNOWN	257	A	0.96977066108	G	0.015975158068	25921	236	427	145	26729	149454
UNKNOWN	258	C	0.661603501815	A	0.319615399005	8543	17684	339	163	26729	149454
UNKNOWN	259	C	0.963260877698	T	0.0209510269744	138	25747	284	560	26729	149454
UNKNOWN	260	T	0.956526619028	C	0.0266003217479	99	711	352	25567	26729	149454
UNKNOWN	261	G	0.989412248868	A	0.00725803434472	194	36	26446	53	26729	149454
UNKNOWN	262	A	0.985820644244	G	0.00894159901231	26350	112	239	28	26729	149454
UNKNOWN	263	G	0.942945864043	A	0.0314265404617	840	588	25204	97	26729	149454
UNKNOWN	264	G	0.988701410453	A	0.00897901156048	240	18	26427	44	26729	149454
UNKNOWN	265	A	0.987055258334	C	0.0082307605971	26383	220	92	34	26729	149454
UNKNOWN	266	C	0.976841632684	T	0.0105129260354	216	26110	122	281	26729	149454
UNKNOWN	267	A	0.972651427289	G	0.0118597777695	25998	102	317	312	26729	149454
UNKNOWN	268	C	0.990422387669	G	0.00452691832841	76	26473	121	59	26729	149454
UNKNOWN	269	G	0.96771297093	A	0.02573983314	688	114	25866	61	26729	149454
UNKNOWN	270	G	0.988888473194	A	0.00482621871376	129	111	26432	57	26729	149454
UNKNOWN	271	C	0.99244266527	A	0.00411538029855	110	26527	69	23	26729	149454
UNKNOWN	272	C	0.987317146171	A	0.00864229862696	231	26390	38	70	26729	149454
UNKNOWN	273	A	0.988327284971	G	0.0044146806839	26417	106	118	88	26729	149454
UNKNOWN	274	C	0.984660855251	A	0.00894159901231	239	26319	48	123	26729	149454
UNKNOWN	275	A	0.971828351229	G	0.0111489393543	25976	213	298	242	26729	149454
UNKNOWN	276	T	0.988215047327	G	0.00523775674361	131	44	140	26414	26729	149454
UNKNOWN	277	A	0.989561899061	C	0.00576153241797	26450	154	77	48	26729	149454
UNKNOWN	278	C	0.948595158816	T	0.0481873620412	55	25355	31	1288	26729	149454
UNKNOWN	279	T	0.977589883647	C	0.00834299824161	178	223	198	26130	26729	149454
UNKNOWN	280	A	0.970668562236	T	0.0120468405103	25945	253	209	322	26729	149454
UNKNOWN	281	C	0.967787796027	T	0.0294062628606	41	25868	34	786	26729	149454
UNKNOWN	282	T	0.980844775338	G	0.0139922930151	91	47	374	26217	26729	149454
