Type	Position	Nucl1	Freq1	Nucl2	Freq2	NumAs	NumCs	NumGs	NumTs	NumAligned	NumNaive
UNKNOWN	0	C	1.0	A	0.0	0	6864	0	0	6864	149454
UNKNOWN	1	A	1.0	C	0.0	6864	0	0	0	6864	149454
UNKNOWN	2	G	1.0	A	0.0	0	0	6864	0	6864	149454
UNKNOWN	3	G	1.0	A	0.0	0	0	6864	0	6864	149454
UNKNOWN	4	T	1.0	A	0.0	0	0	0	6864	6864	149454
UNKNOWN	5	G	1.0	A	0.0	0	0	6864	0	6864	149454
UNKNOWN	6	C	1.0	A	0.0	0	6864	0	0	6864	149454
UNKNOWN	7	A	0.996794871795	G	0.00203962703963	6842	5	14	3	6864	149454
UNKNOWN	8	G	0.954691142191	A	0.0432692307692	297	13	6553	1	6864	149454
UNKNOWN	9	C	0.998397435897	T	0.00101981351981	1	6853	3	7	6864	149454
UNKNOWN	10	T	0.998834498834	C	0.0011655011655	0	8	0	6856	6864	149454
UNKNOWN	11	G	0.997668997669	T	0.00160256410256	5	0	6848	11	6864	149454
UNKNOWN	12	C	0.999271561772	T	0.000728438228438	0	6859	0	5	6864	149454
UNKNOWN	13	G	0.99898018648	A	0.000582750582751	4	0	6857	3	6864	149454
UNKNOWN	14	G	0.957022144522	C	0.041958041958	4	288	6569	3	6864	149454
UNKNOWN	15	G	0.999125874126	A	0.000582750582751	4	2	6858	0	6864	149454
UNKNOWN	16	A	0.997086247086	G	0.00160256410256	6844	7	11	2	6864	149454
UNKNOWN	17	G	0.997668997669	A	0.00131118881119	9	3	6848	4	6864	149454
UNKNOWN	18	T	0.996940559441	C	0.00174825174825	4	12	5	6843	6864	149454
UNKNOWN	19	C	0.999271561772	T	0.000437062937063	1	6859	1	3	6864	149454
UNKNOWN	20	G	0.983682983683	A	0.0157342657343	108	3	6752	1	6864	149454
UNKNOWN	21	G	0.99796037296	C	0.0011655011655	4	8	6850	2	6864	149454
UNKNOWN	22	G	0.997814685315	C	0.0011655011655	6	8	6849	1	6864	149454
UNKNOWN	23	C	0.99898018648	T	0.000728438228438	2	6857	0	5	6864	149454
UNKNOWN	24	C	0.999271561772	T	0.000437062937063	2	6859	0	3	6864	149454
UNKNOWN	25	C	0.998834498834	A	0.000874125874126	6	6856	0	2	6864	149454
UNKNOWN	26	C	0.999271561772	A	0.000437062937063	3	6859	1	1	6864	149454
UNKNOWN	27	A	0.996503496503	G	0.00203962703963	6840	6	14	4	6864	149454
UNKNOWN	28	G	0.996066433566	A	0.00320512820513	22	4	6837	1	6864	149454
UNKNOWN	29	C	0.999271561772	T	0.000437062937063	0	6859	2	3	6864	149454
UNKNOWN	30	C	0.993881118881	T	0.00597319347319	1	6822	0	41	6864	149454
UNKNOWN	31	T	0.996649184149	C	0.00160256410256	2	11	10	6841	6864	149454
UNKNOWN	32	G	0.997377622378	A	0.00174825174825	12	2	6846	4	6864	149454
UNKNOWN	33	G	0.998397435897	A	0.000728438228438	5	3	6853	3	6864	149454
UNKNOWN	34	T	0.996503496503	C	0.00276806526807	1	19	4	6840	6864	149454
UNKNOWN	35	G	0.998106060606	A	0.00145687645688	10	2	6851	1	6864	149454
UNKNOWN	36	A	0.995046620047	C	0.00305944055944	6830	21	9	4	6864	149454
UNKNOWN	37	A	0.994172494172	C	0.00320512820513	6824	22	14	4	6864	149454
UNKNOWN	38	G	0.998834498834	T	0.000582750582751	2	2	6856	4	6864	149454
UNKNOWN	39	C	0.994900932401	G	0.00291375291375	2	6829	20	13	6864	149454
UNKNOWN	40	C	0.998543123543	T	0.0011655011655	1	6854	1	8	6864	149454
UNKNOWN	41	C	0.99358974359	G	0.0034965034965	19	6820	24	1	6864	149454
UNKNOWN	42	T	0.996357808858	C	0.00276806526807	2	19	4	6839	6864	149454
UNKNOWN	43	C	0.999271561772	T	0.000437062937063	2	6859	0	3	6864	149454
UNKNOWN	44	A	0.995483682984	G	0.00364219114219	6833	3	25	3	6864	149454
UNKNOWN	45	C	0.999271561772	G	0.000437062937063	1	6859	3	1	6864	149454
UNKNOWN	46	A	0.996066433566	G	0.00203962703963	6837	13	14	0	6864	149454
UNKNOWN	47	G	0.998251748252	C	0.0011655011655	4	8	6852	0	6864	149454
UNKNOWN	48	A	0.99460955711	G	0.00291375291375	6827	15	20	2	6864	149454
UNKNOWN	49	C	0.994026806527	T	0.00553613053613	3	6823	0	38	6864	149454
UNKNOWN	50	C	0.997523310023	T	0.002331002331	0	6847	1	16	6864	149454
UNKNOWN	51	C	0.99898018648	G	0.000874125874126	0	6857	6	1	6864	149454
UNKNOWN	52	T	0.995920745921	C	0.00364219114219	1	25	2	6836	6864	149454
UNKNOWN	53	C	0.991258741259	G	0.00786713286713	0	6804	54	6	6864	149454
UNKNOWN	54	T	0.994463869464	C	0.00495337995338	2	34	2	6826	6864	149454
UNKNOWN	55	C	0.997668997669	A	0.00131118881119	9	6848	0	7	6864	149454
UNKNOWN	56	C	0.996357808858	G	0.00218531468531	1	6839	15	9	6864	149454
UNKNOWN	57	C	0.996794871795	G	0.00247668997669	1	6842	17	4	6864	149454
UNKNOWN	58	T	0.995775058275	C	0.00320512820513	6	22	1	6835	6864	149454
UNKNOWN	59	C	0.995775058275	A	0.00320512820513	22	6835	2	5	6864	149454
UNKNOWN	60	A	0.989801864802	C	0.00539044289044	6794	37	30	3	6864	149454
UNKNOWN	61	C	0.996503496503	T	0.00174825174825	11	6840	1	12	6864	149454
UNKNOWN	62	C	0.995192307692	T	0.00189393939394	12	6831	8	13	6864	149454
UNKNOWN	63	T	0.997231934732	C	0.00174825174825	2	12	5	6845	6864	149454
UNKNOWN	64	G	0.998543123543	A	0.000728438228438	5	5	6854	0	6864	149454
UNKNOWN	65	C	0.996212121212	A	0.002331002331	16	6838	0	10	6864	149454
UNKNOWN	66	A	0.988344988345	G	0.00539044289044	6784	36	37	7	6864	149454
UNKNOWN	67	C	0.993881118881	T	0.00378787878788	10	6822	6	26	6864	149454
UNKNOWN	68	G	0.989801864802	A	0.00786713286713	54	13	6794	3	6864	149454
UNKNOWN	69	G	0.980477855478	A	0.01587995338	109	6	6730	19	6864	149454
UNKNOWN	70	T	0.990384615385	C	0.00903263403263	1	62	3	6798	6864	149454
UNKNOWN	71	C	0.986742424242	T	0.0113636363636	2	6773	11	78	6864	149454
UNKNOWN	72	T	0.995483682984	C	0.00276806526807	2	19	10	6833	6864	149454
UNKNOWN	73	C	0.998688811189	T	0.00101981351981	0	6855	2	7	6864	149454
UNKNOWN	74	T	0.994900932401	G	0.00262237762238	2	15	18	6829	6864	149454
UNKNOWN	75	G	0.992132867133	A	0.00670163170163	46	7	6810	1	6864	149454
UNKNOWN	76	G	0.990093240093	A	0.00699300699301	48	15	6796	5	6864	149454
UNKNOWN	77	A	0.988490675991	C	0.00611888111888	6785	42	28	9	6864	149454
UNKNOWN	78	T	0.992132867133	C	0.00524475524476	9	36	9	6810	6864	149454
UNKNOWN	79	T	0.995337995338	C	0.00335081585082	0	23	9	6832	6864	149454
UNKNOWN	80	C	0.980477855478	T	0.0100524475524	4	6730	61	69	6864	149454
UNKNOWN	81	T	0.99460955711	C	0.00320512820513	6	22	9	6827	6864	149454
UNKNOWN	82	C	0.995920745921	T	0.00203962703963	13	6836	1	14	6864	149454
UNKNOWN	83	A	0.993735431235	G	0.00422494172494	6821	6	29	8	6864	149454
UNKNOWN	84	T	0.987470862471	C	0.0104895104895	4	72	10	6778	6864	149454
UNKNOWN	85	T	0.995337995338	C	0.00320512820513	6	22	4	6832	6864	149454
UNKNOWN	86	A	0.979749417249	G	0.0171911421911	6725	18	118	3	6864	149454
UNKNOWN	87	A	0.987179487179	G	0.00684731934732	6776	39	47	2	6864	149454
UNKNOWN	88	G	0.983391608392	A	0.0107808857809	74	25	6750	15	6864	149454
UNKNOWN	89	C	0.968531468531	T	0.0218531468531	13	6648	53	150	6864	149454
UNKNOWN	90	G	0.966054778555	A	0.0272435897436	187	33	6631	13	6864	149454
UNKNOWN	91	A	0.933129370629	G	0.0355477855478	6405	167	244	48	6864	149454
UNKNOWN	92	T	0.921474358974	C	0.0323426573427	123	222	194	6325	6864	149454
UNKNOWN	93	A	0.894085081585	G	0.0524475524476	6137	154	360	213	6864	149454
UNKNOWN	94	A	0.917832167832	G	0.0377331002331	6300	216	259	89	6864	149454
UNKNOWN	95	T	0.924825174825	A	0.0393356643357	270	93	153	6348	6864	149454
UNKNOWN	96	A	0.900058275058	G	0.0738636363636	6178	135	507	44	6864	149454
UNKNOWN	97	G	0.462412587413	A	0.284090909091	1950	1477	3174	263	6864	149454
UNKNOWN	98	T	0.948717948718	G	0.0371503496503	26	71	255	6512	6864	149454
UNKNOWN	99	G	0.951777389277	A	0.0412296037296	283	13	6533	35	6864	149454
UNKNOWN	100	T	0.995483682984	C	0.002331002331	7	16	8	6833	6864	149454
UNKNOWN	101	A	0.979895104895	G	0.0129662004662	6726	38	89	11	6864	149454
UNKNOWN	102	G	0.923222610723	A	0.0388986013986	267	223	6337	37	6864	149454
UNKNOWN	103	G	0.761946386946	A	0.1875	1287	198	5230	149	6864	149454
UNKNOWN	104	C	0.97465034965	G	0.0152972027972	10	6690	105	59	6864	149454
UNKNOWN	105	T	0.996649184149	G	0.00189393939394	0	10	13	6841	6864	149454
UNKNOWN	106	G	0.999271561772	T	0.000437062937063	1	1	6859	3	6864	149454
UNKNOWN	107	G	0.998251748252	C	0.000728438228438	2	5	6852	5	6864	149454
UNKNOWN	108	G	0.97872960373	A	0.0144230769231	99	18	6718	29	6864	149454
UNKNOWN	109	T	0.996357808858	C	0.00305944055944	0	21	4	6839	6864	149454
UNKNOWN	110	C	0.994318181818	T	0.00480769230769	3	6825	3	33	6864	149454
UNKNOWN	111	C	0.997814685315	G	0.0011655011655	4	6849	8	3	6864	149454
UNKNOWN	112	G	0.99796037296	C	0.00131118881119	3	9	6850	2	6864	149454
UNKNOWN	113	C	0.994755244755	T	0.00305944055944	7	6828	8	21	6864	149454
UNKNOWN	114	C	0.997377622378	A	0.00189393939394	13	6846	2	3	6864	149454
UNKNOWN	115	A	0.993881118881	G	0.00437062937063	6822	10	30	2	6864	149454
UNKNOWN	116	G	0.999125874126	A	0.000291375291375	2	2	6858	2	6864	149454
UNKNOWN	117	G	0.99155011655	A	0.00597319347319	41	13	6806	4	6864	149454
UNKNOWN	118	C	0.996212121212	T	0.002331002331	4	6838	6	16	6864	149454
UNKNOWN	119	T	0.993298368298	C	0.00509906759907	3	35	8	6818	6864	149454
UNKNOWN	120	C	0.996794871795	A	0.0011655011655	8	6842	7	7	6864	149454
UNKNOWN	121	C	0.997377622378	A	0.00189393939394	13	6846	3	2	6864	149454
UNKNOWN	122	A	0.989364801865	G	0.00903263403263	6791	9	62	2	6864	149454
UNKNOWN	123	G	0.995337995338	A	0.00378787878788	26	5	6832	1	6864	149454
UNKNOWN	124	G	0.996794871795	A	0.00262237762238	18	2	6842	2	6864	149454
UNKNOWN	125	A	0.981643356643	G	0.0150058275058	6738	18	103	5	6864	149454
UNKNOWN	126	A	0.994900932401	C	0.00276806526807	6829	19	16	0	6864	149454
UNKNOWN	127	A	0.994026806527	G	0.00422494172494	6823	10	29	2	6864	149454
UNKNOWN	128	G	0.99898018648	C	0.000874125874126	1	6	6857	0	6864	149454
UNKNOWN	129	G	0.992132867133	A	0.00437062937063	30	18	6810	6	6864	149454
UNKNOWN	130	C	0.996649184149	G	0.00203962703963	1	6841	14	8	6864	149454
UNKNOWN	131	G	0.988053613054	A	0.00611888111888	42	22	6782	18	6864	149454
UNKNOWN	132	C	0.995483682984	T	0.00320512820513	5	6833	4	22	6864	149454
UNKNOWN	133	T	0.990821678322	G	0.00582750582751	2	21	40	6801	6864	149454
UNKNOWN	134	G	0.991841491841	A	0.00728438228438	50	3	6808	3	6864	149454
UNKNOWN	135	G	0.995483682984	A	0.00364219114219	25	3	6833	3	6864	149454
UNKNOWN	136	A	0.992861305361	G	0.00524475524476	6815	9	36	4	6864	149454
UNKNOWN	137	G	0.989656177156	A	0.00597319347319	41	16	6793	14	6864	149454
UNKNOWN	138	T	0.99256993007	G	0.00437062937063	2	19	30	6813	6864	149454
UNKNOWN	139	G	0.996357808858	A	0.00145687645688	10	8	6839	7	6864	149454
UNKNOWN	140	G	0.991987179487	C	0.004662004662	2	32	6809	21	6864	149454
UNKNOWN	141	C	0.994172494172	G	0.00262237762238	6	6824	18	16	6864	149454
UNKNOWN	142	T	0.99460955711	C	0.00364219114219	4	25	8	6827	6864	149454
UNKNOWN	143	C	0.994318181818	G	0.00262237762238	4	6825	18	17	6864	149454
UNKNOWN	144	G	0.99358974359	A	0.00524475524476	36	1	6820	7	6864	149454
UNKNOWN	145	G	0.986451048951	C	0.0083041958042	10	57	6771	26	6864	149454
UNKNOWN	146	T	0.984557109557	G	0.00626456876457	27	36	43	6758	6864	149454
UNKNOWN	147	G	0.829982517483	A	0.139277389277	956	70	5697	141	6864	149454
UNKNOWN	148	T	0.863782051282	A	0.0502622377622	345	344	246	5929	6864	149454
UNKNOWN	149	C	0.900058275058	T	0.0517191142191	169	6178	162	355	6864	149454
UNKNOWN	150	A	0.955273892774	G	0.0247668997669	6557	106	170	31	6864	149454
UNKNOWN	151	T	0.9662004662	C	0.0132575757576	55	91	86	6632	6864	149454
UNKNOWN	152	A	0.889568764569	G	0.085372960373	6106	80	586	92	6864	149454
UNKNOWN	153	T	0.766608391608	G	0.107371794872	706	159	737	5262	6864	149454
UNKNOWN	154	A	0.893648018648	G	0.0534673659674	6134	167	367	196	6864	149454
UNKNOWN	155	T	0.947552447552	C	0.0262237762238	44	180	136	6504	6864	149454
UNKNOWN	156	A	0.922057109557	G	0.0622086247086	6329	76	427	32	6864	149454
UNKNOWN	157	G	0.862325174825	A	0.071824009324	493	292	5919	160	6864	149454
UNKNOWN	158	T	0.963723776224	G	0.0168997668998	76	57	116	6615	6864	149454
UNKNOWN	159	G	0.777243589744	A	0.189102564103	1298	188	5335	43	6864	149454
UNKNOWN	160	G	0.823572261072	A	0.119755244755	822	238	5653	151	6864	149454
UNKNOWN	161	T	0.94493006993	G	0.0246212121212	148	61	169	6486	6864	149454
UNKNOWN	162	G	0.983682983683	A	0.0147144522145	101	6	6752	5	6864	149454
UNKNOWN	163	G	0.975961538462	A	0.0193764568765	133	19	6699	13	6864	149454
UNKNOWN	164	A	0.968385780886	G	0.0221445221445	6647	32	152	33	6864	149454
UNKNOWN	165	A	0.933566433566	G	0.0598776223776	6408	33	411	12	6864	149454
UNKNOWN	166	G	0.643356643357	A	0.206730769231	1419	823	4416	206	6864	149454
UNKNOWN	167	C	0.925990675991	T	0.0418123543124	136	6356	85	287	6864	149454
UNKNOWN	168	A	0.946532634033	G	0.0439976689977	6497	36	302	29	6864	149454
UNKNOWN	169	C	0.976107226107	T	0.0107808857809	50	6700	40	74	6864	149454
UNKNOWN	170	A	0.988053613054	G	0.00874125874126	6782	17	60	5	6864	149454
UNKNOWN	171	G	0.92365967366	C	0.0342365967366	213	235	6340	76	6864	149454
UNKNOWN	172	G	0.643356643357	A	0.259615384615	1782	543	4416	123	6864	149454
UNKNOWN	173	C	0.954691142191	G	0.020541958042	33	6553	141	137	6864	149454
UNKNOWN	174	T	0.986013986014	G	0.00539044289044	28	31	37	6768	6864	149454
UNKNOWN	175	A	0.987762237762	T	0.00451631701632	6780	27	26	31	6864	149454
UNKNOWN	176	T	0.980477855478	C	0.0152972027972	22	105	7	6730	6864	149454
UNKNOWN	177	A	0.990967365967	C	0.00597319347319	6802	41	13	8	6864	149454
UNKNOWN	178	A	0.981789044289	G	0.0134032634033	6739	29	92	4	6864	149454
UNKNOWN	179	C	0.925116550117	T	0.0611888111888	15	6350	79	420	6864	149454
UNKNOWN	180	C	0.939831002331	T	0.046182983683	35	6451	61	317	6864	149454
UNKNOWN	181	C	0.985285547786	G	0.00670163170163	30	6763	46	25	6864	149454
UNKNOWN	182	A	0.985722610723	G	0.00932400932401	6766	28	64	6	6864	149454
UNKNOWN	183	G	0.984265734266	A	0.00990675990676	68	27	6756	13	6864	149454
UNKNOWN	184	C	0.98513986014	T	0.0094696969697	10	6762	27	65	6864	149454
UNKNOWN	185	C	0.997523310023	A	0.00145687645688	10	6847	3	4	6864	149454
UNKNOWN	186	C	0.995046620047	T	0.00364219114219	1	6830	8	25	6864	149454
UNKNOWN	187	T	0.994318181818	G	0.00335081585082	6	10	23	6825	6864	149454
UNKNOWN	188	G	0.989073426573	A	0.00903263403263	62	2	6789	11	6864	149454
UNKNOWN	189	A	0.991987179487	G	0.00524475524476	6809	16	36	3	6864	149454
UNKNOWN	190	A	0.99053030303	C	0.00568181818182	6799	39	17	9	6864	149454
UNKNOWN	191	A	0.985868298368	C	0.00772144522145	6767	53	11	33	6864	149454
UNKNOWN	192	T	0.991258741259	C	0.004662004662	14	32	14	6804	6864	149454
UNKNOWN	193	C	0.997668997669	A	0.00131118881119	9	6848	1	6	6864	149454
UNKNOWN	194	C	0.984411421911	T	0.00888694638695	31	6757	15	61	6864	149454
UNKNOWN	195	C	0.996357808858	G	0.00247668997669	5	6839	17	3	6864	149454
UNKNOWN	196	G	0.992424242424	C	0.00422494172494	9	29	6812	14	6864	149454
UNKNOWN	197	G	0.919871794872	A	0.0708041958042	486	38	6314	26	6864	149454
UNKNOWN	198	C	0.994026806527	T	0.00247668997669	12	6823	12	17	6864	149454
UNKNOWN	199	T	0.993881118881	C	0.00393356643357	5	27	10	6822	6864	149454
UNKNOWN	200	C	0.994900932401	A	0.00320512820513	22	6829	6	7	6864	149454
UNKNOWN	201	A	0.991404428904	G	0.00611888111888	6805	13	42	4	6864	149454
UNKNOWN	202	G	0.980477855478	C	0.0128205128205	18	88	6730	28	6864	149454
UNKNOWN	203	C	0.977127039627	T	0.013986013986	34	6707	27	96	6864	149454
UNKNOWN	204	A	0.967365967366	T	0.0179195804196	6640	29	72	123	6864	149454
UNKNOWN	205	T	0.991695804196	C	0.00524475524476	9	36	12	6807	6864	149454
UNKNOWN	206	C	0.992424242424	T	0.00393356643357	24	6812	1	27	6864	149454
UNKNOWN	207	A	0.989801864802	C	0.00480769230769	6794	33	14	23	6864	149454
UNKNOWN	208	C	0.988636363636	T	0.004662004662	18	6786	28	32	6864	149454
UNKNOWN	209	C	0.968677156177	T	0.0136946386946	48	6649	73	94	6864	149454
UNKNOWN	210	A	0.989073426573	G	0.00670163170163	6789	18	46	11	6864	149454
UNKNOWN	211	A	0.98951048951	G	0.00743006993007	6792	9	51	12	6864	149454
UNKNOWN	212	G	0.988782051282	A	0.0083041958042	57	16	6787	4	6864	149454
UNKNOWN	213	G	0.988782051282	A	0.0103438228438	71	5	6787	1	6864	149454
UNKNOWN	214	A	0.990675990676	C	0.00437062937063	6800	30	17	17	6864	149454
UNKNOWN	215	C	0.987907925408	T	0.00451631701632	27	6781	25	31	6864	149454
UNKNOWN	216	A	0.992132867133	G	0.00451631701632	6810	19	31	4	6864	149454
UNKNOWN	217	A	0.987616550117	C	0.00670163170163	6779	46	33	6	6864	149454
UNKNOWN	218	C	0.979020979021	T	0.0131118881119	6	6720	48	90	6864	149454
UNKNOWN	219	T	0.990093240093	C	0.00495337995338	10	34	24	6796	6864	149454
UNKNOWN	220	C	0.996503496503	A	0.00218531468531	15	6840	1	8	6864	149454
UNKNOWN	221	C	0.987033799534	A	0.00670163170163	46	6775	18	25	6864	149454
UNKNOWN	222	A	0.988344988345	C	0.00684731934732	6784	47	31	2	6864	149454
UNKNOWN	223	A	0.983974358974	G	0.0125291375291	6754	20	86	4	6864	149454
UNKNOWN	224	G	0.987907925408	A	0.00684731934732	47	32	6781	4	6864	149454
UNKNOWN	225	A	0.984994172494	G	0.00917832167832	6761	33	63	7	6864	149454
UNKNOWN	226	G	0.955128205128	A	0.0383158508159	263	40	6556	5	6864	149454
UNKNOWN	227	C	0.968094405594	T	0.0238927738928	11	6645	44	164	6864	149454
UNKNOWN	228	C	0.991404428904	A	0.00553613053613	38	6805	18	3	6864	149454
UNKNOWN	229	A	0.991404428904	C	0.00422494172494	6805	29	22	8	6864	149454
UNKNOWN	230	A	0.984557109557	G	0.0103438228438	6758	31	71	4	6864	149454
UNKNOWN	231	G	0.972027972028	A	0.0129662004662	89	70	6672	33	6864	149454
UNKNOWN	232	T	0.993152680653	C	0.00393356643357	4	27	16	6817	6864	149454
UNKNOWN	233	C	0.97567016317	T	0.0122377622378	13	6697	70	84	6864	149454
UNKNOWN	234	T	0.987907925408	C	0.004662004662	21	32	30	6781	6864	149454
UNKNOWN	235	C	0.991113053613	T	0.00743006993007	9	6803	1	51	6864	149454
UNKNOWN	236	T	0.982226107226	C	0.0107808857809	16	74	32	6742	6864	149454
UNKNOWN	237	C	0.993006993007	T	0.00509906759907	5	6816	8	35	6864	149454
UNKNOWN	238	T	0.994755244755	A	0.00291375291375	20	5	11	6828	6864	149454
UNKNOWN	239	A	0.888694638695	G	0.0981934731935	6100	50	674	40	6864	149454
UNKNOWN	240	T	0.986451048951	A	0.00553613053613	38	34	21	6771	6864	149454
UNKNOWN	241	C	0.97872960373	T	0.0177738927739	23	6718	1	122	6864	149454
UNKNOWN	242	A	0.979458041958	G	0.0126748251748	6723	38	87	16	6864	149454
UNKNOWN	243	C	0.892045454545	G	0.0909090909091	39	6123	624	78	6864	149454
UNKNOWN	244	T	0.994463869464	G	0.00320512820513	6	10	22	6826	6864	149454
UNKNOWN	245	G	0.967365967366	A	0.0237470862471	163	20	6640	41	6864	149454
UNKNOWN	246	A	0.983391608392	G	0.0122377622378	6750	23	84	7	6864	149454
UNKNOWN	247	G	0.961101398601	A	0.0237470862471	163	54	6597	50	6864	149454
UNKNOWN	248	C	0.95979020979	T	0.0227272727273	78	6588	42	156	6864	149454
UNKNOWN	249	A	0.984848484848	G	0.0083041958042	6760	44	57	3	6864	149454
UNKNOWN	250	G	0.990093240093	C	0.00786713286713	11	54	6796	3	6864	149454
UNKNOWN	251	C	0.987033799534	T	0.00743006993007	4	6775	34	51	6864	149454
UNKNOWN	252	G	0.989656177156	A	0.00378787878788	26	23	6793	22	6864	149454
UNKNOWN	253	T	0.990821678322	G	0.004662004662	5	26	32	6801	6864	149454
UNKNOWN	254	G	0.950611888112	A	0.0402097902098	276	21	6525	42	6864	149454
UNKNOWN	255	A	0.984411421911	G	0.00713869463869	6757	28	49	30	6864	149454
UNKNOWN	256	C	0.986451048951	T	0.00611888111888	41	6771	10	42	6864	149454
UNKNOWN	257	A	0.979458041958	G	0.0144230769231	6723	34	99	8	6864	149454
UNKNOWN	258	A	0.877185314685	C	0.109265734266	6021	750	60	33	6864	149454
UNKNOWN	259	C	0.966783216783	T	0.0206876456876	15	6636	71	142	6864	149454
UNKNOWN	260	T	0.960664335664	C	0.0240384615385	28	165	77	6594	6864	149454
UNKNOWN	261	G	0.989364801865	A	0.00597319347319	41	13	6791	19	6864	149454
UNKNOWN	262	A	0.988344988345	G	0.00772144522145	6784	17	53	10	6864	149454
UNKNOWN	263	G	0.966346153846	A	0.0217074592075	149	54	6633	28	6864	149454
UNKNOWN	264	G	0.99053030303	A	0.00655594405594	45	9	6799	11	6864	149454
UNKNOWN	265	A	0.992278554779	C	0.004662004662	6811	32	19	2	6864	149454
UNKNOWN	266	C	0.989947552448	T	0.00480769230769	30	6795	6	33	6864	149454
UNKNOWN	267	A	0.982517482517	T	0.0094696969697	6744	20	35	65	6864	149454
UNKNOWN	268	C	0.994026806527	G	0.00364219114219	9	6823	25	7	6864	149454
UNKNOWN	269	G	0.980186480186	A	0.0142773892774	98	8	6728	30	6864	149454
UNKNOWN	270	G	0.993298368298	C	0.00291375291375	10	20	6818	16	6864	149454
UNKNOWN	271	C	0.99256993007	A	0.00422494172494	29	6813	12	10	6864	149454
UNKNOWN	272	C	0.989364801865	A	0.004662004662	32	6791	16	25	6864	149454
UNKNOWN	273	A	0.985431235431	G	0.0100524475524	6764	22	69	9	6864	149454
UNKNOWN	274	C	0.987907925408	A	0.00670163170163	46	6781	10	27	6864	149454
UNKNOWN	275	A	0.982371794872	G	0.00859557109557	6743	27	59	35	6864	149454
UNKNOWN	276	T	0.991113053613	A	0.00364219114219	25	12	24	6803	6864	149454
UNKNOWN	277	A	0.990821678322	C	0.00495337995338	6801	34	22	7	6864	149454
UNKNOWN	278	C	0.957896270396	T	0.0406468531469	5	6575	5	279	6864	149454
UNKNOWN	279	T	0.971590909091	G	0.0155885780886	28	60	107	6669	6864	149454
UNKNOWN	280	A	0.956876456876	T	0.0190850815851	6568	128	37	131	6864	149454
UNKNOWN	281	C	0.976544289044	T	0.0215617715618	7	6703	6	148	6864	149454
UNKNOWN	282	T	0.98615967366	G	0.00859557109557	25	11	59	6769	6864	149454
