Type	Position	Nucl1	Freq1	Nucl2	Freq2	NumAs	NumCs	NumGs	NumTs	NumAligned	NumNaive
UNKNOWN	0	C	1.0	A	0.0	0	11851	0	0	11851	179082
UNKNOWN	1	A	1.0	C	0.0	11851	0	0	0	11851	179082
UNKNOWN	2	G	1.0	A	0.0	0	0	11851	0	11851	179082
UNKNOWN	3	G	1.0	A	0.0	0	0	11851	0	11851	179082
UNKNOWN	4	T	1.0	A	0.0	0	0	0	11851	11851	179082
UNKNOWN	5	G	1.0	A	0.0	0	0	11851	0	11851	179082
UNKNOWN	6	C	1.0	A	0.0	0	11851	0	0	11851	179082
UNKNOWN	7	A	0.997468568053	G	0.00202514555734	11821	0	24	6	11851	179082
UNKNOWN	8	G	0.983039405957	A	0.0146823052907	174	25	11650	2	11851	179082
UNKNOWN	9	C	0.994093325458	T	0.00413467217956	0	11781	21	49	11851	179082
UNKNOWN	10	T	0.999240570416	C	0.000506286389334	1	6	2	11842	11851	179082
UNKNOWN	11	G	0.99603408995	A	0.00303771833601	36	6	11804	5	11851	179082
UNKNOWN	12	C	0.999071808286	T	0.000675048519112	1	11840	2	8	11851	179082
UNKNOWN	13	G	0.999071808286	A	0.000506286389334	6	3	11840	2	11851	179082
UNKNOWN	14	G	0.941439540967	C	0.0560290270863	23	664	11157	7	11851	179082
UNKNOWN	15	G	0.998734284027	C	0.00084381064889	4	10	11836	1	11851	179082
UNKNOWN	16	A	0.996624757404	G	0.00160324023289	11811	17	19	4	11851	179082
UNKNOWN	17	G	0.994008944393	A	0.00548476921779	65	3	11780	3	11851	179082
UNKNOWN	18	T	0.996877900599	C	0.00177200236267	5	21	11	11814	11851	179082
UNKNOWN	19	C	0.99983123787	G	0.000168762129778	0	11849	2	0	11851	179082
UNKNOWN	20	G	0.998143616572	A	0.000759429584001	9	6	11829	7	11851	179082
UNKNOWN	21	G	0.998987427221	C	0.00084381064889	1	10	11839	1	11851	179082
UNKNOWN	22	G	0.998481140832	C	0.00101257277867	6	12	11833	0	11851	179082
UNKNOWN	23	C	0.999493713611	T	0.000421905324445	1	11845	0	5	11851	179082
UNKNOWN	24	C	0.999746856805	A	8.4381064889e-05	1	11848	1	1	11851	179082
UNKNOWN	25	C	0.999746856805	T	0.000253143194667	0	11848	0	3	11851	179082
UNKNOWN	26	C	0.999578094676	A	0.000337524259556	4	11846	0	1	11851	179082
UNKNOWN	27	A	0.997131043794	G	0.00261581301156	11817	3	31	0	11851	179082
UNKNOWN	28	G	0.99274322842	A	0.00480972069868	57	23	11765	6	11851	179082
UNKNOWN	29	C	0.994262087588	T	0.0054003881529	3	11783	1	64	11851	179082
UNKNOWN	30	C	0.997721711248	T	0.00185638342756	0	11824	5	22	11851	179082
UNKNOWN	31	T	0.997131043794	C	0.00160324023289	3	19	12	11817	11851	179082
UNKNOWN	32	G	0.984727027255	A	0.013669732512	162	7	11670	12	11851	179082
UNKNOWN	33	G	0.99637161421	C	0.00185638342756	13	22	11808	8	11851	179082
UNKNOWN	34	T	0.996709138469	C	0.00270019407645	2	32	5	11812	11851	179082
UNKNOWN	35	G	0.990886844992	A	0.00556915028268	66	7	11743	35	11851	179082
UNKNOWN	36	A	0.995612184626	G	0.00236266981689	11799	21	28	3	11851	179082
UNKNOWN	37	A	0.992827609484	G	0.00497848282845	11766	23	59	3	11851	179082
UNKNOWN	38	G	0.995527803561	A	0.00295333727112	35	10	11798	8	11851	179082
UNKNOWN	39	C	0.991224369252	T	0.00675048519112	16	11747	8	80	11851	179082
UNKNOWN	40	C	0.999578094676	T	0.000337524259556	1	11846	0	4	11851	179082
UNKNOWN	41	C	0.995527803561	G	0.00329086153067	0	11798	39	14	11851	179082
UNKNOWN	42	T	0.995105898236	C	0.00362838579023	5	43	10	11793	11851	179082
UNKNOWN	43	C	0.998396759767	A	0.00101257277867	12	11832	1	6	11851	179082
UNKNOWN	44	A	0.995274660366	G	0.00295333727112	11795	15	35	6	11851	179082
UNKNOWN	45	C	0.997721711248	G	0.00126571597334	9	11824	15	3	11851	179082
UNKNOWN	46	A	0.997468568053	G	0.00177200236267	11821	8	21	1	11851	179082
UNKNOWN	47	G	0.99654037634	A	0.00278457514134	33	7	11810	1	11851	179082
UNKNOWN	48	A	0.99603408995	G	0.00253143194667	11804	15	30	2	11851	179082
UNKNOWN	49	C	0.996793519534	G	0.00177200236267	1	11813	21	16	11851	179082
UNKNOWN	50	C	0.972829297106	G	0.0243861277529	6	11529	289	27	11851	179082
UNKNOWN	51	C	0.997384186988	T	0.00177200236267	0	11820	10	21	11851	179082
UNKNOWN	52	T	0.99637161421	C	0.00337524259556	1	40	2	11808	11851	179082
UNKNOWN	53	C	0.995274660366	G	0.00295333727112	0	11795	35	21	11851	179082
UNKNOWN	54	T	0.994008944393	C	0.0046409585689	8	55	8	11780	11851	179082
UNKNOWN	55	C	0.999156189351	T	0.000506286389334	3	11841	1	6	11851	179082
UNKNOWN	56	C	0.992490085225	T	0.0061598177369	1	11762	15	73	11851	179082
UNKNOWN	57	C	0.996709138469	T	0.00160324023289	1	11812	19	19	11851	179082
UNKNOWN	58	T	0.99637161421	C	0.00295333727112	5	35	3	11808	11851	179082
UNKNOWN	59	C	0.997468568053	T	0.00118133490845	11	11821	5	14	11851	179082
UNKNOWN	60	A	0.994852755042	G	0.00286895620623	11790	24	34	3	11851	179082
UNKNOWN	61	C	0.994683992912	T	0.00337524259556	0	11788	23	40	11851	179082
UNKNOWN	62	C	0.98877731837	T	0.00835372542401	2	11718	32	99	11851	179082
UNKNOWN	63	T	0.996118471015	C	0.00236266981689	1	28	17	11805	11851	179082
UNKNOWN	64	G	0.997974854443	A	0.00101257277867	12	12	11827	0	11851	179082
UNKNOWN	65	C	0.994177706523	T	0.00480972069868	11	11782	1	57	11851	179082
UNKNOWN	66	A	0.995274660366	C	0.00210952662223	11795	25	23	8	11851	179082
UNKNOWN	67	C	0.994093325458	T	0.0046409585689	1	11781	14	55	11851	179082
UNKNOWN	68	G	0.984051978736	A	0.0140916378365	167	17	11662	5	11851	179082
UNKNOWN	69	G	0.966078811915	A	0.0270863218294	321	37	11449	44	11851	179082
UNKNOWN	70	T	0.991224369252	C	0.00700362838579	7	83	14	11747	11851	179082
UNKNOWN	71	C	0.976457682896	T	0.0140072567716	8	11572	105	166	11851	179082
UNKNOWN	72	T	0.995274660366	C	0.00354400472534	3	42	11	11795	11851	179082
UNKNOWN	73	C	0.996962281664	T	0.002278288752	5	11815	4	27	11851	179082
UNKNOWN	74	T	0.993924563328	G	0.00362838579023	1	28	43	11779	11851	179082
UNKNOWN	75	G	0.995612184626	A	0.00337524259556	40	10	11799	2	11851	179082
UNKNOWN	76	G	0.991646274576	A	0.00556915028268	66	25	11752	8	11851	179082
UNKNOWN	77	A	0.991477512446	G	0.00345962366045	11750	40	41	20	11851	179082
UNKNOWN	78	T	0.993080752679	C	0.00379714792001	4	45	33	11769	11851	179082
UNKNOWN	79	T	0.995021517172	C	0.00396591004978	8	47	4	11792	11851	179082
UNKNOWN	80	C	0.979073495908	T	0.0104632520462	27	11603	97	124	11851	179082
UNKNOWN	81	T	0.994093325458	C	0.00438781537423	7	52	11	11781	11851	179082
UNKNOWN	82	C	0.994599611847	T	0.0038815289849	16	11787	2	46	11851	179082
UNKNOWN	83	A	0.990127415408	G	0.00556915028268	11734	17	66	34	11851	179082
UNKNOWN	84	T	0.9920681799	C	0.00607543667201	6	72	16	11757	11851	179082
UNKNOWN	85	T	0.997046662729	G	0.00143447810311	6	12	17	11816	11851	179082
UNKNOWN	86	G	0.979073495908	A	0.019745169184	234	8	11603	6	11851	179082
UNKNOWN	87	A	0.979832925492	G	0.0137541135769	11612	58	163	18	11851	179082
UNKNOWN	88	G	0.942283351616	A	0.0377183360054	447	172	11167	65	11851	179082
UNKNOWN	89	C	0.964053666357	T	0.02278288752	64	11425	92	270	11851	179082
UNKNOWN	90	A	0.970297865159	G	0.0260737490507	11499	31	309	12	11851	179082
UNKNOWN	91	G	0.871403257109	A	0.098135178466	1163	254	10327	107	11851	179082
UNKNOWN	92	C	0.949877647456	T	0.0304615644249	83	11257	150	361	11851	179082
UNKNOWN	93	A	0.875369167159	T	0.0682642814952	10374	65	603	809	11851	179082
UNKNOWN	94	A	0.940511349253	G	0.0390684330436	11146	106	463	136	11851	179082
UNKNOWN	95	T	0.972660534976	G	0.0173824993671	31	87	206	11527	11851	179082
UNKNOWN	96	G	0.912918741035	A	0.0730740021939	866	71	10819	95	11851	179082
UNKNOWN	97	G	0.64222428487	A	0.180575478863	2140	1915	7611	185	11851	179082
UNKNOWN	98	T	0.978060923129	C	0.0115602058898	45	137	78	11591	11851	179082
UNKNOWN	99	G	0.956206227323	A	0.0366213821618	434	17	11332	68	11851	179082
UNKNOWN	100	T	0.995021517172	C	0.00253143194667	23	30	6	11792	11851	179082
UNKNOWN	101	A	0.947852501899	G	0.0349337608641	11233	101	414	103	11851	179082
UNKNOWN	102	G	0.748628807696	A	0.136950468315	1623	1087	8872	269	11851	179082
UNKNOWN	103	T	0.911737406126	G	0.0519787359716	221	209	616	10805	11851	179082
UNKNOWN	104	C	0.936039152814	G	0.0329929963716	54	11093	391	313	11851	179082
UNKNOWN	105	T	0.994768373977	G	0.00295333727112	10	17	35	11789	11851	179082
UNKNOWN	106	G	0.998481140832	T	0.000759429584001	7	2	11833	9	11851	179082
UNKNOWN	107	G	0.997721711248	C	0.00101257277867	5	12	11824	10	11851	179082
UNKNOWN	108	G	0.959497088853	A	0.0336680448907	399	47	11371	34	11851	179082
UNKNOWN	109	T	0.994177706523	C	0.00396591004978	3	47	19	11782	11851	179082
UNKNOWN	110	C	0.993587039068	T	0.0054003881529	2	11775	10	64	11851	179082
UNKNOWN	111	C	0.997890473378	G	0.00135009703822	1	11826	16	8	11851	179082
UNKNOWN	112	G	0.996877900599	C	0.00210952662223	10	25	11814	2	11851	179082
UNKNOWN	113	C	0.994515230782	G	0.00270019407645	15	11786	32	18	11851	179082
UNKNOWN	114	C	0.996962281664	A	0.00185638342756	22	11815	8	6	11851	179082
UNKNOWN	115	A	0.992321323095	G	0.00632857986668	11760	13	75	3	11851	179082
UNKNOWN	116	G	0.996877900599	A	0.00202514555734	24	9	11814	4	11851	179082
UNKNOWN	117	G	0.976035777572	A	0.0181419289511	215	51	11567	18	11851	179082
UNKNOWN	118	C	0.9920681799	T	0.00523162602312	6	11757	26	62	11851	179082
UNKNOWN	119	T	0.99240570416	C	0.00489410176356	20	58	12	11761	11851	179082
UNKNOWN	120	C	0.994515230782	G	0.00371276685512	13	11786	44	8	11851	179082
UNKNOWN	121	C	0.994852755042	A	0.00261581301156	31	11790	11	19	11851	179082
UNKNOWN	122	A	0.989958653278	G	0.00877563074846	11732	13	104	2	11851	179082
UNKNOWN	123	G	0.99654037634	A	0.00295333727112	35	4	11810	2	11851	179082
UNKNOWN	124	G	0.992827609484	A	0.00700362838579	83	1	11766	1	11851	179082
UNKNOWN	125	G	0.982111214244	A	0.0156104970045	185	24	11639	3	11851	179082
UNKNOWN	126	A	0.993755801198	G	0.00421905324445	11777	22	50	2	11851	179082
UNKNOWN	127	A	0.988861699435	G	0.00860686861868	11719	24	102	6	11851	179082
UNKNOWN	128	G	0.998227997637	C	0.001518859168	3	18	11830	0	11851	179082
UNKNOWN	129	G	0.979579782297	A	0.0126571597334	150	84	11609	8	11851	179082
UNKNOWN	130	C	0.994852755042	G	0.00312209940089	3	11790	37	21	11851	179082
UNKNOWN	131	G	0.98084549827	A	0.0115602058898	137	56	11624	34	11851	179082
UNKNOWN	132	C	0.988102269851	T	0.00970382246224	15	11710	11	115	11851	179082
UNKNOWN	133	T	0.993249514809	C	0.00337524259556	8	40	32	11771	11851	179082
UNKNOWN	134	G	0.979326639102	A	0.0166230697831	197	25	11606	23	11851	179082
UNKNOWN	135	G	0.995021517172	A	0.00219390768712	26	24	11792	9	11851	179082
UNKNOWN	136	A	0.993080752679	G	0.00497848282845	11769	17	59	6	11851	179082
UNKNOWN	137	G	0.975613872247	A	0.0205889798329	244	16	11562	29	11851	179082
UNKNOWN	138	T	0.994093325458	G	0.00329086153067	2	29	39	11781	11851	179082
UNKNOWN	139	G	0.997299805924	A	0.001518859168	18	6	11819	8	11851	179082
UNKNOWN	140	G	0.958990802464	C	0.0345118555396	10	409	11365	67	11851	179082
UNKNOWN	141	C	0.97755463674	G	0.0158636401991	52	11585	188	26	11851	179082
UNKNOWN	142	T	0.994008944393	C	0.00345962366045	14	41	16	11780	11851	179082
UNKNOWN	143	C	0.986667791748	T	0.00945067926757	14	11693	32	112	11851	179082
UNKNOWN	144	G	0.991393131381	A	0.0069192473209	82	2	11749	18	11851	179082
UNKNOWN	145	G	0.992996371614	C	0.00438781537423	3	52	11768	28	11851	179082
UNKNOWN	146	T	0.957809467555	G	0.0228672685849	89	140	271	11351	11851	179082
UNKNOWN	147	G	0.683655387731	A	0.2927179141	3469	121	8102	159	11851	179082
UNKNOWN	148	G	0.765083115349	A	0.104885663657	1243	958	9067	583	11851	179082
UNKNOWN	149	T	0.94667116699	G	0.0257362247912	145	182	305	11219	11851	179082
UNKNOWN	150	A	0.917306556409	G	0.0739178128428	10871	45	876	59	11851	179082
UNKNOWN	151	T	0.978145304194	C	0.0114758248249	47	136	76	11592	11851	179082
UNKNOWN	152	A	0.939583157539	G	0.0268331786347	11135	153	318	245	11851	179082
UNKNOWN	153	T	0.933845245127	A	0.0443000590667	525	42	217	11067	11851	179082
UNKNOWN	154	G	0.976288920766	A	0.0135009703822	160	73	11570	48	11851	179082
UNKNOWN	155	C	0.90490253987	T	0.0876719264197	42	10724	46	1039	11851	179082
UNKNOWN	156	A	0.896126909122	G	0.082102776137	10620	208	973	50	11851	179082
UNKNOWN	157	G	0.890726520969	A	0.0507974010632	602	355	10556	338	11851	179082
UNKNOWN	158	T	0.956965656907	G	0.0187325964054	161	127	222	11341	11851	179082
UNKNOWN	159	G	0.813349084465	A	0.167833938064	1989	169	9639	54	11851	179082
UNKNOWN	160	G	0.799173065564	A	0.153657919163	1821	461	9471	98	11851	179082
UNKNOWN	161	T	0.963969285292	G	0.0188169774703	95	109	223	11424	11851	179082
UNKNOWN	162	G	0.97687958822	A	0.0216015526116	256	10	11577	8	11851	179082
UNKNOWN	163	G	0.980507974011	A	0.0167918319129	199	10	11620	22	11851	179082
UNKNOWN	164	A	0.966585098304	G	0.0259893679858	11455	63	308	25	11851	179082
UNKNOWN	165	A	0.927094759936	G	0.0668298033921	10987	51	792	21	11851	179082
UNKNOWN	166	G	0.860686861868	C	0.0636233229263	616	754	10200	281	11851	179082
UNKNOWN	167	C	0.897814530419	T	0.0424436756392	287	10640	421	503	11851	179082
UNKNOWN	168	A	0.983039405957	G	0.012150873344	11650	44	144	13	11851	179082
UNKNOWN	169	C	0.967260146823	T	0.0162855455236	91	11463	104	193	11851	179082
UNKNOWN	170	A	0.976963969285	G	0.0162011644587	11578	55	192	26	11851	179082
UNKNOWN	171	A	0.888363851152	G	0.0916378364695	10528	98	1086	139	11851	179082
UNKNOWN	172	G	0.741034511856	A	0.165386887183	1960	707	8782	402	11851	179082
UNKNOWN	173	C	0.890557758839	G	0.0475909205974	223	10554	564	510	11851	179082
UNKNOWN	174	T	0.982533119568	C	0.00818496329424	35	97	75	11644	11851	179082
UNKNOWN	175	T	0.929794954012	A	0.0596574128766	707	59	66	11019	11851	179082
UNKNOWN	176	T	0.941017635643	A	0.0319804235929	379	155	165	11152	11851	179082
UNKNOWN	177	A	0.987427221332	C	0.00683486625601	11702	81	53	15	11851	179082
UNKNOWN	178	A	0.98827103198	C	0.00632857986668	11712	75	61	3	11851	179082
UNKNOWN	179	C	0.925153995443	T	0.061598177369	37	10964	120	730	11851	179082
UNKNOWN	180	C	0.951902793013	T	0.0280145135432	82	11281	156	332	11851	179082
UNKNOWN	181	C	0.989621129019	A	0.00421905324445	50	11728	27	46	11851	179082
UNKNOWN	182	A	0.981098641465	G	0.0118977301494	11627	54	141	29	11851	179082
UNKNOWN	183	G	0.974938823728	A	0.0150198295502	178	77	11554	42	11851	179082
UNKNOWN	184	C	0.981098641465	T	0.00902877394313	22	11627	95	107	11851	179082
UNKNOWN	185	C	0.995443422496	T	0.00185638342756	15	11797	17	22	11851	179082
UNKNOWN	186	C	0.993671420133	T	0.00421905324445	8	11776	17	50	11851	179082
UNKNOWN	187	T	0.992321323095	G	0.00329086153067	22	30	39	11760	11851	179082
UNKNOWN	188	G	0.956965656907	A	0.0324867099823	385	36	11341	89	11851	179082
UNKNOWN	189	A	0.989367985824	C	0.00531600708801	11725	63	60	3	11851	179082
UNKNOWN	190	A	0.99274322842	G	0.00278457514134	11765	32	33	21	11851	179082
UNKNOWN	191	A	0.988186650916	G	0.00489410176356	11711	36	58	46	11851	179082
UNKNOWN	192	T	0.968441481731	C	0.0281832756729	13	334	27	11477	11851	179082
UNKNOWN	193	C	0.99637161421	T	0.00168762129778	17	11808	6	20	11851	179082
UNKNOWN	194	C	0.985739600034	T	0.00818496329424	25	11682	47	97	11851	179082
UNKNOWN	195	C	0.994852755042	G	0.00337524259556	5	11790	40	16	11851	179082
UNKNOWN	196	G	0.995274660366	A	0.00286895620623	34	11	11795	11	11851	179082
UNKNOWN	197	G	0.90473377774	A	0.0550164543077	652	406	10722	71	11851	179082
UNKNOWN	198	C	0.990886844992	T	0.0046409585689	35	11743	18	55	11851	179082
UNKNOWN	199	T	0.991393131381	C	0.00590667454223	13	70	19	11749	11851	179082
UNKNOWN	200	C	0.985402075774	T	0.00717239051557	72	11678	16	85	11851	179082
UNKNOWN	201	A	0.991139988187	G	0.00658172306135	11746	23	78	4	11851	179082
UNKNOWN	202	G	0.9699603409	C	0.0217703147414	62	258	11495	36	11851	179082
UNKNOWN	203	C	0.932495148089	T	0.0484347312463	112	11051	114	574	11851	179082
UNKNOWN	204	A	0.982955024892	G	0.00936629820268	11649	32	111	59	11851	179082
UNKNOWN	205	T	0.990886844992	C	0.00624419880179	21	74	13	11743	11851	179082
UNKNOWN	206	C	0.985823981099	A	0.00641296093157	76	11683	20	72	11851	179082
UNKNOWN	207	A	0.976626445026	T	0.0120664922791	11574	52	82	143	11851	179082
UNKNOWN	208	C	0.974938823728	T	0.0116445869547	34	11554	125	138	11851	179082
UNKNOWN	209	C	0.948780693612	T	0.0216015526116	180	11244	171	256	11851	179082
UNKNOWN	210	A	0.986245886423	C	0.00852248755379	11688	101	58	4	11851	179082
UNKNOWN	211	A	0.978229685259	G	0.0102101088516	11593	26	121	111	11851	179082
UNKNOWN	212	G	0.981858071049	A	0.0126571597334	150	50	11636	15	11851	179082
UNKNOWN	213	G	0.985739600034	A	0.0102944899165	122	27	11682	20	11851	179082
UNKNOWN	214	A	0.989030461564	C	0.00632857986668	11721	75	41	14	11851	179082
UNKNOWN	215	C	0.976963969285	T	0.0123196354738	61	11578	66	146	11851	179082
UNKNOWN	216	A	0.987849126656	G	0.0084381064889	11707	23	100	21	11851	179082
UNKNOWN	217	A	0.978989114843	G	0.012150873344	11602	87	144	18	11851	179082
UNKNOWN	218	C	0.96582566872	T	0.027339465024	11	11446	70	324	11851	179082
UNKNOWN	219	T	0.98447388406	C	0.00675048519112	48	80	56	11667	11851	179082
UNKNOWN	220	C	0.990043034343	T	0.00649734199646	39	11733	2	77	11851	179082
UNKNOWN	221	C	0.982955024892	A	0.00810058222935	96	11649	44	62	11851	179082
UNKNOWN	222	A	0.983967597671	C	0.0100413467218	11661	119	68	3	11851	179082
UNKNOWN	223	A	0.985739600034	G	0.0119821112142	11682	21	142	6	11851	179082
UNKNOWN	224	G	0.9810142604	C	0.00945067926757	103	112	11626	10	11851	179082
UNKNOWN	225	A	0.985402075774	G	0.00945067926757	11678	51	112	10	11851	179082
UNKNOWN	226	G	0.945742975276	A	0.0428655809636	508	121	11208	14	11851	179082
UNKNOWN	227	C	0.962534807189	T	0.0270863218294	27	11407	96	321	11851	179082
UNKNOWN	228	C	0.984895789385	G	0.0076786769049	82	11672	91	6	11851	179082
UNKNOWN	229	A	0.991308750316	C	0.0038815289849	11748	46	35	22	11851	179082
UNKNOWN	230	A	0.973841869884	G	0.0226141253903	11541	29	268	13	11851	179082
UNKNOWN	231	G	0.959581469918	A	0.0282676567378	335	70	11372	74	11851	179082
UNKNOWN	232	T	0.990127415408	C	0.00700362838579	15	83	19	11734	11851	179082
UNKNOWN	233	C	0.956543751582	T	0.0209265040925	23	11336	244	248	11851	179082
UNKNOWN	234	T	0.987680364526	C	0.00607543667201	22	72	52	11705	11851	179082
UNKNOWN	235	C	0.989030461564	T	0.00987258459202	10	11721	3	117	11851	179082
UNKNOWN	236	T	0.976120158636	C	0.0149354484854	18	177	88	11568	11851	179082
UNKNOWN	237	C	0.988692937305	T	0.00683486625601	13	11717	40	81	11851	179082
UNKNOWN	238	T	0.993671420133	G	0.00405029111467	7	20	48	11776	11851	179082
UNKNOWN	239	G	0.944646021433	A	0.0402497679521	477	91	11195	88	11851	179082
UNKNOWN	240	T	0.987258459202	C	0.00573791241245	27	68	56	11700	11851	179082
UNKNOWN	241	C	0.982533119568	T	0.0124040165387	45	11644	15	147	11851	179082
UNKNOWN	242	A	0.978229685259	G	0.0150198295502	11593	52	178	28	11851	179082
UNKNOWN	243	G	0.866256012151	C	0.0808370601637	471	958	10266	156	11851	179082
UNKNOWN	244	T	0.989789891148	C	0.00455657750401	15	54	52	11730	11851	179082
UNKNOWN	245	G	0.964391190617	A	0.0231204117796	274	91	11429	57	11851	179082
UNKNOWN	246	A	0.966416336174	G	0.0253143194667	11453	79	300	19	11851	179082
UNKNOWN	247	G	0.882204033415	A	0.0821871572019	974	260	10455	162	11851	179082
UNKNOWN	248	C	0.951649649819	T	0.0354400472534	113	11278	40	420	11851	179082
UNKNOWN	249	A	0.983376930217	G	0.0131634461227	11654	31	156	10	11851	179082
UNKNOWN	250	G	0.960172137372	A	0.0236266981689	280	172	11379	20	11851	179082
UNKNOWN	251	C	0.980170449751	T	0.0137541135769	15	11616	57	163	11851	179082
UNKNOWN	252	G	0.981689308919	A	0.0112226816302	133	24	11634	60	11851	179082
UNKNOWN	253	T	0.971141675808	C	0.0232891739094	14	276	52	11509	11851	179082
UNKNOWN	254	G	0.940511349253	A	0.0312209940089	370	265	11146	70	11851	179082
UNKNOWN	255	A	0.980339211881	G	0.0108007763058	11618	53	128	52	11851	179082
UNKNOWN	256	C	0.98498017045	T	0.00818496329424	67	11673	14	97	11851	179082
UNKNOWN	257	A	0.97325120243	G	0.0146823052907	11534	99	174	44	11851	179082
UNKNOWN	258	C	0.925407138638	A	0.0566196945405	671	10967	96	117	11851	179082
UNKNOWN	259	C	0.979326639102	T	0.0138384946418	15	11606	66	164	11851	179082
UNKNOWN	260	T	0.963631761033	C	0.0224453632605	48	266	117	11420	11851	179082
UNKNOWN	261	G	0.989621129019	A	0.00675048519112	80	12	11728	31	11851	179082
UNKNOWN	262	A	0.986077124293	G	0.0102944899165	11686	25	122	18	11851	179082
UNKNOWN	263	G	0.941355159902	A	0.0325710910472	386	250	11156	59	11851	179082
UNKNOWN	264	G	0.985908362164	A	0.00945067926757	112	21	11684	34	11851	179082
UNKNOWN	265	A	0.986836553877	C	0.0076786769049	11695	91	47	18	11851	179082
UNKNOWN	266	C	0.971563581132	T	0.0140916378365	121	11514	49	167	11851	179082
UNKNOWN	267	A	0.973335583495	G	0.013669732512	11535	49	162	105	11851	179082
UNKNOWN	268	C	0.98860855624	G	0.00590667454223	46	11716	70	19	11851	179082
UNKNOWN	269	G	0.953927938571	A	0.0398278626276	472	42	11305	32	11851	179082
UNKNOWN	270	G	0.987764745591	C	0.00506286389334	46	60	11706	39	11851	179082
UNKNOWN	271	C	0.989283604759	A	0.0069192473209	82	11724	36	9	11851	179082
UNKNOWN	272	C	0.985823981099	A	0.00683486625601	81	11683	28	59	11851	179082
UNKNOWN	273	A	0.987680364526	G	0.00590667454223	11705	48	70	28	11851	179082
UNKNOWN	274	C	0.983461311282	T	0.00759429584001	88	11655	18	90	11851	179082
UNKNOWN	275	A	0.970297865159	G	0.0183106910809	11499	56	217	79	11851	179082
UNKNOWN	276	T	0.986077124293	G	0.0054003881529	59	42	64	11686	11851	179082
UNKNOWN	277	A	0.987005316007	C	0.00742553371024	11697	88	28	38	11851	179082
UNKNOWN	278	C	0.93924563328	T	0.0552695975023	52	11131	13	655	11851	179082
UNKNOWN	279	T	0.976710826091	C	0.00953506033246	71	113	92	11575	11851	179082
UNKNOWN	280	A	0.96928529238	T	0.0133322082525	11487	147	59	158	11851	179082
UNKNOWN	281	C	0.960594042697	T	0.0353556661885	23	11384	25	419	11851	179082
UNKNOWN	282	T	0.984220740866	G	0.0114758248249	31	20	136	11664	11851	179082
