Type	Position	Nucl1	Freq1	Nucl2	Freq2	NumAs	NumCs	NumGs	NumTs	NumAligned	NumNaive
UNKNOWN	0	C	1.0	A	0.0	0	18501	0	0	18501	69605
UNKNOWN	1	A	1.0	C	0.0	18501	0	0	0	18501	69605
UNKNOWN	2	G	1.0	A	0.0	0	0	18501	0	18501	69605
UNKNOWN	3	G	1.0	A	0.0	0	0	18501	0	18501	69605
UNKNOWN	4	T	1.0	A	0.0	0	0	0	18501	18501	69605
UNKNOWN	5	G	1.0	A	0.0	0	0	18501	0	18501	69605
UNKNOWN	6	C	1.0	A	0.0	0	18501	0	0	18501	69605
UNKNOWN	7	A	0.996865034322	G	0.00237824982433	18443	9	44	5	18501	69605
UNKNOWN	8	G	0.991622074482	A	0.00778336306146	144	10	18346	1	18501	69605
UNKNOWN	9	C	0.993784119777	G	0.0031890168099	4	18386	59	52	18501	69605
UNKNOWN	10	T	0.99886492622	C	0.00102697151505	1	19	1	18480	18501	69605
UNKNOWN	11	G	0.992757148262	A	0.00616182909032	114	16	18367	4	18501	69605
UNKNOWN	12	C	0.999351386412	T	0.000540511323712	2	18489	0	10	18501	69605
UNKNOWN	13	G	0.993297659586	A	0.00524295984001	97	25	18377	2	18501	69605
UNKNOWN	14	G	0.93184152208	C	0.0663747905519	21	1228	17240	12	18501	69605
UNKNOWN	15	G	0.998756823955	C	0.00102697151505	2	19	18478	2	18501	69605
UNKNOWN	16	A	0.995027295822	C	0.00248635208908	18409	46	37	9	18501	69605
UNKNOWN	17	G	0.993892222042	A	0.0039457326631	73	36	18388	4	18501	69605
UNKNOWN	18	T	0.997081238852	C	0.00140532944165	6	26	22	18447	18501	69605
UNKNOWN	19	C	0.998648721691	T	0.0011350737798	2	18476	2	21	18501	69605
UNKNOWN	20	G	0.998054159235	A	0.00135127830928	25	7	18465	4	18501	69605
UNKNOWN	21	G	0.998540619426	C	0.000810766985568	7	15	18474	5	18501	69605
UNKNOWN	22	G	0.999351386412	A	0.00043240905897	8	3	18489	1	18501	69605
UNKNOWN	23	C	0.999189233014	T	0.000702664720826	1	18486	1	13	18501	69605
UNKNOWN	24	C	0.999459488676	A	0.000270255661856	5	18491	0	5	18501	69605
UNKNOWN	25	C	0.999513539809	T	0.000378357926599	1	18492	1	7	18501	69605
UNKNOWN	26	C	0.999135181882	A	0.000702664720826	13	18485	0	3	18501	69605
UNKNOWN	27	A	0.995027295822	G	0.00291876114805	18409	37	54	1	18501	69605
UNKNOWN	28	G	0.990000540511	A	0.00632398248743	117	63	18316	5	18501	69605
UNKNOWN	29	C	0.997621750176	T	0.00210799416248	1	18457	4	39	18501	69605
UNKNOWN	30	C	0.998810875088	T	0.00086481811794	1	18479	5	16	18501	69605
UNKNOWN	31	T	0.996162369602	C	0.00205394303011	2	38	31	18430	18501	69605
UNKNOWN	32	G	0.9924868926	A	0.00508080644289	94	34	18362	11	18501	69605
UNKNOWN	33	G	0.99702718772	C	0.00172963623588	12	32	18446	11	18501	69605
UNKNOWN	34	T	0.995838062807	C	0.00248635208908	3	46	28	18424	18501	69605
UNKNOWN	35	G	0.99681098319	A	0.00221609642722	41	9	18442	9	18501	69605
UNKNOWN	36	A	0.995567807146	C	0.00259445435382	18419	48	31	3	18501	69605
UNKNOWN	37	A	0.990865358629	C	0.00513485757527	18332	95	71	3	18501	69605
UNKNOWN	38	G	0.996432625263	C	0.00172963623588	29	32	18435	5	18501	69605
UNKNOWN	39	C	0.989405978055	T	0.00686449381115	57	18305	12	127	18501	69605
UNKNOWN	40	C	0.999567590941	T	0.000324306794227	1	18493	1	6	18501	69605
UNKNOWN	41	C	0.997621750176	G	0.00135127830928	2	18457	25	17	18501	69605
UNKNOWN	42	T	0.996432625263	C	0.00302686341279	3	56	7	18435	18501	69605
UNKNOWN	43	C	0.99908113075	A	0.000648613588455	12	18484	2	3	18501	69605
UNKNOWN	44	A	0.99589211394	G	0.00232419869196	18425	28	43	5	18501	69605
UNKNOWN	45	C	0.997135289984	G	0.00162153397114	15	18448	30	8	18501	69605
UNKNOWN	46	A	0.996432625263	G	0.00183773850062	18435	29	34	3	18501	69605
UNKNOWN	47	G	0.996270471866	A	0.00243230095671	45	21	18432	3	18501	69605
UNKNOWN	48	A	0.995946165072	C	0.00210799416248	18426	39	33	3	18501	69605
UNKNOWN	49	C	0.997783903573	T	0.00145938057402	5	18460	9	27	18501	69605
UNKNOWN	50	C	0.995351602616	A	0.00254040322145	47	18415	5	34	18501	69605
UNKNOWN	51	C	0.998162261499	T	0.00162153397114	1	18467	3	30	18501	69605
UNKNOWN	52	T	0.996162369602	C	0.00324306794227	10	60	1	18430	18501	69605
UNKNOWN	53	C	0.998378466029	T	0.00129722717691	5	18471	1	24	18501	69605
UNKNOWN	54	T	0.994811091292	C	0.00367547700124	11	68	17	18405	18501	69605
UNKNOWN	55	C	0.998432517161	T	0.00118912491217	6	18472	1	22	18501	69605
UNKNOWN	56	C	0.996540727528	T	0.00205394303011	5	18437	21	38	18501	69605
UNKNOWN	57	C	0.997351494514	G	0.00145938057402	1	18452	27	21	18501	69605
UNKNOWN	58	T	0.99681098319	C	0.00270255661856	5	50	4	18442	18501	69605
UNKNOWN	59	C	0.997189341117	A	0.00151343170639	28	18449	7	17	18501	69605
UNKNOWN	60	A	0.996919085455	C	0.00151343170639	18444	28	23	6	18501	69605
UNKNOWN	61	C	0.996865034322	T	0.00183773850062	17	18443	7	34	18501	69605
UNKNOWN	62	C	0.994324631101	T	0.00275660775093	3	18396	51	51	18501	69605
UNKNOWN	63	T	0.997405545646	C	0.00156748283877	2	29	17	18453	18501	69605
UNKNOWN	64	G	0.998594670558	A	0.000648613588455	12	12	18475	2	18501	69605
UNKNOWN	65	C	0.996648829793	T	0.00216204529485	22	18439	0	40	18501	69605
UNKNOWN	66	A	0.993784119777	G	0.00313496567753	18386	45	58	12	18501	69605
UNKNOWN	67	C	0.996054267337	T	0.00270255661856	6	18428	17	50	18501	69605
UNKNOWN	68	G	0.990216745041	A	0.00778336306146	144	26	18320	11	18501	69605
UNKNOWN	69	G	0.662612831739	A	0.331387492568	6131	72	12259	39	18501	69605
UNKNOWN	70	T	0.990703205232	C	0.00854007891465	3	158	11	18329	18501	69605
UNKNOWN	71	C	0.985622398789	T	0.00702664720826	21	18235	115	130	18501	69605
UNKNOWN	72	T	0.996270471866	C	0.00313496567753	5	58	6	18432	18501	69605
UNKNOWN	73	C	0.997567699043	T	0.00189178963299	7	18456	3	35	18501	69605
UNKNOWN	74	T	0.993243608454	C	0.00448624398681	10	83	32	18376	18501	69605
UNKNOWN	75	G	0.997351494514	A	0.00172963623588	32	15	18452	2	18501	69605
UNKNOWN	76	G	0.994919193557	A	0.00313496567753	58	29	18407	7	18501	69605
UNKNOWN	77	A	0.988811415599	C	0.00632398248743	18294	117	52	38	18501	69605
UNKNOWN	78	T	0.995081346954	C	0.00286471001567	12	53	26	18410	18501	69605
UNKNOWN	79	T	0.996216420734	C	0.00264850548619	11	49	10	18431	18501	69605
UNKNOWN	80	C	0.993567915248	T	0.00459434625155	3	18382	31	85	18501	69605
UNKNOWN	81	T	0.994054375439	C	0.0043240905897	6	80	24	18391	18501	69605
UNKNOWN	82	C	0.996919085455	T	0.00205394303011	17	18444	2	38	18501	69605
UNKNOWN	83	A	0.992865250527	G	0.00313496567753	18369	46	58	28	18501	69605
UNKNOWN	84	T	0.994594886763	C	0.00367547700124	14	68	18	18401	18501	69605
UNKNOWN	85	T	0.99681098319	C	0.00167558510351	6	31	22	18442	18501	69605
UNKNOWN	86	G	0.984379222745	A	0.0143235500784	265	16	18212	8	18501	69605
UNKNOWN	87	A	0.988973568996	G	0.00702664720826	18297	67	130	7	18501	69605
UNKNOWN	88	G	0.95486730447	A	0.0311334522458	576	200	17666	59	18501	69605
UNKNOWN	89	C	0.97059618399	T	0.018053078212	105	17957	105	334	18501	69605
UNKNOWN	90	A	0.978541700449	G	0.016593697638	18104	68	307	22	18501	69605
UNKNOWN	91	G	0.868547646073	A	0.086481811794	1600	644	16069	188	18501	69605
UNKNOWN	92	C	0.967190962651	T	0.0224852710664	124	17894	67	416	18501	69605
UNKNOWN	93	T	0.975352683639	A	0.00951299929734	176	151	129	18045	18501	69605
UNKNOWN	94	A	0.972055564564	C	0.0125939138425	17984	233	104	180	18501	69605
UNKNOWN	95	T	0.990703205232	C	0.00562131776661	15	104	53	18329	18501	69605
UNKNOWN	96	G	0.891897735258	A	0.0720501594508	1333	306	16501	361	18501	69605
UNKNOWN	97	C	0.930003783579	G	0.0316199124372	268	17206	585	442	18501	69605
UNKNOWN	98	T	0.9924868926	C	0.00421598832496	14	78	47	18362	18501	69605
UNKNOWN	99	G	0.968488189828	A	0.0276741797741	512	24	17918	47	18501	69605
UNKNOWN	100	T	0.996324522999	C	0.00275660775093	13	51	4	18433	18501	69605
UNKNOWN	101	A	0.971406950976	G	0.0187557429328	17972	109	347	73	18501	69605
UNKNOWN	102	G	0.934381925301	A	0.0479974055456	888	262	17287	64	18501	69605
UNKNOWN	103	G	0.822333927896	A	0.123398735204	2283	653	15214	351	18501	69605
UNKNOWN	104	C	0.984325171612	G	0.00740500513486	37	18211	137	116	18501	69605
UNKNOWN	105	T	0.997513647911	C	0.00118912491217	2	22	22	18455	18501	69605
UNKNOWN	106	G	0.999567590941	A	0.000162153397114	3	2	18493	3	18501	69605
UNKNOWN	107	G	0.999243284147	C	0.000378357926599	2	7	18487	5	18501	69605
UNKNOWN	108	G	0.981190205935	A	0.0151883681963	281	36	18153	31	18501	69605
UNKNOWN	109	T	0.994324631101	C	0.00497270417815	1	92	12	18396	18501	69605
UNKNOWN	110	C	0.99772985244	T	0.00151343170639	3	18459	11	28	18501	69605
UNKNOWN	111	C	0.998054159235	T	0.00102697151505	1	18465	16	19	18501	69605
UNKNOWN	112	G	0.998324414896	C	0.000972920382682	9	18	18470	4	18501	69605
UNKNOWN	113	C	0.997783903573	T	0.00145938057402	8	18460	6	27	18501	69605
UNKNOWN	114	C	0.998324414896	A	0.00124317604454	23	18470	2	6	18501	69605
UNKNOWN	115	A	0.994378682233	G	0.0047024485163	18397	13	87	4	18501	69605
UNKNOWN	116	G	0.99702718772	A	0.00199989189774	37	16	18446	2	18501	69605
UNKNOWN	117	G	0.986433165775	A	0.0108642776066	201	40	18250	10	18501	69605
UNKNOWN	118	C	0.995459704881	T	0.0028106588833	1	18417	31	52	18501	69605
UNKNOWN	119	T	0.993351710718	C	0.00416193719258	2	77	44	18378	18501	69605
UNKNOWN	120	C	0.998973028485	T	0.000486460191341	4	18482	6	9	18501	69605
UNKNOWN	121	C	0.998270363764	G	0.00118912491217	1	18469	22	9	18501	69605
UNKNOWN	122	G	0.988054699746	A	0.0111345332685	206	8	18280	7	18501	69605
UNKNOWN	123	G	0.998054159235	A	0.0011350737798	21	5	18465	10	18501	69605
UNKNOWN	124	G	0.997297443381	A	0.00167558510351	31	10	18451	9	18501	69605
UNKNOWN	125	G	0.98221717745	A	0.0172963623588	320	5	18172	4	18501	69605
UNKNOWN	126	A	0.996702880925	G	0.00189178963299	18440	25	35	1	18501	69605
UNKNOWN	127	A	0.993189557321	G	0.00540511323712	18375	23	100	3	18501	69605
UNKNOWN	128	G	0.998810875088	A	0.00086481811794	16	5	18479	1	18501	69605
UNKNOWN	129	G	0.988162802011	C	0.00621588022269	102	115	18282	2	18501	69605
UNKNOWN	130	C	0.996054267337	T	0.00248635208908	1	18428	26	46	18501	69605
UNKNOWN	131	G	0.985027836333	A	0.0105940219448	196	51	18224	30	18501	69605
UNKNOWN	132	C	0.988433057673	T	0.00891843684125	20	18287	29	165	18501	69605
UNKNOWN	133	T	0.9924868926	C	0.00367547700124	8	68	63	18362	18501	69605
UNKNOWN	134	G	0.970271877196	A	0.0254040322145	470	23	17951	57	18501	69605
UNKNOWN	135	G	0.996973136587	A	0.00205394303011	38	16	18445	2	18501	69605
UNKNOWN	136	A	0.99362196638	G	0.00335117020702	18383	45	62	11	18501	69605
UNKNOWN	137	G	0.969515161343	A	0.0248635208908	460	70	17937	34	18501	69605
UNKNOWN	138	T	0.996324522999	G	0.00205394303011	1	29	38	18433	18501	69605
UNKNOWN	139	G	0.995243500351	A	0.00372952813361	69	1	18413	18	18501	69605
UNKNOWN	140	G	0.988108750878	C	0.00735095400249	11	136	18281	73	18501	69605
UNKNOWN	141	G	0.913518188206	A	0.0686989892438	1271	296	16901	33	18501	69605
UNKNOWN	142	T	0.996432625263	C	0.00210799416248	1	39	26	18435	18501	69605
UNKNOWN	143	T	0.976703961948	C	0.0130263229015	27	241	163	18070	18501	69605
UNKNOWN	144	G	0.994648937895	A	0.00437814172207	81	6	18402	12	18501	69605
UNKNOWN	145	G	0.984487325009	C	0.0134046808281	5	248	18214	34	18501	69605
UNKNOWN	146	T	0.971190746446	G	0.0128641695044	145	150	238	17968	18501	69605
UNKNOWN	147	G	0.847575806713	A	0.126425598616	2339	156	15681	325	18501	69605
UNKNOWN	148	G	0.824279768661	A	0.112480406465	2081	728	15250	442	18501	69605
UNKNOWN	149	T	0.944975947246	G	0.0236743959786	337	243	438	17483	18501	69605
UNKNOWN	150	A	0.936219663802	G	0.0536727744446	17321	57	993	130	18501	69605
UNKNOWN	151	T	0.988270904275	C	0.00599967569321	44	111	62	18284	18501	69605
UNKNOWN	152	A	0.919355710502	G	0.0433490081617	17009	258	802	432	18501	69605
UNKNOWN	153	A	0.902599859467	G	0.0790768066591	16699	212	1463	127	18501	69605
UNKNOWN	154	G	0.839792443652	A	0.102589049241	1898	936	15537	130	18501	69605
UNKNOWN	155	T	0.942867953084	C	0.0303767363926	175	562	320	17444	18501	69605
UNKNOWN	156	A	0.812550672937	G	0.152586346684	15033	477	2823	168	18501	69605
UNKNOWN	157	G	0.852494459759	C	0.0603210637263	1109	1116	15772	504	18501	69605
UNKNOWN	158	T	0.913680341603	A	0.0562672287984	1041	194	362	16904	18501	69605
UNKNOWN	159	G	0.765039727582	A	0.166099129777	3073	826	14154	448	18501	69605
UNKNOWN	160	G	0.819198962218	A	0.103886276417	1922	1137	15156	286	18501	69605
UNKNOWN	161	T	0.969785417004	G	0.0131344251662	172	144	243	17942	18501	69605
UNKNOWN	162	G	0.991459921085	A	0.00805361872331	149	3	18343	6	18501	69605
UNKNOWN	163	G	0.988270904275	A	0.00859413004702	159	37	18284	21	18501	69605
UNKNOWN	164	A	0.964704610562	G	0.0267012593914	17848	89	494	70	18501	69605
UNKNOWN	165	A	0.941786930436	G	0.044267877412	17424	157	819	101	18501	69605
UNKNOWN	166	G	0.802767417977	A	0.103507918491	1915	1164	14852	570	18501	69605
UNKNOWN	167	C	0.901086427761	G	0.0388627641749	485	16671	719	626	18501	69605
UNKNOWN	168	A	0.976271552889	G	0.0123236581806	18062	156	228	55	18501	69605
UNKNOWN	169	C	0.958650883736	T	0.033349548673	92	17736	56	617	18501	69605
UNKNOWN	170	A	0.986811523701	G	0.00599967569321	18257	58	111	75	18501	69605
UNKNOWN	171	T	0.97789308686	G	0.012377709313	90	90	229	18092	18501	69605
UNKNOWN	172	G	0.976541808551	A	0.0159450840495	295	93	18067	46	18501	69605
UNKNOWN	173	C	0.980919950273	T	0.0138911410194	18	18148	78	257	18501	69605
UNKNOWN	174	C	0.972271769094	T	0.0196746121831	81	17988	68	364	18501	69605
UNKNOWN	175	T	0.972704178153	A	0.0119993513864	222	130	153	17996	18501	69605
UNKNOWN	176	T	0.967353116048	C	0.014701908005	166	272	166	17897	18501	69605
UNKNOWN	177	A	0.99043294957	C	0.00486460191341	18324	90	66	21	18501	69605
UNKNOWN	178	A	0.990108642776	G	0.00632398248743	18318	56	117	10	18501	69605
UNKNOWN	179	C	0.871790714015	T	0.116047781201	32	16129	193	2147	18501	69605
UNKNOWN	180	C	0.950381060483	T	0.033781957732	75	17583	218	625	18501	69605
UNKNOWN	181	C	0.988216853143	T	0.00491865304578	82	18283	45	91	18501	69605
UNKNOWN	182	A	0.986054807848	C	0.00772931192908	18243	143	92	23	18501	69605
UNKNOWN	183	G	0.981190205935	A	0.0137289876223	254	60	18153	34	18501	69605
UNKNOWN	184	C	0.983190097833	T	0.01048591968	32	18190	85	194	18501	69605
UNKNOWN	185	C	0.997351494514	T	0.00145938057402	13	18452	9	27	18501	69605
UNKNOWN	186	C	0.995784011675	T	0.00345927247176	2	18423	12	64	18501	69605
UNKNOWN	187	T	0.994216528836	C	0.00243230095671	19	45	43	18394	18501	69605
UNKNOWN	188	G	0.983838711421	A	0.0128641695044	238	27	18202	34	18501	69605
UNKNOWN	189	A	0.980433490082	G	0.00978325495919	18139	171	181	10	18501	69605
UNKNOWN	190	A	0.991838279012	C	0.00405383492784	18350	75	64	12	18501	69605
UNKNOWN	191	A	0.988703313334	C	0.00421598832496	18292	78	75	56	18501	69605
UNKNOWN	192	T	0.989460029188	C	0.00567536889898	32	105	58	18306	18501	69605
UNKNOWN	193	C	0.99567590941	T	0.00221609642722	34	18421	5	41	18501	69605
UNKNOWN	194	C	0.991243716556	T	0.00556726663424	21	18339	38	103	18501	69605
UNKNOWN	195	C	0.996432625263	G	0.00210799416248	7	18435	39	20	18501	69605
UNKNOWN	196	G	0.997459596779	A	0.00178368736825	33	12	18454	2	18501	69605
UNKNOWN	197	G	0.939678936274	A	0.0454570023242	841	145	17385	130	18501	69605
UNKNOWN	198	C	0.985135938598	T	0.00783741419383	45	18226	85	145	18501	69605
UNKNOWN	199	T	0.992757148262	C	0.0043240905897	15	80	39	18367	18501	69605
UNKNOWN	200	C	0.983622506892	T	0.0116209934598	66	18198	22	215	18501	69605
UNKNOWN	201	A	0.990487000703	G	0.00567536889898	18325	69	105	2	18501	69605
UNKNOWN	202	G	0.978217393654	C	0.0145938057402	82	270	18098	51	18501	69605
UNKNOWN	203	C	0.953461975028	T	0.0359980541592	110	17640	85	666	18501	69605
UNKNOWN	204	A	0.988162802011	G	0.00832387438517	18282	26	154	39	18501	69605
UNKNOWN	205	T	0.993676017513	C	0.00416193719258	18	77	22	18384	18501	69605
UNKNOWN	206	C	0.98837900654	T	0.00837792551754	50	18286	10	155	18501	69605
UNKNOWN	207	A	0.99043294957	G	0.00416193719258	18324	61	77	39	18501	69605
UNKNOWN	208	C	0.986162910113	G	0.00572942003135	46	18245	106	104	18501	69605
UNKNOWN	209	C	0.972758229285	T	0.0122696070483	134	17997	143	227	18501	69605
UNKNOWN	210	A	0.992162585806	G	0.0043240905897	18356	60	80	5	18501	69605
UNKNOWN	211	A	0.986595319172	G	0.0107021242095	18253	44	198	6	18501	69605
UNKNOWN	212	G	0.985622398789	A	0.0118371979893	219	39	18235	8	18501	69605
UNKNOWN	213	G	0.990324847306	A	0.00659423814929	122	21	18322	36	18501	69605
UNKNOWN	214	A	0.991730176747	C	0.0043240905897	18348	80	40	33	18501	69605
UNKNOWN	215	C	0.979082211772	T	0.0103237662829	58	18114	138	191	18501	69605
UNKNOWN	216	A	0.987892546349	G	0.00594562456083	18277	74	110	40	18501	69605
UNKNOWN	217	A	0.985946705583	G	0.00913464137074	18241	66	169	25	18501	69605
UNKNOWN	218	C	0.976541808551	T	0.0181071293444	11	18067	88	335	18501	69605
UNKNOWN	219	T	0.987622290687	C	0.00524295984001	55	97	77	18272	18501	69605
UNKNOWN	220	C	0.993135506189	T	0.0035673747365	57	18374	4	66	18501	69605
UNKNOWN	221	C	0.990595102967	T	0.00464839738393	77	18327	11	86	18501	69605
UNKNOWN	222	A	0.988216853143	C	0.00681044267877	18283	126	83	9	18501	69605
UNKNOWN	223	A	0.983460353494	G	0.0122155559159	18195	50	226	30	18501	69605
UNKNOWN	224	G	0.987352035025	A	0.00735095400249	136	68	18267	30	18501	69605
UNKNOWN	225	A	0.987622290687	G	0.00897248797362	18272	48	166	15	18501	69605
UNKNOWN	226	G	0.954164639749	A	0.0342684179234	634	198	17653	16	18501	69605
UNKNOWN	227	C	0.969893519269	T	0.0229176801254	58	17944	75	424	18501	69605
UNKNOWN	228	C	0.992054483541	A	0.00378357926599	70	18354	70	7	18501	69605
UNKNOWN	229	A	0.9924868926	G	0.00302686341279	18362	31	56	52	18501	69605
UNKNOWN	230	A	0.979892978758	G	0.0163234419761	18129	52	302	18	18501	69605
UNKNOWN	231	G	0.954651099941	A	0.0286471001567	530	140	17662	169	18501	69605
UNKNOWN	232	T	0.992811199395	C	0.00502675531052	13	93	27	18368	18501	69605
UNKNOWN	233	C	0.973406842873	T	0.0144857034755	24	18009	200	268	18501	69605
UNKNOWN	234	T	0.98859521107	C	0.00599967569321	27	111	73	18290	18501	69605
UNKNOWN	235	C	0.991459921085	T	0.00724285173774	20	18343	4	134	18501	69605
UNKNOWN	236	T	0.980379438949	C	0.0120534025188	33	223	107	18138	18501	69605
UNKNOWN	237	C	0.993081455056	T	0.0035673747365	23	18373	39	66	18501	69605
UNKNOWN	238	T	0.994054375439	G	0.00297281228042	12	43	55	18391	18501	69605
UNKNOWN	239	G	0.953624128425	A	0.0341603156586	632	144	17643	82	18501	69605
UNKNOWN	240	T	0.987622290687	G	0.00464839738393	67	76	86	18272	18501	69605
UNKNOWN	241	C	0.985838603319	T	0.0111345332685	45	18239	11	206	18501	69605
UNKNOWN	242	A	0.979838927626	G	0.0121615047835	18128	106	225	42	18501	69605
UNKNOWN	243	G	0.918653045781	C	0.0402680936166	634	745	16996	126	18501	69605
UNKNOWN	244	T	0.992865250527	G	0.00324306794227	19	53	60	18369	18501	69605
UNKNOWN	245	G	0.972542024755	A	0.0194043565213	359	75	17993	74	18501	69605
UNKNOWN	246	A	0.982163126317	G	0.0108102264742	18171	111	200	19	18501	69605
UNKNOWN	247	G	0.927571482623	A	0.0513485757527	950	278	17161	112	18501	69605
UNKNOWN	248	C	0.96216420734	T	0.0288092535539	104	17801	63	533	18501	69605
UNKNOWN	249	A	0.987892546349	G	0.00972920382682	18277	40	180	4	18501	69605
UNKNOWN	250	G	0.977244473272	A	0.0118371979893	219	176	18080	26	18501	69605
UNKNOWN	251	C	0.980757796876	T	0.0152424193287	19	18145	55	282	18501	69605
UNKNOWN	252	G	0.987568239555	A	0.0075131073996	139	37	18271	54	18501	69605
UNKNOWN	253	T	0.988324955408	C	0.00708069834063	16	131	69	18285	18501	69605
UNKNOWN	254	G	0.96238041187	A	0.027512026377	509	91	17805	96	18501	69605
UNKNOWN	255	A	0.983514404627	G	0.0114047889303	18196	61	211	33	18501	69605
UNKNOWN	256	C	0.984541376142	T	0.00962110156208	73	18215	35	178	18501	69605
UNKNOWN	257	A	0.972163666829	G	0.0156748283877	17986	134	290	91	18501	69605
UNKNOWN	258	C	0.68223339279	A	0.299227068807	5536	12622	231	112	18501	69605
UNKNOWN	259	C	0.966326144533	T	0.0183773850062	58	17878	225	340	18501	69605
UNKNOWN	260	T	0.961569644884	C	0.0194043565213	126	359	226	17790	18501	69605
UNKNOWN	261	G	0.991243716556	A	0.00599967569321	111	16	18339	35	18501	69605
UNKNOWN	262	A	0.98632506351	G	0.00881033457651	18248	79	163	11	18501	69605
UNKNOWN	263	G	0.94551645857	A	0.0345386735852	639	307	17493	62	18501	69605
UNKNOWN	264	G	0.991946381277	A	0.00497270417815	92	18	18352	39	18501	69605
UNKNOWN	265	A	0.989892438247	C	0.00654018701692	18314	121	54	12	18501	69605
UNKNOWN	266	C	0.97810929139	T	0.0125398627101	116	18096	57	232	18501	69605
UNKNOWN	267	A	0.923625749959	G	0.0678341711259	17088	57	1255	101	18501	69605
UNKNOWN	268	C	0.990811307497	G	0.0035673747365	65	18331	66	39	18501	69605
UNKNOWN	269	G	0.962920923193	A	0.0315658613048	584	49	17815	53	18501	69605
UNKNOWN	270	G	0.991838279012	C	0.00297281228042	50	55	18350	46	18501	69605
UNKNOWN	271	C	0.989405978055	A	0.00589157342846	109	18305	60	27	18501	69605
UNKNOWN	272	C	0.989027620129	A	0.00567536889898	105	18298	40	58	18501	69605
UNKNOWN	273	A	0.990270796173	G	0.00508080644289	18321	57	94	29	18501	69605
UNKNOWN	274	C	0.984217069348	T	0.00697259607589	108	18209	55	129	18501	69605
UNKNOWN	275	A	0.972758229285	G	0.0160531863143	17997	122	297	85	18501	69605
UNKNOWN	276	T	0.987081779363	G	0.00724285173774	71	34	134	18262	18501	69605
UNKNOWN	277	A	0.988919517864	C	0.00621588022269	18296	115	54	36	18501	69605
UNKNOWN	278	C	0.948597373115	T	0.0476730987514	49	17550	20	882	18501	69605
UNKNOWN	279	T	0.979892978758	G	0.00832387438517	78	140	154	18129	18501	69605
UNKNOWN	280	A	0.976595859683	C	0.010053510621	18068	186	92	155	18501	69605
UNKNOWN	281	C	0.970055672666	T	0.0251337765526	53	17947	36	465	18501	69605
UNKNOWN	282	T	0.983081995568	G	0.0116750445922	57	40	216	18188	18501	69605
