Type	Position	Nucl1	Freq1	Nucl2	Freq2	NumAs	NumCs	NumGs	NumTs	NumAligned	NumNaive
UNKNOWN	0	C	1.0	A	0.0	0	345	0	0	345	69605
UNKNOWN	1	A	1.0	C	0.0	345	0	0	0	345	69605
UNKNOWN	2	G	1.0	A	0.0	0	0	345	0	345	69605
UNKNOWN	3	G	1.0	A	0.0	0	0	345	0	345	69605
UNKNOWN	4	T	1.0	A	0.0	0	0	0	345	345	69605
UNKNOWN	5	G	1.0	A	0.0	0	0	345	0	345	69605
UNKNOWN	6	C	1.0	A	0.0	0	345	0	0	345	69605
UNKNOWN	7	A	1.0	C	0.0	345	0	0	0	345	69605
UNKNOWN	8	G	1.0	A	0.0	0	0	345	0	345	69605
UNKNOWN	9	C	0.997101449275	G	0.00289855072464	0	344	1	0	345	69605
UNKNOWN	10	T	1.0	A	0.0	0	0	0	345	345	69605
UNKNOWN	11	G	1.0	A	0.0	0	0	345	0	345	69605
UNKNOWN	12	C	1.0	A	0.0	0	345	0	0	345	69605
UNKNOWN	13	G	0.997101449275	C	0.00289855072464	0	1	344	0	345	69605
UNKNOWN	14	C	0.597101449275	G	0.402898550725	0	206	139	0	345	69605
UNKNOWN	15	G	1.0	A	0.0	0	0	345	0	345	69605
UNKNOWN	16	A	0.997101449275	G	0.00289855072464	344	0	1	0	345	69605
UNKNOWN	17	G	0.994202898551	A	0.00289855072464	1	1	343	0	345	69605
UNKNOWN	18	T	1.0	A	0.0	0	0	0	345	345	69605
UNKNOWN	19	C	0.997101449275	G	0.00289855072464	0	344	1	0	345	69605
UNKNOWN	20	G	1.0	A	0.0	0	0	345	0	345	69605
UNKNOWN	21	G	1.0	A	0.0	0	0	345	0	345	69605
UNKNOWN	22	G	1.0	A	0.0	0	0	345	0	345	69605
UNKNOWN	23	C	1.0	A	0.0	0	345	0	0	345	69605
UNKNOWN	24	C	1.0	A	0.0	0	345	0	0	345	69605
UNKNOWN	25	C	1.0	A	0.0	0	345	0	0	345	69605
UNKNOWN	26	C	1.0	A	0.0	0	345	0	0	345	69605
UNKNOWN	27	A	1.0	C	0.0	345	0	0	0	345	69605
UNKNOWN	28	G	1.0	A	0.0	0	0	345	0	345	69605
UNKNOWN	29	C	1.0	A	0.0	0	345	0	0	345	69605
UNKNOWN	30	C	1.0	A	0.0	0	345	0	0	345	69605
UNKNOWN	31	T	1.0	A	0.0	0	0	0	345	345	69605
UNKNOWN	32	G	1.0	A	0.0	0	0	345	0	345	69605
UNKNOWN	33	G	1.0	A	0.0	0	0	345	0	345	69605
UNKNOWN	34	T	1.0	A	0.0	0	0	0	345	345	69605
UNKNOWN	35	G	1.0	A	0.0	0	0	345	0	345	69605
UNKNOWN	36	A	0.997101449275	C	0.00289855072464	344	1	0	0	345	69605
UNKNOWN	37	A	0.985507246377	C	0.0115942028986	340	4	1	0	345	69605
UNKNOWN	38	G	0.997101449275	C	0.00289855072464	0	1	344	0	345	69605
UNKNOWN	39	C	1.0	A	0.0	0	345	0	0	345	69605
UNKNOWN	40	C	1.0	A	0.0	0	345	0	0	345	69605
UNKNOWN	41	C	1.0	A	0.0	0	345	0	0	345	69605
UNKNOWN	42	T	0.997101449275	C	0.00289855072464	0	1	0	344	345	69605
UNKNOWN	43	C	1.0	A	0.0	0	345	0	0	345	69605
UNKNOWN	44	A	1.0	C	0.0	345	0	0	0	345	69605
UNKNOWN	45	C	1.0	A	0.0	0	345	0	0	345	69605
UNKNOWN	46	A	1.0	C	0.0	345	0	0	0	345	69605
UNKNOWN	47	G	1.0	A	0.0	0	0	345	0	345	69605
UNKNOWN	48	A	1.0	C	0.0	345	0	0	0	345	69605
UNKNOWN	49	C	1.0	A	0.0	0	345	0	0	345	69605
UNKNOWN	50	C	0.997101449275	T	0.00289855072464	0	344	0	1	345	69605
UNKNOWN	51	C	0.997101449275	G	0.00289855072464	0	344	1	0	345	69605
UNKNOWN	52	T	1.0	A	0.0	0	0	0	345	345	69605
UNKNOWN	53	C	1.0	A	0.0	0	345	0	0	345	69605
UNKNOWN	54	T	1.0	A	0.0	0	0	0	345	345	69605
UNKNOWN	55	C	1.0	A	0.0	0	345	0	0	345	69605
UNKNOWN	56	C	1.0	A	0.0	0	345	0	0	345	69605
UNKNOWN	57	C	1.0	A	0.0	0	345	0	0	345	69605
UNKNOWN	58	T	0.997101449275	C	0.00289855072464	0	1	0	344	345	69605
UNKNOWN	59	C	1.0	A	0.0	0	345	0	0	345	69605
UNKNOWN	60	A	1.0	C	0.0	345	0	0	0	345	69605
UNKNOWN	61	C	1.0	A	0.0	0	345	0	0	345	69605
UNKNOWN	62	C	1.0	A	0.0	0	345	0	0	345	69605
UNKNOWN	63	T	1.0	A	0.0	0	0	0	345	345	69605
UNKNOWN	64	G	1.0	A	0.0	0	0	345	0	345	69605
UNKNOWN	65	C	1.0	A	0.0	0	345	0	0	345	69605
UNKNOWN	66	A	0.997101449275	G	0.00289855072464	344	0	1	0	345	69605
UNKNOWN	67	C	1.0	A	0.0	0	345	0	0	345	69605
UNKNOWN	68	G	1.0	A	0.0	0	0	345	0	345	69605
UNKNOWN	69	G	0.889855072464	A	0.104347826087	36	2	307	0	345	69605
UNKNOWN	70	T	0.994202898551	C	0.00289855072464	0	1	1	343	345	69605
UNKNOWN	71	C	0.994202898551	T	0.00579710144928	0	343	0	2	345	69605
UNKNOWN	72	T	1.0	A	0.0	0	0	0	345	345	69605
UNKNOWN	73	C	1.0	A	0.0	0	345	0	0	345	69605
UNKNOWN	74	T	1.0	A	0.0	0	0	0	345	345	69605
UNKNOWN	75	G	1.0	A	0.0	0	0	345	0	345	69605
UNKNOWN	76	G	1.0	A	0.0	0	0	345	0	345	69605
UNKNOWN	77	A	0.997101449275	C	0.00289855072464	344	1	0	0	345	69605
UNKNOWN	78	T	0.997101449275	G	0.00289855072464	0	0	1	344	345	69605
UNKNOWN	79	T	0.997101449275	G	0.00289855072464	0	0	1	344	345	69605
UNKNOWN	80	C	1.0	A	0.0	0	345	0	0	345	69605
UNKNOWN	81	T	1.0	A	0.0	0	0	0	345	345	69605
UNKNOWN	82	C	0.988405797101	T	0.0115942028986	0	341	0	4	345	69605
UNKNOWN	83	A	0.997101449275	G	0.00289855072464	344	0	1	0	345	69605
UNKNOWN	84	T	0.997101449275	C	0.00289855072464	0	1	0	344	345	69605
UNKNOWN	85	T	1.0	A	0.0	0	0	0	345	345	69605
UNKNOWN	86	G	0.994202898551	A	0.00289855072464	1	1	343	0	345	69605
UNKNOWN	87	A	0.988405797101	G	0.00869565217391	341	1	3	0	345	69605
UNKNOWN	88	G	0.971014492754	A	0.0260869565217	9	1	335	0	345	69605
UNKNOWN	89	C	0.936231884058	T	0.0550724637681	2	323	1	19	345	69605
UNKNOWN	90	A	0.991304347826	G	0.00869565217391	342	0	3	0	345	69605
UNKNOWN	91	G	0.944927536232	A	0.0434782608696	15	4	326	0	345	69605
UNKNOWN	92	C	0.991304347826	T	0.00579710144928	0	342	1	2	345	69605
UNKNOWN	93	T	0.979710144928	A	0.00869565217391	3	1	3	338	345	69605
UNKNOWN	94	A	0.994202898551	T	0.00289855072464	343	0	1	1	345	69605
UNKNOWN	95	T	1.0	A	0.0	0	0	0	345	345	69605
UNKNOWN	96	G	0.91884057971	A	0.063768115942	22	1	317	5	345	69605
UNKNOWN	97	G	0.594202898551	C	0.31884057971	9	110	205	21	345	69605
UNKNOWN	98	T	0.997101449275	C	0.00289855072464	0	1	0	344	345	69605
UNKNOWN	99	G	0.982608695652	A	0.0173913043478	6	0	339	0	345	69605
UNKNOWN	100	T	1.0	A	0.0	0	0	0	345	345	69605
UNKNOWN	101	A	0.971014492754	G	0.0202898550725	335	1	7	2	345	69605
UNKNOWN	102	A	0.727536231884	G	0.257971014493	251	5	89	0	345	69605
UNKNOWN	103	G	0.808695652174	A	0.0985507246377	34	27	279	5	345	69605
UNKNOWN	104	C	0.959420289855	T	0.0405797101449	0	331	0	14	345	69605
UNKNOWN	105	T	0.997101449275	C	0.00289855072464	0	1	0	344	345	69605
UNKNOWN	106	G	1.0	A	0.0	0	0	345	0	345	69605
UNKNOWN	107	G	1.0	A	0.0	0	0	345	0	345	69605
UNKNOWN	108	G	0.985507246377	A	0.0115942028986	4	1	340	0	345	69605
UNKNOWN	109	T	1.0	A	0.0	0	0	0	345	345	69605
UNKNOWN	110	C	1.0	A	0.0	0	345	0	0	345	69605
UNKNOWN	111	C	1.0	A	0.0	0	345	0	0	345	69605
UNKNOWN	112	G	1.0	A	0.0	0	0	345	0	345	69605
UNKNOWN	113	C	1.0	A	0.0	0	345	0	0	345	69605
UNKNOWN	114	C	1.0	A	0.0	0	345	0	0	345	69605
UNKNOWN	115	A	1.0	C	0.0	345	0	0	0	345	69605
UNKNOWN	116	G	1.0	A	0.0	0	0	345	0	345	69605
UNKNOWN	117	G	0.997101449275	A	0.00289855072464	1	0	344	0	345	69605
UNKNOWN	118	C	1.0	A	0.0	0	345	0	0	345	69605
UNKNOWN	119	T	1.0	A	0.0	0	0	0	345	345	69605
UNKNOWN	120	C	1.0	A	0.0	0	345	0	0	345	69605
UNKNOWN	121	C	1.0	A	0.0	0	345	0	0	345	69605
UNKNOWN	122	A	0.973913043478	G	0.0260869565217	336	0	9	0	345	69605
UNKNOWN	123	G	1.0	A	0.0	0	0	345	0	345	69605
UNKNOWN	124	G	1.0	A	0.0	0	0	345	0	345	69605
UNKNOWN	125	G	0.997101449275	A	0.00289855072464	1	0	344	0	345	69605
UNKNOWN	126	A	1.0	C	0.0	345	0	0	0	345	69605
UNKNOWN	127	A	1.0	C	0.0	345	0	0	0	345	69605
UNKNOWN	128	G	1.0	A	0.0	0	0	345	0	345	69605
UNKNOWN	129	G	0.979710144928	A	0.0202898550725	7	0	338	0	345	69605
UNKNOWN	130	C	1.0	A	0.0	0	345	0	0	345	69605
UNKNOWN	131	G	0.994202898551	A	0.00579710144928	2	0	343	0	345	69605
UNKNOWN	132	C	1.0	A	0.0	0	345	0	0	345	69605
UNKNOWN	133	T	0.988405797101	C	0.0115942028986	0	4	0	341	345	69605
UNKNOWN	134	G	0.985507246377	A	0.00869565217391	3	0	340	2	345	69605
UNKNOWN	135	G	0.997101449275	C	0.00289855072464	0	1	344	0	345	69605
UNKNOWN	136	A	0.997101449275	G	0.00289855072464	344	0	1	0	345	69605
UNKNOWN	137	G	0.988405797101	A	0.0115942028986	4	0	341	0	345	69605
UNKNOWN	138	T	0.997101449275	G	0.00289855072464	0	0	1	344	345	69605
UNKNOWN	139	G	1.0	A	0.0	0	0	345	0	345	69605
UNKNOWN	140	C	0.689855072464	T	0.217391304348	2	238	30	75	345	69605
UNKNOWN	141	C	0.924637681159	G	0.0666666666667	3	319	23	0	345	69605
UNKNOWN	142	T	1.0	A	0.0	0	0	0	345	345	69605
UNKNOWN	143	C	0.765217391304	T	0.231884057971	0	264	1	80	345	69605
UNKNOWN	144	G	0.997101449275	A	0.00289855072464	1	0	344	0	345	69605
UNKNOWN	145	G	1.0	A	0.0	0	0	345	0	345	69605
UNKNOWN	146	T	0.985507246377	G	0.0115942028986	0	1	4	340	345	69605
UNKNOWN	147	G	0.947826086957	A	0.0521739130435	18	0	327	0	345	69605
UNKNOWN	148	G	0.988405797101	C	0.00579710144928	1	2	341	1	345	69605
UNKNOWN	149	T	0.991304347826	A	0.00289855072464	1	1	1	342	345	69605
UNKNOWN	150	A	0.991304347826	G	0.00579710144928	342	0	2	1	345	69605
UNKNOWN	151	T	1.0	A	0.0	0	0	0	345	345	69605
UNKNOWN	152	A	0.988405797101	C	0.00869565217391	341	3	0	1	345	69605
UNKNOWN	153	A	0.95652173913	G	0.0376811594203	330	2	13	0	345	69605
UNKNOWN	154	G	0.904347826087	A	0.0724637681159	25	7	312	1	345	69605
UNKNOWN	155	T	0.513043478261	C	0.446376811594	5	154	9	177	345	69605
UNKNOWN	156	A	0.901449275362	G	0.0869565217391	311	4	30	0	345	69605
UNKNOWN	157	G	0.950724637681	A	0.0289855072464	10	2	328	5	345	69605
UNKNOWN	158	T	0.985507246377	A	0.00869565217391	3	0	2	340	345	69605
UNKNOWN	159	G	0.913043478261	A	0.0695652173913	24	5	315	1	345	69605
UNKNOWN	160	G	0.953623188406	A	0.0289855072464	10	5	329	1	345	69605
UNKNOWN	161	T	0.994202898551	C	0.00579710144928	0	2	0	343	345	69605
UNKNOWN	162	G	1.0	A	0.0	0	0	345	0	345	69605
UNKNOWN	163	G	1.0	A	0.0	0	0	345	0	345	69605
UNKNOWN	164	A	0.892753623188	G	0.101449275362	308	0	35	2	345	69605
UNKNOWN	165	A	0.959420289855	G	0.031884057971	331	2	11	1	345	69605
UNKNOWN	166	G	0.701449275362	A	0.214492753623	74	16	242	13	345	69605
UNKNOWN	167	C	0.965217391304	T	0.0173913043478	3	333	3	6	345	69605
UNKNOWN	168	A	0.994202898551	C	0.00289855072464	343	1	1	0	345	69605
UNKNOWN	169	C	0.991304347826	T	0.00869565217391	0	342	0	3	345	69605
UNKNOWN	170	A	0.997101449275	G	0.00289855072464	344	0	1	0	345	69605
UNKNOWN	171	G	0.959420289855	T	0.0289855072464	4	0	331	10	345	69605
UNKNOWN	172	G	0.866666666667	A	0.0811594202899	28	8	299	10	345	69605
UNKNOWN	173	C	0.991304347826	T	0.00579710144928	0	342	1	2	345	69605
UNKNOWN	174	T	0.991304347826	C	0.00579710144928	1	2	0	342	345	69605
UNKNOWN	175	A	0.994202898551	C	0.00289855072464	343	1	0	1	345	69605
UNKNOWN	176	T	0.991304347826	C	0.00869565217391	0	3	0	342	345	69605
UNKNOWN	177	A	0.991304347826	C	0.00579710144928	342	2	1	0	345	69605
UNKNOWN	178	A	0.997101449275	G	0.00289855072464	344	0	1	0	345	69605
UNKNOWN	179	C	0.976811594203	T	0.0231884057971	0	337	0	8	345	69605
UNKNOWN	180	C	0.965217391304	G	0.0260869565217	1	333	9	2	345	69605
UNKNOWN	181	C	1.0	A	0.0	0	345	0	0	345	69605
UNKNOWN	182	A	0.997101449275	C	0.00289855072464	344	1	0	0	345	69605
UNKNOWN	183	G	0.991304347826	A	0.00869565217391	3	0	342	0	345	69605
UNKNOWN	184	C	0.997101449275	T	0.00289855072464	0	344	0	1	345	69605
UNKNOWN	185	C	0.997101449275	A	0.00289855072464	1	344	0	0	345	69605
UNKNOWN	186	C	1.0	A	0.0	0	345	0	0	345	69605
UNKNOWN	187	T	1.0	A	0.0	0	0	0	345	345	69605
UNKNOWN	188	G	0.997101449275	A	0.00289855072464	1	0	344	0	345	69605
UNKNOWN	189	A	1.0	C	0.0	345	0	0	0	345	69605
UNKNOWN	190	A	1.0	C	0.0	345	0	0	0	345	69605
UNKNOWN	191	A	0.997101449275	G	0.00289855072464	344	0	1	0	345	69605
UNKNOWN	192	T	0.997101449275	G	0.00289855072464	0	0	1	344	345	69605
UNKNOWN	193	C	0.994202898551	A	0.00579710144928	2	343	0	0	345	69605
UNKNOWN	194	C	0.994202898551	T	0.00289855072464	0	343	1	1	345	69605
UNKNOWN	195	C	0.997101449275	G	0.00289855072464	0	344	1	0	345	69605
UNKNOWN	196	G	1.0	A	0.0	0	0	345	0	345	69605
UNKNOWN	197	G	0.994202898551	A	0.00579710144928	2	0	343	0	345	69605
UNKNOWN	198	C	1.0	A	0.0	0	345	0	0	345	69605
UNKNOWN	199	T	1.0	A	0.0	0	0	0	345	345	69605
UNKNOWN	200	C	1.0	A	0.0	0	345	0	0	345	69605
UNKNOWN	201	A	1.0	C	0.0	345	0	0	0	345	69605
UNKNOWN	202	G	0.933333333333	C	0.0579710144928	0	20	322	3	345	69605
UNKNOWN	203	C	0.907246376812	T	0.0840579710145	0	313	3	29	345	69605
UNKNOWN	204	A	0.991304347826	G	0.00869565217391	342	0	3	0	345	69605
UNKNOWN	205	T	1.0	A	0.0	0	0	0	345	345	69605
UNKNOWN	206	C	0.997101449275	T	0.00289855072464	0	344	0	1	345	69605
UNKNOWN	207	A	0.997101449275	G	0.00289855072464	344	0	1	0	345	69605
UNKNOWN	208	C	0.997101449275	T	0.00289855072464	0	344	0	1	345	69605
UNKNOWN	209	C	0.976811594203	G	0.0115942028986	1	337	4	3	345	69605
UNKNOWN	210	A	0.997101449275	G	0.00289855072464	344	0	1	0	345	69605
UNKNOWN	211	A	0.997101449275	G	0.00289855072464	344	0	1	0	345	69605
UNKNOWN	212	G	1.0	A	0.0	0	0	345	0	345	69605
UNKNOWN	213	G	1.0	A	0.0	0	0	345	0	345	69605
UNKNOWN	214	A	1.0	C	0.0	345	0	0	0	345	69605
UNKNOWN	215	C	0.997101449275	T	0.00289855072464	0	344	0	1	345	69605
UNKNOWN	216	A	0.988405797101	G	0.0115942028986	341	0	4	0	345	69605
UNKNOWN	217	A	0.994202898551	G	0.00579710144928	343	0	2	0	345	69605
UNKNOWN	218	C	0.971014492754	T	0.0202898550725	0	335	3	7	345	69605
UNKNOWN	219	T	1.0	A	0.0	0	0	0	345	345	69605
UNKNOWN	220	C	0.997101449275	A	0.00289855072464	1	344	0	0	345	69605
UNKNOWN	221	C	0.991304347826	T	0.00579710144928	1	342	0	2	345	69605
UNKNOWN	222	A	0.994202898551	C	0.00289855072464	343	1	1	0	345	69605
UNKNOWN	223	A	0.994202898551	G	0.00579710144928	343	0	2	0	345	69605
UNKNOWN	224	G	0.991304347826	C	0.00579710144928	0	2	342	1	345	69605
UNKNOWN	225	A	0.997101449275	G	0.00289855072464	344	0	1	0	345	69605
UNKNOWN	226	G	0.968115942029	A	0.031884057971	11	0	334	0	345	69605
UNKNOWN	227	C	0.982608695652	T	0.0115942028986	0	339	2	4	345	69605
UNKNOWN	228	C	1.0	A	0.0	0	345	0	0	345	69605
UNKNOWN	229	A	0.994202898551	G	0.00579710144928	343	0	2	0	345	69605
UNKNOWN	230	A	0.991304347826	G	0.00869565217391	342	0	3	0	345	69605
UNKNOWN	231	G	0.991304347826	T	0.00869565217391	0	0	342	3	345	69605
UNKNOWN	232	T	0.994202898551	C	0.00579710144928	0	2	0	343	345	69605
UNKNOWN	233	C	0.991304347826	A	0.00289855072464	1	342	1	1	345	69605
UNKNOWN	234	T	1.0	A	0.0	0	0	0	345	345	69605
UNKNOWN	235	C	0.988405797101	T	0.0115942028986	0	341	0	4	345	69605
UNKNOWN	236	T	0.994202898551	C	0.00579710144928	0	2	0	343	345	69605
UNKNOWN	237	C	0.997101449275	G	0.00289855072464	0	344	1	0	345	69605
UNKNOWN	238	T	1.0	A	0.0	0	0	0	345	345	69605
UNKNOWN	239	G	0.898550724638	A	0.0927536231884	32	0	310	3	345	69605
UNKNOWN	240	T	0.997101449275	C	0.00289855072464	0	1	0	344	345	69605
UNKNOWN	241	C	0.991304347826	T	0.00869565217391	0	342	0	3	345	69605
UNKNOWN	242	A	0.997101449275	G	0.00289855072464	344	0	1	0	345	69605
UNKNOWN	243	G	0.666666666667	C	0.272463768116	15	94	230	6	345	69605
UNKNOWN	244	T	0.997101449275	G	0.00289855072464	0	0	1	344	345	69605
UNKNOWN	245	G	0.988405797101	A	0.00869565217391	3	0	341	1	345	69605
UNKNOWN	246	A	0.994202898551	C	0.00579710144928	343	2	0	0	345	69605
UNKNOWN	247	G	0.985507246377	A	0.00869565217391	3	2	340	0	345	69605
UNKNOWN	248	C	0.988405797101	T	0.0115942028986	0	341	0	4	345	69605
UNKNOWN	249	A	1.0	C	0.0	345	0	0	0	345	69605
UNKNOWN	250	G	1.0	A	0.0	0	0	345	0	345	69605
UNKNOWN	251	C	0.994202898551	A	0.00289855072464	1	343	0	1	345	69605
UNKNOWN	252	G	1.0	A	0.0	0	0	345	0	345	69605
UNKNOWN	253	T	1.0	A	0.0	0	0	0	345	345	69605
UNKNOWN	254	G	0.991304347826	A	0.00579710144928	2	1	342	0	345	69605
UNKNOWN	255	A	0.994202898551	T	0.00289855072464	343	0	1	1	345	69605
UNKNOWN	256	C	0.997101449275	T	0.00289855072464	0	344	0	1	345	69605
UNKNOWN	257	A	0.971014492754	G	0.0289855072464	335	0	10	0	345	69605
UNKNOWN	258	C	0.724637681159	A	0.260869565217	90	250	4	1	345	69605
UNKNOWN	259	C	0.979710144928	T	0.0144927536232	0	338	2	5	345	69605
UNKNOWN	260	T	0.994202898551	A	0.00289855072464	1	1	0	343	345	69605
UNKNOWN	261	G	1.0	A	0.0	0	0	345	0	345	69605
UNKNOWN	262	A	0.994202898551	T	0.00289855072464	343	0	1	1	345	69605
UNKNOWN	263	G	0.991304347826	A	0.00869565217391	3	0	342	0	345	69605
UNKNOWN	264	G	1.0	A	0.0	0	0	345	0	345	69605
UNKNOWN	265	A	1.0	C	0.0	345	0	0	0	345	69605
UNKNOWN	266	C	0.994202898551	T	0.00289855072464	0	343	1	1	345	69605
UNKNOWN	267	A	0.985507246377	G	0.0115942028986	340	0	4	1	345	69605
UNKNOWN	268	C	1.0	A	0.0	0	345	0	0	345	69605
UNKNOWN	269	G	0.968115942029	A	0.031884057971	11	0	334	0	345	69605
UNKNOWN	270	G	1.0	A	0.0	0	0	345	0	345	69605
UNKNOWN	271	C	0.988405797101	G	0.00579710144928	1	341	2	1	345	69605
UNKNOWN	272	C	0.994202898551	T	0.00579710144928	0	343	0	2	345	69605
UNKNOWN	273	A	0.991304347826	T	0.00579710144928	342	0	1	2	345	69605
UNKNOWN	274	C	1.0	A	0.0	0	345	0	0	345	69605
UNKNOWN	275	A	0.994202898551	G	0.00579710144928	343	0	2	0	345	69605
UNKNOWN	276	T	1.0	A	0.0	0	0	0	345	345	69605
UNKNOWN	277	A	1.0	C	0.0	345	0	0	0	345	69605
UNKNOWN	278	C	0.968115942029	T	0.0289855072464	1	334	0	10	345	69605
UNKNOWN	279	T	0.994202898551	G	0.00579710144928	0	0	2	343	345	69605
UNKNOWN	280	A	0.994202898551	T	0.00289855072464	343	0	1	1	345	69605
UNKNOWN	281	C	0.994202898551	T	0.00579710144928	0	343	0	2	345	69605
UNKNOWN	282	T	0.997101449275	G	0.00289855072464	0	0	1	344	345	69605
