Type	Position	Nucl1	Freq1	Nucl2	Freq2	NumAs	NumCs	NumGs	NumTs	NumAligned	NumNaive
UNKNOWN	0	C	1.0	A	0.0	0	18792	0	0	18792	68930
UNKNOWN	1	A	1.0	C	0.0	18792	0	0	0	18792	68930
UNKNOWN	2	G	1.0	A	0.0	0	0	18792	0	18792	68930
UNKNOWN	3	G	1.0	A	0.0	0	0	18792	0	18792	68930
UNKNOWN	4	T	1.0	A	0.0	0	0	0	18792	18792	68930
UNKNOWN	5	G	1.0	A	0.0	0	0	18792	0	18792	68930
UNKNOWN	6	C	1.0	A	0.0	0	18792	0	0	18792	68930
UNKNOWN	7	A	0.998084291188	G	0.00133035334185	18756	2	25	9	18792	68930
UNKNOWN	8	G	0.99058109834	A	0.00782247765006	147	24	18615	6	18792	68930
UNKNOWN	9	C	0.996434653044	T	0.00228820774798	15	18725	9	43	18792	68930
UNKNOWN	10	T	0.99941464453	C	0.000532141336739	0	10	1	18781	18792	68930
UNKNOWN	11	G	0.997286079183	A	0.00234142188165	44	1	18741	6	18792	68930
UNKNOWN	12	C	0.998456790123	T	0.0014367816092	0	18763	2	27	18792	68930
UNKNOWN	13	G	0.999201787995	A	0.000691783737761	13	2	18777	0	18792	68930
UNKNOWN	14	G	0.986270753512	C	0.0112281822052	44	211	18534	3	18792	68930
UNKNOWN	15	G	0.99941464453	A	0.000212856534696	4	3	18781	4	18792	68930
UNKNOWN	16	A	0.998616432524	G	0.000904640272456	18766	4	17	5	18792	68930
UNKNOWN	17	G	0.996594295445	A	0.00297999148574	56	8	18728	0	18792	68930
UNKNOWN	18	T	0.998563218391	C	0.00095785440613	3	18	6	18765	18792	68930
UNKNOWN	19	C	0.998616432524	T	0.0010110685398	1	18766	6	19	18792	68930
UNKNOWN	20	G	0.970253299276	A	0.029533844189	555	1	18233	3	18792	68930
UNKNOWN	21	G	0.999361430396	C	0.000319284802043	3	6	18780	3	18792	68930
UNKNOWN	22	G	0.999574286931	A	0.000319284802043	6	2	18784	0	18792	68930
UNKNOWN	23	C	0.99898893146	T	0.000691783737761	0	18773	6	13	18792	68930
UNKNOWN	24	C	0.999893571733	T	0.000106428267348	0	18790	0	2	18792	68930
UNKNOWN	25	C	0.999255002129	T	0.000585355470413	3	18778	0	11	18792	68930
UNKNOWN	26	C	0.998137505321	T	0.00127713920817	10	18757	1	24	18792	68930
UNKNOWN	27	A	0.997445721584	G	0.00148999574287	18744	19	28	1	18792	68930
UNKNOWN	28	G	0.988239676458	A	0.00824819071946	155	56	18571	10	18792	68930
UNKNOWN	29	C	0.996487867178	T	0.00276713495104	8	18726	6	52	18792	68930
UNKNOWN	30	C	0.998882503193	T	0.000744997871435	2	18771	5	14	18792	68930
UNKNOWN	31	T	0.997445721584	C	0.00159642401022	3	30	15	18744	18792	68930
UNKNOWN	32	G	0.990474670072	A	0.00867390378885	163	9	18613	7	18792	68930
UNKNOWN	33	G	0.997445721584	A	0.0014367816092	27	12	18744	9	18792	68930
UNKNOWN	34	T	0.998084291188	C	0.0010110685398	2	19	15	18756	18792	68930
UNKNOWN	35	G	0.988186462324	A	0.0106960408685	201	17	18570	4	18792	68930
UNKNOWN	36	A	0.99797786292	C	0.00095785440613	18754	18	11	9	18792	68930
UNKNOWN	37	A	0.995636441039	G	0.00351213282248	18710	13	66	3	18792	68930
UNKNOWN	38	G	0.996753937846	A	0.0026607066837	50	10	18731	1	18792	68930
UNKNOWN	39	C	0.995902511707	T	0.00292677735206	2	18715	20	55	18792	68930
UNKNOWN	40	C	0.999840357599	T	0.000159642401022	0	18789	0	3	18792	68930
UNKNOWN	41	C	0.997605363985	G	0.00138356747552	0	18747	26	19	18792	68930
UNKNOWN	42	T	0.996434653044	C	0.00313963388676	5	59	3	18725	18792	68930
UNKNOWN	43	C	0.998510004257	T	0.00095785440613	9	18764	1	18	18792	68930
UNKNOWN	44	A	0.996115368242	G	0.00180928054491	18719	29	34	10	18792	68930
UNKNOWN	45	C	0.997605363985	G	0.00159642401022	13	18747	30	2	18792	68930
UNKNOWN	46	A	0.996541081311	C	0.00196892294593	18727	37	23	5	18792	68930
UNKNOWN	47	G	0.994678586633	A	0.00494891443167	93	7	18692	0	18792	68930
UNKNOWN	48	A	0.995636441039	C	0.00212856534696	18710	40	30	12	18792	68930
UNKNOWN	49	C	0.99680715198	T	0.00175606641124	4	18732	23	33	18792	68930
UNKNOWN	50	C	0.996860366113	T	0.00186249467859	16	18733	8	35	18792	68930
UNKNOWN	51	C	0.999042145594	T	0.000851426138782	1	18774	1	16	18792	68930
UNKNOWN	52	T	0.996434653044	C	0.00324606215411	4	61	2	18725	18792	68930
UNKNOWN	53	C	0.998031077054	T	0.0012239250745	1	18755	13	23	18792	68930
UNKNOWN	54	T	0.996753937846	C	0.00271392081737	5	51	5	18731	18792	68930
UNKNOWN	55	C	0.998510004257	T	0.00133035334185	1	18764	2	25	18792	68930
UNKNOWN	56	C	0.996647509579	T	0.00212856534696	5	18729	18	40	18792	68930
UNKNOWN	57	C	0.99739250745	G	0.00154320987654	5	18743	29	15	18792	68930
UNKNOWN	58	T	0.997286079183	C	0.00228820774798	3	43	5	18741	18792	68930
UNKNOWN	59	C	0.998243933589	T	0.000798212005109	14	18759	4	15	18792	68930
UNKNOWN	60	A	0.991326096211	C	0.00622605363985	18629	117	38	8	18792	68930
UNKNOWN	61	C	0.994040017029	T	0.00409748829289	6	18680	29	77	18792	68930
UNKNOWN	62	C	0.994731800766	T	0.00308641975309	3	18693	38	58	18792	68930
UNKNOWN	63	T	0.996913580247	C	0.00218177948063	3	41	14	18734	18792	68930
UNKNOWN	64	G	0.99840357599	A	0.000798212005109	15	13	18762	2	18792	68930
UNKNOWN	65	C	0.996221796509	T	0.00324606215411	10	18721	0	61	18792	68930
UNKNOWN	66	A	0.990368241805	C	0.00462962962963	18611	87	78	16	18792	68930
UNKNOWN	67	C	0.993720732226	T	0.00361856108983	18	18674	32	68	18792	68930
UNKNOWN	68	G	0.991964665815	A	0.00686462324393	129	10	18641	12	18792	68930
UNKNOWN	69	G	0.975042571307	A	0.0227224350788	427	22	18323	20	18792	68930
UNKNOWN	70	T	0.990687526607	C	0.00851426138782	3	160	12	18617	18792	68930
UNKNOWN	71	C	0.976692209451	G	0.0135696040868	5	18354	255	178	18792	68930
UNKNOWN	72	T	0.996860366113	C	0.0026607066837	2	50	7	18733	18792	68930
UNKNOWN	73	C	0.998297147722	T	0.00138356747552	3	18760	3	26	18792	68930
UNKNOWN	74	T	0.994518944232	C	0.00329927628778	5	62	36	18689	18792	68930
UNKNOWN	75	G	0.99797786292	A	0.00138356747552	26	10	18754	2	18792	68930
UNKNOWN	76	G	0.995476798638	A	0.00372498935717	70	8	18707	7	18792	68930
UNKNOWN	77	A	0.993454661558	C	0.00276713495104	18669	52	37	34	18792	68930
UNKNOWN	78	T	0.993401447424	C	0.00335249042146	14	63	47	18668	18792	68930
UNKNOWN	79	T	0.994678586633	C	0.00361856108983	22	68	10	18692	18792	68930
UNKNOWN	80	C	0.989836100468	T	0.00782247765006	6	18601	38	147	18792	68930
UNKNOWN	81	T	0.994678586633	C	0.00399106002554	7	75	18	18692	18792	68930
UNKNOWN	82	C	0.994997871435	T	0.0036717752235	22	18698	3	69	18792	68930
UNKNOWN	83	A	0.990740740741	C	0.00372498935717	18618	70	69	35	18792	68930
UNKNOWN	84	T	0.991060025543	C	0.00718390804598	11	135	22	18624	18792	68930
UNKNOWN	85	T	0.998084291188	C	0.00095785440613	6	18	12	18756	18792	68930
UNKNOWN	86	G	0.984195402299	A	0.0139953171562	263	12	18495	22	18792	68930
UNKNOWN	87	A	0.988665389527	G	0.00803533418476	18579	51	151	11	18792	68930
UNKNOWN	88	G	0.926191996594	A	0.05156449553	969	341	17405	77	18792	68930
UNKNOWN	89	C	0.940293742018	T	0.0417198808003	165	17670	173	784	18792	68930
UNKNOWN	90	A	0.982971477224	G	0.0123456790123	18472	69	232	19	18792	68930
UNKNOWN	91	G	0.798318433376	A	0.133567475521	2510	997	15002	283	18792	68930
UNKNOWN	92	C	0.95423584504	T	0.0330991911452	94	17932	144	622	18792	68930
UNKNOWN	93	T	0.972860791826	A	0.0143146019583	269	107	134	18282	18792	68930
UNKNOWN	94	A	0.971370796083	G	0.0119731800766	18254	169	225	144	18792	68930
UNKNOWN	95	T	0.983131119625	G	0.0102171136654	26	99	192	18475	18792	68930
UNKNOWN	96	G	0.899212430822	A	0.0710408684547	1335	268	16898	291	18792	68930
UNKNOWN	97	G	0.66554916986	C	0.181087696892	2606	3403	12507	276	18792	68930
UNKNOWN	98	T	0.986643252448	A	0.00494891443167	93	92	66	18541	18792	68930
UNKNOWN	99	G	0.962750106428	A	0.0335781183482	631	12	18092	57	18792	68930
UNKNOWN	100	T	0.997126436782	C	0.00175606641124	15	33	6	18738	18792	68930
UNKNOWN	101	A	0.975095785441	G	0.019423158791	18324	69	365	34	18792	68930
UNKNOWN	102	G	0.920125585355	A	0.0639101745424	1201	160	17291	140	18792	68930
UNKNOWN	103	G	0.808961260111	A	0.133939974457	2517	668	15202	405	18792	68930
UNKNOWN	104	C	0.97972541507	T	0.0113346104725	74	18411	94	213	18792	68930
UNKNOWN	105	T	0.997126436782	G	0.00175606641124	0	21	33	18738	18792	68930
UNKNOWN	106	G	0.998829289059	A	0.000585355470413	11	4	18770	7	18792	68930
UNKNOWN	107	G	0.999201787995	T	0.000372498935717	5	3	18777	7	18792	68930
UNKNOWN	108	G	0.975627926777	A	0.0185717326522	349	63	18334	46	18792	68930
UNKNOWN	109	T	0.995583226905	C	0.00372498935717	6	70	7	18709	18792	68930
UNKNOWN	110	C	0.996275010643	T	0.00175606641124	22	18722	15	33	18792	68930
UNKNOWN	111	C	0.998510004257	G	0.00095785440613	1	18764	18	9	18792	68930
UNKNOWN	112	G	0.998297147722	C	0.00127713920817	6	24	18760	2	18792	68930
UNKNOWN	113	C	0.997765006386	T	0.0014367816092	12	18750	3	27	18792	68930
UNKNOWN	114	C	0.998350361856	A	0.00106428267348	20	18761	6	5	18792	68930
UNKNOWN	115	A	0.994093231162	G	0.00415070242656	18681	26	78	7	18792	68930
UNKNOWN	116	G	0.997126436782	A	0.00202213707961	38	12	18738	4	18792	68930
UNKNOWN	117	G	0.986696466582	A	0.0108024691358	203	30	18542	17	18792	68930
UNKNOWN	118	C	0.994838229034	T	0.0026607066837	11	18695	36	50	18792	68930
UNKNOWN	119	T	0.992922520221	C	0.00633248190719	3	119	11	18659	18792	68930
UNKNOWN	120	C	0.997445721584	T	0.00138356747552	17	18744	5	26	18792	68930
UNKNOWN	121	C	0.997871434653	A	0.00138356747552	26	18752	8	6	18792	68930
UNKNOWN	122	A	0.988292890592	G	0.00989782886335	18572	29	186	5	18792	68930
UNKNOWN	123	G	0.998456790123	A	0.00127713920817	24	0	18763	5	18792	68930
UNKNOWN	124	G	0.998243933589	A	0.00154320987654	29	2	18759	2	18792	68930
UNKNOWN	125	G	0.986536824181	A	0.0127181779481	239	6	18539	8	18792	68930
UNKNOWN	126	A	0.996647509579	G	0.00186249467859	18729	26	35	2	18792	68930
UNKNOWN	127	A	0.991964665815	G	0.00691783737761	18641	17	130	4	18792	68930
UNKNOWN	128	G	0.99797786292	A	0.00133035334185	25	9	18754	4	18792	68930
UNKNOWN	129	G	0.984195402299	A	0.0105896126011	199	96	18495	2	18792	68930
UNKNOWN	130	C	0.996221796509	G	0.00191570881226	7	18721	36	28	18792	68930
UNKNOWN	131	G	0.967060451256	A	0.0271392081737	510	74	18173	35	18792	68930
UNKNOWN	132	C	0.984567901235	T	0.00798212005109	57	18502	83	150	18792	68930
UNKNOWN	133	T	0.992283950617	C	0.00473605789698	6	89	50	18647	18792	68930
UNKNOWN	134	G	0.96711366539	A	0.0252234993614	474	31	18174	113	18792	68930
UNKNOWN	135	G	0.996647509579	A	0.00186249467859	35	22	18729	6	18792	68930
UNKNOWN	136	A	0.994093231162	G	0.00393784589187	18681	24	74	13	18792	68930
UNKNOWN	137	G	0.908205619413	A	0.0841847594721	1582	94	17067	49	18792	68930
UNKNOWN	138	T	0.994146445296	G	0.00276713495104	11	47	52	18682	18792	68930
UNKNOWN	139	G	0.920232013623	A	0.0618348233291	1162	129	17293	208	18792	68930
UNKNOWN	140	T	0.955885483184	G	0.0302788420605	46	214	569	17963	18792	68930
UNKNOWN	141	C	0.970679012346	G	0.022190293742	87	18241	417	47	18792	68930
UNKNOWN	142	T	0.997605363985	C	0.00117071094083	2	22	21	18747	18792	68930
UNKNOWN	143	T	0.977383993189	G	0.0137292464879	24	143	258	18367	18792	68930
UNKNOWN	144	G	0.991538952746	A	0.00665176670924	125	2	18633	32	18792	68930
UNKNOWN	145	G	0.993135376756	C	0.00505534269902	6	95	18663	28	18792	68930
UNKNOWN	146	T	0.982652192422	C	0.00872711792252	44	164	118	18466	18792	68930
UNKNOWN	147	G	0.844774372073	A	0.141815666241	2665	90	15875	162	18792	68930
UNKNOWN	148	G	0.930289484887	A	0.0321945508727	605	428	17482	277	18792	68930
UNKNOWN	149	T	0.967007237122	C	0.0129842486164	151	244	225	18172	18792	68930
UNKNOWN	150	A	0.948808003406	G	0.0468816517667	17830	20	881	61	18792	68930
UNKNOWN	151	T	0.992709663687	A	0.00276713495104	52	46	39	18655	18792	68930
UNKNOWN	152	A	0.931832694764	T	0.0332588335462	17511	204	452	625	18792	68930
UNKNOWN	153	A	0.917943805875	G	0.07343550447	17250	110	1380	52	18792	68930
UNKNOWN	154	G	0.847754363559	A	0.0959982971477	1804	948	15931	109	18792	68930
UNKNOWN	155	T	0.966368667518	C	0.019742443593	126	371	135	18160	18792	68930
UNKNOWN	156	A	0.80779054917	G	0.160547041294	15180	340	3017	255	18792	68930
UNKNOWN	157	G	0.825989782886	A	0.0887079608344	1667	1103	15522	500	18792	68930
UNKNOWN	158	T	0.959184759472	G	0.0196360153257	140	258	369	18025	18792	68930
UNKNOWN	159	G	0.710355470413	A	0.226053639847	4248	816	13349	379	18792	68930
UNKNOWN	160	G	0.826149425287	A	0.0999893571733	1879	1007	15525	381	18792	68930
UNKNOWN	161	T	0.97190293742	G	0.0126649638144	104	186	238	18264	18792	68930
UNKNOWN	162	G	0.988931460196	A	0.009791400596	184	12	18584	12	18792	68930
UNKNOWN	163	G	0.983982545764	A	0.0126117496807	237	34	18491	30	18792	68930
UNKNOWN	164	A	0.96450617284	G	0.0244252873563	18125	116	459	92	18792	68930
UNKNOWN	165	A	0.911292039166	G	0.0668369518944	17125	172	1256	239	18792	68930
UNKNOWN	166	G	0.57763942103	A	0.249467858663	4688	1906	10855	1343	18792	68930
UNKNOWN	167	C	0.851958280119	T	0.0637505321413	975	16010	609	1198	18792	68930
UNKNOWN	168	A	0.964240102171	G	0.0259684972329	18120	131	488	53	18792	68930
UNKNOWN	169	C	0.947158365262	T	0.0373563218391	129	17799	162	702	18792	68930
UNKNOWN	170	A	0.977383993189	G	0.0151128139634	18367	76	284	65	18792	68930
UNKNOWN	171	G	0.909855257556	A	0.0434759472116	817	320	17098	557	18792	68930
UNKNOWN	172	G	0.755108556833	A	0.177096636867	3328	844	14190	430	18792	68930
UNKNOWN	173	C	0.960727969349	G	0.0184653043848	81	18054	347	310	18792	68930
UNKNOWN	174	T	0.992230736484	C	0.00377820349085	58	71	17	18646	18792	68930
UNKNOWN	175	A	0.991060025543	T	0.00606641123883	18624	26	28	114	18792	68930
UNKNOWN	176	T	0.981853980417	C	0.0141017454236	59	265	17	18451	18792	68930
UNKNOWN	177	A	0.990315027671	C	0.00510855683269	18610	96	75	11	18792	68930
UNKNOWN	178	A	0.986270753512	G	0.00627926777352	18534	116	118	24	18792	68930
UNKNOWN	179	C	0.877767134951	T	0.112281822052	54	16495	133	2110	18792	68930
UNKNOWN	180	C	0.94119838229	T	0.0358131119625	97	17687	335	673	18792	68930
UNKNOWN	181	C	0.984727543636	T	0.00782247765006	82	18505	58	147	18792	68930
UNKNOWN	182	A	0.98073648361	G	0.0126117496807	18430	86	237	39	18792	68930
UNKNOWN	183	G	0.97871434653	A	0.0147403150277	277	78	18392	45	18792	68930
UNKNOWN	184	C	0.976160068114	T	0.0175074499787	40	18344	79	329	18792	68930
UNKNOWN	185	C	0.996700723712	T	0.00228820774798	10	18730	9	43	18792	68930
UNKNOWN	186	C	0.994252873563	T	0.00377820349085	12	18684	25	71	18792	68930
UNKNOWN	187	T	0.994572158365	G	0.00218177948063	24	37	41	18690	18792	68930
UNKNOWN	188	G	0.962005108557	A	0.0327266922095	615	27	18078	72	18792	68930
UNKNOWN	189	A	0.989729672201	G	0.00558748403576	18599	75	105	13	18792	68930
UNKNOWN	190	A	0.99276287782	C	0.00282034908472	18656	53	44	39	18792	68930
UNKNOWN	191	A	0.991964665815	G	0.00319284802043	18641	39	60	52	18792	68930
UNKNOWN	192	T	0.99058109834	C	0.00659855257556	31	124	22	18615	18792	68930
UNKNOWN	193	C	0.994518944232	T	0.00276713495104	46	18689	5	52	18792	68930
UNKNOWN	194	C	0.993667518093	T	0.00303320561941	16	18673	46	57	18792	68930
UNKNOWN	195	C	0.995104299702	G	0.00260749255002	29	18700	49	14	18792	68930
UNKNOWN	196	G	0.996913580247	A	0.0014367816092	27	15	18734	16	18792	68930
UNKNOWN	197	G	0.939282673478	A	0.0454980842912	855	162	17651	124	18792	68930
UNKNOWN	198	C	0.990048957003	G	0.00441677309493	49	18605	83	55	18792	68930
UNKNOWN	199	T	0.993827160494	C	0.0036717752235	26	69	21	18676	18792	68930
UNKNOWN	200	C	0.985153256705	T	0.0083546189868	77	18513	45	157	18792	68930
UNKNOWN	201	A	0.993241805023	G	0.00377820349085	18665	53	71	3	18792	68930
UNKNOWN	202	G	0.96972115794	C	0.0205938697318	83	387	18223	99	18792	68930
UNKNOWN	203	C	0.95684333759	T	0.027245636441	191	17981	108	512	18792	68930
UNKNOWN	204	A	0.983184333759	G	0.009791400596	18476	71	184	61	18792	68930
UNKNOWN	205	T	0.994146445296	C	0.00361856108983	26	68	16	18682	18792	68930
UNKNOWN	206	C	0.988825031928	T	0.0059067688378	93	18582	6	111	18792	68930
UNKNOWN	207	A	0.987920391656	G	0.00627926777352	18565	87	118	22	18792	68930
UNKNOWN	208	C	0.986590038314	G	0.00686462324393	45	18540	129	78	18792	68930
UNKNOWN	209	C	0.968763303533	T	0.0136228182205	118	18205	213	256	18792	68930
UNKNOWN	210	A	0.994731800766	G	0.00308641975309	18693	40	58	1	18792	68930
UNKNOWN	211	A	0.987707535121	G	0.0108556832695	18561	21	204	6	18792	68930
UNKNOWN	212	G	0.981853980417	A	0.0159110259685	299	37	18451	5	18792	68930
UNKNOWN	213	G	0.992443593018	A	0.00585355470413	110	20	18650	12	18792	68930
UNKNOWN	214	A	0.991698595147	C	0.00446998722861	18636	84	48	24	18792	68930
UNKNOWN	215	C	0.9791400596	T	0.0118667518093	83	18400	86	223	18792	68930
UNKNOWN	216	A	0.989357173265	G	0.00633248190719	18592	67	119	14	18792	68930
UNKNOWN	217	A	0.985525755641	G	0.00739676458067	18520	108	139	25	18792	68930
UNKNOWN	218	C	0.980097914006	T	0.0130374627501	18	18418	111	245	18792	68930
UNKNOWN	219	T	0.991326096211	C	0.0046828437633	38	88	37	18629	18792	68930
UNKNOWN	220	C	0.994146445296	A	0.00308641975309	58	18682	2	50	18792	68930
UNKNOWN	221	C	0.989995742869	T	0.00521498510004	73	18604	17	98	18792	68930
UNKNOWN	222	A	0.991006811409	C	0.00500212856535	18623	94	70	5	18792	68930
UNKNOWN	223	A	0.984674329502	G	0.0134631758195	18504	21	253	14	18792	68930
UNKNOWN	224	G	0.988133248191	A	0.00739676458067	139	65	18569	19	18792	68930
UNKNOWN	225	A	0.990261813538	G	0.00681140911026	18609	46	128	9	18792	68930
UNKNOWN	226	G	0.951415495956	A	0.0403363133248	758	130	17879	25	18792	68930
UNKNOWN	227	C	0.959929757344	T	0.0340038314176	58	18039	56	639	18792	68930
UNKNOWN	228	C	0.989197530864	G	0.00606641123883	83	18589	114	6	18792	68930
UNKNOWN	229	A	0.990687526607	G	0.00617283950617	18617	29	116	30	18792	68930
UNKNOWN	230	A	0.981694338016	G	0.0153788846318	18448	37	289	18	18792	68930
UNKNOWN	231	G	0.954980842912	A	0.0219774372073	413	274	17946	159	18792	68930
UNKNOWN	232	T	0.992443593018	C	0.00617283950617	7	116	19	18650	18792	68930
UNKNOWN	233	C	0.968018305662	T	0.019582801192	31	18191	202	368	18792	68930
UNKNOWN	234	T	0.991538952746	C	0.004895700298	23	92	44	18633	18792	68930
UNKNOWN	235	C	0.990740740741	T	0.00739676458067	32	18618	3	139	18792	68930
UNKNOWN	236	T	0.98174755215	C	0.0129842486164	26	244	73	18449	18792	68930
UNKNOWN	237	C	0.992337164751	T	0.00388463175819	23	18648	48	73	18792	68930
UNKNOWN	238	T	0.994678586633	G	0.00287356321839	6	40	54	18692	18792	68930
UNKNOWN	239	G	0.929384844615	A	0.0593337590464	1115	84	17465	128	18792	68930
UNKNOWN	240	T	0.989197530864	C	0.00484248616433	53	91	59	18589	18792	68930
UNKNOWN	241	C	0.985578969774	T	0.0106428267348	58	18521	13	200	18792	68930
UNKNOWN	242	A	0.980789697744	G	0.0103235419327	18431	110	194	57	18792	68930
UNKNOWN	243	C	0.919008088548	G	0.0630055342699	140	17270	1184	198	18792	68930
UNKNOWN	244	T	0.994572158365	G	0.00335249042146	19	20	63	18690	18792	68930
UNKNOWN	245	G	0.969508301405	A	0.0220838654747	415	70	18219	88	18792	68930
UNKNOWN	246	A	0.986643252448	G	0.00904640272456	18541	76	170	5	18792	68930
UNKNOWN	247	G	0.96046189868	A	0.0248510004257	467	220	18049	56	18792	68930
UNKNOWN	248	C	0.941783737761	T	0.0440080885483	144	17698	123	827	18792	68930
UNKNOWN	249	A	0.986536824181	G	0.0105896126011	18539	46	199	8	18792	68930
UNKNOWN	250	G	0.983982545764	C	0.00963175819498	90	181	18491	30	18792	68930
UNKNOWN	251	C	0.981694338016	T	0.0121328224777	35	18448	81	228	18792	68930
UNKNOWN	252	G	0.986270753512	A	0.00787569178374	148	42	18534	68	18792	68930
UNKNOWN	253	T	0.990368241805	C	0.00548105576841	19	103	59	18611	18792	68930
UNKNOWN	254	G	0.947264793529	A	0.0388995317156	731	108	17801	152	18792	68930
UNKNOWN	255	A	0.98275862069	G	0.0118667518093	18468	54	223	47	18792	68930
UNKNOWN	256	C	0.985472541507	A	0.00548105576841	103	18519	91	79	18792	68930
UNKNOWN	257	A	0.968869731801	G	0.024159216688	18207	62	454	69	18792	68930
UNKNOWN	258	A	0.921615581098	C	0.0537462750106	17319	1010	368	95	18792	68930
UNKNOWN	259	C	0.934174116645	G	0.0345359727544	115	17555	649	473	18792	68930
UNKNOWN	260	T	0.979033631332	G	0.0109088974032	55	134	205	18398	18792	68930
UNKNOWN	261	G	0.987122179651	A	0.00840783312048	158	25	18550	59	18792	68930
UNKNOWN	262	A	0.985525755641	G	0.00883354618987	18520	86	166	20	18792	68930
UNKNOWN	263	G	0.931140911026	A	0.0428905917412	806	369	17498	119	18792	68930
UNKNOWN	264	G	0.985100042571	A	0.00846104725415	159	31	18512	90	18792	68930
UNKNOWN	265	A	0.98754789272	C	0.00808854831843	18558	152	56	26	18792	68930
UNKNOWN	266	C	0.978341847595	T	0.0109088974032	152	18385	50	205	18792	68930
UNKNOWN	267	A	0.978448275862	G	0.012398893146	18387	60	233	112	18792	68930
UNKNOWN	268	C	0.989729672201	G	0.00494891443167	60	18599	93	40	18792	68930
UNKNOWN	269	G	0.988026819923	C	0.00494891443167	72	93	18567	60	18792	68930
UNKNOWN	270	G	0.986696466582	A	0.00478927203065	90	74	18542	86	18792	68930
UNKNOWN	271	C	0.988080034057	A	0.0061196253725	115	18568	85	24	18792	68930
UNKNOWN	272	C	0.986430395913	A	0.00787569178374	148	18537	35	72	18792	68930
UNKNOWN	273	A	0.991538952746	G	0.0036717752235	18633	53	69	37	18792	68930
UNKNOWN	274	C	0.981108982546	A	0.00867390378885	163	18437	63	129	18792	68930
UNKNOWN	275	A	0.973126862495	G	0.0122924648787	18287	157	231	117	18792	68930
UNKNOWN	276	T	0.991006811409	A	0.00377820349085	71	38	60	18623	18792	68930
UNKNOWN	277	A	0.989037888463	C	0.00622605363985	18586	117	41	48	18792	68930
UNKNOWN	278	C	0.933695189442	T	0.0617816091954	56	17546	29	1161	18792	68930
UNKNOWN	279	T	0.981162196679	G	0.00697105151128	98	125	131	18438	18792	68930
UNKNOWN	280	A	0.975627926777	T	0.00989782886335	18334	180	92	186	18792	68930
UNKNOWN	281	C	0.964719029374	T	0.0316091954023	34	18129	35	594	18792	68930
UNKNOWN	282	T	0.986749680715	G	0.00925925925926	60	15	174	18543	18792	68930
