Type	Position	Nucl1	Freq1	Nucl2	Freq2	NumAs	NumCs	NumGs	NumTs	NumAligned	NumNaive
UNKNOWN	0	C	1.0	A	0.0	0	9096	0	0	9096	97282
UNKNOWN	1	A	1.0	C	0.0	9096	0	0	0	9096	97282
UNKNOWN	2	G	1.0	A	0.0	0	0	9096	0	9096	97282
UNKNOWN	3	G	1.0	A	0.0	0	0	9096	0	9096	97282
UNKNOWN	4	T	1.0	A	0.0	0	0	0	9096	9096	97282
UNKNOWN	5	G	1.0	A	0.0	0	0	9096	0	9096	97282
UNKNOWN	6	C	1.0	A	0.0	0	9096	0	0	9096	97282
UNKNOWN	7	A	0.993073878628	G	0.00571679859279	9033	7	52	4	9096	97282
UNKNOWN	8	G	0.990435356201	A	0.00824538258575	75	10	9009	2	9096	97282
UNKNOWN	9	C	0.995602462621	T	0.00395778364116	2	9056	2	36	9096	97282
UNKNOWN	10	T	0.999120492524	C	0.00065963060686	1	6	1	9088	9096	97282
UNKNOWN	11	G	0.998900615655	A	0.000439753737907	4	3	9086	3	9096	97282
UNKNOWN	12	C	0.999340369393	T	0.000549692172383	0	9090	1	5	9096	97282
UNKNOWN	13	G	0.998240985048	A	0.00153913808267	14	2	9080	0	9096	97282
UNKNOWN	14	G	0.931288478452	C	0.0643139841689	38	585	8471	2	9096	97282
UNKNOWN	15	G	0.998900615655	C	0.000769569041337	0	7	9086	3	9096	97282
UNKNOWN	16	A	0.996921723835	G	0.00230870712401	9068	5	21	2	9096	97282
UNKNOWN	17	G	0.994283201407	A	0.00494722955145	45	6	9044	1	9096	97282
UNKNOWN	18	T	0.998240985048	C	0.000879507475814	2	8	6	9080	9096	97282
UNKNOWN	19	C	0.998240985048	T	0.00164907651715	1	9080	0	15	9096	97282
UNKNOWN	20	G	0.980870712401	A	0.0179199648197	163	9	8922	2	9096	97282
UNKNOWN	21	G	0.998900615655	C	0.000879507475814	2	8	9086	0	9096	97282
UNKNOWN	22	G	0.998900615655	C	0.000549692172383	4	5	9086	1	9096	97282
UNKNOWN	23	C	0.998900615655	G	0.000879507475814	0	9086	8	2	9096	97282
UNKNOWN	24	C	0.999670184697	T	0.00032981530343	0	9093	0	3	9096	97282
UNKNOWN	25	C	0.999670184697	T	0.000219876868953	0	9093	1	2	9096	97282
UNKNOWN	26	C	0.994393139842	A	0.00483729111697	44	9045	1	6	9096	97282
UNKNOWN	27	A	0.996262093228	G	0.00318821459982	9062	4	29	1	9096	97282
UNKNOWN	28	G	0.991534740545	A	0.00648636763412	59	16	9019	2	9096	97282
UNKNOWN	29	C	0.996701846966	T	0.00252858399296	0	9066	7	23	9096	97282
UNKNOWN	30	C	0.998350923483	G	0.00098944591029	1	9081	9	5	9096	97282
UNKNOWN	31	T	0.997031662269	C	0.00175901495163	0	16	11	9069	9096	97282
UNKNOWN	32	G	0.988346525945	A	0.009454705365	86	16	8990	4	9096	97282
UNKNOWN	33	G	0.997031662269	C	0.00175901495163	6	16	9069	5	9096	97282
UNKNOWN	34	T	0.996591908531	C	0.00252858399296	3	23	5	9065	9096	97282
UNKNOWN	35	G	0.991424802111	C	0.00538698328936	27	49	9018	2	9096	97282
UNKNOWN	36	A	0.99582233949	C	0.00263852242744	9058	24	9	5	9096	97282
UNKNOWN	37	A	0.993073878628	G	0.0047273526825	9033	18	43	2	9096	97282
UNKNOWN	38	G	0.997581354442	A	0.0014291996482	13	7	9074	2	9096	97282
UNKNOWN	39	C	0.995712401055	T	0.00296833773087	6	9057	6	27	9096	97282
UNKNOWN	40	C	0.999560246262	T	0.00032981530343	0	9092	1	3	9096	97282
UNKNOWN	41	C	0.997911169745	G	0.0014291996482	0	9077	13	6	9096	97282
UNKNOWN	42	T	0.996372031662	C	0.00307827616535	2	28	3	9063	9096	97282
UNKNOWN	43	C	0.997581354442	T	0.00164907651715	6	9074	1	15	9096	97282
UNKNOWN	44	A	0.996591908531	C	0.00175901495163	9065	16	12	3	9096	97282
UNKNOWN	45	C	0.998570800352	A	0.000549692172383	5	9083	5	3	9096	97282
UNKNOWN	46	A	0.997251539138	G	0.0018689533861	9071	8	17	0	9096	97282
UNKNOWN	47	G	0.998570800352	A	0.00120932277924	11	1	9083	1	9096	97282
UNKNOWN	48	A	0.99483289358	G	0.00274846086192	9049	16	25	6	9096	97282
UNKNOWN	49	C	0.997361477573	T	0.00241864555849	2	9072	0	22	9096	97282
UNKNOWN	50	C	0.99582233949	T	0.00373790677221	2	9058	2	34	9096	97282
UNKNOWN	51	C	0.999120492524	T	0.000769569041337	0	9088	1	7	9096	97282
UNKNOWN	52	T	0.997141600704	C	0.00274846086192	0	25	1	9070	9096	97282
UNKNOWN	53	C	0.999120492524	T	0.000879507475814	0	9088	0	8	9096	97282
UNKNOWN	54	T	0.997361477573	C	0.00230870712401	3	21	0	9072	9096	97282
UNKNOWN	55	C	0.999230430959	T	0.00065963060686	0	9089	1	6	9096	97282
UNKNOWN	56	C	0.995602462621	T	0.00318821459982	4	9056	7	29	9096	97282
UNKNOWN	57	C	0.996921723835	T	0.00153913808267	1	9068	13	14	9096	97282
UNKNOWN	58	T	0.996372031662	C	0.0032981530343	3	30	0	9063	9096	97282
UNKNOWN	59	C	0.997691292876	T	0.00131926121372	8	9075	1	12	9096	97282
UNKNOWN	60	A	0.995492524186	G	0.00252858399296	9055	15	23	3	9096	97282
UNKNOWN	61	C	0.994283201407	T	0.00483729111697	1	9044	7	44	9096	97282
UNKNOWN	62	C	0.989116094987	G	0.00483729111697	24	8997	44	31	9096	97282
UNKNOWN	63	T	0.997031662269	C	0.00208883025506	2	19	6	9069	9096	97282
UNKNOWN	64	G	0.998570800352	C	0.000879507475814	2	8	9083	3	9096	97282
UNKNOWN	65	C	0.997581354442	T	0.00164907651715	7	9074	0	15	9096	97282
UNKNOWN	66	A	0.993073878628	G	0.00395778364116	9033	18	36	9	9096	97282
UNKNOWN	67	C	0.997691292876	T	0.00131926121372	3	9075	6	12	9096	97282
UNKNOWN	68	G	0.983509234828	A	0.0133025505717	121	27	8946	2	9096	97282
UNKNOWN	69	G	0.95580474934	A	0.0400175901495	364	19	8694	19	9096	97282
UNKNOWN	70	T	0.988236587511	C	0.0109938434477	3	100	4	8989	9096	97282
UNKNOWN	71	C	0.971635883905	T	0.0177000879507	6	8838	91	161	9096	97282
UNKNOWN	72	T	0.995492524186	C	0.00351802990325	3	32	6	9055	9096	97282
UNKNOWN	73	C	0.998460861917	T	0.00109938434477	3	9082	1	10	9096	97282
UNKNOWN	74	T	0.9968117854	C	0.00208883025506	3	19	7	9067	9096	97282
UNKNOWN	75	G	0.993073878628	A	0.00549692172383	50	12	9033	1	9096	97282
UNKNOWN	76	G	0.98010114336	A	0.0172603342128	157	21	8915	3	9096	97282
UNKNOWN	77	A	0.99164467898	C	0.00406772207564	9020	37	29	10	9096	97282
UNKNOWN	78	T	0.992854001759	C	0.00406772207564	2	37	26	9031	9096	97282
UNKNOWN	79	T	0.986917326297	C	0.0124230430959	1	113	5	8977	9096	97282
UNKNOWN	80	C	0.962730870712	T	0.0190193491645	72	8757	94	173	9096	97282
UNKNOWN	81	T	0.984608619173	C	0.00912489006157	39	83	18	8956	9096	97282
UNKNOWN	82	C	0.997031662269	T	0.00153913808267	13	9069	0	14	9096	97282
UNKNOWN	83	A	0.996152154793	G	0.0018689533861	9061	8	17	10	9096	97282
UNKNOWN	84	T	0.993293755497	C	0.00593667546174	2	54	5	9035	9096	97282
UNKNOWN	85	T	0.996262093228	G	0.00263852242744	1	9	24	9062	9096	97282
UNKNOWN	86	G	0.966798592788	A	0.0317722075638	289	4	8794	9	9096	97282
UNKNOWN	87	A	0.981860158311	G	0.0147317502199	8931	24	134	7	9096	97282
UNKNOWN	88	G	0.956684256816	A	0.0252858399296	230	120	8702	44	9096	97282
UNKNOWN	89	C	0.943711521548	T	0.0347405452946	35	8584	161	316	9096	97282
UNKNOWN	90	A	0.968227792436	G	0.0259454705365	8807	26	236	27	9096	97282
UNKNOWN	91	G	0.864226033421	A	0.0876209322779	797	236	7861	202	9096	97282
UNKNOWN	92	C	0.937445030783	T	0.0359498680739	65	8527	177	327	9096	97282
UNKNOWN	93	A	0.885004397537	T	0.0655233069481	8050	72	378	596	9096	97282
UNKNOWN	94	A	0.945250659631	G	0.0367194371152	8598	95	334	69	9096	97282
UNKNOWN	95	T	0.956024626209	G	0.0257255936675	52	114	234	8696	9096	97282
UNKNOWN	96	G	0.911169744943	A	0.0645338610378	587	176	8288	45	9096	97282
UNKNOWN	97	G	0.634014951627	C	0.194920844327	1352	1773	5767	204	9096	97282
UNKNOWN	98	T	0.987357080035	G	0.00560686015831	16	48	51	8981	9096	97282
UNKNOWN	99	G	0.967678100264	A	0.0307827616535	280	5	8802	9	9096	97282
UNKNOWN	100	T	0.992084432718	C	0.00692612137203	8	63	1	9024	9096	97282
UNKNOWN	101	A	0.955914687775	G	0.0270448548813	8695	62	246	93	9096	97282
UNKNOWN	102	G	0.707343887423	A	0.178869832894	1627	700	6434	335	9096	97282
UNKNOWN	103	T	0.873240985048	G	0.0808047493404	150	268	735	7943	9096	97282
UNKNOWN	104	C	0.916446789798	T	0.0452946350044	43	8336	305	412	9096	97282
UNKNOWN	105	T	0.996591908531	G	0.00175901495163	0	15	16	9065	9096	97282
UNKNOWN	106	G	0.999670184697	A	0.000109938434477	1	1	9093	1	9096	97282
UNKNOWN	107	G	0.997911169745	C	0.00098944591029	7	9	9077	3	9096	97282
UNKNOWN	108	G	0.970866314864	A	0.0217678100264	198	47	8831	20	9096	97282
UNKNOWN	109	T	0.996921723835	C	0.00252858399296	1	23	4	9068	9096	97282
UNKNOWN	110	C	0.995492524186	T	0.00175901495163	15	9055	10	16	9096	97282
UNKNOWN	111	C	0.998790677221	G	0.00098944591029	0	9085	9	2	9096	97282
UNKNOWN	112	G	0.998680738786	C	0.00098944591029	3	9	9084	0	9096	97282
UNKNOWN	113	C	0.997581354442	T	0.00153913808267	0	9074	8	14	9096	97282
UNKNOWN	114	C	0.998460861917	A	0.000879507475814	8	9082	1	5	9096	97282
UNKNOWN	115	A	0.993953386104	G	0.00549692172383	9041	4	50	1	9096	97282
UNKNOWN	116	G	0.997251539138	A	0.0018689533861	17	6	9071	2	9096	97282
UNKNOWN	117	G	0.971196130167	A	0.0213280562885	194	23	8834	45	9096	97282
UNKNOWN	118	C	0.993733509235	G	0.00351802990325	1	9039	32	24	9096	97282
UNKNOWN	119	T	0.989885664028	G	0.00604661389622	7	30	55	9004	9096	97282
UNKNOWN	120	C	0.9968117854	T	0.00241864555849	3	9067	4	22	9096	97282
UNKNOWN	121	C	0.996921723835	A	0.00208883025506	19	9068	3	6	9096	97282
UNKNOWN	122	A	0.994503078276	G	0.00483729111697	9046	3	44	3	9096	97282
UNKNOWN	123	G	0.998240985048	A	0.0014291996482	13	2	9080	1	9096	97282
UNKNOWN	124	G	0.995162708883	A	0.00373790677221	34	6	9052	4	9096	97282
UNKNOWN	125	G	0.988236587511	A	0.0101143359719	92	12	8989	3	9096	97282
UNKNOWN	126	A	0.995492524186	G	0.00307827616535	9055	11	28	2	9096	97282
UNKNOWN	127	A	0.994063324538	G	0.0051671064204	9042	7	47	0	9096	97282
UNKNOWN	128	G	0.994722955145	A	0.00483729111697	44	2	9048	2	9096	97282
UNKNOWN	129	G	0.967788038698	A	0.0268249780123	244	41	8803	8	9096	97282
UNKNOWN	130	C	0.997911169745	G	0.00120932277924	3	9077	11	5	9096	97282
UNKNOWN	131	G	0.986917326297	A	0.00780562884785	71	21	8977	27	9096	97282
UNKNOWN	132	C	0.994283201407	T	0.00373790677221	7	9044	11	34	9096	97282
UNKNOWN	133	T	0.989775725594	C	0.00791556728232	3	72	18	9003	9096	97282
UNKNOWN	134	G	0.983069481091	A	0.0149516270888	136	5	8942	13	9096	97282
UNKNOWN	135	G	0.996262093228	A	0.00219876868953	20	11	9062	3	9096	97282
UNKNOWN	136	A	0.99582233949	G	0.0032981530343	9058	5	30	3	9096	97282
UNKNOWN	137	G	0.983948988566	A	0.0135224274406	123	11	8950	12	9096	97282
UNKNOWN	138	T	0.995162708883	C	0.00230870712401	3	21	20	9052	9096	97282
UNKNOWN	139	G	0.998240985048	A	0.00109938434477	10	2	9080	4	9096	97282
UNKNOWN	140	G	0.963500439754	C	0.0339709762533	2	309	8764	21	9096	97282
UNKNOWN	141	C	0.98208003518	G	0.0111037818821	45	8933	101	17	9096	97282
UNKNOWN	142	T	0.996921723835	C	0.00252858399296	2	23	3	9068	9096	97282
UNKNOWN	143	C	0.988016710642	T	0.00857519788918	8	8987	23	78	9096	97282
UNKNOWN	144	G	0.993953386104	A	0.0047273526825	43	2	9041	10	9096	97282
UNKNOWN	145	G	0.990765171504	C	0.00373790677221	27	34	9012	23	9096	97282
UNKNOWN	146	T	0.956684256816	G	0.0200087950748	78	134	182	8702	9096	97282
UNKNOWN	147	G	0.645228671944	A	0.311015831135	2829	114	5869	284	9096	97282
UNKNOWN	148	G	0.721306068602	A	0.149626209323	1361	815	6561	359	9096	97282
UNKNOWN	149	T	0.947889182058	A	0.0205584872471	187	114	173	8622	9096	97282
UNKNOWN	150	A	0.91501759015	G	0.0739885664028	8323	41	673	59	9096	97282
UNKNOWN	151	T	0.975373790677	C	0.011763412489	37	107	80	8872	9096	97282
UNKNOWN	152	A	0.92854001759	T	0.0305628847845	8446	179	193	278	9096	97282
UNKNOWN	153	T	0.9422823219	A	0.035510114336	323	25	177	8571	9096	97282
UNKNOWN	154	G	0.969327176781	A	0.0171503957784	156	119	8817	4	9096	97282
UNKNOWN	155	C	0.931948109059	T	0.0631046613896	22	8477	23	574	9096	97282
UNKNOWN	156	A	0.90644239226	G	0.0866314863676	8245	27	788	36	9096	97282
UNKNOWN	157	G	0.874230430959	A	0.0668425681618	608	375	7952	161	9096	97282
UNKNOWN	158	T	0.94327176781	C	0.0227572559367	120	207	189	8580	9096	97282
UNKNOWN	159	G	0.760664028144	A	0.21855760774	1988	134	6919	55	9096	97282
UNKNOWN	160	G	0.811565523307	A	0.154903254178	1409	253	7382	52	9096	97282
UNKNOWN	161	T	0.952176781003	G	0.0228671943712	50	177	208	8661	9096	97282
UNKNOWN	162	G	0.983509234828	A	0.0155013192612	141	6	8946	3	9096	97282
UNKNOWN	163	G	0.972955145119	A	0.0216578715919	197	24	8850	25	9096	97282
UNKNOWN	164	A	0.971635883905	G	0.0225373790677	8838	43	205	10	9096	97282
UNKNOWN	165	A	0.916776605101	G	0.0770668425682	8339	43	701	13	9096	97282
UNKNOWN	166	G	0.806948109059	C	0.110488126649	477	1005	7340	274	9096	97282
UNKNOWN	167	C	0.874230430959	G	0.0706904133685	209	7952	643	292	9096	97282
UNKNOWN	168	A	0.966908531223	G	0.0285839929639	8795	36	260	5	9096	97282
UNKNOWN	169	C	0.967128408091	T	0.0196789797713	37	8797	83	179	9096	97282
UNKNOWN	170	A	0.970976253298	G	0.0152814423923	8832	72	139	53	9096	97282
UNKNOWN	171	A	0.860708003518	G	0.10828935796	7829	162	985	120	9096	97282
UNKNOWN	172	G	0.714709762533	A	0.219437115215	1996	349	6501	250	9096	97282
UNKNOWN	173	C	0.893139841689	G	0.0678320140721	111	8124	617	244	9096	97282
UNKNOWN	174	T	0.973504837291	C	0.0167106420405	27	152	62	8855	9096	97282
UNKNOWN	175	T	0.933047493404	A	0.0522207563764	475	50	84	8487	9096	97282
UNKNOWN	176	T	0.943051890941	G	0.0262752858399	105	174	239	8578	9096	97282
UNKNOWN	177	A	0.984938434477	G	0.00769569041337	8959	60	70	7	9096	97282
UNKNOWN	178	A	0.984608619173	G	0.00582673702726	8956	40	53	47	9096	97282
UNKNOWN	179	C	0.891380826737	T	0.0996042216359	25	8108	57	906	9096	97282
UNKNOWN	180	C	0.959762532982	T	0.021218117854	35	8730	138	193	9096	97282
UNKNOWN	181	C	0.991204925242	T	0.00417766051011	31	9016	11	38	9096	97282
UNKNOWN	182	A	0.986917326297	G	0.00890501319261	8977	34	81	4	9096	97282
UNKNOWN	183	G	0.979221635884	A	0.0147317502199	134	30	8907	25	9096	97282
UNKNOWN	184	C	0.957343887423	T	0.0195690413369	36	8708	174	178	9096	97282
UNKNOWN	185	C	0.996591908531	T	0.00208883025506	9	9065	3	19	9096	97282
UNKNOWN	186	C	0.992084432718	T	0.00648636763412	6	9024	7	59	9096	97282
UNKNOWN	187	T	0.993183817062	G	0.00285839929639	21	15	26	9034	9096	97282
UNKNOWN	188	G	0.968227792436	A	0.0250659630607	228	27	8807	34	9096	97282
UNKNOWN	189	A	0.989226033421	G	0.00505716798593	8998	45	46	7	9096	97282
UNKNOWN	190	A	0.991314863676	C	0.00417766051011	9017	38	37	4	9096	97282
UNKNOWN	191	A	0.992744063325	C	0.00274846086192	9030	25	25	16	9096	97282
UNKNOWN	192	T	0.988786279683	C	0.00560686015831	11	51	40	8994	9096	97282
UNKNOWN	193	C	0.992304309587	T	0.00483729111697	4	9026	22	44	9096	97282
UNKNOWN	194	C	0.985378188215	G	0.00582673702726	28	8963	53	52	9096	97282
UNKNOWN	195	C	0.997141600704	G	0.00175901495163	2	9070	16	8	9096	97282
UNKNOWN	196	G	0.997911169745	A	0.00098944591029	9	3	9077	7	9096	97282
UNKNOWN	197	G	0.903583992964	A	0.0769569041337	700	74	8219	103	9096	97282
UNKNOWN	198	C	0.991974494283	T	0.00285839929639	21	9023	26	26	9096	97282
UNKNOWN	199	T	0.993293755497	C	0.00362796833773	16	33	12	9035	9096	97282
UNKNOWN	200	C	0.988676341249	T	0.00571679859279	23	8993	28	52	9096	97282
UNKNOWN	201	A	0.991314863676	G	0.00681618293755	9017	12	62	5	9096	97282
UNKNOWN	202	G	0.972515391381	C	0.0150615655233	37	137	8846	76	9096	97282
UNKNOWN	203	C	0.950857519789	T	0.0356200527704	60	8649	63	324	9096	97282
UNKNOWN	204	A	0.983729111697	G	0.0126429199648	8948	16	115	17	9096	97282
UNKNOWN	205	T	0.993843447669	C	0.00362796833773	12	33	11	9040	9096	97282
UNKNOWN	206	C	0.984608619173	A	0.00769569041337	70	8956	7	63	9096	97282
UNKNOWN	207	A	0.988236587511	G	0.00692612137203	8989	25	63	19	9096	97282
UNKNOWN	208	C	0.984828496042	G	0.00890501319261	18	8958	81	39	9096	97282
UNKNOWN	209	C	0.942722075638	T	0.0241864555849	100	8575	201	220	9096	97282
UNKNOWN	210	A	0.98746701847	G	0.00626649076517	8982	55	57	2	9096	97282
UNKNOWN	211	A	0.989226033421	G	0.00692612137203	8998	31	63	4	9096	97282
UNKNOWN	212	G	0.981310466139	A	0.0151715039578	138	17	8926	15	9096	97282
UNKNOWN	213	G	0.985817941953	A	0.0108839050132	99	26	8967	4	9096	97282
UNKNOWN	214	A	0.992524186456	G	0.00351802990325	9028	31	32	5	9096	97282
UNKNOWN	215	C	0.982189973615	T	0.0100043975374	29	8934	42	91	9096	97282
UNKNOWN	216	A	0.989775725594	G	0.0080255057168	9003	13	73	7	9096	97282
UNKNOWN	217	A	0.981640281442	G	0.0112137203166	8929	46	102	19	9096	97282
UNKNOWN	218	C	0.976033421284	T	0.0167106420405	5	8878	61	152	9096	97282
UNKNOWN	219	T	0.991864555849	C	0.00296833773087	22	27	25	9022	9096	97282
UNKNOWN	220	C	0.992304309587	T	0.00461741424802	20	9026	8	42	9096	97282
UNKNOWN	221	C	0.986147757256	A	0.00813544415128	74	8970	7	45	9096	97282
UNKNOWN	222	A	0.984608619173	G	0.00890501319261	8956	58	81	1	9096	97282
UNKNOWN	223	A	0.983509234828	G	0.0139621811785	8946	13	127	10	9096	97282
UNKNOWN	224	G	0.977792436236	T	0.009454705365	77	39	8894	86	9096	97282
UNKNOWN	225	A	0.986917326297	G	0.00967458223395	8977	26	88	5	9096	97282
UNKNOWN	226	G	0.944810905893	A	0.0468337730871	426	58	8594	18	9096	97282
UNKNOWN	227	C	0.956904133685	T	0.0294635004398	59	8704	65	268	9096	97282
UNKNOWN	228	C	0.990985048373	G	0.00494722955145	29	9014	45	8	9096	97282
UNKNOWN	229	A	0.987576956904	G	0.00538698328936	8983	31	49	33	9096	97282
UNKNOWN	230	A	0.969437115215	G	0.0279243623571	8818	17	254	7	9096	97282
UNKNOWN	231	G	0.973614775726	A	0.0157211961302	143	27	8856	70	9096	97282
UNKNOWN	232	T	0.990765171504	C	0.00758575197889	3	69	12	9012	9096	97282
UNKNOWN	233	C	0.958663148637	T	0.0207783641161	49	8720	138	189	9096	97282
UNKNOWN	234	T	0.988676341249	G	0.00571679859279	14	37	52	8993	9096	97282
UNKNOWN	235	C	0.992744063325	T	0.00604661389622	8	9030	3	55	9096	97282
UNKNOWN	236	T	0.982189973615	C	0.00813544415128	48	74	40	8934	9096	97282
UNKNOWN	237	C	0.992854001759	T	0.00505716798593	15	9031	4	46	9096	97282
UNKNOWN	238	T	0.996042216359	G	0.00252858399296	1	12	23	9060	9096	97282
UNKNOWN	239	G	0.933597185576	A	0.0461741424802	420	102	8492	82	9096	97282
UNKNOWN	240	T	0.991534740545	C	0.00340809146878	21	31	25	9019	9096	97282
UNKNOWN	241	C	0.98625769569	T	0.0111037818821	21	8971	3	101	9096	97282
UNKNOWN	242	A	0.975483729112	G	0.0181398416887	8873	35	165	23	9096	97282
UNKNOWN	243	G	0.888852242744	C	0.0551890941073	440	502	8085	69	9096	97282
UNKNOWN	244	T	0.993183817062	G	0.00274846086192	13	24	25	9034	9096	97282
UNKNOWN	245	G	0.957343887423	A	0.033201407212	302	44	8708	42	9096	97282
UNKNOWN	246	A	0.972075637643	G	0.0203386103782	8842	57	185	12	9096	97282
UNKNOWN	247	G	0.874670184697	A	0.080255057168	730	356	7956	54	9096	97282
UNKNOWN	248	C	0.956684256816	T	0.0325417766051	45	8702	53	296	9096	97282
UNKNOWN	249	A	0.980540897098	G	0.0156112576957	8919	33	142	2	9096	97282
UNKNOWN	250	G	0.954595426561	A	0.0261653474055	238	167	8683	8	9096	97282
UNKNOWN	251	C	0.978012313105	T	0.0134124890062	22	8896	56	122	9096	97282
UNKNOWN	252	G	0.978781882146	A	0.0172603342128	157	13	8903	23	9096	97282
UNKNOWN	253	T	0.990435356201	C	0.00692612137203	2	63	22	9009	9096	97282
UNKNOWN	254	G	0.955035180299	A	0.0327616534741	298	36	8687	75	9096	97282
UNKNOWN	255	A	0.985378188215	G	0.0102242744063	8963	26	93	14	9096	97282
UNKNOWN	256	C	0.986037818821	T	0.00791556728232	35	8969	20	72	9096	97282
UNKNOWN	257	A	0.961961301671	G	0.0248460861917	8750	63	226	57	9096	97282
UNKNOWN	258	C	0.963280562885	A	0.028144239226	256	8762	40	38	9096	97282
UNKNOWN	259	C	0.988786279683	T	0.00780562884785	15	8994	16	71	9096	97282
UNKNOWN	260	T	0.967018469657	C	0.0215479331574	16	196	88	8796	9096	97282
UNKNOWN	261	G	0.987137203166	A	0.00747581354442	68	32	8979	17	9096	97282
UNKNOWN	262	A	0.985488126649	G	0.00868513632366	8964	45	79	8	9096	97282
UNKNOWN	263	G	0.923812664908	A	0.0367194371152	334	158	8403	201	9096	97282
UNKNOWN	264	G	0.991424802111	A	0.00571679859279	52	7	9018	19	9096	97282
UNKNOWN	265	A	0.989006156552	C	0.00637642919965	8996	58	28	14	9096	97282
UNKNOWN	266	C	0.976583113456	T	0.0112137203166	72	8883	39	102	9096	97282
UNKNOWN	267	A	0.97790237467	G	0.0125329815303	8895	30	114	57	9096	97282
UNKNOWN	268	C	0.991094986807	G	0.00395778364116	23	9015	36	22	9096	97282
UNKNOWN	269	G	0.957233948989	A	0.0374890061566	341	27	8707	21	9096	97282
UNKNOWN	270	G	0.991424802111	A	0.00340809146878	31	24	9018	23	9096	97282
UNKNOWN	271	C	0.990325417766	A	0.00505716798593	46	9008	31	11	9096	97282
UNKNOWN	272	C	0.985158311346	A	0.00912489006157	83	8961	17	35	9096	97282
UNKNOWN	273	A	0.989006156552	G	0.00483729111697	8996	30	44	26	9096	97282
UNKNOWN	274	C	0.98010114336	T	0.0108839050132	66	8915	16	99	9096	97282
UNKNOWN	275	A	0.974274406332	G	0.0144019349164	8862	55	131	48	9096	97282
UNKNOWN	276	T	0.98845646438	G	0.00571679859279	37	16	52	8991	9096	97282
UNKNOWN	277	A	0.989006156552	C	0.00560686015831	8996	51	30	19	9096	97282
UNKNOWN	278	C	0.937664907652	T	0.0585971855761	18	8529	16	533	9096	97282
UNKNOWN	279	T	0.980430958663	G	0.00758575197889	52	57	69	8918	9096	97282
UNKNOWN	280	A	0.965919085312	C	0.0175901495163	8786	160	47	103	9096	97282
UNKNOWN	281	C	0.965039577836	T	0.0314423922603	15	8778	17	286	9096	97282
UNKNOWN	282	T	0.985378188215	G	0.0103342128408	28	11	94	8963	9096	97282
