Type	Position	Nucl1	Freq1	Nucl2	Freq2	NumAs	NumCs	NumGs	NumTs	NumAligned	NumNaive
UNKNOWN	0	C	1.0	A	0.0	0	6537	0	0	6537	76449
UNKNOWN	1	A	1.0	C	0.0	6537	0	0	0	6537	76449
UNKNOWN	2	G	1.0	A	0.0	0	0	6537	0	6537	76449
UNKNOWN	3	G	1.0	A	0.0	0	0	6537	0	6537	76449
UNKNOWN	4	T	1.0	A	0.0	0	0	0	6537	6537	76449
UNKNOWN	5	G	1.0	A	0.0	0	0	6537	0	6537	76449
UNKNOWN	6	C	1.0	A	0.0	0	6537	0	0	6537	76449
UNKNOWN	7	A	0.996481566468	G	0.00244760593544	6514	3	16	4	6537	76449
UNKNOWN	8	G	0.989291724032	A	0.00948447299985	62	7	6467	1	6537	76449
UNKNOWN	9	C	0.992963132936	G	0.00321248279027	5	6491	21	20	6537	76449
UNKNOWN	10	T	0.999235123145	C	0.000764876854826	0	5	0	6532	6537	76449
UNKNOWN	11	G	0.99678751721	A	0.00244760593544	16	5	6516	0	6537	76449
UNKNOWN	12	C	0.999235123145	T	0.000764876854826	0	6532	0	5	6537	76449
UNKNOWN	13	G	0.999082147774	A	0.000917852225792	6	0	6531	0	6537	76449
UNKNOWN	14	G	0.948753250727	C	0.0503288970476	5	329	6202	1	6537	76449
UNKNOWN	15	G	1.0	A	0.0	0	0	6537	0	6537	76449
UNKNOWN	16	A	0.996328591097	G	0.00275355667737	6513	4	18	2	6537	76449
UNKNOWN	17	G	0.991127428484	A	0.00887257151599	58	0	6479	0	6537	76449
UNKNOWN	18	T	0.999235123145	C	0.000764876854826	0	5	0	6532	6537	76449
UNKNOWN	19	C	0.999694049258	T	0.000305950741931	0	6535	0	2	6537	76449
UNKNOWN	20	G	0.986691142726	A	0.0122380296772	80	6	6450	1	6537	76449
UNKNOWN	21	G	0.999235123145	C	0.000305950741931	1	2	6532	2	6537	76449
UNKNOWN	22	G	0.99847024629	C	0.000764876854826	2	5	6527	3	6537	76449
UNKNOWN	23	C	0.99847024629	T	0.00137677833869	1	6527	0	9	6537	76449
UNKNOWN	24	C	0.997093467952	A	0.00137677833869	9	6518	2	8	6537	76449
UNKNOWN	25	C	0.998929172403	T	0.000764876854826	2	6530	0	5	6537	76449
UNKNOWN	26	C	0.999388098516	A	0.000458926112896	3	6533	0	1	6537	76449
UNKNOWN	27	A	0.978277497323	T	0.0186629952578	6395	3	17	122	6537	76449
UNKNOWN	28	G	0.990821477742	T	0.0039773596451	25	9	6477	26	6537	76449
UNKNOWN	29	C	0.996022640355	T	0.00229463056448	6	6511	5	15	6537	76449
UNKNOWN	30	C	0.99847024629	T	0.000764876854826	0	6527	5	5	6537	76449
UNKNOWN	31	T	0.994492886645	C	0.00336545816124	3	22	11	6501	6537	76449
UNKNOWN	32	G	0.985008413645	A	0.0140737341288	92	2	6439	4	6537	76449
UNKNOWN	33	G	0.9952577635	A	0.00413033501606	27	1	6506	3	6537	76449
UNKNOWN	34	T	0.998011320177	C	0.00152975370965	0	10	3	6524	6537	76449
UNKNOWN	35	G	0.996328591097	A	0.00275355667737	18	0	6513	6	6537	76449
UNKNOWN	36	A	0.997093467952	G	0.00260058130641	6518	1	17	1	6537	76449
UNKNOWN	37	A	0.9952577635	G	0.00382438427413	6506	6	25	0	6537	76449
UNKNOWN	38	G	0.997399418694	A	0.00214165519351	14	3	6520	0	6537	76449
UNKNOWN	39	C	0.990668502371	T	0.00780174391923	6	6476	4	51	6537	76449
UNKNOWN	40	C	0.999082147774	T	0.000764876854826	1	6531	0	5	6537	76449
UNKNOWN	41	C	0.998776197032	G	0.000611901483861	1	6529	4	3	6537	76449
UNKNOWN	42	T	0.995869664984	C	0.00413033501606	0	27	0	6510	6537	76449
UNKNOWN	43	C	0.99847024629	A	0.000917852225792	6	6527	0	4	6537	76449
UNKNOWN	44	A	0.997093467952	C	0.00152975370965	6518	10	8	1	6537	76449
UNKNOWN	45	C	0.996328591097	G	0.00183570445158	9	6513	12	3	6537	76449
UNKNOWN	46	A	0.996022640355	G	0.00214165519351	6511	12	14	0	6537	76449
UNKNOWN	47	G	0.996328591097	A	0.00336545816124	22	1	6513	1	6537	76449
UNKNOWN	48	A	0.995563714242	G	0.00168272908062	6508	8	11	10	6537	76449
UNKNOWN	49	C	0.997093467952	T	0.00122380296772	3	6518	8	8	6537	76449
UNKNOWN	50	C	0.994951812758	A	0.0035184335322	23	6504	1	9	6537	76449
UNKNOWN	51	C	0.996481566468	T	0.00183570445158	3	6514	8	12	6537	76449
UNKNOWN	52	T	0.996328591097	C	0.00321248279027	2	21	1	6513	6537	76449
UNKNOWN	53	C	0.998776197032	T	0.000611901483861	3	6529	1	4	6537	76449
UNKNOWN	54	T	0.994033960532	C	0.00489521187089	0	32	7	6498	6537	76449
UNKNOWN	55	C	0.9952577635	A	0.00260058130641	17	6506	4	10	6537	76449
UNKNOWN	56	C	0.992351231452	A	0.0035184335322	23	6487	4	23	6537	76449
UNKNOWN	57	C	0.998623221661	T	0.000764876854826	0	6528	4	5	6537	76449
UNKNOWN	58	T	0.996940492581	C	0.00229463056448	3	15	2	6517	6537	76449
UNKNOWN	59	C	0.99847024629	A	0.00107082759676	7	6527	0	3	6537	76449
UNKNOWN	60	A	0.98730304421	G	0.0110142267095	6454	9	72	2	6537	76449
UNKNOWN	61	C	0.995869664984	T	0.00336545816124	2	6510	3	22	6537	76449
UNKNOWN	62	C	0.990974453113	G	0.00581306409668	2	6478	38	19	6537	76449
UNKNOWN	63	T	0.997246443323	C	0.00168272908062	2	11	5	6519	6537	76449
UNKNOWN	64	G	0.999235123145	C	0.000458926112896	2	3	6532	0	6537	76449
UNKNOWN	65	C	0.997705369436	T	0.00152975370965	5	6522	0	10	6537	76449
UNKNOWN	66	A	0.992351231452	C	0.0039773596451	6487	26	22	2	6537	76449
UNKNOWN	67	C	0.996328591097	T	0.00183570445158	3	6513	9	12	6537	76449
UNKNOWN	68	G	0.985620315129	A	0.0134618326449	88	3	6443	3	6537	76449
UNKNOWN	69	G	0.970169802662	A	0.0244760593544	160	30	6342	5	6537	76449
UNKNOWN	70	T	0.993880985161	C	0.00504818724185	1	33	6	6497	6537	76449
UNKNOWN	71	C	0.965274590791	G	0.0204986997093	0	6310	134	93	6537	76449
UNKNOWN	72	T	0.995869664984	C	0.00260058130641	4	17	6	6510	6537	76449
UNKNOWN	73	C	0.998164295548	T	0.00122380296772	2	6525	2	8	6537	76449
UNKNOWN	74	T	0.989597674774	C	0.0070368670644	1	46	21	6469	6537	76449
UNKNOWN	75	G	0.994645862016	A	0.00520116261282	34	1	6502	0	6537	76449
UNKNOWN	76	G	0.983325684565	A	0.0151445617256	99	9	6428	1	6537	76449
UNKNOWN	77	A	0.993269083678	C	0.00443628575799	6493	29	12	3	6537	76449
UNKNOWN	78	T	0.990362551629	G	0.00611901483861	6	17	40	6474	6537	76449
UNKNOWN	79	T	0.9857732905	C	0.00734281780633	15	48	30	6444	6537	76449
UNKNOWN	80	C	0.98256080771	T	0.0162153893223	3	6423	5	106	6537	76449
UNKNOWN	81	T	0.993116108307	C	0.00611901483861	0	40	5	6492	6537	76449
UNKNOWN	82	C	0.996328591097	T	0.00214165519351	10	6513	0	14	6537	76449
UNKNOWN	83	A	0.98883279792	G	0.00550711335475	6464	8	36	29	6537	76449
UNKNOWN	84	T	0.994492886645	C	0.00413033501606	1	27	8	6501	6537	76449
UNKNOWN	85	T	0.99678751721	G	0.00183570445158	1	8	12	6516	6537	76449
UNKNOWN	86	G	0.966039467646	A	0.0305950741931	200	12	6315	10	6537	76449
UNKNOWN	87	A	0.985314364387	G	0.0074957931773	6441	33	49	14	6537	76449
UNKNOWN	88	G	0.942022334404	A	0.0344194584672	225	124	6158	30	6537	76449
UNKNOWN	89	C	0.945846718678	T	0.0296772219673	27	6183	133	194	6537	76449
UNKNOWN	90	A	0.975829891387	G	0.0217225026771	6379	14	142	2	6537	76449
UNKNOWN	91	G	0.869359033196	A	0.0829126510632	542	253	5683	59	6537	76449
UNKNOWN	92	C	0.947376472388	T	0.0331956554995	48	6193	79	217	6537	76449
UNKNOWN	93	A	0.885268471776	T	0.0611901483861	5787	42	308	400	6537	76449
UNKNOWN	94	A	0.936209270307	G	0.043903931467	6120	68	287	62	6537	76449
UNKNOWN	95	T	0.958696649839	G	0.0226403549029	59	63	148	6267	6537	76449
UNKNOWN	96	G	0.934067615114	A	0.0559889857733	366	20	6106	45	6537	76449
UNKNOWN	97	G	0.632094232829	C	0.196879302432	955	1287	4132	163	6537	76449
UNKNOWN	98	T	0.976900718984	G	0.0114731528224	51	25	75	6386	6537	76449
UNKNOWN	99	G	0.937739024017	A	0.0555300596604	363	34	6130	10	6537	76449
UNKNOWN	100	T	0.996022640355	C	0.00290653204834	5	19	2	6511	6537	76449
UNKNOWN	101	A	0.97307633471	G	0.013308857274	6361	47	87	42	6537	76449
UNKNOWN	102	G	0.756769160165	A	0.152363469481	996	431	4947	163	6537	76449
UNKNOWN	103	T	0.896741624598	G	0.0455866605477	169	208	298	5862	6537	76449
UNKNOWN	104	C	0.910815358727	T	0.0454336851767	36	5954	250	297	6537	76449
UNKNOWN	105	T	0.995563714242	C	0.00260058130641	1	17	11	6508	6537	76449
UNKNOWN	106	G	0.999388098516	T	0.000305950741931	1	1	6533	2	6537	76449
UNKNOWN	107	G	0.99847024629	T	0.000764876854826	4	1	6527	5	6537	76449
UNKNOWN	108	G	0.955790117791	A	0.0383968181123	251	26	6248	12	6537	76449
UNKNOWN	109	T	0.994798837387	C	0.00413033501606	0	27	7	6503	6537	76449
UNKNOWN	110	C	0.992657182194	T	0.00413033501606	2	6489	19	27	6537	76449
UNKNOWN	111	C	0.998164295548	G	0.000917852225792	3	6525	6	3	6537	76449
UNKNOWN	112	G	0.998623221661	C	0.000917852225792	2	6	6528	1	6537	76449
UNKNOWN	113	C	0.996634541839	T	0.00275355667737	3	6515	1	18	6537	76449
UNKNOWN	114	C	0.997705369436	A	0.00183570445158	12	6522	2	1	6537	76449
UNKNOWN	115	A	0.987150068839	G	0.0102493498547	6453	16	67	1	6537	76449
UNKNOWN	116	G	0.994033960532	A	0.00489521187089	32	2	6498	5	6537	76449
UNKNOWN	117	G	0.93972770384	A	0.0540003059507	353	33	6143	8	6537	76449
UNKNOWN	118	C	0.98883279792	T	0.00795471929019	3	6464	18	52	6537	76449
UNKNOWN	119	T	0.994492886645	C	0.00290653204834	1	19	16	6501	6537	76449
UNKNOWN	120	C	0.996022640355	A	0.00214165519351	14	6511	8	4	6537	76449
UNKNOWN	121	C	0.998011320177	A	0.000917852225792	6	6524	2	5	6537	76449
UNKNOWN	122	A	0.984243536791	G	0.00902554688695	6434	15	59	29	6537	76449
UNKNOWN	123	G	0.994492886645	A	0.00382438427413	25	9	6501	2	6537	76449
UNKNOWN	124	G	0.992657182194	A	0.00581306409668	38	6	6489	4	6537	76449
UNKNOWN	125	G	0.953036561114	A	0.0423741777574	277	27	6230	3	6537	76449
UNKNOWN	126	A	0.997705369436	G	0.00137677833869	6522	5	9	1	6537	76449
UNKNOWN	127	A	0.995869664984	G	0.00382438427413	6510	2	25	0	6537	76449
UNKNOWN	128	G	0.995716689613	A	0.00382438427413	25	1	6509	2	6537	76449
UNKNOWN	129	G	0.983937586049	A	0.0110142267095	72	24	6432	9	6537	76449
UNKNOWN	130	C	0.996328591097	G	0.00168272908062	6	6513	11	7	6537	76449
UNKNOWN	131	G	0.983631635307	A	0.0123910050482	81	18	6430	8	6537	76449
UNKNOWN	132	C	0.995104788129	T	0.00336545816124	6	6505	4	22	6537	76449
UNKNOWN	133	T	0.991739329968	C	0.00734281780633	0	48	6	6483	6537	76449
UNKNOWN	134	G	0.977359645097	A	0.0201927489674	132	3	6389	13	6537	76449
UNKNOWN	135	G	0.993269083678	C	0.0035184335322	18	23	6493	3	6537	76449
UNKNOWN	136	A	0.994951812758	G	0.0035184335322	6504	5	23	5	6537	76449
UNKNOWN	137	G	0.985620315129	A	0.0113201774514	74	8	6443	12	6537	76449
UNKNOWN	138	T	0.997705369436	G	0.00137677833869	0	6	9	6522	6537	76449
UNKNOWN	139	G	0.998317270919	A	0.000764876854826	5	1	6526	5	6537	76449
UNKNOWN	140	G	0.959155575952	C	0.0368670644026	11	241	6270	15	6537	76449
UNKNOWN	141	C	0.965427566162	G	0.0290653204834	20	6311	190	16	6537	76449
UNKNOWN	142	T	0.996022640355	C	0.00260058130641	3	17	6	6511	6537	76449
UNKNOWN	143	C	0.984243536791	T	0.013155881903	4	6434	13	86	6537	76449
UNKNOWN	144	G	0.990821477742	A	0.0070368670644	46	3	6477	11	6537	76449
UNKNOWN	145	G	0.990668502371	C	0.00734281780633	1	48	6476	12	6537	76449
UNKNOWN	146	T	0.96359186171	G	0.0156034878385	39	97	102	6299	6537	76449
UNKNOWN	147	G	0.673397582989	A	0.293406761511	1918	85	4402	132	6537	76449
UNKNOWN	148	G	0.720055071134	A	0.132170720514	864	604	4707	362	6537	76449
UNKNOWN	149	T	0.932078935291	G	0.0276885421447	165	98	181	6093	6537	76449
UNKNOWN	150	A	0.885727397889	G	0.074957931773	5790	155	490	102	6537	76449
UNKNOWN	151	T	0.976900718984	G	0.0116261281934	42	33	76	6386	6537	76449
UNKNOWN	152	A	0.948753250727	G	0.0313599510479	6202	48	205	82	6537	76449
UNKNOWN	153	T	0.930090255469	A	0.0451277344348	295	25	137	6080	6537	76449
UNKNOWN	154	G	0.978430472694	A	0.0151445617256	99	15	6396	27	6537	76449
UNKNOWN	155	C	0.854673397583	T	0.138442710724	18	5587	27	905	6537	76449
UNKNOWN	156	A	0.880373259905	G	0.101881597063	5755	98	666	18	6537	76449
UNKNOWN	157	G	0.873795318954	A	0.0758757839988	496	214	5712	115	6537	76449
UNKNOWN	158	T	0.966957319872	G	0.013002906532	69	62	85	6321	6537	76449
UNKNOWN	159	G	0.819795013003	A	0.162000917852	1059	92	5359	27	6537	76449
UNKNOWN	160	G	0.850849013309	A	0.121615419917	795	157	5562	23	6537	76449
UNKNOWN	161	T	0.952118708888	G	0.0192748967416	82	105	126	6224	6537	76449
UNKNOWN	162	G	0.989597674774	A	0.00810769466116	53	8	6469	7	6537	76449
UNKNOWN	163	G	0.981642955484	A	0.0145326602417	95	11	6417	14	6537	76449
UNKNOWN	164	A	0.968487073581	G	0.021875478048	6331	47	143	16	6537	76449
UNKNOWN	165	A	0.934526541227	G	0.0611901483861	6109	18	400	10	6537	76449
UNKNOWN	166	G	0.831268165825	C	0.0789352914181	357	516	5434	230	6537	76449
UNKNOWN	167	C	0.859415634083	T	0.0708275967569	238	5618	218	463	6537	76449
UNKNOWN	168	A	0.980419152516	G	0.0165213400642	6409	15	108	5	6537	76449
UNKNOWN	169	C	0.934373565856	G	0.0388557442252	73	6108	254	102	6537	76449
UNKNOWN	170	A	0.970169802662	G	0.0157564632094	6342	45	103	47	6537	76449
UNKNOWN	171	A	0.876854826373	G	0.0998929172403	5732	49	653	103	6537	76449
UNKNOWN	172	G	0.714242007037	A	0.211258987303	1381	345	4669	142	6537	76449
UNKNOWN	173	C	0.912345112437	G	0.0465045127734	137	5964	304	132	6537	76449
UNKNOWN	174	T	0.972617408597	G	0.0169802661771	14	54	111	6358	6537	76449
UNKNOWN	175	T	0.911886186324	A	0.0587425424507	384	114	78	5961	6537	76449
UNKNOWN	176	T	0.961297231146	G	0.0160624139514	87	61	105	6284	6537	76449
UNKNOWN	177	A	0.987150068839	C	0.00933149762888	6453	61	21	2	6537	76449
UNKNOWN	178	A	0.992963132936	C	0.00367140890317	6491	24	15	7	6537	76449
UNKNOWN	179	C	0.892764264953	T	0.0977512620468	21	5836	41	639	6537	76449
UNKNOWN	180	C	0.929172403243	T	0.0460455866605	62	6074	100	301	6537	76449
UNKNOWN	181	C	0.986538167355	T	0.00933149762888	18	6449	9	61	6537	76449
UNKNOWN	182	A	0.984702462903	C	0.0074957931773	6437	49	41	10	6537	76449
UNKNOWN	183	G	0.9762888175	A	0.0189689459997	124	20	6382	11	6537	76449
UNKNOWN	184	C	0.978583448065	T	0.00856662077406	41	6397	43	56	6537	76449
UNKNOWN	185	C	0.997399418694	A	0.00137677833869	9	6520	3	5	6537	76449
UNKNOWN	186	C	0.996328591097	T	0.00229463056448	5	6513	4	15	6537	76449
UNKNOWN	187	T	0.994186935903	G	0.00214165519351	11	13	14	6499	6537	76449
UNKNOWN	188	G	0.954566314823	A	0.0348783845801	228	14	6240	55	6537	76449
UNKNOWN	189	A	0.989138748661	G	0.00764876854826	6466	16	50	5	6537	76449
UNKNOWN	190	A	0.988985773291	C	0.00734281780633	6465	48	12	12	6537	76449
UNKNOWN	191	A	0.990209576258	G	0.00428331038703	6473	19	28	17	6537	76449
UNKNOWN	192	T	0.992810157565	C	0.00474223649992	7	31	9	6490	6537	76449
UNKNOWN	193	C	0.992657182194	T	0.00474223649992	13	6489	4	31	6537	76449
UNKNOWN	194	C	0.984549487533	T	0.00856662077406	12	6436	33	56	6537	76449
UNKNOWN	195	C	0.996481566468	G	0.00244760593544	3	6514	16	4	6537	76449
UNKNOWN	196	G	0.996175615726	A	0.00229463056448	15	1	6512	9	6537	76449
UNKNOWN	197	G	0.874407220438	A	0.102034572434	667	61	5716	93	6537	76449
UNKNOWN	198	C	0.989444699403	A	0.00443628575799	29	6468	18	22	6537	76449
UNKNOWN	199	T	0.994033960532	C	0.00290653204834	7	19	13	6498	6537	76449
UNKNOWN	200	C	0.993422059048	A	0.00382438427413	25	6494	7	11	6537	76449
UNKNOWN	201	A	0.991127428484	G	0.00566008872572	6479	19	37	2	6537	76449
UNKNOWN	202	G	0.96665136913	C	0.0253939115802	37	166	6319	15	6537	76449
UNKNOWN	203	C	0.932384886033	T	0.0544592320636	33	6095	53	356	6537	76449
UNKNOWN	204	A	0.981642955484	C	0.0123910050482	6417	81	30	9	6537	76449
UNKNOWN	205	T	0.992810157565	C	0.0035184335322	7	23	17	6490	6537	76449
UNKNOWN	206	C	0.980725103258	A	0.00933149762888	61	6411	8	57	6537	76449
UNKNOWN	207	A	0.986232216613	G	0.00826067003212	6447	22	54	14	6537	76449
UNKNOWN	208	C	0.986844118097	T	0.00520116261282	22	6451	30	34	6537	76449
UNKNOWN	209	C	0.957625822243	G	0.0186629952578	61	6260	122	94	6537	76449
UNKNOWN	210	A	0.990515527	C	0.00489521187089	6475	32	26	4	6537	76449
UNKNOWN	211	A	0.97934832492	G	0.0123910050482	6402	15	81	39	6537	76449
UNKNOWN	212	G	0.976594768242	A	0.0197338228545	129	21	6384	3	6537	76449
UNKNOWN	213	G	0.987761970323	A	0.00841364540309	55	5	6457	20	6537	76449
UNKNOWN	214	A	0.994033960532	G	0.00305950741931	6498	14	20	5	6537	76449
UNKNOWN	215	C	0.96833409821	G	0.0163683646933	47	6330	107	53	6537	76449
UNKNOWN	216	A	0.986538167355	G	0.00994339911274	6449	13	65	10	6537	76449
UNKNOWN	217	A	0.98730304421	G	0.00520116261282	6454	33	34	16	6537	76449
UNKNOWN	218	C	0.97307633471	T	0.0169802661771	9	6361	56	111	6537	76449
UNKNOWN	219	T	0.988985773291	C	0.00474223649992	23	31	18	6465	6537	76449
UNKNOWN	220	C	0.992810157565	A	0.00520116261282	34	6490	3	10	6537	76449
UNKNOWN	221	C	0.991127428484	T	0.00413033501606	23	6479	8	27	6537	76449
UNKNOWN	222	A	0.978277497323	G	0.0168272908062	6395	30	110	2	6537	76449
UNKNOWN	223	A	0.989597674774	G	0.0070368670644	6469	9	46	13	6537	76449
UNKNOWN	224	G	0.967416245984	C	0.0186629952578	68	122	6324	23	6537	76449
UNKNOWN	225	A	0.986691142726	G	0.00764876854826	6450	33	50	4	6537	76449
UNKNOWN	226	G	0.953801437968	A	0.0393146703381	257	17	6235	28	6537	76449
UNKNOWN	227	C	0.918311151905	T	0.0682270154505	29	6003	59	446	6537	76449
UNKNOWN	228	C	0.988526847178	G	0.00581306409668	34	6462	38	3	6537	76449
UNKNOWN	229	A	0.991892305339	G	0.00367140890317	6484	19	24	10	6537	76449
UNKNOWN	230	A	0.983784610678	G	0.013308857274	6431	15	87	4	6537	76449
UNKNOWN	231	G	0.960532354291	C	0.0197338228545	106	129	6279	23	6537	76449
UNKNOWN	232	T	0.991586354597	C	0.00611901483861	5	40	10	6482	6537	76449
UNKNOWN	233	C	0.964662689307	T	0.0192748967416	26	6306	79	126	6537	76449
UNKNOWN	234	T	0.988985773291	C	0.00642496558054	12	42	18	6465	6537	76449
UNKNOWN	235	C	0.990362551629	T	0.00795471929019	11	6474	0	52	6537	76449
UNKNOWN	236	T	0.980266177145	C	0.00871959614502	33	57	39	6408	6537	76449
UNKNOWN	237	C	0.992351231452	T	0.00443628575799	16	6487	5	29	6537	76449
UNKNOWN	238	T	0.9952577635	G	0.00275355667737	2	11	18	6506	6537	76449
UNKNOWN	239	G	0.933149762888	A	0.0471164142573	308	91	6100	38	6537	76449
UNKNOWN	240	T	0.986844118097	G	0.00611901483861	29	17	40	6451	6537	76449
UNKNOWN	241	C	0.985314364387	T	0.0107082759676	17	6441	9	70	6537	76449
UNKNOWN	242	A	0.975676916017	G	0.0172862169191	6378	32	113	14	6537	76449
UNKNOWN	243	G	0.90178981184	A	0.0562949365152	368	235	5895	39	6537	76449
UNKNOWN	244	T	0.992810157565	A	0.00260058130641	17	14	16	6490	6537	76449
UNKNOWN	245	G	0.955484167049	A	0.0223344041609	146	65	6246	80	6537	76449
UNKNOWN	246	A	0.981337004742	G	0.0100963744837	6415	47	66	9	6537	76449
UNKNOWN	247	G	0.915098669114	A	0.048646167967	318	199	5982	38	6537	76449
UNKNOWN	248	C	0.960226403549	T	0.0256998623222	37	6277	55	168	6537	76449
UNKNOWN	249	A	0.980878078629	G	0.0154505124675	6412	20	101	4	6537	76449
UNKNOWN	250	G	0.977665595839	A	0.0148386109836	97	36	6391	13	6537	76449
UNKNOWN	251	C	0.980266177145	T	0.0100963744837	22	6408	41	66	6537	76449
UNKNOWN	252	G	0.984702462903	A	0.00948447299985	62	18	6437	20	6537	76449
UNKNOWN	253	T	0.990821477742	C	0.00550711335475	2	36	22	6477	6537	76449
UNKNOWN	254	G	0.965274590791	A	0.0249349854673	163	28	6310	36	6537	76449
UNKNOWN	255	A	0.98409056142	G	0.00948447299985	6433	14	62	28	6537	76449
UNKNOWN	256	C	0.986691142726	A	0.00627199020958	41	6450	9	37	6537	76449
UNKNOWN	257	A	0.97781857121	G	0.0126969557901	6392	49	83	13	6537	76449
UNKNOWN	258	C	0.948447299985	A	0.0249349854673	163	6200	55	119	6537	76449
UNKNOWN	259	C	0.986997093468	T	0.00718984243537	23	6452	15	47	6537	76449
UNKNOWN	260	T	0.954260364081	G	0.0253939115802	8	125	166	6238	6537	76449
UNKNOWN	261	G	0.990209576258	A	0.00657794095151	43	1	6473	20	6537	76449
UNKNOWN	262	A	0.976747743613	C	0.0160624139514	6385	105	41	6	6537	76449
UNKNOWN	263	G	0.93192595992	A	0.0457396359186	299	97	6092	49	6537	76449
UNKNOWN	264	G	0.98730304421	A	0.00887257151599	58	6	6454	19	6537	76449
UNKNOWN	265	A	0.988985773291	C	0.00734281780633	6465	48	20	4	6537	76449
UNKNOWN	266	C	0.976135842129	T	0.0108612513385	54	6381	31	71	6537	76449
UNKNOWN	267	A	0.985314364387	G	0.00902554688695	6441	11	59	26	6537	76449
UNKNOWN	268	C	0.990362551629	T	0.00382438427413	23	6474	15	25	6537	76449
UNKNOWN	269	G	0.967416245984	A	0.0246290347254	161	21	6324	31	6537	76449
UNKNOWN	270	G	0.98883279792	A	0.00535413798378	35	11	6464	27	6537	76449
UNKNOWN	271	C	0.989903625516	A	0.00611901483861	40	6471	18	8	6537	76449
UNKNOWN	272	C	0.989750650145	A	0.00535413798378	35	6470	14	18	6537	76449
UNKNOWN	273	A	0.990362551629	T	0.0039773596451	6474	12	25	26	6537	76449
UNKNOWN	274	C	0.987914945694	A	0.00734281780633	48	6458	8	23	6537	76449
UNKNOWN	275	A	0.951965733517	C	0.0226403549029	6223	148	140	26	6537	76449
UNKNOWN	276	T	0.994339911274	G	0.00260058130641	14	6	17	6500	6537	76449
UNKNOWN	277	A	0.991586354597	C	0.00458926112896	6482	30	18	7	6537	76449
UNKNOWN	278	C	0.943399112743	T	0.0535413798378	12	6167	8	350	6537	76449
UNKNOWN	279	T	0.978277497323	C	0.0111672020805	32	73	37	6395	6537	76449
UNKNOWN	280	A	0.971699556371	T	0.0171332415481	6352	51	22	112	6537	76449
UNKNOWN	281	C	0.962215083372	T	0.035031359951	16	6290	2	229	6537	76449
UNKNOWN	282	T	0.989750650145	G	0.00642496558054	19	6	42	6470	6537	76449
