Type	Position	Nucl1	Freq1	Nucl2	Freq2	NumAs	NumCs	NumGs	NumTs	NumAligned	NumNaive
UNKNOWN	0	C	1.0	A	0.0	0	15008	0	0	15008	76449
UNKNOWN	1	A	1.0	C	0.0	15008	0	0	0	15008	76449
UNKNOWN	2	G	1.0	A	0.0	0	0	15008	0	15008	76449
UNKNOWN	3	G	1.0	A	0.0	0	0	15008	0	15008	76449
UNKNOWN	4	T	1.0	A	0.0	0	0	0	15008	15008	76449
UNKNOWN	5	G	1.0	A	0.0	0	0	15008	0	15008	76449
UNKNOWN	6	C	1.0	A	0.0	0	15008	0	0	15008	76449
UNKNOWN	7	A	0.998600746269	G	0.00119936034115	14987	0	18	3	15008	76449
UNKNOWN	8	G	0.985074626866	A	0.0129264392324	194	22	14784	8	15008	76449
UNKNOWN	9	C	0.995202558635	T	0.00446428571429	1	14936	4	67	15008	76449
UNKNOWN	10	T	0.998467484009	C	0.00126599147122	1	19	3	14985	15008	76449
UNKNOWN	11	G	0.998933901919	A	0.000732942430704	11	1	14992	4	15008	76449
UNKNOWN	12	C	0.999067164179	T	0.00066631130064	1	14994	3	10	15008	76449
UNKNOWN	13	G	0.995668976546	A	0.00413113006397	62	0	14943	3	15008	76449
UNKNOWN	14	G	0.951958955224	C	0.0447094882729	47	671	14287	3	15008	76449
UNKNOWN	15	G	0.99966684435	A	0.000199893390192	3	1	15003	1	15008	76449
UNKNOWN	16	A	0.997068230277	G	0.0016657782516	14964	13	25	6	15008	76449
UNKNOWN	17	G	0.992870469083	A	0.0064632196162	97	7	14901	3	15008	76449
UNKNOWN	18	T	0.998734008529	C	0.000999466950959	1	15	3	14989	15008	76449
UNKNOWN	19	C	0.999000533049	G	0.000466417910448	2	14993	7	6	15008	76449
UNKNOWN	20	G	0.932036247335	A	0.0674973347548	1013	2	13988	5	15008	76449
UNKNOWN	21	G	0.999267057569	A	0.000266524520256	4	4	14997	3	15008	76449
UNKNOWN	22	G	0.999067164179	C	0.000533049040512	6	8	14994	0	15008	76449
UNKNOWN	23	C	0.999333688699	T	0.000533049040512	1	14998	1	8	15008	76449
UNKNOWN	24	C	0.997667910448	A	0.00133262260128	20	14973	3	12	15008	76449
UNKNOWN	25	C	0.998600746269	A	0.000866204690832	13	14987	2	6	15008	76449
UNKNOWN	26	C	0.998600746269	A	0.000799573560768	12	14987	4	5	15008	76449
UNKNOWN	27	A	0.977012260128	T	0.0205223880597	14663	7	30	308	15008	76449
UNKNOWN	28	G	0.990538379531	A	0.00606343283582	91	49	14866	2	15008	76449
UNKNOWN	29	C	0.996468550107	T	0.00306503198294	6	14955	1	46	15008	76449
UNKNOWN	30	C	0.998867270789	T	0.000866204690832	1	14991	3	13	15008	76449
UNKNOWN	31	T	0.996268656716	C	0.0023987206823	2	36	18	14952	15008	76449
UNKNOWN	32	G	0.993336886994	A	0.00479744136461	72	19	14908	9	15008	76449
UNKNOWN	33	G	0.996002132196	A	0.00173240938166	26	22	14948	12	15008	76449
UNKNOWN	34	T	0.996401918977	C	0.0023987206823	5	36	13	14954	15008	76449
UNKNOWN	35	G	0.996335287846	A	0.00299840085288	45	5	14953	5	15008	76449
UNKNOWN	36	A	0.998001066098	G	0.00119936034115	14978	9	18	3	15008	76449
UNKNOWN	37	A	0.995602345416	G	0.00306503198294	14942	18	46	2	15008	76449
UNKNOWN	38	G	0.996468550107	A	0.0023987206823	36	13	14955	4	15008	76449
UNKNOWN	39	C	0.994203091684	T	0.00353144989339	30	14921	4	53	15008	76449
UNKNOWN	40	C	0.999400319829	T	0.000399786780384	2	14999	1	6	15008	76449
UNKNOWN	41	C	0.997801172708	G	0.00146588486141	0	14975	22	11	15008	76449
UNKNOWN	42	T	0.995735607676	C	0.0033315565032	6	50	8	14944	15008	76449
UNKNOWN	43	C	0.998334221748	A	0.000999466950959	15	14983	1	9	15008	76449
UNKNOWN	44	A	0.996934968017	G	0.00173240938166	14962	16	26	4	15008	76449
UNKNOWN	45	C	0.994536247335	G	0.0040644989339	18	14926	61	3	15008	76449
UNKNOWN	46	A	0.997068230277	G	0.00206556503198	14964	9	31	4	15008	76449
UNKNOWN	47	G	0.998200959488	A	0.00119936034115	18	8	14981	1	15008	76449
UNKNOWN	48	A	0.995402452026	C	0.00233208955224	14939	35	20	14	15008	76449
UNKNOWN	49	C	0.992870469083	T	0.0064632196162	6	14901	4	97	15008	76449
UNKNOWN	50	C	0.996535181237	T	0.00273187633262	8	14956	3	41	15008	76449
UNKNOWN	51	C	0.998134328358	T	0.00139925373134	4	14980	3	21	15008	76449
UNKNOWN	52	T	0.995002665245	C	0.00433102345416	7	65	3	14933	15008	76449
UNKNOWN	53	C	0.998134328358	T	0.000932835820896	4	14980	10	14	15008	76449
UNKNOWN	54	T	0.993736673774	C	0.00526385927505	4	79	11	14914	15008	76449
UNKNOWN	55	C	0.997401385928	A	0.00133262260128	20	14969	9	10	15008	76449
UNKNOWN	56	C	0.996068763326	T	0.00246535181237	2	14949	20	37	15008	76449
UNKNOWN	57	C	0.995535714286	G	0.00313166311301	3	14941	47	17	15008	76449
UNKNOWN	58	T	0.996601812367	C	0.00273187633262	6	41	4	14957	15008	76449
UNKNOWN	59	C	0.998001066098	A	0.00119936034115	18	14978	2	10	15008	76449
UNKNOWN	60	A	0.995802238806	C	0.00259861407249	14945	39	16	8	15008	76449
UNKNOWN	61	C	0.997667910448	T	0.000932835820896	9	14973	12	14	15008	76449
UNKNOWN	62	C	0.992004264392	T	0.00513059701493	12	14888	31	77	15008	76449
UNKNOWN	63	T	0.996801705757	C	0.00193230277186	2	29	17	14960	15008	76449
UNKNOWN	64	G	0.998734008529	C	0.00066631130064	8	10	14989	1	15008	76449
UNKNOWN	65	C	0.996401918977	T	0.00219882729211	20	14954	1	33	15008	76449
UNKNOWN	66	A	0.98973880597	C	0.00613006396588	14854	92	49	13	15008	76449
UNKNOWN	67	C	0.993270255864	A	0.00306503198294	46	14907	15	40	15008	76449
UNKNOWN	68	G	0.988206289979	A	0.0105943496802	159	12	14831	6	15008	76449
UNKNOWN	69	G	0.733275586354	A	0.259394989339	3893	25	11005	85	15008	76449
UNKNOWN	70	T	0.984008528785	C	0.0113272921109	0	170	70	14768	15008	76449
UNKNOWN	71	C	0.980143923241	T	0.01039445629	14	14710	128	156	15008	76449
UNKNOWN	72	T	0.996135394456	C	0.00273187633262	6	41	11	14950	15008	76449
UNKNOWN	73	C	0.997534648188	T	0.00113272921109	10	14971	10	17	15008	76449
UNKNOWN	74	T	0.990605010661	C	0.00579690831557	7	87	47	14867	15008	76449
UNKNOWN	75	G	0.995335820896	A	0.00413113006397	62	6	14938	2	15008	76449
UNKNOWN	76	G	0.991737739872	A	0.00732942430704	110	6	14884	8	15008	76449
UNKNOWN	77	A	0.981942963753	C	0.0105277185501	14737	158	55	58	15008	76449
UNKNOWN	78	T	0.988672707889	G	0.00619669509595	3	74	93	14838	15008	76449
UNKNOWN	79	T	0.986740405117	G	0.00679637526652	14	83	102	14809	15008	76449
UNKNOWN	80	C	0.991071428571	T	0.00766257995736	15	14874	4	115	15008	76449
UNKNOWN	81	T	0.993869936034	C	0.00419776119403	13	63	16	14916	15008	76449
UNKNOWN	82	C	0.996601812367	A	0.00179904051173	27	14957	4	20	15008	76449
UNKNOWN	83	A	0.99007196162	G	0.00539712153518	14859	24	81	44	15008	76449
UNKNOWN	84	T	0.988472814499	C	0.00859541577825	3	129	41	14835	15008	76449
UNKNOWN	85	T	0.996135394456	C	0.00206556503198	5	31	22	14950	15008	76449
UNKNOWN	86	G	0.97954424307	A	0.0197228144989	296	8	14701	3	15008	76449
UNKNOWN	87	A	0.98907249467	G	0.0057302771855	14844	75	86	3	15008	76449
UNKNOWN	88	G	0.944296375267	A	0.0295842217484	444	343	14172	49	15008	76449
UNKNOWN	89	C	0.961687100213	T	0.0265858208955	74	14433	102	399	15008	76449
UNKNOWN	90	A	0.965218550107	G	0.0287846481876	14486	86	432	4	15008	76449
UNKNOWN	91	G	0.846015458422	A	0.109941364606	1650	427	12697	234	15008	76449
UNKNOWN	92	C	0.942364072495	T	0.039578891258	209	14143	62	594	15008	76449
UNKNOWN	93	T	0.966817697228	G	0.0160581023454	180	77	241	14510	15008	76449
UNKNOWN	94	A	0.970215884861	T	0.0139925373134	14561	174	63	210	15008	76449
UNKNOWN	95	T	0.982476012793	C	0.0097947761194	57	147	59	14745	15008	76449
UNKNOWN	96	G	0.894389658849	A	0.0758928571429	1139	220	13423	226	15008	76449
UNKNOWN	97	C	0.917777185501	G	0.0367137526652	361	13774	551	322	15008	76449
UNKNOWN	98	T	0.994269722814	C	0.00286513859275	6	43	37	14922	15008	76449
UNKNOWN	99	G	0.971015458422	A	0.0248534115139	373	6	14573	56	15008	76449
UNKNOWN	100	T	0.993536780384	C	0.00513059701493	13	77	7	14911	15008	76449
UNKNOWN	101	A	0.980676972281	G	0.00992803837953	14718	74	149	67	15008	76449
UNKNOWN	102	G	0.939765458422	A	0.0428438166311	643	225	14104	36	15008	76449
UNKNOWN	103	G	0.852278784648	A	0.097947761194	1470	430	12791	317	15008	76449
UNKNOWN	104	C	0.98940565032	T	0.0057302771855	34	14849	39	86	15008	76449
UNKNOWN	105	T	0.996202025586	G	0.00219882729211	2	22	33	14951	15008	76449
UNKNOWN	106	G	0.999067164179	A	0.000533049040512	8	2	14994	4	15008	76449
UNKNOWN	107	G	0.997801172708	C	0.00106609808102	7	16	14975	10	15008	76449
UNKNOWN	108	G	0.983742004264	A	0.0102611940299	154	42	14764	48	15008	76449
UNKNOWN	109	T	0.995335820896	C	0.00326492537313	5	49	16	14938	15008	76449
UNKNOWN	110	C	0.994869402985	T	0.00299840085288	18	14931	14	45	15008	76449
UNKNOWN	111	C	0.998400852878	G	0.000732942430704	7	14984	11	6	15008	76449
UNKNOWN	112	G	0.998334221748	C	0.00106609808102	8	16	14983	1	15008	76449
UNKNOWN	113	C	0.997934434968	T	0.00113272921109	8	14977	6	17	15008	76449
UNKNOWN	114	C	0.998067697228	A	0.00119936034115	18	14979	5	6	15008	76449
UNKNOWN	115	A	0.993003731343	G	0.00353144989339	14903	49	53	3	15008	76449
UNKNOWN	116	G	0.997801172708	A	0.00126599147122	19	6	14975	8	15008	76449
UNKNOWN	117	G	0.985074626866	A	0.0116604477612	175	28	14784	21	15008	76449
UNKNOWN	118	C	0.995402452026	T	0.00306503198294	12	14939	11	46	15008	76449
UNKNOWN	119	T	0.993070362473	C	0.00526385927505	4	79	21	14904	15008	76449
UNKNOWN	120	C	0.991804371002	T	0.00539712153518	27	14885	15	81	15008	76449
UNKNOWN	121	C	0.998200959488	G	0.00139925373134	2	14981	21	4	15008	76449
UNKNOWN	122	G	0.987473347548	A	0.0107942430704	162	11	14820	15	15008	76449
UNKNOWN	123	G	0.998534115139	A	0.00106609808102	16	2	14986	4	15008	76449
UNKNOWN	124	G	0.996268656716	A	0.00326492537313	49	6	14952	1	15008	76449
UNKNOWN	125	G	0.991404584222	A	0.00772921108742	116	5	14879	8	15008	76449
UNKNOWN	126	A	0.997268123667	G	0.00139925373134	14967	14	21	6	15008	76449
UNKNOWN	127	A	0.990671641791	G	0.00846215351812	14868	9	127	4	15008	76449
UNKNOWN	128	G	0.995335820896	A	0.00353144989339	53	7	14938	10	15008	76449
UNKNOWN	129	G	0.978478144989	A	0.0148587420043	223	82	14685	18	15008	76449
UNKNOWN	130	C	0.995602345416	T	0.00273187633262	6	14942	19	41	15008	76449
UNKNOWN	131	G	0.922707889126	A	0.0717617270789	1077	58	13848	25	15008	76449
UNKNOWN	132	C	0.98967217484	T	0.00553038379531	59	14853	13	83	15008	76449
UNKNOWN	133	T	0.991471215352	C	0.00639658848614	4	96	28	14880	15008	76449
UNKNOWN	134	G	0.963819296375	A	0.030183901919	453	40	14465	50	15008	76449
UNKNOWN	135	G	0.995668976546	C	0.00233208955224	25	35	14943	5	15008	76449
UNKNOWN	136	A	0.993070362473	G	0.00539712153518	14904	11	81	12	15008	76449
UNKNOWN	137	G	0.94809434968	A	0.0461753731343	693	40	14229	46	15008	76449
UNKNOWN	138	T	0.996868336887	G	0.00219882729211	1	13	33	14961	15008	76449
UNKNOWN	139	G	0.997734541578	T	0.00186567164179	6	0	14974	28	15008	76449
UNKNOWN	140	G	0.994336353945	C	0.00293176972281	8	44	14923	33	15008	76449
UNKNOWN	141	G	0.932769189765	A	0.0515058635394	773	204	13999	32	15008	76449
UNKNOWN	142	T	0.997468017058	C	0.00113272921109	7	17	14	14970	15008	76449
UNKNOWN	143	T	0.977345415778	C	0.0134594882729	31	202	107	14668	15008	76449
UNKNOWN	144	G	0.994536247335	A	0.00366471215352	55	4	14926	23	15008	76449
UNKNOWN	145	G	0.9891391258	C	0.00826226012793	9	124	14845	30	15008	76449
UNKNOWN	146	T	0.97954424307	C	0.00852878464819	74	128	105	14701	15008	76449
UNKNOWN	147	G	0.851945628998	A	0.128264925373	1925	104	12786	193	15008	76449
UNKNOWN	148	G	0.813232942431	A	0.116871002132	1754	634	12205	415	15008	76449
UNKNOWN	149	T	0.92737206823	G	0.0295175906183	346	301	443	13918	15008	76449
UNKNOWN	150	A	0.940565031983	G	0.0522388059701	14116	41	784	67	15008	76449
UNKNOWN	151	T	0.986007462687	C	0.00686300639659	48	103	59	14798	15008	76449
UNKNOWN	152	A	0.942297441365	T	0.02078891258	14142	244	310	312	15008	76449
UNKNOWN	153	A	0.915111940299	G	0.0692297441365	13734	173	1039	62	15008	76449
UNKNOWN	154	G	0.831489872068	A	0.12513326226	1878	528	12479	123	15008	76449
UNKNOWN	155	T	0.936567164179	C	0.0274520255864	143	412	397	14056	15008	76449
UNKNOWN	156	A	0.8125	G	0.153584754797	12194	314	2305	195	15008	76449
UNKNOWN	157	G	0.847947761194	C	0.0672308102345	984	1009	12726	289	15008	76449
UNKNOWN	158	T	0.955756929638	G	0.0227212153518	157	166	341	14344	15008	76449
UNKNOWN	159	G	0.783715351812	A	0.16624466951	2495	459	11762	292	15008	76449
UNKNOWN	160	G	0.799440298507	A	0.12453358209	1869	616	11998	525	15008	76449
UNKNOWN	161	T	0.944962686567	G	0.0309834754797	128	233	465	14182	15008	76449
UNKNOWN	162	G	0.990871535181	A	0.00712953091684	107	12	14871	18	15008	76449
UNKNOWN	163	G	0.976945628998	A	0.0181236673774	272	30	14662	44	15008	76449
UNKNOWN	164	A	0.967550639659	G	0.0178571428571	14521	109	268	110	15008	76449
UNKNOWN	165	A	0.943363539446	G	0.0443763326226	14158	116	666	68	15008	76449
UNKNOWN	166	G	0.758595415778	A	0.132129530917	1983	1079	11385	561	15008	76449
UNKNOWN	167	C	0.86487206823	T	0.0615671641791	417	12980	687	924	15008	76449
UNKNOWN	168	A	0.964418976546	C	0.0147254797441	14474	221	217	96	15008	76449
UNKNOWN	169	C	0.961420575693	T	0.0251199360341	137	14429	65	377	15008	76449
UNKNOWN	170	A	0.974147121535	G	0.0164578891258	14620	84	247	57	15008	76449
UNKNOWN	171	T	0.970015991471	G	0.0191897654584	80	82	288	14558	15008	76449
UNKNOWN	172	G	0.910047974414	A	0.0744269722814	1117	69	13658	164	15008	76449
UNKNOWN	173	C	0.975079957356	T	0.0177905117271	39	14634	68	267	15008	76449
UNKNOWN	174	C	0.90591684435	T	0.0850879530917	89	13596	46	1277	15008	76449
UNKNOWN	175	T	0.892990405117	A	0.0824227078891	1237	137	232	13402	15008	76449
UNKNOWN	176	T	0.949893390192	G	0.0199893390192	222	230	300	14256	15008	76449
UNKNOWN	177	A	0.98953891258	C	0.00619669509595	14851	93	57	7	15008	76449
UNKNOWN	178	A	0.985874200426	G	0.00819562899787	14796	80	123	9	15008	76449
UNKNOWN	179	C	0.855343816631	T	0.133595415778	74	12837	92	2005	15008	76449
UNKNOWN	180	C	0.940764925373	T	0.0383128997868	94	14119	220	575	15008	76449
UNKNOWN	181	C	0.981876332623	T	0.00939498933902	84	14736	47	141	15008	76449
UNKNOWN	182	A	0.983808635394	C	0.00759594882729	14765	114	103	26	15008	76449
UNKNOWN	183	G	0.972081556503	A	0.0210554371002	316	45	14589	58	15008	76449
UNKNOWN	184	C	0.971215351812	T	0.0142590618337	74	14576	144	214	15008	76449
UNKNOWN	185	C	0.997134861407	A	0.00133262260128	20	14965	9	14	15008	76449
UNKNOWN	186	C	0.995002665245	T	0.00313166311301	18	14933	10	47	15008	76449
UNKNOWN	187	T	0.995002665245	G	0.00259861407249	16	20	39	14933	15008	76449
UNKNOWN	188	G	0.977212153518	A	0.0170575692964	256	36	14666	50	15008	76449
UNKNOWN	189	A	0.985874200426	G	0.00619669509595	14796	83	93	36	15008	76449
UNKNOWN	190	A	0.978478144989	G	0.0123933901919	14685	84	186	53	15008	76449
UNKNOWN	191	A	0.985807569296	C	0.00859541577825	14795	129	44	40	15008	76449
UNKNOWN	192	T	0.98993869936	C	0.00546375266525	28	82	41	14857	15008	76449
UNKNOWN	193	C	0.990738272921	T	0.00706289978678	25	14869	8	106	15008	76449
UNKNOWN	194	C	0.986340618337	T	0.0105277185501	25	14803	22	158	15008	76449
UNKNOWN	195	C	0.995668976546	G	0.00273187633262	19	14943	41	5	15008	76449
UNKNOWN	196	G	0.996135394456	A	0.00193230277186	29	9	14950	20	15008	76449
UNKNOWN	197	G	0.92743869936	A	0.0535714285714	804	156	13919	129	15008	76449
UNKNOWN	198	C	0.982675906183	A	0.008328891258	125	14748	62	73	15008	76449
UNKNOWN	199	T	0.993136993603	C	0.00426439232409	20	64	19	14905	15008	76449
UNKNOWN	200	C	0.991337953092	T	0.00393123667377	44	14878	27	59	15008	76449
UNKNOWN	201	A	0.991937633262	G	0.0049973347548	14887	41	75	5	15008	76449
UNKNOWN	202	G	0.970682302772	C	0.0191897654584	54	288	14568	98	15008	76449
UNKNOWN	203	C	0.940764925373	T	0.0433102345416	151	14119	88	650	15008	76449
UNKNOWN	204	A	0.984674840085	G	0.0116604477612	14778	21	175	34	15008	76449
UNKNOWN	205	T	0.991804371002	C	0.00513059701493	18	77	28	14885	15008	76449
UNKNOWN	206	C	0.985940831557	T	0.0105277185501	51	14797	2	158	15008	76449
UNKNOWN	207	A	0.987406716418	G	0.00533049040512	14819	60	80	49	15008	76449
UNKNOWN	208	C	0.980676972281	T	0.00879530916844	50	14718	108	132	15008	76449
UNKNOWN	209	C	0.967683901919	G	0.0153251599147	96	14523	230	159	15008	76449
UNKNOWN	210	A	0.991804371002	C	0.00439765458422	14885	66	51	6	15008	76449
UNKNOWN	211	A	0.985674307036	G	0.0106609808102	14793	34	160	21	15008	76449
UNKNOWN	212	G	0.981942963753	A	0.0137260127932	206	52	14737	13	15008	76449
UNKNOWN	213	G	0.992004264392	A	0.0057302771855	86	21	14888	13	15008	76449
UNKNOWN	214	A	0.98947228145	C	0.00466417910448	14850	70	44	44	15008	76449
UNKNOWN	215	C	0.981543176972	T	0.00712953091684	86	14731	84	107	15008	76449
UNKNOWN	216	A	0.984674840085	G	0.00946162046908	14778	58	142	30	15008	76449
UNKNOWN	217	A	0.984741471215	G	0.00759594882729	14779	87	114	28	15008	76449
UNKNOWN	218	C	0.970615671642	T	0.0212553304904	24	14567	98	319	15008	76449
UNKNOWN	219	T	0.98920575693	C	0.0040644989339	60	61	41	14846	15008	76449
UNKNOWN	220	C	0.990205223881	A	0.0066631130064	100	14861	7	40	15008	76449
UNKNOWN	221	C	0.985007995736	T	0.00626332622601	78	14783	53	94	15008	76449
UNKNOWN	222	A	0.978144989339	C	0.0136593816631	14680	205	104	19	15008	76449
UNKNOWN	223	A	0.987873134328	G	0.00852878464819	14826	25	128	29	15008	76449
UNKNOWN	224	G	0.988739339019	A	0.00639658848614	96	63	14839	10	15008	76449
UNKNOWN	225	A	0.990405117271	G	0.00546375266525	14864	48	82	14	15008	76449
UNKNOWN	226	G	0.954157782516	A	0.0373800639659	561	110	14320	17	15008	76449
UNKNOWN	227	C	0.964618869936	T	0.0273187633262	66	14477	55	410	15008	76449
UNKNOWN	228	C	0.990405117271	A	0.00493070362473	74	14864	63	7	15008	76449
UNKNOWN	229	A	0.984941364606	G	0.00772921108742	14782	42	116	68	15008	76449
UNKNOWN	230	A	0.97881130064	G	0.017657249467	14690	42	265	11	15008	76449
UNKNOWN	231	G	0.965351812367	A	0.0211886993603	318	112	14488	90	15008	76449
UNKNOWN	232	T	0.992470682303	C	0.00539712153518	11	81	21	14895	15008	76449
UNKNOWN	233	C	0.966151385928	G	0.0183901918977	35	14500	276	197	15008	76449
UNKNOWN	234	T	0.987140191898	C	0.00639658848614	51	96	46	14815	15008	76449
UNKNOWN	235	C	0.991937633262	T	0.00593017057569	28	14887	4	89	15008	76449
UNKNOWN	236	T	0.977678571429	G	0.0108608742004	34	138	163	14673	15008	76449
UNKNOWN	237	C	0.992670575693	T	0.00393123667377	33	14898	18	59	15008	76449
UNKNOWN	238	T	0.993736673774	G	0.00279850746269	12	40	42	14914	15008	76449
UNKNOWN	239	G	0.943163646055	A	0.0439099147122	659	97	14155	97	15008	76449
UNKNOWN	240	T	0.987539978678	A	0.00553038379531	83	56	48	14821	15008	76449
UNKNOWN	241	C	0.978544776119	T	0.0168576759062	56	14686	13	253	15008	76449
UNKNOWN	242	A	0.976146055437	G	0.01039445629	14650	147	156	55	15008	76449
UNKNOWN	243	G	0.920309168443	C	0.0353144989339	511	530	13812	155	15008	76449
UNKNOWN	244	T	0.992337420043	G	0.00373134328358	14	45	56	14893	15008	76449
UNKNOWN	245	G	0.972014925373	A	0.0214552238806	322	54	14588	44	15008	76449
UNKNOWN	246	A	0.981343283582	G	0.011460554371	14728	89	172	19	15008	76449
UNKNOWN	247	G	0.907715884861	A	0.0640325159915	961	259	13623	165	15008	76449
UNKNOWN	248	C	0.94776119403	T	0.0402452025586	98	14224	82	604	15008	76449
UNKNOWN	249	A	0.977545309168	G	0.0185234541578	14671	52	278	7	15008	76449
UNKNOWN	250	G	0.977145522388	A	0.0131263326226	197	118	14665	28	15008	76449
UNKNOWN	251	C	0.987939765458	T	0.0057302771855	40	14827	55	86	15008	76449
UNKNOWN	252	G	0.988006396588	A	0.00639658848614	96	32	14828	52	15008	76449
UNKNOWN	253	T	0.988672707889	C	0.00626332622601	18	94	58	14838	15008	76449
UNKNOWN	254	G	0.959288379531	A	0.0308502132196	463	62	14397	86	15008	76449
UNKNOWN	255	A	0.981143390192	G	0.0109941364606	14725	47	165	71	15008	76449
UNKNOWN	256	C	0.986807036247	A	0.00613006396588	92	14810	29	77	15008	76449
UNKNOWN	257	A	0.975346481876	G	0.0123267590618	14638	75	185	110	15008	76449
UNKNOWN	258	C	0.709355010661	A	0.258328891258	3877	10646	240	245	15008	76449
UNKNOWN	259	C	0.96921641791	T	0.0150586353945	49	14546	187	226	15008	76449
UNKNOWN	260	T	0.961353944563	C	0.0207222814499	54	311	215	14428	15008	76449
UNKNOWN	261	G	0.98933901919	A	0.00799573560768	120	6	14848	34	15008	76449
UNKNOWN	262	A	0.987140191898	G	0.00752931769723	14815	53	113	27	15008	76449
UNKNOWN	263	G	0.941297974414	A	0.0297841151386	447	287	14127	147	15008	76449
UNKNOWN	264	G	0.988339552239	A	0.0066631130064	100	13	14833	62	15008	76449
UNKNOWN	265	A	0.988739339019	C	0.00672974413646	14839	101	47	21	15008	76449
UNKNOWN	266	C	0.979877398721	T	0.0090618336887	120	14706	46	136	15008	76449
UNKNOWN	267	A	0.978011727079	G	0.012460021322	14678	37	187	106	15008	76449
UNKNOWN	268	C	0.988939232409	A	0.00479744136461	72	14842	62	32	15008	76449
UNKNOWN	269	G	0.975413113006	A	0.0179904051173	270	51	14639	48	15008	76449
UNKNOWN	270	G	0.988139658849	A	0.00493070362473	74	42	14830	62	15008	76449
UNKNOWN	271	C	0.988406183369	A	0.00679637526652	102	14834	55	17	15008	76449
UNKNOWN	272	C	0.985074626866	T	0.00632995735608	86	14784	43	95	15008	76449
UNKNOWN	273	A	0.988206289979	G	0.00679637526652	14831	43	102	32	15008	76449
UNKNOWN	274	C	0.981276652452	A	0.00759594882729	114	14727	68	99	15008	76449
UNKNOWN	275	A	0.972081556503	G	0.0141257995736	14589	108	212	99	15008	76449
UNKNOWN	276	T	0.991937633262	A	0.00346481876333	52	23	46	14887	15008	76449
UNKNOWN	277	A	0.98973880597	C	0.0064632196162	14854	97	31	26	15008	76449
UNKNOWN	278	C	0.936767057569	T	0.0588352878465	48	14059	18	883	15008	76449
UNKNOWN	279	T	0.976146055437	C	0.0149920042644	56	225	77	14650	15008	76449
UNKNOWN	280	A	0.970549040512	T	0.0133262260128	14566	176	66	200	15008	76449
UNKNOWN	281	C	0.967950426439	T	0.0263859275053	47	14527	38	396	15008	76449
UNKNOWN	282	T	0.98947228145	G	0.00706289978678	26	26	106	14850	15008	76449
