Type	Position	Nucl1	Freq1	Nucl2	Freq2	NumAs	NumCs	NumGs	NumTs	NumAligned	NumNaive
UNKNOWN	0	C	1.0	A	0.0	0	50061	0	0	50061	188185
UNKNOWN	1	A	1.0	C	0.0	50061	0	0	0	50061	188185
UNKNOWN	2	G	1.0	A	0.0	0	0	50061	0	50061	188185
UNKNOWN	3	G	1.0	A	0.0	0	0	50061	0	50061	188185
UNKNOWN	4	T	1.0	A	0.0	0	0	0	50061	50061	188185
UNKNOWN	5	G	1.0	A	0.0	0	0	50061	0	50061	188185
UNKNOWN	6	C	1.0	A	0.0	0	50061	0	0	50061	188185
UNKNOWN	7	A	0.996684045465	G	0.00191766045425	49895	24	96	46	50061	188185
UNKNOWN	8	G	0.992069674997	A	0.00621242084657	311	69	49664	17	50061	188185
UNKNOWN	9	C	0.997503046284	T	0.001638001638	6	49936	37	82	50061	188185
UNKNOWN	10	T	0.998781486586	C	0.00105870837578	2	53	6	50000	50061	188185
UNKNOWN	11	G	0.998122290805	A	0.00115858652444	58	14	49967	22	50061	188185
UNKNOWN	12	C	0.998941291624	T	0.000878927708196	7	50008	2	44	50061	188185
UNKNOWN	13	G	0.999041169773	A	0.000639220151415	32	6	50013	10	50061	188185
UNKNOWN	14	G	0.935099179002	C	0.062323964763	75	3120	46812	54	50061	188185
UNKNOWN	15	G	0.998761510957	C	0.00069914704061	13	35	49999	14	50061	188185
UNKNOWN	16	A	0.996104752202	C	0.00213739238129	49866	107	78	10	50061	188185
UNKNOWN	17	G	0.995685263978	A	0.00301632008949	151	57	49845	8	50061	188185
UNKNOWN	18	T	0.997702802581	C	0.00127844030283	6	64	45	49946	50061	188185
UNKNOWN	19	C	0.999500609257	T	0.000339585705439	3	50036	5	17	50061	188185
UNKNOWN	20	G	0.994666506862	A	0.00461437046803	231	12	49794	24	50061	188185
UNKNOWN	21	G	0.997942510138	C	0.00165797726773	10	83	49958	10	50061	188185
UNKNOWN	22	G	0.998461876511	C	0.00115858652444	15	58	49984	4	50061	188185
UNKNOWN	23	C	0.998142266435	T	0.00127844030283	1	49968	28	64	50061	188185
UNKNOWN	24	C	0.999440682368	T	0.000379536964903	2	50033	7	19	50061	188185
UNKNOWN	25	C	0.999600487405	T	0.000339585705439	1	50041	2	17	50061	188185
UNKNOWN	26	C	0.998921315994	T	0.000599268891952	23	50007	1	30	50061	188185
UNKNOWN	27	A	0.994586604343	G	0.0037154671301	49790	74	186	11	50061	188185
UNKNOWN	28	G	0.991530332994	A	0.00615249395737	308	110	49637	6	50061	188185
UNKNOWN	29	C	0.998022412657	T	0.00153812348934	7	49962	15	77	50061	188185
UNKNOWN	30	C	0.999081121032	T	0.000639220151415	1	50015	13	32	50061	188185
UNKNOWN	31	T	0.997063582429	C	0.001638001638	17	82	48	49914	50061	188185
UNKNOWN	32	G	0.996164679092	A	0.00219731927049	110	51	49869	31	50061	188185
UNKNOWN	33	G	0.996743972354	C	0.00165797726773	33	83	49898	47	50061	188185
UNKNOWN	34	T	0.995725215237	C	0.00317612512734	4	159	51	49847	50061	188185
UNKNOWN	35	G	0.997443119394	A	0.00175785541639	88	27	49933	13	50061	188185
UNKNOWN	36	A	0.993867481672	C	0.00475419987615	49754	238	60	9	50061	188185
UNKNOWN	37	A	0.992129601886	G	0.00411497972474	49667	178	206	10	50061	188185
UNKNOWN	38	G	0.996803899243	A	0.00227722178942	114	37	49901	9	50061	188185
UNKNOWN	39	C	0.997922534508	T	0.00149817222988	7	49957	22	75	50061	188185
UNKNOWN	40	C	0.999121072292	T	0.000679171410879	5	50017	5	34	50061	188185
UNKNOWN	41	C	0.996763947983	G	0.00223727052995	6	49899	112	44	50061	188185
UNKNOWN	42	T	0.996364435389	C	0.00309622260842	11	155	16	49879	50061	188185
UNKNOWN	43	C	0.999061145403	A	0.000619244521684	31	50014	2	14	50061	188185
UNKNOWN	44	A	0.993348115299	C	0.00329597890574	49728	165	123	45	50061	188185
UNKNOWN	45	C	0.997722778211	G	0.00129841593256	38	49947	65	11	50061	188185
UNKNOWN	46	A	0.995385629532	C	0.00225724615969	49830	113	113	5	50061	188185
UNKNOWN	47	G	0.997303289986	A	0.00183775793532	92	31	49926	12	50061	188185
UNKNOWN	48	A	0.99400731108	C	0.00355566209225	49761	178	97	25	50061	188185
UNKNOWN	49	C	0.998661632808	T	0.000659195781147	10	49994	24	33	50061	188185
UNKNOWN	50	C	0.998182217694	T	0.00109865963525	16	49970	20	55	50061	188185
UNKNOWN	51	C	0.998621681549	T	0.00105870837578	9	49992	7	53	50061	188185
UNKNOWN	52	T	0.99628453287	C	0.00311619823815	12	156	18	49875	50061	188185
UNKNOWN	53	C	0.995445556421	G	0.00331595453547	5	49833	166	57	50061	188185
UNKNOWN	54	T	0.995465532051	C	0.00321607638681	29	161	37	49834	50061	188185
UNKNOWN	55	C	0.998242144584	T	0.0012584646731	18	49973	7	63	50061	188185
UNKNOWN	56	C	0.996484289167	T	0.00233714867861	29	49885	30	117	50061	188185
UNKNOWN	57	C	0.997503046284	G	0.00159805037854	5	49936	80	40	50061	188185
UNKNOWN	58	T	0.996324484129	C	0.00303629571922	14	152	18	49877	50061	188185
UNKNOWN	59	C	0.998242144584	T	0.000898903337928	38	49973	5	45	50061	188185
UNKNOWN	60	A	0.993707676635	C	0.00461437046803	49746	231	77	7	50061	188185
UNKNOWN	61	C	0.998082339546	T	0.00131839156229	12	49965	18	66	50061	188185
UNKNOWN	62	C	0.995365653902	T	0.00309622260842	13	49829	64	155	50061	188185
UNKNOWN	63	T	0.996584167316	C	0.00221729490022	7	111	53	49890	50061	188185
UNKNOWN	64	G	0.9985218034	C	0.000799025189269	28	40	49987	6	50061	188185
UNKNOWN	65	C	0.995984898424	T	0.00323605201654	36	49860	3	162	50061	188185
UNKNOWN	66	A	0.992469187591	C	0.00413495535447	49684	207	135	35	50061	188185
UNKNOWN	67	C	0.995625337089	T	0.00273666127325	16	49842	66	137	50061	188185
UNKNOWN	68	G	0.99256906574	A	0.00507380995186	254	95	49689	23	50061	188185
UNKNOWN	69	G	0.983280397915	A	0.0132038912527	661	85	49224	91	50061	188185
UNKNOWN	70	T	0.992309382553	C	0.00649207966281	7	325	53	49676	50061	188185
UNKNOWN	71	C	0.985977107928	G	0.0069914704061	21	49359	350	331	50061	188185
UNKNOWN	72	T	0.995425580791	C	0.00315614949761	7	158	64	49832	50061	188185
UNKNOWN	73	C	0.998581730289	T	0.00121851341364	3	49990	7	61	50061	188185
UNKNOWN	74	T	0.994746409381	C	0.00315614949761	22	158	83	49798	50061	188185
UNKNOWN	75	G	0.998062363916	A	0.00147819660015	74	15	49964	8	50061	188185
UNKNOWN	76	G	0.994926190048	A	0.00363556461117	182	47	49807	25	50061	188185
UNKNOWN	77	A	0.98957272128	C	0.00471424861669	49539	236	178	108	50061	188185
UNKNOWN	78	T	0.995026068197	C	0.00297636883003	20	149	80	49812	50061	188185
UNKNOWN	79	T	0.995085995086	C	0.00379536964903	21	190	35	49815	50061	188185
UNKNOWN	80	C	0.992708895148	T	0.00577295699247	11	49696	65	289	50061	188185
UNKNOWN	81	T	0.994147140489	C	0.00407502846527	23	204	66	49768	50061	188185
UNKNOWN	82	C	0.994846287529	T	0.0041549309842	46	49803	4	208	50061	188185
UNKNOWN	83	A	0.992928627075	C	0.00321607638681	49707	161	113	80	50061	188185
UNKNOWN	84	T	0.992948602705	C	0.00633227462496	12	317	24	49708	50061	188185
UNKNOWN	85	T	0.997682826951	C	0.00121851341364	9	61	46	49945	50061	188185
UNKNOWN	86	G	0.98064361479	A	0.0178182617207	892	20	49092	57	50061	188185
UNKNOWN	87	A	0.986856035637	G	0.00785042248457	49403	224	393	41	50061	188185
UNKNOWN	88	G	0.926150096882	C	0.0347975469927	1725	1742	46364	230	50061	188185
UNKNOWN	89	C	0.960368350612	T	0.0260881724296	324	48077	354	1306	50061	188185
UNKNOWN	90	A	0.972513533489	G	0.0214738019616	48685	265	1075	36	50061	188185
UNKNOWN	91	G	0.874233435209	A	0.0851361339166	4262	1356	43765	678	50061	188185
UNKNOWN	92	C	0.953716465912	T	0.0296837857813	416	47744	415	1486	50061	188185
UNKNOWN	93	T	0.969237530213	A	0.0183975549829	921	281	338	48521	50061	188185
UNKNOWN	94	A	0.959369569126	G	0.0147020634826	48027	611	736	687	50061	188185
UNKNOWN	95	T	0.980963224866	C	0.0100876930145	28	505	420	49108	50061	188185
UNKNOWN	96	G	0.919038772697	A	0.0604462555682	3026	404	46008	623	50061	188185
UNKNOWN	97	G	0.71404886039	C	0.148618685204	6053	7440	35746	822	50061	188185
UNKNOWN	98	T	0.986196839855	C	0.00755078803859	74	378	239	49370	50061	188185
UNKNOWN	99	G	0.97243363097	A	0.0234913405645	1176	29	48681	175	50061	188185
UNKNOWN	100	T	0.996324484129	C	0.00235712430834	48	118	18	49877	50061	188185
UNKNOWN	101	A	0.965462136194	G	0.0239308044186	48332	344	1198	187	50061	188185
UNKNOWN	102	G	0.910748886359	A	0.0806016659675	4035	236	45593	197	50061	188185
UNKNOWN	103	G	0.849683386269	A	0.105331495575	5273	1464	42536	788	50061	188185
UNKNOWN	104	C	0.98361998362	T	0.00755078803859	64	49241	378	378	50061	188185
UNKNOWN	105	T	0.996943728651	G	0.00167795289747	4	65	84	49908	50061	188185
UNKNOWN	106	G	0.999081121032	A	0.000379536964903	19	10	50015	17	50061	188185
UNKNOWN	107	G	0.997123509319	C	0.00115858652444	31	58	49917	55	50061	188185
UNKNOWN	108	G	0.974071632608	A	0.0181977986856	911	178	48763	209	50061	188185
UNKNOWN	109	T	0.99400731108	C	0.00517368810052	6	259	35	49761	50061	188185
UNKNOWN	110	C	0.997602924432	T	0.00181778230559	16	49941	13	91	50061	188185
UNKNOWN	111	C	0.998202193324	G	0.00111863526498	5	49971	56	29	50061	188185
UNKNOWN	112	G	0.997702802581	C	0.00133836719203	33	67	49946	15	50061	188185
UNKNOWN	113	C	0.997303289986	T	0.0011985377839	53	49926	22	60	50061	188185
UNKNOWN	114	C	0.99774275384	A	0.00129841593256	65	49948	28	20	50061	188185
UNKNOWN	115	A	0.992828748926	G	0.00471424861669	49702	102	236	21	50061	188185
UNKNOWN	116	G	0.996464313537	A	0.00235712430834	118	47	49884	12	50061	188185
UNKNOWN	117	G	0.985897205409	A	0.0117456702823	588	88	49355	30	50061	188185
UNKNOWN	118	C	0.995085995086	T	0.0028964663111	9	49815	92	145	50061	188185
UNKNOWN	119	T	0.993807554783	C	0.00417490661393	19	209	82	49751	50061	188185
UNKNOWN	120	C	0.997083558059	T	0.00111863526498	37	49915	53	56	50061	188185
UNKNOWN	121	C	0.997243363097	A	0.00181778230559	91	49923	16	31	50061	188185
UNKNOWN	122	A	0.988693793572	G	0.00968818041989	49495	66	485	15	50061	188185
UNKNOWN	123	G	0.998641657178	A	0.00069914704061	35	15	49993	18	50061	188185
UNKNOWN	124	G	0.997363216875	A	0.00121851341364	61	13	49929	58	50061	188185
UNKNOWN	125	G	0.984299155031	A	0.01340364755	671	69	49275	46	50061	188185
UNKNOWN	126	A	0.996204630351	G	0.00235712430834	49871	64	118	8	50061	188185
UNKNOWN	127	A	0.992349333813	G	0.00627234773576	49678	51	314	18	50061	188185
UNKNOWN	128	G	0.998801462216	A	0.000639220151415	32	15	50001	13	50061	188185
UNKNOWN	129	G	0.99105091788	A	0.00547332254649	274	137	49613	37	50061	188185
UNKNOWN	130	C	0.995685263978	G	0.00249695371647	20	49845	125	71	50061	188185
UNKNOWN	131	G	0.954096002876	A	0.0394718443499	1976	212	47763	110	50061	188185
UNKNOWN	132	C	0.988593915423	T	0.00832983759813	96	49490	58	417	50061	188185
UNKNOWN	133	T	0.990152014542	C	0.00481412676535	41	241	211	49568	50061	188185
UNKNOWN	134	G	0.974231437646	A	0.0185573600208	929	53	48771	308	50061	188185
UNKNOWN	135	G	0.996164679092	A	0.00205748986237	103	50	49869	39	50061	188185
UNKNOWN	136	A	0.994147140489	G	0.00381534527876	49768	75	191	27	50061	188185
UNKNOWN	137	G	0.94191086874	A	0.0491600247698	2461	309	47153	138	50061	188185
UNKNOWN	138	T	0.992109626256	G	0.00495395617347	51	96	248	49666	50061	188185
UNKNOWN	139	G	0.93971354947	A	0.0407702602825	2041	397	47043	580	50061	188185
UNKNOWN	140	T	0.928167635485	G	0.0354167915144	112	1711	1773	46465	50061	188185
UNKNOWN	141	C	0.969237530213	G	0.0251493178322	173	48521	1259	108	50061	188185
UNKNOWN	142	T	0.996604142946	G	0.00197758734344	16	55	99	49891	50061	188185
UNKNOWN	143	T	0.955714028885	C	0.0333792772817	55	1671	491	47844	50061	188185
UNKNOWN	144	G	0.994846287529	A	0.00351571083278	176	13	49803	69	50061	188185
UNKNOWN	145	G	0.98809452468	C	0.00914883841713	36	458	49465	102	50061	188185
UNKNOWN	146	T	0.982940812209	G	0.00836978885759	112	323	419	49207	50061	188185
UNKNOWN	147	G	0.890114060846	A	0.0889914304548	4455	355	44560	691	50061	188185
UNKNOWN	148	G	0.930804418609	A	0.0364555242604	1825	906	46597	733	50061	188185
UNKNOWN	149	T	0.960208545574	G	0.0161003575638	530	656	806	48069	50061	188185
UNKNOWN	150	A	0.926409780068	G	0.067457701604	46377	73	3377	234	50061	188185
UNKNOWN	151	T	0.989333013723	C	0.00689159225745	108	345	81	49527	50061	188185
UNKNOWN	152	A	0.935738399153	T	0.0264876850243	46844	630	1261	1326	50061	188185
UNKNOWN	153	A	0.890114060846	G	0.0925670681768	44560	603	4634	264	50061	188185
UNKNOWN	154	G	0.860709933881	A	0.0846367431733	4237	2354	43088	382	50061	188185
UNKNOWN	155	T	0.946245580392	C	0.0303230059328	405	1518	768	47370	50061	188185
UNKNOWN	156	A	0.807195221829	G	0.156988474062	40409	1182	7859	611	50061	188185
UNKNOWN	157	G	0.855676075188	A	0.0712930225125	3569	2548	42836	1108	50061	188185
UNKNOWN	158	T	0.957212201115	G	0.0209144843291	453	642	1047	47919	50061	188185
UNKNOWN	159	G	0.77585345878	A	0.164139749506	8217	2043	38840	961	50061	188185
UNKNOWN	160	G	0.814726034238	A	0.110025768562	5508	2740	40786	1027	50061	188185
UNKNOWN	161	T	0.96721999161	G	0.0176784323126	290	466	885	48420	50061	188185
UNKNOWN	162	G	0.991450430475	A	0.00673178721959	337	25	49633	66	50061	188185
UNKNOWN	163	G	0.986356644893	A	0.00900900900901	451	138	49378	94	50061	188185
UNKNOWN	164	A	0.960967619504	G	0.0265675875432	48107	278	1330	346	50061	188185
UNKNOWN	165	A	0.915762769421	G	0.0644014302551	45844	494	3224	499	50061	188185
UNKNOWN	166	G	0.65004694273	A	0.179880545734	9005	4621	32542	3893	50061	188185
UNKNOWN	167	C	0.863186911967	T	0.0524560036755	2373	43212	1850	2626	50061	188185
UNKNOWN	168	A	0.966840454645	G	0.0224326321887	48401	409	1123	128	50061	188185
UNKNOWN	169	C	0.960767863207	T	0.0261880505783	350	48097	303	1311	50061	188185
UNKNOWN	170	A	0.983160544136	G	0.0110465232416	49218	147	553	143	50061	188185
UNKNOWN	171	G	0.957431933042	A	0.022932022932	1148	473	47930	510	50061	188185
UNKNOWN	172	G	0.81756257366	A	0.128263518507	6421	1857	40928	855	50061	188185
UNKNOWN	173	C	0.971055312519	G	0.0153013323745	187	48612	766	496	50061	188185
UNKNOWN	174	T	0.990571502767	C	0.00467429735722	156	234	82	49589	50061	188185
UNKNOWN	175	A	0.992449211961	T	0.00463434609776	49683	71	75	232	50061	188185
UNKNOWN	176	T	0.981622420647	C	0.0149417710393	120	748	52	49141	50061	188185
UNKNOWN	177	A	0.985957132299	C	0.00836978885759	49358	419	248	36	50061	188185
UNKNOWN	178	A	0.983460178582	G	0.0108867182038	49233	263	545	20	50061	188185
UNKNOWN	179	C	0.901879706758	T	0.0848764507301	219	45149	444	4249	50061	188185
UNKNOWN	180	C	0.931863126985	T	0.049219951659	189	46650	758	2464	50061	188185
UNKNOWN	181	C	0.986336669263	T	0.00565310321408	281	49377	120	283	50061	188185
UNKNOWN	182	A	0.98661632808	G	0.00789037374403	49391	166	395	109	50061	188185
UNKNOWN	183	G	0.980064321528	A	0.0141027945906	706	180	49063	112	50061	188185
UNKNOWN	184	C	0.983480154212	T	0.00761071492779	144	49234	302	381	50061	188185
UNKNOWN	185	C	0.996823874873	A	0.00131839156229	66	49902	29	64	50061	188185
UNKNOWN	186	C	0.994566628713	T	0.00343580831386	19	49789	81	172	50061	188185
UNKNOWN	187	T	0.994087213599	G	0.00287649068137	57	95	144	49765	50061	188185
UNKNOWN	188	G	0.984059447474	A	0.0110465232416	553	114	49263	131	50061	188185
UNKNOWN	189	A	0.989073330537	G	0.00701144603584	49514	175	351	21	50061	188185
UNKNOWN	190	A	0.989153233056	C	0.00509378558159	49518	255	182	106	50061	188185
UNKNOWN	191	A	0.984199276882	C	0.00719122670342	49270	360	269	162	50061	188185
UNKNOWN	192	T	0.988314256607	C	0.00673178721959	71	337	177	49476	50061	188185
UNKNOWN	193	C	0.994966141308	A	0.00311619823815	156	49809	16	80	50061	188185
UNKNOWN	194	C	0.992329358183	T	0.00449451668964	56	49677	103	225	50061	188185
UNKNOWN	195	C	0.996763947983	G	0.00229719741915	19	49899	115	28	50061	188185
UNKNOWN	196	G	0.996404386648	A	0.00137831845149	69	48	49881	63	50061	188185
UNKNOWN	197	G	0.948123289587	A	0.0356564990711	1785	375	47464	437	50061	188185
UNKNOWN	198	C	0.992109626256	T	0.00285651505164	117	49666	135	143	50061	188185
UNKNOWN	199	T	0.992309382553	C	0.00447454105991	82	224	79	49676	50061	188185
UNKNOWN	200	C	0.991490381734	A	0.00437466291125	219	49635	58	149	50061	188185
UNKNOWN	201	A	0.991270649807	G	0.00577295699247	49624	132	289	16	50061	188185
UNKNOWN	202	G	0.975789536765	C	0.0171590659396	185	859	48849	168	50061	188185
UNKNOWN	203	C	0.958111104453	T	0.0284253211082	354	47964	320	1423	50061	188185
UNKNOWN	204	A	0.985297936517	G	0.00908891152794	49325	109	455	172	50061	188185
UNKNOWN	205	T	0.992409260702	C	0.00483410239508	72	242	66	49681	50061	188185
UNKNOWN	206	C	0.98885359861	T	0.00657198218174	217	49503	12	329	50061	188185
UNKNOWN	207	A	0.988034597791	G	0.00531351750864	49462	245	266	88	50061	188185
UNKNOWN	208	C	0.984778570144	T	0.00647210403308	145	49299	293	324	50061	188185
UNKNOWN	209	C	0.968578334432	T	0.012584646731	422	48488	521	630	50061	188185
UNKNOWN	210	A	0.990132038913	C	0.00591278640059	49567	296	180	18	50061	188185
UNKNOWN	211	A	0.986975889415	G	0.010127644274	49409	100	507	45	50061	188185
UNKNOWN	212	G	0.986516449931	A	0.0102874493118	515	94	49386	66	50061	188185
UNKNOWN	213	G	0.992049699367	A	0.00543337128703	272	53	49663	73	50061	188185
UNKNOWN	214	A	0.991550308623	C	0.00505383432213	49638	253	128	42	50061	188185
UNKNOWN	215	C	0.984179301252	T	0.00860949641437	212	49269	149	431	50061	188185
UNKNOWN	216	A	0.988913525499	G	0.00755078803859	49506	117	378	60	50061	188185
UNKNOWN	217	A	0.983500129842	G	0.0105271568686	49235	231	527	68	50061	188185
UNKNOWN	218	C	0.977048001438	T	0.0164599188989	46	48912	279	824	50061	188185
UNKNOWN	219	T	0.986955913785	C	0.00539342002757	199	270	184	49408	50061	188185
UNKNOWN	220	C	0.992389285072	A	0.00443458980044	222	49680	18	141	50061	188185
UNKNOWN	221	C	0.990771259064	A	0.004095004095	205	49599	85	172	50061	188185
UNKNOWN	222	A	0.98735542638	C	0.0066119334412	49428	331	279	23	50061	188185
UNKNOWN	223	A	0.98583727852	G	0.0116058408741	49352	95	581	33	50061	188185
UNKNOWN	224	G	0.988553964164	A	0.00563312758435	282	201	49488	90	50061	188185
UNKNOWN	225	A	0.987994646531	G	0.00727112922235	49460	194	364	43	50061	188185
UNKNOWN	226	G	0.953536685244	A	0.0393719662012	1971	266	47735	89	50061	188185
UNKNOWN	227	C	0.966341063902	T	0.0267273925811	151	48376	196	1338	50061	188185
UNKNOWN	228	C	0.991150796029	A	0.00527356624918	264	49618	153	26	50061	188185
UNKNOWN	229	A	0.99252911448	G	0.00319610075708	49687	149	160	65	50061	188185
UNKNOWN	230	A	0.976848245141	G	0.018537384391	48902	191	928	40	50061	188185
UNKNOWN	231	G	0.961626815285	A	0.0194163120992	972	449	48140	500	50061	188185
UNKNOWN	232	T	0.99180999181	C	0.00581290825193	52	291	67	49651	50061	188185
UNKNOWN	233	C	0.971354946965	T	0.0135035256986	139	48627	619	676	50061	188185
UNKNOWN	234	T	0.989792453207	C	0.00537344439783	92	269	150	49550	50061	188185
UNKNOWN	235	C	0.992009748107	T	0.00599268891952	93	49661	7	300	50061	188185
UNKNOWN	236	T	0.980783444198	C	0.011765645912	95	589	278	49099	50061	188185
UNKNOWN	237	C	0.99330816404	T	0.00469427298696	45	49726	55	235	50061	188185
UNKNOWN	238	T	0.99400731108	G	0.00317612512734	36	105	159	49761	50061	188185
UNKNOWN	239	G	0.946884800543	A	0.0394518687202	1975	281	47402	403	50061	188185
UNKNOWN	240	T	0.989133257426	C	0.00481412676535	191	241	112	49517	50061	188185
UNKNOWN	241	C	0.987535207047	T	0.00846966700625	179	49437	21	424	50061	188185
UNKNOWN	242	A	0.970595873035	G	0.0142026727393	48589	578	711	183	50061	188185
UNKNOWN	243	C	0.898224166517	G	0.0846567188031	335	44966	4238	522	50061	188185
UNKNOWN	244	T	0.993927408562	G	0.0037753940193	42	73	189	49757	50061	188185
UNKNOWN	245	G	0.972493557859	A	0.0163400651206	818	250	48684	309	50061	188185
UNKNOWN	246	A	0.980343980344	G	0.0141627214798	49077	216	709	59	50061	188185
UNKNOWN	247	G	0.962865304329	A	0.0207546792913	1039	579	48202	241	50061	188185
UNKNOWN	248	C	0.958710373345	T	0.0274664908811	384	47994	308	1375	50061	188185
UNKNOWN	249	A	0.985457741555	G	0.010647010647	49333	166	533	29	50061	188185
UNKNOWN	250	G	0.983839715547	C	0.00922874093606	235	462	49252	112	50061	188185
UNKNOWN	251	C	0.985577595334	T	0.00785042248457	147	49339	182	393	50061	188185
UNKNOWN	252	G	0.986316693634	A	0.00717125107369	359	115	49376	211	50061	188185
UNKNOWN	253	T	0.991670162402	C	0.00383532090849	38	192	187	49644	50061	188185
UNKNOWN	254	G	0.951039731528	A	0.0334791554304	1676	275	47610	500	50061	188185
UNKNOWN	255	A	0.982181738279	G	0.00980803419828	49169	246	491	155	50061	188185
UNKNOWN	256	C	0.987555182677	A	0.00467429735722	234	49438	171	218	50061	188185
UNKNOWN	257	A	0.96352450011	G	0.0242903657538	48235	361	1216	249	50061	188185
UNKNOWN	258	A	0.87415353269	C	0.0970815604962	43761	4860	1198	242	50061	188185
UNKNOWN	259	C	0.936177863007	G	0.0348574738819	220	46866	1745	1230	50061	188185
UNKNOWN	260	T	0.965442160564	C	0.0162801382314	203	815	712	48331	50061	188185
UNKNOWN	261	G	0.985038253331	A	0.00938854597391	470	76	49312	203	50061	188185
UNKNOWN	262	A	0.983899642436	G	0.00767064181698	49255	334	384	88	50061	188185
UNKNOWN	263	G	0.936058009229	A	0.0351371326981	1759	863	46860	579	50061	188185
UNKNOWN	264	G	0.983739837398	A	0.00870937456303	436	89	49247	289	50061	188185
UNKNOWN	265	A	0.982181738279	C	0.0105471324984	49169	528	216	148	50061	188185
UNKNOWN	266	C	0.976488683806	T	0.0122051097661	395	48884	171	611	50061	188185
UNKNOWN	267	A	0.974571023352	G	0.0123049879147	48788	217	616	440	50061	188185
UNKNOWN	268	C	0.987655060826	A	0.00457441920857	229	49443	212	177	50061	188185
UNKNOWN	269	G	0.970116457921	A	0.0184375062424	923	277	48565	296	50061	188185
UNKNOWN	270	G	0.986776133118	T	0.00587283514113	192	176	49399	294	50061	188185
UNKNOWN	271	C	0.986096961707	A	0.00759073929806	380	49365	194	122	50061	188185
UNKNOWN	272	C	0.984319130661	A	0.0074908611494	375	49276	160	250	50061	188185
UNKNOWN	273	A	0.98881364735	G	0.00429476039232	49501	199	215	146	50061	188185
UNKNOWN	274	C	0.983659934879	A	0.00809013004135	405	49243	114	299	50061	188185
UNKNOWN	275	A	0.958650446455	G	0.0211342162562	47991	551	1058	461	50061	188185
UNKNOWN	276	T	0.983879666806	G	0.00783044685484	291	124	392	49254	50061	188185
UNKNOWN	277	A	0.984419008809	C	0.00908891152794	49281	455	179	146	50061	188185
UNKNOWN	278	C	0.951439244122	T	0.0436867022233	174	47630	70	2187	50061	188185
UNKNOWN	279	T	0.976848245141	G	0.0108467669443	300	316	543	48902	50061	188185
UNKNOWN	280	A	0.964962745451	T	0.0158007231178	48307	690	273	791	50061	188185
UNKNOWN	281	C	0.965042647969	T	0.0302031521544	128	48311	110	1512	50061	188185
UNKNOWN	282	T	0.980184175306	G	0.013623379477	193	117	682	49069	50061	188185
