Type	Position	Nucl1	Freq1	Nucl2	Freq2	NumAs	NumCs	NumGs	NumTs	NumAligned	NumNaive
UNKNOWN	0	A	1.0	C	0.0	1443	0	0	0	1443	60300
UNKNOWN	1	A	1.0	C	0.0	1443	0	0	0	1443	60300
UNKNOWN	2	G	1.0	A	0.0	0	0	1443	0	1443	60300
UNKNOWN	3	G	1.0	A	0.0	0	0	1443	0	1443	60300
UNKNOWN	4	T	1.0	A	0.0	0	0	0	1443	1443	60300
UNKNOWN	5	G	1.0	A	0.0	0	0	1443	0	1443	60300
UNKNOWN	6	C	1.0	A	0.0	0	1443	0	0	1443	60300
UNKNOWN	7	A	0.997920997921	G	0.001386001386	1440	1	2	0	1443	60300
UNKNOWN	8	G	0.997227997228	A	0.002772002772	4	0	1439	0	1443	60300
UNKNOWN	9	C	0.998613998614	T	0.000693000693001	0	1441	1	1	1443	60300
UNKNOWN	10	T	0.999306999307	C	0.000693000693001	0	1	0	1442	1443	60300
UNKNOWN	11	G	0.995841995842	A	0.002079002079	3	2	1437	1	1443	60300
UNKNOWN	12	C	0.999306999307	A	0.000693000693001	1	1442	0	0	1443	60300
UNKNOWN	13	A	0.578655578656	G	0.412335412335	835	13	595	0	1443	60300
UNKNOWN	14	G	0.985446985447	C	0.014553014553	0	21	1422	0	1443	60300
UNKNOWN	15	G	0.999306999307	A	0.000693000693001	1	0	1442	0	1443	60300
UNKNOWN	16	A	0.995841995842	G	0.002772002772	1437	0	4	2	1443	60300
UNKNOWN	17	G	0.999306999307	A	0.000693000693001	1	0	1442	0	1443	60300
UNKNOWN	18	T	0.999306999307	G	0.000693000693001	0	0	1	1442	1443	60300
UNKNOWN	19	C	1.0	A	0.0	0	1443	0	0	1443	60300
UNKNOWN	20	G	0.675675675676	A	0.322245322245	465	3	975	0	1443	60300
UNKNOWN	21	G	0.999306999307	T	0.000693000693001	0	0	1442	1	1443	60300
UNKNOWN	22	G	1.0	A	0.0	0	0	1443	0	1443	60300
UNKNOWN	23	C	0.95148995149	G	0.026334026334	3	1373	38	29	1443	60300
UNKNOWN	24	C	0.999306999307	T	0.000693000693001	0	1442	0	1	1443	60300
UNKNOWN	25	C	0.997227997228	A	0.001386001386	2	1439	0	2	1443	60300
UNKNOWN	26	C	0.999306999307	A	0.000693000693001	1	1442	0	0	1443	60300
UNKNOWN	27	A	0.997227997228	C	0.001386001386	1439	2	2	0	1443	60300
UNKNOWN	28	G	0.997920997921	A	0.000693000693001	1	1	1440	1	1443	60300
UNKNOWN	29	C	0.999306999307	G	0.000693000693001	0	1442	1	0	1443	60300
UNKNOWN	30	C	0.997920997921	T	0.001386001386	0	1440	1	2	1443	60300
UNKNOWN	31	T	0.99306999307	C	0.004158004158	0	6	4	1433	1443	60300
UNKNOWN	32	G	0.997227997228	A	0.001386001386	2	0	1439	2	1443	60300
UNKNOWN	33	G	0.997920997921	T	0.001386001386	1	0	1440	2	1443	60300
UNKNOWN	34	T	0.995148995149	G	0.002772002772	1	2	4	1436	1443	60300
UNKNOWN	35	G	0.997227997228	A	0.002079002079	3	0	1439	1	1443	60300
UNKNOWN	36	A	0.997920997921	C	0.001386001386	1440	2	1	0	1443	60300
UNKNOWN	37	A	0.994455994456	G	0.004158004158	1435	2	6	0	1443	60300
UNKNOWN	38	G	0.997920997921	C	0.001386001386	1	2	1440	0	1443	60300
UNKNOWN	39	C	0.998613998614	T	0.000693000693001	0	1441	1	1	1443	60300
UNKNOWN	40	C	0.998613998614	G	0.001386001386	0	1441	2	0	1443	60300
UNKNOWN	41	C	0.994455994456	G	0.002772002772	1	1435	4	3	1443	60300
UNKNOWN	42	T	0.995841995842	C	0.002772002772	1	4	1	1437	1443	60300
UNKNOWN	43	C	0.998613998614	A	0.001386001386	2	1441	0	0	1443	60300
UNKNOWN	44	A	0.996534996535	C	0.002079002079	1438	3	2	0	1443	60300
UNKNOWN	45	C	0.997920997921	A	0.001386001386	2	1440	0	1	1443	60300
UNKNOWN	46	A	0.995148995149	G	0.004158004158	1436	0	6	1	1443	60300
UNKNOWN	47	G	0.995841995842	A	0.003465003465	5	1	1437	0	1443	60300
UNKNOWN	48	A	0.995148995149	C	0.003465003465	1436	5	2	0	1443	60300
UNKNOWN	49	C	0.995841995842	G	0.004158004158	0	1437	6	0	1443	60300
UNKNOWN	50	C	0.998613998614	A	0.000693000693001	1	1441	0	1	1443	60300
UNKNOWN	51	C	0.997227997228	T	0.002772002772	0	1439	0	4	1443	60300
UNKNOWN	52	T	0.993762993763	C	0.003465003465	4	5	0	1434	1443	60300
UNKNOWN	53	C	0.997920997921	T	0.002079002079	0	1440	0	3	1443	60300
UNKNOWN	54	T	0.993762993763	C	0.00554400554401	0	8	1	1434	1443	60300
UNKNOWN	55	C	0.998613998614	A	0.000693000693001	1	1441	0	1	1443	60300
UNKNOWN	56	C	0.998613998614	T	0.000693000693001	0	1441	1	1	1443	60300
UNKNOWN	57	C	0.997227997228	T	0.002772002772	0	1439	0	4	1443	60300
UNKNOWN	58	T	0.996534996535	C	0.002772002772	1	4	0	1438	1443	60300
UNKNOWN	59	C	0.997227997228	A	0.002772002772	4	1439	0	0	1443	60300
UNKNOWN	60	A	0.992376992377	C	0.00554400554401	1432	8	2	1	1443	60300
UNKNOWN	61	C	0.98613998614	G	0.012474012474	1	1423	18	1	1443	60300
UNKNOWN	62	C	0.989604989605	T	0.00900900900901	2	1428	0	13	1443	60300
UNKNOWN	63	T	0.997227997228	G	0.002079002079	1	0	3	1439	1443	60300
UNKNOWN	64	G	0.997227997228	C	0.002079002079	1	3	1439	0	1443	60300
UNKNOWN	65	C	0.997227997228	A	0.002772002772	4	1439	0	0	1443	60300
UNKNOWN	66	A	0.988218988219	G	0.00831600831601	1426	5	12	0	1443	60300
UNKNOWN	67	C	0.989604989605	T	0.00762300762301	1	1428	3	11	1443	60300
UNKNOWN	68	G	0.994455994456	A	0.004158004158	6	1	1435	1	1443	60300
UNKNOWN	69	A	0.97920997921	G	0.017325017325	1413	5	25	0	1443	60300
UNKNOWN	70	C	0.978516978517	T	0.020097020097	1	1412	1	29	1443	60300
UNKNOWN	71	C	0.957726957727	T	0.036729036729	4	1382	4	53	1443	60300
UNKNOWN	72	T	0.994455994456	C	0.003465003465	1	5	2	1435	1443	60300
UNKNOWN	73	C	0.995841995842	T	0.003465003465	0	1437	1	5	1443	60300
UNKNOWN	74	T	0.994455994456	C	0.002772002772	0	4	4	1435	1443	60300
UNKNOWN	75	G	0.997920997921	A	0.002079002079	3	0	1440	0	1443	60300
UNKNOWN	76	G	0.996534996535	A	0.002079002079	3	0	1438	2	1443	60300
UNKNOWN	77	A	0.987525987526	T	0.00762300762301	1425	0	7	11	1443	60300
UNKNOWN	78	T	0.997920997921	C	0.002079002079	0	3	0	1440	1443	60300
UNKNOWN	79	T	0.992376992377	C	0.00693000693001	1	10	0	1432	1443	60300
UNKNOWN	80	C	0.995148995149	T	0.003465003465	1	1436	1	5	1443	60300
UNKNOWN	81	T	0.995841995842	C	0.002772002772	1	4	1	1437	1443	60300
UNKNOWN	82	C	0.992376992377	T	0.00554400554401	3	1432	0	8	1443	60300
UNKNOWN	83	A	0.994455994456	T	0.002772002772	1435	2	2	4	1443	60300
UNKNOWN	84	T	0.995841995842	C	0.002079002079	2	3	1	1437	1443	60300
UNKNOWN	85	T	0.99306999307	G	0.003465003465	1	4	5	1433	1443	60300
UNKNOWN	86	G	0.991683991684	A	0.00623700623701	9	2	1431	1	1443	60300
UNKNOWN	87	A	0.984060984061	C	0.00900900900901	1420	13	8	2	1443	60300
UNKNOWN	88	C	0.960498960499	G	0.018711018711	11	1386	27	19	1443	60300
UNKNOWN	89	C	0.991683991684	T	0.004851004851	4	1431	1	7	1443	60300
UNKNOWN	90	A	0.989604989605	G	0.00693000693001	1428	3	10	2	1443	60300
UNKNOWN	91	G	0.910602910603	A	0.0526680526681	76	39	1314	14	1443	60300
UNKNOWN	92	C	0.971586971587	T	0.019404019404	12	1402	1	28	1443	60300
UNKNOWN	93	T	0.978516978517	C	0.015246015246	4	22	5	1412	1443	60300
UNKNOWN	94	A	0.990297990298	T	0.004851004851	1429	0	7	7	1443	60300
UNKNOWN	95	T	0.99306999307	G	0.004851004851	1	2	7	1433	1443	60300
UNKNOWN	96	G	0.99306999307	A	0.004158004158	6	1	1433	3	1443	60300
UNKNOWN	97	G	0.920997920998	A	0.038115038115	55	53	1329	6	1443	60300
UNKNOWN	98	T	0.988911988912	G	0.00623700623701	2	5	9	1427	1443	60300
UNKNOWN	99	G	0.982674982675	A	0.011088011088	16	2	1418	7	1443	60300
UNKNOWN	100	T	0.99306999307	A	0.003465003465	5	5	0	1433	1443	60300
UNKNOWN	101	A	0.982674982675	G	0.00970200970201	1418	2	14	9	1443	60300
UNKNOWN	102	A	0.986832986833	G	0.00762300762301	1424	7	11	1	1443	60300
UNKNOWN	103	G	0.844074844075	A	0.105336105336	152	63	1218	10	1443	60300
UNKNOWN	104	C	0.981981981982	T	0.014553014553	0	1417	5	21	1443	60300
UNKNOWN	105	T	0.994455994456	G	0.00554400554401	0	0	8	1435	1443	60300
UNKNOWN	106	G	0.998613998614	A	0.000693000693001	1	0	1441	1	1443	60300
UNKNOWN	107	G	0.999306999307	T	0.000693000693001	0	0	1442	1	1443	60300
UNKNOWN	108	G	0.990990990991	T	0.00623700623701	3	1	1430	9	1443	60300
UNKNOWN	109	T	0.994455994456	C	0.004851004851	1	7	0	1435	1443	60300
UNKNOWN	110	C	0.998613998614	T	0.000693000693001	0	1441	1	1	1443	60300
UNKNOWN	111	C	0.994455994456	G	0.004158004158	0	1435	6	2	1443	60300
UNKNOWN	112	G	0.994455994456	C	0.004851004851	1	7	1435	0	1443	60300
UNKNOWN	113	C	0.999306999307	A	0.000693000693001	1	1442	0	0	1443	60300
UNKNOWN	114	C	0.992376992377	A	0.00554400554401	8	1432	1	2	1443	60300
UNKNOWN	115	A	0.99306999307	G	0.00623700623701	1433	1	9	0	1443	60300
UNKNOWN	116	G	0.997920997921	A	0.000693000693001	1	1	1440	1	1443	60300
UNKNOWN	117	G	0.983367983368	A	0.010395010395	15	8	1419	1	1443	60300
UNKNOWN	118	C	0.994455994456	T	0.00554400554401	0	1435	0	8	1443	60300
UNKNOWN	119	T	0.988911988912	C	0.010395010395	0	15	1	1427	1443	60300
UNKNOWN	120	C	0.992376992377	T	0.004851004851	4	1432	0	7	1443	60300
UNKNOWN	121	C	0.995148995149	A	0.004158004158	6	1436	1	0	1443	60300
UNKNOWN	122	A	0.992376992377	G	0.00693000693001	1432	1	10	0	1443	60300
UNKNOWN	123	G	0.997227997228	A	0.001386001386	2	1	1439	1	1443	60300
UNKNOWN	124	G	0.974358974359	A	0.024948024948	36	0	1406	1	1443	60300
UNKNOWN	125	A	0.602910602911	G	0.374913374913	870	2	541	30	1443	60300
UNKNOWN	126	A	0.996534996535	G	0.002772002772	1438	1	4	0	1443	60300
UNKNOWN	127	A	0.991683991684	G	0.00831600831601	1431	0	12	0	1443	60300
UNKNOWN	128	G	0.999306999307	C	0.000693000693001	0	1	1442	0	1443	60300
UNKNOWN	129	G	0.990297990298	A	0.004851004851	7	7	1429	0	1443	60300
UNKNOWN	130	C	0.993762993763	G	0.004851004851	1	1434	7	1	1443	60300
UNKNOWN	131	G	0.981288981289	C	0.013167013167	6	19	1416	2	1443	60300
UNKNOWN	132	C	0.993762993763	T	0.00554400554401	0	1434	1	8	1443	60300
UNKNOWN	133	T	0.990990990991	G	0.00554400554401	0	5	8	1430	1443	60300
UNKNOWN	134	G	0.997920997921	A	0.001386001386	2	0	1440	1	1443	60300
UNKNOWN	135	G	0.993762993763	A	0.00554400554401	8	1	1434	0	1443	60300
UNKNOWN	136	A	0.991683991684	G	0.00762300762301	1431	0	11	1	1443	60300
UNKNOWN	137	G	0.990297990298	A	0.004851004851	7	0	1429	7	1443	60300
UNKNOWN	138	T	0.990297990298	G	0.00554400554401	0	6	8	1429	1443	60300
UNKNOWN	139	G	0.997920997921	A	0.001386001386	2	1	1440	0	1443	60300
UNKNOWN	140	G	0.987525987526	C	0.00970200970201	0	14	1425	4	1443	60300
UNKNOWN	141	C	0.991683991684	T	0.00623700623701	2	1431	1	9	1443	60300
UNKNOWN	142	T	0.991683991684	C	0.00762300762301	0	11	1	1431	1443	60300
UNKNOWN	143	C	0.992376992377	G	0.00554400554401	0	1432	8	3	1443	60300
UNKNOWN	144	G	0.995148995149	A	0.004158004158	6	0	1436	1	1443	60300
UNKNOWN	145	G	0.993762993763	T	0.004851004851	0	2	1434	7	1443	60300
UNKNOWN	146	T	0.984753984754	G	0.00831600831601	3	7	12	1421	1443	60300
UNKNOWN	147	G	0.950103950104	A	0.042273042273	61	1	1371	10	1443	60300
UNKNOWN	148	G	0.907137907138	A	0.0637560637561	92	24	1309	18	1443	60300
UNKNOWN	149	T	0.982674982675	A	0.00831600831601	12	5	8	1418	1443	60300
UNKNOWN	150	A	0.927927927928	G	0.0505890505891	1339	0	73	31	1443	60300
UNKNOWN	151	T	0.988911988912	A	0.00762300762301	11	2	3	1427	1443	60300
UNKNOWN	152	A	0.955647955648	G	0.027027027027	1379	9	39	16	1443	60300
UNKNOWN	153	G	0.905058905059	A	0.0831600831601	120	13	1306	4	1443	60300
UNKNOWN	154	A	0.972972972973	G	0.018711018711	1404	4	27	8	1443	60300
UNKNOWN	155	T	0.959112959113	A	0.014553014553	21	20	18	1384	1443	60300
UNKNOWN	156	A	0.864171864172	G	0.117117117117	1247	13	169	14	1443	60300
UNKNOWN	157	G	0.927234927235	A	0.027027027027	39	37	1338	29	1443	60300
UNKNOWN	158	T	0.950103950104	G	0.040194040194	4	10	58	1371	1443	60300
UNKNOWN	159	G	0.952875952876	A	0.021483021483	31	30	1375	7	1443	60300
UNKNOWN	160	G	0.869715869716	A	0.0589050589051	85	45	1255	58	1443	60300
UNKNOWN	161	T	0.982674982675	G	0.012474012474	2	5	18	1418	1443	60300
UNKNOWN	162	G	0.997920997921	A	0.002079002079	3	0	1440	0	1443	60300
UNKNOWN	163	G	0.967428967429	C	0.018018018018	21	26	1396	0	1443	60300
UNKNOWN	164	A	0.981981981982	G	0.014553014553	1417	2	21	3	1443	60300
UNKNOWN	165	A	0.976437976438	G	0.020097020097	1409	4	29	1	1443	60300
UNKNOWN	166	G	0.811503811504	A	0.101178101178	146	60	1171	66	1443	60300
UNKNOWN	167	C	0.898821898822	G	0.0533610533611	45	1297	77	24	1443	60300
UNKNOWN	168	A	0.986832986833	C	0.00762300762301	1424	11	6	2	1443	60300
UNKNOWN	169	C	0.98613998614	T	0.00623700623701	7	1423	4	9	1443	60300
UNKNOWN	170	A	0.990990990991	G	0.00831600831601	1430	1	12	0	1443	60300
UNKNOWN	171	G	0.99306999307	A	0.002772002772	4	2	1433	4	1443	60300
UNKNOWN	172	G	0.930006930007	A	0.038808038808	56	40	1342	5	1443	60300
UNKNOWN	173	C	0.981288981289	T	0.013167013167	1	1416	7	19	1443	60300
UNKNOWN	174	T	0.991683991684	A	0.00554400554401	8	2	2	1431	1443	60300
UNKNOWN	175	A	0.991683991684	T	0.00762300762301	1431	1	0	11	1443	60300
UNKNOWN	176	T	0.984060984061	C	0.010395010395	8	15	0	1420	1443	60300
UNKNOWN	177	A	0.995841995842	G	0.002079002079	1437	2	3	1	1443	60300
UNKNOWN	178	A	0.987525987526	C	0.011088011088	1425	16	1	1	1443	60300
UNKNOWN	179	C	0.97227997228	T	0.024948024948	0	1403	4	36	1443	60300
UNKNOWN	180	C	0.99306999307	T	0.002772002772	2	1433	4	4	1443	60300
UNKNOWN	181	C	0.991683991684	A	0.00554400554401	8	1431	1	3	1443	60300
UNKNOWN	182	A	0.992376992377	G	0.00762300762301	1432	0	11	0	1443	60300
UNKNOWN	183	G	0.994455994456	A	0.003465003465	5	1	1435	2	1443	60300
UNKNOWN	184	G	0.954261954262	C	0.040194040194	7	58	1377	1	1443	60300
UNKNOWN	185	C	0.999306999307	T	0.000693000693001	0	1442	0	1	1443	60300
UNKNOWN	186	C	0.99306999307	T	0.00554400554401	1	1433	1	8	1443	60300
UNKNOWN	187	T	0.99306999307	G	0.004851004851	1	2	7	1433	1443	60300
UNKNOWN	188	G	0.99306999307	A	0.00623700623701	9	0	1433	1	1443	60300
UNKNOWN	189	A	0.981288981289	G	0.017325017325	1416	2	25	0	1443	60300
UNKNOWN	190	A	0.997920997921	T	0.001386001386	1440	0	1	2	1443	60300
UNKNOWN	191	A	0.990297990298	C	0.004158004158	1429	6	3	5	1443	60300
UNKNOWN	192	T	0.666666666667	C	0.325017325017	8	469	4	962	1443	60300
UNKNOWN	193	C	0.990990990991	A	0.004158004158	6	1430	1	6	1443	60300
UNKNOWN	194	C	0.988218988219	A	0.00554400554401	8	1426	1	8	1443	60300
UNKNOWN	195	A	0.899514899515	C	0.0935550935551	1298	135	10	0	1443	60300
UNKNOWN	196	G	0.998613998614	A	0.000693000693001	1	1	1441	0	1443	60300
UNKNOWN	197	G	0.981288981289	A	0.013167013167	19	7	1416	1	1443	60300
UNKNOWN	198	C	0.993762993763	T	0.004851004851	1	1434	1	7	1443	60300
UNKNOWN	199	T	0.992376992377	C	0.00693000693001	1	10	0	1432	1443	60300
UNKNOWN	200	C	0.993762993763	A	0.00554400554401	8	1434	1	0	1443	60300
UNKNOWN	201	A	0.990990990991	G	0.00693000693001	1430	3	10	0	1443	60300
UNKNOWN	202	G	0.983367983368	C	0.011088011088	5	16	1419	3	1443	60300
UNKNOWN	203	C	0.818433818434	T	0.176022176022	8	1181	0	254	1443	60300
UNKNOWN	204	A	0.991683991684	T	0.00623700623701	1431	2	1	9	1443	60300
UNKNOWN	205	T	0.99306999307	C	0.004851004851	1	7	2	1433	1443	60300
UNKNOWN	206	C	0.99306999307	A	0.004851004851	7	1433	2	1	1443	60300
UNKNOWN	207	A	0.989604989605	C	0.00693000693001	1428	10	5	0	1443	60300
UNKNOWN	208	C	0.997920997921	A	0.001386001386	2	1440	1	0	1443	60300
UNKNOWN	209	C	0.987525987526	A	0.00554400554401	8	1425	4	6	1443	60300
UNKNOWN	210	A	0.991683991684	G	0.00693000693001	1431	2	10	0	1443	60300
UNKNOWN	211	G	0.887040887041	A	0.11088011088	160	3	1280	0	1443	60300
UNKNOWN	212	G	0.994455994456	A	0.00554400554401	8	0	1435	0	1443	60300
UNKNOWN	213	G	0.993762993763	A	0.004851004851	7	1	1434	1	1443	60300
UNKNOWN	214	A	0.99306999307	C	0.004851004851	1433	7	2	1	1443	60300
UNKNOWN	215	C	0.990990990991	A	0.00693000693001	10	1430	3	0	1443	60300
UNKNOWN	216	A	0.993762993763	G	0.004158004158	1434	3	6	0	1443	60300
UNKNOWN	217	A	0.989604989605	C	0.00554400554401	1428	8	6	1	1443	60300
UNKNOWN	218	C	0.964656964657	G	0.021483021483	1	1392	31	19	1443	60300
UNKNOWN	219	T	0.988911988912	C	0.00831600831601	1	12	3	1427	1443	60300
UNKNOWN	220	C	0.997920997921	A	0.002079002079	3	1440	0	0	1443	60300
UNKNOWN	221	C	0.990990990991	A	0.00623700623701	9	1430	0	4	1443	60300
UNKNOWN	222	A	0.99306999307	C	0.004158004158	1433	6	4	0	1443	60300
UNKNOWN	223	A	0.992376992377	G	0.00693000693001	1432	1	10	0	1443	60300
UNKNOWN	224	G	0.988218988219	A	0.00970200970201	14	3	1426	0	1443	60300
UNKNOWN	225	A	0.987525987526	G	0.00900900900901	1425	5	13	0	1443	60300
UNKNOWN	226	G	0.979902979903	A	0.010395010395	15	12	1414	2	1443	60300
UNKNOWN	227	C	0.971586971587	T	0.022176022176	4	1402	5	32	1443	60300
UNKNOWN	228	C	0.991683991684	A	0.00693000693001	10	1431	2	0	1443	60300
UNKNOWN	229	A	0.995841995842	G	0.002079002079	1437	1	3	2	1443	60300
UNKNOWN	230	A	0.985446985447	G	0.012474012474	1422	2	18	1	1443	60300
UNKNOWN	231	G	0.984753984754	T	0.00900900900901	4	5	1421	13	1443	60300
UNKNOWN	232	T	0.991683991684	C	0.00831600831601	0	12	0	1431	1443	60300
UNKNOWN	233	C	0.966042966043	G	0.023562023562	2	1394	34	13	1443	60300
UNKNOWN	234	T	0.988911988912	C	0.00554400554401	5	8	3	1427	1443	60300
UNKNOWN	235	C	0.991683991684	T	0.00623700623701	3	1431	0	9	1443	60300
UNKNOWN	236	T	0.982674982675	C	0.014553014553	0	21	4	1418	1443	60300
UNKNOWN	237	C	0.990297990298	T	0.00831600831601	1	1429	1	12	1443	60300
UNKNOWN	238	T	0.993762993763	G	0.004851004851	0	2	7	1434	1443	60300
UNKNOWN	239	G	0.967428967429	A	0.022869022869	33	5	1396	9	1443	60300
UNKNOWN	240	T	0.989604989605	C	0.00623700623701	3	9	3	1428	1443	60300
UNKNOWN	241	C	0.988218988219	A	0.00554400554401	8	1426	1	8	1443	60300
UNKNOWN	242	A	0.983367983368	G	0.012474012474	1419	4	18	2	1443	60300
UNKNOWN	243	G	0.930006930007	C	0.033957033957	37	49	1342	15	1443	60300
UNKNOWN	244	T	0.993762993763	G	0.004851004851	1	1	7	1434	1443	60300
UNKNOWN	245	G	0.982674982675	A	0.011781011781	17	6	1418	2	1443	60300
UNKNOWN	246	A	0.982674982675	G	0.011781011781	1418	8	17	0	1443	60300
UNKNOWN	247	G	0.941787941788	A	0.030492030492	44	36	1359	4	1443	60300
UNKNOWN	248	C	0.969507969508	T	0.02079002079	9	1399	5	30	1443	60300
UNKNOWN	249	A	0.988911988912	G	0.00831600831601	1427	4	12	0	1443	60300
UNKNOWN	250	G	0.975744975745	C	0.01386001386	14	20	1408	1	1443	60300
UNKNOWN	251	C	0.983367983368	T	0.010395010395	1	1419	8	15	1443	60300
UNKNOWN	252	G	0.988218988219	A	0.004851004851	7	3	1426	7	1443	60300
UNKNOWN	253	T	0.98613998614	C	0.00762300762301	1	11	8	1423	1443	60300
UNKNOWN	254	G	0.969507969508	A	0.021483021483	31	5	1399	8	1443	60300
UNKNOWN	255	A	0.984060984061	G	0.00900900900901	1420	7	13	3	1443	60300
UNKNOWN	256	C	0.982674982675	G	0.00831600831601	6	1418	12	7	1443	60300
UNKNOWN	257	A	0.976437976438	G	0.014553014553	1409	11	21	2	1443	60300
UNKNOWN	258	C	0.899514899515	A	0.0845460845461	122	1298	15	8	1443	60300
UNKNOWN	259	C	0.983367983368	T	0.00970200970201	4	1419	6	14	1443	60300
UNKNOWN	260	T	0.977823977824	C	0.010395010395	2	15	15	1411	1443	60300
UNKNOWN	261	G	0.990990990991	A	0.00623700623701	9	1	1430	3	1443	60300
UNKNOWN	262	A	0.989604989605	G	0.00762300762301	1428	4	11	0	1443	60300
UNKNOWN	263	G	0.961884961885	A	0.021483021483	31	10	1388	14	1443	60300
UNKNOWN	264	G	0.989604989605	A	0.00831600831601	12	1	1428	2	1443	60300
UNKNOWN	265	A	0.987525987526	C	0.00623700623701	1425	9	9	0	1443	60300
UNKNOWN	266	C	0.981288981289	A	0.00900900900901	13	1416	3	11	1443	60300
UNKNOWN	267	A	0.960498960499	T	0.022869022869	1386	8	16	33	1443	60300
UNKNOWN	268	C	0.992376992377	G	0.00623700623701	2	1432	9	0	1443	60300
UNKNOWN	269	G	0.988911988912	A	0.004851004851	7	2	1427	7	1443	60300
UNKNOWN	270	G	0.990297990298	C	0.00693000693001	2	10	1429	2	1443	60300
UNKNOWN	271	C	0.994455994456	A	0.004158004158	6	1435	1	1	1443	60300
UNKNOWN	272	C	0.99306999307	A	0.002772002772	4	1433	4	2	1443	60300
UNKNOWN	273	G	0.5148995149	A	0.476091476091	687	4	743	9	1443	60300
UNKNOWN	274	T	0.531531531532	C	0.458766458766	4	662	10	767	1443	60300
UNKNOWN	275	A	0.516978516979	G	0.459459459459	746	16	663	18	1443	60300
UNKNOWN	276	T	0.992376992377	A	0.00554400554401	8	2	1	1432	1443	60300
UNKNOWN	277	A	0.988911988912	T	0.004851004851	1427	6	3	7	1443	60300
UNKNOWN	278	C	0.964656964657	T	0.031185031185	5	1392	1	45	1443	60300
UNKNOWN	279	T	0.983367983368	A	0.00623700623701	9	8	7	1419	1443	60300
UNKNOWN	280	A	0.981981981982	T	0.00970200970201	1417	11	1	14	1443	60300
UNKNOWN	281	C	0.962577962578	T	0.035343035343	0	1389	3	51	1443	60300
UNKNOWN	282	T	0.990297990298	G	0.00554400554401	2	4	8	1429	1443	60300
