Type	Position	Nucl1	Freq1	Nucl2	Freq2	NumAs	NumCs	NumGs	NumTs	NumAligned	NumNaive
UNKNOWN	0	C	1.0	A	0.0	0	7926	0	0	7926	60300
UNKNOWN	1	A	1.0	C	0.0	7926	0	0	0	7926	60300
UNKNOWN	2	G	1.0	A	0.0	0	0	7926	0	7926	60300
UNKNOWN	3	G	1.0	A	0.0	0	0	7926	0	7926	60300
UNKNOWN	4	T	1.0	A	0.0	0	0	0	7926	7926	60300
UNKNOWN	5	G	1.0	A	0.0	0	0	7926	0	7926	60300
UNKNOWN	6	C	1.0	A	0.0	0	7926	0	0	7926	60300
UNKNOWN	7	A	0.998107494322	C	0.00100933636134	7911	8	6	1	7926	60300
UNKNOWN	8	G	0.988140297754	A	0.00971486247792	77	14	7832	3	7926	60300
UNKNOWN	9	C	0.995836487509	T	0.00214483976785	1	7893	15	17	7926	60300
UNKNOWN	10	T	0.998990663639	C	0.00100933636134	0	8	0	7918	7926	60300
UNKNOWN	11	G	0.998612162503	A	0.00126167045168	10	0	7915	1	7926	60300
UNKNOWN	12	C	1.0	A	0.0	0	7926	0	0	7926	60300
UNKNOWN	13	G	0.997728993187	A	0.00189250567752	15	3	7908	0	7926	60300
UNKNOWN	14	G	0.982210446631	C	0.015013878375	18	119	7785	4	7926	60300
UNKNOWN	15	G	0.999116830684	C	0.000504668180671	3	4	7919	0	7926	60300
UNKNOWN	16	A	0.994827151148	C	0.0035326772647	7885	28	10	3	7926	60300
UNKNOWN	17	G	0.9960888216	A	0.00340651021953	27	1	7895	3	7926	60300
UNKNOWN	18	T	0.996971990916	C	0.00164017158718	1	13	10	7902	7926	60300
UNKNOWN	19	C	0.999621498864	A	0.000126167045168	1	7923	1	1	7926	60300
UNKNOWN	20	A	0.51148120111	G	0.488392631845	4054	1	3871	0	7926	60300
UNKNOWN	21	G	0.998990663639	C	0.000630835225839	3	5	7918	0	7926	60300
UNKNOWN	22	G	0.999495331819	A	0.000378501135503	3	1	7922	0	7926	60300
UNKNOWN	23	C	0.998359828413	T	0.00138783749685	1	7913	1	11	7926	60300
UNKNOWN	24	C	0.999369164774	A	0.000252334090336	2	7921	1	2	7926	60300
UNKNOWN	25	C	0.999116830684	A	0.000504668180671	4	7919	0	3	7926	60300
UNKNOWN	26	C	0.999116830684	A	0.000630835225839	5	7919	0	2	7926	60300
UNKNOWN	27	A	0.997728993187	G	0.00164017158718	7908	5	13	0	7926	60300
UNKNOWN	28	G	0.994070148877	A	0.00365884430987	29	17	7879	1	7926	60300
UNKNOWN	29	C	0.998107494322	T	0.00164017158718	1	7911	1	13	7926	60300
UNKNOWN	30	C	0.999116830684	T	0.000883169316175	0	7919	0	7	7926	60300
UNKNOWN	31	T	0.997981327277	C	0.00138783749685	0	11	5	7910	7926	60300
UNKNOWN	32	G	0.99659348978	A	0.00227100681302	18	3	7899	6	7926	60300
UNKNOWN	33	G	0.997350492051	C	0.00189250567752	2	15	7905	4	7926	60300
UNKNOWN	34	T	0.998233661368	C	0.000883169316175	0	7	7	7912	7926	60300
UNKNOWN	35	G	0.997602826142	A	0.00189250567752	15	2	7907	2	7926	60300
UNKNOWN	36	A	0.998485995458	C	0.000883169316175	7914	7	4	1	7926	60300
UNKNOWN	37	A	0.995962654555	G	0.00264950794852	7894	8	21	3	7926	60300
UNKNOWN	38	G	0.994448650013	A	0.00466818067121	37	5	7882	2	7926	60300
UNKNOWN	39	C	0.998864496593	T	0.000883169316175	1	7917	1	7	7926	60300
UNKNOWN	40	C	0.999621498864	A	0.000252334090336	2	7923	0	1	7926	60300
UNKNOWN	41	C	0.996214988645	G	0.00239717385819	0	7896	19	11	7926	60300
UNKNOWN	42	T	0.997224325006	C	0.00227100681302	1	18	3	7904	7926	60300
UNKNOWN	43	C	0.998612162503	A	0.000757002271007	6	7915	0	5	7926	60300
UNKNOWN	44	A	0.996719656826	G	0.00151400454201	7900	11	12	3	7926	60300
UNKNOWN	45	C	0.997981327277	A	0.00100933636134	8	7910	7	1	7926	60300
UNKNOWN	46	A	0.996719656826	G	0.00189250567752	7900	11	15	0	7926	60300
UNKNOWN	47	G	0.993817814787	A	0.00555134998738	44	3	7877	2	7926	60300
UNKNOWN	48	A	0.996845823871	G	0.00164017158718	7901	12	13	0	7926	60300
UNKNOWN	49	C	0.998485995458	G	0.000757002271007	4	7914	6	2	7926	60300
UNKNOWN	50	C	0.999242997729	T	0.000378501135503	2	7920	1	3	7926	60300
UNKNOWN	51	C	0.997855160232	T	0.00126167045168	2	7909	5	10	7926	60300
UNKNOWN	52	T	0.997981327277	C	0.00151400454201	2	12	2	7910	7926	60300
UNKNOWN	53	C	0.998864496593	T	0.000883169316175	1	7917	1	7	7926	60300
UNKNOWN	54	T	0.995962654555	C	0.00365884430987	2	29	1	7894	7926	60300
UNKNOWN	55	C	0.998738329548	A	0.000757002271007	6	7916	1	3	7926	60300
UNKNOWN	56	C	0.997476659097	T	0.00138783749685	2	7906	7	11	7926	60300
UNKNOWN	57	C	0.997855160232	T	0.00113550340651	2	7909	6	9	7926	60300
UNKNOWN	58	T	0.997476659097	C	0.00227100681302	2	18	0	7906	7926	60300
UNKNOWN	59	C	0.998485995458	A	0.00126167045168	10	7914	1	1	7926	60300
UNKNOWN	60	A	0.996845823871	C	0.00252334090336	7901	20	4	1	7926	60300
UNKNOWN	61	C	0.997476659097	T	0.00151400454201	5	7906	3	12	7926	60300
UNKNOWN	62	C	0.997728993187	T	0.00176633863235	3	7908	1	14	7926	60300
UNKNOWN	63	T	0.998233661368	C	0.000757002271007	2	6	6	7912	7926	60300
UNKNOWN	64	G	0.998738329548	C	0.000757002271007	3	6	7916	1	7926	60300
UNKNOWN	65	C	0.997855160232	A	0.00113550340651	9	7909	1	7	7926	60300
UNKNOWN	66	A	0.995331819329	C	0.00214483976785	7889	17	13	7	7926	60300
UNKNOWN	67	C	0.997224325006	T	0.00151400454201	2	7904	8	12	7926	60300
UNKNOWN	68	G	0.98851879889	A	0.0108503658844	86	4	7835	1	7926	60300
UNKNOWN	69	G	0.60888215998	A	0.388215997981	3077	13	4826	10	7926	60300
UNKNOWN	70	T	0.968584405753	C	0.0302800908403	2	240	7	7677	7926	60300
UNKNOWN	71	C	0.990285137522	T	0.00454201362604	6	7849	35	36	7926	60300
UNKNOWN	72	T	0.997602826142	C	0.00189250567752	1	15	3	7907	7926	60300
UNKNOWN	73	C	0.998738329548	T	0.00126167045168	0	7916	0	10	7926	60300
UNKNOWN	74	T	0.996845823871	C	0.00201867272268	1	16	8	7901	7926	60300
UNKNOWN	75	G	0.998233661368	C	0.00164017158718	0	13	7912	1	7926	60300
UNKNOWN	76	G	0.99634115569	A	0.00302800908403	24	4	7897	1	7926	60300
UNKNOWN	77	A	0.993060812516	C	0.00378501135503	7871	30	12	13	7926	60300
UNKNOWN	78	T	0.993060812516	A	0.0035326772647	28	18	9	7871	7926	60300
UNKNOWN	79	T	0.996971990916	C	0.00252334090336	0	20	4	7902	7926	60300
UNKNOWN	80	C	0.990537471612	T	0.00643451930356	5	7851	19	51	7926	60300
UNKNOWN	81	T	0.99268231138	C	0.00592985112289	3	47	8	7868	7926	60300
UNKNOWN	82	C	0.996719656826	T	0.00176633863235	12	7900	0	14	7926	60300
UNKNOWN	83	A	0.994700984103	G	0.00201867272268	7884	15	16	11	7926	60300
UNKNOWN	84	T	0.976911430734	C	0.0211960635882	9	168	6	7743	7926	60300
UNKNOWN	85	T	0.997350492051	G	0.00138783749685	1	9	11	7905	7926	60300
UNKNOWN	86	G	0.98902346707	A	0.00870552611658	69	7	7839	11	7926	60300
UNKNOWN	87	A	0.989654302296	C	0.00580368407772	7844	46	30	6	7926	60300
UNKNOWN	88	G	0.953822861469	A	0.0314155942468	249	98	7560	19	7926	60300
UNKNOWN	89	C	0.957355538733	T	0.031541761292	49	7588	39	250	7926	60300
UNKNOWN	90	A	0.981327277315	G	0.014256876104	7778	27	113	8	7926	60300
UNKNOWN	91	G	0.863487257128	A	0.0808730759526	641	314	6844	127	7926	60300
UNKNOWN	92	C	0.980065606863	T	0.0138783749685	21	7768	27	110	7926	60300
UNKNOWN	93	T	0.974261922786	C	0.00883169316175	64	70	70	7722	7926	60300
UNKNOWN	94	A	0.984229119354	C	0.00643451930356	7801	51	29	45	7926	60300
UNKNOWN	95	T	0.992934645471	C	0.00378501135503	8	30	18	7870	7926	60300
UNKNOWN	96	G	0.881402977542	A	0.0844057532173	669	133	6986	138	7926	60300
UNKNOWN	97	C	0.918117587686	G	0.0389856169569	149	7277	309	191	7926	60300
UNKNOWN	98	T	0.992934645471	C	0.00328034317436	5	26	25	7870	7926	60300
UNKNOWN	99	G	0.988644965935	A	0.00958869543275	76	2	7836	12	7926	60300
UNKNOWN	100	T	0.995710320464	C	0.00290184203886	8	23	3	7892	7926	60300
UNKNOWN	101	A	0.977416098915	G	0.0161493817815	7747	36	128	15	7926	60300
UNKNOWN	102	G	0.964420893263	A	0.0276305828917	219	38	7644	25	7926	60300
UNKNOWN	103	G	0.863613424174	A	0.0986626293212	782	169	6845	130	7926	60300
UNKNOWN	104	C	0.994070148877	T	0.0031541761292	11	7879	11	25	7926	60300
UNKNOWN	105	T	0.997602826142	G	0.00164017158718	0	6	13	7907	7926	60300
UNKNOWN	106	G	0.998864496593	T	0.000757002271007	2	1	7917	6	7926	60300
UNKNOWN	107	G	0.998990663639	A	0.000378501135503	3	3	7918	2	7926	60300
UNKNOWN	108	G	0.989275801161	A	0.0074438556649	59	12	7841	14	7926	60300
UNKNOWN	109	T	0.996845823871	C	0.00264950794852	0	21	4	7901	7926	60300
UNKNOWN	110	C	0.997098157961	A	0.00176633863235	14	7903	3	6	7926	60300
UNKNOWN	111	C	0.998107494322	G	0.00113550340651	4	7911	9	2	7926	60300
UNKNOWN	112	G	0.998233661368	C	0.00113550340651	3	9	7912	2	7926	60300
UNKNOWN	113	C	0.998738329548	G	0.000630835225839	2	7916	5	3	7926	60300
UNKNOWN	114	C	0.997602826142	A	0.00151400454201	12	7907	2	5	7926	60300
UNKNOWN	115	A	0.995205652284	G	0.00328034317436	7888	11	26	1	7926	60300
UNKNOWN	116	G	0.998485995458	A	0.000757002271007	6	4	7914	2	7926	60300
UNKNOWN	117	G	0.984355286399	A	0.0119858692909	95	14	7802	15	7926	60300
UNKNOWN	118	C	0.997981327277	T	0.00164017158718	1	7910	2	13	7926	60300
UNKNOWN	119	T	0.96265455463	C	0.0364622760535	2	289	5	7630	7926	60300
UNKNOWN	120	C	0.968584405753	T	0.0301539237951	3	7677	7	239	7926	60300
UNKNOWN	121	C	0.997981327277	G	0.00164017158718	2	7910	13	1	7926	60300
UNKNOWN	122	G	0.98511228867	A	0.0141307090588	112	2	7808	4	7926	60300
UNKNOWN	123	G	0.998990663639	A	0.000883169316175	7	1	7918	0	7926	60300
UNKNOWN	124	G	0.988897300025	C	0.00895786020691	15	71	7838	2	7926	60300
UNKNOWN	125	G	0.991168306838	A	0.0078223568004	62	7	7856	1	7926	60300
UNKNOWN	126	A	0.998485995458	G	0.00126167045168	7914	2	10	0	7926	60300
UNKNOWN	127	A	0.993565480696	G	0.00542518294222	7875	5	43	3	7926	60300
UNKNOWN	128	G	0.995457986374	A	0.00428967953571	34	2	7890	0	7926	60300
UNKNOWN	129	G	0.98120111027	A	0.0160232147363	127	17	7777	5	7926	60300
UNKNOWN	130	C	0.994827151148	T	0.00239717385819	6	7885	16	19	7926	60300
UNKNOWN	131	A	0.549835982841	G	0.441963159223	4358	44	3503	21	7926	60300
UNKNOWN	132	C	0.991042139793	T	0.00630835225839	2	7855	19	50	7926	60300
UNKNOWN	133	T	0.994827151148	G	0.00264950794852	4	16	21	7885	7926	60300
UNKNOWN	134	G	0.985743123896	A	0.0118597022458	94	6	7813	13	7926	60300
UNKNOWN	135	G	0.996467322735	A	0.00201867272268	16	10	7898	2	7926	60300
UNKNOWN	136	A	0.994953318193	G	0.00365884430987	7886	9	29	2	7926	60300
UNKNOWN	137	G	0.971233913702	A	0.0240979056271	191	26	7698	11	7926	60300
UNKNOWN	138	T	0.995710320464	G	0.00214483976785	2	15	17	7892	7926	60300
UNKNOWN	139	G	0.997602826142	T	0.00138783749685	5	3	7907	11	7926	60300
UNKNOWN	140	G	0.994196315922	C	0.00340651021953	8	27	7880	11	7926	60300
UNKNOWN	141	G	0.945874337623	A	0.0430229624022	341	78	7497	10	7926	60300
UNKNOWN	142	T	0.998485995458	G	0.00113550340651	0	3	9	7914	7926	60300
UNKNOWN	143	T	0.991168306838	G	0.00454201362604	2	32	36	7856	7926	60300
UNKNOWN	144	G	0.994700984103	A	0.00428967953571	34	0	7884	8	7926	60300
UNKNOWN	145	G	0.988014130709	C	0.00971486247792	6	77	7831	12	7926	60300
UNKNOWN	146	T	0.982715114812	G	0.00731768861973	28	51	58	7789	7926	60300
UNKNOWN	147	G	0.815543779965	A	0.158591975776	1257	64	6464	141	7926	60300
UNKNOWN	148	G	0.756119101691	A	0.177390865506	1406	275	5993	252	7926	60300
UNKNOWN	149	T	0.94751450921	A	0.0213222306334	169	87	160	7510	7926	60300
UNKNOWN	150	A	0.941710825132	G	0.0420136260409	7464	25	333	104	7926	60300
UNKNOWN	151	T	0.989275801161	C	0.00466818067121	24	37	24	7841	7926	60300
UNKNOWN	152	A	0.961266717133	G	0.0222053999495	7619	40	176	91	7926	60300
UNKNOWN	153	A	0.906762553621	G	0.0686348725713	7187	158	544	37	7926	60300
UNKNOWN	154	G	0.88695432753	A	0.0644713600807	511	359	7030	26	7926	60300
UNKNOWN	155	T	0.964420893263	C	0.015770880646	47	125	110	7644	7926	60300
UNKNOWN	156	A	0.829043653798	G	0.137900580368	6571	233	1093	29	7926	60300
UNKNOWN	157	G	0.89086550593	C	0.0527378248801	323	418	7061	124	7926	60300
UNKNOWN	158	T	0.97022457734	G	0.0164017158718	42	64	130	7690	7926	60300
UNKNOWN	159	G	0.843552863992	A	0.116830683825	926	232	6686	82	7926	60300
UNKNOWN	160	G	0.86109008327	A	0.0730507191522	579	399	6825	123	7926	60300
UNKNOWN	161	T	0.974640423921	G	0.0123643704264	38	65	98	7725	7926	60300
UNKNOWN	162	G	0.990285137522	A	0.00921019429725	73	1	7849	3	7926	60300
UNKNOWN	163	G	0.987130961393	A	0.00820085793591	65	26	7824	11	7926	60300
UNKNOWN	164	A	0.980191773909	G	0.0143830431491	7769	19	114	24	7926	60300
UNKNOWN	165	A	0.94700984103	G	0.0431491294474	7506	54	342	24	7926	60300
UNKNOWN	166	G	0.865505929851	A	0.0627050214484	497	388	6860	181	7926	60300
UNKNOWN	167	C	0.918748422912	T	0.036840777189	167	7282	185	292	7926	60300
UNKNOWN	168	A	0.975397426192	G	0.0175372192783	7731	33	139	23	7926	60300
UNKNOWN	169	C	0.938935150139	A	0.034569770376	274	7442	62	148	7926	60300
UNKNOWN	170	A	0.978551602321	G	0.0137522079233	7756	17	109	44	7926	60300
UNKNOWN	171	T	0.947388342165	G	0.0262427453949	134	75	208	7509	7926	60300
UNKNOWN	172	A	0.531037093111	G	0.436159475145	4209	79	3457	181	7926	60300
UNKNOWN	173	C	0.964042392127	T	0.0243502397174	15	7641	77	193	7926	60300
UNKNOWN	174	T	0.576835730507	C	0.408402725208	72	3237	45	4572	7926	60300
UNKNOWN	175	A	0.583648750946	T	0.401463537724	4626	101	17	3182	7926	60300
UNKNOWN	176	T	0.980191773909	C	0.0102195306586	36	81	40	7769	7926	60300
UNKNOWN	177	A	0.990537471612	C	0.00441584658087	7851	35	28	12	7926	60300
UNKNOWN	178	A	0.986878627303	G	0.00958869543275	7822	24	76	4	7926	60300
UNKNOWN	179	C	0.922533434267	T	0.0695180418875	20	7312	43	551	7926	60300
UNKNOWN	180	C	0.96971990916	T	0.021069896543	38	7686	35	167	7926	60300
UNKNOWN	181	C	0.98902346707	T	0.00479434771638	35	7839	14	38	7926	60300
UNKNOWN	182	A	0.991672975019	G	0.00492051476154	7860	26	39	1	7926	60300
UNKNOWN	183	G	0.985490789806	A	0.00820085793591	65	36	7811	14	7926	60300
UNKNOWN	184	C	0.990411304567	T	0.00517284885188	4	7850	31	41	7926	60300
UNKNOWN	185	C	0.997224325006	T	0.00138783749685	4	7904	7	11	7926	60300
UNKNOWN	186	C	0.995836487509	T	0.00214483976785	11	7893	5	17	7926	60300
UNKNOWN	187	T	0.99634115569	A	0.00164017158718	13	5	11	7897	7926	60300
UNKNOWN	188	G	0.984481453444	A	0.0103456977038	82	5	7803	36	7926	60300
UNKNOWN	189	A	0.993313146606	G	0.00340651021953	7873	17	27	9	7926	60300
UNKNOWN	190	A	0.994574817058	G	0.00264950794852	7883	15	21	7	7926	60300
UNKNOWN	191	A	0.993060812516	G	0.00328034317436	7871	15	26	14	7926	60300
UNKNOWN	192	T	0.991925309109	C	0.00517284885188	6	41	17	7862	7926	60300
UNKNOWN	193	C	0.998612162503	G	0.000883169316175	1	7915	7	3	7926	60300
UNKNOWN	194	C	0.994574817058	T	0.00252334090336	3	7883	20	20	7926	60300
UNKNOWN	195	C	0.990158970477	G	0.00946252838759	1	7848	75	2	7926	60300
UNKNOWN	196	G	0.997098157961	A	0.00126167045168	10	5	7903	8	7926	60300
UNKNOWN	197	G	0.956598536462	A	0.0340651021953	270	53	7582	21	7926	60300
UNKNOWN	198	C	0.990411304567	T	0.0035326772647	27	7850	21	28	7926	60300
UNKNOWN	199	T	0.994448650013	C	0.0035326772647	8	28	8	7882	7926	60300
UNKNOWN	200	C	0.995584153419	A	0.00201867272268	16	7891	9	10	7926	60300
UNKNOWN	201	A	0.992051476154	G	0.00668685339389	7863	10	53	0	7926	60300
UNKNOWN	202	G	0.978046934141	C	0.0132475397426	28	105	7752	41	7926	60300
UNKNOWN	203	C	0.971233913702	T	0.0194297249558	49	7698	25	154	7926	60300
UNKNOWN	204	A	0.990915972748	G	0.00479434771638	7854	17	38	17	7926	60300
UNKNOWN	205	T	0.995836487509	C	0.0031541761292	4	25	4	7893	7926	60300
UNKNOWN	206	C	0.994953318193	T	0.00277567499369	17	7886	1	22	7926	60300
UNKNOWN	207	A	0.991420640929	G	0.00428967953571	7858	16	34	18	7926	60300
UNKNOWN	208	C	0.992556144335	A	0.00264950794852	21	7867	17	21	7926	60300
UNKNOWN	209	C	0.981831945496	T	0.00908402725208	35	7782	37	72	7926	60300
UNKNOWN	210	A	0.993691647742	G	0.00492051476154	7876	10	39	1	7926	60300
UNKNOWN	211	A	0.992303810245	G	0.00630835225839	7865	6	50	5	7926	60300
UNKNOWN	212	G	0.991168306838	A	0.00466818067121	37	31	7856	2	7926	60300
UNKNOWN	213	G	0.993439313651	A	0.00454201362604	36	6	7874	10	7926	60300
UNKNOWN	214	A	0.994448650013	C	0.00340651021953	7882	27	10	7	7926	60300
UNKNOWN	215	C	0.983976785264	T	0.00883169316175	29	7799	28	70	7926	60300
UNKNOWN	216	A	0.993313146606	G	0.0031541761292	7873	12	25	16	7926	60300
UNKNOWN	217	A	0.989654302296	G	0.00719152157456	7844	20	57	5	7926	60300
UNKNOWN	218	C	0.980317940954	T	0.0145092101943	2	7770	39	115	7926	60300
UNKNOWN	219	T	0.992808478425	C	0.0035326772647	16	28	13	7869	7926	60300
UNKNOWN	220	C	0.995710320464	A	0.00277567499369	22	7892	1	11	7926	60300
UNKNOWN	221	C	0.992934645471	T	0.00277567499369	20	7870	14	22	7926	60300
UNKNOWN	222	A	0.993943981832	C	0.0039111784002	7878	31	17	0	7926	60300
UNKNOWN	223	A	0.98851879889	G	0.0107241988393	7835	3	85	3	7926	60300
UNKNOWN	224	G	0.989275801161	C	0.00681302043906	25	54	7841	6	7926	60300
UNKNOWN	225	A	0.991168306838	G	0.00592985112289	7856	20	47	3	7926	60300
UNKNOWN	226	G	0.96580873076	A	0.0286399192531	227	42	7655	2	7926	60300
UNKNOWN	227	C	0.969215240979	T	0.0257380772142	19	7682	21	204	7926	60300
UNKNOWN	228	C	0.991294473883	G	0.00504668180671	28	7857	40	1	7926	60300
UNKNOWN	229	A	0.995962654555	T	0.00214483976785	7894	3	12	17	7926	60300
UNKNOWN	230	A	0.982967448902	G	0.015013878375	7791	9	119	7	7926	60300
UNKNOWN	231	G	0.968962906889	A	0.0184203885945	146	41	7680	59	7926	60300
UNKNOWN	232	T	0.994070148877	C	0.00504668180671	2	40	5	7879	7926	60300
UNKNOWN	233	C	0.978677769367	G	0.0109765329296	14	7757	87	68	7926	60300
UNKNOWN	234	T	0.993060812516	C	0.00365884430987	4	29	22	7871	7926	60300
UNKNOWN	235	C	0.992934645471	T	0.00479434771638	16	7870	2	38	7926	60300
UNKNOWN	236	T	0.986247792077	C	0.00883169316175	13	70	26	7817	7926	60300
UNKNOWN	237	C	0.993060812516	T	0.00454201362604	4	7871	15	36	7926	60300
UNKNOWN	238	T	0.995836487509	G	0.00201867272268	4	13	16	7893	7926	60300
UNKNOWN	239	G	0.954201362604	A	0.0373454453697	296	31	7563	36	7926	60300
UNKNOWN	240	T	0.993060812516	C	0.00302800908403	10	24	21	7871	7926	60300
UNKNOWN	241	C	0.990411304567	T	0.00693918748423	17	7850	4	55	7926	60300
UNKNOWN	242	A	0.987509462528	G	0.0078223568004	7827	17	62	20	7926	60300
UNKNOWN	243	G	0.938304314913	C	0.0355791067373	164	282	7437	43	7926	60300
UNKNOWN	244	T	0.994070148877	G	0.00277567499369	8	17	22	7879	7926	60300
UNKNOWN	245	G	0.97779460005	A	0.0118597022458	94	65	7750	17	7926	60300
UNKNOWN	246	A	0.987004794348	G	0.00996719656826	7823	20	79	4	7926	60300
UNKNOWN	247	G	0.953192026243	A	0.0299015897048	237	107	7555	27	7926	60300
UNKNOWN	248	C	0.970729245521	T	0.0205652283624	36	7694	33	163	7926	60300
UNKNOWN	249	A	0.986373959122	G	0.0123643704264	7818	9	98	1	7926	60300
UNKNOWN	250	G	0.988014130709	A	0.00693918748423	55	30	7831	10	7926	60300
UNKNOWN	251	C	0.989528135251	T	0.00580368407772	13	7843	24	46	7926	60300
UNKNOWN	252	G	0.991546807974	A	0.00492051476154	39	12	7859	16	7926	60300
UNKNOWN	253	T	0.991799142064	C	0.00504668180671	5	40	20	7861	7926	60300
UNKNOWN	254	G	0.969467575069	A	0.0201867272268	160	29	7684	53	7926	60300
UNKNOWN	255	A	0.989528135251	G	0.00681302043906	7843	16	54	13	7926	60300
UNKNOWN	256	C	0.992051476154	T	0.0039111784002	19	7863	13	31	7926	60300
UNKNOWN	257	A	0.971486247792	G	0.021069896543	7700	29	167	30	7926	60300
UNKNOWN	258	C	0.620741862226	A	0.358692909412	2843	4920	116	47	7926	60300
UNKNOWN	259	C	0.962780721675	T	0.018041887459	39	7631	113	143	7926	60300
UNKNOWN	260	T	0.978677769367	C	0.00933636134242	21	74	74	7757	7926	60300
UNKNOWN	261	G	0.993060812516	A	0.00454201362604	36	7	7871	12	7926	60300
UNKNOWN	262	A	0.99268231138	G	0.00580368407772	7868	9	46	3	7926	60300
UNKNOWN	263	G	0.959752712591	A	0.0228362351754	181	107	7607	31	7926	60300
UNKNOWN	264	G	0.993691647742	A	0.00365884430987	29	4	7876	17	7926	60300
UNKNOWN	265	A	0.994574817058	C	0.00302800908403	7883	24	16	3	7926	60300
UNKNOWN	266	C	0.986500126167	T	0.00681302043906	33	7819	20	54	7926	60300
UNKNOWN	267	A	0.96971990916	T	0.0170325510977	7686	16	89	135	7926	60300
UNKNOWN	268	C	0.992556144335	G	0.0035326772647	18	7867	28	13	7926	60300
UNKNOWN	269	G	0.992934645471	C	0.00290184203886	16	23	7870	17	7926	60300
UNKNOWN	270	G	0.992808478425	C	0.00264950794852	17	21	7869	19	7926	60300
UNKNOWN	271	C	0.993817814787	A	0.00290184203886	23	7877	21	5	7926	60300
UNKNOWN	272	C	0.991546807974	A	0.00428967953571	34	7859	19	14	7926	60300
UNKNOWN	273	A	0.991672975019	G	0.00492051476154	7860	17	39	10	7926	60300
UNKNOWN	274	C	0.989275801161	A	0.00529901589705	42	7841	8	35	7926	60300
UNKNOWN	275	A	0.981579611406	G	0.00857935907141	7780	34	68	44	7926	60300
UNKNOWN	276	T	0.992303810245	G	0.00264950794852	20	20	21	7865	7926	60300
UNKNOWN	277	A	0.992808478425	C	0.00365884430987	7869	29	9	19	7926	60300
UNKNOWN	278	C	0.967070401211	T	0.0305324249306	13	7665	6	242	7926	60300
UNKNOWN	279	T	0.98485995458	C	0.00870552611658	28	69	23	7806	7926	60300
UNKNOWN	280	A	0.982715114812	T	0.00857935907141	7789	43	26	68	7926	60300
UNKNOWN	281	C	0.975397426192	T	0.0220792329044	8	7731	12	175	7926	60300
UNKNOWN	282	T	0.993060812516	G	0.00517284885188	8	6	41	7871	7926	60300
