Type	Position	Nucl1	Freq1	Nucl2	Freq2	NumAs	NumCs	NumGs	NumTs	NumAligned	NumNaive
UNKNOWN	0	C	1.0	A	0.0	0	36949	0	0	36949	152863
UNKNOWN	1	A	1.0	C	0.0	36949	0	0	0	36949	152863
UNKNOWN	2	G	1.0	A	0.0	0	0	36949	0	36949	152863
UNKNOWN	3	G	1.0	A	0.0	0	0	36949	0	36949	152863
UNKNOWN	4	T	1.0	A	0.0	0	0	0	36949	36949	152863
UNKNOWN	5	G	1.0	A	0.0	0	0	36949	0	36949	152863
UNKNOWN	6	C	1.0	A	0.0	0	36949	0	0	36949	152863
UNKNOWN	7	A	0.989390781889	G	0.00600828168557	36557	77	222	93	36949	152863
UNKNOWN	8	G	0.990202711846	A	0.00768627026442	284	62	36587	16	36949	152863
UNKNOWN	9	C	0.998267882757	T	0.0012720236001	1	36885	16	47	36949	152863
UNKNOWN	10	T	0.999052748383	C	0.000866058621343	2	32	1	36914	36949	152863
UNKNOWN	11	G	0.998700912068	A	0.000811929957509	30	14	36901	4	36949	152863
UNKNOWN	12	C	0.999242198706	T	0.000649543966007	3	36921	1	24	36949	152863
UNKNOWN	13	G	0.999188070042	A	0.000460093642588	17	6	36919	7	36949	152863
UNKNOWN	14	C	0.864407697096	G	0.13483450161	15	31939	4982	13	36949	152863
UNKNOWN	15	G	0.999350456034	A	0.000351836314921	13	8	36925	3	36949	152863
UNKNOWN	16	A	0.997104116485	G	0.00146147392352	36842	51	54	2	36949	152863
UNKNOWN	17	G	0.99350456034	A	0.00530460905573	196	34	36709	10	36949	152863
UNKNOWN	18	T	0.997266502476	C	0.00132615226393	15	49	37	36848	36949	152863
UNKNOWN	19	C	0.999269263038	T	0.000460093642588	5	36922	5	17	36949	152863
UNKNOWN	20	G	0.986278383718	A	0.0109069257625	403	85	36442	19	36949	152863
UNKNOWN	21	G	0.997158245149	C	0.00186743890227	25	69	36844	11	36949	152863
UNKNOWN	22	G	0.998782105064	C	0.00089312295326	12	33	36904	0	36949	152863
UNKNOWN	23	C	0.999485777694	T	0.000433029310671	2	36930	1	16	36949	152863
UNKNOWN	24	C	0.999594035021	T	0.000243578987253	6	36934	0	9	36949	152863
UNKNOWN	25	C	0.999539906357	T	0.00027064331917	5	36932	2	10	36949	152863
UNKNOWN	26	C	0.999079812715	A	0.000676608297924	25	36915	1	8	36949	152863
UNKNOWN	27	A	0.997077052153	G	0.00189450323419	36841	32	70	6	36949	152863
UNKNOWN	28	G	0.995426127906	A	0.00324771983004	120	43	36780	6	36949	152863
UNKNOWN	29	C	0.998673847736	T	0.00102844461284	7	36900	4	38	36949	152863
UNKNOWN	30	C	0.999188070042	T	0.000703672629841	1	36919	3	26	36949	152863
UNKNOWN	31	T	0.997672467455	C	0.00124495926818	2	46	38	36863	36949	152863
UNKNOWN	32	G	0.995074291591	A	0.00313946250237	116	19	36767	47	36949	152863
UNKNOWN	33	G	0.996941730493	T	0.00140734525968	28	33	36836	52	36949	152863
UNKNOWN	34	T	0.997293566808	C	0.00181331023844	4	67	29	36849	36949	152863
UNKNOWN	35	G	0.9974559528	A	0.0017591815746	65	12	36855	17	36949	152863
UNKNOWN	36	A	0.996400443855	C	0.00254404720019	36816	94	33	6	36949	152863
UNKNOWN	37	A	0.993585753336	G	0.00330184849387	36712	113	122	2	36949	152863
UNKNOWN	38	G	0.998403204417	A	0.000703672629841	26	25	36890	8	36949	152863
UNKNOWN	39	C	0.997510081464	T	0.00124495926818	5	36857	41	46	36949	152863
UNKNOWN	40	C	0.99929632737	T	0.00027064331917	9	36923	7	10	36949	152863
UNKNOWN	41	C	0.998294947089	G	0.000974315949011	3	36886	36	24	36949	152863
UNKNOWN	42	T	0.996644022842	C	0.00267936885978	11	99	14	36825	36949	152863
UNKNOWN	43	C	0.998836233728	A	0.000730736961758	27	36906	3	13	36949	152863
UNKNOWN	44	A	0.994695390944	C	0.00276056185553	36753	102	81	13	36949	152863
UNKNOWN	45	C	0.996075671872	G	0.00308533383853	26	36804	114	5	36949	152863
UNKNOWN	46	A	0.997293566808	C	0.00138028092777	36849	51	45	4	36949	152863
UNKNOWN	47	G	0.998457333081	A	0.00113670194051	42	8	36892	7	36949	152863
UNKNOWN	48	A	0.995101355923	C	0.0030312051747	36768	112	59	10	36949	152863
UNKNOWN	49	C	0.998294947089	T	0.00138028092777	4	36886	8	51	36949	152863
UNKNOWN	50	C	0.998673847736	T	0.00089312295326	7	36900	9	33	36949	152863
UNKNOWN	51	C	0.998646783404	T	0.00100138028093	4	36899	9	37	36949	152863
UNKNOWN	52	T	0.996941730493	C	0.00230046821294	17	85	11	36836	36949	152863
UNKNOWN	53	C	0.998782105064	T	0.00089312295326	5	36904	7	33	36949	152863
UNKNOWN	54	T	0.996481636851	C	0.00265230452786	9	98	23	36819	36949	152863
UNKNOWN	55	C	0.998782105064	T	0.000541286638339	14	36904	11	20	36949	152863
UNKNOWN	56	C	0.99420823297	T	0.00422203577905	18	36735	40	156	36949	152863
UNKNOWN	57	C	0.998051368102	T	0.00105550894476	6	36877	27	39	36949	152863
UNKNOWN	58	T	0.997645403123	C	0.00208395355761	7	77	3	36862	36949	152863
UNKNOWN	59	C	0.997510081464	T	0.00135321659585	39	36857	3	50	36949	152863
UNKNOWN	60	A	0.994289425966	C	0.00349129881729	36738	129	68	14	36949	152863
UNKNOWN	61	C	0.99788898211	T	0.00146147392352	12	36871	12	54	36949	152863
UNKNOWN	62	C	0.996671087174	T	0.00219221088527	16	36826	26	81	36949	152863
UNKNOWN	63	T	0.997591274459	C	0.00116376627243	10	43	36	36860	36949	152863
UNKNOWN	64	G	0.998782105064	C	0.000757801293675	12	28	36904	5	36949	152863
UNKNOWN	65	C	0.997672467455	T	0.00129908793201	36	36863	2	48	36949	152863
UNKNOWN	66	A	0.993991718314	C	0.00281469051936	36727	104	97	21	36949	152863
UNKNOWN	67	C	0.997131180817	T	0.00154266691927	15	36843	34	57	36949	152863
UNKNOWN	68	G	0.991853636093	A	0.00641424666432	237	48	36648	16	36949	152863
UNKNOWN	69	G	0.985466453761	A	0.0122060136946	451	42	36412	44	36949	152863
UNKNOWN	70	T	0.995209613251	C	0.00395139245988	4	146	27	36772	36949	152863
UNKNOWN	71	C	0.990906384476	G	0.0044656147663	10	36613	165	161	36949	152863
UNKNOWN	72	T	0.996265122195	C	0.00265230452786	7	98	33	36811	36949	152863
UNKNOWN	73	C	0.998971555387	T	0.00089312295326	4	36911	1	33	36949	152863
UNKNOWN	74	T	0.994045846978	C	0.00338304148962	20	125	75	36729	36949	152863
UNKNOWN	75	G	0.998673847736	A	0.000974315949011	36	10	36900	3	36949	152863
UNKNOWN	76	G	0.995182548919	A	0.00378900646838	140	29	36771	9	36949	152863
UNKNOWN	77	A	0.985710032748	C	0.00679314731116	36421	251	199	78	36949	152863
UNKNOWN	78	T	0.978565049122	C	0.0170775934396	44	631	117	36157	36949	152863
UNKNOWN	79	T	0.995371999242	C	0.00400552112371	7	148	16	36778	36949	152863
UNKNOWN	80	C	0.994803648272	T	0.00468212942164	4	36757	15	173	36949	152863
UNKNOWN	81	T	0.993910525319	C	0.00433029310671	11	160	54	36724	36949	152863
UNKNOWN	82	C	0.996968794825	T	0.00186743890227	40	36837	3	69	36949	152863
UNKNOWN	83	A	0.992070150748	C	0.00400552112371	36656	148	94	51	36949	152863
UNKNOWN	84	T	0.998078432434	C	0.00132615226393	4	49	18	36878	36949	152863
UNKNOWN	85	T	0.998078432434	G	0.00108257327668	7	24	40	36878	36949	152863
UNKNOWN	86	G	0.98884949525	A	0.0103385747923	382	15	36537	15	36949	152863
UNKNOWN	87	A	0.989850875531	G	0.00614360334515	36574	135	227	13	36949	152863
UNKNOWN	88	G	0.961622777342	A	0.0270102032531	998	360	35531	60	36949	152863
UNKNOWN	89	C	0.963463151912	T	0.0261712089637	181	35599	202	967	36949	152863
UNKNOWN	90	A	0.966142520772	G	0.0244661560529	35698	321	904	26	36949	152863
UNKNOWN	91	G	0.847600746976	A	0.112560556443	4159	1142	31318	330	36949	152863
UNKNOWN	92	C	0.96809115267	T	0.0208124712441	106	35770	304	769	36949	152863
UNKNOWN	93	T	0.982678827573	G	0.00725324095375	209	163	268	36309	36949	152863
UNKNOWN	94	A	0.979133400092	C	0.0101761888008	36178	376	140	255	36949	152863
UNKNOWN	95	T	0.984492137812	C	0.0089312295326	15	330	228	36376	36949	152863
UNKNOWN	96	G	0.902378954776	A	0.0643048526347	2376	418	33342	813	36949	152863
UNKNOWN	97	C	0.902676662427	G	0.0433841240629	759	33353	1603	1234	36949	152863
UNKNOWN	98	T	0.993829332323	C	0.00308533383853	18	114	96	36721	36949	152863
UNKNOWN	99	G	0.971582451487	A	0.023464775772	867	81	35899	102	36949	152863
UNKNOWN	100	T	0.997483017132	C	0.00138028092777	31	51	11	36856	36949	152863
UNKNOWN	101	A	0.970662264202	G	0.018890903678	35865	171	698	215	36949	152863
UNKNOWN	102	A	0.970554006874	G	0.0246014777125	35861	132	909	47	36949	152863
UNKNOWN	103	G	0.835881891256	A	0.106849982408	3948	1787	30885	329	36949	152863
UNKNOWN	104	C	0.983138921216	T	0.0139381309372	47	36326	61	515	36949	152863
UNKNOWN	105	T	0.997699531787	G	0.00124495926818	4	35	46	36864	36949	152863
UNKNOWN	106	G	0.999106877047	C	0.000378900646838	8	14	36916	11	36949	152863
UNKNOWN	107	G	0.997645403123	C	0.00100138028093	18	37	36862	32	36949	152863
UNKNOWN	108	G	0.965059947495	A	0.0220574305123	815	165	35658	311	36949	152863
UNKNOWN	109	T	0.995101355923	C	0.00400552112371	11	148	22	36768	36949	152863
UNKNOWN	110	C	0.997591274459	T	0.0014344095916	19	36860	17	53	36949	152863
UNKNOWN	111	C	0.998538526076	G	0.000866058621343	5	36895	32	17	36949	152863
UNKNOWN	112	G	0.998700912068	C	0.000920187285177	10	34	36901	4	36949	152863
UNKNOWN	113	C	0.998484397413	T	0.000784865625592	15	36893	12	29	36949	152863
UNKNOWN	114	C	0.998700912068	A	0.00108257327668	40	36901	3	5	36949	152863
UNKNOWN	115	A	0.994749519608	G	0.00419497144713	36755	35	155	4	36949	152863
UNKNOWN	116	G	0.998944491055	C	0.000568350970256	13	21	36910	5	36949	152863
UNKNOWN	117	G	0.981975154943	A	0.0158055698395	584	68	36283	14	36949	152863
UNKNOWN	118	C	0.996671087174	T	0.00211101788952	8	36826	37	78	36949	152863
UNKNOWN	119	T	0.995290806246	C	0.00281469051936	3	104	67	36775	36949	152863
UNKNOWN	120	C	0.999215134374	A	0.000351836314921	13	36920	3	13	36949	152863
UNKNOWN	121	C	0.998538526076	A	0.00108257327668	40	36895	5	9	36949	152863
UNKNOWN	122	A	0.983950851173	G	0.0135862946223	36356	45	502	46	36949	152863
UNKNOWN	123	G	0.998755040732	A	0.000730736961758	27	10	36903	9	36949	152863
UNKNOWN	124	G	0.999377520366	A	0.000324771983004	12	3	36926	8	36949	152863
UNKNOWN	125	G	0.994045846978	A	0.00552112371106	204	7	36729	9	36949	152863
UNKNOWN	126	A	0.998538526076	G	0.00108257327668	36895	12	40	2	36949	152863
UNKNOWN	127	A	0.995886221549	G	0.00311239817045	36797	36	115	1	36949	152863
UNKNOWN	128	G	0.998863298059	A	0.000838994289426	31	5	36907	6	36949	152863
UNKNOWN	129	G	0.991177027795	A	0.00644131099624	238	76	36623	12	36949	152863
UNKNOWN	130	C	0.9961839292	G	0.00251698286828	8	36808	93	40	36949	152863
UNKNOWN	131	G	0.972340252781	A	0.0187826463504	694	160	35927	168	36949	152863
UNKNOWN	132	C	0.993964653983	T	0.0049527727408	24	36726	16	183	36949	152863
UNKNOWN	133	T	0.994749519608	C	0.00276056185553	5	102	87	36755	36949	152863
UNKNOWN	134	G	0.99166418577	A	0.00738856261333	273	5	36641	30	36949	152863
UNKNOWN	135	G	0.997131180817	A	0.00156973125118	58	41	36843	7	36949	152863
UNKNOWN	136	A	0.997564210127	G	0.00181331023844	36859	16	67	7	36949	152863
UNKNOWN	137	G	0.991880700425	A	0.00652250399199	241	10	36649	49	36949	152863
UNKNOWN	138	T	0.997970175106	G	0.00121789493626	2	28	45	36874	36949	152863
UNKNOWN	139	G	0.989742618203	A	0.00576470269831	213	69	36570	97	36949	152863
UNKNOWN	140	C	0.830252510217	G	0.153508890633	32	30677	5672	568	36949	152863
UNKNOWN	141	C	0.866085685675	G	0.125253728112	251	32001	4628	69	36949	152863
UNKNOWN	142	T	0.996481636851	C	0.00238166120869	11	88	31	36819	36949	152863
UNKNOWN	143	C	0.840212184362	T	0.155511651195	43	31045	115	5746	36949	152863
UNKNOWN	144	G	0.994424747625	A	0.00338304148962	125	12	36743	69	36949	152863
UNKNOWN	145	G	0.990743998484	C	0.00660369698774	20	244	36607	78	36949	152863
UNKNOWN	146	T	0.967603994695	C	0.0127743646648	263	472	462	35752	36949	152863
UNKNOWN	147	G	0.756475141411	A	0.19567511976	7230	819	27951	949	36949	152863
UNKNOWN	148	G	0.65509215405	A	0.266881377033	9861	2015	24205	868	36949	152863
UNKNOWN	149	T	0.942731873664	G	0.0261712089637	576	573	967	34833	36949	152863
UNKNOWN	150	A	0.951175945222	G	0.0443584400119	35145	81	1639	84	36949	152863
UNKNOWN	151	T	0.99464126228	C	0.00232753254486	69	86	43	36751	36949	152863
UNKNOWN	152	A	0.950066307613	T	0.0207312782484	35104	415	664	766	36949	152863
UNKNOWN	153	A	0.931635497578	G	0.0568892256895	34423	308	2102	116	36949	152863
UNKNOWN	154	G	0.907250534521	A	0.0579447346342	2141	1058	33522	228	36949	152863
UNKNOWN	155	C	0.951744296192	T	0.0301767300874	383	35166	285	1115	36949	152863
UNKNOWN	156	A	0.920836829143	G	0.0707732279629	34024	250	2615	60	36949	152863
UNKNOWN	157	G	0.946331429809	A	0.0249803783594	923	711	34966	349	36949	152863
UNKNOWN	158	T	0.973476954721	G	0.013369779967	220	266	494	35969	36949	152863
UNKNOWN	159	G	0.896993152724	A	0.0851714525427	3147	432	33143	227	36949	152863
UNKNOWN	160	G	0.88973991177	A	0.0841430079298	3109	659	32875	306	36949	152863
UNKNOWN	161	T	0.983328371539	C	0.0073344339495	129	271	216	36333	36949	152863
UNKNOWN	162	G	0.995209613251	A	0.00359955614496	133	13	36772	31	36949	152863
UNKNOWN	163	G	0.99025684051	A	0.00722617662183	267	61	36589	32	36949	152863
UNKNOWN	164	A	0.930444666973	G	0.0591896939024	34379	216	2187	167	36949	152863
UNKNOWN	165	A	0.922839589705	G	0.0646837532816	34098	173	2390	288	36949	152863
UNKNOWN	166	G	0.623941108014	A	0.21318574251	7877	3133	23054	2885	36949	152863
UNKNOWN	167	C	0.912582207908	T	0.0448185336545	837	33719	737	1656	36949	152863
UNKNOWN	168	A	0.973476954721	G	0.0161032774906	35969	230	595	155	36949	152863
UNKNOWN	169	C	0.987469214322	T	0.00784865625592	107	36486	66	290	36949	152863
UNKNOWN	170	A	0.977428347181	G	0.0171587864354	36115	152	634	48	36949	152863
UNKNOWN	171	G	0.872554061003	T	0.105009607838	584	245	32240	3880	36949	152863
UNKNOWN	172	G	0.795231264716	A	0.166229126634	6142	751	29383	673	36949	152863
UNKNOWN	173	C	0.977617797505	G	0.0110151830902	70	36122	407	350	36949	152863
UNKNOWN	174	T	0.993396303012	C	0.00295001217895	85	109	50	36705	36949	152863
UNKNOWN	175	A	0.993423367344	T	0.00397845679179	36706	34	62	147	36949	152863
UNKNOWN	176	T	0.984302687488	C	0.0131262009797	79	485	16	36369	36949	152863
UNKNOWN	177	A	0.99025684051	C	0.00468212942164	36589	173	155	32	36949	152863
UNKNOWN	178	A	0.986819670356	G	0.00679314731116	36462	220	251	16	36949	152863
UNKNOWN	179	C	0.919618934207	T	0.0706920349671	76	33979	282	2612	36949	152863
UNKNOWN	180	C	0.959349373461	T	0.025088635687	74	35447	501	927	36949	152863
UNKNOWN	181	C	0.98828114428	T	0.00595415302173	140	36516	73	220	36949	152863
UNKNOWN	182	A	0.979295786084	T	0.00868765054535	36184	163	281	321	36949	152863
UNKNOWN	183	G	0.977996698152	A	0.0138298736096	511	95	36136	207	36949	152863
UNKNOWN	184	C	0.987469214322	T	0.00576470269831	51	36486	199	213	36949	152863
UNKNOWN	185	C	0.998105496766	T	0.000866058621343	28	36879	10	32	36949	152863
UNKNOWN	186	C	0.995994478876	T	0.00311239817045	10	36801	23	115	36949	152863
UNKNOWN	187	T	0.995696771225	G	0.00230046821294	33	41	85	36790	36949	152863
UNKNOWN	188	G	0.976941189207	A	0.0184308100355	681	56	36097	115	36949	152863
UNKNOWN	189	A	0.992394922731	G	0.00422203577905	36668	118	156	7	36949	152863
UNKNOWN	190	A	0.993396303012	C	0.00313946250237	36705	116	94	34	36949	152863
UNKNOWN	191	A	0.98841646594	G	0.00457387209397	36521	133	169	126	36949	152863
UNKNOWN	192	T	0.992340794067	C	0.00424910011096	34	157	92	36666	36949	152863
UNKNOWN	193	C	0.9987279764	T	0.000595415302173	21	36902	4	22	36949	152863
UNKNOWN	194	C	0.991582992774	T	0.00433029310671	50	36638	101	160	36949	152863
UNKNOWN	195	C	0.996860537498	G	0.00227340388103	9	36833	84	23	36949	152863
UNKNOWN	196	G	0.997131180817	A	0.00129908793201	48	29	36843	29	36949	152863
UNKNOWN	197	G	0.952123196839	A	0.0348588595091	1288	288	35180	193	36949	152863
UNKNOWN	198	C	0.993125659693	T	0.00316652683429	54	36695	83	117	36949	152863
UNKNOWN	199	T	0.982868277897	C	0.0149395112182	37	552	44	36316	36949	152863
UNKNOWN	200	C	0.991366478118	A	0.00460093642588	170	36630	36	113	36949	152863
UNKNOWN	201	A	0.992016022084	G	0.00641424666432	36654	50	237	8	36949	152863
UNKNOWN	202	G	0.976291645241	C	0.0164821781374	112	609	36073	155	36949	152863
UNKNOWN	203	C	0.956642940269	T	0.0284446128447	214	35347	337	1051	36949	152863
UNKNOWN	204	A	0.989715553872	G	0.00579176703023	36569	73	214	93	36949	152863
UNKNOWN	205	T	0.994857776936	C	0.0033559771577	32	124	34	36759	36949	152863
UNKNOWN	206	C	0.990798127148	T	0.00584589569406	108	36609	16	216	36949	152863
UNKNOWN	207	A	0.990473355165	G	0.00487157974505	36597	126	180	46	36949	152863
UNKNOWN	208	C	0.989201331565	G	0.0059000243579	77	36550	218	104	36949	152863
UNKNOWN	209	C	0.970283363555	T	0.0132615226393	206	35851	402	490	36949	152863
UNKNOWN	210	A	0.993477496008	C	0.00427616444288	36708	158	74	9	36949	152863
UNKNOWN	211	A	0.990635741157	G	0.00790278491975	36603	40	292	14	36949	152863
UNKNOWN	212	G	0.990581612493	A	0.00774039892825	286	41	36601	21	36949	152863
UNKNOWN	213	G	0.993721074995	A	0.00527754472381	195	22	36717	15	36949	152863
UNKNOWN	214	A	0.993910525319	C	0.00341010582154	36724	126	72	27	36949	152863
UNKNOWN	215	C	0.988497658935	T	0.00600828168557	117	36524	86	222	36949	152863
UNKNOWN	216	A	0.990608676825	G	0.00598121735365	36602	87	221	39	36949	152863
UNKNOWN	217	A	0.987333892663	G	0.00833581423043	36481	118	308	42	36949	152863
UNKNOWN	218	C	0.98037835936	T	0.0161844704863	22	36224	105	598	36949	152863
UNKNOWN	219	T	0.991231156459	C	0.00433029310671	91	160	73	36625	36949	152863
UNKNOWN	220	C	0.995723835557	T	0.00219221088527	71	36791	6	81	36949	152863
UNKNOWN	221	C	0.991231156459	T	0.00405964978754	121	36625	53	150	36949	152863
UNKNOWN	222	A	0.99025684051	C	0.00630598933665	36589	233	120	7	36949	152863
UNKNOWN	223	A	0.989011881242	G	0.00947251617094	36543	37	350	19	36949	152863
UNKNOWN	224	G	0.988714173591	A	0.00541286638339	200	188	36532	29	36949	152863
UNKNOWN	225	A	0.990283904842	G	0.00633305366857	36590	98	234	27	36949	152863
UNKNOWN	226	G	0.96413976021	A	0.0292565428022	1081	214	35624	30	36949	152863
UNKNOWN	227	C	0.97713063953	T	0.0196757693036	59	36104	59	727	36949	152863
UNKNOWN	228	C	0.988903623914	G	0.00738856261333	125	36539	273	12	36949	152863
UNKNOWN	229	A	0.994262361634	T	0.00232753254486	36737	63	63	86	36949	152863
UNKNOWN	230	A	0.978023762483	G	0.0193239329887	36137	73	714	25	36949	152863
UNKNOWN	231	G	0.979728815394	A	0.0123683996861	457	126	36200	166	36949	152863
UNKNOWN	232	T	0.99420823297	C	0.00451974343013	17	167	30	36735	36949	152863
UNKNOWN	233	C	0.977320089854	G	0.0108257327668	40	36111	400	398	36949	152863
UNKNOWN	234	T	0.992827952042	C	0.00424910011096	26	157	82	36684	36949	152863
UNKNOWN	235	C	0.994424747625	T	0.00416790711521	48	36743	4	154	36949	152863
UNKNOWN	236	T	0.986197190722	C	0.00838994289426	39	310	161	36439	36949	152863
UNKNOWN	237	C	0.9949119056	T	0.00384313513221	24	36761	22	142	36949	152863
UNKNOWN	238	T	0.995615578229	G	0.00251698286828	15	54	93	36787	36949	152863
UNKNOWN	239	G	0.96949849793	A	0.0206771495846	764	181	35822	182	36949	152863
UNKNOWN	240	T	0.990743998484	A	0.00343717015345	127	118	97	36607	36949	152863
UNKNOWN	241	C	0.991285285123	T	0.00587296002598	91	36627	14	217	36949	152863
UNKNOWN	242	A	0.97981000839	G	0.0130179436521	36203	141	481	124	36949	152863
UNKNOWN	243	G	0.917643237977	C	0.0455492706163	1042	1683	33906	318	36949	152863
UNKNOWN	244	T	0.994668326612	G	0.0028688191832	18	73	106	36752	36949	152863
UNKNOWN	245	G	0.979322850415	A	0.0130991366478	484	143	36185	137	36949	152863
UNKNOWN	246	A	0.983084792552	G	0.0118000487158	36324	141	436	48	36949	152863
UNKNOWN	247	G	0.943570867953	A	0.0330455492706	1221	610	34864	254	36949	152863
UNKNOWN	248	C	0.978159084143	T	0.0148312538905	178	36142	81	548	36949	152863
UNKNOWN	249	A	0.987225635335	G	0.0105280251157	36477	72	389	11	36949	152863
UNKNOWN	250	G	0.981352675309	A	0.011069311754	409	234	36260	46	36949	152863
UNKNOWN	251	C	0.987036185012	T	0.00817342823892	29	36470	148	302	36949	152863
UNKNOWN	252	G	0.983003599556	A	0.0122601423584	453	61	36321	114	36949	152863
UNKNOWN	253	T	0.992259601072	C	0.00419497144713	21	155	110	36663	36949	152863
UNKNOWN	254	G	0.973098054075	A	0.0197840266313	731	114	35955	149	36949	152863
UNKNOWN	255	A	0.984004979837	G	0.00998673847736	36358	133	369	89	36949	152863
UNKNOWN	256	C	0.99223253674	T	0.00330184849387	114	36662	51	122	36949	152863
UNKNOWN	257	A	0.964816368508	G	0.0224363311592	35649	289	829	182	36949	152863
UNKNOWN	258	C	0.96018836775	A	0.0302849874151	1119	35478	232	120	36949	152863
UNKNOWN	259	C	0.988903623914	T	0.00792984925167	49	36539	68	293	36949	152863
UNKNOWN	260	T	0.971744837479	C	0.017591815746	91	650	303	35905	36949	152863
UNKNOWN	261	G	0.991691250101	A	0.00441148610247	163	35	36642	109	36949	152863
UNKNOWN	262	A	0.987415085659	G	0.00833581423043	36484	130	308	27	36949	152863
UNKNOWN	263	G	0.953368156107	A	0.0260088229722	961	601	35226	161	36949	152863
UNKNOWN	264	G	0.990148583182	A	0.00535873771956	198	50	36585	116	36949	152863
UNKNOWN	265	A	0.988660044927	C	0.00730736961758	36530	270	103	46	36949	152863
UNKNOWN	266	C	0.980703131343	T	0.00974315949011	233	36236	120	360	36949	152863
UNKNOWN	267	A	0.977049446534	T	0.0100679314731	36101	109	367	372	36949	152863
UNKNOWN	268	C	0.992178408076	G	0.00313946250237	95	36660	116	78	36949	152863
UNKNOWN	269	G	0.90089041652	A	0.0923164361688	3411	130	33287	121	36949	152863
UNKNOWN	270	G	0.991068770467	T	0.00359955614496	86	111	36619	133	36949	152863
UNKNOWN	271	C	0.991853636093	G	0.00368074914071	122	36648	136	43	36949	152863
UNKNOWN	272	C	0.988687109259	A	0.00516928739614	191	36531	79	148	36949	152863
UNKNOWN	273	A	0.990365097838	G	0.00468212942164	36593	104	173	79	36949	152863
UNKNOWN	274	C	0.987171506671	A	0.00546699504723	202	36475	89	183	36949	152863
UNKNOWN	275	A	0.970662264202	G	0.0174023654226	35865	209	643	232	36949	152863
UNKNOWN	276	T	0.991772443097	A	0.00362662047687	134	49	121	36645	36949	152863
UNKNOWN	277	A	0.991474735446	C	0.00581883136215	36634	215	51	49	36949	152863
UNKNOWN	278	C	0.961054426371	T	0.0369157487347	50	35510	25	1364	36949	152863
UNKNOWN	279	T	0.986603155701	G	0.00568350970256	135	150	210	36454	36949	152863
UNKNOWN	280	A	0.981027903326	C	0.00841700722618	36248	311	123	267	36949	152863
UNKNOWN	281	C	0.976183387913	T	0.0212455005548	60	36069	35	785	36949	152863
UNKNOWN	282	T	0.988037565293	G	0.00852526455384	87	40	315	36507	36949	152863
