Type	Position	Nucl1	Freq1	Nucl2	Freq2	NumAs	NumCs	NumGs	NumTs	NumAligned	NumNaive
UNKNOWN	0	C	1.0	A	0.0	0	265	0	0	265	55797
UNKNOWN	1	A	1.0	C	0.0	265	0	0	0	265	55797
UNKNOWN	2	G	1.0	A	0.0	0	0	265	0	265	55797
UNKNOWN	3	G	1.0	A	0.0	0	0	265	0	265	55797
UNKNOWN	4	T	1.0	A	0.0	0	0	0	265	265	55797
UNKNOWN	5	G	1.0	A	0.0	0	0	265	0	265	55797
UNKNOWN	6	C	1.0	A	0.0	0	265	0	0	265	55797
UNKNOWN	7	A	1.0	C	0.0	265	0	0	0	265	55797
UNKNOWN	8	G	1.0	A	0.0	0	0	265	0	265	55797
UNKNOWN	9	C	0.996226415094	T	0.00377358490566	0	264	0	1	265	55797
UNKNOWN	10	T	1.0	A	0.0	0	0	0	265	265	55797
UNKNOWN	11	G	1.0	A	0.0	0	0	265	0	265	55797
UNKNOWN	12	C	1.0	A	0.0	0	265	0	0	265	55797
UNKNOWN	13	G	1.0	A	0.0	0	0	265	0	265	55797
UNKNOWN	14	C	0.667924528302	G	0.332075471698	0	177	88	0	265	55797
UNKNOWN	15	G	1.0	A	0.0	0	0	265	0	265	55797
UNKNOWN	16	A	1.0	C	0.0	265	0	0	0	265	55797
UNKNOWN	17	G	1.0	A	0.0	0	0	265	0	265	55797
UNKNOWN	18	T	1.0	A	0.0	0	0	0	265	265	55797
UNKNOWN	19	C	1.0	A	0.0	0	265	0	0	265	55797
UNKNOWN	20	G	0.969811320755	A	0.0301886792453	8	0	257	0	265	55797
UNKNOWN	21	G	1.0	A	0.0	0	0	265	0	265	55797
UNKNOWN	22	G	1.0	A	0.0	0	0	265	0	265	55797
UNKNOWN	23	C	0.996226415094	T	0.00377358490566	0	264	0	1	265	55797
UNKNOWN	24	C	1.0	A	0.0	0	265	0	0	265	55797
UNKNOWN	25	C	1.0	A	0.0	0	265	0	0	265	55797
UNKNOWN	26	C	1.0	A	0.0	0	265	0	0	265	55797
UNKNOWN	27	A	1.0	C	0.0	265	0	0	0	265	55797
UNKNOWN	28	G	0.996226415094	A	0.00377358490566	1	0	264	0	265	55797
UNKNOWN	29	C	0.996226415094	T	0.00377358490566	0	264	0	1	265	55797
UNKNOWN	30	C	1.0	A	0.0	0	265	0	0	265	55797
UNKNOWN	31	T	1.0	A	0.0	0	0	0	265	265	55797
UNKNOWN	32	G	0.992452830189	A	0.00754716981132	2	0	263	0	265	55797
UNKNOWN	33	G	0.992452830189	A	0.00754716981132	2	0	263	0	265	55797
UNKNOWN	34	T	1.0	A	0.0	0	0	0	265	265	55797
UNKNOWN	35	G	1.0	A	0.0	0	0	265	0	265	55797
UNKNOWN	36	A	1.0	C	0.0	265	0	0	0	265	55797
UNKNOWN	37	A	1.0	C	0.0	265	0	0	0	265	55797
UNKNOWN	38	G	1.0	A	0.0	0	0	265	0	265	55797
UNKNOWN	39	C	0.996226415094	T	0.00377358490566	0	264	0	1	265	55797
UNKNOWN	40	C	1.0	A	0.0	0	265	0	0	265	55797
UNKNOWN	41	C	1.0	A	0.0	0	265	0	0	265	55797
UNKNOWN	42	T	1.0	A	0.0	0	0	0	265	265	55797
UNKNOWN	43	C	0.996226415094	T	0.00377358490566	0	264	0	1	265	55797
UNKNOWN	44	A	1.0	C	0.0	265	0	0	0	265	55797
UNKNOWN	45	C	0.984905660377	G	0.011320754717	1	261	3	0	265	55797
UNKNOWN	46	A	0.996226415094	G	0.00377358490566	264	0	1	0	265	55797
UNKNOWN	47	G	0.996226415094	A	0.00377358490566	1	0	264	0	265	55797
UNKNOWN	48	A	1.0	C	0.0	265	0	0	0	265	55797
UNKNOWN	49	C	0.996226415094	T	0.00377358490566	0	264	0	1	265	55797
UNKNOWN	50	C	0.996226415094	G	0.00377358490566	0	264	1	0	265	55797
UNKNOWN	51	C	1.0	A	0.0	0	265	0	0	265	55797
UNKNOWN	52	T	1.0	A	0.0	0	0	0	265	265	55797
UNKNOWN	53	C	0.996226415094	G	0.00377358490566	0	264	1	0	265	55797
UNKNOWN	54	T	1.0	A	0.0	0	0	0	265	265	55797
UNKNOWN	55	C	1.0	A	0.0	0	265	0	0	265	55797
UNKNOWN	56	C	1.0	A	0.0	0	265	0	0	265	55797
UNKNOWN	57	C	1.0	A	0.0	0	265	0	0	265	55797
UNKNOWN	58	T	0.996226415094	C	0.00377358490566	0	1	0	264	265	55797
UNKNOWN	59	C	1.0	A	0.0	0	265	0	0	265	55797
UNKNOWN	60	A	1.0	C	0.0	265	0	0	0	265	55797
UNKNOWN	61	C	1.0	A	0.0	0	265	0	0	265	55797
UNKNOWN	62	C	0.996226415094	T	0.00377358490566	0	264	0	1	265	55797
UNKNOWN	63	T	1.0	A	0.0	0	0	0	265	265	55797
UNKNOWN	64	G	1.0	A	0.0	0	0	265	0	265	55797
UNKNOWN	65	C	0.996226415094	T	0.00377358490566	0	264	0	1	265	55797
UNKNOWN	66	A	0.996226415094	G	0.00377358490566	264	0	1	0	265	55797
UNKNOWN	67	C	1.0	A	0.0	0	265	0	0	265	55797
UNKNOWN	68	G	1.0	A	0.0	0	0	265	0	265	55797
UNKNOWN	69	G	0.969811320755	A	0.0301886792453	8	0	257	0	265	55797
UNKNOWN	70	T	1.0	A	0.0	0	0	0	265	265	55797
UNKNOWN	71	C	0.992452830189	A	0.00377358490566	1	263	0	1	265	55797
UNKNOWN	72	T	1.0	A	0.0	0	0	0	265	265	55797
UNKNOWN	73	C	0.996226415094	T	0.00377358490566	0	264	0	1	265	55797
UNKNOWN	74	T	1.0	A	0.0	0	0	0	265	265	55797
UNKNOWN	75	G	1.0	A	0.0	0	0	265	0	265	55797
UNKNOWN	76	G	1.0	A	0.0	0	0	265	0	265	55797
UNKNOWN	77	A	0.996226415094	T	0.00377358490566	264	0	0	1	265	55797
UNKNOWN	78	T	1.0	A	0.0	0	0	0	265	265	55797
UNKNOWN	79	T	1.0	A	0.0	0	0	0	265	265	55797
UNKNOWN	80	C	0.992452830189	T	0.00377358490566	0	263	1	1	265	55797
UNKNOWN	81	T	1.0	A	0.0	0	0	0	265	265	55797
UNKNOWN	82	C	1.0	A	0.0	0	265	0	0	265	55797
UNKNOWN	83	A	1.0	C	0.0	265	0	0	0	265	55797
UNKNOWN	84	T	1.0	A	0.0	0	0	0	265	265	55797
UNKNOWN	85	T	1.0	A	0.0	0	0	0	265	265	55797
UNKNOWN	86	G	1.0	A	0.0	0	0	265	0	265	55797
UNKNOWN	87	A	1.0	C	0.0	265	0	0	0	265	55797
UNKNOWN	88	G	0.962264150943	A	0.0264150943396	7	2	255	1	265	55797
UNKNOWN	89	C	0.988679245283	A	0.00754716981132	2	262	0	1	265	55797
UNKNOWN	90	A	0.969811320755	C	0.0150943396226	257	4	4	0	265	55797
UNKNOWN	91	G	0.871698113208	A	0.0867924528302	23	10	231	1	265	55797
UNKNOWN	92	C	0.988679245283	A	0.00377358490566	1	262	1	1	265	55797
UNKNOWN	93	T	0.962264150943	A	0.0301886792453	8	1	1	255	265	55797
UNKNOWN	94	A	0.996226415094	T	0.00377358490566	264	0	0	1	265	55797
UNKNOWN	95	T	0.996226415094	G	0.00377358490566	0	0	1	264	265	55797
UNKNOWN	96	G	0.947169811321	A	0.0415094339623	11	1	251	2	265	55797
UNKNOWN	97	G	0.596226415094	C	0.377358490566	4	100	158	3	265	55797
UNKNOWN	98	T	0.996226415094	G	0.00377358490566	0	0	1	264	265	55797
UNKNOWN	99	G	0.977358490566	A	0.022641509434	6	0	259	0	265	55797
UNKNOWN	100	T	1.0	A	0.0	0	0	0	265	265	55797
UNKNOWN	101	A	0.977358490566	G	0.0188679245283	259	0	5	1	265	55797
UNKNOWN	102	A	0.788679245283	G	0.207547169811	209	1	55	0	265	55797
UNKNOWN	103	G	0.822641509434	A	0.124528301887	33	5	218	9	265	55797
UNKNOWN	104	C	1.0	A	0.0	0	265	0	0	265	55797
UNKNOWN	105	T	0.992452830189	A	0.00377358490566	1	0	1	263	265	55797
UNKNOWN	106	G	1.0	A	0.0	0	0	265	0	265	55797
UNKNOWN	107	G	1.0	A	0.0	0	0	265	0	265	55797
UNKNOWN	108	G	0.988679245283	A	0.011320754717	3	0	262	0	265	55797
UNKNOWN	109	T	1.0	A	0.0	0	0	0	265	265	55797
UNKNOWN	110	C	1.0	A	0.0	0	265	0	0	265	55797
UNKNOWN	111	C	1.0	A	0.0	0	265	0	0	265	55797
UNKNOWN	112	G	1.0	A	0.0	0	0	265	0	265	55797
UNKNOWN	113	C	1.0	A	0.0	0	265	0	0	265	55797
UNKNOWN	114	C	1.0	A	0.0	0	265	0	0	265	55797
UNKNOWN	115	A	1.0	C	0.0	265	0	0	0	265	55797
UNKNOWN	116	G	1.0	A	0.0	0	0	265	0	265	55797
UNKNOWN	117	G	0.996226415094	A	0.00377358490566	1	0	264	0	265	55797
UNKNOWN	118	C	1.0	A	0.0	0	265	0	0	265	55797
UNKNOWN	119	T	1.0	A	0.0	0	0	0	265	265	55797
UNKNOWN	120	C	1.0	A	0.0	0	265	0	0	265	55797
UNKNOWN	121	C	1.0	A	0.0	0	265	0	0	265	55797
UNKNOWN	122	A	0.981132075472	G	0.0188679245283	260	0	5	0	265	55797
UNKNOWN	123	G	1.0	A	0.0	0	0	265	0	265	55797
UNKNOWN	124	G	1.0	A	0.0	0	0	265	0	265	55797
UNKNOWN	125	G	0.996226415094	A	0.00377358490566	1	0	264	0	265	55797
UNKNOWN	126	A	1.0	C	0.0	265	0	0	0	265	55797
UNKNOWN	127	A	1.0	C	0.0	265	0	0	0	265	55797
UNKNOWN	128	G	0.996226415094	C	0.00377358490566	0	1	264	0	265	55797
UNKNOWN	129	G	0.992452830189	A	0.00377358490566	1	1	263	0	265	55797
UNKNOWN	130	C	1.0	A	0.0	0	265	0	0	265	55797
UNKNOWN	131	G	0.988679245283	A	0.011320754717	3	0	262	0	265	55797
UNKNOWN	132	C	0.977358490566	T	0.022641509434	0	259	0	6	265	55797
UNKNOWN	133	T	0.966037735849	G	0.0301886792453	1	0	8	256	265	55797
UNKNOWN	134	G	0.962264150943	A	0.0301886792453	8	0	255	2	265	55797
UNKNOWN	135	G	1.0	A	0.0	0	0	265	0	265	55797
UNKNOWN	136	A	1.0	C	0.0	265	0	0	0	265	55797
UNKNOWN	137	G	0.984905660377	A	0.0150943396226	4	0	261	0	265	55797
UNKNOWN	138	T	1.0	A	0.0	0	0	0	265	265	55797
UNKNOWN	139	G	0.996226415094	A	0.00377358490566	1	0	264	0	265	55797
UNKNOWN	140	C	0.716981132075	T	0.222641509434	1	190	15	59	265	55797
UNKNOWN	141	C	0.950943396226	G	0.0452830188679	1	252	12	0	265	55797
UNKNOWN	142	T	1.0	A	0.0	0	0	0	265	265	55797
UNKNOWN	143	C	0.898113207547	T	0.101886792453	0	238	0	27	265	55797
UNKNOWN	144	G	1.0	A	0.0	0	0	265	0	265	55797
UNKNOWN	145	G	1.0	A	0.0	0	0	265	0	265	55797
UNKNOWN	146	T	0.984905660377	C	0.0150943396226	0	4	0	261	265	55797
UNKNOWN	147	G	0.924528301887	A	0.0679245283019	18	1	245	1	265	55797
UNKNOWN	148	G	0.992452830189	C	0.00377358490566	0	1	263	1	265	55797
UNKNOWN	149	T	0.992452830189	A	0.00377358490566	1	1	0	263	265	55797
UNKNOWN	150	A	0.992452830189	G	0.00754716981132	263	0	2	0	265	55797
UNKNOWN	151	T	1.0	A	0.0	0	0	0	265	265	55797
UNKNOWN	152	A	0.977358490566	T	0.011320754717	259	0	3	3	265	55797
UNKNOWN	153	A	0.958490566038	G	0.0415094339623	254	0	11	0	265	55797
UNKNOWN	154	G	0.928301886792	A	0.0566037735849	15	4	246	0	265	55797
UNKNOWN	155	T	0.48679245283	C	0.464150943396	7	123	6	129	265	55797
UNKNOWN	156	A	0.91320754717	G	0.0830188679245	242	1	22	0	265	55797
UNKNOWN	157	G	0.981132075472	A	0.011320754717	3	2	260	0	265	55797
UNKNOWN	158	T	0.984905660377	A	0.00754716981132	2	1	1	261	265	55797
UNKNOWN	159	G	0.928301886792	A	0.0603773584906	16	2	246	1	265	55797
UNKNOWN	160	G	0.905660377358	A	0.0754716981132	20	2	240	3	265	55797
UNKNOWN	161	T	0.97358490566	A	0.0150943396226	4	1	2	258	265	55797
UNKNOWN	162	G	0.996226415094	A	0.00377358490566	1	0	264	0	265	55797
UNKNOWN	163	G	0.996226415094	C	0.00377358490566	0	1	264	0	265	55797
UNKNOWN	164	A	0.97358490566	G	0.0150943396226	258	2	4	1	265	55797
UNKNOWN	165	A	0.950943396226	G	0.0377358490566	252	1	10	2	265	55797
UNKNOWN	166	G	0.750943396226	A	0.124528301887	33	17	199	16	265	55797
UNKNOWN	167	C	0.924528301887	A	0.0415094339623	11	245	6	3	265	55797
UNKNOWN	168	A	0.977358490566	G	0.022641509434	259	0	6	0	265	55797
UNKNOWN	169	C	0.988679245283	A	0.00377358490566	1	262	1	1	265	55797
UNKNOWN	170	A	0.992452830189	C	0.00754716981132	263	2	0	0	265	55797
UNKNOWN	171	G	0.97358490566	T	0.0150943396226	2	1	258	4	265	55797
UNKNOWN	172	G	0.905660377358	A	0.0490566037736	13	10	240	2	265	55797
UNKNOWN	173	C	0.996226415094	T	0.00377358490566	0	264	0	1	265	55797
UNKNOWN	174	T	1.0	A	0.0	0	0	0	265	265	55797
UNKNOWN	175	A	1.0	C	0.0	265	0	0	0	265	55797
UNKNOWN	176	T	0.977358490566	C	0.0188679245283	0	5	1	259	265	55797
UNKNOWN	177	A	0.992452830189	C	0.00377358490566	263	1	1	0	265	55797
UNKNOWN	178	A	0.996226415094	G	0.00377358490566	264	0	1	0	265	55797
UNKNOWN	179	C	0.894339622642	T	0.0830188679245	1	237	5	22	265	55797
UNKNOWN	180	C	0.977358490566	T	0.0188679245283	0	259	1	5	265	55797
UNKNOWN	181	C	0.996226415094	T	0.00377358490566	0	264	0	1	265	55797
UNKNOWN	182	A	0.996226415094	G	0.00377358490566	264	0	1	0	265	55797
UNKNOWN	183	G	0.996226415094	A	0.00377358490566	1	0	264	0	265	55797
UNKNOWN	184	C	0.969811320755	G	0.0264150943396	0	257	7	1	265	55797
UNKNOWN	185	C	1.0	A	0.0	0	265	0	0	265	55797
UNKNOWN	186	C	1.0	A	0.0	0	265	0	0	265	55797
UNKNOWN	187	T	1.0	A	0.0	0	0	0	265	265	55797
UNKNOWN	188	G	1.0	A	0.0	0	0	265	0	265	55797
UNKNOWN	189	A	0.996226415094	C	0.00377358490566	264	1	0	0	265	55797
UNKNOWN	190	A	0.996226415094	T	0.00377358490566	264	0	0	1	265	55797
UNKNOWN	191	A	1.0	C	0.0	265	0	0	0	265	55797
UNKNOWN	192	T	1.0	A	0.0	0	0	0	265	265	55797
UNKNOWN	193	C	0.988679245283	A	0.00754716981132	2	262	0	1	265	55797
UNKNOWN	194	C	1.0	A	0.0	0	265	0	0	265	55797
UNKNOWN	195	C	1.0	A	0.0	0	265	0	0	265	55797
UNKNOWN	196	G	1.0	A	0.0	0	0	265	0	265	55797
UNKNOWN	197	G	0.984905660377	A	0.0150943396226	4	0	261	0	265	55797
UNKNOWN	198	C	1.0	A	0.0	0	265	0	0	265	55797
UNKNOWN	199	T	1.0	A	0.0	0	0	0	265	265	55797
UNKNOWN	200	C	1.0	A	0.0	0	265	0	0	265	55797
UNKNOWN	201	A	0.992452830189	C	0.00377358490566	263	1	1	0	265	55797
UNKNOWN	202	G	0.996226415094	C	0.00377358490566	0	1	264	0	265	55797
UNKNOWN	203	C	0.939622641509	A	0.0415094339623	11	249	1	4	265	55797
UNKNOWN	204	A	0.992452830189	G	0.00754716981132	263	0	2	0	265	55797
UNKNOWN	205	T	1.0	A	0.0	0	0	0	265	265	55797
UNKNOWN	206	C	0.992452830189	A	0.00377358490566	1	263	0	1	265	55797
UNKNOWN	207	A	1.0	C	0.0	265	0	0	0	265	55797
UNKNOWN	208	C	1.0	A	0.0	0	265	0	0	265	55797
UNKNOWN	209	C	0.984905660377	T	0.011320754717	0	261	1	3	265	55797
UNKNOWN	210	A	0.992452830189	C	0.00377358490566	263	1	1	0	265	55797
UNKNOWN	211	A	1.0	C	0.0	265	0	0	0	265	55797
UNKNOWN	212	G	0.992452830189	A	0.00754716981132	2	0	263	0	265	55797
UNKNOWN	213	G	1.0	A	0.0	0	0	265	0	265	55797
UNKNOWN	214	A	0.996226415094	T	0.00377358490566	264	0	0	1	265	55797
UNKNOWN	215	C	0.992452830189	T	0.00754716981132	0	263	0	2	265	55797
UNKNOWN	216	A	0.996226415094	T	0.00377358490566	264	0	0	1	265	55797
UNKNOWN	217	A	0.996226415094	C	0.00377358490566	264	1	0	0	265	55797
UNKNOWN	218	C	1.0	A	0.0	0	265	0	0	265	55797
UNKNOWN	219	T	1.0	A	0.0	0	0	0	265	265	55797
UNKNOWN	220	C	1.0	A	0.0	0	265	0	0	265	55797
UNKNOWN	221	C	0.992452830189	A	0.00377358490566	1	263	0	1	265	55797
UNKNOWN	222	A	0.988679245283	G	0.00754716981132	262	1	2	0	265	55797
UNKNOWN	223	A	0.996226415094	G	0.00377358490566	264	0	1	0	265	55797
UNKNOWN	224	G	0.996226415094	A	0.00377358490566	1	0	264	0	265	55797
UNKNOWN	225	A	1.0	C	0.0	265	0	0	0	265	55797
UNKNOWN	226	G	0.977358490566	A	0.022641509434	6	0	259	0	265	55797
UNKNOWN	227	C	0.984905660377	T	0.0150943396226	0	261	0	4	265	55797
UNKNOWN	228	C	0.992452830189	T	0.00377358490566	0	263	1	1	265	55797
UNKNOWN	229	A	1.0	C	0.0	265	0	0	0	265	55797
UNKNOWN	230	A	0.988679245283	G	0.011320754717	262	0	3	0	265	55797
UNKNOWN	231	G	0.988679245283	A	0.011320754717	3	0	262	0	265	55797
UNKNOWN	232	T	0.996226415094	C	0.00377358490566	0	1	0	264	265	55797
UNKNOWN	233	C	0.988679245283	T	0.00754716981132	0	262	1	2	265	55797
UNKNOWN	234	T	0.996226415094	C	0.00377358490566	0	1	0	264	265	55797
UNKNOWN	235	C	1.0	A	0.0	0	265	0	0	265	55797
UNKNOWN	236	T	0.984905660377	G	0.011320754717	1	0	3	261	265	55797
UNKNOWN	237	C	1.0	A	0.0	0	265	0	0	265	55797
UNKNOWN	238	T	0.996226415094	C	0.00377358490566	0	1	0	264	265	55797
UNKNOWN	239	G	0.845283018868	A	0.139622641509	37	0	224	4	265	55797
UNKNOWN	240	T	0.996226415094	A	0.00377358490566	1	0	0	264	265	55797
UNKNOWN	241	C	0.996226415094	T	0.00377358490566	0	264	0	1	265	55797
UNKNOWN	242	A	0.988679245283	G	0.00754716981132	262	1	2	0	265	55797
UNKNOWN	243	G	0.656603773585	C	0.294339622642	11	78	174	2	265	55797
UNKNOWN	244	T	1.0	A	0.0	0	0	0	265	265	55797
UNKNOWN	245	G	0.988679245283	T	0.00754716981132	1	0	262	2	265	55797
UNKNOWN	246	A	0.988679245283	G	0.011320754717	262	0	3	0	265	55797
UNKNOWN	247	G	0.981132075472	A	0.0150943396226	4	1	260	0	265	55797
UNKNOWN	248	C	0.992452830189	A	0.00377358490566	1	263	1	0	265	55797
UNKNOWN	249	A	1.0	C	0.0	265	0	0	0	265	55797
UNKNOWN	250	G	1.0	A	0.0	0	0	265	0	265	55797
UNKNOWN	251	C	0.996226415094	T	0.00377358490566	0	264	0	1	265	55797
UNKNOWN	252	G	0.996226415094	T	0.00377358490566	0	0	264	1	265	55797
UNKNOWN	253	T	1.0	A	0.0	0	0	0	265	265	55797
UNKNOWN	254	G	0.984905660377	A	0.00754716981132	2	1	261	1	265	55797
UNKNOWN	255	A	0.988679245283	T	0.00754716981132	262	0	1	2	265	55797
UNKNOWN	256	C	0.992452830189	A	0.00377358490566	1	263	0	1	265	55797
UNKNOWN	257	A	0.984905660377	G	0.00754716981132	261	1	2	1	265	55797
UNKNOWN	258	C	0.747169811321	A	0.245283018868	65	198	1	1	265	55797
UNKNOWN	259	C	1.0	A	0.0	0	265	0	0	265	55797
UNKNOWN	260	T	0.992452830189	G	0.00754716981132	0	0	2	263	265	55797
UNKNOWN	261	G	1.0	A	0.0	0	0	265	0	265	55797
UNKNOWN	262	A	0.992452830189	G	0.00754716981132	263	0	2	0	265	55797
UNKNOWN	263	G	0.966037735849	A	0.022641509434	6	2	256	1	265	55797
UNKNOWN	264	G	1.0	A	0.0	0	0	265	0	265	55797
UNKNOWN	265	A	1.0	C	0.0	265	0	0	0	265	55797
UNKNOWN	266	C	0.996226415094	T	0.00377358490566	0	264	0	1	265	55797
UNKNOWN	267	A	0.984905660377	T	0.00754716981132	261	0	2	2	265	55797
UNKNOWN	268	C	1.0	A	0.0	0	265	0	0	265	55797
UNKNOWN	269	G	0.984905660377	A	0.0150943396226	4	0	261	0	265	55797
UNKNOWN	270	G	1.0	A	0.0	0	0	265	0	265	55797
UNKNOWN	271	C	1.0	A	0.0	0	265	0	0	265	55797
UNKNOWN	272	C	1.0	A	0.0	0	265	0	0	265	55797
UNKNOWN	273	A	1.0	C	0.0	265	0	0	0	265	55797
UNKNOWN	274	C	0.992452830189	A	0.00377358490566	1	263	0	1	265	55797
UNKNOWN	275	A	0.984905660377	G	0.011320754717	261	1	3	0	265	55797
UNKNOWN	276	T	1.0	A	0.0	0	0	0	265	265	55797
UNKNOWN	277	A	1.0	C	0.0	265	0	0	0	265	55797
UNKNOWN	278	C	0.954716981132	T	0.0415094339623	0	253	1	11	265	55797
UNKNOWN	279	T	0.984905660377	C	0.0150943396226	0	4	0	261	265	55797
UNKNOWN	280	A	0.992452830189	C	0.00377358490566	263	1	0	1	265	55797
UNKNOWN	281	C	1.0	A	0.0	0	265	0	0	265	55797
UNKNOWN	282	T	0.996226415094	C	0.00377358490566	0	1	0	264	265	55797
