Type	Position	Nucl1	Freq1	Nucl2	Freq2	NumAs	NumCs	NumGs	NumTs	NumAligned	NumNaive
UNKNOWN	0	C	1.0	A	0.0	0	19540	0	0	19540	76208
UNKNOWN	1	A	1.0	C	0.0	19540	0	0	0	19540	76208
UNKNOWN	2	G	1.0	A	0.0	0	0	19540	0	19540	76208
UNKNOWN	3	G	1.0	A	0.0	0	0	19540	0	19540	76208
UNKNOWN	4	T	1.0	A	0.0	0	0	0	19540	19540	76208
UNKNOWN	5	G	1.0	A	0.0	0	0	19540	0	19540	76208
UNKNOWN	6	C	1.0	A	0.0	0	19540	0	0	19540	76208
UNKNOWN	7	A	0.99713408393	G	0.0021494370522	19484	10	42	4	19540	76208
UNKNOWN	8	G	0.988382804504	A	0.0085977482088	168	53	19313	6	19540	76208
UNKNOWN	9	C	0.994370522006	T	0.00317297850563	5	19430	43	62	19540	76208
UNKNOWN	10	T	0.998311156602	C	0.00148413510747	0	29	4	19507	19540	76208
UNKNOWN	11	G	0.995752302968	A	0.00353121801433	69	7	19457	7	19540	76208
UNKNOWN	12	C	0.998311156602	T	0.00148413510747	1	19507	3	29	19540	76208
UNKNOWN	13	G	0.998311156602	A	0.0014329580348	28	3	19507	2	19540	76208
UNKNOWN	14	G	0.942067553736	C	0.0558853633572	36	1092	18408	4	19540	76208
UNKNOWN	15	G	0.99923234391	C	0.000562947799386	2	11	19525	2	19540	76208
UNKNOWN	16	A	0.99559877175	G	0.00276356192426	19454	27	54	5	19540	76208
UNKNOWN	17	G	0.995240532242	A	0.003582395087	70	20	19447	3	19540	76208
UNKNOWN	18	T	0.997952917093	C	0.0017911975435	2	35	3	19500	19540	76208
UNKNOWN	19	C	0.999539406346	T	0.000409416581372	1	19531	0	8	19540	76208
UNKNOWN	20	G	0.997287615148	A	0.0021494370522	42	0	19487	11	19540	76208
UNKNOWN	21	G	0.999385875128	C	0.000409416581372	3	8	19528	1	19540	76208
UNKNOWN	22	G	0.999334698055	A	0.000511770726714	10	2	19527	1	19540	76208
UNKNOWN	23	C	0.998413510747	T	0.0014329580348	2	19509	1	28	19540	76208
UNKNOWN	24	C	0.999488229273	G	0.000307062436029	1	19530	6	3	19540	76208
UNKNOWN	25	C	0.999385875128	T	0.000460593654043	3	19528	0	9	19540	76208
UNKNOWN	26	C	0.998925281474	A	0.000460593654043	9	19519	5	7	19540	76208
UNKNOWN	27	A	0.995854657114	G	0.00271238485159	19459	27	53	1	19540	76208
UNKNOWN	28	G	0.990788126919	A	0.00675537359263	132	45	19360	3	19540	76208
UNKNOWN	29	C	0.996264073695	T	0.00291709314227	0	19467	16	57	19540	76208
UNKNOWN	30	C	0.998618219038	T	0.00122824974411	2	19513	1	24	19540	76208
UNKNOWN	31	T	0.99636642784	C	0.00204708290686	15	40	16	19469	19540	76208
UNKNOWN	32	G	0.995240532242	A	0.00337768679632	66	15	19447	12	19540	76208
UNKNOWN	33	G	0.996775844422	A	0.00184237461617	36	12	19477	15	19540	76208
UNKNOWN	34	T	0.996468781986	C	0.00281473899693	3	55	11	19471	19540	76208
UNKNOWN	35	G	0.997543500512	A	0.00204708290686	40	6	19492	2	19540	76208
UNKNOWN	36	A	0.996315250768	C	0.00225179119754	19468	44	20	8	19540	76208
UNKNOWN	37	A	0.993961105425	G	0.00414534288639	19422	31	81	6	19540	76208
UNKNOWN	38	G	0.99713408393	A	0.0017911975435	35	16	19484	5	19540	76208
UNKNOWN	39	C	0.994575230297	T	0.0028659160696	2	19434	48	56	19540	76208
UNKNOWN	40	C	0.999283520983	T	0.000614124872057	1	19526	1	12	19540	76208
UNKNOWN	41	C	0.997492323439	G	0.00163766632549	2	19491	32	15	19540	76208
UNKNOWN	42	T	0.996264073695	C	0.00332650972364	4	65	4	19467	19540	76208
UNKNOWN	43	C	0.998976458547	T	0.000562947799386	9	19520	0	11	19540	76208
UNKNOWN	44	A	0.995035823951	G	0.00240532241556	19443	41	47	9	19540	76208
UNKNOWN	45	C	0.997031729785	G	0.00204708290686	13	19482	40	5	19540	76208
UNKNOWN	46	A	0.996468781986	G	0.0021494370522	19471	24	42	3	19540	76208
UNKNOWN	47	G	0.997645854657	A	0.00168884339816	33	12	19494	1	19540	76208
UNKNOWN	48	A	0.995496417605	G	0.00240532241556	19452	36	47	5	19540	76208
UNKNOWN	49	C	0.997850562948	T	0.00112589559877	3	19498	17	22	19540	76208
UNKNOWN	50	C	0.997236438076	T	0.00168884339816	1	19486	20	33	19540	76208
UNKNOWN	51	C	0.998362333675	T	0.00133060388946	1	19508	5	26	19540	76208
UNKNOWN	52	T	0.995342886387	C	0.00414534288639	9	81	1	19449	19540	76208
UNKNOWN	53	C	0.998004094166	T	0.000972364380757	4	19501	16	19	19540	76208
UNKNOWN	54	T	0.995752302968	C	0.00342886386899	6	67	10	19457	19540	76208
UNKNOWN	55	C	0.998874104401	T	0.000870010235415	3	19518	2	17	19540	76208
UNKNOWN	56	C	0.995445240532	T	0.00296827021494	7	19451	24	58	19540	76208
UNKNOWN	57	C	0.996212896622	G	0.00189355168884	15	19466	37	22	19540	76208
UNKNOWN	58	T	0.995445240532	C	0.00383828045036	10	75	4	19451	19540	76208
UNKNOWN	59	C	0.998362333675	A	0.000870010235415	17	19508	1	14	19540	76208
UNKNOWN	60	A	0.996212896622	C	0.0017911975435	19466	35	31	8	19540	76208
UNKNOWN	61	C	0.997185261003	T	0.00225179119754	3	19485	8	44	19540	76208
UNKNOWN	62	C	0.995496417605	T	0.00261003070624	10	19452	27	51	19540	76208
UNKNOWN	63	T	0.996775844422	C	0.00204708290686	1	40	22	19477	19540	76208
UNKNOWN	64	G	0.998618219038	A	0.000665301944729	13	13	19513	1	19540	76208
UNKNOWN	65	C	0.99616171955	T	0.00301944728762	15	19465	1	59	19540	76208
UNKNOWN	66	A	0.99483111566	G	0.00255885363357	19439	42	50	9	19540	76208
UNKNOWN	67	C	0.995445240532	T	0.00353121801433	3	19451	17	69	19540	76208
UNKNOWN	68	G	0.988024564995	A	0.00972364380757	190	28	19306	16	19540	76208
UNKNOWN	69	G	0.694319344933	A	0.300870010235	5879	62	13567	32	19540	76208
UNKNOWN	70	T	0.991709314227	C	0.00731832139202	5	143	14	19378	19540	76208
UNKNOWN	71	C	0.982855680655	T	0.0089559877175	21	19205	139	175	19540	76208
UNKNOWN	72	T	0.995342886387	C	0.00363357215967	10	71	10	19449	19540	76208
UNKNOWN	73	C	0.997850562948	T	0.00148413510747	9	19498	4	29	19540	76208
UNKNOWN	74	T	0.992476970317	C	0.00368474923234	6	72	69	19393	19540	76208
UNKNOWN	75	G	0.997799385875	A	0.0017911975435	35	4	19497	4	19540	76208
UNKNOWN	76	G	0.994728761515	A	0.0032241555783	63	35	19437	5	19540	76208
UNKNOWN	77	A	0.98966223132	G	0.00470829068577	19338	69	92	41	19540	76208
UNKNOWN	78	T	0.992732855681	C	0.00404298874104	21	79	42	19398	19540	76208
UNKNOWN	79	T	0.995189355169	C	0.00383828045036	2	75	17	19446	19540	76208
UNKNOWN	80	C	0.98792221085	T	0.0100307062436	3	19304	37	196	19540	76208
UNKNOWN	81	T	0.9917604913	C	0.00670419651996	9	131	21	19379	19540	76208
UNKNOWN	82	C	0.995905834186	T	0.00301944728762	20	19460	1	59	19540	76208
UNKNOWN	83	A	0.993551688843	G	0.00271238485159	19414	41	53	32	19540	76208
UNKNOWN	84	T	0.993858751279	C	0.00414534288639	8	81	31	19420	19540	76208
UNKNOWN	85	T	0.996775844422	G	0.00163766632549	9	22	32	19477	19540	76208
UNKNOWN	86	G	0.981883316274	A	0.0167349027636	327	15	19186	12	19540	76208
UNKNOWN	87	A	0.990890481064	G	0.00593654042989	19362	54	116	8	19540	76208
UNKNOWN	88	G	0.949488229273	A	0.0323439099284	632	303	18553	52	19540	76208
UNKNOWN	89	C	0.959621289662	T	0.0259467758444	120	18751	162	507	19540	76208
UNKNOWN	90	A	0.977072671443	G	0.0169396110542	19092	88	331	29	19540	76208
UNKNOWN	91	G	0.857420675537	A	0.0953940634596	1864	646	16754	276	19540	76208
UNKNOWN	92	C	0.957369498465	T	0.032241555783	128	18707	75	630	19540	76208
UNKNOWN	93	T	0.968833162743	C	0.0111054247697	211	217	181	18931	19540	76208
UNKNOWN	94	A	0.969396110542	G	0.0134595701126	18942	151	263	184	19540	76208
UNKNOWN	95	T	0.986489252815	C	0.00813715455476	35	159	70	19276	19540	76208
UNKNOWN	96	G	0.880040941658	A	0.0860286591607	1681	291	17196	372	19540	76208
UNKNOWN	97	C	0.912384851586	G	0.04252814739	402	17828	831	479	19540	76208
UNKNOWN	98	T	0.991453428864	C	0.00435005117707	33	85	49	19373	19540	76208
UNKNOWN	99	G	0.967911975435	A	0.0279426816786	546	13	18913	68	19540	76208
UNKNOWN	100	T	0.995905834186	C	0.00271238485159	18	53	9	19460	19540	76208
UNKNOWN	101	A	0.977379733879	G	0.0144319344933	19098	89	282	71	19540	76208
UNKNOWN	102	G	0.943398157625	A	0.042835209826	837	121	18434	148	19540	76208
UNKNOWN	103	G	0.863613101331	A	0.102149437052	1996	436	16875	233	19540	76208
UNKNOWN	104	C	0.983009211873	T	0.00992835209826	55	19208	83	194	19540	76208
UNKNOWN	105	T	0.997338792221	C	0.00133060388946	1	26	25	19488	19540	76208
UNKNOWN	106	G	0.999181166837	T	0.000307062436029	5	5	19524	6	19540	76208
UNKNOWN	107	G	0.998822927329	A	0.000460593654043	9	7	19517	7	19540	76208
UNKNOWN	108	G	0.98198567042	A	0.0132036847492	258	52	19188	42	19540	76208
UNKNOWN	109	T	0.995342886387	C	0.00404298874104	8	79	4	19449	19540	76208
UNKNOWN	110	C	0.996980552712	T	0.00148413510747	2	19481	28	29	19540	76208
UNKNOWN	111	C	0.998208802456	G	0.00112589559877	1	19505	22	12	19540	76208
UNKNOWN	112	G	0.99769703173	C	0.0014329580348	14	28	19495	3	19540	76208
UNKNOWN	113	C	0.996059365404	T	0.00230296827021	22	19463	10	45	19540	76208
UNKNOWN	114	C	0.997952917093	A	0.00133060388946	26	19500	5	9	19540	76208
UNKNOWN	115	A	0.993756397134	G	0.00562947799386	19418	9	110	3	19540	76208
UNKNOWN	116	G	0.996878198567	A	0.00225179119754	44	15	19479	2	19540	76208
UNKNOWN	117	G	0.97451381781	A	0.0159160696008	311	48	19042	139	19540	76208
UNKNOWN	118	C	0.99616171955	T	0.00230296827021	3	19465	27	45	19540	76208
UNKNOWN	119	T	0.994165813715	C	0.00445240532242	2	87	25	19426	19540	76208
UNKNOWN	120	C	0.998874104401	T	0.000818833162743	1	19518	5	16	19540	76208
UNKNOWN	121	C	0.996724667349	G	0.00153531218014	5	19476	30	29	19540	76208
UNKNOWN	122	G	0.986233367451	A	0.0128454452405	251	7	19271	11	19540	76208
UNKNOWN	123	G	0.99846468782	A	0.000972364380757	19	5	19510	6	19540	76208
UNKNOWN	124	G	0.995803480041	A	0.00363357215967	71	6	19458	5	19540	76208
UNKNOWN	125	G	0.986182190379	A	0.0130501535312	255	10	19270	5	19540	76208
UNKNOWN	126	A	0.997082906858	G	0.00189355168884	19483	17	37	3	19540	76208
UNKNOWN	127	A	0.989764585466	G	0.00941658137155	19340	14	184	2	19540	76208
UNKNOWN	128	G	0.999027635619	A	0.000818833162743	16	3	19521	0	19540	76208
UNKNOWN	129	G	0.990685772774	A	0.00690890481064	135	45	19358	2	19540	76208
UNKNOWN	130	C	0.995496417605	T	0.00261003070624	1	19452	36	51	19540	76208
UNKNOWN	131	G	0.980040941658	A	0.014022517912	274	88	19150	28	19540	76208
UNKNOWN	132	C	0.988382804504	T	0.00875127942682	18	19313	38	171	19540	76208
UNKNOWN	133	T	0.991146366428	C	0.00496417604913	9	97	67	19367	19540	76208
UNKNOWN	134	G	0.9752814739	A	0.0215967246673	422	7	19057	54	19540	76208
UNKNOWN	135	G	0.995905834186	A	0.00261003070624	51	27	19460	2	19540	76208
UNKNOWN	136	A	0.99406345957	G	0.00383828045036	19424	19	75	22	19540	76208
UNKNOWN	137	G	0.964380757421	A	0.0313715455476	613	44	18844	39	19540	76208
UNKNOWN	138	T	0.996264073695	G	0.00204708290686	2	31	40	19467	19540	76208
UNKNOWN	139	G	0.997492323439	T	0.000972364380757	17	13	19491	19	19540	76208
UNKNOWN	140	G	0.994370522006	C	0.00342886386899	13	67	19430	30	19540	76208
UNKNOWN	141	G	0.911770726714	A	0.0670931422723	1311	371	17816	42	19540	76208
UNKNOWN	142	T	0.997287615148	C	0.00163766632549	3	32	18	19487	19540	76208
UNKNOWN	143	T	0.978915046059	C	0.010593654043	44	207	161	19128	19540	76208
UNKNOWN	144	G	0.995445240532	A	0.00383828045036	75	1	19451	13	19540	76208
UNKNOWN	145	G	0.988024564995	C	0.00921187308086	16	180	19306	38	19540	76208
UNKNOWN	146	T	0.968167860798	G	0.0134595701126	159	200	263	18918	19540	76208
UNKNOWN	147	G	0.81780962129	A	0.150665301945	2944	131	15980	485	19540	76208
UNKNOWN	148	G	0.804042988741	A	0.132088024565	2581	772	15711	476	19540	76208
UNKNOWN	149	T	0.940634595701	G	0.0250255885363	393	278	489	18380	19540	76208
UNKNOWN	150	A	0.941709314227	G	0.0480552712385	18401	47	939	153	19540	76208
UNKNOWN	151	T	0.987205731832	A	0.0046571136131	91	71	88	19290	19540	76208
UNKNOWN	152	A	0.936335721597	G	0.0308597748209	18296	207	603	434	19540	76208
UNKNOWN	153	A	0.904964176049	G	0.0803480040942	17683	159	1570	128	19540	76208
UNKNOWN	154	G	0.842118730809	A	0.105475946776	2061	829	16455	195	19540	76208
UNKNOWN	155	T	0.949129989765	C	0.02164790174	258	423	313	18546	19540	76208
UNKNOWN	156	A	0.801177072671	G	0.169754350051	15655	386	3317	182	19540	76208
UNKNOWN	157	G	0.851688843398	A	0.06417604913	1254	1078	16642	566	19540	76208
UNKNOWN	158	T	0.95516888434	G	0.0242067553736	187	216	473	18664	19540	76208
UNKNOWN	159	G	0.736284544524	A	0.199948822927	3907	848	14387	398	19540	76208
UNKNOWN	160	G	0.813357215967	A	0.114329580348	2234	1062	15893	351	19540	76208
UNKNOWN	161	T	0.964022517912	G	0.017758444217	118	238	347	18837	19540	76208
UNKNOWN	162	G	0.989303991812	A	0.00910951893552	178	20	19331	11	19540	76208
UNKNOWN	163	G	0.986386898669	A	0.00992835209826	194	31	19274	41	19540	76208
UNKNOWN	164	A	0.961258955988	G	0.0273285568066	18783	98	534	125	19540	76208
UNKNOWN	165	A	0.929426816786	G	0.0547594677584	18161	211	1070	98	19540	76208
UNKNOWN	166	G	0.757625383828	A	0.129938587513	2539	1389	14804	808	19540	76208
UNKNOWN	167	C	0.871238485159	T	0.046110542477	788	17024	827	901	19540	76208
UNKNOWN	168	A	0.974872057318	G	0.0135107471853	19049	154	264	73	19540	76208
UNKNOWN	169	C	0.955322415558	T	0.032548618219	122	18667	115	636	19540	76208
UNKNOWN	170	A	0.984646878199	G	0.00772773797339	19240	57	151	92	19540	76208
UNKNOWN	171	T	0.980501535312	G	0.0106960081883	60	112	209	19159	19540	76208
UNKNOWN	172	G	0.971852610031	A	0.0196008188332	383	111	18990	56	19540	76208
UNKNOWN	173	C	0.982599795292	T	0.0148413510747	6	19200	44	290	19540	76208
UNKNOWN	174	C	0.973797338792	T	0.021340839304	62	19028	33	417	19540	76208
UNKNOWN	175	T	0.971136131013	A	0.0136642784033	267	154	143	18976	19540	76208
UNKNOWN	176	T	0.965148413511	C	0.014022517912	201	274	206	18859	19540	76208
UNKNOWN	177	A	0.985465711361	G	0.0082395087001	19256	107	161	16	19540	76208
UNKNOWN	178	A	0.982036847492	G	0.0103889457523	19189	138	203	10	19540	76208
UNKNOWN	179	C	0.872057318321	T	0.110133060389	44	17040	304	2152	19540	76208
UNKNOWN	180	C	0.948720573183	T	0.0304503582395	96	18538	311	595	19540	76208
UNKNOWN	181	C	0.984493346981	A	0.0068065506653	133	19237	52	118	19540	76208
UNKNOWN	182	A	0.986131013306	G	0.00936540429887	19269	66	183	22	19540	76208
UNKNOWN	183	G	0.978249744115	A	0.014022517912	274	117	19115	34	19540	76208
UNKNOWN	184	C	0.977021494371	T	0.0142784032753	37	19091	133	279	19540	76208
UNKNOWN	185	C	0.996673490276	T	0.00225179119754	5	19475	16	44	19540	76208
UNKNOWN	186	C	0.991453428864	T	0.00603889457523	16	19373	33	118	19540	76208
UNKNOWN	187	T	0.992732855681	G	0.00435005117707	35	22	85	19398	19540	76208
UNKNOWN	188	G	0.974974411464	A	0.017451381781	341	30	19051	118	19540	76208
UNKNOWN	189	A	0.988843398158	G	0.00762538382805	19322	50	149	19	19540	76208
UNKNOWN	190	A	0.99099283521	G	0.00450358239509	19364	57	88	31	19540	76208
UNKNOWN	191	A	0.988280450358	T	0.00481064483112	19311	53	82	94	19540	76208
UNKNOWN	192	T	0.987666325486	C	0.00854657113613	21	167	53	19299	19540	76208
UNKNOWN	193	C	0.99616171955	T	0.00261003070624	20	19465	4	51	19540	76208
UNKNOWN	194	C	0.988945752303	T	0.00603889457523	17	19324	81	118	19540	76208
UNKNOWN	195	C	0.993039918117	G	0.00491299897646	22	19404	96	18	19540	76208
UNKNOWN	196	G	0.997389969294	A	0.00127942681679	25	18	19489	8	19540	76208
UNKNOWN	197	G	0.919959058342	A	0.0579836233367	1133	246	17976	185	19540	76208
UNKNOWN	198	C	0.981525076766	T	0.0100307062436	47	19179	118	196	19540	76208
UNKNOWN	199	T	0.98966223132	C	0.00803480040942	26	157	19	19338	19540	76208
UNKNOWN	200	C	0.987410440123	A	0.00583418628454	114	19294	34	98	19540	76208
UNKNOWN	201	A	0.988536335722	G	0.00890481064483	19316	46	174	4	19540	76208
UNKNOWN	202	G	0.970726714432	C	0.0204708290686	109	400	18968	63	19540	76208
UNKNOWN	203	C	0.934390992835	T	0.0525588536336	188	18258	67	1027	19540	76208
UNKNOWN	204	A	0.982292732856	G	0.00972364380757	19194	54	190	102	19540	76208
UNKNOWN	205	T	0.991453428864	C	0.00665301944729	25	130	12	19373	19540	76208
UNKNOWN	206	C	0.986131013306	T	0.00813715455476	106	19269	6	159	19540	76208
UNKNOWN	207	A	0.988229273286	C	0.0053735926305	19310	105	97	28	19540	76208
UNKNOWN	208	C	0.982702149437	T	0.00905834186285	41	19202	120	177	19540	76208
UNKNOWN	209	C	0.963561924258	T	0.0164278403275	194	18828	197	321	19540	76208
UNKNOWN	210	A	0.992118730809	G	0.00399181166837	19386	71	78	5	19540	76208
UNKNOWN	211	A	0.986438075742	G	0.0116171954964	19275	24	227	14	19540	76208
UNKNOWN	212	G	0.984186284545	A	0.0133572159672	261	36	19231	12	19540	76208
UNKNOWN	213	G	0.989201637666	A	0.00808597748209	158	34	19329	19	19540	76208
UNKNOWN	214	A	0.989866939611	C	0.00552712384852	19342	108	56	34	19540	76208
UNKNOWN	215	C	0.978966223132	T	0.0106960081883	126	19129	76	209	19540	76208
UNKNOWN	216	A	0.985619242579	G	0.0100307062436	19259	50	196	35	19540	76208
UNKNOWN	217	A	0.977840327533	G	0.0117195496418	19107	138	229	66	19540	76208
UNKNOWN	218	C	0.965762538383	T	0.024769703173	16	18871	169	484	19540	76208
UNKNOWN	219	T	0.989201637666	C	0.00767656090072	27	150	34	19329	19540	76208
UNKNOWN	220	C	0.993244626407	T	0.00378710337769	54	19408	4	74	19540	76208
UNKNOWN	221	C	0.983009211873	A	0.00813715455476	159	19208	59	114	19540	76208
UNKNOWN	222	A	0.987563971341	G	0.0060900716479	19297	117	119	7	19540	76208
UNKNOWN	223	A	0.980552712385	G	0.0176560900716	19160	17	345	18	19540	76208
UNKNOWN	224	G	0.98275332651	A	0.010747185261	210	101	19203	26	19540	76208
UNKNOWN	225	A	0.987615148414	G	0.00977482088025	19298	46	191	5	19540	76208
UNKNOWN	226	G	0.947492323439	A	0.0419140225179	819	191	18514	16	19540	76208
UNKNOWN	227	C	0.962743091095	T	0.0303480040942	50	18812	85	593	19540	76208
UNKNOWN	228	C	0.988024564995	A	0.00701125895599	137	19306	81	16	19540	76208
UNKNOWN	229	A	0.994268167861	G	0.00312180143296	19428	19	61	32	19540	76208
UNKNOWN	230	A	0.976509723644	G	0.0207778915046	19081	31	406	22	19540	76208
UNKNOWN	231	G	0.961054247697	A	0.0215967246673	422	154	18779	185	19540	76208
UNKNOWN	232	T	0.989866939611	C	0.00880245649949	4	172	22	19342	19540	76208
UNKNOWN	233	C	0.964483111566	T	0.0190378710338	43	18846	279	372	19540	76208
UNKNOWN	234	T	0.988792221085	C	0.00798362333675	18	156	45	19321	19540	76208
UNKNOWN	235	C	0.988075742068	T	0.010747185261	19	19307	4	210	19540	76208
UNKNOWN	236	T	0.983009211873	C	0.00941658137155	45	184	103	19208	19540	76208
UNKNOWN	237	C	0.990327533265	T	0.00706243602866	10	19351	41	138	19540	76208
UNKNOWN	238	T	0.99252814739	G	0.00475946775844	7	46	93	19394	19540	76208
UNKNOWN	239	G	0.949897645855	A	0.0344421699079	673	152	18561	154	19540	76208
UNKNOWN	240	T	0.985875127943	C	0.00665301944729	84	130	62	19264	19540	76208
UNKNOWN	241	C	0.984186284545	T	0.00936540429887	100	19231	26	183	19540	76208
UNKNOWN	242	A	0.976765609007	G	0.0152507676561	19086	95	298	61	19540	76208
UNKNOWN	243	G	0.902661207779	C	0.0470829068577	780	920	17638	202	19540	76208
UNKNOWN	244	T	0.990327533265	G	0.0053735926305	31	53	105	19351	19540	76208
UNKNOWN	245	G	0.964687819857	A	0.024923234391	487	119	18850	84	19540	76208
UNKNOWN	246	A	0.976867963153	G	0.0180143295803	19088	92	352	8	19540	76208
UNKNOWN	247	G	0.919703172979	A	0.0529682702149	1035	388	17971	146	19540	76208
UNKNOWN	248	C	0.95230296827	T	0.0340839303992	148	18608	118	666	19540	76208
UNKNOWN	249	A	0.979733879222	G	0.018219037871	19144	36	356	4	19540	76208
UNKNOWN	250	G	0.975742067554	C	0.0124872057318	204	244	19066	26	19540	76208
UNKNOWN	251	C	0.984698055271	T	0.00772773797339	20	19241	128	151	19540	76208
UNKNOWN	252	G	0.985414534289	A	0.00711361310133	139	31	19255	115	19540	76208
UNKNOWN	253	T	0.98505629478	C	0.00803480040942	26	157	109	19248	19540	76208
UNKNOWN	254	G	0.95440122825	A	0.0361821903787	707	89	18649	95	19540	76208
UNKNOWN	255	A	0.978147389969	G	0.0143807574207	19113	99	281	47	19540	76208
UNKNOWN	256	C	0.985875127943	A	0.0060900716479	119	19264	55	102	19540	76208
UNKNOWN	257	A	0.967297850563	G	0.0192937563971	18901	178	377	84	19540	76208
UNKNOWN	258	C	0.712538382805	A	0.266581371546	5209	13923	266	142	19540	76208
UNKNOWN	259	C	0.966018423746	T	0.0189866939611	56	18876	237	371	19540	76208
UNKNOWN	260	T	0.959263050154	C	0.0220061412487	65	430	301	18744	19540	76208
UNKNOWN	261	G	0.987819856704	A	0.00916069600819	179	19	19302	40	19540	76208
UNKNOWN	262	A	0.984544524053	G	0.0124872057318	19238	32	244	26	19540	76208
UNKNOWN	263	G	0.942784032753	A	0.0355680655067	695	321	18422	102	19540	76208
UNKNOWN	264	G	0.98868986694	A	0.00839303991812	164	25	19319	32	19540	76208
UNKNOWN	265	A	0.98735926305	C	0.00813715455476	19293	159	74	14	19540	76208
UNKNOWN	266	C	0.97625383828	T	0.0124872057318	179	19076	41	244	19540	76208
UNKNOWN	267	A	0.974616171955	G	0.0113101330604	19044	106	221	169	19540	76208
UNKNOWN	268	C	0.988024564995	G	0.00685772773797	50	19306	134	50	19540	76208
UNKNOWN	269	G	0.960644831116	A	0.0340839303992	666	61	18771	42	19540	76208
UNKNOWN	270	G	0.987615148414	C	0.00598771750256	77	117	19298	48	19540	76208
UNKNOWN	271	C	0.991095189355	A	0.00455475946776	89	19366	64	21	19540	76208
UNKNOWN	272	C	0.98735926305	A	0.007164790174	140	19293	28	79	19540	76208
UNKNOWN	273	A	0.986079836233	C	0.00552712384852	19268	108	106	58	19540	76208
UNKNOWN	274	C	0.980501535312	T	0.0089559877175	167	19159	39	175	19540	76208
UNKNOWN	275	A	0.966530194473	G	0.0169396110542	18886	142	331	181	19540	76208
UNKNOWN	276	T	0.987563971341	A	0.00598771750256	117	46	80	19297	19540	76208
UNKNOWN	277	A	0.98735926305	C	0.00701125895599	19293	137	50	60	19540	76208
UNKNOWN	278	C	0.926765609007	T	0.0697031729785	50	18109	19	1362	19540	76208
UNKNOWN	279	T	0.979631525077	C	0.00905834186285	132	177	89	19142	19540	76208
UNKNOWN	280	A	0.972313203685	T	0.0116171954964	18999	210	104	227	19540	76208
UNKNOWN	281	C	0.957113613101	T	0.038945752303	32	18702	45	761	19540	76208
UNKNOWN	282	T	0.983623336745	G	0.0124872057318	44	32	244	19220	19540	76208
