Type	Position	Nucl1	Freq1	Nucl2	Freq2	NumAs	NumCs	NumGs	NumTs	NumAligned	NumNaive
UNKNOWN	0	C	1.0	A	0.0	0	374	0	0	374	76208
UNKNOWN	1	A	1.0	C	0.0	374	0	0	0	374	76208
UNKNOWN	2	G	1.0	A	0.0	0	0	374	0	374	76208
UNKNOWN	3	G	1.0	A	0.0	0	0	374	0	374	76208
UNKNOWN	4	T	1.0	A	0.0	0	0	0	374	374	76208
UNKNOWN	5	G	1.0	A	0.0	0	0	374	0	374	76208
UNKNOWN	6	C	1.0	A	0.0	0	374	0	0	374	76208
UNKNOWN	7	A	0.997326203209	C	0.00267379679144	373	1	0	0	374	76208
UNKNOWN	8	G	0.994652406417	A	0.00267379679144	1	1	372	0	374	76208
UNKNOWN	9	C	0.986631016043	G	0.0133689839572	0	369	5	0	374	76208
UNKNOWN	10	T	1.0	A	0.0	0	0	0	374	374	76208
UNKNOWN	11	G	0.997326203209	A	0.00267379679144	1	0	373	0	374	76208
UNKNOWN	12	C	1.0	A	0.0	0	374	0	0	374	76208
UNKNOWN	13	G	0.997326203209	A	0.00267379679144	1	0	373	0	374	76208
UNKNOWN	14	C	0.660427807487	G	0.339572192513	0	247	127	0	374	76208
UNKNOWN	15	G	1.0	A	0.0	0	0	374	0	374	76208
UNKNOWN	16	A	1.0	C	0.0	374	0	0	0	374	76208
UNKNOWN	17	G	1.0	A	0.0	0	0	374	0	374	76208
UNKNOWN	18	T	0.997326203209	A	0.00267379679144	1	0	0	373	374	76208
UNKNOWN	19	C	1.0	A	0.0	0	374	0	0	374	76208
UNKNOWN	20	G	0.997326203209	A	0.00267379679144	1	0	373	0	374	76208
UNKNOWN	21	G	1.0	A	0.0	0	0	374	0	374	76208
UNKNOWN	22	G	1.0	A	0.0	0	0	374	0	374	76208
UNKNOWN	23	C	1.0	A	0.0	0	374	0	0	374	76208
UNKNOWN	24	C	1.0	A	0.0	0	374	0	0	374	76208
UNKNOWN	25	C	1.0	A	0.0	0	374	0	0	374	76208
UNKNOWN	26	C	0.997326203209	A	0.00267379679144	1	373	0	0	374	76208
UNKNOWN	27	A	0.997326203209	G	0.00267379679144	373	0	1	0	374	76208
UNKNOWN	28	G	0.997326203209	C	0.00267379679144	0	1	373	0	374	76208
UNKNOWN	29	C	0.997326203209	T	0.00267379679144	0	373	0	1	374	76208
UNKNOWN	30	C	0.997326203209	T	0.00267379679144	0	373	0	1	374	76208
UNKNOWN	31	T	0.997326203209	G	0.00267379679144	0	0	1	373	374	76208
UNKNOWN	32	G	1.0	A	0.0	0	0	374	0	374	76208
UNKNOWN	33	G	0.997326203209	T	0.00267379679144	0	0	373	1	374	76208
UNKNOWN	34	T	0.997326203209	G	0.00267379679144	0	0	1	373	374	76208
UNKNOWN	35	G	0.997326203209	A	0.00267379679144	1	0	373	0	374	76208
UNKNOWN	36	A	1.0	C	0.0	374	0	0	0	374	76208
UNKNOWN	37	A	0.991978609626	G	0.00802139037433	371	0	3	0	374	76208
UNKNOWN	38	G	0.997326203209	C	0.00267379679144	0	1	373	0	374	76208
UNKNOWN	39	C	0.994652406417	T	0.00534759358289	0	372	0	2	374	76208
UNKNOWN	40	C	1.0	A	0.0	0	374	0	0	374	76208
UNKNOWN	41	C	0.997326203209	T	0.00267379679144	0	373	0	1	374	76208
UNKNOWN	42	T	0.997326203209	C	0.00267379679144	0	1	0	373	374	76208
UNKNOWN	43	C	0.997326203209	A	0.00267379679144	1	373	0	0	374	76208
UNKNOWN	44	A	0.997326203209	C	0.00267379679144	373	1	0	0	374	76208
UNKNOWN	45	C	0.997326203209	A	0.00267379679144	1	373	0	0	374	76208
UNKNOWN	46	A	0.997326203209	G	0.00267379679144	373	0	1	0	374	76208
UNKNOWN	47	G	0.997326203209	A	0.00267379679144	1	0	373	0	374	76208
UNKNOWN	48	A	0.997326203209	C	0.00267379679144	373	1	0	0	374	76208
UNKNOWN	49	C	1.0	A	0.0	0	374	0	0	374	76208
UNKNOWN	50	C	1.0	A	0.0	0	374	0	0	374	76208
UNKNOWN	51	C	0.997326203209	T	0.00267379679144	0	373	0	1	374	76208
UNKNOWN	52	T	0.997326203209	C	0.00267379679144	0	1	0	373	374	76208
UNKNOWN	53	C	0.997326203209	T	0.00267379679144	0	373	0	1	374	76208
UNKNOWN	54	T	0.997326203209	C	0.00267379679144	0	1	0	373	374	76208
UNKNOWN	55	C	1.0	A	0.0	0	374	0	0	374	76208
UNKNOWN	56	C	1.0	A	0.0	0	374	0	0	374	76208
UNKNOWN	57	C	0.997326203209	T	0.00267379679144	0	373	0	1	374	76208
UNKNOWN	58	T	0.994652406417	C	0.00534759358289	0	2	0	372	374	76208
UNKNOWN	59	C	0.997326203209	A	0.00267379679144	1	373	0	0	374	76208
UNKNOWN	60	A	0.994652406417	C	0.00267379679144	372	1	1	0	374	76208
UNKNOWN	61	C	1.0	A	0.0	0	374	0	0	374	76208
UNKNOWN	62	C	0.991978609626	T	0.00534759358289	0	371	1	2	374	76208
UNKNOWN	63	T	0.997326203209	G	0.00267379679144	0	0	1	373	374	76208
UNKNOWN	64	G	0.997326203209	C	0.00267379679144	0	1	373	0	374	76208
UNKNOWN	65	C	0.997326203209	A	0.00267379679144	1	373	0	0	374	76208
UNKNOWN	66	A	0.997326203209	C	0.00267379679144	373	1	0	0	374	76208
UNKNOWN	67	C	0.997326203209	G	0.00267379679144	0	373	1	0	374	76208
UNKNOWN	68	G	0.96256684492	A	0.0347593582888	13	1	360	0	374	76208
UNKNOWN	69	G	0.951871657754	A	0.0454545454545	17	0	356	1	374	76208
UNKNOWN	70	T	0.991978609626	C	0.00802139037433	0	3	0	371	374	76208
UNKNOWN	71	C	0.989304812834	T	0.00802139037433	0	370	1	3	374	76208
UNKNOWN	72	T	0.991978609626	G	0.00534759358289	0	1	2	371	374	76208
UNKNOWN	73	C	0.997326203209	T	0.00267379679144	0	373	0	1	374	76208
UNKNOWN	74	T	0.997326203209	G	0.00267379679144	0	0	1	373	374	76208
UNKNOWN	75	G	1.0	A	0.0	0	0	374	0	374	76208
UNKNOWN	76	G	0.997326203209	A	0.00267379679144	1	0	373	0	374	76208
UNKNOWN	77	A	0.994652406417	T	0.00267379679144	372	0	1	1	374	76208
UNKNOWN	78	T	0.994652406417	G	0.00534759358289	0	0	2	372	374	76208
UNKNOWN	79	T	0.994652406417	C	0.00267379679144	0	1	1	372	374	76208
UNKNOWN	80	C	0.983957219251	T	0.0160427807487	0	368	0	6	374	76208
UNKNOWN	81	T	0.994652406417	C	0.00534759358289	0	2	0	372	374	76208
UNKNOWN	82	C	0.991978609626	T	0.00534759358289	1	371	0	2	374	76208
UNKNOWN	83	A	0.994652406417	C	0.00267379679144	372	1	0	1	374	76208
UNKNOWN	84	T	1.0	A	0.0	0	0	0	374	374	76208
UNKNOWN	85	T	0.997326203209	G	0.00267379679144	0	0	1	373	374	76208
UNKNOWN	86	G	0.994652406417	A	0.00534759358289	2	0	372	0	374	76208
UNKNOWN	87	A	0.994652406417	G	0.00534759358289	372	0	2	0	374	76208
UNKNOWN	88	G	0.957219251337	C	0.024064171123	6	9	358	1	374	76208
UNKNOWN	89	C	0.989304812834	T	0.00802139037433	1	370	0	3	374	76208
UNKNOWN	90	A	0.994652406417	G	0.00534759358289	372	0	2	0	374	76208
UNKNOWN	91	G	0.927807486631	A	0.0401069518717	15	11	347	1	374	76208
UNKNOWN	92	C	0.973262032086	T	0.0213903743316	1	364	1	8	374	76208
UNKNOWN	93	T	0.978609625668	A	0.0133689839572	5	1	2	366	374	76208
UNKNOWN	94	A	0.98128342246	G	0.0133689839572	367	1	5	1	374	76208
UNKNOWN	95	T	0.997326203209	G	0.00267379679144	0	0	1	373	374	76208
UNKNOWN	96	G	0.935828877005	A	0.0454545454545	17	4	350	3	374	76208
UNKNOWN	97	G	0.593582887701	C	0.312834224599	9	117	222	26	374	76208
UNKNOWN	98	T	0.978609625668	C	0.0187165775401	0	7	1	366	374	76208
UNKNOWN	99	G	0.975935828877	A	0.0213903743316	8	0	365	1	374	76208
UNKNOWN	100	T	0.997326203209	A	0.00267379679144	1	0	0	373	374	76208
UNKNOWN	101	A	0.98128342246	G	0.0106951871658	367	1	4	2	374	76208
UNKNOWN	102	A	0.724598930481	G	0.264705882353	271	2	99	2	374	76208
UNKNOWN	103	G	0.850267379679	A	0.0909090909091	34	16	318	6	374	76208
UNKNOWN	104	C	0.986631016043	T	0.0133689839572	0	369	0	5	374	76208
UNKNOWN	105	T	0.997326203209	G	0.00267379679144	0	0	1	373	374	76208
UNKNOWN	106	G	1.0	A	0.0	0	0	374	0	374	76208
UNKNOWN	107	G	1.0	A	0.0	0	0	374	0	374	76208
UNKNOWN	108	G	0.986631016043	A	0.00802139037433	3	1	369	1	374	76208
UNKNOWN	109	T	0.997326203209	C	0.00267379679144	0	1	0	373	374	76208
UNKNOWN	110	C	0.994652406417	T	0.00534759358289	0	372	0	2	374	76208
UNKNOWN	111	C	0.997326203209	G	0.00267379679144	0	373	1	0	374	76208
UNKNOWN	112	G	0.997326203209	C	0.00267379679144	0	1	373	0	374	76208
UNKNOWN	113	C	0.991978609626	T	0.00802139037433	0	371	0	3	374	76208
UNKNOWN	114	C	0.997326203209	A	0.00267379679144	1	373	0	0	374	76208
UNKNOWN	115	A	0.994652406417	G	0.00534759358289	372	0	2	0	374	76208
UNKNOWN	116	G	0.997326203209	A	0.00267379679144	1	0	373	0	374	76208
UNKNOWN	117	G	0.991978609626	A	0.00534759358289	2	1	371	0	374	76208
UNKNOWN	118	C	0.994652406417	T	0.00267379679144	0	372	1	1	374	76208
UNKNOWN	119	T	0.994652406417	C	0.00534759358289	0	2	0	372	374	76208
UNKNOWN	120	C	1.0	A	0.0	0	374	0	0	374	76208
UNKNOWN	121	C	0.994652406417	A	0.00267379679144	1	372	0	1	374	76208
UNKNOWN	122	A	0.970588235294	G	0.0294117647059	363	0	11	0	374	76208
UNKNOWN	123	G	1.0	A	0.0	0	0	374	0	374	76208
UNKNOWN	124	G	1.0	A	0.0	0	0	374	0	374	76208
UNKNOWN	125	G	0.991978609626	A	0.00802139037433	3	0	371	0	374	76208
UNKNOWN	126	A	1.0	C	0.0	374	0	0	0	374	76208
UNKNOWN	127	A	0.997326203209	G	0.00267379679144	373	0	1	0	374	76208
UNKNOWN	128	G	0.997326203209	C	0.00267379679144	0	1	373	0	374	76208
UNKNOWN	129	G	0.994652406417	A	0.00267379679144	1	1	372	0	374	76208
UNKNOWN	130	C	0.997326203209	G	0.00267379679144	0	373	1	0	374	76208
UNKNOWN	131	G	0.991978609626	A	0.00534759358289	2	1	371	0	374	76208
UNKNOWN	132	C	0.997326203209	T	0.00267379679144	0	373	0	1	374	76208
UNKNOWN	133	T	0.994652406417	C	0.00267379679144	0	1	1	372	374	76208
UNKNOWN	134	G	0.991978609626	A	0.00534759358289	2	0	371	1	374	76208
UNKNOWN	135	G	0.997326203209	A	0.00267379679144	1	0	373	0	374	76208
UNKNOWN	136	A	0.997326203209	G	0.00267379679144	373	0	1	0	374	76208
UNKNOWN	137	G	0.973262032086	A	0.024064171123	9	0	364	1	374	76208
UNKNOWN	138	T	0.994652406417	C	0.00267379679144	0	1	1	372	374	76208
UNKNOWN	139	G	0.991978609626	A	0.00267379679144	1	1	371	1	374	76208
UNKNOWN	140	C	0.770053475936	T	0.147058823529	0	288	31	55	374	76208
UNKNOWN	141	C	0.922459893048	G	0.0748663101604	0	345	28	1	374	76208
UNKNOWN	142	T	0.991978609626	C	0.00802139037433	0	3	0	371	374	76208
UNKNOWN	143	C	0.839572192513	T	0.157754010695	0	314	1	59	374	76208
UNKNOWN	144	G	0.997326203209	A	0.00267379679144	1	0	373	0	374	76208
UNKNOWN	145	G	0.997326203209	T	0.00267379679144	0	0	373	1	374	76208
UNKNOWN	146	T	0.98128342246	G	0.0106951871658	1	2	4	367	374	76208
UNKNOWN	147	G	0.890374331551	A	0.109625668449	41	0	333	0	374	76208
UNKNOWN	148	G	0.978609625668	A	0.00802139037433	3	3	366	2	374	76208
UNKNOWN	149	T	0.991978609626	C	0.00534759358289	1	2	0	371	374	76208
UNKNOWN	150	A	0.986631016043	G	0.0106951871658	369	0	4	1	374	76208
UNKNOWN	151	T	0.986631016043	C	0.00802139037433	1	3	1	369	374	76208
UNKNOWN	152	A	0.989304812834	C	0.00534759358289	370	2	2	0	374	76208
UNKNOWN	153	A	0.94385026738	G	0.0534759358289	353	1	20	0	374	76208
UNKNOWN	154	G	0.887700534759	A	0.0855614973262	32	7	332	3	374	76208
UNKNOWN	155	T	0.521390374332	C	0.454545454545	2	170	7	195	374	76208
UNKNOWN	156	A	0.930481283422	G	0.048128342246	348	5	18	3	374	76208
UNKNOWN	157	G	0.898395721925	A	0.048128342246	18	17	336	3	374	76208
UNKNOWN	158	T	0.989304812834	G	0.00802139037433	0	1	3	370	374	76208
UNKNOWN	159	G	0.906417112299	A	0.0828877005348	31	4	339	0	374	76208
UNKNOWN	160	G	0.922459893048	A	0.0454545454545	17	7	345	5	374	76208
UNKNOWN	161	T	0.983957219251	G	0.0133689839572	1	0	5	368	374	76208
UNKNOWN	162	G	0.997326203209	C	0.00267379679144	0	1	373	0	374	76208
UNKNOWN	163	G	0.989304812834	A	0.0106951871658	4	0	370	0	374	76208
UNKNOWN	164	A	0.98128342246	G	0.0187165775401	367	0	7	0	374	76208
UNKNOWN	165	A	0.973262032086	G	0.024064171123	364	1	9	0	374	76208
UNKNOWN	166	G	0.657754010695	A	0.160427807487	60	29	246	39	374	76208
UNKNOWN	167	C	0.927807486631	A	0.0401069518717	15	347	5	7	374	76208
UNKNOWN	168	A	0.978609625668	G	0.0187165775401	366	1	7	0	374	76208
UNKNOWN	169	C	0.98128342246	A	0.0106951871658	4	367	0	3	374	76208
UNKNOWN	170	A	0.997326203209	G	0.00267379679144	373	0	1	0	374	76208
UNKNOWN	171	G	0.983957219251	T	0.0106951871658	1	1	368	4	374	76208
UNKNOWN	172	G	0.946524064171	A	0.0401069518717	15	4	354	1	374	76208
UNKNOWN	173	C	0.986631016043	T	0.00802139037433	0	369	2	3	374	76208
UNKNOWN	174	T	0.986631016043	C	0.0106951871658	1	4	0	369	374	76208
UNKNOWN	175	A	0.983957219251	C	0.00802139037433	368	3	2	1	374	76208
UNKNOWN	176	T	0.986631016043	C	0.00802139037433	1	3	1	369	374	76208
UNKNOWN	177	A	0.951871657754	G	0.0454545454545	356	1	17	0	374	76208
UNKNOWN	178	A	0.983957219251	G	0.0133689839572	368	1	5	0	374	76208
UNKNOWN	179	C	0.946524064171	T	0.0454545454545	0	354	3	17	374	76208
UNKNOWN	180	C	0.983957219251	G	0.0106951871658	0	368	4	2	374	76208
UNKNOWN	181	C	0.997326203209	A	0.00267379679144	1	373	0	0	374	76208
UNKNOWN	182	A	0.994652406417	G	0.00534759358289	372	0	2	0	374	76208
UNKNOWN	183	G	0.989304812834	T	0.00534759358289	1	1	370	2	374	76208
UNKNOWN	184	C	1.0	A	0.0	0	374	0	0	374	76208
UNKNOWN	185	C	1.0	A	0.0	0	374	0	0	374	76208
UNKNOWN	186	C	0.997326203209	T	0.00267379679144	0	373	0	1	374	76208
UNKNOWN	187	T	0.994652406417	C	0.00267379679144	0	1	1	372	374	76208
UNKNOWN	188	G	0.994652406417	A	0.00534759358289	2	0	372	0	374	76208
UNKNOWN	189	A	1.0	C	0.0	374	0	0	0	374	76208
UNKNOWN	190	A	0.994652406417	C	0.00267379679144	372	1	1	0	374	76208
UNKNOWN	191	A	0.997326203209	T	0.00267379679144	373	0	0	1	374	76208
UNKNOWN	192	T	0.989304812834	G	0.00802139037433	0	1	3	370	374	76208
UNKNOWN	193	C	1.0	A	0.0	0	374	0	0	374	76208
UNKNOWN	194	C	1.0	A	0.0	0	374	0	0	374	76208
UNKNOWN	195	C	0.997326203209	G	0.00267379679144	0	373	1	0	374	76208
UNKNOWN	196	G	1.0	A	0.0	0	0	374	0	374	76208
UNKNOWN	197	G	0.991978609626	A	0.00534759358289	2	1	371	0	374	76208
UNKNOWN	198	C	0.997326203209	T	0.00267379679144	0	373	0	1	374	76208
UNKNOWN	199	T	0.997326203209	C	0.00267379679144	0	1	0	373	374	76208
UNKNOWN	200	C	0.994652406417	A	0.00267379679144	1	372	0	1	374	76208
UNKNOWN	201	A	0.997326203209	G	0.00267379679144	373	0	1	0	374	76208
UNKNOWN	202	G	0.989304812834	C	0.00802139037433	0	3	370	1	374	76208
UNKNOWN	203	C	0.978609625668	T	0.0187165775401	1	366	0	7	374	76208
UNKNOWN	204	A	0.989304812834	G	0.00802139037433	370	0	3	1	374	76208
UNKNOWN	205	T	0.986631016043	C	0.00802139037433	0	3	2	369	374	76208
UNKNOWN	206	C	0.994652406417	A	0.00267379679144	1	372	0	1	374	76208
UNKNOWN	207	A	0.986631016043	G	0.0106951871658	369	1	4	0	374	76208
UNKNOWN	208	C	0.98128342246	T	0.0106951871658	0	367	3	4	374	76208
UNKNOWN	209	C	0.986631016043	T	0.00534759358289	1	369	2	2	374	76208
UNKNOWN	210	A	1.0	C	0.0	374	0	0	0	374	76208
UNKNOWN	211	A	0.994652406417	G	0.00534759358289	372	0	2	0	374	76208
UNKNOWN	212	G	0.997326203209	A	0.00267379679144	1	0	373	0	374	76208
UNKNOWN	213	G	0.994652406417	A	0.00534759358289	2	0	372	0	374	76208
UNKNOWN	214	A	0.997326203209	C	0.00267379679144	373	1	0	0	374	76208
UNKNOWN	215	C	0.994652406417	A	0.00267379679144	1	372	0	1	374	76208
UNKNOWN	216	A	0.991978609626	C	0.00802139037433	371	3	0	0	374	76208
UNKNOWN	217	A	0.994652406417	C	0.00534759358289	372	2	0	0	374	76208
UNKNOWN	218	C	0.973262032086	T	0.024064171123	0	364	1	9	374	76208
UNKNOWN	219	T	0.994652406417	C	0.00534759358289	0	2	0	372	374	76208
UNKNOWN	220	C	1.0	A	0.0	0	374	0	0	374	76208
UNKNOWN	221	C	0.986631016043	T	0.00534759358289	1	369	2	2	374	76208
UNKNOWN	222	A	0.997326203209	C	0.00267379679144	373	1	0	0	374	76208
UNKNOWN	223	A	0.997326203209	G	0.00267379679144	373	0	1	0	374	76208
UNKNOWN	224	G	0.994652406417	A	0.00267379679144	1	1	372	0	374	76208
UNKNOWN	225	A	0.991978609626	G	0.00802139037433	371	0	3	0	374	76208
UNKNOWN	226	G	0.951871657754	A	0.0427807486631	16	2	356	0	374	76208
UNKNOWN	227	C	0.970588235294	T	0.024064171123	2	363	0	9	374	76208
UNKNOWN	228	C	0.997326203209	A	0.00267379679144	1	373	0	0	374	76208
UNKNOWN	229	A	1.0	C	0.0	374	0	0	0	374	76208
UNKNOWN	230	A	0.991978609626	G	0.00802139037433	371	0	3	0	374	76208
UNKNOWN	231	G	0.986631016043	C	0.00534759358289	1	2	369	2	374	76208
UNKNOWN	232	T	0.997326203209	C	0.00267379679144	0	1	0	373	374	76208
UNKNOWN	233	C	0.989304812834	T	0.00802139037433	0	370	1	3	374	76208
UNKNOWN	234	T	0.994652406417	C	0.00267379679144	0	1	1	372	374	76208
UNKNOWN	235	C	0.994652406417	T	0.00534759358289	0	372	0	2	374	76208
UNKNOWN	236	T	0.997326203209	C	0.00267379679144	0	1	0	373	374	76208
UNKNOWN	237	C	0.997326203209	T	0.00267379679144	0	373	0	1	374	76208
UNKNOWN	238	T	0.997326203209	A	0.00267379679144	1	0	0	373	374	76208
UNKNOWN	239	G	0.919786096257	A	0.0775401069519	29	0	344	1	374	76208
UNKNOWN	240	T	0.994652406417	C	0.00267379679144	0	1	1	372	374	76208
UNKNOWN	241	C	0.997326203209	A	0.00267379679144	1	373	0	0	374	76208
UNKNOWN	242	A	0.983957219251	G	0.00802139037433	368	2	3	1	374	76208
UNKNOWN	243	G	0.606951871658	C	0.320855614973	18	120	227	9	374	76208
UNKNOWN	244	T	0.997326203209	G	0.00267379679144	0	0	1	373	374	76208
UNKNOWN	245	G	0.970588235294	A	0.0294117647059	11	0	363	0	374	76208
UNKNOWN	246	A	0.994652406417	G	0.00534759358289	372	0	2	0	374	76208
UNKNOWN	247	G	0.951871657754	A	0.0320855614973	12	5	356	1	374	76208
UNKNOWN	248	C	0.957219251337	T	0.0374331550802	1	358	1	14	374	76208
UNKNOWN	249	A	0.983957219251	G	0.0106951871658	368	2	4	0	374	76208
UNKNOWN	250	G	0.991978609626	C	0.00534759358289	1	2	371	0	374	76208
UNKNOWN	251	C	0.994652406417	T	0.00267379679144	0	372	1	1	374	76208
UNKNOWN	252	G	0.989304812834	C	0.00534759358289	1	2	370	1	374	76208
UNKNOWN	253	T	0.997326203209	G	0.00267379679144	0	0	1	373	374	76208
UNKNOWN	254	G	0.986631016043	A	0.0133689839572	5	0	369	0	374	76208
UNKNOWN	255	A	0.997326203209	C	0.00267379679144	373	1	0	0	374	76208
UNKNOWN	256	C	0.994652406417	A	0.00267379679144	1	372	0	1	374	76208
UNKNOWN	257	A	0.994652406417	G	0.00534759358289	372	0	2	0	374	76208
UNKNOWN	258	C	0.77807486631	A	0.18449197861	69	291	13	1	374	76208
UNKNOWN	259	C	0.991978609626	T	0.00534759358289	0	371	1	2	374	76208
UNKNOWN	260	T	0.983957219251	C	0.00802139037433	0	3	3	368	374	76208
UNKNOWN	261	G	0.994652406417	A	0.00267379679144	1	1	372	0	374	76208
UNKNOWN	262	A	0.997326203209	G	0.00267379679144	373	0	1	0	374	76208
UNKNOWN	263	G	0.973262032086	A	0.0213903743316	8	2	364	0	374	76208
UNKNOWN	264	G	0.997326203209	A	0.00267379679144	1	0	373	0	374	76208
UNKNOWN	265	A	0.997326203209	C	0.00267379679144	373	1	0	0	374	76208
UNKNOWN	266	C	0.994652406417	A	0.00267379679144	1	372	0	1	374	76208
UNKNOWN	267	A	0.991978609626	C	0.00267379679144	371	1	1	1	374	76208
UNKNOWN	268	C	0.997326203209	G	0.00267379679144	0	373	1	0	374	76208
UNKNOWN	269	G	0.989304812834	A	0.0106951871658	4	0	370	0	374	76208
UNKNOWN	270	G	0.997326203209	C	0.00267379679144	0	1	373	0	374	76208
UNKNOWN	271	C	1.0	A	0.0	0	374	0	0	374	76208
UNKNOWN	272	C	0.997326203209	A	0.00267379679144	1	373	0	0	374	76208
UNKNOWN	273	A	0.991978609626	G	0.00534759358289	371	1	2	0	374	76208
UNKNOWN	274	C	0.994652406417	A	0.00534759358289	2	372	0	0	374	76208
UNKNOWN	275	A	0.959893048128	G	0.0320855614973	359	1	12	2	374	76208
UNKNOWN	276	T	0.991978609626	A	0.00267379679144	1	1	1	371	374	76208
UNKNOWN	277	A	0.997326203209	C	0.00267379679144	373	1	0	0	374	76208
UNKNOWN	278	C	0.978609625668	T	0.0213903743316	0	366	0	8	374	76208
UNKNOWN	279	T	0.994652406417	A	0.00267379679144	1	0	1	372	374	76208
UNKNOWN	280	A	0.991978609626	C	0.00534759358289	371	2	0	1	374	76208
UNKNOWN	281	C	0.98128342246	T	0.0187165775401	0	367	0	7	374	76208
UNKNOWN	282	T	0.991978609626	G	0.00534759358289	0	1	2	371	374	76208
