Type	Position	Nucl1	Freq1	Nucl2	Freq2	NumAs	NumCs	NumGs	NumTs	NumAligned	NumNaive
UNKNOWN	0	C	1.0	A	0.0	0	10383	0	0	10383	76208
UNKNOWN	1	A	1.0	C	0.0	10383	0	0	0	10383	76208
UNKNOWN	2	G	1.0	A	0.0	0	0	10383	0	10383	76208
UNKNOWN	3	G	1.0	A	0.0	0	0	10383	0	10383	76208
UNKNOWN	4	T	1.0	A	0.0	0	0	0	10383	10383	76208
UNKNOWN	5	G	1.0	A	0.0	0	0	10383	0	10383	76208
UNKNOWN	6	C	1.0	A	0.0	0	10383	0	0	10383	76208
UNKNOWN	7	A	0.994991813541	G	0.00298564961957	10331	5	31	16	10383	76208
UNKNOWN	8	G	0.985842242127	A	0.00992006163922	103	34	10236	10	10383	76208
UNKNOWN	9	C	0.992776654146	T	0.00443031879033	9	10308	20	46	10383	76208
UNKNOWN	10	T	0.999133198498	C	0.000866801502456	0	9	0	10374	10383	76208
UNKNOWN	11	G	0.998073774439	A	0.00125204661466	13	4	10363	3	10383	76208
UNKNOWN	12	C	0.998170085717	T	0.00173360300491	0	10364	1	18	10383	76208
UNKNOWN	13	G	0.996821727824	A	0.00279302706347	29	1	10350	3	10383	76208
UNKNOWN	14	G	0.944621015121	C	0.053163825484	22	552	9808	1	10383	76208
UNKNOWN	15	G	0.999036887219	A	0.000385245112203	4	3	10373	3	10383	76208
UNKNOWN	16	A	0.997303284215	G	0.00163729172686	10355	8	17	3	10383	76208
UNKNOWN	17	G	0.994028700761	A	0.00423769623423	44	16	10321	2	10383	76208
UNKNOWN	18	T	0.997399595493	C	0.00134835789271	10	14	3	10356	10383	76208
UNKNOWN	19	C	0.998844264663	T	0.000770490224405	2	10371	2	8	10383	76208
UNKNOWN	20	G	0.997784840605	A	0.00192622556101	20	2	10360	1	10383	76208
UNKNOWN	21	G	0.99951844361	C	0.000288933834152	1	3	10378	1	10383	76208
UNKNOWN	22	G	0.998844264663	A	0.000481556390253	5	4	10371	3	10383	76208
UNKNOWN	23	C	0.998844264663	T	0.000770490224405	1	10371	3	8	10383	76208
UNKNOWN	24	C	0.998555330829	G	0.000963112780507	3	10368	10	2	10383	76208
UNKNOWN	25	C	0.998651642107	T	0.00134835789271	0	10369	0	14	10383	76208
UNKNOWN	26	C	0.997592218049	T	0.00182991428296	5	10358	1	19	10383	76208
UNKNOWN	27	A	0.995858615044	G	0.00298564961957	10340	11	31	1	10383	76208
UNKNOWN	28	G	0.991717230088	A	0.00616392179524	64	17	10297	5	10383	76208
UNKNOWN	29	C	0.995473369932	T	0.00443031879033	1	10336	0	46	10383	76208
UNKNOWN	30	C	0.998747953385	T	0.00105942405856	1	10370	1	11	10383	76208
UNKNOWN	31	T	0.996918039102	C	0.00163729172686	4	17	11	10351	10383	76208
UNKNOWN	32	G	0.984879129346	A	0.00963112780507	100	31	10226	26	10383	76208
UNKNOWN	33	G	0.995858615044	A	0.00173360300491	18	14	10340	11	10383	76208
UNKNOWN	34	T	0.996725416546	C	0.00202253683906	2	21	11	10349	10383	76208
UNKNOWN	35	G	0.9960512376	A	0.00269671578542	28	13	10342	0	10383	76208
UNKNOWN	36	A	0.997495906771	C	0.00125204661466	10357	13	8	5	10383	76208
UNKNOWN	37	A	0.991139362419	G	0.0074159684099	10291	14	77	1	10383	76208
UNKNOWN	38	G	0.995954926322	A	0.00202253683906	21	18	10341	3	10383	76208
UNKNOWN	39	C	0.993450833093	T	0.00327458345372	3	10315	31	34	10383	76208
UNKNOWN	40	C	0.99951844361	T	0.000385245112203	1	10378	0	4	10383	76208
UNKNOWN	41	C	0.99653279399	G	0.00221515939517	0	10347	23	13	10383	76208
UNKNOWN	42	T	0.994991813541	C	0.00452663006838	4	47	1	10331	10383	76208
UNKNOWN	43	C	0.997881151883	A	0.00105942405856	11	10361	0	11	10383	76208
UNKNOWN	44	A	0.995858615044	C	0.00202253683906	10340	21	18	4	10383	76208
UNKNOWN	45	C	0.997784840605	A	0.00105942405856	11	10360	7	5	10383	76208
UNKNOWN	46	A	0.996340171434	G	0.00298564961957	10345	7	31	0	10383	76208
UNKNOWN	47	G	0.986805354907	A	0.0102089954734	106	29	10246	2	10383	76208
UNKNOWN	48	A	0.995184436097	G	0.00269671578542	10333	19	28	3	10383	76208
UNKNOWN	49	C	0.998073774439	T	0.00105942405856	5	10363	4	11	10383	76208
UNKNOWN	50	C	0.996821727824	T	0.00192622556101	1	10350	12	20	10383	76208
UNKNOWN	51	C	0.997784840605	T	0.00192622556101	1	10360	2	20	10383	76208
UNKNOWN	52	T	0.995762303766	C	0.00394876240008	1	41	2	10339	10383	76208
UNKNOWN	53	C	0.998266396995	T	0.00134835789271	3	10365	1	14	10383	76208
UNKNOWN	54	T	0.995088124819	C	0.00327458345372	5	34	12	10332	10383	76208
UNKNOWN	55	C	0.999036887219	A	0.000481556390253	5	10373	1	4	10383	76208
UNKNOWN	56	C	0.992680342868	T	0.00471925262448	13	10307	14	49	10383	76208
UNKNOWN	57	C	0.994895502263	G	0.00327458345372	1	10330	34	18	10383	76208
UNKNOWN	58	T	0.995184436097	C	0.00443031879033	3	46	1	10333	10383	76208
UNKNOWN	59	C	0.996436482712	T	0.00211884811711	14	10346	1	22	10383	76208
UNKNOWN	60	A	0.995954926322	C	0.00202253683906	10341	21	18	3	10383	76208
UNKNOWN	61	C	0.994221323317	T	0.00337089473177	3	10323	22	35	10383	76208
UNKNOWN	62	C	0.991909852644	T	0.00606761051719	1	10299	20	63	10383	76208
UNKNOWN	63	T	0.996918039102	C	0.00154098044881	1	16	15	10351	10383	76208
UNKNOWN	64	G	0.997592218049	C	0.00144466917076	9	15	10358	1	10383	76208
UNKNOWN	65	C	0.996340171434	T	0.00231147067322	13	10345	1	24	10383	76208
UNKNOWN	66	A	0.992006163922	G	0.00500818645863	10300	24	52	7	10383	76208
UNKNOWN	67	C	0.99162091881	T	0.00462294134643	15	10296	24	48	10383	76208
UNKNOWN	68	G	0.982760281229	A	0.0145430029856	151	27	10204	1	10383	76208
UNKNOWN	69	G	0.95848983916	A	0.0353462390446	367	48	9952	16	10383	76208
UNKNOWN	70	T	0.991428296253	C	0.00731965713185	1	76	12	10294	10383	76208
UNKNOWN	71	C	0.967350476741	G	0.0156987383223	16	10044	163	160	10383	76208
UNKNOWN	72	T	0.995280747376	C	0.00394876240008	1	41	7	10334	10383	76208
UNKNOWN	73	C	0.994702879707	T	0.00481556390253	3	10328	2	50	10383	76208
UNKNOWN	74	T	0.9921024752	C	0.00500818645863	1	52	29	10301	10383	76208
UNKNOWN	75	G	0.993161899258	A	0.00606761051719	63	7	10312	1	10383	76208
UNKNOWN	76	G	0.983916016566	A	0.0124241548685	129	30	10216	8	10383	76208
UNKNOWN	77	A	0.986131175961	G	0.00674178946355	10239	35	70	39	10383	76208
UNKNOWN	78	T	0.990946739863	G	0.00433400751228	6	43	45	10289	10383	76208
UNKNOWN	79	T	0.994702879707	C	0.00433400751228	4	45	6	10328	10383	76208
UNKNOWN	80	C	0.986034864683	T	0.00905326013676	5	10238	46	94	10383	76208
UNKNOWN	81	T	0.994413945873	C	0.00452663006838	10	47	1	10325	10383	76208
UNKNOWN	82	C	0.993739766927	T	0.00462294134643	16	10318	1	48	10383	76208
UNKNOWN	83	A	0.992295097756	G	0.00471925262448	10303	13	49	18	10383	76208
UNKNOWN	84	T	0.982086102283	C	0.0157950496003	1	164	21	10197	10383	76208
UNKNOWN	85	T	0.996821727824	G	0.00173360300491	5	10	18	10350	10383	76208
UNKNOWN	86	G	0.975151690263	A	0.0208032360589	216	27	10125	15	10383	76208
UNKNOWN	87	A	0.988442646634	G	0.00866801502456	10263	23	90	7	10383	76208
UNKNOWN	88	G	0.925551382067	A	0.0404507367813	420	287	9610	66	10383	76208
UNKNOWN	89	C	0.95848983916	T	0.0319753443128	46	9952	53	332	10383	76208
UNKNOWN	90	A	0.973032842146	G	0.0231147067322	10103	30	240	10	10383	76208
UNKNOWN	91	G	0.878358855822	A	0.0833092555138	865	264	9120	134	10383	76208
UNKNOWN	92	C	0.955889434653	T	0.0212847924492	120	9925	117	221	10383	76208
UNKNOWN	93	A	0.891168255803	T	0.0568236540499	9253	55	485	590	10383	76208
UNKNOWN	94	A	0.952518539921	G	0.0314937879226	9890	77	327	89	10383	76208
UNKNOWN	95	T	0.968217278243	G	0.0207069247809	29	86	215	10053	10383	76208
UNKNOWN	96	G	0.914957141481	A	0.0714629683136	742	78	9500	63	10383	76208
UNKNOWN	97	G	0.622845035154	A	0.191466820765	1988	1760	6467	168	10383	76208
UNKNOWN	98	T	0.975825869209	A	0.0104016180295	108	77	66	10132	10383	76208
UNKNOWN	99	G	0.965327939902	A	0.0300491187518	312	7	10023	41	10383	76208
UNKNOWN	100	T	0.995762303766	C	0.00231147067322	18	24	2	10339	10383	76208
UNKNOWN	101	A	0.959549263219	G	0.0301454300299	9963	45	313	62	10383	76208
UNKNOWN	102	G	0.71096985457	A	0.174997592218	1817	942	7382	242	10383	76208
UNKNOWN	103	T	0.931715303862	G	0.0397765578349	163	133	413	9674	10383	76208
UNKNOWN	104	C	0.933063661755	G	0.0315900992006	55	9688	328	312	10383	76208
UNKNOWN	105	T	0.996725416546	G	0.00192622556101	0	14	20	10349	10383	76208
UNKNOWN	106	G	0.999036887219	T	0.000577867668304	3	1	10373	6	10383	76208
UNKNOWN	107	G	0.999422132332	A	0.000385245112203	4	0	10377	2	10383	76208
UNKNOWN	108	G	0.972551285756	A	0.0197438120004	205	42	10098	38	10383	76208
UNKNOWN	109	T	0.994702879707	C	0.00500818645863	1	52	2	10328	10383	76208
UNKNOWN	110	C	0.994895502263	T	0.00414138495618	2	10330	8	43	10383	76208
UNKNOWN	111	C	0.997688529327	G	0.00134835789271	1	10359	14	9	10383	76208
UNKNOWN	112	G	0.997784840605	C	0.00144466917076	8	15	10360	0	10383	76208
UNKNOWN	113	C	0.995858615044	T	0.00202253683906	14	10340	8	21	10383	76208
UNKNOWN	114	C	0.996725416546	A	0.00240778195127	25	10349	2	7	10383	76208
UNKNOWN	115	A	0.992680342868	G	0.0066454781855	10307	5	69	2	10383	76208
UNKNOWN	116	G	0.997977463161	A	0.00115573533661	12	5	10362	4	10383	76208
UNKNOWN	117	G	0.971395550419	A	0.0250409322932	260	23	10086	14	10383	76208
UNKNOWN	118	C	0.992872965424	T	0.00539343157084	1	10309	17	56	10383	76208
UNKNOWN	119	T	0.995280747376	C	0.00375613984398	5	39	5	10334	10383	76208
UNKNOWN	120	C	0.997881151883	G	0.00125204661466	3	10361	13	6	10383	76208
UNKNOWN	121	C	0.995184436097	A	0.00317827217567	33	10333	3	14	10383	76208
UNKNOWN	122	A	0.991909852644	G	0.0074159684099	10299	5	77	2	10383	76208
UNKNOWN	123	G	0.997206972937	A	0.00192622556101	20	9	10354	0	10383	76208
UNKNOWN	124	G	0.995954926322	A	0.00375613984398	39	3	10341	0	10383	76208
UNKNOWN	125	G	0.987383222575	A	0.00963112780507	100	31	10252	0	10383	76208
UNKNOWN	126	A	0.995184436097	G	0.00394876240008	10333	5	41	4	10383	76208
UNKNOWN	127	A	0.992969276702	G	0.00693441201965	10310	1	72	0	10383	76208
UNKNOWN	128	G	0.9960512376	A	0.00356351728787	37	3	10342	1	10383	76208
UNKNOWN	129	G	0.969180391024	A	0.0219589713956	228	58	10063	34	10383	76208
UNKNOWN	130	C	0.992776654146	T	0.00394876240008	7	10308	27	41	10383	76208
UNKNOWN	131	G	0.979293075219	A	0.0164692285467	171	29	10168	15	10383	76208
UNKNOWN	132	C	0.989694693249	T	0.00876432630261	3	10276	13	91	10383	76208
UNKNOWN	133	T	0.986997977463	C	0.00770490224405	13	80	42	10248	10383	76208
UNKNOWN	134	G	0.982471347395	A	0.0153134932101	159	4	10201	19	10383	76208
UNKNOWN	135	G	0.995858615044	A	0.00231147067322	24	18	10340	1	10383	76208
UNKNOWN	136	A	0.994799190985	G	0.00394876240008	10329	9	41	4	10383	76208
UNKNOWN	137	G	0.981411923336	A	0.0143503804295	149	28	10190	16	10383	76208
UNKNOWN	138	T	0.995858615044	G	0.00250409322932	2	15	26	10340	10383	76208
UNKNOWN	139	G	0.997303284215	A	0.00154098044881	16	4	10355	8	10383	76208
UNKNOWN	140	G	0.970625060195	C	0.0268708465761	6	279	10078	20	10383	76208
UNKNOWN	141	C	0.983723394009	G	0.0121352210344	16	10214	126	27	10383	76208
UNKNOWN	142	T	0.995858615044	C	0.00317827217567	2	33	8	10340	10383	76208
UNKNOWN	143	C	0.990176249639	T	0.00645285562939	5	10281	30	67	10383	76208
UNKNOWN	144	G	0.991331984975	A	0.0079938360782	83	0	10293	7	10383	76208
UNKNOWN	145	G	0.992872965424	C	0.00443031879033	6	46	10309	22	10383	76208
UNKNOWN	146	T	0.970721371473	C	0.0115573533661	70	120	114	10079	10383	76208
UNKNOWN	147	G	0.682461716267	A	0.279880574015	2906	173	7086	218	10383	76208
UNKNOWN	148	G	0.735529230473	A	0.169218915535	1757	603	7637	386	10383	76208
UNKNOWN	149	T	0.949436579023	C	0.018973321776	169	197	159	9858	10383	76208
UNKNOWN	150	A	0.91254935953	G	0.0734855051527	9475	69	763	76	10383	76208
UNKNOWN	151	T	0.978907830107	C	0.0139651353173	36	145	38	10164	10383	76208
UNKNOWN	152	A	0.941153809111	G	0.0270634691322	9772	104	281	226	10383	76208
UNKNOWN	153	T	0.945487816623	A	0.0330347683714	343	74	149	9817	10383	76208
UNKNOWN	154	G	0.979293075219	A	0.0127130887027	132	61	10168	22	10383	76208
UNKNOWN	155	C	0.895020706925	T	0.0966002118848	47	9293	40	1003	10383	76208
UNKNOWN	156	A	0.907059616681	G	0.0825387652894	9418	86	857	22	10383	76208
UNKNOWN	157	G	0.882981797168	A	0.0672252720794	698	298	9168	219	10383	76208
UNKNOWN	158	T	0.954830010594	G	0.0248483097371	98	113	258	9914	10383	76208
UNKNOWN	159	G	0.804873350669	A	0.166040643359	1724	213	8357	89	10383	76208
UNKNOWN	160	G	0.818549552153	A	0.142925936627	1484	306	8499	94	10383	76208
UNKNOWN	161	T	0.96889145719	G	0.0134835789271	64	119	140	10060	10383	76208
UNKNOWN	162	G	0.991043051141	A	0.0074159684099	77	11	10290	5	10383	76208
UNKNOWN	163	G	0.971010305307	A	0.0229220841761	238	24	10082	39	10383	76208
UNKNOWN	164	A	0.970047192526	G	0.0218626601175	10072	50	227	34	10383	76208
UNKNOWN	165	A	0.91948377155	G	0.0726187036502	9547	56	754	26	10383	76208
UNKNOWN	166	G	0.85177694308	C	0.0700182991428	508	727	8844	304	10383	76208
UNKNOWN	167	C	0.872002311471	T	0.0554752961572	269	9054	484	576	10383	76208
UNKNOWN	168	A	0.976403736878	G	0.0158913608784	10138	63	165	17	10383	76208
UNKNOWN	169	C	0.965520562458	G	0.0136762014832	77	10025	142	139	10383	76208
UNKNOWN	170	A	0.978618896273	G	0.0143503804295	10161	24	149	49	10383	76208
UNKNOWN	171	A	0.894153905422	G	0.0884137532505	9284	71	918	110	10383	76208
UNKNOWN	172	G	0.722045651546	A	0.191081575653	1984	658	7497	244	10383	76208
UNKNOWN	173	C	0.873639603198	G	0.0600982375036	188	9071	624	500	10383	76208
UNKNOWN	174	T	0.982471347395	C	0.00934219397091	44	97	41	10201	10383	76208
UNKNOWN	175	T	0.94616199557	A	0.0421843397862	438	72	49	9824	10383	76208
UNKNOWN	176	T	0.961571800058	C	0.0177212751613	109	184	106	9984	10383	76208
UNKNOWN	177	A	0.98911682558	G	0.00587498796109	10270	45	61	7	10383	76208
UNKNOWN	178	A	0.989983627083	C	0.00616392179524	10279	64	37	3	10383	76208
UNKNOWN	179	C	0.906096503901	T	0.0819608976211	17	9408	107	851	10383	76208
UNKNOWN	180	C	0.957623037658	T	0.0261003563517	26	9943	143	271	10383	76208
UNKNOWN	181	C	0.987961090244	T	0.00606761051719	47	10258	15	63	10383	76208
UNKNOWN	182	A	0.982760281229	G	0.00992006163922	10204	39	103	37	10383	76208
UNKNOWN	183	G	0.968024655687	A	0.0223442165078	232	78	10051	22	10383	76208
UNKNOWN	184	C	0.973418087258	T	0.0130020225368	47	10107	94	135	10383	76208
UNKNOWN	185	C	0.998266396995	T	0.000866801502456	5	10365	4	9	10383	76208
UNKNOWN	186	C	0.990754117307	T	0.00626023307329	14	10287	17	65	10383	76208
UNKNOWN	187	T	0.992391409034	G	0.00414138495618	15	21	43	10304	10383	76208
UNKNOWN	188	G	0.954733699316	A	0.0337089473177	350	36	9913	84	10383	76208
UNKNOWN	189	A	0.990754117307	G	0.0066454781855	10287	22	69	5	10383	76208
UNKNOWN	190	A	0.994799190985	G	0.00260040450737	10329	17	27	10	10383	76208
UNKNOWN	191	A	0.990176249639	T	0.00471925262448	10281	13	40	49	10383	76208
UNKNOWN	192	T	0.986709043629	C	0.00934219397091	15	97	26	10245	10383	76208
UNKNOWN	193	C	0.996821727824	T	0.00221515939517	6	10350	4	23	10383	76208
UNKNOWN	194	C	0.984590195512	T	0.0115573533661	3	10223	37	120	10383	76208
UNKNOWN	195	C	0.994221323317	G	0.00443031879033	5	10323	46	9	10383	76208
UNKNOWN	196	G	0.993450833093	C	0.00356351728787	28	37	10315	3	10383	76208
UNKNOWN	197	G	0.900317827218	A	0.0770490224405	800	129	9348	106	10383	76208
UNKNOWN	198	C	0.98767215641	T	0.0074159684099	10	10255	41	77	10383	76208
UNKNOWN	199	T	0.991909852644	C	0.00635654435134	10	66	8	10299	10383	76208
UNKNOWN	200	C	0.984493884234	T	0.00905326013676	54	10222	13	94	10383	76208
UNKNOWN	201	A	0.989887315805	G	0.00857170374651	10278	13	89	3	10383	76208
UNKNOWN	202	G	0.964557449677	C	0.0234999518444	61	244	10015	63	10383	76208
UNKNOWN	203	C	0.929596455745	T	0.0537416931523	113	9652	60	558	10383	76208
UNKNOWN	204	A	0.974477511317	G	0.0144466917076	10118	30	150	85	10383	76208
UNKNOWN	205	T	0.988442646634	C	0.00751227968795	15	78	27	10263	10383	76208
UNKNOWN	206	C	0.979389386497	T	0.0126167774246	74	10169	9	131	10383	76208
UNKNOWN	207	A	0.984397572956	G	0.00914957141481	10221	55	95	12	10383	76208
UNKNOWN	208	C	0.978426273717	G	0.00992006163922	22	10159	103	99	10383	76208
UNKNOWN	209	C	0.951555427141	T	0.0225368390639	119	9880	150	234	10383	76208
UNKNOWN	210	A	0.988731580468	G	0.00654916690744	10266	45	68	4	10383	76208
UNKNOWN	211	A	0.985264374458	G	0.0131946450929	10230	7	137	9	10383	76208
UNKNOWN	212	G	0.981989791005	A	0.0128093999807	133	50	10196	4	10383	76208
UNKNOWN	213	G	0.988346335356	A	0.00837908119041	87	25	10262	9	10383	76208
UNKNOWN	214	A	0.98911682558	C	0.00731965713185	10270	76	25	12	10383	76208
UNKNOWN	215	C	0.981315612058	T	0.0111721082539	53	10189	25	116	10383	76208
UNKNOWN	216	A	0.983723394009	G	0.0122315323124	10214	32	127	10	10383	76208
UNKNOWN	217	A	0.975536935375	C	0.00943850524896	10129	98	86	70	10383	76208
UNKNOWN	218	C	0.962823846672	T	0.0313011653665	5	9997	56	325	10383	76208
UNKNOWN	219	T	0.98767215641	C	0.0072233458538	21	75	32	10255	10383	76208
UNKNOWN	220	C	0.986420109795	T	0.0104979293075	28	10242	4	109	10383	76208
UNKNOWN	221	C	0.982567658673	A	0.00886063758066	92	10202	21	68	10383	76208
UNKNOWN	222	A	0.983338148897	G	0.00953481652702	10210	69	99	5	10383	76208
UNKNOWN	223	A	0.968795145912	G	0.0279302706347	10059	11	290	23	10383	76208
UNKNOWN	224	G	0.981797168448	A	0.0127130887027	132	44	10194	13	10383	76208
UNKNOWN	225	A	0.985264374458	G	0.0128093999807	10230	17	133	3	10383	76208
UNKNOWN	226	G	0.940864875277	A	0.0448810555716	466	131	9769	17	10383	76208
UNKNOWN	227	C	0.969180391024	T	0.0248483097371	29	10063	33	258	10383	76208
UNKNOWN	228	C	0.986709043629	A	0.00635654435134	66	10245	58	14	10383	76208
UNKNOWN	229	A	0.989791004527	T	0.00520080901474	10277	20	32	54	10383	76208
UNKNOWN	230	A	0.975248001541	G	0.0219589713956	10126	14	228	15	10383	76208
UNKNOWN	231	G	0.937397669267	A	0.0485408841375	504	44	9733	102	10383	76208
UNKNOWN	232	T	0.985842242127	C	0.0125204661466	4	130	13	10236	10383	76208
UNKNOWN	233	C	0.926514494847	G	0.0366945969373	25	9620	381	357	10383	76208
UNKNOWN	234	T	0.988538957912	C	0.00789752480015	13	82	24	10264	10383	76208
UNKNOWN	235	C	0.986612732351	T	0.0116536646441	11	10244	7	121	10383	76208
UNKNOWN	236	T	0.98170085717	C	0.00963112780507	18	100	72	10193	10383	76208
UNKNOWN	237	C	0.990561494751	T	0.00751227968795	7	10285	13	78	10383	76208
UNKNOWN	238	T	0.99258403159	G	0.00558605412694	1	18	58	10306	10383	76208
UNKNOWN	239	G	0.93970913994	A	0.0404507367813	420	110	9757	96	10383	76208
UNKNOWN	240	T	0.985071751902	C	0.0070307232977	49	73	33	10228	10383	76208
UNKNOWN	241	C	0.975729557931	T	0.0183954541077	53	10131	8	191	10383	76208
UNKNOWN	242	A	0.978426273717	G	0.0155061157662	10159	37	161	26	10383	76208
UNKNOWN	243	G	0.890783010691	C	0.0492150630839	449	511	9249	174	10383	76208
UNKNOWN	244	T	0.988924203024	G	0.00568236540499	10	46	59	10268	10383	76208
UNKNOWN	245	G	0.95011075797	A	0.0359241067129	373	72	9865	73	10383	76208
UNKNOWN	246	A	0.973707021092	G	0.0207069247809	10110	47	215	11	10383	76208
UNKNOWN	247	G	0.893672349032	A	0.0731965713185	760	279	9279	65	10383	76208
UNKNOWN	248	C	0.949918135414	T	0.0345757488202	112	9863	49	359	10383	76208
UNKNOWN	249	A	0.979485697775	G	0.0173360300491	10170	25	180	8	10383	76208
UNKNOWN	250	G	0.955311566984	C	0.022825772898	216	237	9919	11	10383	76208
UNKNOWN	251	C	0.981122989502	T	0.00963112780507	17	10187	79	100	10383	76208
UNKNOWN	252	G	0.978233651161	A	0.0150245593759	156	17	10157	53	10383	76208
UNKNOWN	253	T	0.984975440624	C	0.00837908119041	10	87	59	10227	10383	76208
UNKNOWN	254	G	0.966194741404	A	0.0249446210151	259	54	10032	38	10383	76208
UNKNOWN	255	A	0.975922180487	G	0.0156987383223	10133	62	163	25	10383	76208
UNKNOWN	256	C	0.983338148897	T	0.00789752480015	61	10210	30	82	10383	76208
UNKNOWN	257	A	0.972166040643	G	0.0161802947125	10094	87	168	34	10383	76208
UNKNOWN	258	C	0.967543099297	A	0.0182028315516	189	10046	91	57	10383	76208
UNKNOWN	259	C	0.98516806318	T	0.00934219397091	21	10229	36	97	10383	76208
UNKNOWN	260	T	0.961090243668	C	0.0210921698931	38	219	147	9979	10383	76208
UNKNOWN	261	G	0.986997977463	A	0.00963112780507	100	10	10248	25	10383	76208
UNKNOWN	262	A	0.981411923336	G	0.013387267649	10190	34	139	20	10383	76208
UNKNOWN	263	G	0.933545218145	A	0.0363093518251	377	261	9693	52	10383	76208
UNKNOWN	264	G	0.988346335356	A	0.00837908119041	87	13	10262	21	10383	76208
UNKNOWN	265	A	0.988346335356	C	0.00818645863431	10262	85	26	10	10383	76208
UNKNOWN	266	C	0.975344312819	T	0.0116536646441	107	10127	28	121	10383	76208
UNKNOWN	267	A	0.971202927863	G	0.0156987383223	10084	60	163	76	10383	76208
UNKNOWN	268	C	0.986997977463	G	0.00712703457575	44	10248	74	17	10383	76208
UNKNOWN	269	G	0.94760666474	A	0.0448810555716	466	32	9839	46	10383	76208
UNKNOWN	270	G	0.988538957912	C	0.00587498796109	37	61	10264	21	10383	76208
UNKNOWN	271	C	0.991717230088	A	0.00385245112203	40	10297	33	13	10383	76208
UNKNOWN	272	C	0.985456997014	A	0.00886063758066	92	10232	18	41	10383	76208
UNKNOWN	273	A	0.984879129346	C	0.00606761051719	10226	63	59	35	10383	76208
UNKNOWN	274	C	0.980641433112	A	0.00857170374651	89	10182	25	87	10383	76208
UNKNOWN	275	A	0.966483675238	G	0.0166618511028	10035	99	173	76	10383	76208
UNKNOWN	276	T	0.986034864683	A	0.0068381007416	71	30	44	10238	10383	76208
UNKNOWN	277	A	0.987768467688	C	0.00809014735626	10256	84	24	19	10383	76208
UNKNOWN	278	C	0.926610806125	T	0.0692478089184	30	9621	13	719	10383	76208
UNKNOWN	279	T	0.979389386497	A	0.0074159684099	77	62	75	10169	10383	76208
UNKNOWN	280	A	0.969758258692	C	0.0128093999807	10069	133	63	118	10383	76208
UNKNOWN	281	C	0.942983723394	T	0.0530675142059	24	9791	17	551	10383	76208
UNKNOWN	282	T	0.983916016566	G	0.0115573533661	27	20	120	10216	10383	76208
