Type	Position	Nucl1	Freq1	Nucl2	Freq2	NumAs	NumCs	NumGs	NumTs	NumAligned	NumNaive
UNKNOWN	0	C	1.0	A	0.0	0	324	0	0	324	158690
UNKNOWN	1	A	1.0	C	0.0	324	0	0	0	324	158690
UNKNOWN	2	G	1.0	A	0.0	0	0	324	0	324	158690
UNKNOWN	3	G	1.0	A	0.0	0	0	324	0	324	158690
UNKNOWN	4	T	1.0	A	0.0	0	0	0	324	324	158690
UNKNOWN	5	G	1.0	A	0.0	0	0	324	0	324	158690
UNKNOWN	6	C	1.0	A	0.0	0	324	0	0	324	158690
UNKNOWN	7	A	1.0	C	0.0	324	0	0	0	324	158690
UNKNOWN	8	G	0.996913580247	A	0.00308641975309	1	0	323	0	324	158690
UNKNOWN	9	C	1.0	A	0.0	0	324	0	0	324	158690
UNKNOWN	10	T	1.0	A	0.0	0	0	0	324	324	158690
UNKNOWN	11	G	0.978395061728	A	0.0216049382716	7	0	317	0	324	158690
UNKNOWN	12	C	0.993827160494	T	0.00617283950617	0	322	0	2	324	158690
UNKNOWN	13	A	0.885802469136	G	0.0956790123457	287	6	31	0	324	158690
UNKNOWN	14	G	0.984567901235	C	0.0154320987654	0	5	319	0	324	158690
UNKNOWN	15	G	1.0	A	0.0	0	0	324	0	324	158690
UNKNOWN	16	A	1.0	C	0.0	324	0	0	0	324	158690
UNKNOWN	17	G	0.996913580247	A	0.00308641975309	1	0	323	0	324	158690
UNKNOWN	18	T	1.0	A	0.0	0	0	0	324	324	158690
UNKNOWN	19	C	1.0	A	0.0	0	324	0	0	324	158690
UNKNOWN	20	G	0.996913580247	A	0.00308641975309	1	0	323	0	324	158690
UNKNOWN	21	G	0.996913580247	C	0.00308641975309	0	1	323	0	324	158690
UNKNOWN	22	G	0.996913580247	A	0.00308641975309	1	0	323	0	324	158690
UNKNOWN	23	C	1.0	A	0.0	0	324	0	0	324	158690
UNKNOWN	24	C	1.0	A	0.0	0	324	0	0	324	158690
UNKNOWN	25	C	0.984567901235	A	0.0154320987654	5	319	0	0	324	158690
UNKNOWN	26	C	1.0	A	0.0	0	324	0	0	324	158690
UNKNOWN	27	A	0.990740740741	G	0.00617283950617	321	1	2	0	324	158690
UNKNOWN	28	G	1.0	A	0.0	0	0	324	0	324	158690
UNKNOWN	29	C	0.996913580247	T	0.00308641975309	0	323	0	1	324	158690
UNKNOWN	30	C	1.0	A	0.0	0	324	0	0	324	158690
UNKNOWN	31	T	1.0	A	0.0	0	0	0	324	324	158690
UNKNOWN	32	G	1.0	A	0.0	0	0	324	0	324	158690
UNKNOWN	33	G	1.0	A	0.0	0	0	324	0	324	158690
UNKNOWN	34	T	0.996913580247	C	0.00308641975309	0	1	0	323	324	158690
UNKNOWN	35	G	1.0	A	0.0	0	0	324	0	324	158690
UNKNOWN	36	A	0.996913580247	G	0.00308641975309	323	0	1	0	324	158690
UNKNOWN	37	A	0.990740740741	G	0.00617283950617	321	1	2	0	324	158690
UNKNOWN	38	G	1.0	A	0.0	0	0	324	0	324	158690
UNKNOWN	39	A	0.858024691358	C	0.135802469136	278	44	2	0	324	158690
UNKNOWN	40	C	1.0	A	0.0	0	324	0	0	324	158690
UNKNOWN	41	C	0.990740740741	T	0.00925925925926	0	321	0	3	324	158690
UNKNOWN	42	T	1.0	A	0.0	0	0	0	324	324	158690
UNKNOWN	43	C	1.0	A	0.0	0	324	0	0	324	158690
UNKNOWN	44	A	0.978395061728	G	0.0185185185185	317	1	6	0	324	158690
UNKNOWN	45	C	1.0	A	0.0	0	324	0	0	324	158690
UNKNOWN	46	A	1.0	C	0.0	324	0	0	0	324	158690
UNKNOWN	47	G	0.990740740741	A	0.00925925925926	3	0	321	0	324	158690
UNKNOWN	48	A	0.996913580247	C	0.00308641975309	323	1	0	0	324	158690
UNKNOWN	49	C	0.996913580247	T	0.00308641975309	0	323	0	1	324	158690
UNKNOWN	50	A	0.901234567901	C	0.0987654320988	292	32	0	0	324	158690
UNKNOWN	51	C	0.996913580247	G	0.00308641975309	0	323	1	0	324	158690
UNKNOWN	52	T	0.993827160494	C	0.00617283950617	0	2	0	322	324	158690
UNKNOWN	53	C	1.0	A	0.0	0	324	0	0	324	158690
UNKNOWN	54	T	1.0	A	0.0	0	0	0	324	324	158690
UNKNOWN	55	C	0.996913580247	T	0.00308641975309	0	323	0	1	324	158690
UNKNOWN	56	C	1.0	A	0.0	0	324	0	0	324	158690
UNKNOWN	57	C	1.0	A	0.0	0	324	0	0	324	158690
UNKNOWN	58	T	1.0	A	0.0	0	0	0	324	324	158690
UNKNOWN	59	C	1.0	A	0.0	0	324	0	0	324	158690
UNKNOWN	60	A	0.993827160494	C	0.00617283950617	322	2	0	0	324	158690
UNKNOWN	61	C	1.0	A	0.0	0	324	0	0	324	158690
UNKNOWN	62	T	0.935185185185	C	0.0648148148148	0	21	0	303	324	158690
UNKNOWN	63	T	0.993827160494	C	0.00617283950617	0	2	0	322	324	158690
UNKNOWN	64	G	1.0	A	0.0	0	0	324	0	324	158690
UNKNOWN	65	C	0.993827160494	T	0.00617283950617	0	322	0	2	324	158690
UNKNOWN	66	A	0.996913580247	G	0.00308641975309	323	0	1	0	324	158690
UNKNOWN	67	C	1.0	A	0.0	0	324	0	0	324	158690
UNKNOWN	68	G	1.0	A	0.0	0	0	324	0	324	158690
UNKNOWN	69	G	0.996913580247	A	0.00308641975309	1	0	323	0	324	158690
UNKNOWN	70	C	0.567901234568	T	0.432098765432	0	184	0	140	324	158690
UNKNOWN	71	C	1.0	A	0.0	0	324	0	0	324	158690
UNKNOWN	72	T	0.996913580247	C	0.00308641975309	0	1	0	323	324	158690
UNKNOWN	73	C	1.0	A	0.0	0	324	0	0	324	158690
UNKNOWN	74	T	0.996913580247	A	0.00308641975309	1	0	0	323	324	158690
UNKNOWN	75	G	0.972222222222	A	0.0277777777778	9	0	315	0	324	158690
UNKNOWN	76	G	0.981481481481	A	0.0185185185185	6	0	318	0	324	158690
UNKNOWN	77	A	0.990740740741	C	0.00617283950617	321	2	1	0	324	158690
UNKNOWN	78	T	0.990740740741	A	0.00308641975309	1	1	1	321	324	158690
UNKNOWN	79	T	0.987654320988	C	0.00925925925926	1	3	0	320	324	158690
UNKNOWN	80	A	0.922839506173	C	0.0740740740741	299	24	0	1	324	158690
UNKNOWN	81	T	1.0	A	0.0	0	0	0	324	324	158690
UNKNOWN	82	C	1.0	A	0.0	0	324	0	0	324	158690
UNKNOWN	83	A	0.996913580247	C	0.00308641975309	323	1	0	0	324	158690
UNKNOWN	84	T	0.996913580247	G	0.00308641975309	0	0	1	323	324	158690
UNKNOWN	85	T	1.0	A	0.0	0	0	0	324	324	158690
UNKNOWN	86	A	0.972222222222	G	0.0246913580247	315	1	8	0	324	158690
UNKNOWN	87	A	0.969135802469	T	0.0185185185185	314	1	3	6	324	158690
UNKNOWN	88	C	0.944444444444	A	0.0185185185185	6	306	6	6	324	158690
UNKNOWN	89	C	0.996913580247	A	0.00308641975309	1	323	0	0	324	158690
UNKNOWN	90	A	0.993827160494	C	0.00308641975309	322	1	1	0	324	158690
UNKNOWN	91	G	0.944444444444	T	0.0246913580247	3	7	306	8	324	158690
UNKNOWN	92	A	0.929012345679	C	0.0648148148148	301	21	0	2	324	158690
UNKNOWN	93	T	0.966049382716	A	0.0154320987654	5	5	1	313	324	158690
UNKNOWN	94	A	0.975308641975	C	0.00925925925926	316	3	3	2	324	158690
UNKNOWN	95	T	0.984567901235	C	0.0123456790123	0	4	1	319	324	158690
UNKNOWN	96	G	0.888888888889	A	0.0771604938272	25	5	288	6	324	158690
UNKNOWN	97	G	0.885802469136	A	0.0895061728395	29	6	287	2	324	158690
UNKNOWN	98	T	0.981481481481	C	0.0154320987654	1	5	0	318	324	158690
UNKNOWN	99	A	0.947530864198	T	0.0432098765432	307	1	2	14	324	158690
UNKNOWN	100	T	0.993827160494	A	0.00308641975309	1	1	0	322	324	158690
UNKNOWN	101	A	0.990740740741	C	0.00617283950617	321	2	1	0	324	158690
UNKNOWN	102	C	0.944444444444	T	0.0401234567901	4	306	1	13	324	158690
UNKNOWN	103	A	0.984567901235	C	0.0123456790123	319	4	1	0	324	158690
UNKNOWN	104	C	0.993827160494	T	0.00308641975309	0	322	1	1	324	158690
UNKNOWN	105	T	0.978395061728	C	0.0154320987654	0	5	2	317	324	158690
UNKNOWN	106	G	1.0	A	0.0	0	0	324	0	324	158690
UNKNOWN	107	G	1.0	A	0.0	0	0	324	0	324	158690
UNKNOWN	108	G	0.990740740741	T	0.00617283950617	1	0	321	2	324	158690
UNKNOWN	109	T	0.972222222222	C	0.0277777777778	0	9	0	315	324	158690
UNKNOWN	110	C	1.0	A	0.0	0	324	0	0	324	158690
UNKNOWN	111	C	0.996913580247	G	0.00308641975309	0	323	1	0	324	158690
UNKNOWN	112	G	0.996913580247	C	0.00308641975309	0	1	323	0	324	158690
UNKNOWN	113	C	1.0	A	0.0	0	324	0	0	324	158690
UNKNOWN	114	C	0.996913580247	A	0.00308641975309	1	323	0	0	324	158690
UNKNOWN	115	A	0.996913580247	G	0.00308641975309	323	0	1	0	324	158690
UNKNOWN	116	G	1.0	A	0.0	0	0	324	0	324	158690
UNKNOWN	117	G	0.972222222222	A	0.0246913580247	8	1	315	0	324	158690
UNKNOWN	118	C	0.996913580247	T	0.00308641975309	0	323	0	1	324	158690
UNKNOWN	119	T	0.990740740741	C	0.00925925925926	0	3	0	321	324	158690
UNKNOWN	120	C	0.996913580247	G	0.00308641975309	0	323	1	0	324	158690
UNKNOWN	121	C	0.996913580247	A	0.00308641975309	1	323	0	0	324	158690
UNKNOWN	122	A	0.981481481481	G	0.0185185185185	318	0	6	0	324	158690
UNKNOWN	123	G	0.984567901235	A	0.0154320987654	5	0	319	0	324	158690
UNKNOWN	124	G	0.990740740741	A	0.00617283950617	2	0	321	1	324	158690
UNKNOWN	125	A	0.990740740741	G	0.00925925925926	321	0	3	0	324	158690
UNKNOWN	126	A	1.0	C	0.0	324	0	0	0	324	158690
UNKNOWN	127	A	0.996913580247	G	0.00308641975309	323	0	1	0	324	158690
UNKNOWN	128	G	1.0	A	0.0	0	0	324	0	324	158690
UNKNOWN	129	G	0.993827160494	C	0.00617283950617	0	2	322	0	324	158690
UNKNOWN	130	C	0.95987654321	T	0.033950617284	0	311	2	11	324	158690
UNKNOWN	131	G	0.990740740741	A	0.00308641975309	1	1	321	1	324	158690
UNKNOWN	132	C	0.984567901235	T	0.0123456790123	1	319	0	4	324	158690
UNKNOWN	133	T	0.962962962963	A	0.0216049382716	7	0	5	312	324	158690
UNKNOWN	134	G	0.953703703704	A	0.0216049382716	7	5	309	3	324	158690
UNKNOWN	135	G	0.996913580247	A	0.00308641975309	1	0	323	0	324	158690
UNKNOWN	136	A	0.990740740741	G	0.00617283950617	321	1	2	0	324	158690
UNKNOWN	137	G	0.981481481481	A	0.0154320987654	5	0	318	1	324	158690
UNKNOWN	138	T	0.993827160494	C	0.00308641975309	0	1	1	322	324	158690
UNKNOWN	139	G	0.996913580247	T	0.00308641975309	0	0	323	1	324	158690
UNKNOWN	140	G	0.990740740741	A	0.00617283950617	2	1	321	0	324	158690
UNKNOWN	141	C	0.990740740741	A	0.00308641975309	1	321	1	1	324	158690
UNKNOWN	142	T	0.993827160494	A	0.00617283950617	2	0	0	322	324	158690
UNKNOWN	143	T	0.969135802469	A	0.0154320987654	5	1	4	314	324	158690
UNKNOWN	144	G	0.990740740741	T	0.00925925925926	0	0	321	3	324	158690
UNKNOWN	145	G	0.975308641975	C	0.0216049382716	0	7	316	1	324	158690
UNKNOWN	146	T	0.984567901235	G	0.00925925925926	1	1	3	319	324	158690
UNKNOWN	147	G	0.512345679012	T	0.45987654321	8	1	166	149	324	158690
UNKNOWN	148	A	0.913580246914	G	0.0679012345679	296	2	22	4	324	158690
UNKNOWN	149	T	0.904320987654	G	0.0617283950617	8	3	20	293	324	158690
UNKNOWN	150	A	0.956790123457	G	0.033950617284	310	1	11	2	324	158690
UNKNOWN	151	T	0.975308641975	G	0.0216049382716	1	0	7	316	324	158690
UNKNOWN	152	A	0.938271604938	G	0.0308641975309	304	4	10	6	324	158690
UNKNOWN	153	A	0.861111111111	G	0.132716049383	279	0	43	2	324	158690
UNKNOWN	154	G	0.966049382716	A	0.0277777777778	9	2	313	0	324	158690
UNKNOWN	155	C	0.962962962963	T	0.0308641975309	2	312	0	10	324	158690
UNKNOWN	156	A	0.962962962963	G	0.033950617284	312	1	11	0	324	158690
UNKNOWN	157	G	0.895061728395	T	0.0771604938272	4	5	290	25	324	158690
UNKNOWN	158	T	0.956790123457	G	0.0308641975309	0	4	10	310	324	158690
UNKNOWN	159	G	0.901234567901	A	0.0864197530864	28	2	292	2	324	158690
UNKNOWN	160	G	0.91975308642	A	0.037037037037	12	10	298	4	324	158690
UNKNOWN	161	T	0.981481481481	A	0.0123456790123	4	0	2	318	324	158690
UNKNOWN	162	G	0.984567901235	A	0.0154320987654	5	0	319	0	324	158690
UNKNOWN	163	G	0.966049382716	A	0.0154320987654	5	2	313	4	324	158690
UNKNOWN	164	A	0.984567901235	C	0.0154320987654	319	5	0	0	324	158690
UNKNOWN	165	A	0.969135802469	G	0.0277777777778	314	1	9	0	324	158690
UNKNOWN	166	G	0.805555555556	T	0.0925925925926	24	9	261	30	324	158690
UNKNOWN	167	C	0.950617283951	T	0.0246913580247	4	308	4	8	324	158690
UNKNOWN	168	A	0.95987654321	G	0.0246913580247	311	1	8	4	324	158690
UNKNOWN	169	C	0.972222222222	G	0.0154320987654	1	315	5	3	324	158690
UNKNOWN	170	A	0.981481481481	C	0.00925925925926	318	3	1	2	324	158690
UNKNOWN	171	G	0.938271604938	C	0.0308641975309	7	10	304	3	324	158690
UNKNOWN	172	G	0.867283950617	A	0.101851851852	33	8	281	2	324	158690
UNKNOWN	173	C	0.962962962963	T	0.033950617284	0	312	1	11	324	158690
UNKNOWN	174	T	0.984567901235	A	0.0123456790123	4	1	0	319	324	158690
UNKNOWN	175	A	0.993827160494	C	0.00308641975309	322	1	0	1	324	158690
UNKNOWN	176	T	0.990740740741	C	0.00617283950617	1	2	0	321	324	158690
UNKNOWN	177	A	0.941358024691	G	0.0493827160494	305	3	16	0	324	158690
UNKNOWN	178	A	0.950617283951	T	0.033950617284	308	4	1	11	324	158690
UNKNOWN	179	C	0.975308641975	A	0.00925925925926	3	316	2	3	324	158690
UNKNOWN	180	C	0.984567901235	G	0.00925925925926	0	319	3	2	324	158690
UNKNOWN	181	C	0.987654320988	G	0.00925925925926	1	320	3	0	324	158690
UNKNOWN	182	A	0.978395061728	C	0.0123456790123	317	4	3	0	324	158690
UNKNOWN	183	G	0.990740740741	C	0.00925925925926	0	3	321	0	324	158690
UNKNOWN	184	G	0.969135802469	C	0.0216049382716	0	7	314	3	324	158690
UNKNOWN	185	C	0.984567901235	G	0.00925925925926	0	319	3	2	324	158690
UNKNOWN	186	C	0.984567901235	A	0.0123456790123	4	319	0	1	324	158690
UNKNOWN	187	T	0.981481481481	A	0.00925925925926	3	1	2	318	324	158690
UNKNOWN	188	G	0.944444444444	C	0.033950617284	5	11	306	2	324	158690
UNKNOWN	189	A	0.984567901235	T	0.00925925925926	319	0	2	3	324	158690
UNKNOWN	190	A	0.990740740741	C	0.00925925925926	321	3	0	0	324	158690
UNKNOWN	191	A	0.987654320988	C	0.00925925925926	320	3	0	1	324	158690
UNKNOWN	192	T	0.981481481481	C	0.0123456790123	0	4	2	318	324	158690
UNKNOWN	193	C	0.972222222222	A	0.0154320987654	5	315	3	1	324	158690
UNKNOWN	194	C	0.990740740741	G	0.00925925925926	0	321	3	0	324	158690
UNKNOWN	195	C	0.990740740741	G	0.00617283950617	0	321	2	1	324	158690
UNKNOWN	196	G	0.987654320988	T	0.00925925925926	1	0	320	3	324	158690
UNKNOWN	197	G	0.944444444444	A	0.0401234567901	13	4	306	1	324	158690
UNKNOWN	198	C	0.987654320988	A	0.00925925925926	3	320	0	1	324	158690
UNKNOWN	199	T	0.987654320988	G	0.00925925925926	0	1	3	320	324	158690
UNKNOWN	200	C	0.993827160494	A	0.00308641975309	1	322	0	1	324	158690
UNKNOWN	201	A	0.996913580247	G	0.00308641975309	323	0	1	0	324	158690
UNKNOWN	202	G	0.947530864198	C	0.0432098765432	0	14	307	3	324	158690
UNKNOWN	203	C	0.969135802469	G	0.0185185185185	3	314	6	1	324	158690
UNKNOWN	204	A	0.981481481481	G	0.0123456790123	318	0	4	2	324	158690
UNKNOWN	205	T	0.984567901235	C	0.0154320987654	0	5	0	319	324	158690
UNKNOWN	206	C	0.984567901235	T	0.00925925925926	2	319	0	3	324	158690
UNKNOWN	207	A	0.984567901235	G	0.00925925925926	319	2	3	0	324	158690
UNKNOWN	208	C	0.981481481481	A	0.0123456790123	4	318	1	1	324	158690
UNKNOWN	209	C	0.984567901235	G	0.00925925925926	2	319	3	0	324	158690
UNKNOWN	210	A	0.975308641975	G	0.0154320987654	316	3	5	0	324	158690
UNKNOWN	211	A	0.990740740741	G	0.00925925925926	321	0	3	0	324	158690
UNKNOWN	212	G	0.975308641975	A	0.0123456790123	4	4	316	0	324	158690
UNKNOWN	213	G	0.984567901235	A	0.0154320987654	5	0	319	0	324	158690
UNKNOWN	214	A	0.993827160494	C	0.00617283950617	322	2	0	0	324	158690
UNKNOWN	215	C	0.966049382716	G	0.0246913580247	2	313	8	1	324	158690
UNKNOWN	216	A	0.975308641975	T	0.0123456790123	316	0	4	4	324	158690
UNKNOWN	217	A	0.608024691358	G	0.373456790123	197	6	121	0	324	158690
UNKNOWN	218	C	0.938271604938	T	0.0555555555556	1	304	1	18	324	158690
UNKNOWN	219	T	0.962962962963	A	0.0154320987654	5	2	5	312	324	158690
UNKNOWN	220	C	0.990740740741	A	0.00925925925926	3	321	0	0	324	158690
UNKNOWN	221	C	0.981481481481	G	0.0123456790123	1	318	4	1	324	158690
UNKNOWN	222	A	0.626543209877	G	0.361111111111	203	3	117	1	324	158690
UNKNOWN	223	A	0.975308641975	G	0.0185185185185	316	2	6	0	324	158690
UNKNOWN	224	G	0.981481481481	C	0.00925925925926	2	3	318	1	324	158690
UNKNOWN	225	A	0.972222222222	G	0.0185185185185	315	3	6	0	324	158690
UNKNOWN	226	G	0.969135802469	A	0.0216049382716	7	2	314	1	324	158690
UNKNOWN	227	C	0.969135802469	A	0.0154320987654	5	314	1	4	324	158690
UNKNOWN	228	C	0.981481481481	G	0.00925925925926	2	318	3	1	324	158690
UNKNOWN	229	A	0.981481481481	T	0.00925925925926	318	2	1	3	324	158690
UNKNOWN	230	A	0.962962962963	G	0.0216049382716	312	4	7	1	324	158690
UNKNOWN	231	G	0.978395061728	T	0.0185185185185	1	0	317	6	324	158690
UNKNOWN	232	T	0.984567901235	C	0.0154320987654	0	5	0	319	324	158690
UNKNOWN	233	C	0.91975308642	T	0.070987654321	1	298	2	23	324	158690
UNKNOWN	234	T	0.966049382716	C	0.0277777777778	2	9	0	313	324	158690
UNKNOWN	235	C	0.935185185185	T	0.0648148148148	0	303	0	21	324	158690
UNKNOWN	236	T	0.969135802469	G	0.0216049382716	0	3	7	314	324	158690
UNKNOWN	237	C	0.981481481481	T	0.0154320987654	0	318	1	5	324	158690
UNKNOWN	238	T	0.975308641975	G	0.0154320987654	0	3	5	316	324	158690
UNKNOWN	239	G	0.972222222222	A	0.0185185185185	6	0	315	3	324	158690
UNKNOWN	240	T	0.972222222222	C	0.0185185185185	3	6	0	315	324	158690
UNKNOWN	241	C	0.969135802469	A	0.0154320987654	5	314	0	5	324	158690
UNKNOWN	242	A	0.975308641975	G	0.0185185185185	316	2	6	0	324	158690
UNKNOWN	243	C	0.950617283951	G	0.0277777777778	3	308	9	4	324	158690
UNKNOWN	244	T	0.981481481481	G	0.0154320987654	0	1	5	318	324	158690
UNKNOWN	245	G	0.972222222222	A	0.00925925925926	3	3	315	3	324	158690
UNKNOWN	246	A	0.987654320988	G	0.0123456790123	320	0	4	0	324	158690
UNKNOWN	247	G	0.981481481481	A	0.00617283950617	2	2	318	2	324	158690
UNKNOWN	248	C	0.969135802469	T	0.0216049382716	3	314	0	7	324	158690
UNKNOWN	249	A	0.978395061728	C	0.00925925925926	317	3	3	1	324	158690
UNKNOWN	250	G	0.95987654321	C	0.0154320987654	3	5	311	5	324	158690
UNKNOWN	251	C	0.984567901235	G	0.00925925925926	1	319	3	1	324	158690
UNKNOWN	252	C	0.861111111111	G	0.117283950617	4	279	38	3	324	158690
UNKNOWN	253	T	0.969135802469	G	0.0154320987654	2	3	5	314	324	158690
UNKNOWN	254	G	0.990740740741	A	0.00617283950617	2	0	321	1	324	158690
UNKNOWN	255	A	0.947530864198	G	0.0277777777778	307	6	9	2	324	158690
UNKNOWN	256	C	0.987654320988	G	0.00925925925926	0	320	3	1	324	158690
UNKNOWN	257	G	0.867283950617	A	0.108024691358	35	3	281	5	324	158690
UNKNOWN	258	C	0.876543209877	A	0.114197530864	37	284	3	0	324	158690
UNKNOWN	259	C	0.969135802469	A	0.0185185185185	6	314	1	3	324	158690
UNKNOWN	260	T	0.962962962963	G	0.0308641975309	0	2	10	312	324	158690
UNKNOWN	261	G	0.984567901235	A	0.00925925925926	3	1	319	1	324	158690
UNKNOWN	262	A	0.984567901235	G	0.0154320987654	319	0	5	0	324	158690
UNKNOWN	263	G	0.978395061728	C	0.0154320987654	1	5	317	1	324	158690
UNKNOWN	264	G	0.972222222222	T	0.0154320987654	4	0	315	5	324	158690
UNKNOWN	265	A	0.975308641975	C	0.0216049382716	316	7	0	1	324	158690
UNKNOWN	266	C	0.978395061728	T	0.0123456790123	3	317	0	4	324	158690
UNKNOWN	267	T	0.885802469136	A	0.0956790123457	31	3	3	287	324	158690
UNKNOWN	268	C	0.987654320988	A	0.0123456790123	4	320	0	0	324	158690
UNKNOWN	269	A	0.848765432099	G	0.123456790123	275	6	40	3	324	158690
UNKNOWN	270	G	0.975308641975	A	0.00925925925926	3	3	316	2	324	158690
UNKNOWN	271	C	0.969135802469	G	0.0277777777778	1	314	9	0	324	158690
UNKNOWN	272	C	0.975308641975	A	0.0216049382716	7	316	0	1	324	158690
UNKNOWN	273	A	0.972222222222	C	0.0123456790123	315	4	2	3	324	158690
UNKNOWN	274	C	0.978395061728	A	0.0216049382716	7	317	0	0	324	158690
UNKNOWN	275	A	0.978395061728	C	0.0123456790123	317	4	0	3	324	158690
UNKNOWN	276	T	0.984567901235	A	0.0123456790123	4	0	1	319	324	158690
UNKNOWN	277	A	0.984567901235	C	0.0154320987654	319	5	0	0	324	158690
UNKNOWN	278	C	0.969135802469	T	0.0246913580247	1	314	1	8	324	158690
UNKNOWN	279	T	0.978395061728	A	0.00925925925926	3	1	3	317	324	158690
UNKNOWN	280	A	0.969135802469	C	0.0123456790123	314	4	4	2	324	158690
UNKNOWN	281	C	0.969135802469	T	0.0277777777778	1	314	0	9	324	158690
UNKNOWN	282	T	0.975308641975	G	0.0216049382716	0	1	7	316	324	158690
