Type	Position	Nucl1	Freq1	Nucl2	Freq2	NumAs	NumCs	NumGs	NumTs	NumAligned	NumNaive
UNKNOWN	0	C	1.0	A	0.0	0	19230	0	0	19230	145585
UNKNOWN	1	A	1.0	C	0.0	19230	0	0	0	19230	145585
UNKNOWN	2	G	1.0	A	0.0	0	0	19230	0	19230	145585
UNKNOWN	3	G	1.0	A	0.0	0	0	19230	0	19230	145585
UNKNOWN	4	T	1.0	A	0.0	0	0	0	19230	19230	145585
UNKNOWN	5	G	1.0	A	0.0	0	0	19230	0	19230	145585
UNKNOWN	6	C	1.0	A	0.0	0	19230	0	0	19230	145585
UNKNOWN	7	A	0.997347893916	G	0.00171606864275	19179	11	33	7	19230	145585
UNKNOWN	8	G	0.992927717109	A	0.00608424336973	117	16	19094	3	19230	145585
UNKNOWN	9	C	0.997607904316	T	0.0015600624025	0	19184	16	30	19230	145585
UNKNOWN	10	T	0.998803952158	C	0.00104004160166	2	20	1	19207	19230	145585
UNKNOWN	11	G	0.998803952158	A	0.000624024960998	12	6	19207	5	19230	145585
UNKNOWN	12	C	0.998699947998	T	0.001248049922	1	19205	0	24	19230	145585
UNKNOWN	13	G	0.997659906396	A	0.00208008320333	40	4	19185	1	19230	145585
UNKNOWN	14	G	0.980863234529	C	0.0177847113885	22	342	18862	4	19230	145585
UNKNOWN	15	G	0.998803952158	C	0.000728029121165	6	14	19207	3	19230	145585
UNKNOWN	16	A	0.996359854394	G	0.00192407696308	19160	27	37	6	19230	145585
UNKNOWN	17	G	0.99370774831	A	0.00530421216849	102	19	19109	0	19230	145585
UNKNOWN	18	T	0.997347893916	C	0.00176807072283	4	34	13	19179	19230	145585
UNKNOWN	19	C	0.999115964639	T	0.000624024960998	0	19213	5	12	19230	145585
UNKNOWN	20	G	0.997659906396	A	0.00218408736349	42	2	19185	1	19230	145585
UNKNOWN	21	G	0.998387935517	C	0.00140405616225	2	27	19199	2	19230	145585
UNKNOWN	22	G	0.998179927197	C	0.001248049922	10	24	19195	1	19230	145585
UNKNOWN	23	C	0.999219968799	T	0.000728029121165	0	19215	1	14	19230	145585
UNKNOWN	24	C	0.999115964639	T	0.000676027041082	2	19213	2	13	19230	145585
UNKNOWN	25	C	0.998959958398	T	0.000624024960998	8	19210	0	12	19230	145585
UNKNOWN	26	C	0.999115964639	T	0.000520020800832	6	19213	1	10	19230	145585
UNKNOWN	27	A	0.995475819033	G	0.00338013520541	19143	19	65	3	19230	145585
UNKNOWN	28	G	0.994747789912	A	0.00379615184607	73	22	19129	6	19230	145585
UNKNOWN	29	C	0.998075923037	T	0.00176807072283	1	19193	2	34	19230	145585
UNKNOWN	30	C	0.998699947998	T	0.000936037441498	1	19205	6	18	19230	145585
UNKNOWN	31	T	0.997347893916	C	0.00145605824233	6	28	17	19179	19230	145585
UNKNOWN	32	G	0.996151846074	A	0.00280811232449	54	12	19156	8	19230	145585
UNKNOWN	33	G	0.997347893916	C	0.00140405616225	19	27	19179	5	19230	145585
UNKNOWN	34	T	0.996463858554	C	0.00286011440458	4	55	9	19162	19230	145585
UNKNOWN	35	G	0.998127925117	A	0.0015600624025	30	6	19194	0	19230	145585
UNKNOWN	36	A	0.996307852314	C	0.00182007280291	19159	35	30	6	19230	145585
UNKNOWN	37	A	0.994539781591	G	0.00296411856474	19125	47	57	1	19230	145585
UNKNOWN	38	G	0.994487779511	A	0.00447217888716	86	16	19124	4	19230	145585
UNKNOWN	39	C	0.999167966719	T	0.000572022880915	0	19214	5	11	19230	145585
UNKNOWN	40	C	0.999167966719	T	0.000676027041082	1	19214	2	13	19230	145585
UNKNOWN	41	C	0.997503900156	G	0.00130005200208	2	19182	25	21	19230	145585
UNKNOWN	42	T	0.996775871035	C	0.00301612064483	4	58	0	19168	19230	145585
UNKNOWN	43	C	0.998751950078	A	0.000624024960998	12	19206	2	10	19230	145585
UNKNOWN	44	A	0.995007800312	G	0.00338013520541	19134	27	65	4	19230	145585
UNKNOWN	45	C	0.998439937598	G	0.000624024960998	11	19200	12	7	19230	145585
UNKNOWN	46	A	0.997555902236	G	0.00182007280291	19183	11	35	1	19230	145585
UNKNOWN	47	G	0.998179927197	A	0.00119604784191	23	9	19195	3	19230	145585
UNKNOWN	48	A	0.995579823193	G	0.00223608944358	19145	31	43	11	19230	145585
UNKNOWN	49	C	0.998387935517	T	0.00104004160166	5	19199	6	20	19230	145585
UNKNOWN	50	C	0.992407696308	T	0.0068122724909	7	19084	8	131	19230	145585
UNKNOWN	51	C	0.998283931357	T	0.000936037441498	4	19197	11	18	19230	145585
UNKNOWN	52	T	0.996931877275	C	0.00275611024441	4	53	2	19171	19230	145585
UNKNOWN	53	C	0.998647945918	T	0.000728029121165	2	19204	10	14	19230	145585
UNKNOWN	54	T	0.996151846074	C	0.00270410816433	5	52	17	19156	19230	145585
UNKNOWN	55	C	0.999011960478	T	0.000728029121165	3	19211	2	14	19230	145585
UNKNOWN	56	C	0.996619864795	G	0.00176807072283	2	19165	34	29	19230	145585
UNKNOWN	57	C	0.997503900156	G	0.00150806032241	7	19182	29	12	19230	145585
UNKNOWN	58	T	0.997139885595	C	0.00270410816433	3	52	0	19175	19230	145585
UNKNOWN	59	C	0.998595943838	T	0.000728029121165	11	19203	2	14	19230	145585
UNKNOWN	60	A	0.996307852314	C	0.00161206448258	19159	31	27	13	19230	145585
UNKNOWN	61	C	0.996411856474	T	0.00270410816433	4	19161	13	52	19230	145585
UNKNOWN	62	C	0.997139885595	T	0.00202808112324	1	19175	15	39	19230	145585
UNKNOWN	63	T	0.996879875195	C	0.00218408736349	5	42	13	19170	19230	145585
UNKNOWN	64	G	0.998543941758	C	0.000780031201248	11	15	19202	2	19230	145585
UNKNOWN	65	C	0.997451898076	T	0.00182007280291	13	19181	1	35	19230	145585
UNKNOWN	66	A	0.991211648466	G	0.00483619344774	19061	40	93	36	19230	145585
UNKNOWN	67	C	0.995267810712	T	0.00374414976599	2	19139	17	72	19230	145585
UNKNOWN	68	G	0.991055642226	A	0.00696827873115	134	29	19058	9	19230	145585
UNKNOWN	69	G	0.97472698908	A	0.0220488819553	424	44	18744	18	19230	145585
UNKNOWN	70	T	0.991211648466	C	0.00780031201248	1	150	18	19061	19230	145585
UNKNOWN	71	C	0.986635465419	T	0.00717628705148	12	18973	107	138	19230	145585
UNKNOWN	72	T	0.995943837754	C	0.00260010400416	2	50	26	19152	19230	145585
UNKNOWN	73	C	0.998231929277	T	0.00166406656266	0	19196	2	32	19230	145585
UNKNOWN	74	T	0.992043681747	C	0.00478419136765	27	92	34	19077	19230	145585
UNKNOWN	75	G	0.991627665107	A	0.00691627665107	133	28	19069	0	19230	145585
UNKNOWN	76	G	0.988299531981	A	0.00904836193448	174	34	19005	17	19230	145585
UNKNOWN	77	A	0.992095683827	C	0.00364014560582	19078	70	48	34	19230	145585
UNKNOWN	78	T	0.989963598544	G	0.00551222048882	10	77	106	19037	19230	145585
UNKNOWN	79	T	0.995423816953	C	0.00369214768591	8	71	9	19142	19230	145585
UNKNOWN	80	C	0.983879355174	T	0.00780031201248	35	18920	125	150	19230	145585
UNKNOWN	81	T	0.988663546542	C	0.00889235569423	8	171	39	19012	19230	145585
UNKNOWN	82	C	0.996931877275	T	0.00218408736349	17	19171	0	42	19230	145585
UNKNOWN	83	A	0.995007800312	G	0.00208008320333	19134	30	40	26	19230	145585
UNKNOWN	84	T	0.991679667187	C	0.0058762350494	18	113	29	19070	19230	145585
UNKNOWN	85	T	0.994591783671	C	0.00286011440458	37	55	12	19126	19230	145585
UNKNOWN	86	A	0.970150806032	G	0.021892875715	18656	89	421	64	19230	145585
UNKNOWN	87	A	0.988871554862	G	0.00748829953198	19016	62	144	8	19230	145585
UNKNOWN	88	G	0.972438897556	A	0.0146645865835	282	216	18700	32	19230	145585
UNKNOWN	89	C	0.950910036401	T	0.0265210608424	123	18286	311	510	19230	145585
UNKNOWN	90	G	0.963442537702	A	0.0296931877275	571	49	18527	83	19230	145585
UNKNOWN	91	A	0.91898075923	G	0.0430577223089	17672	515	828	215	19230	145585
UNKNOWN	92	T	0.917524700988	C	0.0414456578263	303	797	486	17644	19230	145585
UNKNOWN	93	A	0.906968278731	G	0.0445657826313	17441	342	857	590	19230	145585
UNKNOWN	94	A	0.942225689028	G	0.0247009880395	18119	338	475	298	19230	145585
UNKNOWN	95	T	0.958034321373	G	0.023140925637	181	181	445	18423	19230	145585
UNKNOWN	96	A	0.897451898076	G	0.063754550182	17258	572	1226	174	19230	145585
UNKNOWN	97	G	0.505356214249	A	0.299063962559	5751	3181	9718	580	19230	145585
UNKNOWN	98	T	0.96848673947	G	0.0141965678627	130	203	273	18624	19230	145585
UNKNOWN	99	G	0.957826313053	A	0.03749349974	721	15	18419	75	19230	145585
UNKNOWN	100	T	0.993343733749	C	0.00514820592824	12	99	17	19102	19230	145585
UNKNOWN	101	A	0.972074882995	G	0.022516900676	18693	52	433	52	19230	145585
UNKNOWN	102	G	0.936089443578	A	0.0470618824753	905	241	18001	83	19230	145585
UNKNOWN	103	G	0.758658346334	A	0.195111804472	3752	625	14589	264	19230	145585
UNKNOWN	104	C	0.972438897556	T	0.0125325013001	101	18700	188	241	19230	145585
UNKNOWN	105	T	0.996775871035	C	0.0015600624025	3	30	29	19168	19230	145585
UNKNOWN	106	G	0.999063962559	A	0.000416016640666	8	4	19212	6	19230	145585
UNKNOWN	107	G	0.997607904316	A	0.000884035361414	17	13	19184	16	19230	145585
UNKNOWN	108	G	0.977847113885	A	0.0150806032241	290	76	18804	60	19230	145585
UNKNOWN	109	T	0.994799791992	C	0.00452418096724	3	87	10	19130	19230	145585
UNKNOWN	110	C	0.996099843994	T	0.00275611024441	5	19155	17	53	19230	145585
UNKNOWN	111	C	0.998751950078	G	0.000780031201248	2	19206	15	7	19230	145585
UNKNOWN	112	G	0.997295891836	A	0.00145605824233	28	23	19178	1	19230	145585
UNKNOWN	113	C	0.997763910556	A	0.001248049922	24	19187	1	18	19230	145585
UNKNOWN	114	C	0.998439937598	A	0.00104004160166	20	19200	6	4	19230	145585
UNKNOWN	115	A	0.992875715029	G	0.00639625585023	19093	10	123	4	19230	145585
UNKNOWN	116	G	0.997815912637	A	0.00166406656266	32	8	19188	2	19230	145585
UNKNOWN	117	G	0.989131565263	A	0.00696827873115	134	67	19021	8	19230	145585
UNKNOWN	118	C	0.992615704628	T	0.00499219968799	2	19088	44	96	19230	145585
UNKNOWN	119	T	0.993395735829	C	0.00520020800832	8	100	19	19103	19230	145585
UNKNOWN	120	C	0.994487779511	T	0.00249609984399	19	19124	39	48	19230	145585
UNKNOWN	121	C	0.997191887676	A	0.001248049922	24	19176	12	18	19230	145585
UNKNOWN	122	A	0.991315652626	G	0.00707228289132	19063	29	136	2	19230	145585
UNKNOWN	123	G	0.992667706708	A	0.0065002600104	125	15	19089	1	19230	145585
UNKNOWN	124	G	0.995943837754	A	0.00312012480499	60	13	19152	5	19230	145585
UNKNOWN	125	A	0.978055122205	G	0.0182527301092	18808	47	351	24	19230	145585
UNKNOWN	126	A	0.995891835673	G	0.00213208528341	19151	37	41	1	19230	145585
UNKNOWN	127	A	0.99365574623	G	0.00509620384815	19108	23	98	1	19230	145585
UNKNOWN	128	G	0.998387935517	A	0.000832033281331	16	14	19199	1	19230	145585
UNKNOWN	129	G	0.989027561102	A	0.00826833073323	159	47	19019	5	19230	145585
UNKNOWN	130	C	0.996827873115	G	0.001872074883	0	19169	36	25	19230	145585
UNKNOWN	131	G	0.986427457098	A	0.0101924076963	196	29	18969	36	19230	145585
UNKNOWN	132	C	0.992875715029	T	0.00644825793032	4	19093	9	124	19230	145585
UNKNOWN	133	T	0.98777951118	G	0.00629225169007	15	99	121	18995	19230	145585
UNKNOWN	134	G	0.988039521581	A	0.00634425377015	122	9	19000	99	19230	145585
UNKNOWN	135	G	0.995475819033	A	0.00239209568383	46	40	19143	1	19230	145585
UNKNOWN	136	A	0.996255850234	G	0.00286011440458	19158	9	55	8	19230	145585
UNKNOWN	137	G	0.990951638066	A	0.00629225169007	121	28	19056	25	19230	145585
UNKNOWN	138	T	0.992303692148	G	0.00608424336973	1	30	117	19082	19230	145585
UNKNOWN	139	G	0.996983879355	A	0.00145605824233	28	8	19172	22	19230	145585
UNKNOWN	140	G	0.984035361414	C	0.011232449298	8	216	18923	83	19230	145585
UNKNOWN	141	C	0.988039521581	G	0.00598023920957	73	19000	115	42	19230	145585
UNKNOWN	142	T	0.996255850234	C	0.00296411856474	4	57	11	19158	19230	145585
UNKNOWN	143	C	0.993083723349	T	0.00400416016641	7	19097	49	77	19230	145585
UNKNOWN	144	G	0.992459698388	A	0.00639625585023	123	2	19085	20	19230	145585
UNKNOWN	145	G	0.985283411336	C	0.0102964118565	40	198	18947	45	19230	145585
UNKNOWN	146	T	0.979927197088	G	0.0103484139366	98	89	199	18844	19230	145585
UNKNOWN	147	G	0.824128965159	A	0.127821112845	2458	266	15848	658	19230	145585
UNKNOWN	148	T	0.868278731149	G	0.0461778471139	842	803	888	16697	19230	145585
UNKNOWN	149	C	0.891055642226	T	0.0677067082683	452	17135	341	1302	19230	145585
UNKNOWN	150	A	0.957826313053	G	0.0308372334893	18419	66	593	152	19230	145585
UNKNOWN	151	T	0.960738429537	G	0.015600624025	278	177	300	18475	19230	145585
UNKNOWN	152	A	0.928705148206	G	0.0338533541342	17859	276	651	444	19230	145585
UNKNOWN	153	T	0.858970358814	G	0.0669786791472	924	500	1288	16518	19230	145585
UNKNOWN	154	A	0.878003120125	G	0.0715028601144	16884	338	1375	633	19230	145585
UNKNOWN	155	T	0.930681227249	C	0.0320852834113	124	617	592	17897	19230	145585
UNKNOWN	156	A	0.906812272491	G	0.0722828913157	17438	297	1390	105	19230	145585
UNKNOWN	157	G	0.814872594904	A	0.0891315652626	1714	1293	15670	553	19230	145585
UNKNOWN	158	T	0.951638065523	G	0.0213728549142	296	223	411	18300	19230	145585
UNKNOWN	159	G	0.756630265211	A	0.19355174207	3722	673	14550	285	19230	145585
UNKNOWN	160	G	0.805668226729	A	0.141237649506	2716	538	15493	483	19230	145585
UNKNOWN	161	T	0.943265730629	G	0.0286531461258	297	243	551	18139	19230	145585
UNKNOWN	162	G	0.977795111804	A	0.0198127925117	381	26	18803	20	19230	145585
UNKNOWN	163	G	0.966926677067	A	0.0261570462819	503	79	18594	54	19230	145585
UNKNOWN	164	A	0.970254810192	G	0.0211128445138	18658	58	406	108	19230	145585
UNKNOWN	165	A	0.926001040042	G	0.0603224128965	17807	153	1160	110	19230	145585
UNKNOWN	166	G	0.697971918877	A	0.197399895996	3796	1437	13422	575	19230	145585
UNKNOWN	167	C	0.909412376495	T	0.0527301092044	357	17488	371	1014	19230	145585
UNKNOWN	168	A	0.970670826833	G	0.0194487779511	18666	151	374	39	19230	145585
UNKNOWN	169	C	0.970878835153	T	0.0176287051482	121	18670	100	339	19230	145585
UNKNOWN	170	A	0.981903276131	G	0.00993239729589	18882	93	191	64	19230	145585
UNKNOWN	171	G	0.914300572023	A	0.0471138845554	906	417	17582	325	19230	145585
UNKNOWN	172	G	0.629537181487	A	0.316224648986	6081	658	12106	385	19230	145585
UNKNOWN	173	C	0.952574102964	G	0.0238689547582	112	18318	459	341	19230	145585
UNKNOWN	174	T	0.986583463339	A	0.0055642225689	107	91	60	18972	19230	145585
UNKNOWN	175	A	0.980603224129	T	0.0109204368175	18857	102	61	210	19230	145585
UNKNOWN	176	T	0.979927197088	C	0.016224648986	64	312	10	18844	19230	145585
UNKNOWN	177	A	0.985751430057	C	0.00722828913157	18956	139	96	39	19230	145585
UNKNOWN	178	A	0.988715548622	G	0.00546021840874	19013	87	105	25	19230	145585
UNKNOWN	179	C	0.907228289132	T	0.0784711388456	84	17446	191	1509	19230	145585
UNKNOWN	180	C	0.940509620385	T	0.0418096723869	101	18086	239	804	19230	145585
UNKNOWN	181	C	0.985179407176	T	0.00629225169007	101	18945	63	121	19230	145585
UNKNOWN	182	A	0.985075403016	G	0.00915236609464	18943	85	176	26	19230	145585
UNKNOWN	183	G	0.985127405096	A	0.00899635985439	173	93	18944	20	19230	145585
UNKNOWN	184	C	0.982891315653	T	0.00790431617265	65	18901	112	152	19230	145585
UNKNOWN	185	C	0.994747789912	T	0.00384815392616	11	19129	16	74	19230	145585
UNKNOWN	186	C	0.992043681747	T	0.00431617264691	6	19077	64	83	19230	145585
UNKNOWN	187	T	0.990327613105	G	0.0049401976079	44	47	95	19044	19230	145585
UNKNOWN	188	G	0.978939157566	A	0.0147165886635	283	41	18825	81	19230	145585
UNKNOWN	189	A	0.987935517421	G	0.00878835153406	18998	55	169	8	19230	145585
UNKNOWN	190	A	0.99375975039	C	0.00291211648466	19110	56	36	28	19230	145585
UNKNOWN	191	A	0.991887675507	T	0.00306812272491	19074	52	45	59	19230	145585
UNKNOWN	192	T	0.990223608944	C	0.00748829953198	19	144	25	19042	19230	145585
UNKNOWN	193	C	0.997243889756	T	0.0015600624025	11	19177	12	30	19230	145585
UNKNOWN	194	C	0.99355174207	T	0.00265210608424	22	19106	51	51	19230	145585
UNKNOWN	195	C	0.995163806552	G	0.00364014560582	5	19137	70	18	19230	145585
UNKNOWN	196	G	0.994643785751	C	0.00265210608424	36	51	19127	16	19230	145585
UNKNOWN	197	G	0.938689547582	A	0.0440457618305	847	203	18051	129	19230	145585
UNKNOWN	198	C	0.992355694228	T	0.00514820592824	26	19083	22	99	19230	145585
UNKNOWN	199	T	0.990899635985	C	0.00561622464899	35	108	32	19055	19230	145585
UNKNOWN	200	C	0.991887675507	A	0.00468018720749	90	19074	20	46	19230	145585
UNKNOWN	201	A	0.98777951118	G	0.00941237649506	18995	53	181	1	19230	145585
UNKNOWN	202	G	0.978263130525	C	0.0122724908996	110	236	18812	72	19230	145585
UNKNOWN	203	C	0.965470618825	T	0.0242849713989	109	18566	88	467	19230	145585
UNKNOWN	204	A	0.986427457098	G	0.00696827873115	18969	26	134	101	19230	145585
UNKNOWN	205	T	0.991627665107	C	0.00499219968799	25	96	40	19069	19230	145585
UNKNOWN	206	C	0.98751950078	T	0.00800832033281	75	18990	11	154	19230	145585
UNKNOWN	207	A	0.986375455018	G	0.00691627665107	18968	95	133	34	19230	145585
UNKNOWN	208	C	0.985439417577	G	0.00582423296932	107	18950	112	61	19230	145585
UNKNOWN	209	C	0.961206448258	T	0.0165886635465	143	18484	284	319	19230	145585
UNKNOWN	210	A	0.98736349454	C	0.00660426417057	18987	127	113	3	19230	145585
UNKNOWN	211	A	0.983619344774	G	0.0141965678627	18915	36	273	6	19230	145585
UNKNOWN	212	G	0.979875195008	A	0.0139365574623	268	106	18843	13	19230	145585
UNKNOWN	213	G	0.988507540302	A	0.00920436817473	177	30	19009	14	19230	145585
UNKNOWN	214	A	0.991679667187	C	0.00468018720749	19070	90	42	28	19230	145585
UNKNOWN	215	C	0.978783151326	T	0.0150806032241	96	18822	22	290	19230	145585
UNKNOWN	216	A	0.992199687988	G	0.00384815392616	19080	44	74	32	19230	145585
UNKNOWN	217	A	0.984919396776	C	0.0077483099324	18940	149	117	24	19230	145585
UNKNOWN	218	C	0.974258970359	T	0.0177847113885	19	18735	134	342	19230	145585
UNKNOWN	219	T	0.988351534061	C	0.00655226209048	45	126	53	19006	19230	145585
UNKNOWN	220	C	0.995111804472	A	0.00280811232449	54	19136	4	36	19230	145585
UNKNOWN	221	C	0.98777951118	A	0.00509620384815	98	18995	43	94	19230	145585
UNKNOWN	222	A	0.984555382215	G	0.00811232449298	18933	138	156	3	19230	145585
UNKNOWN	223	A	0.983879355174	G	0.0140405616225	18920	27	270	13	19230	145585
UNKNOWN	224	G	0.987155486219	A	0.00769630785231	148	91	18983	8	19230	145585
UNKNOWN	225	A	0.98736349454	G	0.00847633905356	18987	65	163	15	19230	145585
UNKNOWN	226	G	0.962090483619	A	0.0278731149246	536	164	18501	29	19230	145585
UNKNOWN	227	C	0.969734789392	T	0.0241809672387	52	18648	65	465	19230	145585
UNKNOWN	228	C	0.988923556942	G	0.00551222048882	105	19017	106	2	19230	145585
UNKNOWN	229	A	0.992199687988	G	0.00338013520541	19080	45	65	40	19230	145585
UNKNOWN	230	A	0.981643265731	G	0.0151326053042	18877	41	291	21	19230	145585
UNKNOWN	231	G	0.959386375455	A	0.0202808112324	390	205	18449	186	19230	145585
UNKNOWN	232	T	0.991367654706	C	0.00676027041082	13	130	23	19064	19230	145585
UNKNOWN	233	C	0.969526781071	T	0.0182007280291	25	18644	211	350	19230	145585
UNKNOWN	234	T	0.990327613105	C	0.0065002600104	16	125	45	19044	19230	145585
UNKNOWN	235	C	0.991211648466	T	0.00728029121165	22	19061	7	140	19230	145585
UNKNOWN	236	T	0.981643265731	C	0.00946437857514	56	182	115	18877	19230	145585
UNKNOWN	237	C	0.988143525741	T	0.00728029121165	30	19002	58	140	19230	145585
UNKNOWN	238	T	0.99370774831	A	0.00369214768591	71	37	13	19109	19230	145585
UNKNOWN	239	A	0.895111804472	G	0.0917836713469	17213	112	1765	140	19230	145585
UNKNOWN	240	T	0.983775351014	C	0.00660426417057	74	127	111	18918	19230	145585
UNKNOWN	241	C	0.976235049402	T	0.0197607904316	74	18773	3	380	19230	145585
UNKNOWN	242	A	0.975559022361	G	0.0114924596984	18760	130	221	119	19230	145585
UNKNOWN	243	C	0.938377535101	G	0.0411336453458	113	18045	791	281	19230	145585
UNKNOWN	244	T	0.992823712949	G	0.00473218928757	23	24	91	19092	19230	145585
UNKNOWN	245	G	0.963442537702	A	0.0259490379615	499	85	18527	119	19230	145585
UNKNOWN	246	A	0.980239209568	G	0.0148205928237	18850	82	285	13	19230	145585
UNKNOWN	247	G	0.955850234009	A	0.0267810712428	515	261	18381	73	19230	145585
UNKNOWN	248	C	0.967914716589	T	0.0177847113885	165	18613	110	342	19230	145585
UNKNOWN	249	A	0.986063442538	G	0.0102964118565	18962	65	198	5	19230	145585
UNKNOWN	250	G	0.98153926157	C	0.0129485179407	62	249	18875	44	19230	145585
UNKNOWN	251	C	0.984919396776	T	0.00795631825273	17	18940	120	153	19230	145585
UNKNOWN	252	G	0.985023400936	A	0.0080603224129	155	45	18942	88	19230	145585
UNKNOWN	253	T	0.988507540302	C	0.00634425377015	18	122	81	19009	19230	145585
UNKNOWN	254	G	0.95652626105	A	0.0341133645346	656	107	18394	73	19230	145585
UNKNOWN	255	A	0.975507020281	G	0.0111804472179	18759	86	215	170	19230	145585
UNKNOWN	256	C	0.986271450858	T	0.0055642225689	101	18966	56	107	19230	145585
UNKNOWN	257	A	0.971450858034	G	0.0211128445138	18681	86	406	57	19230	145585
UNKNOWN	258	A	0.9501300052	C	0.031877275091	18271	613	255	91	19230	145585
UNKNOWN	259	C	0.956578263131	T	0.0211648465939	64	18395	364	407	19230	145585
UNKNOWN	260	T	0.969422776911	C	0.0159126365055	55	306	227	18642	19230	145585
UNKNOWN	261	G	0.988767550702	A	0.00858034321373	165	19	19014	32	19230	145585
UNKNOWN	262	A	0.986999479979	G	0.00847633905356	18980	69	163	18	19230	145585
UNKNOWN	263	G	0.946853874155	A	0.0328653146126	632	307	18208	83	19230	145585
UNKNOWN	264	G	0.988871554862	A	0.00764430577223	147	23	19016	44	19230	145585
UNKNOWN	265	A	0.990379615185	C	0.00592823712949	19045	114	51	20	19230	145585
UNKNOWN	266	C	0.978367134685	T	0.0127405096204	123	18814	48	245	19230	145585
UNKNOWN	267	A	0.980499219969	G	0.00884035361414	18855	80	170	125	19230	145585
UNKNOWN	268	C	0.991159646386	G	0.00566822672907	35	19060	109	26	19230	145585
UNKNOWN	269	G	0.990171606864	A	0.00358814352574	69	54	19041	66	19230	145585
UNKNOWN	270	G	0.988195527821	C	0.00483619344774	72	93	19003	62	19230	145585
UNKNOWN	271	C	0.991211648466	A	0.00436817472699	84	19061	67	18	19230	145585
UNKNOWN	272	C	0.988715548622	A	0.00603224128965	116	19013	30	71	19230	145585
UNKNOWN	273	A	0.987831513261	G	0.00561622464899	18996	82	108	44	19230	145585
UNKNOWN	274	C	0.983671346854	A	0.00728029121165	140	18916	38	136	19230	145585
UNKNOWN	275	A	0.97524700988	G	0.0145085803432	18754	87	279	110	19230	145585
UNKNOWN	276	T	0.984503380135	A	0.00540821632865	104	95	99	18932	19230	145585
UNKNOWN	277	A	0.987831513261	C	0.00598023920957	18996	115	61	58	19230	145585
UNKNOWN	278	C	0.944097763911	T	0.0522100884035	41	18155	30	1004	19230	145585
UNKNOWN	279	T	0.98122724909	C	0.00702028081123	105	135	121	18869	19230	145585
UNKNOWN	280	A	0.974570982839	T	0.010608424337	18741	183	102	204	19230	145585
UNKNOWN	281	C	0.966562662507	T	0.0293291731669	33	18587	46	564	19230	145585
UNKNOWN	282	T	0.983879355174	G	0.011856474259	59	23	228	18920	19230	145585
