Type	Position	Nucl1	Freq1	Nucl2	Freq2	NumAs	NumCs	NumGs	NumTs	NumAligned	NumNaive
UNKNOWN	0	C	1.0	A	0.0	0	5428	0	0	5428	58532
UNKNOWN	1	A	1.0	C	0.0	5428	0	0	0	5428	58532
UNKNOWN	2	G	1.0	A	0.0	0	0	5428	0	5428	58532
UNKNOWN	3	G	1.0	A	0.0	0	0	5428	0	5428	58532
UNKNOWN	4	T	1.0	A	0.0	0	0	0	5428	5428	58532
UNKNOWN	5	G	1.0	A	0.0	0	0	5428	0	5428	58532
UNKNOWN	6	C	1.0	A	0.0	0	5428	0	0	5428	58532
UNKNOWN	7	A	0.996315401621	C	0.00184229918939	5408	10	8	2	5428	58532
UNKNOWN	8	G	0.989867354458	A	0.0057111274871	31	22	5373	2	5428	58532
UNKNOWN	9	C	0.998526160648	T	0.000736919675755	0	5420	4	4	5428	58532
UNKNOWN	10	T	0.99834193073	C	0.00165806927045	0	9	0	5419	5428	58532
UNKNOWN	11	G	0.999631540162	A	0.000184229918939	1	1	5426	0	5428	58532
UNKNOWN	12	C	0.999815770081	T	0.000184229918939	0	5427	0	1	5428	58532
UNKNOWN	13	G	0.999631540162	A	0.000184229918939	1	1	5426	0	5428	58532
UNKNOWN	14	G	0.988577745026	C	0.0106853352985	2	58	5366	2	5428	58532
UNKNOWN	15	G	0.999631540162	C	0.000368459837878	0	2	5426	0	5428	58532
UNKNOWN	16	A	0.996131171702	G	0.00257921886514	5407	6	14	1	5428	58532
UNKNOWN	17	G	0.996683861459	A	0.00257921886514	14	2	5410	2	5428	58532
UNKNOWN	18	T	0.997236551216	G	0.00110537951363	4	5	6	5413	5428	58532
UNKNOWN	19	C	0.999815770081	G	0.000184229918939	0	5427	1	0	5428	58532
UNKNOWN	20	G	0.978445099484	A	0.021186440678	115	2	5311	0	5428	58532
UNKNOWN	21	G	0.998157700811	C	0.00147383935151	1	8	5418	1	5428	58532
UNKNOWN	22	G	0.998157700811	C	0.00110537951363	3	6	5418	1	5428	58532
UNKNOWN	23	C	0.999447310243	T	0.000368459837878	1	5425	0	2	5428	58532
UNKNOWN	24	C	0.999631540162	A	0.000368459837878	2	5426	0	0	5428	58532
UNKNOWN	25	C	0.999631540162	A	0.000184229918939	1	5426	0	1	5428	58532
UNKNOWN	26	C	0.998710390567	T	0.000921149594694	2	5421	0	5	5428	58532
UNKNOWN	27	A	0.996315401621	G	0.00257921886514	5408	6	14	0	5428	58532
UNKNOWN	28	G	0.995578481945	A	0.00313190862196	17	6	5404	1	5428	58532
UNKNOWN	29	C	0.99484156227	T	0.00460574797347	0	5400	3	25	5428	58532
UNKNOWN	30	C	0.999263080324	T	0.000552689756817	0	5424	1	3	5428	58532
UNKNOWN	31	T	0.995946941783	C	0.00202652910833	2	11	9	5406	5428	58532
UNKNOWN	32	G	0.998710390567	A	0.000736919675755	4	0	5421	3	5428	58532
UNKNOWN	33	G	0.997420781135	A	0.00184229918939	10	1	5414	3	5428	58532
UNKNOWN	34	T	0.994657332351	C	0.0033161385409	0	18	11	5399	5428	58532
UNKNOWN	35	G	0.997605011054	A	0.00110537951363	6	2	5415	5	5428	58532
UNKNOWN	36	A	0.997789240973	C	0.00128960943257	5416	7	5	0	5428	58532
UNKNOWN	37	A	0.988577745026	G	0.0099484156227	5366	7	54	1	5428	58532
UNKNOWN	38	G	0.988946204864	C	0.00939572586588	6	51	5368	3	5428	58532
UNKNOWN	39	C	0.998157700811	T	0.00147383935151	1	5418	1	8	5428	58532
UNKNOWN	40	C	0.999631540162	T	0.000184229918939	0	5426	1	1	5428	58532
UNKNOWN	41	C	0.997420781135	G	0.00128960943257	2	5414	7	5	5428	58532
UNKNOWN	42	T	0.99649963154	C	0.00276344878408	2	15	2	5409	5428	58532
UNKNOWN	43	C	0.998157700811	A	0.00128960943257	7	5418	2	1	5428	58532
UNKNOWN	44	A	0.99299926308	G	0.00405305821665	5390	9	22	7	5428	58532
UNKNOWN	45	C	0.996868091378	G	0.00165806927045	5	5411	9	3	5428	58532
UNKNOWN	46	A	0.997605011054	G	0.00128960943257	5415	6	7	0	5428	58532
UNKNOWN	47	G	0.997605011054	A	0.00165806927045	9	4	5415	0	5428	58532
UNKNOWN	48	A	0.995394252027	C	0.00257921886514	5403	14	10	1	5428	58532
UNKNOWN	49	C	0.997789240973	T	0.00128960943257	0	5416	5	7	5428	58532
UNKNOWN	50	C	0.985998526161	G	0.0128960943257	0	5352	70	6	5428	58532
UNKNOWN	51	C	0.998157700811	T	0.00147383935151	1	5418	1	8	5428	58532
UNKNOWN	52	T	0.995946941783	C	0.00294767870302	3	16	3	5406	5428	58532
UNKNOWN	53	G	0.745210022108	C	0.25	6	1357	4045	20	5428	58532
UNKNOWN	54	T	0.997052321297	C	0.0023949889462	2	13	1	5412	5428	58532
UNKNOWN	55	C	0.99834193073	T	0.00128960943257	2	5419	0	7	5428	58532
UNKNOWN	56	C	0.997052321297	T	0.00202652910833	0	5412	5	11	5428	58532
UNKNOWN	57	C	0.998894620486	T	0.00110537951363	0	5422	0	6	5428	58532
UNKNOWN	58	T	0.997236551216	C	0.0023949889462	1	13	1	5413	5428	58532
UNKNOWN	59	C	0.998157700811	A	0.00128960943257	7	5418	0	3	5428	58532
UNKNOWN	60	A	0.994657332351	C	0.00276344878408	5399	15	14	0	5428	58532
UNKNOWN	61	C	0.99649963154	T	0.00128960943257	6	5409	6	7	5428	58532
UNKNOWN	62	C	0.995210022108	G	0.0033161385409	1	5402	18	7	5428	58532
UNKNOWN	63	T	0.99834193073	G	0.000736919675755	2	3	4	5419	5428	58532
UNKNOWN	64	G	0.997973470892	A	0.00110537951363	6	4	5417	1	5428	58532
UNKNOWN	65	C	0.997236551216	A	0.00184229918939	10	5413	2	3	5428	58532
UNKNOWN	66	A	0.993551952837	C	0.00313190862196	5393	17	16	2	5428	58532
UNKNOWN	67	C	0.997236551216	T	0.00110537951363	3	5413	6	6	5428	58532
UNKNOWN	68	G	0.994288872513	A	0.00552689756817	30	1	5397	0	5428	58532
UNKNOWN	69	G	0.972365512159	A	0.0259764185704	141	3	5278	6	5428	58532
UNKNOWN	70	T	0.989314664702	C	0.00810611643331	4	44	10	5370	5428	58532
UNKNOWN	71	C	0.97918201916	G	0.0187914517318	1	5315	102	10	5428	58532
UNKNOWN	72	T	0.996315401621	C	0.00221075902727	2	12	6	5408	5428	58532
UNKNOWN	73	C	0.997605011054	T	0.00128960943257	4	5415	2	7	5428	58532
UNKNOWN	74	T	0.99484156227	C	0.0023949889462	4	13	11	5400	5428	58532
UNKNOWN	75	G	0.99484156227	A	0.00423728813559	23	2	5400	3	5428	58532
UNKNOWN	76	G	0.994473102432	A	0.00386882829772	21	7	5398	2	5428	58532
UNKNOWN	77	A	0.993367722918	C	0.00313190862196	5392	17	8	11	5428	58532
UNKNOWN	78	T	0.981208548268	G	0.0141857037583	4	21	77	5326	5428	58532
UNKNOWN	79	T	0.993551952837	C	0.00442151805453	6	24	5	5393	5428	58532
UNKNOWN	80	C	0.976418570376	G	0.0156595431098	8	5300	85	35	5428	58532
UNKNOWN	81	T	0.996131171702	C	0.00294767870302	0	16	5	5407	5428	58532
UNKNOWN	82	C	0.996868091378	T	0.00202652910833	4	5411	2	11	5428	58532
UNKNOWN	83	A	0.99484156227	G	0.00294767870302	5400	6	16	6	5428	58532
UNKNOWN	84	T	0.988209285188	C	0.00534266764923	6	29	29	5364	5428	58532
UNKNOWN	85	T	0.997052321297	C	0.00110537951363	5	6	5	5412	5428	58532
UNKNOWN	86	A	0.977708179808	G	0.0193441414886	5307	15	105	1	5428	58532
UNKNOWN	87	A	0.987103905674	G	0.00976418570376	5358	15	53	2	5428	58532
UNKNOWN	88	G	0.983235077377	A	0.00829034635225	45	38	5337	8	5428	58532
UNKNOWN	89	C	0.964443625645	T	0.0230287398674	9	5235	59	125	5428	58532
UNKNOWN	90	G	0.960759027266	A	0.0335298452469	182	2	5215	29	5428	58532
UNKNOWN	91	A	0.933124539425	G	0.0394252026529	5065	119	214	30	5428	58532
UNKNOWN	92	T	0.926676492262	C	0.0280029476787	117	152	129	5030	5428	58532
UNKNOWN	93	A	0.872881355932	G	0.0593220338983	4738	126	322	242	5428	58532
UNKNOWN	94	A	0.946573323508	G	0.0329771554901	5138	64	179	47	5428	58532
UNKNOWN	95	T	0.910464259396	A	0.0486366985999	264	108	114	4942	5428	58532
UNKNOWN	96	A	0.867170228445	G	0.0701915991157	4707	248	381	92	5428	58532
UNKNOWN	97	G	0.441414885777	A	0.358327192336	1945	831	2396	256	5428	58532
UNKNOWN	98	T	0.978813559322	G	0.0163964627856	12	14	89	5313	5428	58532
UNKNOWN	99	G	0.928150331614	A	0.066322770818	360	2	5038	28	5428	58532
UNKNOWN	100	T	0.99299926308	C	0.00478997789241	7	26	5	5390	5428	58532
UNKNOWN	101	A	0.964627855564	G	0.0221075902727	5236	15	120	57	5428	58532
UNKNOWN	102	G	0.914701547531	A	0.0552689756817	300	128	4965	35	5428	58532
UNKNOWN	103	G	0.714075165807	A	0.249263080324	1353	131	3876	68	5428	58532
UNKNOWN	104	C	0.969602063375	T	0.0152910832719	19	5263	63	83	5428	58532
UNKNOWN	105	T	0.997236551216	G	0.00184229918939	0	5	10	5413	5428	58532
UNKNOWN	106	G	0.998894620486	A	0.000736919675755	4	0	5422	2	5428	58532
UNKNOWN	107	G	0.997973470892	A	0.00128960943257	7	2	5417	2	5428	58532
UNKNOWN	108	G	0.979366249079	A	0.0136330140015	74	18	5316	20	5428	58532
UNKNOWN	109	T	0.995210022108	C	0.0033161385409	3	18	5	5402	5428	58532
UNKNOWN	110	C	0.996683861459	T	0.00128960943257	4	5410	7	7	5428	58532
UNKNOWN	111	C	0.998894620486	G	0.000921149594694	1	5422	5	0	5428	58532
UNKNOWN	112	G	0.997789240973	C	0.00110537951363	4	6	5416	2	5428	58532
UNKNOWN	113	C	0.995394252027	T	0.00313190862196	5	5403	3	17	5428	58532
UNKNOWN	114	C	0.997420781135	A	0.00147383935151	8	5414	4	2	5428	58532
UNKNOWN	115	A	0.993367722918	G	0.00497420781135	5392	7	27	2	5428	58532
UNKNOWN	116	G	0.998157700811	A	0.00110537951363	6	2	5418	2	5428	58532
UNKNOWN	117	G	0.988761974945	A	0.00810611643331	44	15	5367	2	5428	58532
UNKNOWN	118	C	0.996868091378	T	0.00294767870302	1	5411	0	16	5428	58532
UNKNOWN	119	T	0.995762711864	C	0.0033161385409	4	18	1	5405	5428	58532
UNKNOWN	120	C	0.998157700811	A	0.000736919675755	4	5418	3	3	5428	58532
UNKNOWN	121	C	0.997605011054	A	0.00147383935151	8	5415	5	0	5428	58532
UNKNOWN	122	A	0.992630803242	G	0.0057111274871	5388	6	31	3	5428	58532
UNKNOWN	123	G	0.988209285188	C	0.00792188651437	21	43	5364	0	5428	58532
UNKNOWN	124	G	0.995210022108	A	0.00442151805453	24	1	5402	1	5428	58532
UNKNOWN	125	A	0.987472365512	G	0.00976418570376	5360	10	53	5	5428	58532
UNKNOWN	126	A	0.985445836404	G	0.0117907148121	5349	14	64	1	5428	58532
UNKNOWN	127	A	0.991709653648	G	0.00681650700074	5383	8	37	0	5428	58532
UNKNOWN	128	G	0.996315401621	A	0.00313190862196	17	3	5408	0	5428	58532
UNKNOWN	129	G	0.989314664702	C	0.00810611643331	13	44	5370	1	5428	58532
UNKNOWN	130	C	0.995762711864	G	0.00257921886514	1	5405	14	8	5428	58532
UNKNOWN	131	G	0.983050847458	C	0.0103168754606	30	56	5336	6	5428	58532
UNKNOWN	132	C	0.995762711864	T	0.00221075902727	4	5405	7	12	5428	58532
UNKNOWN	133	T	0.984524686809	G	0.00921149594694	3	31	50	5344	5428	58532
UNKNOWN	134	G	0.995210022108	A	0.00368459837878	20	1	5402	5	5428	58532
UNKNOWN	135	G	0.996131171702	C	0.00165806927045	8	9	5407	4	5428	58532
UNKNOWN	136	A	0.994657332351	G	0.00423728813559	5399	3	23	3	5428	58532
UNKNOWN	137	G	0.99484156227	A	0.00313190862196	17	3	5400	8	5428	58532
UNKNOWN	138	T	0.992078113486	G	0.00405305821665	1	20	22	5385	5428	58532
UNKNOWN	139	G	0.994288872513	C	0.00368459837878	4	20	5397	7	5428	58532
UNKNOWN	140	G	0.988946204864	C	0.00755342667649	3	41	5368	16	5428	58532
UNKNOWN	141	C	0.988946204864	G	0.00607958732498	16	5368	33	11	5428	58532
UNKNOWN	142	T	0.995025792189	C	0.00257921886514	3	14	10	5401	5428	58532
UNKNOWN	143	C	0.991525423729	T	0.0057111274871	4	5382	11	31	5428	58532
UNKNOWN	144	G	0.99299926308	A	0.00607958732498	33	2	5390	3	5428	58532
UNKNOWN	145	G	0.983971997052	C	0.0123434045689	6	67	5341	14	5428	58532
UNKNOWN	146	T	0.97918201916	G	0.0117907148121	17	32	64	5315	5428	58532
UNKNOWN	147	G	0.865512159175	A	0.0941414885777	511	114	4698	105	5428	58532
UNKNOWN	148	T	0.882645541636	A	0.0514001473839	279	196	162	4791	5428	58532
UNKNOWN	149	C	0.904200442152	T	0.0595062638172	165	4908	32	323	5428	58532
UNKNOWN	150	A	0.932756079587	G	0.0593220338983	5063	22	322	21	5428	58532
UNKNOWN	151	T	0.94104642594	C	0.0351879145173	50	191	79	5108	5428	58532
UNKNOWN	152	A	0.908806190125	G	0.0525055268976	4933	56	285	154	5428	58532
UNKNOWN	153	T	0.858879882093	G	0.0606116433309	255	182	329	4662	5428	58532
UNKNOWN	154	A	0.868828297716	G	0.0657700810612	4716	109	357	246	5428	58532
UNKNOWN	155	T	0.927229182019	C	0.0499263080324	24	271	100	5033	5428	58532
UNKNOWN	156	A	0.866617538688	G	0.110353721444	4704	55	599	70	5428	58532
UNKNOWN	157	G	0.774871039057	A	0.123618275608	671	407	4206	144	5428	58532
UNKNOWN	158	T	0.943625644805	A	0.0221075902727	120	66	120	5122	5428	58532
UNKNOWN	159	G	0.72218128224	A	0.21868091378	1187	250	3920	71	5428	58532
UNKNOWN	160	G	0.793294030951	A	0.141672807664	769	280	4306	73	5428	58532
UNKNOWN	161	T	0.957811348563	C	0.0189756816507	68	103	58	5199	5428	58532
UNKNOWN	162	G	0.986919675755	A	0.0116064848931	63	2	5357	6	5428	58532
UNKNOWN	163	G	0.973470891673	A	0.0232129697863	126	12	5284	6	5428	58532
UNKNOWN	164	A	0.957074428887	G	0.0346352247605	5195	20	188	25	5428	58532
UNKNOWN	165	A	0.910280029477	G	0.0687177597642	4941	106	373	8	5428	58532
UNKNOWN	166	G	0.695099484156	A	0.145541635962	790	513	3773	352	5428	58532
UNKNOWN	167	C	0.859616801769	T	0.0729550478998	206	4666	160	396	5428	58532
UNKNOWN	168	A	0.945283714075	G	0.0478997789241	5131	20	260	17	5428	58532
UNKNOWN	169	C	0.977523949889	T	0.0110537951363	31	5306	31	60	5428	58532
UNKNOWN	170	A	0.98618275608	G	0.00884303610906	5353	13	48	14	5428	58532
UNKNOWN	171	G	0.88190862196	A	0.0462417096536	251	144	4787	246	5428	58532
UNKNOWN	172	G	0.599299926308	A	0.277081798084	1504	461	3253	210	5428	58532
UNKNOWN	173	C	0.961495946942	T	0.0156595431098	55	5219	69	85	5428	58532
UNKNOWN	174	T	0.994104642594	C	0.00257921886514	12	14	6	5396	5428	58532
UNKNOWN	175	A	0.992630803242	T	0.00386882829772	5388	13	6	21	5428	58532
UNKNOWN	176	T	0.974392041268	C	0.0224760501105	10	122	7	5289	5428	58532
UNKNOWN	177	A	0.985630066323	G	0.00773765659543	5350	23	42	13	5428	58532
UNKNOWN	178	A	0.98434045689	G	0.0112380250553	5343	13	61	11	5428	58532
UNKNOWN	179	C	0.911016949153	T	0.0650331613854	33	4945	97	353	5428	58532
UNKNOWN	180	C	0.946020633751	T	0.0420044215181	16	5135	49	228	5428	58532
UNKNOWN	181	C	0.983050847458	T	0.0123434045689	16	5336	9	67	5428	58532
UNKNOWN	182	A	0.985261606485	C	0.00773765659543	5348	42	24	14	5428	58532
UNKNOWN	183	G	0.98268238762	A	0.00847457627119	46	20	5334	28	5428	58532
UNKNOWN	184	C	0.981945467944	T	0.0116064848931	6	5330	29	63	5428	58532
UNKNOWN	185	C	0.997605011054	T	0.000921149594694	4	5415	4	5	5428	58532
UNKNOWN	186	C	0.992630803242	T	0.00497420781135	6	5388	7	27	5428	58532
UNKNOWN	187	T	0.993736182756	G	0.00368459837878	4	10	20	5394	5428	58532
UNKNOWN	188	G	0.989130434783	A	0.00718496683861	39	4	5369	16	5428	58532
UNKNOWN	189	A	0.988577745026	G	0.00755342667649	5366	16	41	5	5428	58532
UNKNOWN	190	A	0.993183492999	C	0.00405305821665	5391	22	10	5	5428	58532
UNKNOWN	191	A	0.989314664702	G	0.00534266764923	5370	20	29	9	5428	58532
UNKNOWN	192	T	0.98618275608	C	0.0116064848931	6	63	6	5353	5428	58532
UNKNOWN	193	C	0.992262343405	A	0.00644804716286	35	5386	2	5	5428	58532
UNKNOWN	194	C	0.993367722918	T	0.00478997789241	4	5392	6	26	5428	58532
UNKNOWN	195	C	0.997052321297	G	0.00184229918939	1	5412	10	5	5428	58532
UNKNOWN	196	G	0.995946941783	A	0.00221075902727	12	5	5406	5	5428	58532
UNKNOWN	197	G	0.962969786293	A	0.0294767870302	160	31	5227	10	5428	58532
UNKNOWN	198	C	0.995210022108	T	0.0033161385409	6	5402	2	18	5428	58532
UNKNOWN	199	T	0.992815033161	C	0.00515843773029	4	28	7	5389	5428	58532
UNKNOWN	200	C	0.995025792189	A	0.00202652910833	11	5401	5	11	5428	58532
UNKNOWN	201	A	0.988393515107	G	0.00773765659543	5365	20	42	1	5428	58532
UNKNOWN	202	G	0.981945467944	C	0.00884303610906	37	48	5330	13	5428	58532
UNKNOWN	203	C	0.974576271186	T	0.0108695652174	48	5290	31	59	5428	58532
UNKNOWN	204	A	0.991709653648	G	0.00368459837878	5383	11	20	14	5428	58532
UNKNOWN	205	T	0.995025792189	C	0.00350036845984	6	19	2	5401	5428	58532
UNKNOWN	206	C	0.991709653648	T	0.00626381724392	10	5383	1	34	5428	58532
UNKNOWN	207	A	0.988761974945	T	0.00460574797347	5367	15	21	25	5428	58532
UNKNOWN	208	C	0.985814296242	G	0.00792188651437	10	5351	43	24	5428	58532
UNKNOWN	209	C	0.967943994105	T	0.018054532056	27	5254	49	98	5428	58532
UNKNOWN	210	A	0.988393515107	G	0.00644804716286	5365	28	35	0	5428	58532
UNKNOWN	211	A	0.985077376566	G	0.0132645541636	5347	5	72	4	5428	58532
UNKNOWN	212	G	0.982866617539	A	0.0140014738394	76	15	5335	2	5428	58532
UNKNOWN	213	G	0.979550478998	A	0.0184229918939	100	7	5317	4	5428	58532
UNKNOWN	214	A	0.989683124539	G	0.00589535740604	5372	14	32	10	5428	58532
UNKNOWN	215	C	0.973839351511	T	0.0169491525424	35	5286	15	92	5428	58532
UNKNOWN	216	A	0.971075902727	C	0.0191599115696	5271	104	29	24	5428	58532
UNKNOWN	217	A	0.98434045689	G	0.00865880619013	5343	31	47	7	5428	58532
UNKNOWN	218	C	0.98949889462	T	0.00773765659543	3	5371	12	42	5428	58532
UNKNOWN	219	T	0.990051584377	C	0.00423728813559	12	23	19	5374	5428	58532
UNKNOWN	220	C	0.99484156227	T	0.00276344878408	13	5400	0	15	5428	58532
UNKNOWN	221	C	0.987472365512	T	0.00957995578482	14	5360	2	52	5428	58532
UNKNOWN	222	A	0.980287398674	C	0.0101326455416	5321	55	51	1	5428	58532
UNKNOWN	223	A	0.982129697863	G	0.0125276344878	5331	23	68	6	5428	58532
UNKNOWN	224	G	0.984524686809	C	0.00792188651437	33	43	5344	8	5428	58532
UNKNOWN	225	A	0.988025055269	G	0.009027266028	5363	13	49	3	5428	58532
UNKNOWN	226	G	0.948047162859	A	0.0445836403832	242	32	5146	8	5428	58532
UNKNOWN	227	C	0.956153279293	T	0.0381355932203	11	5190	20	207	5428	58532
UNKNOWN	228	C	0.994473102432	A	0.00294767870302	16	5398	12	2	5428	58532
UNKNOWN	229	A	0.99484156227	G	0.00313190862196	5400	7	17	4	5428	58532
UNKNOWN	230	A	0.986735445836	G	0.0116064848931	5356	4	63	5	5428	58532
UNKNOWN	231	G	0.969049373618	C	0.0123434045689	66	67	5260	35	5428	58532
UNKNOWN	232	T	0.992078113486	C	0.00552689756817	6	30	7	5385	5428	58532
UNKNOWN	233	C	0.97052321297	G	0.0195283714075	11	5268	106	43	5428	58532
UNKNOWN	234	T	0.992078113486	C	0.00442151805453	8	24	11	5385	5428	58532
UNKNOWN	235	C	0.989683124539	T	0.00829034635225	10	5372	1	45	5428	58532
UNKNOWN	236	T	0.981392778187	C	0.0140014738394	13	76	12	5327	5428	58532
UNKNOWN	237	C	0.983971997052	T	0.0127118644068	6	5341	12	69	5428	58532
UNKNOWN	238	T	0.995578481945	A	0.00221075902727	12	8	4	5404	5428	58532
UNKNOWN	239	A	0.835482682388	G	0.148857774503	4535	27	808	58	5428	58532
UNKNOWN	240	T	0.977523949889	A	0.0130803242447	71	27	24	5306	5428	58532
UNKNOWN	241	C	0.969417833456	T	0.027081798084	17	5262	2	147	5428	58532
UNKNOWN	242	A	0.983971997052	G	0.0114222549742	5341	18	62	7	5428	58532
UNKNOWN	243	C	0.844141488578	G	0.134119380987	52	4582	728	66	5428	58532
UNKNOWN	244	T	0.995578481945	G	0.00294767870302	5	3	16	5404	5428	58532
UNKNOWN	245	G	0.970338983051	A	0.0230287398674	125	10	5267	26	5428	58532
UNKNOWN	246	A	0.987103905674	G	0.0099484156227	5358	14	54	2	5428	58532
UNKNOWN	247	G	0.961495946942	A	0.0261606484893	142	54	5219	13	5428	58532
UNKNOWN	248	C	0.975128960943	T	0.0163964627856	28	5293	18	89	5428	58532
UNKNOWN	249	A	0.98618275608	G	0.0106853352985	5353	15	58	2	5428	58532
UNKNOWN	250	G	0.98784082535	C	0.0066322770818	21	36	5362	9	5428	58532
UNKNOWN	251	C	0.99134119381	T	0.00534266764923	4	5381	14	29	5428	58532
UNKNOWN	252	G	0.988761974945	A	0.00792188651437	43	5	5367	13	5428	58532
UNKNOWN	253	T	0.989130434783	C	0.00718496683861	4	39	16	5369	5428	58532
UNKNOWN	254	G	0.940862196021	A	0.0298452468681	162	39	5107	120	5428	58532
UNKNOWN	255	A	0.977523949889	G	0.0156595431098	5306	12	85	25	5428	58532
UNKNOWN	256	C	0.990051584377	G	0.00368459837878	16	5374	20	18	5428	58532
UNKNOWN	257	A	0.96186440678	G	0.0281871775976	5221	24	153	30	5428	58532
UNKNOWN	258	A	0.88706705969	C	0.0959837877671	4815	521	63	29	5428	58532
UNKNOWN	259	C	0.94970523213	G	0.0296610169492	21	5155	161	91	5428	58532
UNKNOWN	260	T	0.960574797347	C	0.0248710390567	19	135	60	5214	5428	58532
UNKNOWN	261	G	0.986551215917	A	0.00865880619013	47	16	5355	10	5428	58532
UNKNOWN	262	A	0.983787767133	G	0.00939572586588	5340	27	51	10	5428	58532
UNKNOWN	263	G	0.948968312454	A	0.0254237288136	138	105	5151	34	5428	58532
UNKNOWN	264	G	0.984156226971	A	0.0123434045689	67	4	5342	15	5428	58532
UNKNOWN	265	A	0.990420044215	C	0.00552689756817	5376	30	18	4	5428	58532
UNKNOWN	266	C	0.980655858511	T	0.00957995578482	33	5323	20	52	5428	58532
UNKNOWN	267	A	0.968865143699	G	0.0167649226234	5259	16	91	62	5428	58532
UNKNOWN	268	C	0.988209285188	G	0.00534266764923	13	5364	29	22	5428	58532
UNKNOWN	269	G	0.973655121592	A	0.0202652910833	110	14	5285	19	5428	58532
UNKNOWN	270	G	0.99299926308	C	0.0023949889462	12	13	5390	13	5428	58532
UNKNOWN	271	C	0.988577745026	G	0.0066322770818	19	5366	36	7	5428	58532
UNKNOWN	272	C	0.987656595431	A	0.00589535740604	32	5361	9	26	5428	58532
UNKNOWN	273	A	0.991525423729	G	0.00386882829772	5382	14	21	11	5428	58532
UNKNOWN	274	C	0.984708916728	T	0.00644804716286	34	5345	14	35	5428	58532
UNKNOWN	275	A	0.974392041268	G	0.0125276344878	5289	37	68	34	5428	58532
UNKNOWN	276	T	0.988393515107	A	0.00478997789241	26	21	16	5365	5428	58532
UNKNOWN	277	A	0.986551215917	T	0.00644804716286	5355	24	14	35	5428	58532
UNKNOWN	278	C	0.964075165807	T	0.0335298452469	8	5233	5	182	5428	58532
UNKNOWN	279	T	0.981392778187	C	0.0066322770818	31	36	34	5327	5428	58532
UNKNOWN	280	A	0.970707442889	C	0.0130803242447	5269	71	26	62	5428	58532
UNKNOWN	281	C	0.969049373618	T	0.0278187177598	9	5260	8	151	5428	58532
UNKNOWN	282	T	0.987103905674	G	0.0099484156227	10	6	54	5358	5428	58532
