Type	Position	Nucl1	Freq1	Nucl2	Freq2	NumAs	NumCs	NumGs	NumTs	NumAligned	NumNaive
UNKNOWN	0	C	1.0	A	0.0	0	27360	0	0	27360	107533
UNKNOWN	1	A	1.0	C	0.0	27360	0	0	0	27360	107533
UNKNOWN	2	G	1.0	A	0.0	0	0	27360	0	27360	107533
UNKNOWN	3	G	1.0	A	0.0	0	0	27360	0	27360	107533
UNKNOWN	4	T	1.0	A	0.0	0	0	0	27360	27360	107533
UNKNOWN	5	G	1.0	A	0.0	0	0	27360	0	27360	107533
UNKNOWN	6	C	1.0	A	0.0	0	27360	0	0	27360	107533
UNKNOWN	7	A	0.997478070175	G	0.00190058479532	27291	9	52	8	27360	107533
UNKNOWN	8	G	0.988596491228	A	0.00763888888889	209	77	27048	26	27360	107533
UNKNOWN	9	C	0.995211988304	T	0.00263157894737	7	27229	52	72	27360	107533
UNKNOWN	10	T	0.99923245614	C	0.000548245614035	5	15	1	27339	27360	107533
UNKNOWN	11	G	0.997185672515	A	0.00175438596491	48	14	27283	15	27360	107533
UNKNOWN	12	C	0.998538011696	T	0.00113304093567	3	27320	6	31	27360	107533
UNKNOWN	13	G	0.997660818713	A	0.00193713450292	53	5	27296	6	27360	107533
UNKNOWN	14	G	0.885416666667	C	0.113084795322	35	3094	24225	6	27360	107533
UNKNOWN	15	G	0.998538011696	C	0.00102339181287	10	28	27320	2	27360	107533
UNKNOWN	16	A	0.997441520468	G	0.0014985380117	27290	22	41	7	27360	107533
UNKNOWN	17	G	0.99100877193	A	0.00730994152047	200	41	27114	5	27360	107533
UNKNOWN	18	T	0.996747076023	G	0.0015350877193	8	39	42	27271	27360	107533
UNKNOWN	19	C	0.999049707602	T	0.00062134502924	3	27334	6	17	27360	107533
UNKNOWN	20	G	0.997733918129	A	0.00164473684211	45	11	27298	6	27360	107533
UNKNOWN	21	G	0.997916666667	C	0.00175438596491	6	48	27303	3	27360	107533
UNKNOWN	22	G	0.999049707602	C	0.000584795321637	8	16	27334	2	27360	107533
UNKNOWN	23	C	0.998976608187	T	0.000657894736842	4	27332	6	18	27360	107533
UNKNOWN	24	C	0.999634502924	T	0.000292397660819	1	27350	1	8	27360	107533
UNKNOWN	25	C	0.999342105263	T	0.000402046783626	5	27342	2	11	27360	107533
UNKNOWN	26	C	0.998684210526	T	0.00062134502924	14	27324	5	17	27360	107533
UNKNOWN	27	A	0.996710526316	G	0.00241228070175	27270	23	66	1	27360	107533
UNKNOWN	28	G	0.990533625731	A	0.00614035087719	168	75	27101	16	27360	107533
UNKNOWN	29	C	0.996271929825	T	0.00354532163743	3	27258	2	97	27360	107533
UNKNOWN	30	C	0.998099415205	T	0.00127923976608	3	27308	14	35	27360	107533
UNKNOWN	31	T	0.996783625731	C	0.00204678362573	12	56	20	27272	27360	107533
UNKNOWN	32	G	0.994042397661	A	0.00434941520468	119	24	27197	20	27360	107533
UNKNOWN	33	G	0.996454678363	A	0.00179093567251	49	33	27263	15	27360	107533
UNKNOWN	34	T	0.997039473684	C	0.00211988304094	4	58	19	27279	27360	107533
UNKNOWN	35	G	0.997441520468	A	0.00186403508772	51	12	27290	7	27360	107533
UNKNOWN	36	A	0.996600877193	C	0.00237573099415	27267	65	22	6	27360	107533
UNKNOWN	37	A	0.993201754386	G	0.00445906432749	27174	60	122	4	27360	107533
UNKNOWN	38	G	0.997295321637	A	0.00171783625731	47	25	27286	2	27360	107533
UNKNOWN	39	C	0.995760233918	T	0.00303362573099	12	27244	21	83	27360	107533
UNKNOWN	40	C	0.999597953216	T	0.000328947368421	1	27349	1	9	27360	107533
UNKNOWN	41	C	0.995248538012	G	0.00274122807018	1	27230	75	54	27360	107533
UNKNOWN	42	T	0.997222222222	C	0.00237573099415	7	65	4	27284	27360	107533
UNKNOWN	43	C	0.99894005848	A	0.000548245614035	15	27331	1	13	27360	107533
UNKNOWN	44	A	0.996564327485	G	0.00208333333333	27266	32	57	5	27360	107533
UNKNOWN	45	C	0.99740497076	G	0.0015350877193	23	27289	42	6	27360	107533
UNKNOWN	46	A	0.997002923977	G	0.0014985380117	27278	37	41	4	27360	107533
UNKNOWN	47	G	0.996271929825	A	0.00288742690058	79	22	27258	1	27360	107533
UNKNOWN	48	A	0.996198830409	G	0.00208333333333	27256	41	57	6	27360	107533
UNKNOWN	49	C	0.99725877193	T	0.00102339181287	19	27285	28	28	27360	107533
UNKNOWN	50	C	0.997624269006	T	0.0014985380117	5	27295	19	41	27360	107533
UNKNOWN	51	C	0.998866959064	T	0.00102339181287	1	27329	2	28	27360	107533
UNKNOWN	52	T	0.997076023392	C	0.00277777777778	3	76	1	27280	27360	107533
UNKNOWN	53	C	0.998355263158	T	0.00113304093567	3	27315	11	31	27360	107533
UNKNOWN	54	T	0.995979532164	C	0.0031067251462	6	85	19	27250	27360	107533
UNKNOWN	55	C	0.997478070175	T	0.00219298245614	6	27291	3	60	27360	107533
UNKNOWN	56	C	0.994919590643	T	0.00402046783626	4	27221	25	110	27360	107533
UNKNOWN	57	C	0.997112573099	G	0.0016081871345	7	27281	44	28	27360	107533
UNKNOWN	58	T	0.997551169591	C	0.00222953216374	4	61	2	27293	27360	107533
UNKNOWN	59	C	0.998062865497	A	0.000913742690058	25	27307	5	23	27360	107533
UNKNOWN	60	A	0.997076023392	G	0.00142543859649	27280	38	39	3	27360	107533
UNKNOWN	61	C	0.996308479532	T	0.00255847953216	2	27259	29	70	27360	107533
UNKNOWN	62	C	0.993859649123	T	0.00398391812865	18	27192	41	109	27360	107533
UNKNOWN	63	T	0.997551169591	C	0.00168128654971	1	46	20	27293	27360	107533
UNKNOWN	64	G	0.998720760234	C	0.000694444444444	12	19	27325	4	27360	107533
UNKNOWN	65	C	0.997368421053	T	0.00201023391813	17	27288	0	55	27360	107533
UNKNOWN	66	A	0.993055555556	G	0.00372807017544	27170	45	102	43	27360	107533
UNKNOWN	67	C	0.995467836257	T	0.00336257309942	10	27236	22	92	27360	107533
UNKNOWN	68	G	0.989035087719	A	0.00891812865497	244	41	27060	15	27360	107533
UNKNOWN	69	G	0.656213450292	A	0.339802631579	9297	68	17954	41	27360	107533
UNKNOWN	70	T	0.991228070175	C	0.0077485380117	5	212	23	27120	27360	107533
UNKNOWN	71	C	0.981542397661	G	0.00928362573099	30	26855	254	221	27360	107533
UNKNOWN	72	T	0.996308479532	C	0.00277777777778	2	76	23	27259	27360	107533
UNKNOWN	73	C	0.997222222222	T	0.00146198830409	33	27284	3	40	27360	107533
UNKNOWN	74	T	0.994188596491	C	0.00350877192982	11	96	52	27201	27360	107533
UNKNOWN	75	G	0.995102339181	A	0.00438596491228	120	11	27226	3	27360	107533
UNKNOWN	76	G	0.993859649123	A	0.00478801169591	131	30	27192	7	27360	107533
UNKNOWN	77	A	0.990606725146	G	0.00438596491228	27103	80	120	57	27360	107533
UNKNOWN	78	T	0.991520467836	G	0.00423976608187	21	95	116	27128	27360	107533
UNKNOWN	79	T	0.993311403509	C	0.00599415204678	3	164	16	27177	27360	107533
UNKNOWN	80	C	0.990752923977	T	0.00690789473684	18	27107	46	189	27360	107533
UNKNOWN	81	T	0.993165204678	C	0.00519005847953	9	142	36	27173	27360	107533
UNKNOWN	82	C	0.994846491228	T	0.00380116959064	37	27219	0	104	27360	107533
UNKNOWN	83	A	0.992214912281	G	0.0030701754386	27147	62	84	67	27360	107533
UNKNOWN	84	T	0.992872807018	C	0.00519005847953	29	142	24	27165	27360	107533
UNKNOWN	85	T	0.995687134503	C	0.00270467836257	8	74	36	27242	27360	107533
UNKNOWN	86	G	0.980701754386	A	0.0171783625731	470	21	26832	37	27360	107533
UNKNOWN	87	A	0.989546783626	G	0.00738304093567	27074	70	202	14	27360	107533
UNKNOWN	88	G	0.946052631579	A	0.0302631578947	828	546	25884	102	27360	107533
UNKNOWN	89	C	0.959283625731	T	0.0264985380117	148	26246	241	725	27360	107533
UNKNOWN	90	A	0.977010233918	G	0.0164839181287	26731	161	451	17	27360	107533
UNKNOWN	91	G	0.854824561404	A	0.0974415204678	2666	986	23388	320	27360	107533
UNKNOWN	92	C	0.955263157895	T	0.0303728070175	247	26136	146	831	27360	107533
UNKNOWN	93	T	0.970394736842	A	0.0122076023392	334	254	222	26550	27360	107533
UNKNOWN	94	A	0.963194444444	G	0.0186403508772	26353	270	510	227	27360	107533
UNKNOWN	95	T	0.989802631579	C	0.00577485380117	31	158	90	27081	27360	107533
UNKNOWN	96	G	0.892726608187	A	0.078764619883	2155	349	24425	431	27360	107533
UNKNOWN	97	C	0.906761695906	G	0.0437865497076	460	24809	1198	893	27360	107533
UNKNOWN	98	T	0.993347953216	G	0.00332602339181	8	83	91	27178	27360	107533
UNKNOWN	99	G	0.972441520468	A	0.0231725146199	634	30	26606	90	27360	107533
UNKNOWN	100	T	0.994554093567	C	0.00372807017544	22	102	25	27211	27360	107533
UNKNOWN	101	A	0.972697368421	G	0.0181286549708	26613	128	496	123	27360	107533
UNKNOWN	102	G	0.933625730994	A	0.0573099415205	1568	165	25544	83	27360	107533
UNKNOWN	103	G	0.866228070175	A	0.0913377192982	2499	811	23700	350	27360	107533
UNKNOWN	104	C	0.983698830409	T	0.00844298245614	74	26914	141	231	27360	107533
UNKNOWN	105	T	0.997916666667	G	0.00120614035088	1	23	33	27303	27360	107533
UNKNOWN	106	G	0.99923245614	A	0.000402046783626	11	5	27339	5	27360	107533
UNKNOWN	107	G	0.999195906433	T	0.000438596491228	5	5	27338	12	27360	107533
UNKNOWN	108	G	0.983881578947	A	0.0102704678363	281	107	26919	53	27360	107533
UNKNOWN	109	T	0.995394736842	C	0.00416666666667	4	114	8	27234	27360	107533
UNKNOWN	110	C	0.997551169591	T	0.00164473684211	7	27293	15	45	27360	107533
UNKNOWN	111	C	0.998464912281	G	0.000986842105263	2	27318	27	13	27360	107533
UNKNOWN	112	G	0.998282163743	C	0.00127923976608	11	35	27313	1	27360	107533
UNKNOWN	113	C	0.996856725146	T	0.00230263157895	11	27274	12	63	27360	107533
UNKNOWN	114	C	0.99817251462	A	0.00124269005848	34	27310	5	11	27360	107533
UNKNOWN	115	A	0.994334795322	G	0.00486111111111	27205	13	133	9	27360	107533
UNKNOWN	116	G	0.997697368421	A	0.00175438596491	48	12	27297	3	27360	107533
UNKNOWN	117	G	0.986366959064	A	0.0106359649123	291	64	26987	18	27360	107533
UNKNOWN	118	C	0.996783625731	T	0.00230263157895	0	27272	25	63	27360	107533
UNKNOWN	119	T	0.99451754386	C	0.00394736842105	10	108	32	27210	27360	107533
UNKNOWN	120	C	0.997880116959	T	0.00113304093567	18	27302	9	31	27360	107533
UNKNOWN	121	C	0.997587719298	G	0.0014985380117	7	27294	41	18	27360	107533
UNKNOWN	122	G	0.981140350877	A	0.0184210526316	504	4	26844	8	27360	107533
UNKNOWN	123	G	0.998501461988	A	0.000877192982456	24	8	27319	9	27360	107533
UNKNOWN	124	G	0.995979532164	A	0.00358187134503	98	9	27250	3	27360	107533
UNKNOWN	125	G	0.986184210526	A	0.0130116959064	356	15	26982	7	27360	107533
UNKNOWN	126	A	0.998464912281	G	0.00116959064327	27318	9	32	1	27360	107533
UNKNOWN	127	A	0.99192251462	G	0.00712719298246	27139	23	195	3	27360	107533
UNKNOWN	128	G	0.998099415205	A	0.00116959064327	32	18	27308	2	27360	107533
UNKNOWN	129	G	0.990679824561	A	0.00555555555556	152	85	27105	18	27360	107533
UNKNOWN	130	C	0.995065789474	G	0.00259502923977	9	27225	71	55	27360	107533
UNKNOWN	131	G	0.98048245614	A	0.0137792397661	377	137	26826	20	27360	107533
UNKNOWN	132	C	0.988706140351	T	0.0093567251462	15	27051	38	256	27360	107533
UNKNOWN	133	T	0.992543859649	G	0.00387426900585	7	91	106	27156	27360	107533
UNKNOWN	134	G	0.980811403509	A	0.0164108187135	449	30	26835	46	27360	107533
UNKNOWN	135	G	0.996308479532	A	0.00233918128655	64	32	27259	5	27360	107533
UNKNOWN	136	A	0.995248538012	G	0.00328947368421	27230	24	90	16	27360	107533
UNKNOWN	137	G	0.957346491228	A	0.0366959064327	1004	87	26193	76	27360	107533
UNKNOWN	138	T	0.996454678363	G	0.00233918128655	6	27	64	27263	27360	107533
UNKNOWN	139	G	0.997039473684	A	0.0015716374269	43	13	27279	25	27360	107533
UNKNOWN	140	G	0.994042397661	C	0.00365497076023	17	100	27197	46	27360	107533
UNKNOWN	141	G	0.91889619883	A	0.0613669590643	1679	478	25141	62	27360	107533
UNKNOWN	142	T	0.997697368421	C	0.00146198830409	3	40	20	27297	27360	107533
UNKNOWN	143	T	0.978399122807	G	0.0100511695906	48	268	275	26769	27360	107533
UNKNOWN	144	G	0.995650584795	A	0.00347222222222	95	4	27241	20	27360	107533
UNKNOWN	145	G	0.988742690058	C	0.00851608187135	10	233	27052	65	27360	107533
UNKNOWN	146	T	0.959429824561	C	0.0180921052632	181	495	434	26250	27360	107533
UNKNOWN	147	G	0.834429824561	A	0.140021929825	3831	183	22830	516	27360	107533
UNKNOWN	148	G	0.784685672515	A	0.141849415205	3881	1298	21469	712	27360	107533
UNKNOWN	149	T	0.929312865497	A	0.0290570175439	795	364	775	25426	27360	107533
UNKNOWN	150	A	0.941228070175	G	0.0514985380117	25752	70	1409	129	27360	107533
UNKNOWN	151	T	0.989400584795	C	0.00398391812865	94	109	87	27070	27360	107533
UNKNOWN	152	A	0.928764619883	G	0.0396198830409	25411	321	1084	544	27360	107533
UNKNOWN	153	A	0.900402046784	G	0.081432748538	24635	384	2228	113	27360	107533
UNKNOWN	154	G	0.862390350877	A	0.0872441520468	2387	1094	23595	284	27360	107533
UNKNOWN	155	T	0.945065789474	C	0.0228801169591	411	626	466	25857	27360	107533
UNKNOWN	156	A	0.805774853801	G	0.169444444444	22046	480	4636	198	27360	107533
UNKNOWN	157	G	0.854751461988	C	0.0661184210526	1551	1809	23386	614	27360	107533
UNKNOWN	158	T	0.95548245614	G	0.0216739766082	344	281	593	26142	27360	107533
UNKNOWN	159	G	0.761001461988	A	0.186111111111	5092	1007	20821	440	27360	107533
UNKNOWN	160	G	0.809576023392	A	0.112682748538	3083	1599	22150	528	27360	107533
UNKNOWN	161	T	0.962828947368	G	0.0161915204678	256	318	443	26343	27360	107533
UNKNOWN	162	G	0.989108187135	A	0.00924707602339	253	24	27062	21	27360	107533
UNKNOWN	163	G	0.98230994152	A	0.0137792397661	377	57	26876	50	27360	107533
UNKNOWN	164	A	0.956067251462	G	0.0306286549708	26158	127	838	237	27360	107533
UNKNOWN	165	A	0.925621345029	G	0.0618786549708	25325	234	1693	108	27360	107533
UNKNOWN	166	G	0.740131578947	A	0.141228070175	3864	2013	20250	1233	27360	107533
UNKNOWN	167	C	0.865131578947	T	0.0532894736842	875	23670	1357	1458	27360	107533
UNKNOWN	168	A	0.97514619883	G	0.0134137426901	26680	237	367	76	27360	107533
UNKNOWN	169	C	0.959576023392	T	0.0264254385965	206	26254	177	723	27360	107533
UNKNOWN	170	A	0.985160818713	G	0.0078216374269	26954	74	214	118	27360	107533
UNKNOWN	171	T	0.977997076023	G	0.0127558479532	137	116	349	26758	27360	107533
UNKNOWN	172	G	0.973976608187	A	0.0191885964912	525	116	26648	71	27360	107533
UNKNOWN	173	C	0.976937134503	T	0.0171052631579	26	26729	137	468	27360	107533
UNKNOWN	174	C	0.972514619883	T	0.021235380117	113	26608	58	581	27360	107533
UNKNOWN	175	T	0.970102339181	A	0.0133771929825	366	217	235	26542	27360	107533
UNKNOWN	176	T	0.958187134503	C	0.0161184210526	317	441	386	26216	27360	107533
UNKNOWN	177	A	0.985160818713	C	0.00661549707602	26954	181	142	83	27360	107533
UNKNOWN	178	A	0.988340643275	G	0.00668859649123	27041	118	183	18	27360	107533
UNKNOWN	179	C	0.87134502924	T	0.110380116959	65	23840	435	3020	27360	107533
UNKNOWN	180	C	0.930153508772	T	0.0382675438596	210	25449	654	1047	27360	107533
UNKNOWN	181	C	0.986695906433	T	0.00577485380117	136	26996	70	158	27360	107533
UNKNOWN	182	A	0.985709064327	G	0.00811403508772	26969	139	222	30	27360	107533
UNKNOWN	183	G	0.976864035088	A	0.0169225146199	463	111	26727	59	27360	107533
UNKNOWN	184	C	0.978581871345	T	0.0122807017544	36	26774	214	336	27360	107533
UNKNOWN	185	C	0.997916666667	T	0.00146198830409	10	27303	7	40	27360	107533
UNKNOWN	186	C	0.993055555556	T	0.00555555555556	6	27170	32	152	27360	107533
UNKNOWN	187	T	0.993859649123	G	0.0031067251462	62	21	85	27192	27360	107533
UNKNOWN	188	G	0.973830409357	A	0.0214546783626	587	32	26644	97	27360	107533
UNKNOWN	189	A	0.986805555556	G	0.00741959064327	26999	106	203	52	27360	107533
UNKNOWN	190	A	0.990387426901	C	0.00427631578947	27097	117	104	42	27360	107533
UNKNOWN	191	A	0.990168128655	G	0.00434941520468	27091	66	119	84	27360	107533
UNKNOWN	192	T	0.990058479532	C	0.00665204678363	25	182	65	27088	27360	107533
UNKNOWN	193	C	0.992726608187	T	0.00570175438596	35	27161	8	156	27360	107533
UNKNOWN	194	C	0.988888888889	T	0.00676169590643	42	27056	77	185	27360	107533
UNKNOWN	195	C	0.996016081871	G	0.00288742690058	12	27251	79	18	27360	107533
UNKNOWN	196	G	0.997331871345	A	0.00113304093567	31	27	27287	15	27360	107533
UNKNOWN	197	G	0.933954678363	A	0.050365497076	1378	260	25553	169	27360	107533
UNKNOWN	198	C	0.982858187135	T	0.00851608187135	65	26891	171	233	27360	107533
UNKNOWN	199	T	0.992470760234	C	0.00497076023392	39	136	31	27154	27360	107533
UNKNOWN	200	C	0.989473684211	T	0.00445906432749	96	27072	70	122	27360	107533
UNKNOWN	201	A	0.989071637427	G	0.00767543859649	27061	79	210	10	27360	107533
UNKNOWN	202	G	0.970687134503	C	0.0180921052632	114	495	26558	193	27360	107533
UNKNOWN	203	C	0.942507309942	T	0.0417397660819	223	25787	208	1142	27360	107533
UNKNOWN	204	A	0.983954678363	G	0.0103801169591	26921	76	284	79	27360	107533
UNKNOWN	205	T	0.994736842105	C	0.00343567251462	24	94	26	27216	27360	107533
UNKNOWN	206	C	0.986549707602	T	0.00826023391813	124	26992	18	226	27360	107533
UNKNOWN	207	A	0.987134502924	G	0.0062134502924	27008	119	170	63	27360	107533
UNKNOWN	208	C	0.984539473684	G	0.00844298245614	74	26937	231	118	27360	107533
UNKNOWN	209	C	0.962536549708	T	0.0179093567251	166	26335	369	490	27360	107533
UNKNOWN	210	A	0.989839181287	G	0.00555555555556	27082	116	152	10	27360	107533
UNKNOWN	211	A	0.984064327485	G	0.0134137426901	26924	49	367	20	27360	107533
UNKNOWN	212	G	0.984247076023	A	0.013048245614	357	56	26929	18	27360	107533
UNKNOWN	213	G	0.989948830409	A	0.00800438596491	219	32	27085	24	27360	107533
UNKNOWN	214	A	0.991812865497	C	0.00402046783626	27136	110	67	47	27360	107533
UNKNOWN	215	C	0.976352339181	T	0.0116959064327	134	26713	193	320	27360	107533
UNKNOWN	216	A	0.984283625731	G	0.0093567251462	26930	105	256	69	27360	107533
UNKNOWN	217	A	0.979970760234	G	0.012134502924	26812	149	332	67	27360	107533
UNKNOWN	218	C	0.974415204678	T	0.0184576023392	8	26660	187	505	27360	107533
UNKNOWN	219	T	0.989729532164	C	0.00493421052632	61	135	85	27079	27360	107533
UNKNOWN	220	C	0.993786549708	T	0.00321637426901	72	27190	10	88	27360	107533
UNKNOWN	221	C	0.98644005848	T	0.00716374269006	126	26989	49	196	27360	107533
UNKNOWN	222	A	0.986111111111	G	0.00793128654971	26980	161	217	2	27360	107533
UNKNOWN	223	A	0.984722222222	G	0.0135599415205	26942	29	371	18	27360	107533
UNKNOWN	224	G	0.98673245614	A	0.00752923976608	206	123	26997	34	27360	107533
UNKNOWN	225	A	0.987938596491	G	0.0093932748538	27030	63	257	10	27360	107533
UNKNOWN	226	G	0.948282163743	A	0.0418859649123	1146	245	25945	24	27360	107533
UNKNOWN	227	C	0.957054093567	T	0.035014619883	82	26185	135	958	27360	107533
UNKNOWN	228	C	0.989546783626	G	0.00577485380117	123	27074	158	5	27360	107533
UNKNOWN	229	A	0.993384502924	G	0.00332602339181	27179	38	91	52	27360	107533
UNKNOWN	230	A	0.971747076023	G	0.0245614035088	26587	60	672	41	27360	107533
UNKNOWN	231	G	0.963194444444	A	0.0184576023392	505	270	26353	232	27360	107533
UNKNOWN	232	T	0.99283625731	C	0.00570175438596	16	156	24	27164	27360	107533
UNKNOWN	233	C	0.965570175439	T	0.0171052631579	57	26418	417	468	27360	107533
UNKNOWN	234	T	0.990826023392	C	0.00522660818713	24	143	84	27109	27360	107533
UNKNOWN	235	C	0.987975146199	T	0.010014619883	52	27031	3	274	27360	107533
UNKNOWN	236	T	0.980116959064	C	0.0121710526316	47	333	164	26816	27360	107533
UNKNOWN	237	C	0.991630116959	T	0.00584795321637	23	27131	46	160	27360	107533
UNKNOWN	238	T	0.994956140351	G	0.00336257309942	10	36	92	27222	27360	107533
UNKNOWN	239	G	0.945869883041	A	0.0388157894737	1062	222	25879	197	27360	107533
UNKNOWN	240	T	0.988815789474	A	0.00427631578947	117	110	79	27054	27360	107533
UNKNOWN	241	C	0.981359649123	T	0.0144736842105	90	26850	24	396	27360	107533
UNKNOWN	242	A	0.97850877193	G	0.0137061403509	26772	119	375	94	27360	107533
UNKNOWN	243	G	0.902192982456	C	0.0511695906433	997	1400	24684	279	27360	107533
UNKNOWN	244	T	0.991483918129	G	0.00391081871345	32	94	107	27127	27360	107533
UNKNOWN	245	G	0.966410818713	A	0.0225511695906	617	175	26441	127	27360	107533
UNKNOWN	246	A	0.979714912281	G	0.0125730994152	26805	179	344	32	27360	107533
UNKNOWN	247	G	0.916337719298	A	0.0570175438596	1560	561	25071	168	27360	107533
UNKNOWN	248	C	0.954714912281	T	0.0288742690058	272	26121	177	790	27360	107533
UNKNOWN	249	A	0.983187134503	G	0.0129385964912	26900	94	354	12	27360	107533
UNKNOWN	250	G	0.970102339181	C	0.0141812865497	386	388	26542	44	27360	107533
UNKNOWN	251	C	0.982565789474	T	0.0115131578947	39	26883	123	315	27360	107533
UNKNOWN	252	G	0.985891812865	A	0.0077850877193	213	80	26974	93	27360	107533
UNKNOWN	253	T	0.987280701754	C	0.00734649122807	30	201	117	27012	27360	107533
UNKNOWN	254	G	0.956980994152	A	0.0320175438596	876	134	26183	167	27360	107533
UNKNOWN	255	A	0.980409356725	G	0.0126461988304	26824	107	346	83	27360	107533
UNKNOWN	256	C	0.985087719298	T	0.00639619883041	142	26952	91	175	27360	107533
UNKNOWN	257	A	0.969225146199	G	0.018567251462	26518	195	508	139	27360	107533
UNKNOWN	258	C	0.69375	A	0.285416666667	7809	18981	340	230	27360	107533
UNKNOWN	259	C	0.962609649123	T	0.0198099415205	68	26337	413	542	27360	107533
UNKNOWN	260	T	0.970029239766	C	0.0159722222222	75	437	308	26540	27360	107533
UNKNOWN	261	G	0.989802631579	A	0.00749269005848	205	27	27081	47	27360	107533
UNKNOWN	262	A	0.986915204678	G	0.0093567251462	27002	80	256	22	27360	107533
UNKNOWN	263	G	0.942507309942	A	0.0341739766082	935	504	25787	134	27360	107533
UNKNOWN	264	G	0.991483918129	A	0.00566520467836	155	24	27127	54	27360	107533
UNKNOWN	265	A	0.991374269006	C	0.00533625730994	27124	146	66	24	27360	107533
UNKNOWN	266	C	0.976023391813	T	0.0139985380117	199	26704	74	383	27360	107533
UNKNOWN	267	A	0.966557017544	T	0.0166301169591	26445	104	356	455	27360	107533
UNKNOWN	268	C	0.990972222222	G	0.0046783625731	55	27113	128	64	27360	107533
UNKNOWN	269	G	0.937426900585	A	0.0570175438596	1560	90	25648	62	27360	107533
UNKNOWN	270	G	0.991045321637	C	0.00427631578947	54	117	27115	74	27360	107533
UNKNOWN	271	C	0.991630116959	A	0.00387426900585	106	27131	106	17	27360	107533
UNKNOWN	272	C	0.988486842105	A	0.00592105263158	162	27045	45	108	27360	107533
UNKNOWN	273	A	0.98932748538	G	0.0046783625731	27068	99	128	65	27360	107533
UNKNOWN	274	C	0.98139619883	A	0.0077485380117	212	26851	102	195	27360	107533
UNKNOWN	275	A	0.966228070175	G	0.0188596491228	26436	188	516	220	27360	107533
UNKNOWN	276	T	0.991410818713	A	0.00405701754386	111	54	70	27125	27360	107533
UNKNOWN	277	A	0.990789473684	C	0.00519005847953	27108	142	43	67	27360	107533
UNKNOWN	278	C	0.934649122807	T	0.0622807017544	58	25572	26	1704	27360	107533
UNKNOWN	279	T	0.985270467836	C	0.00661549707602	136	181	86	26957	27360	107533
UNKNOWN	280	A	0.976644736842	T	0.0115862573099	26721	230	92	317	27360	107533
UNKNOWN	281	C	0.960380116959	T	0.0363669590643	34	26276	55	995	27360	107533
UNKNOWN	282	T	0.988596491228	G	0.00873538011696	45	28	239	27048	27360	107533
