Type	Position	Nucl1	Freq1	Nucl2	Freq2	NumAs	NumCs	NumGs	NumTs	NumAligned	NumNaive
UNKNOWN	0	C	1.0	A	0.0	0	31929	0	0	31929	107533
UNKNOWN	1	A	1.0	C	0.0	31929	0	0	0	31929	107533
UNKNOWN	2	G	1.0	A	0.0	0	0	31929	0	31929	107533
UNKNOWN	3	G	1.0	A	0.0	0	0	31929	0	31929	107533
UNKNOWN	4	T	1.0	A	0.0	0	0	0	31929	31929	107533
UNKNOWN	5	G	1.0	A	0.0	0	0	31929	0	31929	107533
UNKNOWN	6	C	1.0	A	0.0	0	31929	0	0	31929	107533
UNKNOWN	7	A	0.995646590874	G	0.00328854646246	31790	16	105	18	31929	107533
UNKNOWN	8	G	0.983056155846	A	0.0121206426759	387	115	31388	39	31929	107533
UNKNOWN	9	C	0.994988881581	T	0.00400889473519	1	31769	31	128	31929	107533
UNKNOWN	10	T	0.998872498356	C	0.000845626233205	6	27	3	31893	31929	107533
UNKNOWN	11	G	0.998809859375	A	0.000876945723324	28	6	31891	4	31929	107533
UNKNOWN	12	C	0.999373610198	T	0.000501111841899	1	31909	3	16	31929	107533
UNKNOWN	13	G	0.999185693257	A	0.000689028782611	22	2	31903	2	31929	107533
UNKNOWN	14	C	0.913840082683	G	0.0856274859845	7	29178	2734	10	31929	107533
UNKNOWN	15	G	0.999592846628	A	0.000313194901187	10	3	31916	0	31929	107533
UNKNOWN	16	A	0.998778539885	G	0.000626389802374	31890	15	20	4	31929	107533
UNKNOWN	17	G	0.989226095399	A	0.00908265213442	290	51	31585	3	31929	107533
UNKNOWN	18	T	0.99736916283	C	0.00144069654546	10	46	28	31845	31929	107533
UNKNOWN	19	C	0.998809859375	T	0.000595070312255	6	31891	13	19	31929	107533
UNKNOWN	20	G	0.9974631213	A	0.00169125246641	54	18	31848	9	31929	107533
UNKNOWN	21	G	0.997118606909	C	0.00222368379843	16	71	31837	5	31929	107533
UNKNOWN	22	G	0.999185693257	C	0.000532431332018	5	17	31903	4	31929	107533
UNKNOWN	23	C	0.999624166119	T	0.000313194901187	1	31917	1	10	31929	107533
UNKNOWN	24	C	0.99990604153	T	9.39584703561e-05	0	31926	0	3	31929	107533
UNKNOWN	25	C	0.999718124589	T	0.00025055592095	1	31920	0	8	31929	107533
UNKNOWN	26	C	0.999123054277	A	0.000407153371543	13	31901	2	13	31929	107533
UNKNOWN	27	A	0.998152150083	G	0.00147201603558	31870	12	47	0	31929	107533
UNKNOWN	28	G	0.993391587585	A	0.00488584045852	156	52	31718	3	31929	107533
UNKNOWN	29	C	0.998559303455	T	0.00128409909487	3	31883	2	41	31929	107533
UNKNOWN	30	C	0.999091734787	T	0.000689028782611	1	31900	6	22	31929	107533
UNKNOWN	31	T	0.997964233142	C	0.00119014062451	2	38	25	31864	31929	107533
UNKNOWN	32	G	0.993830060447	A	0.00407153371543	130	24	31732	43	31929	107533
UNKNOWN	33	G	0.997713677221	C	0.00112750164427	20	36	31856	17	31929	107533
UNKNOWN	34	T	0.997682357731	C	0.00159729399605	3	51	20	31855	31929	107533
UNKNOWN	35	G	0.998183469573	A	0.00128409909487	41	13	31871	4	31929	107533
UNKNOWN	36	A	0.998371386514	C	0.000908265213442	31877	29	20	3	31929	107533
UNKNOWN	37	A	0.994926242601	G	0.00382097779448	31767	38	122	2	31929	107533
UNKNOWN	38	G	0.998465344984	A	0.000908265213442	29	18	31880	2	31929	107533
UNKNOWN	39	C	0.996962009458	T	0.00128409909487	23	31832	33	41	31929	107533
UNKNOWN	40	C	0.999780763569	T	0.000156597450594	1	31922	1	5	31929	107533
UNKNOWN	41	C	0.998183469573	G	0.000939584703561	1	31871	30	27	31929	107533
UNKNOWN	42	T	0.997588399261	C	0.00187916940712	2	60	15	31852	31929	107533
UNKNOWN	43	C	0.999123054277	A	0.000501111841899	16	31901	0	12	31929	107533
UNKNOWN	44	A	0.997525760281	G	0.00140937705534	31850	28	45	6	31929	107533
UNKNOWN	45	C	0.998371386514	G	0.000782987252968	18	31877	25	9	31929	107533
UNKNOWN	46	A	0.998340067024	G	0.00097090419368	31876	18	31	4	31929	107533
UNKNOWN	47	G	0.998527983964	A	0.00122146011463	39	6	31882	2	31929	107533
UNKNOWN	48	A	0.99730652385	G	0.00125277960475	31843	30	40	16	31929	107533
UNKNOWN	49	C	0.999342290708	T	0.000313194901187	3	31908	8	10	31929	107533
UNKNOWN	50	C	0.999091734787	T	0.000501111841899	5	31900	8	16	31929	107533
UNKNOWN	51	C	0.999060415296	T	0.000814306743086	1	31899	3	26	31929	107533
UNKNOWN	52	T	0.99740048232	C	0.00244292022926	1	78	4	31846	31929	107533
UNKNOWN	53	C	0.998935137336	T	0.00072034827273	2	31895	9	23	31929	107533
UNKNOWN	54	T	0.997744996711	C	0.00181653042688	6	58	8	31857	31929	107533
UNKNOWN	55	C	0.999029095806	T	0.000939584703561	1	31898	0	30	31929	107533
UNKNOWN	56	C	0.997588399261	T	0.00191048889724	6	31852	10	61	31929	107533
UNKNOWN	57	C	0.9974631213	G	0.00156597450594	3	31848	50	28	31929	107533
UNKNOWN	58	T	0.99740048232	C	0.00244292022926	5	78	0	31846	31929	107533
UNKNOWN	59	C	0.99740048232	A	0.00153465501582	49	31846	7	27	31929	107533
UNKNOWN	60	A	0.997619718751	G	0.00128409909487	31853	32	41	3	31929	107533
UNKNOWN	61	C	0.997118606909	T	0.0025055592095	0	31837	12	80	31929	107533
UNKNOWN	62	C	0.995646590874	T	0.00310062952175	5	31790	35	99	31929	107533
UNKNOWN	63	T	0.998277428043	C	0.00106486266404	1	34	20	31874	31929	107533
UNKNOWN	64	G	0.998809859375	C	0.000626389802374	15	20	31891	3	31929	107533
UNKNOWN	65	C	0.997651038241	T	0.00175389144665	19	31854	0	56	31929	107533
UNKNOWN	66	A	0.996523536597	G	0.00191048889724	31818	40	61	10	31929	107533
UNKNOWN	67	C	0.997838955182	T	0.00137805756522	2	31860	23	44	31929	107533
UNKNOWN	68	G	0.992358044411	A	0.00610730057315	195	39	31685	10	31929	107533
UNKNOWN	69	G	0.977982398447	A	0.0208274609289	665	16	31226	22	31929	107533
UNKNOWN	70	T	0.995270756992	C	0.00388361677472	0	124	27	31778	31929	107533
UNKNOWN	71	C	0.985123242194	T	0.00767327507908	9	31454	221	245	31929	107533
UNKNOWN	72	T	0.99730652385	C	0.00209840583795	12	67	7	31843	31929	107533
UNKNOWN	73	C	0.998809859375	T	0.0010022236838	4	31891	2	32	31929	107533
UNKNOWN	74	T	0.995583951893	C	0.00275611513045	7	88	46	31788	31929	107533
UNKNOWN	75	G	0.998058191613	A	0.00169125246641	54	6	31867	2	31929	107533
UNKNOWN	76	G	0.997087287419	A	0.00219236430831	70	19	31836	4	31929	107533
UNKNOWN	77	A	0.986939772621	G	0.0057001472016	31512	151	182	84	31929	107533
UNKNOWN	78	T	0.995740549344	C	0.00222368379843	17	71	48	31793	31929	107533
UNKNOWN	79	T	0.996836731498	C	0.00278743462056	2	89	10	31828	31929	107533
UNKNOWN	80	C	0.990290958063	T	0.00829966488146	11	31619	34	265	31929	107533
UNKNOWN	81	T	0.996617495067	C	0.00253687869961	14	81	13	31821	31929	107533
UNKNOWN	82	C	0.996899370478	T	0.00219236430831	28	31830	1	70	31929	107533
UNKNOWN	83	A	0.996335619656	G	0.00178521093677	31812	15	57	45	31929	107533
UNKNOWN	84	T	0.997901594162	C	0.00140937705534	4	45	18	31862	31929	107533
UNKNOWN	85	T	0.998371386514	G	0.00103354317392	2	17	33	31877	31929	107533
UNKNOWN	86	G	0.989727207241	A	0.00986563938739	315	8	31601	5	31929	107533
UNKNOWN	87	A	0.993328948605	G	0.00444736759686	31716	61	142	10	31929	107533
UNKNOWN	88	G	0.961257790723	A	0.0231764226878	740	422	30692	75	31929	107533
UNKNOWN	89	C	0.954430141877	T	0.0341069247393	219	30474	147	1089	31929	107533
UNKNOWN	90	A	0.976103229039	G	0.0179773873281	31166	151	574	38	31929	107533
UNKNOWN	91	G	0.813993548185	A	0.130821510226	4177	1316	25990	446	31929	107533
UNKNOWN	92	C	0.961696263585	T	0.0199818346957	125	30706	460	638	31929	107533
UNKNOWN	93	T	0.987660120893	G	0.00488584045852	126	112	156	31535	31929	107533
UNKNOWN	94	A	0.979955526324	C	0.0111810579724	31289	357	101	182	31929	107533
UNKNOWN	95	T	0.987315606502	C	0.00739139966801	37	236	132	31524	31929	107533
UNKNOWN	96	G	0.880046352845	A	0.0819004666604	2615	390	28099	825	31929	107533
UNKNOWN	97	C	0.90488270851	G	0.0452253437314	449	28892	1444	1144	31929	107533
UNKNOWN	98	T	0.993422907075	G	0.00338250493282	18	84	108	31719	31929	107533
UNKNOWN	99	G	0.962792445739	A	0.032979423095	1053	63	30741	72	31929	107533
UNKNOWN	100	T	0.997870274672	C	0.00103354317392	29	33	6	31861	31929	107533
UNKNOWN	101	A	0.977951078956	G	0.0155344670989	31225	104	496	104	31929	107533
UNKNOWN	102	A	0.986563938739	G	0.0107739046008	31500	58	344	27	31929	107533
UNKNOWN	103	G	0.794011713489	A	0.131541858499	4200	1967	25352	410	31929	107533
UNKNOWN	104	C	0.978138995897	T	0.0187603745811	51	31231	48	599	31929	107533
UNKNOWN	105	T	0.998496664474	G	0.00103354317392	2	13	33	31881	31929	107533
UNKNOWN	106	G	0.999404929688	T	0.00025055592095	5	6	31910	8	31929	107533
UNKNOWN	107	G	0.999436249178	C	0.000281875411068	8	9	31911	1	31929	107533
UNKNOWN	108	G	0.959159384885	A	0.029816154593	952	268	30625	84	31929	107533
UNKNOWN	109	T	0.995740549344	C	0.0038522972846	8	123	5	31793	31929	107533
UNKNOWN	110	C	0.996711453538	T	0.00253687869961	8	31824	16	81	31929	107533
UNKNOWN	111	C	0.998402706004	G	0.0010022236838	5	31878	32	14	31929	107533
UNKNOWN	112	G	0.998465344984	C	0.00112750164427	11	36	31880	2	31929	107533
UNKNOWN	113	C	0.997964233142	T	0.00140937705534	15	31864	5	45	31929	107533
UNKNOWN	114	C	0.998434025494	A	0.00125277960475	40	31879	2	8	31929	107533
UNKNOWN	115	A	0.994143255348	G	0.00516771586959	31742	12	165	10	31929	107533
UNKNOWN	116	G	0.998590622945	A	0.000939584703561	30	14	31884	1	31929	107533
UNKNOWN	117	G	0.977230730684	A	0.0195746813242	625	76	31202	26	31929	107533
UNKNOWN	118	C	0.996335619656	T	0.0023489617589	19	31812	23	75	31929	107533
UNKNOWN	119	T	0.995897146794	C	0.00316326850199	13	101	17	31798	31929	107533
UNKNOWN	120	C	0.998496664474	G	0.000782987252968	4	31881	25	19	31929	107533
UNKNOWN	121	C	0.998246108553	A	0.00140937705534	45	31873	3	8	31929	107533
UNKNOWN	122	A	0.993767421466	G	0.00516771586959	31730	22	165	12	31929	107533
UNKNOWN	123	G	0.998841178866	A	0.00072034827273	23	13	31892	1	31929	107533
UNKNOWN	124	G	0.999123054277	A	0.00072034827273	23	4	31901	1	31929	107533
UNKNOWN	125	G	0.994425130759	A	0.00523035484982	167	8	31751	3	31929	107533
UNKNOWN	126	A	0.999310971217	G	0.000563750822137	31907	4	18	0	31929	107533
UNKNOWN	127	A	0.995427354443	G	0.0043534091265	31783	5	139	2	31929	107533
UNKNOWN	128	G	0.999624166119	A	0.000313194901187	10	2	31917	0	31929	107533
UNKNOWN	129	G	0.985405117605	A	0.00995959785775	318	126	31463	22	31929	107533
UNKNOWN	130	C	0.995709229854	G	0.0023489617589	5	31792	75	57	31929	107533
UNKNOWN	131	G	0.970684957249	A	0.0212659337906	679	121	30993	136	31929	107533
UNKNOWN	132	C	0.993986657897	T	0.00422813116602	32	31737	25	135	31929	107533
UNKNOWN	133	T	0.993422907075	C	0.00482320147828	2	154	54	31719	31929	107533
UNKNOWN	134	G	0.988349149676	A	0.0102101537787	326	8	31557	38	31929	107533
UNKNOWN	135	G	0.997901594162	A	0.00144069654546	46	18	31862	3	31929	107533
UNKNOWN	136	A	0.997838955182	G	0.00172257195653	31860	7	55	7	31929	107533
UNKNOWN	137	G	0.988255191205	A	0.0101788342886	325	11	31554	39	31929	107533
UNKNOWN	138	T	0.998183469573	G	0.00128409909487	2	15	41	31871	31929	107533
UNKNOWN	139	G	0.983964421059	A	0.0127157129882	406	63	31417	43	31929	107533
UNKNOWN	140	C	0.880234269786	G	0.0962134736446	12	28105	3072	740	31929	107533
UNKNOWN	141	C	0.919508910395	G	0.07125184002	234	29359	2275	61	31929	107533
UNKNOWN	142	T	0.996836731498	C	0.00222368379843	7	71	23	31828	31929	107533
UNKNOWN	143	C	0.899088602838	T	0.0979986845814	23	28707	70	3129	31929	107533
UNKNOWN	144	G	0.996586175577	A	0.00281875411068	90	4	31820	15	31929	107533
UNKNOWN	145	G	0.992389363901	C	0.00497979892887	27	159	31686	57	31929	107533
UNKNOWN	146	T	0.972939960537	G	0.0105859876601	196	330	338	31065	31929	107533
UNKNOWN	147	G	0.704312693789	A	0.249334460835	7961	456	22488	1024	31929	107533
UNKNOWN	148	G	0.686867737793	A	0.230292210843	7353	1924	21931	721	31929	107533
UNKNOWN	149	T	0.948354160794	G	0.021359892261	613	354	682	30280	31929	107533
UNKNOWN	150	A	0.958000563751	G	0.0394625575496	30588	21	1260	60	31929	107533
UNKNOWN	151	T	0.995646590874	C	0.00181653042688	53	58	28	31790	31929	107533
UNKNOWN	152	A	0.965110088008	G	0.016630649253	30815	215	531	368	31929	107533
UNKNOWN	153	A	0.935231294435	G	0.0549970246484	29861	180	1756	132	31929	107533
UNKNOWN	154	G	0.877415515675	A	0.0868802655893	2774	961	28015	179	31929	107533
UNKNOWN	155	C	0.934542265652	T	0.0451000657709	284	29839	366	1440	31929	107533
UNKNOWN	156	A	0.908045977011	G	0.0844999843403	28993	165	2698	73	31929	107533
UNKNOWN	157	G	0.931566914091	A	0.0350151899527	1118	741	29744	326	31929	107533
UNKNOWN	158	T	0.964139183814	G	0.0220489210436	200	241	704	30784	31929	107533
UNKNOWN	159	G	0.857903473331	A	0.115568918538	3690	618	27392	229	31929	107533
UNKNOWN	160	G	0.890851576936	A	0.0715963544114	2286	860	28444	339	31929	107533
UNKNOWN	161	T	0.982304488083	G	0.00804910896051	101	207	257	31364	31929	107533
UNKNOWN	162	G	0.994143255348	A	0.00447868708697	143	42	31742	2	31929	107533
UNKNOWN	163	G	0.987033731091	A	0.010805224091	345	41	31515	28	31929	107533
UNKNOWN	164	A	0.966644743024	G	0.025869898838	30864	131	826	108	31929	107533
UNKNOWN	165	A	0.936828588431	G	0.0500485452097	29912	208	1598	211	31929	107533
UNKNOWN	166	G	0.612358670801	A	0.210874126969	6733	3034	19552	2610	31929	107533
UNKNOWN	167	C	0.900748535814	T	0.0385856118262	1084	28760	853	1232	31929	107533
UNKNOWN	168	A	0.972689404616	G	0.018729055091	31057	160	598	114	31929	107533
UNKNOWN	169	C	0.974004823201	T	0.0167559272135	163	31099	132	535	31929	107533
UNKNOWN	170	A	0.985593034545	G	0.0100848758182	31469	89	322	49	31929	107533
UNKNOWN	171	G	0.908171254972	T	0.0616680760437	638	325	28997	1969	31929	107533
UNKNOWN	172	G	0.832785242256	A	0.122960318206	3926	880	26590	533	31929	107533
UNKNOWN	173	C	0.977669203545	T	0.0116821698143	53	31216	287	373	31929	107533
UNKNOWN	174	T	0.993642143506	A	0.00328854646246	105	78	20	31726	31929	107533
UNKNOWN	175	A	0.992545961352	T	0.0062012590435	31691	15	25	198	31929	107533
UNKNOWN	176	T	0.981709417771	C	0.0157537035297	71	503	10	31345	31929	107533
UNKNOWN	177	A	0.986188104858	C	0.00757931660873	31488	242	186	13	31929	107533
UNKNOWN	178	A	0.989758526731	G	0.00441604810674	31602	138	141	48	31929	107533
UNKNOWN	179	C	0.909392715087	T	0.0827460928936	69	29036	182	2642	31929	107533
UNKNOWN	180	C	0.956904381597	T	0.0271539979329	144	30553	365	867	31929	107533
UNKNOWN	181	C	0.985718312506	T	0.0077045945692	110	31473	100	246	31929	107533
UNKNOWN	182	A	0.987284287012	G	0.00714084374706	31523	107	228	71	31929	107533
UNKNOWN	183	G	0.979297817032	A	0.0128723104388	411	136	31268	114	31929	107533
UNKNOWN	184	C	0.985342478624	T	0.00908265213442	58	31461	120	290	31929	107533
UNKNOWN	185	C	0.997744996711	T	0.00109618215415	6	31857	31	35	31929	107533
UNKNOWN	186	C	0.995396034953	T	0.00278743462056	39	31782	19	89	31929	107533
UNKNOWN	187	T	0.995803188324	G	0.00216104481819	48	17	69	31795	31929	107533
UNKNOWN	188	G	0.977606564565	A	0.016881205174	539	35	31214	141	31929	107533
UNKNOWN	189	A	0.990917347866	G	0.00548091077077	31639	70	175	45	31929	107533
UNKNOWN	190	A	0.99220144696	C	0.0033511854427	31680	107	81	61	31929	107533
UNKNOWN	191	A	0.989821165711	G	0.00538695230042	31604	74	172	79	31929	107533
UNKNOWN	192	T	0.992796517273	C	0.00507375739923	16	162	52	31699	31929	107533
UNKNOWN	193	C	0.996930689968	T	0.00159729399605	16	31831	31	51	31929	107533
UNKNOWN	194	C	0.988850261518	T	0.00551223026089	41	31573	139	176	31929	107533
UNKNOWN	195	C	0.996962009458	G	0.00247423971938	5	31832	79	13	31929	107533
UNKNOWN	196	G	0.996648814557	T	0.00140937705534	39	23	31822	45	31929	107533
UNKNOWN	197	G	0.932882332676	A	0.0487331266247	1556	406	29786	181	31929	107533
UNKNOWN	198	C	0.991387140217	T	0.00319458799211	89	31654	84	102	31929	107533
UNKNOWN	199	T	0.994080616368	C	0.00372701932413	18	119	52	31740	31929	107533
UNKNOWN	200	C	0.991825613079	T	0.00341382442294	107	31668	45	109	31929	107533
UNKNOWN	201	A	0.992702558802	G	0.00582542516208	31696	43	186	4	31929	107533
UNKNOWN	202	G	0.97356635034	C	0.0175075949764	143	559	31085	142	31929	107533
UNKNOWN	203	C	0.945034294842	T	0.0394938770397	276	30174	218	1261	31929	107533
UNKNOWN	204	A	0.988975539478	G	0.00638917598421	31577	41	204	107	31929	107533
UNKNOWN	205	T	0.995208118012	C	0.00369569983401	19	118	16	31776	31929	107533
UNKNOWN	206	C	0.985624354036	T	0.0102101537787	122	31470	11	326	31929	107533
UNKNOWN	207	A	0.9895392903	G	0.00598202261267	31595	101	191	42	31929	107533
UNKNOWN	208	C	0.985593034545	G	0.00811174794074	79	31469	259	122	31929	107533
UNKNOWN	209	C	0.966801340474	T	0.0175702339566	191	30869	308	561	31929	107533
UNKNOWN	210	A	0.992796517273	G	0.00438472861662	31699	88	140	2	31929	107533
UNKNOWN	211	A	0.991167903787	G	0.00745403864825	31647	34	238	10	31929	107533
UNKNOWN	212	G	0.985499076075	A	0.0119014062451	380	60	31466	23	31929	107533
UNKNOWN	213	G	0.992733878292	A	0.00626389802374	200	13	31697	19	31929	107533
UNKNOWN	214	A	0.995051520561	C	0.00291271258104	31771	93	44	21	31929	107533
UNKNOWN	215	C	0.982461085534	T	0.00936452754549	110	31369	151	299	31929	107533
UNKNOWN	216	A	0.9895392903	G	0.00751667762849	31595	33	240	61	31929	107533
UNKNOWN	217	A	0.985342478624	G	0.00648313445457	31461	170	207	91	31929	107533
UNKNOWN	218	C	0.976948855273	T	0.0187603745811	8	31193	129	599	31929	107533
UNKNOWN	219	T	0.991919571549	C	0.00363306085377	68	116	74	31671	31929	107533
UNKNOWN	220	C	0.993360268095	T	0.00382097779448	85	31717	5	122	31929	107533
UNKNOWN	221	C	0.983745184628	T	0.00808042845062	157	31410	104	258	31929	107533
UNKNOWN	222	A	0.990823389395	G	0.00551223026089	31636	104	176	13	31929	107533
UNKNOWN	223	A	0.985874909956	G	0.0114629333834	31478	29	366	56	31929	107533
UNKNOWN	224	G	0.988317830186	A	0.00601334210279	192	164	31556	17	31929	107533
UNKNOWN	225	A	0.990760750415	G	0.00604466159291	31634	88	193	14	31929	107533
UNKNOWN	226	G	0.953271320743	A	0.0394938770397	1261	212	30437	19	31929	107533
UNKNOWN	227	C	0.973347113909	T	0.0221115600238	73	31078	72	706	31929	107533
UNKNOWN	228	C	0.99198221053	G	0.00407153371543	119	31673	130	7	31929	107533
UNKNOWN	229	A	0.996085063735	T	0.00178521093677	31804	21	47	57	31929	107533
UNKNOWN	230	A	0.979955526324	G	0.0175075949764	31289	64	559	17	31929	107533
UNKNOWN	231	G	0.973378433399	A	0.0158163425099	505	134	31079	211	31929	107533
UNKNOWN	232	T	0.994550408719	C	0.00472924300792	6	151	17	31755	31929	107533
UNKNOWN	233	C	0.978201634877	T	0.0121519621661	31	31233	277	388	31929	107533
UNKNOWN	234	T	0.993015753704	C	0.00479188198816	20	153	50	31706	31929	107533
UNKNOWN	235	C	0.991481098688	T	0.00710952425695	42	31657	3	227	31929	107533
UNKNOWN	236	T	0.985937548937	C	0.00804910896051	31	257	161	31480	31929	107533
UNKNOWN	237	C	0.991167903787	T	0.00732876068778	16	31647	32	234	31929	107533
UNKNOWN	238	T	0.995020201071	G	0.0028500736008	10	58	91	31770	31929	107533
UNKNOWN	239	G	0.958094522221	A	0.0276237902847	882	204	30591	252	31929	107533
UNKNOWN	240	T	0.989852485202	A	0.00375833881424	120	109	95	31605	31929	107533
UNKNOWN	241	C	0.983619906668	T	0.0132168248301	86	31406	15	422	31929	107533
UNKNOWN	242	A	0.982649002474	G	0.0114002944032	31375	128	364	62	31929	107533
UNKNOWN	243	G	0.919414951925	C	0.0398697109211	997	1273	29356	303	31929	107533
UNKNOWN	244	T	0.994393811269	G	0.00363306085377	26	37	116	31750	31929	107533
UNKNOWN	245	G	0.967928842118	A	0.0238341319803	761	128	30905	135	31929	107533
UNKNOWN	246	A	0.986062826897	G	0.00936452754549	31484	127	299	19	31929	107533
UNKNOWN	247	G	0.922014469604	A	0.0486704876445	1554	717	29439	219	31929	107533
UNKNOWN	248	C	0.964107864324	T	0.0238341319803	183	30783	202	761	31929	107533
UNKNOWN	249	A	0.987941996304	G	0.0103354317392	31544	51	330	4	31929	107533
UNKNOWN	250	G	0.975069685866	A	0.015565786589	497	255	31133	44	31929	107533
UNKNOWN	251	C	0.985906229447	T	0.00845626233205	43	31479	137	270	31929	107533
UNKNOWN	252	G	0.987190328541	A	0.00789251150991	252	63	31520	94	31929	107533
UNKNOWN	253	T	0.991794293589	C	0.00466660402769	18	149	95	31667	31929	107533
UNKNOWN	254	G	0.964358420245	A	0.0266215666009	850	132	30791	156	31929	107533
UNKNOWN	255	A	0.986000187917	G	0.00789251150991	31482	121	252	74	31929	107533
UNKNOWN	256	C	0.99198221053	A	0.00388361677472	124	31673	18	114	31929	107533
UNKNOWN	257	A	0.977606564565	G	0.0136866171819	31214	152	437	126	31929	107533
UNKNOWN	258	C	0.970559679288	A	0.0175075949764	559	30989	196	185	31929	107533
UNKNOWN	259	C	0.981208305929	T	0.015315230668	64	31329	47	489	31929	107533
UNKNOWN	260	T	0.976040590059	C	0.0140937705534	41	450	274	31164	31929	107533
UNKNOWN	261	G	0.993454226565	A	0.00466660402769	149	29	31720	31	31929	107533
UNKNOWN	262	A	0.989789846221	G	0.00742271915813	31603	73	237	16	31929	107533
UNKNOWN	263	G	0.946976103229	A	0.0280309436562	895	687	30236	111	31929	107533
UNKNOWN	264	G	0.992514641862	A	0.00557486924113	178	18	31690	43	31929	107533
UNKNOWN	265	A	0.991042625826	C	0.0058567446522	31643	187	70	29	31929	107533
UNKNOWN	266	C	0.980393999186	T	0.0110557800119	186	31303	87	353	31929	107533
UNKNOWN	267	A	0.982116571142	T	0.00739139966801	31358	103	232	236	31929	107533
UNKNOWN	268	C	0.993798740956	G	0.00347646340318	51	31731	111	36	31929	107533
UNKNOWN	269	G	0.901625481537	A	0.0928309687118	2964	115	28788	62	31929	107533
UNKNOWN	270	G	0.991888252059	C	0.00331986595258	88	106	31670	65	31929	107533
UNKNOWN	271	C	0.992827836763	G	0.00325722697234	95	31700	104	30	31929	107533
UNKNOWN	272	C	0.988568386107	A	0.00560618873125	179	31564	30	156	31929	107533
UNKNOWN	273	A	0.991669015628	G	0.00347646340318	31663	94	111	61	31929	107533
UNKNOWN	274	C	0.985874909956	A	0.00698424629647	223	31478	54	174	31929	107533
UNKNOWN	275	A	0.972344890225	G	0.014782799336	31046	208	472	203	31929	107533
UNKNOWN	276	T	0.992953114723	A	0.0033511854427	107	47	71	31704	31929	107533
UNKNOWN	277	A	0.994017977387	C	0.00404021422531	31738	129	26	36	31929	107533
UNKNOWN	278	C	0.951423470826	T	0.0465720818065	49	30378	15	1487	31929	107533
UNKNOWN	279	T	0.988599705597	C	0.00488584045852	115	156	93	31565	31929	107533
UNKNOWN	280	A	0.984371574431	T	0.00761063609884	31430	173	83	243	31929	107533
UNKNOWN	281	C	0.96833599549	T	0.0296908766325	22	30918	41	948	31929	107533
UNKNOWN	282	T	0.989883804692	G	0.00723480221742	57	35	231	31606	31929	107533
