Type	Position	Nucl1	Freq1	Nucl2	Freq2	NumAs	NumCs	NumGs	NumTs	NumAligned	NumNaive
UNKNOWN	0	C	1.0	A	0.0	0	35803	0	0	35803	135694
UNKNOWN	1	A	1.0	C	0.0	35803	0	0	0	35803	135694
UNKNOWN	2	G	1.0	A	0.0	0	0	35803	0	35803	135694
UNKNOWN	3	G	1.0	A	0.0	0	0	35803	0	35803	135694
UNKNOWN	4	T	1.0	A	0.0	0	0	0	35803	35803	135694
UNKNOWN	5	G	1.0	A	0.0	0	0	35803	0	35803	135694
UNKNOWN	6	C	1.0	A	0.0	0	35803	0	0	35803	135694
UNKNOWN	7	A	0.998491746502	G	0.0011451554339	35749	4	41	9	35803	135694
UNKNOWN	8	G	0.990559450325	A	0.00522302600341	187	147	35465	4	35803	135694
UNKNOWN	9	C	0.997821411614	T	0.00153618411865	2	35725	21	55	35803	135694
UNKNOWN	10	T	0.999525179454	C	0.000363098064408	4	13	0	35786	35803	135694
UNKNOWN	11	G	0.998938636427	A	0.000977571711868	35	3	35765	0	35803	135694
UNKNOWN	12	C	0.999301734492	T	0.00061447364746	1	35778	2	22	35803	135694
UNKNOWN	13	G	0.998268301539	A	0.00164790660001	59	1	35741	2	35803	135694
UNKNOWN	14	C	0.519816775131	G	0.478311873307	42	18611	17125	25	35803	135694
UNKNOWN	15	G	0.999804485658	A	0.000111722481356	4	2	35796	1	35803	135694
UNKNOWN	16	A	0.998016925956	G	0.00117308605424	35732	19	42	10	35803	135694
UNKNOWN	17	G	0.995335586403	A	0.00458062173561	164	2	35636	1	35803	135694
UNKNOWN	18	T	0.99838002402	C	0.00108929419322	8	39	11	35745	35803	135694
UNKNOWN	19	C	0.999692763176	T	0.000195514342374	1	35792	3	7	35803	135694
UNKNOWN	20	G	0.998491746502	A	0.00136860039661	49	3	35749	2	35803	135694
UNKNOWN	21	G	0.99919001201	T	0.000446889925425	4	9	35774	16	35803	135694
UNKNOWN	22	G	0.999497248834	A	0.000251375583052	9	4	35785	5	35803	135694
UNKNOWN	23	C	0.999441387593	T	0.000363098064408	1	35783	6	13	35803	135694
UNKNOWN	24	C	0.997849342234	A	0.00100550233221	36	35726	8	33	35803	135694
UNKNOWN	25	C	0.998771052705	T	0.00061447364746	17	35759	5	22	35803	135694
UNKNOWN	26	C	0.999329665112	A	0.00030723682373	11	35779	4	9	35803	135694
UNKNOWN	27	A	0.997709689132	G	0.00189928218306	35721	10	68	4	35803	135694
UNKNOWN	28	G	0.994693182136	A	0.00354718878306	127	46	35613	17	35803	135694
UNKNOWN	29	C	0.997793480993	T	0.00175962908136	2	35724	14	63	35803	135694
UNKNOWN	30	C	0.999385526353	T	0.000418959305086	6	35781	1	15	35803	135694
UNKNOWN	31	T	0.998435885261	C	0.00111722481356	3	40	13	35747	35803	135694
UNKNOWN	32	G	0.996257296875	A	0.00279306203391	100	11	35669	23	35803	135694
UNKNOWN	33	G	0.997961064715	A	0.00100550233221	36	26	35730	11	35803	135694
UNKNOWN	34	T	0.998128648437	C	0.00153618411865	1	55	11	35736	35803	135694
UNKNOWN	35	G	0.997458313549	A	0.00226238024747	81	0	35712	10	35803	135694
UNKNOWN	36	A	0.998771052705	G	0.000670334888138	35759	18	24	2	35803	135694
UNKNOWN	37	A	0.9967041868	G	0.00265340893221	35685	19	95	4	35803	135694
UNKNOWN	38	G	0.998882775186	A	0.000586543027121	21	18	35763	1	35803	135694
UNKNOWN	39	C	0.997877272854	T	0.00122894729492	10	35727	22	44	35803	135694
UNKNOWN	40	C	0.999497248834	T	0.000195514342374	4	35785	7	7	35803	135694
UNKNOWN	41	C	0.996424880597	G	0.00262547831187	9	35675	94	25	35803	135694
UNKNOWN	42	T	0.997318660447	C	0.0022903108678	6	82	8	35707	35803	135694
UNKNOWN	43	C	0.998966567047	A	0.000502751166103	18	35766	1	18	35803	135694
UNKNOWN	44	A	0.996871770522	G	0.00181549032204	35691	41	65	6	35803	135694
UNKNOWN	45	C	0.998407954641	G	0.000782057369494	23	35746	28	6	35803	135694
UNKNOWN	46	A	0.998240370919	G	0.00108929419322	35740	19	39	5	35803	135694
UNKNOWN	47	G	0.9983520934	A	0.00136860039661	49	6	35744	4	35803	135694
UNKNOWN	48	A	0.997179007346	G	0.00187135156272	35702	30	67	4	35803	135694
UNKNOWN	49	C	0.998435885261	T	0.000754126749155	3	35747	26	27	35803	135694
UNKNOWN	50	C	0.998128648437	T	0.000949641091529	9	35736	24	34	35803	135694
UNKNOWN	51	C	0.99916208139	T	0.000698265508477	3	35773	2	25	35803	135694
UNKNOWN	52	T	0.998044856576	C	0.0017875597017	6	64	0	35733	35803	135694
UNKNOWN	53	C	0.999134150769	G	0.000446889925425	0	35772	16	15	35803	135694
UNKNOWN	54	T	0.997346591068	C	0.00195514342374	6	70	19	35708	35803	135694
UNKNOWN	55	C	0.998659330224	A	0.000642404267799	23	35755	2	23	35803	135694
UNKNOWN	56	C	0.99832416278	T	0.000949641091529	3	35743	23	34	35803	135694
UNKNOWN	57	C	0.998435885261	G	0.00106136357288	4	35747	38	14	35803	135694
UNKNOWN	58	T	0.997486244169	C	0.0022903108678	6	82	2	35713	35803	135694
UNKNOWN	59	C	0.998659330224	A	0.000698265508477	25	35755	6	17	35803	135694
UNKNOWN	60	A	0.994358014692	C	0.00416166243052	35601	149	43	10	35803	135694
UNKNOWN	61	C	0.998603468983	T	0.00103343295255	3	35753	10	37	35803	135694
UNKNOWN	62	C	0.995279725163	T	0.00273720079323	4	35634	67	98	35803	135694
UNKNOWN	63	T	0.998296232159	C	0.00120101667458	4	43	14	35742	35803	135694
UNKNOWN	64	G	0.999134150769	A	0.000474820545764	17	13	35772	1	35803	135694
UNKNOWN	65	C	0.998268301539	T	0.00106136357288	22	35741	2	38	35803	135694
UNKNOWN	66	A	0.994804904617	C	0.00329581320001	35617	118	59	9	35803	135694
UNKNOWN	67	C	0.996620394939	T	0.0019272128034	25	35682	27	69	35803	135694
UNKNOWN	68	G	0.993911124766	A	0.00555819344748	199	15	35585	4	35803	135694
UNKNOWN	69	G	0.982655084769	A	0.015976314834	572	26	35182	23	35803	135694
UNKNOWN	70	T	0.994749043376	C	0.00474820545764	4	170	14	35615	35803	135694
UNKNOWN	71	C	0.990336005363	G	0.00555819344748	11	35457	199	136	35803	135694
UNKNOWN	72	T	0.99667625618	C	0.00187135156272	15	67	37	35684	35803	135694
UNKNOWN	73	C	0.999106220149	T	0.000586543027121	9	35771	2	21	35803	135694
UNKNOWN	74	T	0.995531100746	C	0.00212272714577	12	76	72	35643	35803	135694
UNKNOWN	75	G	0.998407954641	A	0.00145239225763	52	1	35746	4	35803	135694
UNKNOWN	76	G	0.995391447644	A	0.00315616009832	113	26	35638	26	35803	135694
UNKNOWN	77	A	0.997570036031	G	0.00111722481356	35716	30	40	17	35803	135694
UNKNOWN	78	T	0.996564533698	C	0.00170376784068	14	61	48	35680	35803	135694
UNKNOWN	79	T	0.996983493003	G	0.00148032287797	5	50	53	35695	35803	135694
UNKNOWN	80	C	0.995000418959	T	0.00365891126442	12	35624	36	131	35803	135694
UNKNOWN	81	T	0.997095215485	C	0.00203893528475	4	73	27	35699	35803	135694
UNKNOWN	82	C	0.997123146105	T	0.00170376784068	37	35700	5	61	35803	135694
UNKNOWN	83	A	0.993659749183	G	0.00332374382035	35576	57	119	51	35803	135694
UNKNOWN	84	T	0.982878529732	C	0.0144680613356	11	518	84	35190	35803	135694
UNKNOWN	85	T	0.997625897271	G	0.00120101667458	5	37	43	35718	35803	135694
UNKNOWN	86	G	0.991537022037	A	0.00745747563053	267	15	35500	21	35803	135694
UNKNOWN	87	A	0.99421836159	G	0.00368684188476	35596	65	132	10	35803	135694
UNKNOWN	88	G	0.975560707203	A	0.0150546043628	539	291	34928	45	35803	135694
UNKNOWN	89	C	0.983101974695	T	0.0121498198475	90	35198	80	435	35803	135694
UNKNOWN	90	A	0.992933553054	G	0.0060050833729	35550	27	215	11	35803	135694
UNKNOWN	91	G	0.953802753959	A	0.0337122587493	1207	306	34149	141	35803	135694
UNKNOWN	92	C	0.973186604474	T	0.0183224869424	109	34843	195	656	35803	135694
UNKNOWN	93	T	0.980029606458	G	0.00737368376952	258	193	264	35088	35803	135694
UNKNOWN	94	A	0.984749881295	C	0.00572577716951	35257	205	144	197	35803	135694
UNKNOWN	95	T	0.995810406949	C	0.00234617210848	16	84	50	35653	35803	135694
UNKNOWN	96	G	0.938357120912	A	0.040443538251	1448	394	33596	365	35803	135694
UNKNOWN	97	C	0.945144261654	G	0.0222886350306	507	33839	798	659	35803	135694
UNKNOWN	98	T	0.994302153451	C	0.00337960506103	8	121	75	35599	35803	135694
UNKNOWN	99	G	0.967684272268	A	0.0287406083289	1029	38	34646	90	35803	135694
UNKNOWN	100	T	0.996620394939	C	0.00231824148814	18	83	20	35682	35803	135694
UNKNOWN	101	A	0.947658017485	G	0.030807474234	33929	252	1103	519	35803	135694
UNKNOWN	102	A	0.89045610703	G	0.0980364773902	31881	272	3510	140	35803	135694
UNKNOWN	103	G	0.761891461609	A	0.15811524174	5661	2251	27278	613	35803	135694
UNKNOWN	104	C	0.982794737871	T	0.0135184202441	60	35187	72	484	35803	135694
UNKNOWN	105	T	0.998184509678	C	0.00092171047119	3	33	29	35738	35803	135694
UNKNOWN	106	G	0.999357595732	T	0.000363098064408	8	2	35780	13	35803	135694
UNKNOWN	107	G	0.999329665112	T	0.000279306203391	5	9	35779	10	35803	135694
UNKNOWN	108	G	0.987570873949	A	0.00860263106444	308	93	35358	44	35803	135694
UNKNOWN	109	T	0.998296232159	C	0.00153618411865	2	55	4	35742	35803	135694
UNKNOWN	110	C	0.997486244169	T	0.00131273915594	15	35713	28	47	35803	135694
UNKNOWN	111	C	0.999050358908	G	0.000558612406782	3	35769	20	11	35803	135694
UNKNOWN	112	G	0.998826913946	C	0.000586543027121	18	21	35761	3	35803	135694
UNKNOWN	113	C	0.997179007346	T	0.0017875597017	20	35702	17	64	35803	135694
UNKNOWN	114	C	0.998771052705	A	0.000837918610172	30	35759	6	8	35803	135694
UNKNOWN	115	A	0.995140072061	G	0.00254168645086	35629	75	91	8	35803	135694
UNKNOWN	116	G	0.997737619753	A	0.00120101667458	43	21	35722	17	35803	135694
UNKNOWN	117	G	0.9851688406	A	0.0129877384577	465	37	35272	29	35803	135694
UNKNOWN	118	C	0.995586961986	T	0.00268133955255	24	35645	38	96	35803	135694
UNKNOWN	119	T	0.996257296875	C	0.00279306203391	7	100	27	35669	35803	135694
UNKNOWN	120	C	0.998519677122	T	0.000726196128816	16	35750	11	26	35803	135694
UNKNOWN	121	C	0.998435885261	A	0.00117308605424	42	35747	3	11	35803	135694
UNKNOWN	122	A	0.987515012708	G	0.0107532888305	35356	52	385	10	35803	135694
UNKNOWN	123	G	0.997737619753	A	0.00139653101695	50	19	35722	12	35803	135694
UNKNOWN	124	G	0.997737619753	A	0.00187135156272	67	6	35722	8	35803	135694
UNKNOWN	125	G	0.989246711169	A	0.0100829539424	361	19	35418	5	35803	135694
UNKNOWN	126	A	0.997262799207	G	0.0019272128034	35705	18	69	11	35803	135694
UNKNOWN	127	A	0.994078708488	G	0.00527888724409	35591	12	189	11	35803	135694
UNKNOWN	128	G	0.9983520934	A	0.0011451554339	41	8	35744	10	35803	135694
UNKNOWN	129	G	0.987822249532	A	0.0095802027763	343	70	35367	23	35803	135694
UNKNOWN	130	C	0.996871770522	T	0.00159204535933	12	35691	43	57	35803	135694
UNKNOWN	131	G	0.991341507695	A	0.00575370778985	206	90	35493	14	35803	135694
UNKNOWN	132	C	0.994302153451	T	0.00365891126442	36	35599	37	131	35803	135694
UNKNOWN	133	T	0.994972488339	C	0.00290478451526	11	104	65	35623	35803	135694
UNKNOWN	134	G	0.98762673519	A	0.00966399463732	346	36	35360	61	35803	135694
UNKNOWN	135	G	0.996145574393	A	0.0019272128034	69	61	35665	8	35803	135694
UNKNOWN	136	A	0.994944557719	G	0.00315616009832	35622	49	113	19	35803	135694
UNKNOWN	137	G	0.980616149485	A	0.0167025109628	598	51	35109	45	35803	135694
UNKNOWN	138	T	0.995447308885	G	0.00217858838645	23	62	78	35640	35803	135694
UNKNOWN	139	G	0.991201854593	A	0.00474820545764	170	47	35488	98	35803	135694
UNKNOWN	140	C	0.621986984331	G	0.361394296567	30	22269	12939	565	35803	135694
UNKNOWN	141	C	0.659637460548	G	0.321537301343	607	23617	11512	67	35803	135694
UNKNOWN	142	T	0.997458313549	C	0.0017875597017	5	64	22	35712	35803	135694
UNKNOWN	143	C	0.662681898165	T	0.331731977767	58	23726	142	11877	35803	135694
UNKNOWN	144	G	0.99262631623	A	0.0061447364746	220	2	35539	42	35803	135694
UNKNOWN	145	G	0.994916627098	C	0.00368684188476	10	132	35621	40	35803	135694
UNKNOWN	146	T	0.987515012708	G	0.00511130352205	111	153	183	35356	35803	135694
UNKNOWN	147	G	0.911543725386	A	0.0661117783426	2367	481	32636	319	35803	135694
UNKNOWN	148	G	0.93327374801	A	0.0328184788984	1175	749	33414	465	35803	135694
UNKNOWN	149	T	0.958215791973	G	0.0169538865458	533	356	607	34307	35803	135694
UNKNOWN	150	A	0.951903471776	G	0.0449682987459	34081	47	1610	65	35803	135694
UNKNOWN	151	T	0.993352512359	C	0.00349132754238	49	125	64	35565	35803	135694
UNKNOWN	152	A	0.946931821356	G	0.030639890512	33903	332	1097	471	35803	135694
UNKNOWN	153	A	0.935145099573	G	0.0529285255426	33481	206	1895	221	35803	135694
UNKNOWN	154	G	0.871575007681	A	0.090774516102	3250	1086	31205	262	35803	135694
UNKNOWN	155	C	0.895092590006	T	0.0677317543223	651	32047	680	2425	35803	135694
UNKNOWN	156	A	0.920509454515	G	0.0692120772002	32957	288	2478	80	35803	135694
UNKNOWN	157	G	0.92830209759	A	0.0390190766137	1397	832	33236	338	35803	135694
UNKNOWN	158	T	0.974666927352	G	0.0137139345865	205	211	491	34896	35803	135694
UNKNOWN	159	G	0.890372315169	A	0.0849090858308	3040	768	31878	117	35803	135694
UNKNOWN	160	G	0.916375722705	A	0.0558891712985	2001	683	32809	310	35803	135694
UNKNOWN	161	T	0.984973326258	G	0.00606094461358	112	209	217	35265	35803	135694
UNKNOWN	162	G	0.992486663129	A	0.00622852833561	223	16	35534	30	35803	135694
UNKNOWN	163	G	0.990727034047	A	0.00592129151188	212	68	35471	52	35803	135694
UNKNOWN	164	A	0.980867525068	G	0.0137697958272	35118	110	493	82	35803	135694
UNKNOWN	165	A	0.955702036142	G	0.033851911851	34217	236	1212	138	35803	135694
UNKNOWN	166	G	0.803200849091	A	0.104348797587	3736	1776	28757	1534	35803	135694
UNKNOWN	167	C	0.912269921515	T	0.0406390525934	933	32662	753	1455	35803	135694
UNKNOWN	168	A	0.979079965366	G	0.013099460939	35054	208	469	72	35803	135694
UNKNOWN	169	C	0.975923805268	T	0.0146915062984	183	34941	153	526	35803	135694
UNKNOWN	170	A	0.981509929336	G	0.0120939586068	35141	125	433	104	35803	135694
UNKNOWN	171	G	0.565734714968	T	0.343993520096	2226	1006	20255	12316	35803	135694
UNKNOWN	172	A	0.571516353378	G	0.366477669469	20462	1269	13121	951	35803	135694
UNKNOWN	173	C	0.970924224227	G	0.013015669078	133	34762	466	442	35803	135694
UNKNOWN	174	T	0.9934083736	C	0.00337960506103	77	121	38	35567	35803	135694
UNKNOWN	175	A	0.990475658464	T	0.00720610004748	35462	52	31	258	35803	135694
UNKNOWN	176	T	0.988660168142	C	0.00949641091529	52	340	14	35397	35803	135694
UNKNOWN	177	A	0.987850180153	C	0.00798815741698	35368	286	117	32	35803	135694
UNKNOWN	178	A	0.990838756529	G	0.00497165042036	35475	139	178	11	35803	135694
UNKNOWN	179	C	0.941988101556	T	0.0481803200849	102	33726	250	1725	35803	135694
UNKNOWN	180	C	0.96296399743	T	0.019355919895	112	34477	521	693	35803	135694
UNKNOWN	181	C	0.99008462978	A	0.00391028684747	140	35448	92	123	35803	135694
UNKNOWN	182	A	0.991034270871	G	0.00444096863391	35482	115	159	47	35803	135694
UNKNOWN	183	G	0.979889953356	A	0.0116470686814	417	80	35083	223	35803	135694
UNKNOWN	184	C	0.9868167472	T	0.00748540625087	45	35331	159	268	35803	135694
UNKNOWN	185	C	0.997905203475	T	0.00117308605424	21	35728	12	42	35803	135694
UNKNOWN	186	C	0.995447308885	T	0.00290478451526	25	35640	34	104	35803	135694
UNKNOWN	187	T	0.996117643773	C	0.00161997597967	28	58	53	35664	35803	135694
UNKNOWN	188	G	0.984135407647	A	0.0120660279865	432	47	35235	89	35803	135694
UNKNOWN	189	A	0.994050777868	G	0.00424545429154	35590	55	152	6	35803	135694
UNKNOWN	190	A	0.994358014692	G	0.00287685389493	35601	60	103	39	35803	135694
UNKNOWN	191	A	0.991760467	G	0.00374270312544	35508	109	134	52	35803	135694
UNKNOWN	192	T	0.993827332905	C	0.00399407870849	43	143	35	35582	35803	135694
UNKNOWN	193	C	0.997681758512	T	0.00122894729492	32	35720	7	44	35803	135694
UNKNOWN	194	C	0.989665670475	T	0.00745747563053	41	35433	62	267	35803	135694
UNKNOWN	195	C	0.998184509678	G	0.00108929419322	14	35738	39	12	35803	135694
UNKNOWN	196	G	0.996955562383	A	0.00206686590509	74	17	35694	18	35803	135694
UNKNOWN	197	G	0.953970337681	A	0.0324274502137	1161	354	34155	133	35803	135694
UNKNOWN	198	C	0.990643242186	T	0.00382649498645	108	35468	90	137	35803	135694
UNKNOWN	199	T	0.995363517024	C	0.00240203334916	29	86	51	35637	35803	135694
UNKNOWN	200	C	0.994860765858	T	0.0022903108678	76	35619	26	82	35803	135694
UNKNOWN	201	A	0.994693182136	G	0.00399407870849	35613	45	143	2	35803	135694
UNKNOWN	202	G	0.982208194844	C	0.0120660279865	140	432	35166	65	35803	135694
UNKNOWN	203	C	0.961427813312	T	0.0274837304137	213	34422	184	984	35803	135694
UNKNOWN	204	A	0.991648744519	G	0.00558612406782	35504	39	200	60	35803	135694
UNKNOWN	205	T	0.995754545708	C	0.00215065776611	43	77	32	35651	35803	135694
UNKNOWN	206	C	0.991145993353	T	0.0061447364746	77	35486	20	220	35803	135694
UNKNOWN	207	A	0.98849258442	G	0.00519509538307	35391	95	186	131	35803	135694
UNKNOWN	208	C	0.991509091417	G	0.00374270312544	85	35499	134	85	35803	135694
UNKNOWN	209	C	0.972572130827	T	0.0123174035695	153	34821	388	441	35803	135694
UNKNOWN	210	A	0.996005921292	G	0.00220651900679	35660	59	79	5	35803	135694
UNKNOWN	211	A	0.991369438315	G	0.00684300198307	35494	40	245	24	35803	135694
UNKNOWN	212	G	0.98849258442	A	0.00874228416613	313	85	35391	14	35803	135694
UNKNOWN	213	G	0.992961483675	A	0.00511130352205	183	29	35551	40	35803	135694
UNKNOWN	214	A	0.994721112756	C	0.00226238024747	35614	81	64	44	35803	135694
UNKNOWN	215	C	0.984247130129	T	0.00941261905427	93	35239	134	337	35803	135694
UNKNOWN	216	A	0.988408792559	G	0.00759712873223	35388	76	272	67	35803	135694
UNKNOWN	217	A	0.987738457671	G	0.00754126749155	35364	109	270	60	35803	135694
UNKNOWN	218	C	0.983939893305	T	0.0105577744882	34	35228	163	378	35803	135694
UNKNOWN	219	T	0.993687679803	C	0.00276513141357	72	99	55	35577	35803	135694
UNKNOWN	220	C	0.99673211742	A	0.00161997597967	58	35686	4	55	35803	135694
UNKNOWN	221	C	0.988297070078	T	0.00801608803732	80	35384	52	287	35803	135694
UNKNOWN	222	A	0.991816328241	G	0.00494371980002	35510	105	177	11	35803	135694
UNKNOWN	223	A	0.989442225512	G	0.00918917409156	35425	41	329	8	35803	135694
UNKNOWN	224	G	0.990810825908	A	0.00483199731866	173	118	35474	38	35803	135694
UNKNOWN	225	A	0.989358433651	G	0.00578163841019	35422	149	207	25	35803	135694
UNKNOWN	226	G	0.954780325671	A	0.0386280479289	1383	209	34184	27	35803	135694
UNKNOWN	227	C	0.978297907997	T	0.0179035276373	62	35026	74	641	35803	135694
UNKNOWN	228	C	0.993631818563	G	0.00318409071865	107	35575	114	7	35803	135694
UNKNOWN	229	A	0.993631818563	T	0.00363098064408	35575	25	73	130	35803	135694
UNKNOWN	230	A	0.978018601793	G	0.0201379772645	35016	33	721	33	35803	135694
UNKNOWN	231	G	0.979107895986	A	0.0124291260509	445	188	35055	115	35803	135694
UNKNOWN	232	T	0.99338044298	C	0.00572577716951	13	205	19	35566	35803	135694
UNKNOWN	233	C	0.9802251208	T	0.0095802027763	55	35095	310	343	35803	135694
UNKNOWN	234	T	0.993240789878	C	0.00391028684747	27	140	75	35561	35803	135694
UNKNOWN	235	C	0.995391447644	T	0.00332374382035	37	35638	9	119	35803	135694
UNKNOWN	236	T	0.986258134793	C	0.00801608803732	46	287	159	35311	35803	135694
UNKNOWN	237	C	0.995977990671	T	0.00251375583052	33	35659	21	90	35803	135694
UNKNOWN	238	T	0.997095215485	G	0.00148032287797	10	41	53	35699	35803	135694
UNKNOWN	239	G	0.967488757925	A	0.0222327737899	796	245	34639	123	35803	135694
UNKNOWN	240	T	0.986760885959	C	0.00731782252884	111	262	101	35329	35803	135694
UNKNOWN	241	C	0.983995754546	T	0.0134625590034	78	35230	13	482	35803	135694
UNKNOWN	242	A	0.982962321593	G	0.00974778649834	35193	174	349	87	35803	135694
UNKNOWN	243	G	0.935564058878	C	0.032455380834	935	1162	33496	210	35803	135694
UNKNOWN	244	T	0.994385945312	C	0.00343546630171	18	123	60	35602	35803	135694
UNKNOWN	245	G	0.976538278915	A	0.016143898556	578	126	34963	136	35803	135694
UNKNOWN	246	A	0.984498505712	G	0.011283970617	35248	126	404	25	35803	135694
UNKNOWN	247	G	0.94813283803	A	0.0304164455493	1089	570	33946	198	35803	135694
UNKNOWN	248	C	0.968354607156	T	0.0233220679831	190	34670	108	835	35803	135694
UNKNOWN	249	A	0.989470156132	G	0.00874228416613	35426	46	313	18	35803	135694
UNKNOWN	250	G	0.983744378963	A	0.00985950897969	353	202	35221	27	35803	135694
UNKNOWN	251	C	0.990699103427	T	0.00594922213222	48	35470	72	213	35803	135694
UNKNOWN	252	G	0.989079127447	A	0.00784850431528	281	40	35412	70	35803	135694
UNKNOWN	253	T	0.992821830573	C	0.00519509538307	15	186	56	35546	35803	135694
UNKNOWN	254	G	0.974192106807	A	0.019523503617	699	74	34879	151	35803	135694
UNKNOWN	255	A	0.988660168142	G	0.00832332486105	35397	57	298	51	35803	135694
UNKNOWN	256	C	0.991648744519	T	0.00424545429154	112	35504	35	152	35803	135694
UNKNOWN	257	A	0.981705443678	G	0.0113398318577	35148	129	406	120	35803	135694
UNKNOWN	258	C	0.970225958719	A	0.0195793648577	701	34737	200	165	35803	135694
UNKNOWN	259	C	0.990419797224	T	0.00634025081697	47	35460	69	227	35803	135694
UNKNOWN	260	T	0.98684467782	G	0.00661955702036	50	184	237	35332	35803	135694
UNKNOWN	261	G	0.995335586403	A	0.00335167444069	120	18	35636	29	35803	135694
UNKNOWN	262	A	0.991425299556	G	0.00639611205765	35496	60	229	18	35803	135694
UNKNOWN	263	G	0.961008854007	A	0.024132055973	864	413	34407	119	35803	135694
UNKNOWN	264	G	0.99343630422	A	0.00335167444069	120	53	35568	62	35803	135694
UNKNOWN	265	A	0.994413875932	C	0.00321202133899	35603	115	73	12	35803	135694
UNKNOWN	266	C	0.984582297573	T	0.00896572912884	167	35251	64	321	35803	135694
UNKNOWN	267	A	0.98435885261	G	0.00748540625087	35243	47	268	245	35803	135694
UNKNOWN	268	C	0.992011842583	T	0.00407787056951	90	35517	50	146	35803	135694
UNKNOWN	269	G	0.714437337653	A	0.280144122001	10030	133	25579	61	35803	135694
UNKNOWN	270	G	0.994413875932	T	0.00251375583052	64	46	35603	90	35803	135694
UNKNOWN	271	C	0.993352512359	G	0.0030723682373	101	35565	110	27	35803	135694
UNKNOWN	272	C	0.993520096081	A	0.00310029885764	111	35571	46	75	35803	135694
UNKNOWN	273	A	0.992458732508	G	0.00483199731866	35533	50	173	47	35803	135694
UNKNOWN	274	C	0.989693601095	T	0.00446889925425	158	35434	51	160	35803	135694
UNKNOWN	275	A	0.978437561098	G	0.0113956930983	35031	182	408	182	35803	135694
UNKNOWN	276	T	0.995726615088	A	0.00164790660001	59	44	50	35650	35803	135694
UNKNOWN	277	A	0.994413875932	C	0.00259754769153	35603	93	60	47	35803	135694
UNKNOWN	278	C	0.959333016786	T	0.0388235622713	46	34347	20	1390	35803	135694
UNKNOWN	279	T	0.991341507695	C	0.00427338491188	91	153	66	35493	35803	135694
UNKNOWN	280	A	0.986760885959	T	0.00636818143731	35329	153	93	228	35803	135694
UNKNOWN	281	C	0.977096891322	T	0.0213110633187	35	34983	22	763	35803	135694
UNKNOWN	282	T	0.993799402285	G	0.00413373181018	46	28	148	35581	35803	135694
