Type	Position	Nucl1	Freq1	Nucl2	Freq2	NumAs	NumCs	NumGs	NumTs	NumAligned	NumNaive
UNKNOWN	0	C	1.0	A	0.0	0	1983	0	0	1983	61623
UNKNOWN	1	A	1.0	C	0.0	1983	0	0	0	1983	61623
UNKNOWN	2	G	1.0	A	0.0	0	0	1983	0	1983	61623
UNKNOWN	3	G	1.0	A	0.0	0	0	1983	0	1983	61623
UNKNOWN	4	T	1.0	A	0.0	0	0	0	1983	1983	61623
UNKNOWN	5	G	1.0	A	0.0	0	0	1983	0	1983	61623
UNKNOWN	6	C	1.0	A	0.0	0	1983	0	0	1983	61623
UNKNOWN	7	A	0.995965708522	G	0.00201714573878	1975	1	4	3	1983	61623
UNKNOWN	8	G	0.934947049924	C	0.0564800806858	16	112	1854	1	1983	61623
UNKNOWN	9	C	0.985375693394	T	0.0136157337368	1	1954	1	27	1983	61623
UNKNOWN	10	T	0.998991427131	C	0.00100857286939	0	2	0	1981	1983	61623
UNKNOWN	11	G	0.998991427131	A	0.000504286434695	1	1	1981	0	1983	61623
UNKNOWN	12	C	0.998487140696	T	0.00151285930408	0	1980	0	3	1983	61623
UNKNOWN	13	G	0.998487140696	A	0.00151285930408	3	0	1980	0	1983	61623
UNKNOWN	14	G	0.962682803833	C	0.0332829046899	3	66	1909	5	1983	61623
UNKNOWN	15	G	1.0	A	0.0	0	0	1983	0	1983	61623
UNKNOWN	16	A	0.997982854261	G	0.00201714573878	1979	0	4	0	1983	61623
UNKNOWN	17	G	0.996469994957	A	0.00353000504286	7	0	1976	0	1983	61623
UNKNOWN	18	T	0.998487140696	C	0.00151285930408	0	3	0	1980	1983	61623
UNKNOWN	19	C	0.999495713565	T	0.000504286434695	0	1982	0	1	1983	61623
UNKNOWN	20	G	0.963691376702	A	0.036308623298	72	0	1911	0	1983	61623
UNKNOWN	21	G	1.0	A	0.0	0	0	1983	0	1983	61623
UNKNOWN	22	G	0.997478567827	A	0.00201714573878	4	1	1978	0	1983	61623
UNKNOWN	23	C	0.998991427131	T	0.00100857286939	0	1981	0	2	1983	61623
UNKNOWN	24	C	0.999495713565	T	0.000504286434695	0	1982	0	1	1983	61623
UNKNOWN	25	C	1.0	A	0.0	0	1983	0	0	1983	61623
UNKNOWN	26	C	0.998991427131	A	0.000504286434695	1	1981	0	1	1983	61623
UNKNOWN	27	A	0.994957135653	G	0.00302571860817	1973	2	6	2	1983	61623
UNKNOWN	28	G	0.990418557741	A	0.00756429652042	15	4	1964	0	1983	61623
UNKNOWN	29	C	0.996974281392	T	0.00302571860817	0	1977	0	6	1983	61623
UNKNOWN	30	C	0.998487140696	T	0.00151285930408	0	1980	0	3	1983	61623
UNKNOWN	31	T	0.997478567827	C	0.00100857286939	1	2	2	1978	1983	61623
UNKNOWN	32	G	0.996974281392	A	0.00252143217347	5	1	1977	0	1983	61623
UNKNOWN	33	G	0.997478567827	A	0.00100857286939	2	1	1978	2	1983	61623
UNKNOWN	34	T	0.998487140696	C	0.00100857286939	0	2	1	1980	1983	61623
UNKNOWN	35	G	0.960161371659	A	0.0388300554715	77	1	1904	1	1983	61623
UNKNOWN	36	A	0.996974281392	C	0.00100857286939	1977	2	2	2	1983	61623
UNKNOWN	37	A	0.997478567827	G	0.00252143217347	1978	0	5	0	1983	61623
UNKNOWN	38	G	0.997478567827	A	0.00151285930408	3	1	1978	1	1983	61623
UNKNOWN	39	C	0.996974281392	T	0.00252143217347	0	1977	1	5	1983	61623
UNKNOWN	40	C	0.999495713565	T	0.000504286434695	0	1982	0	1	1983	61623
UNKNOWN	41	C	0.99243570348	T	0.00504286434695	0	1968	5	10	1983	61623
UNKNOWN	42	T	0.995461422088	C	0.00453857791225	0	9	0	1974	1983	61623
UNKNOWN	43	C	0.998991427131	A	0.000504286434695	1	1981	0	1	1983	61623
UNKNOWN	44	A	0.994957135653	C	0.00302571860817	1973	6	3	1	1983	61623
UNKNOWN	45	C	0.997982854261	G	0.00151285930408	1	1979	3	0	1983	61623
UNKNOWN	46	A	0.998487140696	G	0.00151285930408	1980	0	3	0	1983	61623
UNKNOWN	47	G	0.995965708522	A	0.00201714573878	4	4	1975	0	1983	61623
UNKNOWN	48	A	0.995461422088	C	0.00201714573878	1974	4	3	2	1983	61623
UNKNOWN	49	C	0.998991427131	G	0.00100857286939	0	1981	2	0	1983	61623
UNKNOWN	50	C	0.997982854261	A	0.00100857286939	2	1979	0	2	1983	61623
UNKNOWN	51	C	0.999495713565	T	0.000504286434695	0	1982	0	1	1983	61623
UNKNOWN	52	T	0.995965708522	C	0.00403429147756	0	8	0	1975	1983	61623
UNKNOWN	53	C	0.997478567827	T	0.00201714573878	1	1978	0	4	1983	61623
UNKNOWN	54	T	0.995461422088	C	0.00353000504286	0	7	2	1974	1983	61623
UNKNOWN	55	C	1.0	A	0.0	0	1983	0	0	1983	61623
UNKNOWN	56	C	0.995461422088	T	0.00252143217347	1	1974	3	5	1983	61623
UNKNOWN	57	C	0.996974281392	T	0.00252143217347	0	1977	1	5	1983	61623
UNKNOWN	58	T	0.994957135653	C	0.00504286434695	0	10	0	1973	1983	61623
UNKNOWN	59	C	0.999495713565	A	0.000504286434695	1	1982	0	0	1983	61623
UNKNOWN	60	A	0.99243570348	C	0.00504286434695	1968	10	5	0	1983	61623
UNKNOWN	61	C	0.996974281392	T	0.00151285930408	1	1977	2	3	1983	61623
UNKNOWN	62	C	0.995965708522	T	0.00201714573878	1	1975	3	4	1983	61623
UNKNOWN	63	T	0.998487140696	G	0.00100857286939	0	1	2	1980	1983	61623
UNKNOWN	64	G	0.997478567827	C	0.00151285930408	2	3	1978	0	1983	61623
UNKNOWN	65	C	0.996469994957	T	0.00252143217347	2	1976	0	5	1983	61623
UNKNOWN	66	A	0.988905698437	G	0.00554715078164	1961	8	11	3	1983	61623
UNKNOWN	67	C	0.996974281392	T	0.00201714573878	0	1977	2	4	1983	61623
UNKNOWN	68	G	0.995461422088	A	0.00353000504286	7	0	1974	2	1983	61623
UNKNOWN	69	G	0.957639939486	A	0.0277357539082	55	27	1899	2	1983	61623
UNKNOWN	70	T	0.990418557741	C	0.00907715582451	0	18	1	1964	1983	61623
UNKNOWN	71	C	0.965708522441	G	0.0237014624307	4	1915	47	17	1983	61623
UNKNOWN	72	T	0.994957135653	C	0.00453857791225	1	9	0	1973	1983	61623
UNKNOWN	73	C	0.998487140696	T	0.00100857286939	1	1980	0	2	1983	61623
UNKNOWN	74	T	0.995965708522	C	0.00252143217347	0	5	3	1975	1983	61623
UNKNOWN	75	G	0.99243570348	A	0.00756429652042	15	0	1968	0	1983	61623
UNKNOWN	76	G	0.994957135653	A	0.00403429147756	8	1	1973	1	1983	61623
UNKNOWN	77	A	0.993444276349	G	0.00252143217347	1970	4	5	4	1983	61623
UNKNOWN	78	T	0.993948562784	C	0.00302571860817	1	6	5	1971	1983	61623
UNKNOWN	79	T	0.995461422088	C	0.00403429147756	0	8	1	1974	1983	61623
UNKNOWN	80	C	0.99142713061	T	0.00504286434695	1	1966	6	10	1983	61623
UNKNOWN	81	T	0.995965708522	C	0.00403429147756	0	8	0	1975	1983	61623
UNKNOWN	82	C	0.995461422088	A	0.00252143217347	5	1974	0	4	1983	61623
UNKNOWN	83	A	0.996974281392	C	0.00100857286939	1977	2	2	2	1983	61623
UNKNOWN	84	T	0.990922844175	C	0.00907715582451	0	18	0	1965	1983	61623
UNKNOWN	85	T	0.997982854261	G	0.00151285930408	0	1	3	1979	1983	61623
UNKNOWN	86	G	0.985375693394	A	0.0131114473021	26	1	1954	2	1983	61623
UNKNOWN	87	A	0.992939989914	C	0.00403429147756	1969	8	6	0	1983	61623
UNKNOWN	88	G	0.929399899143	A	0.0489157841654	97	21	1843	22	1983	61623
UNKNOWN	89	C	0.98285426122	G	0.00655572365103	9	1949	13	12	1983	61623
UNKNOWN	90	A	0.96671709531	G	0.0277357539082	1917	11	55	0	1983	61623
UNKNOWN	91	G	0.893595562279	A	0.0736258194655	146	52	1772	13	1983	61623
UNKNOWN	92	C	0.900655572365	G	0.0736258194655	3	1786	146	48	1983	61623
UNKNOWN	93	A	0.891578416541	T	0.0615229450328	1768	7	86	122	1983	61623
UNKNOWN	94	A	0.922844175492	G	0.0630358043369	1830	20	125	8	1983	61623
UNKNOWN	95	T	0.954614220877	G	0.0282400403429	18	16	56	1893	1983	61623
UNKNOWN	96	G	0.872919818457	A	0.121533030761	241	6	1731	5	1983	61623
UNKNOWN	97	G	0.699949571357	A	0.166414523449	330	210	1388	55	1983	61623
UNKNOWN	98	T	0.986384266263	C	0.00655572365103	1	13	13	1956	1983	61623
UNKNOWN	99	G	0.963187090267	A	0.0342914775593	68	1	1910	4	1983	61623
UNKNOWN	100	T	0.994452849218	C	0.00353000504286	3	7	1	1972	1983	61623
UNKNOWN	101	A	0.981845688351	G	0.0126071608674	1947	8	25	3	1983	61623
UNKNOWN	102	G	0.76802824004	A	0.116994452849	232	194	1523	34	1983	61623
UNKNOWN	103	T	0.90015128593	G	0.0524457892083	69	25	104	1785	1983	61623
UNKNOWN	104	C	0.934947049924	G	0.0423600605144	4	1854	84	41	1983	61623
UNKNOWN	105	T	0.997982854261	G	0.00151285930408	0	1	3	1979	1983	61623
UNKNOWN	106	G	1.0	A	0.0	0	0	1983	0	1983	61623
UNKNOWN	107	G	0.998487140696	C	0.00100857286939	1	2	1980	0	1983	61623
UNKNOWN	108	G	0.977307110439	A	0.0121028744327	24	14	1938	7	1983	61623
UNKNOWN	109	T	0.994957135653	C	0.00353000504286	1	7	2	1973	1983	61623
UNKNOWN	110	C	0.992939989914	G	0.00353000504286	1	1969	7	6	1983	61623
UNKNOWN	111	C	0.997478567827	G	0.00151285930408	0	1978	3	2	1983	61623
UNKNOWN	112	G	0.997982854261	C	0.00151285930408	1	3	1979	0	1983	61623
UNKNOWN	113	C	0.99142713061	A	0.00554715078164	11	1966	0	6	1983	61623
UNKNOWN	114	C	0.997982854261	A	0.00201714573878	4	1979	0	0	1983	61623
UNKNOWN	115	A	0.993948562784	G	0.00504286434695	1971	1	10	1	1983	61623
UNKNOWN	116	G	0.996469994957	A	0.00252143217347	5	0	1976	2	1983	61623
UNKNOWN	117	G	0.98285426122	A	0.0141200201715	28	6	1949	0	1983	61623
UNKNOWN	118	C	0.990418557741	T	0.00504286434695	1	1964	8	10	1983	61623
UNKNOWN	119	T	0.994452849218	C	0.00504286434695	0	10	1	1972	1983	61623
UNKNOWN	120	C	0.996469994957	T	0.00302571860817	1	1976	0	6	1983	61623
UNKNOWN	121	C	0.995461422088	T	0.00302571860817	3	1974	0	6	1983	61623
UNKNOWN	122	A	0.986888552698	G	0.0110943015633	1957	3	22	1	1983	61623
UNKNOWN	123	G	0.998991427131	A	0.000504286434695	1	1	1981	0	1983	61623
UNKNOWN	124	G	0.996974281392	A	0.00302571860817	6	0	1977	0	1983	61623
UNKNOWN	125	G	0.988905698437	A	0.0095814422592	19	2	1961	1	1983	61623
UNKNOWN	126	A	0.997982854261	G	0.00201714573878	1979	0	4	0	1983	61623
UNKNOWN	127	A	0.988905698437	G	0.00857286938981	1961	5	17	0	1983	61623
UNKNOWN	128	G	0.996469994957	A	0.00302571860817	6	0	1976	1	1983	61623
UNKNOWN	129	G	0.964195663137	A	0.0332829046899	66	5	1912	0	1983	61623
UNKNOWN	130	C	0.996469994957	T	0.00201714573878	0	1976	3	4	1983	61623
UNKNOWN	131	G	0.987392839133	A	0.00756429652042	15	5	1958	5	1983	61623
UNKNOWN	132	C	0.995461422088	T	0.00302571860817	1	1974	2	6	1983	61623
UNKNOWN	133	T	0.995965708522	C	0.00252143217347	0	5	3	1975	1983	61623
UNKNOWN	134	G	0.953101361573	A	0.0418557740797	83	0	1890	10	1983	61623
UNKNOWN	135	G	0.995461422088	C	0.00252143217347	4	5	1974	0	1983	61623
UNKNOWN	136	A	0.997478567827	G	0.00201714573878	1978	1	4	0	1983	61623
UNKNOWN	137	G	0.985375693394	A	0.0131114473021	26	0	1954	3	1983	61623
UNKNOWN	138	T	0.996469994957	C	0.00151285930408	1	3	3	1976	1983	61623
UNKNOWN	139	G	0.997982854261	T	0.00100857286939	1	1	1979	2	1983	61623
UNKNOWN	140	G	0.979828542612	C	0.0131114473021	0	26	1943	14	1983	61623
UNKNOWN	141	C	0.981341401916	G	0.0151285930408	3	1946	30	4	1983	61623
UNKNOWN	142	T	0.995965708522	C	0.00353000504286	0	7	1	1975	1983	61623
UNKNOWN	143	C	0.978819969743	T	0.0176500252143	1	1941	6	35	1983	61623
UNKNOWN	144	G	0.996469994957	A	0.00353000504286	7	0	1976	0	1983	61623
UNKNOWN	145	G	0.995965708522	T	0.00302571860817	1	1	1975	6	1983	61623
UNKNOWN	146	T	0.988905698437	A	0.00554715078164	11	4	7	1961	1983	61623
UNKNOWN	147	G	0.774583963691	A	0.195663136662	388	19	1536	40	1983	61623
UNKNOWN	148	G	0.800806858296	A	0.0872415532022	173	128	1588	94	1983	61623
UNKNOWN	149	T	0.928391326273	C	0.0403429147756	39	80	23	1841	1983	61623
UNKNOWN	150	A	0.926374180535	G	0.0675743822491	1837	0	134	12	1983	61623
UNKNOWN	151	T	0.990922844175	C	0.00504286434695	3	10	5	1965	1983	61623
UNKNOWN	152	A	0.979324256178	G	0.0110943015633	1942	7	22	12	1983	61623
UNKNOWN	153	T	0.95915279879	A	0.0186585980837	37	12	32	1902	1983	61623
UNKNOWN	154	G	0.960665658094	T	0.0206757438225	26	11	1905	41	1983	61623
UNKNOWN	155	C	0.906202723147	T	0.0872415532022	8	1797	5	173	1983	61623
UNKNOWN	156	A	0.772566817953	G	0.217851739788	1532	16	432	3	1983	61623
UNKNOWN	157	G	0.922339889057	T	0.0287443267776	52	45	1829	57	1983	61623
UNKNOWN	158	T	0.945537065053	G	0.041351487645	16	10	82	1875	1983	61623
UNKNOWN	159	G	0.870902672718	A	0.112455874937	223	31	1727	2	1983	61623
UNKNOWN	160	G	0.871406959153	A	0.11598587998	230	14	1728	11	1983	61623
UNKNOWN	161	T	0.947554210792	C	0.0358043368633	13	71	20	1879	1983	61623
UNKNOWN	162	G	0.989914271306	A	0.00655572365103	13	2	1963	5	1983	61623
UNKNOWN	163	G	0.977811396873	A	0.0166414523449	33	10	1939	1	1983	61623
UNKNOWN	164	A	0.969742813918	G	0.0211800302572	1923	8	42	10	1983	61623
UNKNOWN	165	A	0.90973272819	G	0.0832072617247	1804	12	165	2	1983	61623
UNKNOWN	166	G	0.856278366112	C	0.071104387292	118	141	1698	26	1983	61623
UNKNOWN	167	C	0.890569843671	G	0.0499243570348	31	1766	99	87	1983	61623
UNKNOWN	168	A	0.982349974786	G	0.00806858295512	1948	8	16	11	1983	61623
UNKNOWN	169	C	0.979828542612	T	0.0110943015633	7	1943	11	22	1983	61623
UNKNOWN	170	A	0.977811396873	C	0.0131114473021	1939	26	10	8	1983	61623
UNKNOWN	171	A	0.907715582451	G	0.0771558245083	1800	8	153	22	1983	61623
UNKNOWN	172	G	0.737771053959	A	0.172465960666	342	145	1463	33	1983	61623
UNKNOWN	173	C	0.890569843671	T	0.0706001008573	16	1766	61	140	1983	61623
UNKNOWN	174	T	0.991931417045	C	0.00554715078164	4	11	1	1967	1983	61623
UNKNOWN	175	T	0.945032778618	A	0.0423600605144	84	10	15	1874	1983	61623
UNKNOWN	176	T	0.9752899647	C	0.0121028744327	10	24	15	1934	1983	61623
UNKNOWN	177	A	0.987897125567	G	0.00554715078164	1959	10	11	3	1983	61623
UNKNOWN	178	A	0.972768532526	C	0.0247100353001	1929	49	5	0	1983	61623
UNKNOWN	179	C	0.932929904186	T	0.0630358043369	3	1850	5	125	1983	61623
UNKNOWN	180	C	0.944528492184	T	0.0307614725164	16	1873	33	61	1983	61623
UNKNOWN	181	C	0.991931417045	T	0.00504286434695	4	1967	2	10	1983	61623
UNKNOWN	182	A	0.99243570348	G	0.00403429147756	1968	5	8	2	1983	61623
UNKNOWN	183	G	0.951084215835	A	0.0373171961674	74	9	1886	14	1983	61623
UNKNOWN	184	C	0.9752899647	T	0.0171457387796	4	1934	11	34	1983	61623
UNKNOWN	185	C	0.995461422088	T	0.00201714573878	2	1974	3	4	1983	61623
UNKNOWN	186	C	0.991931417045	T	0.00504286434695	4	1967	2	10	1983	61623
UNKNOWN	187	T	0.996974281392	G	0.00151285930408	2	1	3	1977	1983	61623
UNKNOWN	188	G	0.964195663137	A	0.0332829046899	66	2	1912	3	1983	61623
UNKNOWN	189	A	0.989914271306	C	0.00554715078164	1963	11	6	3	1983	61623
UNKNOWN	190	A	0.993948562784	C	0.00504286434695	1971	10	0	2	1983	61623
UNKNOWN	191	A	0.991931417045	G	0.00302571860817	1967	5	6	5	1983	61623
UNKNOWN	192	T	0.988905698437	C	0.00504286434695	3	10	9	1961	1983	61623
UNKNOWN	193	C	0.973777105396	A	0.0242057488654	48	1931	2	2	1983	61623
UNKNOWN	194	C	0.979828542612	T	0.0126071608674	2	1943	13	25	1983	61623
UNKNOWN	195	C	0.996974281392	G	0.00151285930408	1	1977	3	2	1983	61623
UNKNOWN	196	G	0.995965708522	T	0.00252143217347	3	0	1975	5	1983	61623
UNKNOWN	197	G	0.911245587494	A	0.0504286434695	100	20	1807	56	1983	61623
UNKNOWN	198	C	0.985375693394	G	0.00706001008573	9	1954	14	6	1983	61623
UNKNOWN	199	T	0.994957135653	C	0.00302571860817	1	6	3	1973	1983	61623
UNKNOWN	200	C	0.99142713061	T	0.00403429147756	6	1966	3	8	1983	61623
UNKNOWN	201	A	0.990418557741	G	0.00706001008573	1964	4	14	1	1983	61623
UNKNOWN	202	G	0.974281391831	C	0.0176500252143	5	35	1932	11	1983	61623
UNKNOWN	203	C	0.945032778618	T	0.0443772062532	5	1874	16	88	1983	61623
UNKNOWN	204	A	0.982349974786	G	0.00907715582451	1948	13	18	4	1983	61623
UNKNOWN	205	T	0.994452849218	C	0.00504286434695	1	10	0	1972	1983	61623
UNKNOWN	206	C	0.990922844175	A	0.00554715078164	11	1965	0	7	1983	61623
UNKNOWN	207	A	0.989914271306	G	0.00857286938981	1963	2	17	1	1983	61623
UNKNOWN	208	C	0.98386283409	G	0.0100857286939	5	1951	20	7	1983	61623
UNKNOWN	209	C	0.95915279879	T	0.0201714573878	8	1902	33	40	1983	61623
UNKNOWN	210	A	0.994452849218	G	0.00403429147756	1972	2	8	1	1983	61623
UNKNOWN	211	A	0.988905698437	G	0.0095814422592	1961	2	19	1	1983	61623
UNKNOWN	212	G	0.969742813918	A	0.023197175996	46	11	1923	3	1983	61623
UNKNOWN	213	G	0.992939989914	A	0.00706001008573	14	0	1969	0	1983	61623
UNKNOWN	214	A	0.994957135653	C	0.00252143217347	1973	5	3	2	1983	61623
UNKNOWN	215	C	0.931921331316	A	0.054462934947	108	1848	5	22	1983	61623
UNKNOWN	216	A	0.99142713061	G	0.00554715078164	1966	2	11	4	1983	61623
UNKNOWN	217	A	0.979324256178	G	0.0121028744327	1942	17	24	0	1983	61623
UNKNOWN	218	C	0.982349974786	T	0.0126071608674	4	1948	6	25	1983	61623
UNKNOWN	219	T	0.99142713061	C	0.00353000504286	6	7	4	1966	1983	61623
UNKNOWN	220	C	0.989409984871	T	0.00706001008573	6	1962	1	14	1983	61623
UNKNOWN	221	C	0.98386283409	T	0.0110943015633	6	1951	4	22	1983	61623
UNKNOWN	222	A	0.984871406959	G	0.00756429652042	1953	14	15	1	1983	61623
UNKNOWN	223	A	0.985879979829	G	0.0131114473021	1955	2	26	0	1983	61623
UNKNOWN	224	G	0.977811396873	C	0.0161371659102	9	32	1939	3	1983	61623
UNKNOWN	225	A	0.986384266263	G	0.00907715582451	1956	9	18	0	1983	61623
UNKNOWN	226	G	0.952597075139	A	0.0292486132123	58	33	1889	3	1983	61623
UNKNOWN	227	C	0.967221381745	T	0.0211800302572	6	1918	17	42	1983	61623
UNKNOWN	228	C	0.993948562784	G	0.00453857791225	3	1971	9	0	1983	61623
UNKNOWN	229	A	0.993948562784	T	0.00252143217347	1971	2	5	5	1983	61623
UNKNOWN	230	A	0.98386283409	G	0.0136157337368	1951	3	27	2	1983	61623
UNKNOWN	231	G	0.966212808875	A	0.0237014624307	47	12	1916	8	1983	61623
UNKNOWN	232	T	0.991931417045	C	0.00554715078164	2	11	3	1967	1983	61623
UNKNOWN	233	C	0.94200706001	G	0.041351487645	11	1868	82	22	1983	61623
UNKNOWN	234	T	0.986888552698	G	0.00655572365103	2	11	13	1957	1983	61623
UNKNOWN	235	C	0.984871406959	T	0.0121028744327	6	1953	0	24	1983	61623
UNKNOWN	236	T	0.981845688351	C	0.00857286938981	2	17	17	1947	1983	61623
UNKNOWN	237	C	0.993948562784	T	0.00453857791225	3	1971	0	9	1983	61623
UNKNOWN	238	T	0.991931417045	G	0.00453857791225	1	6	9	1967	1983	61623
UNKNOWN	239	G	0.947049924357	A	0.041351487645	82	15	1878	8	1983	61623
UNKNOWN	240	T	0.989409984871	C	0.00403429147756	5	8	8	1962	1983	61623
UNKNOWN	241	C	0.990418557741	T	0.00655572365103	4	1964	2	13	1983	61623
UNKNOWN	242	A	0.969238527484	G	0.0201714573878	1922	19	40	2	1983	61623
UNKNOWN	243	G	0.9011598588	C	0.0519415027736	71	103	1787	22	1983	61623
UNKNOWN	244	T	0.990418557741	C	0.00504286434695	2	10	7	1964	1983	61623
UNKNOWN	245	G	0.977811396873	A	0.0136157337368	27	8	1939	9	1983	61623
UNKNOWN	246	A	0.98285426122	G	0.0121028744327	1949	9	24	1	1983	61623
UNKNOWN	247	G	0.921835602622	A	0.0559757942511	111	36	1828	8	1983	61623
UNKNOWN	248	C	0.953605648008	T	0.036308623298	11	1891	9	72	1983	61623
UNKNOWN	249	A	0.985375693394	G	0.0110943015633	1954	6	22	1	1983	61623
UNKNOWN	250	G	0.974785678265	C	0.0141200201715	13	28	1933	9	1983	61623
UNKNOWN	251	C	0.986384266263	T	0.00605143721634	3	1956	12	12	1983	61623
UNKNOWN	252	G	0.984871406959	A	0.0110943015633	22	3	1953	5	1983	61623
UNKNOWN	253	T	0.993444276349	C	0.00353000504286	2	7	4	1970	1983	61623
UNKNOWN	254	G	0.970247100353	A	0.0252143217347	50	5	1924	4	1983	61623
UNKNOWN	255	A	0.986888552698	G	0.00806858295512	1957	7	16	3	1983	61623
UNKNOWN	256	C	0.994452849218	A	0.00302571860817	6	1972	2	3	1983	61623
UNKNOWN	257	A	0.963187090267	G	0.0201714573878	1910	16	40	17	1983	61623
UNKNOWN	258	C	0.819465456379	A	0.114473020676	227	1625	121	10	1983	61623
UNKNOWN	259	C	0.979828542612	T	0.0110943015633	9	1943	9	22	1983	61623
UNKNOWN	260	T	0.981845688351	G	0.00907715582451	3	15	18	1947	1983	61623
UNKNOWN	261	G	0.994452849218	A	0.00453857791225	9	0	1972	2	1983	61623
UNKNOWN	262	A	0.99243570348	G	0.00504286434695	1968	4	10	1	1983	61623
UNKNOWN	263	G	0.946545637922	A	0.0307614725164	61	37	1877	8	1983	61623
UNKNOWN	264	G	0.987897125567	A	0.0095814422592	19	0	1959	5	1983	61623
UNKNOWN	265	A	0.988401412002	C	0.0100857286939	1960	20	2	1	1983	61623
UNKNOWN	266	C	0.970751386788	T	0.0176500252143	18	1925	5	35	1983	61623
UNKNOWN	267	A	0.969238527484	G	0.0166414523449	1922	6	33	22	1983	61623
UNKNOWN	268	C	0.986888552698	G	0.00756429652042	5	1957	15	6	1983	61623
UNKNOWN	269	G	0.989409984871	A	0.00403429147756	8	6	1962	7	1983	61623
UNKNOWN	270	G	0.984367120524	A	0.00706001008573	14	4	1952	13	1983	61623
UNKNOWN	271	C	0.991931417045	A	0.00403429147756	8	1967	6	2	1983	61623
UNKNOWN	272	C	0.988905698437	A	0.00907715582451	18	1961	1	3	1983	61623
UNKNOWN	273	A	0.985375693394	G	0.0095814422592	1954	5	19	5	1983	61623
UNKNOWN	274	C	0.980332829047	A	0.00907715582451	18	1944	9	12	1983	61623
UNKNOWN	275	A	0.965708522441	G	0.0252143217347	1915	7	50	11	1983	61623
UNKNOWN	276	T	0.990418557741	G	0.00403429147756	7	4	8	1964	1983	61623
UNKNOWN	277	A	0.987897125567	C	0.00655572365103	1959	13	6	5	1983	61623
UNKNOWN	278	C	0.941502773575	T	0.0574886535552	2	1867	0	114	1983	61623
UNKNOWN	279	T	0.983358547655	A	0.00554715078164	11	11	11	1950	1983	61623
UNKNOWN	280	A	0.969238527484	T	0.0151285930408	1922	22	9	30	1983	61623
UNKNOWN	281	C	0.946545637922	T	0.0509329299042	4	1877	1	101	1983	61623
UNKNOWN	282	T	0.986888552698	G	0.0095814422592	6	1	19	1957	1983	61623
