Type	Position	Nucl1	Freq1	Nucl2	Freq2	NumAs	NumCs	NumGs	NumTs	NumAligned	NumNaive
UNKNOWN	0	C	1.0	A	0.0	0	2284	0	0	2284	153005
UNKNOWN	1	A	1.0	C	0.0	2284	0	0	0	2284	153005
UNKNOWN	2	G	1.0	A	0.0	0	0	2284	0	2284	153005
UNKNOWN	3	G	1.0	A	0.0	0	0	2284	0	2284	153005
UNKNOWN	4	T	1.0	A	0.0	0	0	0	2284	2284	153005
UNKNOWN	5	G	1.0	A	0.0	0	0	2284	0	2284	153005
UNKNOWN	6	C	1.0	A	0.0	0	2284	0	0	2284	153005
UNKNOWN	7	A	0.995183887916	G	0.00350262697023	2273	1	8	2	2284	153005
UNKNOWN	8	G	0.983362521891	A	0.0131348511384	30	6	2246	2	2284	153005
UNKNOWN	9	C	0.993870402802	T	0.0061295971979	0	2270	0	14	2284	153005
UNKNOWN	10	T	0.999562171629	C	0.000437828371278	0	1	0	2283	2284	153005
UNKNOWN	11	G	1.0	A	0.0	0	0	2284	0	2284	153005
UNKNOWN	12	C	0.999124343257	T	0.000437828371278	0	2282	1	1	2284	153005
UNKNOWN	13	G	0.995183887916	A	0.00437828371278	10	1	2273	0	2284	153005
UNKNOWN	14	G	0.947460595447	C	0.050350262697	2	115	2164	3	2284	153005
UNKNOWN	15	G	0.996935201401	C	0.00218914185639	0	5	2277	2	2284	153005
UNKNOWN	16	A	0.997810858144	G	0.00175131348511	2279	0	4	1	2284	153005
UNKNOWN	17	G	0.99649737303	A	0.00218914185639	5	3	2276	0	2284	153005
UNKNOWN	18	T	0.998686514886	G	0.000875656742557	0	1	2	2281	2284	153005
UNKNOWN	19	C	0.999562171629	G	0.000437828371278	0	2283	1	0	2284	153005
UNKNOWN	20	G	0.997810858144	A	0.00131348511384	3	1	2279	1	2284	153005
UNKNOWN	21	G	0.997810858144	C	0.00131348511384	0	3	2279	2	2284	153005
UNKNOWN	22	G	0.999124343257	C	0.000437828371278	0	1	2282	1	2284	153005
UNKNOWN	23	C	1.0	A	0.0	0	2284	0	0	2284	153005
UNKNOWN	24	C	0.99299474606	A	0.00394045534151	9	2268	3	4	2284	153005
UNKNOWN	25	C	1.0	A	0.0	0	2284	0	0	2284	153005
UNKNOWN	26	C	0.998686514886	T	0.000875656742557	1	2281	0	2	2284	153005
UNKNOWN	27	A	0.998686514886	G	0.00131348511384	2281	0	3	0	2284	153005
UNKNOWN	28	G	0.993870402802	A	0.00481611208406	11	3	2270	0	2284	153005
UNKNOWN	29	C	0.99649737303	T	0.00350262697023	0	2276	0	8	2284	153005
UNKNOWN	30	C	0.996935201401	T	0.00218914185639	0	2277	2	5	2284	153005
UNKNOWN	31	T	0.996935201401	C	0.00262697022767	0	6	1	2277	2284	153005
UNKNOWN	32	G	0.999562171629	A	0.000437828371278	1	0	2283	0	2284	153005
UNKNOWN	33	G	0.994308231173	C	0.00262697022767	5	6	2271	2	2284	153005
UNKNOWN	34	T	0.995621716287	C	0.00394045534151	0	9	1	2274	2284	153005
UNKNOWN	35	G	0.998686514886	C	0.000875656742557	1	2	2281	0	2284	153005
UNKNOWN	36	A	0.995183887916	G	0.00262697022767	2273	4	6	1	2284	153005
UNKNOWN	37	A	0.992119089317	G	0.00525394045534	2266	6	12	0	2284	153005
UNKNOWN	38	G	0.999562171629	C	0.000437828371278	0	1	2283	0	2284	153005
UNKNOWN	39	C	0.99649737303	G	0.00306479859895	0	2276	7	1	2284	153005
UNKNOWN	40	C	0.999124343257	T	0.000437828371278	0	2282	1	1	2284	153005
UNKNOWN	41	C	0.99649737303	G	0.00218914185639	1	2276	5	2	2284	153005
UNKNOWN	42	T	0.99649737303	C	0.00306479859895	1	7	0	2276	2284	153005
UNKNOWN	43	C	0.998686514886	A	0.000875656742557	2	2281	0	1	2284	153005
UNKNOWN	44	A	0.991243432574	G	0.0061295971979	2264	5	14	1	2284	153005
UNKNOWN	45	C	0.998686514886	G	0.000875656742557	1	2281	2	0	2284	153005
UNKNOWN	46	A	0.997810858144	G	0.00131348511384	2279	2	3	0	2284	153005
UNKNOWN	47	G	0.994308231173	A	0.00437828371278	10	3	2271	0	2284	153005
UNKNOWN	48	A	0.997373029772	G	0.00175131348511	2278	2	4	0	2284	153005
UNKNOWN	49	C	0.999124343257	T	0.000437828371278	0	2282	1	1	2284	153005
UNKNOWN	50	C	0.997810858144	T	0.000875656742557	1	2279	2	2	2284	153005
UNKNOWN	51	C	0.998248686515	A	0.000875656742557	2	2280	1	1	2284	153005
UNKNOWN	52	T	0.99649737303	C	0.00350262697023	0	8	0	2276	2284	153005
UNKNOWN	53	C	0.992556917688	G	0.0061295971979	0	2267	14	3	2284	153005
UNKNOWN	54	T	0.997373029772	C	0.00262697022767	0	6	0	2278	2284	153005
UNKNOWN	55	C	0.999562171629	T	0.000437828371278	0	2283	0	1	2284	153005
UNKNOWN	56	C	0.997810858144	G	0.00131348511384	1	2279	3	1	2284	153005
UNKNOWN	57	C	0.997373029772	T	0.00131348511384	0	2278	3	3	2284	153005
UNKNOWN	58	T	0.99649737303	C	0.00306479859895	0	7	1	2276	2284	153005
UNKNOWN	59	C	0.998686514886	T	0.000875656742557	1	2281	0	2	2284	153005
UNKNOWN	60	A	0.998248686515	G	0.00131348511384	2280	1	3	0	2284	153005
UNKNOWN	61	C	0.99299474606	T	0.00656742556918	1	2268	0	15	2284	153005
UNKNOWN	62	C	0.995183887916	T	0.00350262697023	0	2273	3	8	2284	153005
UNKNOWN	63	T	0.994746059545	C	0.00437828371278	0	10	2	2272	2284	153005
UNKNOWN	64	G	0.998686514886	C	0.000875656742557	1	2	2281	0	2284	153005
UNKNOWN	65	C	0.998686514886	T	0.000875656742557	1	2281	0	2	2284	153005
UNKNOWN	66	A	0.993870402802	C	0.00218914185639	2270	5	4	5	2284	153005
UNKNOWN	67	C	0.997810858144	G	0.00131348511384	0	2279	3	2	2284	153005
UNKNOWN	68	G	0.984676007005	A	0.010945709282	25	1	2249	9	2284	153005
UNKNOWN	69	G	0.97591943958	A	0.018826619965	43	2	2229	10	2284	153005
UNKNOWN	70	T	0.988616462347	C	0.0100700525394	1	23	2	2258	2284	153005
UNKNOWN	71	C	0.989054290718	G	0.00656742556918	2	2259	15	8	2284	153005
UNKNOWN	72	T	0.997810858144	C	0.00175131348511	0	4	1	2279	2284	153005
UNKNOWN	73	C	0.998686514886	A	0.000437828371278	1	2281	1	1	2284	153005
UNKNOWN	74	T	0.990805604203	C	0.00525394045534	0	12	9	2263	2284	153005
UNKNOWN	75	G	0.981611208406	A	0.0166374781086	38	4	2242	0	2284	153005
UNKNOWN	76	G	0.997373029772	A	0.00131348511384	3	1	2278	2	2284	153005
UNKNOWN	77	A	0.991243432574	C	0.00437828371278	2264	10	6	4	2284	153005
UNKNOWN	78	T	0.950087565674	C	0.0468476357268	0	107	7	2170	2284	153005
UNKNOWN	79	T	0.992119089317	C	0.00656742556918	0	15	3	2266	2284	153005
UNKNOWN	80	C	0.983362521891	G	0.0140105078809	1	2246	32	5	2284	153005
UNKNOWN	81	T	0.99649737303	C	0.00262697022767	1	6	1	2276	2284	153005
UNKNOWN	82	C	0.99649737303	T	0.00262697022767	2	2276	0	6	2284	153005
UNKNOWN	83	A	0.989929947461	G	0.00831873905429	2261	0	19	4	2284	153005
UNKNOWN	84	T	0.985989492119	C	0.0135726795096	0	31	1	2252	2284	153005
UNKNOWN	85	T	0.997373029772	C	0.00175131348511	1	4	1	2278	2284	153005
UNKNOWN	86	G	0.987302977233	A	0.0122591943958	28	1	2255	0	2284	153005
UNKNOWN	87	A	0.988178633975	G	0.00656742556918	2257	12	15	0	2284	153005
UNKNOWN	88	G	0.973292469352	A	0.0122591943958	28	17	2223	16	2284	153005
UNKNOWN	89	C	0.970665499124	T	0.0223292469352	4	2217	12	51	2284	153005
UNKNOWN	90	A	0.984676007005	G	0.0113835376532	2249	8	26	1	2284	153005
UNKNOWN	91	G	0.938704028021	A	0.034588441331	79	33	2144	28	2284	153005
UNKNOWN	92	C	0.963660245184	T	0.0227670753065	18	2201	13	52	2284	153005
UNKNOWN	93	A	0.820052539405	T	0.149737302977	1873	15	54	342	2284	153005
UNKNOWN	94	A	0.968914185639	G	0.0166374781086	2213	14	38	19	2284	153005
UNKNOWN	95	T	0.964535901926	G	0.0240805604203	11	15	55	2203	2284	153005
UNKNOWN	96	G	0.866900175131	A	0.102014010508	233	61	1980	10	2284	153005
UNKNOWN	97	G	0.681698774081	C	0.1676882662	305	383	1557	39	2284	153005
UNKNOWN	98	T	0.981173380035	C	0.0161996497373	1	37	5	2241	2284	153005
UNKNOWN	99	G	0.985989492119	A	0.0118213660245	27	0	2252	5	2284	153005
UNKNOWN	100	T	0.994746059545	C	0.00394045534151	1	9	2	2272	2284	153005
UNKNOWN	101	A	0.93476357268	T	0.0490367775832	2135	4	33	112	2284	153005
UNKNOWN	102	G	0.847197898424	A	0.142732049037	326	16	1935	7	2284	153005
UNKNOWN	103	G	0.856392294221	A	0.106392294221	243	47	1956	38	2284	153005
UNKNOWN	104	C	0.985551663748	G	0.00569176882662	9	2251	13	11	2284	153005
UNKNOWN	105	T	0.996935201401	C	0.00175131348511	0	4	3	2277	2284	153005
UNKNOWN	106	G	1.0	A	0.0	0	0	2284	0	2284	153005
UNKNOWN	107	G	0.998686514886	T	0.000875656742557	1	0	2281	2	2284	153005
UNKNOWN	108	G	0.993870402802	T	0.00350262697023	4	2	2270	8	2284	153005
UNKNOWN	109	T	0.993870402802	C	0.0061295971979	0	14	0	2270	2284	153005
UNKNOWN	110	C	0.99299474606	T	0.00481611208406	3	2268	2	11	2284	153005
UNKNOWN	111	C	0.998248686515	G	0.000875656742557	1	2280	2	1	2284	153005
UNKNOWN	112	G	0.998248686515	C	0.00131348511384	0	3	2280	1	2284	153005
UNKNOWN	113	C	0.998248686515	T	0.000875656742557	1	2280	1	2	2284	153005
UNKNOWN	114	C	0.997810858144	A	0.00175131348511	4	2279	1	0	2284	153005
UNKNOWN	115	A	0.989054290718	G	0.0105078809107	2259	0	24	1	2284	153005
UNKNOWN	116	G	0.999562171629	C	0.000437828371278	0	1	2283	0	2284	153005
UNKNOWN	117	G	0.990367775832	A	0.0061295971979	14	6	2262	2	2284	153005
UNKNOWN	118	C	0.997810858144	T	0.00175131348511	1	2279	0	4	2284	153005
UNKNOWN	119	T	0.99299474606	C	0.00437828371278	1	10	5	2268	2284	153005
UNKNOWN	120	C	0.997373029772	T	0.00131348511384	1	2278	2	3	2284	153005
UNKNOWN	121	C	0.99649737303	G	0.00175131348511	3	2276	4	1	2284	153005
UNKNOWN	122	A	0.989054290718	G	0.0100700525394	2259	2	23	0	2284	153005
UNKNOWN	123	G	0.998248686515	A	0.00131348511384	3	1	2280	0	2284	153005
UNKNOWN	124	G	0.999562171629	A	0.000437828371278	1	0	2283	0	2284	153005
UNKNOWN	125	G	0.978984238179	A	0.0197022767075	45	1	2236	2	2284	153005
UNKNOWN	126	A	0.995183887916	G	0.00394045534151	2273	2	9	0	2284	153005
UNKNOWN	127	A	0.987740805604	G	0.0118213660245	2256	1	27	0	2284	153005
UNKNOWN	128	G	0.99649737303	A	0.00262697022767	6	1	2276	1	2284	153005
UNKNOWN	129	G	0.992119089317	A	0.00481611208406	11	7	2266	0	2284	153005
UNKNOWN	130	C	0.998686514886	G	0.000875656742557	1	2281	2	0	2284	153005
UNKNOWN	131	G	0.963222416813	A	0.0271453590193	62	20	2200	2	2284	153005
UNKNOWN	132	C	0.994308231173	T	0.00437828371278	2	2271	1	10	2284	153005
UNKNOWN	133	T	0.989054290718	C	0.00744308231173	0	17	8	2259	2284	153005
UNKNOWN	134	G	0.98642732049	A	0.0122591943958	28	2	2253	1	2284	153005
UNKNOWN	135	G	0.993870402802	A	0.00569176882662	13	0	2270	1	2284	153005
UNKNOWN	136	A	0.99649737303	G	0.00175131348511	2276	2	4	2	2284	153005
UNKNOWN	137	G	0.951838879159	A	0.045534150613	104	3	2174	3	2284	153005
UNKNOWN	138	T	0.993870402802	A	0.00262697022767	6	2	6	2270	2284	153005
UNKNOWN	139	G	0.995621716287	T	0.00350262697023	2	0	2274	8	2284	153005
UNKNOWN	140	G	0.981611208406	T	0.0135726795096	1	10	2242	31	2284	153005
UNKNOWN	141	G	0.929071803853	A	0.0389667250438	89	68	2122	5	2284	153005
UNKNOWN	142	T	0.99299474606	C	0.00350262697023	0	8	8	2268	2284	153005
UNKNOWN	143	T	0.980735551664	C	0.0118213660245	7	27	10	2240	2284	153005
UNKNOWN	144	G	0.985989492119	A	0.0113835376532	26	1	2252	5	2284	153005
UNKNOWN	145	G	0.985551663748	C	0.0105078809107	2	24	2251	7	2284	153005
UNKNOWN	146	T	0.967600700525	G	0.0148861646235	22	18	34	2210	2284	153005
UNKNOWN	147	G	0.796409807356	A	0.177758318739	406	40	1819	19	2284	153005
UNKNOWN	148	G	0.779772329247	A	0.143607705779	328	137	1781	38	2284	153005
UNKNOWN	149	T	0.957092819615	C	0.0192644483363	33	44	21	2186	2284	153005
UNKNOWN	150	A	0.930385288967	G	0.0608581436077	2125	8	139	12	2284	153005
UNKNOWN	151	T	0.98642732049	A	0.00481611208406	11	10	10	2253	2284	153005
UNKNOWN	152	A	0.940455341506	G	0.0323992994746	2148	33	74	29	2284	153005
UNKNOWN	153	G	0.881786339755	A	0.0836252189142	191	53	2014	26	2284	153005
UNKNOWN	154	A	0.880472854641	G	0.0941330998249	2011	37	215	21	2284	153005
UNKNOWN	155	T	0.807793345009	G	0.0915061295972	73	157	209	1845	2284	153005
UNKNOWN	156	A	0.689579684764	G	0.231173380035	1575	59	528	122	2284	153005
UNKNOWN	157	A	0.792907180385	G	0.108581436077	1811	109	248	116	2284	153005
UNKNOWN	158	T	0.919001751313	G	0.0433450087566	63	23	99	2099	2284	153005
UNKNOWN	159	G	0.816112084063	A	0.13353765324	305	29	1864	86	2284	153005
UNKNOWN	160	A	0.909369527145	G	0.061295971979	2077	32	140	35	2284	153005
UNKNOWN	161	T	0.965411558669	G	0.0179509632224	9	29	41	2205	2284	153005
UNKNOWN	162	G	0.985551663748	A	0.0140105078809	32	1	2251	0	2284	153005
UNKNOWN	163	G	0.983800350263	A	0.0122591943958	28	5	2247	4	2284	153005
UNKNOWN	164	A	0.978984238179	G	0.0144483362522	2236	4	33	11	2284	153005
UNKNOWN	165	G	0.737740805604	A	0.185639229422	424	65	1685	110	2284	153005
UNKNOWN	166	A	0.897985989492	G	0.0556042031524	2051	58	127	48	2284	153005
UNKNOWN	167	C	0.925569176883	G	0.034588441331	46	2114	79	45	2284	153005
UNKNOWN	168	A	0.970665499124	G	0.0227670753065	2217	9	52	6	2284	153005
UNKNOWN	169	C	0.943082311734	T	0.0328371278459	19	2154	36	75	2284	153005
UNKNOWN	170	A	0.977232924694	C	0.010945709282	2232	25	19	8	2284	153005
UNKNOWN	171	T	0.88704028021	G	0.045534150613	70	84	104	2026	2284	153005
UNKNOWN	172	A	0.931260945709	G	0.0354640980736	2127	37	81	39	2284	153005
UNKNOWN	173	C	0.968038528897	T	0.0161996497373	14	2211	22	37	2284	153005
UNKNOWN	174	T	0.989929947461	A	0.00350262697023	8	7	8	2261	2284	153005
UNKNOWN	175	A	0.989492119089	T	0.00656742556918	2260	2	7	15	2284	153005
UNKNOWN	176	T	0.971978984238	C	0.0245183887916	6	56	2	2220	2284	153005
UNKNOWN	177	A	0.988178633975	G	0.0061295971979	2257	10	14	3	2284	153005
UNKNOWN	178	A	0.987740805604	G	0.00700525394046	2256	9	16	3	2284	153005
UNKNOWN	179	C	0.90411558669	T	0.0858143607706	4	2065	19	196	2284	153005
UNKNOWN	180	C	0.971541155867	G	0.0144483362522	9	2219	33	23	2284	153005
UNKNOWN	181	C	0.97942206655	T	0.0144483362522	11	2237	3	33	2284	153005
UNKNOWN	182	A	0.982049036778	G	0.0140105078809	2243	7	32	2	2284	153005
UNKNOWN	183	G	0.984238178634	A	0.00919439579685	21	6	2248	9	2284	153005
UNKNOWN	184	C	0.982486865149	T	0.0126970227671	4	2244	7	29	2284	153005
UNKNOWN	185	C	0.998248686515	T	0.00175131348511	0	2280	0	4	2284	153005
UNKNOWN	186	C	0.994308231173	T	0.00437828371278	0	2271	3	10	2284	153005
UNKNOWN	187	T	0.99299474606	C	0.00481611208406	1	11	4	2268	2284	153005
UNKNOWN	188	G	0.987302977233	A	0.0061295971979	14	2	2255	13	2284	153005
UNKNOWN	189	A	0.976795096322	G	0.0183887915937	2231	6	42	5	2284	153005
UNKNOWN	190	A	0.988616462347	G	0.00700525394046	2258	8	16	2	2284	153005
UNKNOWN	191	A	0.987302977233	G	0.00919439579685	2255	2	21	6	2284	153005
UNKNOWN	192	T	0.993432574431	C	0.00481611208406	1	11	3	2269	2284	153005
UNKNOWN	193	C	0.995621716287	T	0.00394045534151	1	2274	0	9	2284	153005
UNKNOWN	194	C	0.994308231173	G	0.00306479859895	3	2271	7	3	2284	153005
UNKNOWN	195	C	0.995621716287	G	0.00306479859895	0	2274	7	3	2284	153005
UNKNOWN	196	G	0.998686514886	C	0.000875656742557	0	2	2281	1	2284	153005
UNKNOWN	197	G	0.954903677758	A	0.0284588441331	65	24	2181	14	2284	153005
UNKNOWN	198	C	0.988616462347	T	0.00525394045534	2	2258	12	12	2284	153005
UNKNOWN	199	T	0.993870402802	C	0.00481611208406	1	11	2	2270	2284	153005
UNKNOWN	200	C	0.987740805604	A	0.00700525394046	16	2256	9	3	2284	153005
UNKNOWN	201	A	0.989929947461	G	0.00569176882662	2261	10	13	0	2284	153005
UNKNOWN	202	G	0.981611208406	C	0.0131348511384	2	30	2242	10	2284	153005
UNKNOWN	203	C	0.980735551664	T	0.0100700525394	11	2240	10	23	2284	153005
UNKNOWN	204	A	0.981611208406	G	0.0126970227671	2242	4	29	9	2284	153005
UNKNOWN	205	T	0.993870402802	C	0.00481611208406	2	11	1	2270	2284	153005
UNKNOWN	206	C	0.985113835377	T	0.0100700525394	9	2250	2	23	2284	153005
UNKNOWN	207	A	0.983362521891	G	0.00919439579685	2246	11	21	6	2284	153005
UNKNOWN	208	C	0.996935201401	A	0.00175131348511	4	2277	3	0	2284	153005
UNKNOWN	209	C	0.978546409807	G	0.00831873905429	16	2235	19	14	2284	153005
UNKNOWN	210	A	0.990805604203	C	0.0061295971979	2263	14	6	1	2284	153005
UNKNOWN	211	A	0.979859894921	G	0.0179509632224	2238	5	41	0	2284	153005
UNKNOWN	212	G	0.988616462347	A	0.0061295971979	14	12	2258	0	2284	153005
UNKNOWN	213	G	0.993870402802	A	0.00437828371278	10	4	2270	0	2284	153005
UNKNOWN	214	A	0.989492119089	C	0.0061295971979	2260	14	7	3	2284	153005
UNKNOWN	215	C	0.985551663748	T	0.00831873905429	8	2251	6	19	2284	153005
UNKNOWN	216	A	0.991243432574	G	0.00569176882662	2264	3	13	4	2284	153005
UNKNOWN	217	A	0.980735551664	G	0.00963222416813	2240	18	22	4	2284	153005
UNKNOWN	218	C	0.985989492119	T	0.00963222416813	2	2252	8	22	2284	153005
UNKNOWN	219	T	0.990367775832	C	0.00525394045534	5	12	5	2262	2284	153005
UNKNOWN	220	C	0.989054290718	T	0.00919439579685	4	2259	0	21	2284	153005
UNKNOWN	221	C	0.984676007005	G	0.00569176882662	11	2249	13	11	2284	153005
UNKNOWN	222	A	0.986865148862	C	0.00656742556918	2254	15	15	0	2284	153005
UNKNOWN	223	A	0.983362521891	G	0.0140105078809	2246	5	32	1	2284	153005
UNKNOWN	224	G	0.984676007005	A	0.0118213660245	27	7	2249	1	2284	153005
UNKNOWN	225	A	0.984676007005	G	0.0100700525394	2249	9	23	3	2284	153005
UNKNOWN	226	G	0.969352014011	A	0.0218914185639	50	20	2214	0	2284	153005
UNKNOWN	227	C	0.957530647986	T	0.0262697022767	13	2187	24	60	2284	153005
UNKNOWN	228	C	0.994308231173	A	0.00350262697023	8	2271	5	0	2284	153005
UNKNOWN	229	A	0.989492119089	T	0.00437828371278	2260	5	9	10	2284	153005
UNKNOWN	230	A	0.968038528897	G	0.0288966725044	2211	1	66	6	2284	153005
UNKNOWN	231	G	0.963660245184	A	0.018826619965	43	32	2201	8	2284	153005
UNKNOWN	232	T	0.989492119089	C	0.00788091068301	2	18	4	2260	2284	153005
UNKNOWN	233	C	0.973730297723	T	0.0192644483363	2	2224	14	44	2284	153005
UNKNOWN	234	T	0.989929947461	C	0.00569176882662	6	13	4	2261	2284	153005
UNKNOWN	235	C	0.992556917688	T	0.00656742556918	2	2267	0	15	2284	153005
UNKNOWN	236	T	0.98642732049	C	0.00656742556918	4	15	12	2253	2284	153005
UNKNOWN	237	C	0.992556917688	T	0.0061295971979	1	2267	2	14	2284	153005
UNKNOWN	238	T	0.994746059545	G	0.00394045534151	0	3	9	2272	2284	153005
UNKNOWN	239	G	0.915499124343	A	0.0665499124343	152	27	2091	14	2284	153005
UNKNOWN	240	T	0.989929947461	A	0.00437828371278	10	8	5	2261	2284	153005
UNKNOWN	241	C	0.971541155867	T	0.0253940455342	6	2219	1	58	2284	153005
UNKNOWN	242	A	0.96584938704	G	0.0218914185639	2206	23	50	5	2284	153005
UNKNOWN	243	G	0.872591943958	C	0.101138353765	46	231	1993	14	2284	153005
UNKNOWN	244	T	0.992556917688	C	0.00306479859895	3	7	7	2267	2284	153005
UNKNOWN	245	G	0.979859894921	A	0.0135726795096	31	3	2238	12	2284	153005
UNKNOWN	246	A	0.97591943958	G	0.0166374781086	2229	16	38	1	2284	153005
UNKNOWN	247	G	0.926882661996	A	0.0332749562172	76	65	2117	26	2284	153005
UNKNOWN	248	C	0.969789842382	T	0.0223292469352	12	2215	6	51	2284	153005
UNKNOWN	249	A	0.98292469352	G	0.0122591943958	2245	10	28	1	2284	153005
UNKNOWN	250	G	0.982049036778	A	0.00875656742557	20	14	2243	7	2284	153005
UNKNOWN	251	C	0.986865148862	T	0.00919439579685	2	2254	7	21	2284	153005
UNKNOWN	252	G	0.990805604203	A	0.00525394045534	12	1	2263	8	2284	153005
UNKNOWN	253	T	0.989929947461	G	0.00525394045534	1	10	12	2261	2284	153005
UNKNOWN	254	G	0.97591943958	A	0.0153239929947	35	7	2229	13	2284	153005
UNKNOWN	255	A	0.951838879159	G	0.0446584938704	2174	7	102	1	2284	153005
UNKNOWN	256	C	0.987740805604	T	0.00744308231173	8	2256	3	17	2284	153005
UNKNOWN	257	A	0.975043782837	G	0.0175131348511	2227	15	40	2	2284	153005
UNKNOWN	258	C	0.884851138354	A	0.0735551663748	168	2021	87	8	2284	153005
UNKNOWN	259	C	0.988616462347	G	0.00481611208406	5	2258	11	10	2284	153005
UNKNOWN	260	T	0.972416812609	C	0.0140105078809	3	32	28	2221	2284	153005
UNKNOWN	261	G	0.991681260946	A	0.0061295971979	14	0	2265	5	2284	153005
UNKNOWN	262	A	0.985113835377	G	0.00963222416813	2250	6	22	6	2284	153005
UNKNOWN	263	G	0.954903677758	A	0.0306479859895	70	27	2181	6	2284	153005
UNKNOWN	264	G	0.990805604203	A	0.00700525394046	16	1	2263	4	2284	153005
UNKNOWN	265	A	0.988616462347	C	0.00744308231173	2258	17	8	1	2284	153005
UNKNOWN	266	C	0.982486865149	A	0.00919439579685	21	2244	3	16	2284	153005
UNKNOWN	267	A	0.971978984238	T	0.0144483362522	2220	9	22	33	2284	153005
UNKNOWN	268	C	0.992119089317	A	0.00437828371278	10	2266	8	0	2284	153005
UNKNOWN	269	G	0.876970227671	A	0.11646234676	266	10	2003	5	2284	153005
UNKNOWN	270	G	0.988178633975	T	0.00481611208406	6	10	2257	11	2284	153005
UNKNOWN	271	C	0.989929947461	A	0.0061295971979	14	2261	6	3	2284	153005
UNKNOWN	272	C	0.988178633975	A	0.00919439579685	21	2257	4	2	2284	153005
UNKNOWN	273	A	0.988616462347	G	0.00525394045534	2258	9	12	5	2284	153005
UNKNOWN	274	C	0.978108581436	T	0.00875656742557	18	2234	12	20	2284	153005
UNKNOWN	275	A	0.972416812609	G	0.0148861646235	2221	16	34	13	2284	153005
UNKNOWN	276	T	0.989492119089	A	0.00481611208406	11	7	6	2260	2284	153005
UNKNOWN	277	A	0.989929947461	C	0.0061295971979	2261	14	4	5	2284	153005
UNKNOWN	278	C	0.944833625219	T	0.0512259194396	7	2158	2	117	2284	153005
UNKNOWN	279	T	0.980297723292	A	0.00919439579685	21	10	14	2239	2284	153005
UNKNOWN	280	A	0.967600700525	T	0.0140105078809	2210	28	14	32	2284	153005
UNKNOWN	281	C	0.975481611208	T	0.0227670753065	1	2228	3	52	2284	153005
UNKNOWN	282	T	0.987302977233	G	0.0100700525394	4	2	23	2255	2284	153005
