Type	Position	Nucl1	Freq1	Nucl2	Freq2	NumAs	NumCs	NumGs	NumTs	NumAligned	NumNaive
UNKNOWN	0	A	1.0	C	0.0	774	0	0	0	774	77198
UNKNOWN	1	A	1.0	C	0.0	774	0	0	0	774	77198
UNKNOWN	2	G	1.0	A	0.0	0	0	774	0	774	77198
UNKNOWN	3	G	1.0	A	0.0	0	0	774	0	774	77198
UNKNOWN	4	T	1.0	A	0.0	0	0	0	774	774	77198
UNKNOWN	5	G	1.0	A	0.0	0	0	774	0	774	77198
UNKNOWN	6	C	1.0	A	0.0	0	774	0	0	774	77198
UNKNOWN	7	A	0.989664082687	G	0.0103359173127	766	0	8	0	774	77198
UNKNOWN	8	G	0.968992248062	A	0.0297157622739	23	1	750	0	774	77198
UNKNOWN	9	C	0.990956072351	G	0.0077519379845	0	767	6	1	774	77198
UNKNOWN	10	T	0.998708010336	C	0.00129198966408	0	1	0	773	774	77198
UNKNOWN	11	G	1.0	A	0.0	0	0	774	0	774	77198
UNKNOWN	12	C	1.0	A	0.0	0	774	0	0	774	77198
UNKNOWN	13	A	0.595607235142	G	0.399224806202	461	4	309	0	774	77198
UNKNOWN	14	G	0.968992248062	C	0.031007751938	0	24	750	0	774	77198
UNKNOWN	15	G	1.0	A	0.0	0	0	774	0	774	77198
UNKNOWN	16	A	1.0	C	0.0	774	0	0	0	774	77198
UNKNOWN	17	G	1.0	A	0.0	0	0	774	0	774	77198
UNKNOWN	18	T	0.998708010336	C	0.00129198966408	0	1	0	773	774	77198
UNKNOWN	19	C	1.0	A	0.0	0	774	0	0	774	77198
UNKNOWN	20	G	0.736434108527	A	0.263565891473	204	0	570	0	774	77198
UNKNOWN	21	G	0.998708010336	C	0.00129198966408	0	1	773	0	774	77198
UNKNOWN	22	G	0.998708010336	T	0.00129198966408	0	0	773	1	774	77198
UNKNOWN	23	C	0.967700258398	T	0.0322997416021	0	749	0	25	774	77198
UNKNOWN	24	C	1.0	A	0.0	0	774	0	0	774	77198
UNKNOWN	25	C	1.0	A	0.0	0	774	0	0	774	77198
UNKNOWN	26	C	0.998708010336	A	0.00129198966408	1	773	0	0	774	77198
UNKNOWN	27	A	0.997416020672	G	0.00258397932817	772	0	2	0	774	77198
UNKNOWN	28	G	0.997416020672	A	0.00129198966408	1	1	772	0	774	77198
UNKNOWN	29	C	1.0	A	0.0	0	774	0	0	774	77198
UNKNOWN	30	C	1.0	A	0.0	0	774	0	0	774	77198
UNKNOWN	31	T	0.996124031008	G	0.00258397932817	0	1	2	771	774	77198
UNKNOWN	32	G	0.989664082687	A	0.0103359173127	8	0	766	0	774	77198
UNKNOWN	33	G	0.998708010336	A	0.00129198966408	1	0	773	0	774	77198
UNKNOWN	34	T	0.998708010336	A	0.00129198966408	1	0	0	773	774	77198
UNKNOWN	35	G	1.0	A	0.0	0	0	774	0	774	77198
UNKNOWN	36	A	0.998708010336	G	0.00129198966408	773	0	1	0	774	77198
UNKNOWN	37	A	0.996124031008	G	0.00387596899225	771	0	3	0	774	77198
UNKNOWN	38	G	1.0	A	0.0	0	0	774	0	774	77198
UNKNOWN	39	C	1.0	A	0.0	0	774	0	0	774	77198
UNKNOWN	40	C	1.0	A	0.0	0	774	0	0	774	77198
UNKNOWN	41	C	0.998708010336	G	0.00129198966408	0	773	1	0	774	77198
UNKNOWN	42	T	0.996124031008	C	0.00387596899225	0	3	0	771	774	77198
UNKNOWN	43	C	0.998708010336	T	0.00129198966408	0	773	0	1	774	77198
UNKNOWN	44	A	0.997416020672	G	0.00258397932817	772	0	2	0	774	77198
UNKNOWN	45	C	0.998708010336	T	0.00129198966408	0	773	0	1	774	77198
UNKNOWN	46	A	1.0	C	0.0	774	0	0	0	774	77198
UNKNOWN	47	G	0.998708010336	A	0.00129198966408	1	0	773	0	774	77198
UNKNOWN	48	A	0.997416020672	C	0.00129198966408	772	1	1	0	774	77198
UNKNOWN	49	C	0.998708010336	T	0.00129198966408	0	773	0	1	774	77198
UNKNOWN	50	C	1.0	A	0.0	0	774	0	0	774	77198
UNKNOWN	51	C	0.997416020672	T	0.00258397932817	0	772	0	2	774	77198
UNKNOWN	52	T	0.998708010336	C	0.00129198966408	0	1	0	773	774	77198
UNKNOWN	53	C	1.0	A	0.0	0	774	0	0	774	77198
UNKNOWN	54	T	0.975452196382	G	0.0219638242894	0	2	17	755	774	77198
UNKNOWN	55	C	0.998708010336	T	0.00129198966408	0	773	0	1	774	77198
UNKNOWN	56	C	0.998708010336	T	0.00129198966408	0	773	0	1	774	77198
UNKNOWN	57	C	1.0	A	0.0	0	774	0	0	774	77198
UNKNOWN	58	T	0.998708010336	C	0.00129198966408	0	1	0	773	774	77198
UNKNOWN	59	C	1.0	A	0.0	0	774	0	0	774	77198
UNKNOWN	60	A	0.989664082687	T	0.0103359173127	766	0	0	8	774	77198
UNKNOWN	61	C	0.979328165375	A	0.0193798449612	15	758	0	1	774	77198
UNKNOWN	62	C	0.998708010336	G	0.00129198966408	0	773	1	0	774	77198
UNKNOWN	63	T	0.997416020672	C	0.00258397932817	0	2	0	772	774	77198
UNKNOWN	64	G	1.0	A	0.0	0	0	774	0	774	77198
UNKNOWN	65	C	0.998708010336	T	0.00129198966408	0	773	0	1	774	77198
UNKNOWN	66	A	0.994832041344	C	0.00258397932817	770	2	2	0	774	77198
UNKNOWN	67	C	0.990956072351	T	0.0077519379845	0	767	1	6	774	77198
UNKNOWN	68	G	1.0	A	0.0	0	0	774	0	774	77198
UNKNOWN	69	A	0.976744186047	G	0.0219638242894	756	1	17	0	774	77198
UNKNOWN	70	C	0.972868217054	T	0.0271317829457	0	753	0	21	774	77198
UNKNOWN	71	C	0.972868217054	G	0.0206718346253	0	753	16	5	774	77198
UNKNOWN	72	T	1.0	A	0.0	0	0	0	774	774	77198
UNKNOWN	73	C	0.998708010336	T	0.00129198966408	0	773	0	1	774	77198
UNKNOWN	74	T	0.99354005168	C	0.00645994832041	0	5	0	769	774	77198
UNKNOWN	75	G	1.0	A	0.0	0	0	774	0	774	77198
UNKNOWN	76	G	0.994832041344	A	0.00516795865633	4	0	770	0	774	77198
UNKNOWN	77	A	0.997416020672	C	0.00129198966408	772	1	1	0	774	77198
UNKNOWN	78	T	0.998708010336	G	0.00129198966408	0	0	1	773	774	77198
UNKNOWN	79	T	0.998708010336	C	0.00129198966408	0	1	0	773	774	77198
UNKNOWN	80	C	0.998708010336	T	0.00129198966408	0	773	0	1	774	77198
UNKNOWN	81	T	0.983204134367	C	0.0167958656331	0	13	0	761	774	77198
UNKNOWN	82	C	0.998708010336	T	0.00129198966408	0	773	0	1	774	77198
UNKNOWN	83	A	0.998708010336	T	0.00129198966408	773	0	0	1	774	77198
UNKNOWN	84	T	0.998708010336	C	0.00129198966408	0	1	0	773	774	77198
UNKNOWN	85	T	1.0	A	0.0	0	0	0	774	774	77198
UNKNOWN	86	G	0.975452196382	C	0.0180878552972	2	14	755	3	774	77198
UNKNOWN	87	A	0.980620155039	C	0.0167958656331	759	13	2	0	774	77198
UNKNOWN	88	C	0.966408268734	G	0.0297157622739	2	748	23	1	774	77198
UNKNOWN	89	C	0.998708010336	G	0.00129198966408	0	773	1	0	774	77198
UNKNOWN	90	A	0.994832041344	C	0.00258397932817	770	2	1	1	774	77198
UNKNOWN	91	G	0.939276485788	A	0.046511627907	36	11	727	0	774	77198
UNKNOWN	92	C	0.992248062016	A	0.0077519379845	6	768	0	0	774	77198
UNKNOWN	93	T	0.985788113695	G	0.0103359173127	2	1	8	763	774	77198
UNKNOWN	94	A	0.996124031008	G	0.00258397932817	771	1	2	0	774	77198
UNKNOWN	95	T	0.996124031008	G	0.00258397932817	0	1	2	771	774	77198
UNKNOWN	96	G	0.988372093023	A	0.0116279069767	9	0	765	0	774	77198
UNKNOWN	97	G	0.940568475452	A	0.0387596899225	30	16	728	0	774	77198
UNKNOWN	98	T	0.996124031008	C	0.00258397932817	0	2	1	771	774	77198
UNKNOWN	99	G	0.925064599483	A	0.0607235142119	47	11	716	0	774	77198
UNKNOWN	100	T	0.998708010336	C	0.00129198966408	0	1	0	773	774	77198
UNKNOWN	101	A	0.989664082687	G	0.0077519379845	766	2	6	0	774	77198
UNKNOWN	102	A	0.99354005168	G	0.00387596899225	769	2	3	0	774	77198
UNKNOWN	103	G	0.916020671835	A	0.0542635658915	42	13	709	10	774	77198
UNKNOWN	104	C	0.985788113695	T	0.0142118863049	0	763	0	11	774	77198
UNKNOWN	105	T	0.998708010336	C	0.00129198966408	0	1	0	773	774	77198
UNKNOWN	106	G	1.0	A	0.0	0	0	774	0	774	77198
UNKNOWN	107	G	1.0	A	0.0	0	0	774	0	774	77198
UNKNOWN	108	G	0.984496124031	A	0.0116279069767	9	1	762	2	774	77198
UNKNOWN	109	T	0.996124031008	C	0.00258397932817	1	2	0	771	774	77198
UNKNOWN	110	C	1.0	A	0.0	0	774	0	0	774	77198
UNKNOWN	111	C	0.998708010336	G	0.00129198966408	0	773	1	0	774	77198
UNKNOWN	112	G	0.997416020672	A	0.00129198966408	1	1	772	0	774	77198
UNKNOWN	113	C	0.997416020672	T	0.00129198966408	0	772	1	1	774	77198
UNKNOWN	114	C	0.998708010336	A	0.00129198966408	1	773	0	0	774	77198
UNKNOWN	115	A	0.99354005168	G	0.00516795865633	769	1	4	0	774	77198
UNKNOWN	116	G	1.0	A	0.0	0	0	774	0	774	77198
UNKNOWN	117	G	0.997416020672	C	0.00129198966408	0	1	772	1	774	77198
UNKNOWN	118	C	0.997416020672	T	0.00258397932817	0	772	0	2	774	77198
UNKNOWN	119	T	0.992248062016	G	0.00516795865633	0	2	4	768	774	77198
UNKNOWN	120	C	0.994832041344	T	0.00387596899225	0	770	1	3	774	77198
UNKNOWN	121	C	0.998708010336	A	0.00129198966408	1	773	0	0	774	77198
UNKNOWN	122	A	0.996124031008	G	0.00387596899225	771	0	3	0	774	77198
UNKNOWN	123	G	0.998708010336	A	0.00129198966408	1	0	773	0	774	77198
UNKNOWN	124	G	0.996124031008	A	0.00387596899225	3	0	771	0	774	77198
UNKNOWN	125	A	0.593023255814	G	0.406976744186	459	0	315	0	774	77198
UNKNOWN	126	A	0.975452196382	C	0.0232558139535	755	18	1	0	774	77198
UNKNOWN	127	A	0.996124031008	G	0.00387596899225	771	0	3	0	774	77198
UNKNOWN	128	G	0.998708010336	A	0.00129198966408	1	0	773	0	774	77198
UNKNOWN	129	G	0.994832041344	A	0.00258397932817	2	2	770	0	774	77198
UNKNOWN	130	C	0.998708010336	G	0.00129198966408	0	773	1	0	774	77198
UNKNOWN	131	G	0.985788113695	A	0.0129198966408	10	1	763	0	774	77198
UNKNOWN	132	C	0.998708010336	T	0.00129198966408	0	773	0	1	774	77198
UNKNOWN	133	T	0.992248062016	C	0.00645994832041	0	5	1	768	774	77198
UNKNOWN	134	G	1.0	A	0.0	0	0	774	0	774	77198
UNKNOWN	135	G	0.998708010336	A	0.00129198966408	1	0	773	0	774	77198
UNKNOWN	136	A	0.997416020672	C	0.00129198966408	772	1	1	0	774	77198
UNKNOWN	137	G	0.99354005168	A	0.00516795865633	4	0	769	1	774	77198
UNKNOWN	138	T	0.998708010336	G	0.00129198966408	0	0	1	773	774	77198
UNKNOWN	139	G	0.998708010336	A	0.00129198966408	1	0	773	0	774	77198
UNKNOWN	140	G	0.985788113695	C	0.0116279069767	1	9	763	1	774	77198
UNKNOWN	141	C	0.99354005168	G	0.00516795865633	0	769	4	1	774	77198
UNKNOWN	142	T	0.997416020672	C	0.00258397932817	0	2	0	772	774	77198
UNKNOWN	143	C	0.984496124031	T	0.0129198966408	1	762	1	10	774	77198
UNKNOWN	144	G	1.0	A	0.0	0	0	774	0	774	77198
UNKNOWN	145	G	0.981912144703	C	0.0167958656331	0	13	760	1	774	77198
UNKNOWN	146	T	0.981912144703	G	0.0116279069767	2	3	9	760	774	77198
UNKNOWN	147	G	0.925064599483	A	0.0594315245478	46	11	716	1	774	77198
UNKNOWN	148	G	0.900516795866	A	0.0956072351421	74	0	697	3	774	77198
UNKNOWN	149	T	0.984496124031	C	0.0077519379845	2	6	4	762	774	77198
UNKNOWN	150	A	0.984496124031	G	0.0129198966408	762	1	10	1	774	77198
UNKNOWN	151	T	0.988372093023	A	0.00516795865633	4	2	3	765	774	77198
UNKNOWN	152	A	0.980620155039	G	0.0103359173127	759	5	8	2	774	77198
UNKNOWN	153	G	0.968992248062	A	0.0258397932817	20	4	750	0	774	77198
UNKNOWN	154	A	0.956072351421	G	0.0284237726098	740	9	22	3	774	77198
UNKNOWN	155	T	0.970284237726	C	0.0219638242894	4	17	2	751	774	77198
UNKNOWN	156	A	0.839793281654	G	0.158914728682	650	0	123	1	774	77198
UNKNOWN	157	G	0.932816537468	A	0.0284237726098	22	19	722	11	774	77198
UNKNOWN	158	T	0.974160206718	G	0.0167958656331	1	6	13	754	774	77198
UNKNOWN	159	G	0.78811369509	A	0.204134366925	158	5	610	1	774	77198
UNKNOWN	160	G	0.881136950904	A	0.108527131783	84	6	682	2	774	77198
UNKNOWN	161	T	0.968992248062	G	0.0245478036176	0	5	19	750	774	77198
UNKNOWN	162	G	0.998708010336	A	0.00129198966408	1	0	773	0	774	77198
UNKNOWN	163	G	0.994832041344	A	0.00387596899225	3	0	770	1	774	77198
UNKNOWN	164	A	0.994832041344	G	0.00387596899225	770	0	3	1	774	77198
UNKNOWN	165	A	0.939276485788	G	0.0426356589147	727	13	33	1	774	77198
UNKNOWN	166	G	0.612403100775	A	0.334625322997	259	15	474	26	774	77198
UNKNOWN	167	C	0.935400516796	G	0.0387596899225	6	724	30	14	774	77198
UNKNOWN	168	A	0.979328165375	T	0.0142118863049	758	1	4	11	774	77198
UNKNOWN	169	C	0.989664082687	G	0.00516795865633	2	766	4	2	774	77198
UNKNOWN	170	A	0.988372093023	G	0.00904392764858	765	0	7	2	774	77198
UNKNOWN	171	G	0.988372093023	A	0.0103359173127	8	1	765	0	774	77198
UNKNOWN	172	G	0.905684754522	A	0.0542635658915	42	25	701	6	774	77198
UNKNOWN	173	C	0.970284237726	A	0.0193798449612	15	751	0	8	774	77198
UNKNOWN	174	T	0.998708010336	A	0.00129198966408	1	0	0	773	774	77198
UNKNOWN	175	A	0.998708010336	T	0.00129198966408	773	0	0	1	774	77198
UNKNOWN	176	T	0.978036175711	C	0.0206718346253	1	16	0	757	774	77198
UNKNOWN	177	A	0.996124031008	C	0.00258397932817	771	2	1	0	774	77198
UNKNOWN	178	A	0.998708010336	C	0.00129198966408	773	1	0	0	774	77198
UNKNOWN	179	C	0.990956072351	T	0.00516795865633	0	767	3	4	774	77198
UNKNOWN	180	C	0.994832041344	A	0.00258397932817	2	770	0	2	774	77198
UNKNOWN	181	C	0.992248062016	A	0.00387596899225	3	768	2	1	774	77198
UNKNOWN	182	A	0.996124031008	T	0.00258397932817	771	0	1	2	774	77198
UNKNOWN	183	G	0.998708010336	A	0.00129198966408	1	0	773	0	774	77198
UNKNOWN	184	G	0.947028423773	C	0.0503875968992	2	39	733	0	774	77198
UNKNOWN	185	C	0.998708010336	A	0.00129198966408	1	773	0	0	774	77198
UNKNOWN	186	C	0.998708010336	T	0.00129198966408	0	773	0	1	774	77198
UNKNOWN	187	T	0.997416020672	G	0.00258397932817	0	0	2	772	774	77198
UNKNOWN	188	G	0.980620155039	C	0.0167958656331	2	13	759	0	774	77198
UNKNOWN	189	A	0.97157622739	C	0.0245478036176	752	19	3	0	774	77198
UNKNOWN	190	A	0.990956072351	G	0.0077519379845	767	1	6	0	774	77198
UNKNOWN	191	A	0.997416020672	T	0.00258397932817	772	0	0	2	774	77198
UNKNOWN	192	T	0.675710594315	C	0.313953488372	1	243	7	523	774	77198
UNKNOWN	193	C	0.997416020672	A	0.00129198966408	1	772	0	1	774	77198
UNKNOWN	194	C	0.987080103359	G	0.00645994832041	2	764	5	3	774	77198
UNKNOWN	195	A	0.891472868217	C	0.103359173127	690	80	4	0	774	77198
UNKNOWN	196	G	1.0	A	0.0	0	0	774	0	774	77198
UNKNOWN	197	G	0.989664082687	A	0.00904392764858	7	1	766	0	774	77198
UNKNOWN	198	C	0.994832041344	T	0.00387596899225	0	770	1	3	774	77198
UNKNOWN	199	T	0.994832041344	C	0.00258397932817	0	2	2	770	774	77198
UNKNOWN	200	C	0.994832041344	A	0.00258397932817	2	770	0	2	774	77198
UNKNOWN	201	A	0.998708010336	G	0.00129198966408	773	0	1	0	774	77198
UNKNOWN	202	G	0.997416020672	A	0.00129198966408	1	0	772	1	774	77198
UNKNOWN	203	T	0.545219638243	C	0.447028423773	4	346	2	422	774	77198
UNKNOWN	204	A	0.996124031008	G	0.00258397932817	771	0	2	1	774	77198
UNKNOWN	205	T	0.994832041344	C	0.00387596899225	0	3	1	770	774	77198
UNKNOWN	206	C	0.99354005168	T	0.00258397932817	1	769	2	2	774	77198
UNKNOWN	207	A	0.994832041344	C	0.00258397932817	770	2	2	0	774	77198
UNKNOWN	208	C	0.997416020672	T	0.00129198966408	0	772	1	1	774	77198
UNKNOWN	209	C	0.983204134367	T	0.0116279069767	3	761	1	9	774	77198
UNKNOWN	210	A	0.996124031008	G	0.00258397932817	771	0	2	1	774	77198
UNKNOWN	211	G	0.881136950904	A	0.118863049096	92	0	682	0	774	77198
UNKNOWN	212	G	0.932816537468	A	0.0658914728682	51	0	722	1	774	77198
UNKNOWN	213	G	0.998708010336	A	0.00129198966408	1	0	773	0	774	77198
UNKNOWN	214	A	0.99354005168	T	0.00258397932817	769	1	2	2	774	77198
UNKNOWN	215	C	0.992248062016	A	0.00387596899225	3	768	2	1	774	77198
UNKNOWN	216	A	0.997416020672	C	0.00129198966408	772	1	1	0	774	77198
UNKNOWN	217	A	0.981912144703	C	0.0142118863049	760	11	3	0	774	77198
UNKNOWN	218	C	0.983204134367	T	0.0142118863049	2	761	0	11	774	77198
UNKNOWN	219	T	0.996124031008	C	0.00258397932817	1	2	0	771	774	77198
UNKNOWN	220	C	0.996124031008	T	0.00258397932817	0	771	1	2	774	77198
UNKNOWN	221	C	0.998708010336	A	0.00129198966408	1	773	0	0	774	77198
UNKNOWN	222	A	0.998708010336	C	0.00129198966408	773	1	0	0	774	77198
UNKNOWN	223	A	0.997416020672	C	0.00129198966408	772	1	1	0	774	77198
UNKNOWN	224	G	0.996124031008	A	0.00258397932817	2	1	771	0	774	77198
UNKNOWN	225	A	0.996124031008	G	0.00387596899225	771	0	3	0	774	77198
UNKNOWN	226	G	0.989664082687	A	0.00904392764858	7	1	766	0	774	77198
UNKNOWN	227	C	0.985788113695	T	0.0129198966408	1	763	0	10	774	77198
UNKNOWN	228	C	0.992248062016	A	0.00387596899225	3	768	3	0	774	77198
UNKNOWN	229	A	1.0	C	0.0	774	0	0	0	774	77198
UNKNOWN	230	A	0.99354005168	G	0.00645994832041	769	0	5	0	774	77198
UNKNOWN	231	G	0.939276485788	A	0.0529715762274	41	2	727	4	774	77198
UNKNOWN	232	T	0.987080103359	G	0.0077519379845	0	4	6	764	774	77198
UNKNOWN	233	C	0.988372093023	T	0.00645994832041	0	765	4	5	774	77198
UNKNOWN	234	T	0.99354005168	G	0.00387596899225	0	2	3	769	774	77198
UNKNOWN	235	C	0.990956072351	T	0.0077519379845	1	767	0	6	774	77198
UNKNOWN	236	T	0.989664082687	C	0.00516795865633	2	4	2	766	774	77198
UNKNOWN	237	C	0.996124031008	T	0.00387596899225	0	771	0	3	774	77198
UNKNOWN	238	T	0.998708010336	G	0.00129198966408	0	0	1	773	774	77198
UNKNOWN	239	G	0.983204134367	A	0.00904392764858	7	4	761	2	774	77198
UNKNOWN	240	T	0.994832041344	G	0.00258397932817	1	1	2	770	774	77198
UNKNOWN	241	C	0.99354005168	T	0.00387596899225	1	769	1	3	774	77198
UNKNOWN	242	A	0.990956072351	C	0.00645994832041	767	5	2	0	774	77198
UNKNOWN	243	G	0.906976744186	C	0.0710594315245	16	55	702	1	774	77198
UNKNOWN	244	T	0.996124031008	C	0.00258397932817	0	2	1	771	774	77198
UNKNOWN	245	G	0.985788113695	A	0.0077519379845	6	3	763	2	774	77198
UNKNOWN	246	A	0.984496124031	G	0.0116279069767	762	2	9	1	774	77198
UNKNOWN	247	G	0.887596899225	C	0.0723514211886	27	56	687	4	774	77198
UNKNOWN	248	C	0.985788113695	T	0.0103359173127	1	763	2	8	774	77198
UNKNOWN	249	A	0.99354005168	G	0.00387596899225	769	1	3	1	774	77198
UNKNOWN	250	G	0.989664082687	C	0.00387596899225	2	3	766	3	774	77198
UNKNOWN	251	C	0.990956072351	T	0.00387596899225	2	767	2	3	774	77198
UNKNOWN	252	G	0.994832041344	T	0.00258397932817	1	1	770	2	774	77198
UNKNOWN	253	T	0.994832041344	C	0.00258397932817	0	2	2	770	774	77198
UNKNOWN	254	G	0.984496124031	A	0.0116279069767	9	1	762	2	774	77198
UNKNOWN	255	A	0.989664082687	G	0.00516795865633	766	3	4	1	774	77198
UNKNOWN	256	C	0.987080103359	T	0.0077519379845	2	764	2	6	774	77198
UNKNOWN	257	A	0.979328165375	G	0.0180878552972	758	2	14	0	774	77198
UNKNOWN	258	C	0.860465116279	A	0.129198966408	100	666	2	6	774	77198
UNKNOWN	259	C	0.980620155039	T	0.0142118863049	2	759	2	11	774	77198
UNKNOWN	260	T	0.990956072351	C	0.00516795865633	0	4	3	767	774	77198
UNKNOWN	261	G	0.99354005168	A	0.00387596899225	3	1	769	1	774	77198
UNKNOWN	262	A	0.996124031008	G	0.00387596899225	771	0	3	0	774	77198
UNKNOWN	263	G	0.976744186047	A	0.0167958656331	13	4	756	1	774	77198
UNKNOWN	264	G	0.994832041344	A	0.00258397932817	2	1	770	1	774	77198
UNKNOWN	265	A	0.992248062016	G	0.00387596899225	768	2	3	1	774	77198
UNKNOWN	266	C	0.987080103359	T	0.00645994832041	4	764	1	5	774	77198
UNKNOWN	267	A	0.972868217054	G	0.0129198966408	753	2	10	9	774	77198
UNKNOWN	268	C	0.997416020672	G	0.00258397932817	0	772	2	0	774	77198
UNKNOWN	269	G	0.957364341085	A	0.0413436692506	32	0	741	1	774	77198
UNKNOWN	270	G	0.99354005168	A	0.00387596899225	3	2	769	0	774	77198
UNKNOWN	271	C	0.997416020672	A	0.00258397932817	2	772	0	0	774	77198
UNKNOWN	272	C	0.992248062016	A	0.00387596899225	3	768	2	1	774	77198
UNKNOWN	273	A	0.589147286822	G	0.404392764858	456	2	313	3	774	77198
UNKNOWN	274	C	0.532299741602	T	0.459948320413	2	412	4	356	774	77198
UNKNOWN	275	A	0.607235142119	G	0.372093023256	470	6	288	10	774	77198
UNKNOWN	276	T	0.992248062016	G	0.00387596899225	2	1	3	768	774	77198
UNKNOWN	277	A	0.994832041344	C	0.00258397932817	770	2	1	1	774	77198
UNKNOWN	278	C	0.970284237726	T	0.0271317829457	1	751	1	21	774	77198
UNKNOWN	279	T	0.985788113695	G	0.00645994832041	3	3	5	763	774	77198
UNKNOWN	280	A	0.990956072351	C	0.00387596899225	767	3	2	2	774	77198
UNKNOWN	281	C	0.980620155039	T	0.0193798449612	0	759	0	15	774	77198
UNKNOWN	282	T	0.994832041344	C	0.00258397932817	0	2	2	770	774	77198
