Type	Position	Nucl1	Freq1	Nucl2	Freq2	NumAs	NumCs	NumGs	NumTs	NumAligned	NumNaive
UNKNOWN	0	C	1.0	A	0.0	0	21408	0	0	21408	121974
UNKNOWN	1	A	1.0	C	0.0	21408	0	0	0	21408	121974
UNKNOWN	2	G	1.0	A	0.0	0	0	21408	0	21408	121974
UNKNOWN	3	G	1.0	A	0.0	0	0	21408	0	21408	121974
UNKNOWN	4	T	1.0	A	0.0	0	0	0	21408	21408	121974
UNKNOWN	5	G	1.0	A	0.0	0	0	21408	0	21408	121974
UNKNOWN	6	C	1.0	A	0.0	0	21408	0	0	21408	121974
UNKNOWN	7	A	0.998178251121	G	0.00126121076233	21369	4	27	8	21408	121974
UNKNOWN	8	G	0.993273542601	A	0.00560538116592	120	14	21264	10	21408	121974
UNKNOWN	9	C	0.996076233184	T	0.00303624813154	5	21324	14	65	21408	121974
UNKNOWN	10	T	0.998832212257	C	0.00107436472347	0	23	2	21383	21408	121974
UNKNOWN	11	G	0.998551943199	A	0.0011677877429	25	5	21377	1	21408	121974
UNKNOWN	12	C	0.999252615845	T	0.000513826606876	4	21392	1	11	21408	121974
UNKNOWN	13	G	0.999065769806	A	0.000653961136024	14	1	21388	5	21408	121974
UNKNOWN	14	G	0.976690956652	C	0.0218142750374	30	467	20909	2	21408	121974
UNKNOWN	15	G	0.998878923767	C	0.000513826606876	10	11	21384	3	21408	121974
UNKNOWN	16	A	0.997010463378	G	0.00191517189836	21344	16	41	7	21408	121974
UNKNOWN	17	G	0.996917040359	A	0.00242899850523	52	7	21342	7	21408	121974
UNKNOWN	18	T	0.997430866966	C	0.00168161434978	2	36	17	21353	21408	121974
UNKNOWN	19	C	0.999439461883	T	0.000326980568012	1	21396	4	7	21408	121974
UNKNOWN	20	G	0.998131539611	A	0.0014480568012	31	5	21368	4	21408	121974
UNKNOWN	21	G	0.99831838565	C	0.000840807174888	6	18	21372	12	21408	121974
UNKNOWN	22	G	0.99836509716	C	0.000840807174888	9	18	21373	8	21408	121974
UNKNOWN	23	C	0.998832212257	T	0.00093423019432	1	21383	4	20	21408	121974
UNKNOWN	24	C	0.995655829596	A	0.00228886397608	49	21315	11	33	21408	121974
UNKNOWN	25	C	0.997150597907	A	0.00177503736921	38	21347	4	19	21408	121974
UNKNOWN	26	C	0.998131539611	A	0.00126121076233	27	21368	0	13	21408	121974
UNKNOWN	27	A	0.996543348281	G	0.00298953662182	21334	8	64	2	21408	121974
UNKNOWN	28	G	0.994628176383	A	0.00406390134529	87	25	21293	3	21408	121974
UNKNOWN	29	C	0.997711136024	T	0.00172832585949	2	21359	10	37	21408	121974
UNKNOWN	30	C	0.999205904335	T	0.000653961136024	1	21391	2	14	21408	121974
UNKNOWN	31	T	0.996216367713	G	0.00186846038864	3	38	40	21327	21408	121974
UNKNOWN	32	G	0.997010463378	A	0.00228886397608	49	1	21344	14	21408	121974
UNKNOWN	33	G	0.997477578475	C	0.00093423019432	16	20	21354	18	21408	121974
UNKNOWN	34	T	0.994861733931	C	0.00340994020927	7	73	30	21298	21408	121974
UNKNOWN	35	G	0.995515695067	A	0.00369020926756	79	10	21312	7	21408	121974
UNKNOWN	36	A	0.997384155456	C	0.00121449925262	21352	26	17	13	21408	121974
UNKNOWN	37	A	0.995795964126	G	0.00303624813154	21318	17	65	8	21408	121974
UNKNOWN	38	G	0.998458520179	C	0.000840807174888	12	18	21375	3	21408	121974
UNKNOWN	39	C	0.997897982063	T	0.00196188340807	2	21363	1	42	21408	121974
UNKNOWN	40	C	0.998832212257	T	0.000840807174888	4	21383	3	18	21408	121974
UNKNOWN	41	C	0.997664424514	G	0.00140134529148	1	21358	30	19	21408	121974
UNKNOWN	42	T	0.995609118087	C	0.003783632287	8	81	5	21314	21408	121974
UNKNOWN	43	C	0.99841180867	A	0.00107436472347	23	21374	1	10	21408	121974
UNKNOWN	44	A	0.99668348281	G	0.00163490284006	21337	31	35	5	21408	121974
UNKNOWN	45	C	0.997851270553	A	0.00154147982063	33	21362	8	5	21408	121974
UNKNOWN	46	A	0.989910313901	T	0.00639947683109	21192	37	42	137	21408	121974
UNKNOWN	47	G	0.99514200299	A	0.0043908819133	94	6	21304	4	21408	121974
UNKNOWN	48	A	0.994955156951	C	0.00228886397608	21300	49	46	13	21408	121974
UNKNOWN	49	C	0.998645366218	T	0.000794095665172	6	21379	6	17	21408	121974
UNKNOWN	50	C	0.998131539611	T	0.0014480568012	3	21368	6	31	21408	121974
UNKNOWN	51	C	0.99841180867	T	0.0011677877429	3	21374	6	25	21408	121974
UNKNOWN	52	T	0.995468983558	C	0.00411061285501	6	88	3	21311	21408	121974
UNKNOWN	53	C	0.986593796712	G	0.0115377428999	4	21121	247	36	21408	121974
UNKNOWN	54	T	0.993693946188	C	0.00518497757848	5	111	19	21273	21408	121974
UNKNOWN	55	C	0.996403213752	A	0.00224215246637	48	21331	4	25	21408	121974
UNKNOWN	56	C	0.997524289985	T	0.00121449925262	5	21355	22	26	21408	121974
UNKNOWN	57	C	0.997103886398	T	0.00172832585949	0	21346	25	37	21408	121974
UNKNOWN	58	T	0.9966367713	C	0.00289611360239	7	62	3	21336	21408	121974
UNKNOWN	59	C	0.996449925262	A	0.00242899850523	52	21332	0	24	21408	121974
UNKNOWN	60	A	0.995795964126	C	0.0020553064275	21318	44	36	10	21408	121974
UNKNOWN	61	C	0.989723467862	G	0.00602578475336	17	21188	129	74	21408	121974
UNKNOWN	62	C	0.993600523169	T	0.00364349775785	19	21271	40	78	21408	121974
UNKNOWN	63	T	0.996356502242	C	0.00200859491779	9	43	26	21330	21408	121974
UNKNOWN	64	G	0.998084828102	C	0.000980941704036	15	21	21367	5	21408	121974
UNKNOWN	65	C	0.995982810164	T	0.00242899850523	33	21322	1	52	21408	121974
UNKNOWN	66	A	0.989536621824	C	0.00733370702541	21184	157	54	13	21408	121974
UNKNOWN	67	C	0.996543348281	T	0.00177503736921	11	21334	25	38	21408	121974
UNKNOWN	68	G	0.995655829596	A	0.00326980568012	70	19	21315	4	21408	121974
UNKNOWN	69	G	0.980894992526	A	0.0146207025411	313	40	20999	56	21408	121974
UNKNOWN	70	T	0.990657698057	C	0.00794095665172	10	170	20	21208	21408	121974
UNKNOWN	71	C	0.988322122571	T	0.00747384155456	12	21158	78	160	21408	121974
UNKNOWN	72	T	0.995468983558	C	0.00373692077728	4	80	13	21311	21408	121974
UNKNOWN	73	C	0.998084828102	T	0.0014480568012	5	21367	5	31	21408	121974
UNKNOWN	74	T	0.994067638266	C	0.00364349775785	3	78	46	21281	21408	121974
UNKNOWN	75	G	0.989630044843	A	0.00952914798206	204	11	21186	7	21408	121974
UNKNOWN	76	G	0.990797832586	A	0.00756726457399	162	23	21211	12	21408	121974
UNKNOWN	77	A	0.991451793722	C	0.00336322869955	21225	72	68	43	21408	121974
UNKNOWN	78	T	0.986126681614	C	0.00812780269058	24	174	99	21111	21408	121974
UNKNOWN	79	T	0.99173206278	C	0.00485799701046	17	104	56	21231	21408	121974
UNKNOWN	80	C	0.98514573991	G	0.00784753363229	49	21090	168	101	21408	121974
UNKNOWN	81	T	0.994114349776	C	0.00471786248132	7	101	18	21282	21408	121974
UNKNOWN	82	C	0.99336696562	T	0.0043908819133	42	21266	6	94	21408	121974
UNKNOWN	83	A	0.989489910314	C	0.0046711509716	21183	100	80	45	21408	121974
UNKNOWN	84	T	0.987901718984	C	0.00915545590433	25	196	38	21149	21408	121974
UNKNOWN	85	T	0.996122944694	C	0.00224215246637	30	48	5	21325	21408	121974
UNKNOWN	86	A	0.972253363229	G	0.0224682361734	20814	74	481	39	21408	121974
UNKNOWN	87	A	0.977391629297	G	0.0121917040359	20924	187	261	36	21408	121974
UNKNOWN	88	G	0.972767189836	A	0.0181707772795	389	134	20825	60	21408	121974
UNKNOWN	89	C	0.948243647235	T	0.0308763079223	94	20300	353	661	21408	121974
UNKNOWN	90	G	0.960435351271	A	0.0344263826607	737	73	20561	37	21408	121974
UNKNOWN	91	A	0.918581838565	G	0.0571748878924	19665	386	1224	133	21408	121974
UNKNOWN	92	T	0.920450298954	C	0.0413396860987	313	885	505	19705	21408	121974
UNKNOWN	93	A	0.902513079223	G	0.0462443946188	19321	305	990	792	21408	121974
UNKNOWN	94	A	0.961743273543	G	0.0199925261584	20589	175	428	216	21408	121974
UNKNOWN	95	T	0.936659192825	A	0.0284005979073	608	178	570	20052	21408	121974
UNKNOWN	96	A	0.894291853513	G	0.0771207025411	19145	387	1651	225	21408	121974
UNKNOWN	97	G	0.477952167414	A	0.316190209268	6769	3635	10232	772	21408	121974
UNKNOWN	98	T	0.978886397608	G	0.00882847533632	109	154	189	20956	21408	121974
UNKNOWN	99	G	0.949878550075	A	0.0442825112108	948	60	20335	65	21408	121974
UNKNOWN	100	T	0.995188714499	C	0.00256913303438	31	55	17	21305	21408	121974
UNKNOWN	101	A	0.974215246637	G	0.0198523916293	20856	59	425	68	21408	121974
UNKNOWN	102	G	0.915452167414	A	0.0581091180867	1244	363	19598	203	21408	121974
UNKNOWN	103	G	0.768497757848	A	0.171244394619	3666	797	16452	493	21408	121974
UNKNOWN	104	C	0.974215246637	T	0.0137798953662	64	20856	193	295	21408	121974
UNKNOWN	105	T	0.996029521674	G	0.00242899850523	3	30	52	21323	21408	121974
UNKNOWN	106	G	0.998878923767	T	0.000607249626308	9	2	21384	13	21408	121974
UNKNOWN	107	G	0.998178251121	T	0.000747384155456	14	9	21369	16	21408	121974
UNKNOWN	108	G	0.98024103139	A	0.0127989536622	274	71	20985	78	21408	121974
UNKNOWN	109	T	0.989723467862	C	0.00948243647235	3	203	14	21188	21408	121974
UNKNOWN	110	C	0.997571001495	T	0.00130792227205	16	21356	8	28	21408	121974
UNKNOWN	111	C	0.997711136024	G	0.00154147982063	4	21359	33	12	21408	121974
UNKNOWN	112	G	0.997524289985	C	0.00172832585949	12	37	21355	4	21408	121974
UNKNOWN	113	C	0.996403213752	T	0.00172832585949	21	21331	19	37	21408	121974
UNKNOWN	114	C	0.99673019432	A	0.00200859491779	43	21338	14	13	21408	121974
UNKNOWN	115	A	0.991171524664	G	0.00602578475336	21219	51	129	9	21408	121974
UNKNOWN	116	G	0.997430866966	A	0.00149476831091	32	18	21353	5	21408	121974
UNKNOWN	117	G	0.986033258595	A	0.0108837817638	233	48	21109	18	21408	121974
UNKNOWN	118	C	0.995188714499	T	0.00298953662182	12	21305	27	64	21408	121974
UNKNOWN	119	T	0.99341367713	C	0.00527840059791	7	113	21	21267	21408	121974
UNKNOWN	120	C	0.997571001495	A	0.00112107623318	24	21356	11	17	21408	121974
UNKNOWN	121	C	0.997150597907	A	0.00177503736921	38	21347	7	16	21408	121974
UNKNOWN	122	A	0.991405082212	G	0.00644618834081	21224	30	138	16	21408	121974
UNKNOWN	123	G	0.99500186846	A	0.00359678624813	77	21	21301	9	21408	121974
UNKNOWN	124	G	0.995609118087	A	0.0035033632287	75	7	21314	12	21408	121974
UNKNOWN	125	A	0.972954035874	G	0.0248038116592	20829	33	531	15	21408	121974
UNKNOWN	126	A	0.994768310912	C	0.00312967115097	21296	67	45	0	21408	121974
UNKNOWN	127	A	0.992339312407	G	0.00681988041854	21244	14	146	4	21408	121974
UNKNOWN	128	G	0.99831838565	A	0.000980941704036	21	9	21372	6	21408	121974
UNKNOWN	129	G	0.989676756353	A	0.00607249626308	130	83	21187	8	21408	121974
UNKNOWN	130	C	0.996449925262	G	0.00219544095665	12	21332	47	17	21408	121974
UNKNOWN	131	G	0.984912182362	A	0.0109772047833	235	66	21085	22	21408	121974
UNKNOWN	132	C	0.994861733931	T	0.00359678624813	18	21298	15	77	21408	121974
UNKNOWN	133	T	0.99019058296	G	0.00443759342302	21	94	95	21198	21408	121974
UNKNOWN	134	G	0.986406950673	A	0.0102765321375	220	20	21117	51	21408	121974
UNKNOWN	135	G	0.99500186846	A	0.00336322869955	72	26	21301	9	21408	121974
UNKNOWN	136	A	0.992292600897	G	0.00579222720478	21243	23	124	18	21408	121974
UNKNOWN	137	G	0.99009715994	A	0.00574551569507	123	29	21196	60	21408	121974
UNKNOWN	138	T	0.994488041854	G	0.00340994020927	6	39	73	21290	21408	121974
UNKNOWN	139	G	0.996496636771	T	0.00163490284006	26	14	21333	35	21408	121974
UNKNOWN	140	G	0.985472720478	C	0.00808109118087	26	173	21097	112	21408	121974
UNKNOWN	141	C	0.987201046338	G	0.00588565022422	92	21134	126	56	21408	121974
UNKNOWN	142	T	0.99500186846	C	0.00336322869955	17	72	18	21301	21408	121974
UNKNOWN	143	C	0.985099028401	T	0.00999626307922	32	21089	73	214	21408	121974
UNKNOWN	144	G	0.991451793722	A	0.00738041853513	158	4	21225	21	21408	121974
UNKNOWN	145	G	0.972253363229	C	0.0156016442451	191	334	20814	69	21408	121974
UNKNOWN	146	T	0.979446935725	G	0.010369955157	94	124	222	20968	21408	121974
UNKNOWN	147	G	0.844777653214	A	0.100056053812	2142	275	18085	906	21408	121974
UNKNOWN	148	T	0.876494768311	A	0.0503550074738	1078	921	645	18764	21408	121974
UNKNOWN	149	C	0.890648355755	T	0.0744114349776	545	19067	203	1593	21408	121974
UNKNOWN	150	A	0.970618460389	G	0.0226083707025	20779	52	484	93	21408	121974
UNKNOWN	151	T	0.970478325859	G	0.0141068759342	161	169	302	20776	21408	121974
UNKNOWN	152	A	0.919562780269	G	0.0406390134529	19686	306	870	546	21408	121974
UNKNOWN	153	T	0.851597533632	G	0.059043348281	1229	684	1264	18231	21408	121974
UNKNOWN	154	A	0.895973467862	G	0.0641816143498	19181	363	1374	490	21408	121974
UNKNOWN	155	T	0.941283632287	C	0.0254577727952	170	545	542	20151	21408	121974
UNKNOWN	156	A	0.891115470852	G	0.0854353512706	19077	337	1829	165	21408	121974
UNKNOWN	157	G	0.807268310912	A	0.0933295964126	1998	1400	17282	728	21408	121974
UNKNOWN	158	T	0.939415171898	G	0.0325112107623	432	169	696	20111	21408	121974
UNKNOWN	159	G	0.777699925262	A	0.170590433483	3652	707	16649	400	21408	121974
UNKNOWN	160	G	0.771627428999	A	0.16615284006	3557	892	16519	440	21408	121974
UNKNOWN	161	T	0.957679372197	G	0.0195254110613	270	218	418	20502	21408	121974
UNKNOWN	162	G	0.984445067265	A	0.0129390881913	277	28	21075	28	21408	121974
UNKNOWN	163	G	0.974635650224	A	0.0175168161435	375	95	20865	73	21408	121974
UNKNOWN	164	A	0.974729073244	G	0.0180773542601	20867	99	387	55	21408	121974
UNKNOWN	165	A	0.915265321375	G	0.0755792227205	19594	96	1618	100	21408	121974
UNKNOWN	166	G	0.669048953662	A	0.199551569507	4272	1426	14323	1387	21408	121974
UNKNOWN	167	C	0.904942077728	T	0.0535781016442	520	19373	368	1147	21408	121974
UNKNOWN	168	A	0.974822496263	G	0.012985799701	20869	204	278	57	21408	121974
UNKNOWN	169	C	0.972627055306	T	0.01480754858	204	20822	65	317	21408	121974
UNKNOWN	170	A	0.983230568012	G	0.011023916293	21049	71	236	52	21408	121974
UNKNOWN	171	G	0.926522795217	A	0.0419002242152	897	419	19835	257	21408	121974
UNKNOWN	172	G	0.610893124066	A	0.296758221226	6353	1188	13078	789	21408	121974
UNKNOWN	173	C	0.966507847534	G	0.0168161434978	122	20691	360	235	21408	121974
UNKNOWN	174	T	0.984678624813	A	0.0055586696562	119	98	111	21080	21408	121974
UNKNOWN	175	A	0.987201046338	T	0.00630605381166	21134	84	55	135	21408	121974
UNKNOWN	176	T	0.98024103139	C	0.0134062032885	111	287	25	20985	21408	121974
UNKNOWN	177	A	0.986640508221	C	0.00798766816143	21122	171	84	31	21408	121974
UNKNOWN	178	A	0.984772047833	G	0.0072869955157	21082	139	156	31	21408	121974
UNKNOWN	179	C	0.909940209268	T	0.0807174887892	64	19480	136	1728	21408	121974
UNKNOWN	180	C	0.942684977578	T	0.0373224962631	134	20181	294	799	21408	121974
UNKNOWN	181	C	0.983323991031	A	0.00644618834081	138	21051	81	138	21408	121974
UNKNOWN	182	A	0.983464125561	G	0.00812780269058	21054	151	174	29	21408	121974
UNKNOWN	183	G	0.981128550075	A	0.0101363976084	217	155	21004	32	21408	121974
UNKNOWN	184	C	0.983090433483	T	0.00850149476831	79	21046	101	182	21408	121974
UNKNOWN	185	C	0.996403213752	A	0.00163490284006	35	21331	10	32	21408	121974
UNKNOWN	186	C	0.991031390135	T	0.0055586696562	35	21216	38	119	21408	121974
UNKNOWN	187	T	0.992245889387	G	0.00420403587444	41	35	90	21242	21408	121974
UNKNOWN	188	G	0.977111360239	A	0.0151812406577	325	89	20918	76	21408	121974
UNKNOWN	189	A	0.992199177877	G	0.00504484304933	21241	44	108	15	21408	121974
UNKNOWN	190	A	0.990610986547	G	0.00425074738416	21207	55	91	55	21408	121974
UNKNOWN	191	A	0.989676756353	T	0.00448430493274	21187	67	58	96	21408	121974
UNKNOWN	192	T	0.988789237668	C	0.00742713004484	52	159	29	21168	21408	121974
UNKNOWN	193	C	0.996823617339	T	0.00186846038864	19	21340	9	40	21408	121974
UNKNOWN	194	C	0.994301195815	T	0.00289611360239	16	21286	44	62	21408	121974
UNKNOWN	195	C	0.992993273543	G	0.00490470852018	27	21258	105	18	21408	121974
UNKNOWN	196	G	0.995515695067	A	0.00177503736921	38	25	21312	33	21408	121974
UNKNOWN	197	G	0.951980568012	A	0.0312967115097	670	247	20380	111	21408	121974
UNKNOWN	198	C	0.99019058296	T	0.00471786248132	54	21198	55	101	21408	121974
UNKNOWN	199	T	0.991124813154	C	0.0058389387145	39	125	26	21218	21408	121974
UNKNOWN	200	C	0.991685351271	A	0.00429745889387	92	21230	48	38	21408	121974
UNKNOWN	201	A	0.988602391629	G	0.00798766816143	21164	67	171	6	21408	121974
UNKNOWN	202	G	0.971692825112	C	0.0213004484305	68	456	20802	82	21408	121974
UNKNOWN	203	C	0.969170403587	T	0.0200392376682	164	20748	67	429	21408	121974
UNKNOWN	204	A	0.984071375187	T	0.0058389387145	21067	103	113	125	21408	121974
UNKNOWN	205	T	0.989536621824	C	0.00667974588939	44	143	37	21184	21408	121974
UNKNOWN	206	C	0.989536621824	A	0.00579222720478	124	21184	6	94	21408	121974
UNKNOWN	207	A	0.987107623318	C	0.00710014947683	21132	152	96	28	21408	121974
UNKNOWN	208	C	0.988041853513	G	0.00462443946188	59	21152	99	98	21408	121974
UNKNOWN	209	C	0.957959641256	T	0.0198523916293	254	20508	221	425	21408	121974
UNKNOWN	210	A	0.991311659193	G	0.00588565022422	21222	54	126	6	21408	121974
UNKNOWN	211	A	0.985612855007	G	0.0121449925262	21100	34	260	14	21408	121974
UNKNOWN	212	G	0.985612855007	A	0.00896860986547	192	97	21100	19	21408	121974
UNKNOWN	213	G	0.987948430493	A	0.00990284005979	212	29	21150	17	21408	121974
UNKNOWN	214	A	0.989770179372	C	0.00625934230194	21189	134	67	18	21408	121974
UNKNOWN	215	C	0.982670029895	T	0.00850149476831	132	21037	57	182	21408	121974
UNKNOWN	216	A	0.989489910314	G	0.00569880418535	21183	62	122	41	21408	121974
UNKNOWN	217	A	0.985846412556	G	0.00663303437967	21105	121	142	40	21408	121974
UNKNOWN	218	C	0.97538303438	T	0.0120515695067	45	20881	224	258	21408	121974
UNKNOWN	219	T	0.985426008969	C	0.00794095665172	88	170	54	21096	21408	121974
UNKNOWN	220	C	0.992806427504	A	0.00425074738416	91	21254	7	56	21408	121974
UNKNOWN	221	C	0.987107623318	A	0.00602578475336	129	21132	31	116	21408	121974
UNKNOWN	222	A	0.986593796712	G	0.00887518684604	21121	88	190	9	21408	121974
UNKNOWN	223	A	0.989349775785	G	0.00948243647235	21180	13	203	12	21408	121974
UNKNOWN	224	G	0.985846412556	A	0.0072869955157	156	135	21105	12	21408	121974
UNKNOWN	225	A	0.98678064275	G	0.00924887892377	21125	61	198	24	21408	121974
UNKNOWN	226	G	0.959968236173	A	0.0281670403587	603	231	20551	23	21408	121974
UNKNOWN	227	C	0.973467862481	T	0.0195254110613	69	20840	81	418	21408	121974
UNKNOWN	228	C	0.989303064275	A	0.00784753363229	168	21179	47	14	21408	121974
UNKNOWN	229	A	0.99341367713	G	0.0035033632287	21267	41	75	25	21408	121974
UNKNOWN	230	A	0.97869955157	G	0.0182174887892	20952	40	390	26	21408	121974
UNKNOWN	231	G	0.964265695067	A	0.019899103139	426	169	20643	170	21408	121974
UNKNOWN	232	T	0.988882660688	C	0.00836136023916	27	179	32	21170	21408	121974
UNKNOWN	233	C	0.975102765321	T	0.0142470104634	41	20875	187	305	21408	121974
UNKNOWN	234	T	0.986453662182	C	0.00910874439462	40	195	55	21118	21408	121974
UNKNOWN	235	C	0.991078101644	T	0.00719357249626	31	21217	6	154	21408	121974
UNKNOWN	236	T	0.979680493274	C	0.0136397608371	48	292	95	20973	21408	121974
UNKNOWN	237	C	0.983837817638	T	0.00812780269058	43	21062	129	174	21408	121974
UNKNOWN	238	T	0.993086696562	A	0.00415732436472	89	41	18	21260	21408	121974
UNKNOWN	239	A	0.912229073244	G	0.0749252615845	19529	145	1604	130	21408	121974
UNKNOWN	240	T	0.982670029895	C	0.0070067264574	132	150	89	21037	21408	121974
UNKNOWN	241	C	0.977578475336	T	0.01644245142	124	20928	4	352	21408	121974
UNKNOWN	242	A	0.983323991031	C	0.00812780269058	21051	174	145	38	21408	121974
UNKNOWN	243	C	0.937920403587	G	0.0439555306428	172	20079	941	216	21408	121974
UNKNOWN	244	T	0.992199177877	G	0.00513826606876	35	22	110	21241	21408	121974
UNKNOWN	245	G	0.970244768311	A	0.0213004484305	456	57	20771	124	21408	121974
UNKNOWN	246	A	0.983183856502	G	0.0119581464873	21048	82	256	22	21408	121974
UNKNOWN	247	G	0.959220852018	A	0.0229353512706	491	319	20535	63	21408	121974
UNKNOWN	248	C	0.957819506726	T	0.0227952167414	175	20505	240	488	21408	121974
UNKNOWN	249	A	0.983744394619	G	0.0117713004484	21060	88	252	8	21408	121974
UNKNOWN	250	G	0.981221973094	C	0.0119114349776	97	255	21006	50	21408	121974
UNKNOWN	251	C	0.985706278027	T	0.00653961136024	41	21102	125	140	21408	121974
UNKNOWN	252	G	0.985566143498	A	0.00658632286996	141	49	21099	119	21408	121974
UNKNOWN	253	T	0.986593796712	C	0.00602578475336	36	129	122	21121	21408	121974
UNKNOWN	254	G	0.955437219731	A	0.0297085201794	636	165	20454	153	21408	121974
UNKNOWN	255	A	0.982296337818	G	0.00952914798206	21029	129	204	46	21408	121974
UNKNOWN	256	C	0.984351644245	A	0.007894245142	169	21073	57	109	21408	121974
UNKNOWN	257	A	0.968563153961	G	0.0229353512706	20735	92	491	90	21408	121974
UNKNOWN	258	A	0.924607623318	C	0.0563807922272	19794	1207	323	84	21408	121974
UNKNOWN	259	C	0.947169282511	G	0.0242432735426	95	20277	519	517	21408	121974
UNKNOWN	260	T	0.966507847534	G	0.0149476831091	143	254	320	20691	21408	121974
UNKNOWN	261	G	0.987621449925	A	0.00896860986547	192	18	21143	55	21408	121974
UNKNOWN	262	A	0.985893124066	G	0.0102765321375	21106	54	220	28	21408	121974
UNKNOWN	263	G	0.95880044843	A	0.0247103886398	529	225	20526	128	21408	121974
UNKNOWN	264	G	0.98187593423	A	0.0116311659193	249	37	21020	102	21408	121974
UNKNOWN	265	A	0.984678624813	C	0.00878176382661	21080	188	113	27	21408	121974
UNKNOWN	266	C	0.983090433483	A	0.00864162929746	185	21046	40	137	21408	121974
UNKNOWN	267	A	0.977204783259	G	0.011677877429	20920	123	250	115	21408	121974
UNKNOWN	268	C	0.986593796712	G	0.00681988041854	70	21121	146	71	21408	121974
UNKNOWN	269	G	0.979727204783	A	0.0118180119581	253	69	20974	112	21408	121974
UNKNOWN	270	G	0.984398355755	C	0.00588565022422	100	126	21074	108	21408	121974
UNKNOWN	271	C	0.990284005979	A	0.00649289985052	139	21200	50	19	21408	121974
UNKNOWN	272	C	0.987341180867	A	0.00756726457399	162	21137	37	72	21408	121974
UNKNOWN	273	A	0.987341180867	G	0.00541853512706	21137	104	116	51	21408	121974
UNKNOWN	274	C	0.982997010463	A	0.00915545590433	196	21044	39	129	21408	121974
UNKNOWN	275	A	0.973000747384	G	0.0127989536622	20830	126	274	178	21408	121974
UNKNOWN	276	T	0.98687406577	A	0.00653961136024	140	65	76	21127	21408	121974
UNKNOWN	277	A	0.985986547085	C	0.00756726457399	21108	162	70	68	21408	121974
UNKNOWN	278	C	0.957819506726	T	0.0383968609865	67	20505	14	822	21408	121974
UNKNOWN	279	T	0.972860612855	C	0.0139200298954	155	298	128	20827	21408	121974
UNKNOWN	280	A	0.973888266069	T	0.0111640508221	20849	196	124	239	21408	121974
UNKNOWN	281	C	0.971879671151	T	0.0239162929746	42	20806	48	512	21408	121974
UNKNOWN	282	T	0.985332585949	G	0.0102298206278	63	32	219	21094	21408	121974
