Type	Position	Nucl1	Freq1	Nucl2	Freq2	NumAs	NumCs	NumGs	NumTs	NumAligned	NumNaive
UNKNOWN	0	C	1.0	A	0.0	0	1814	0	0	1814	201045
UNKNOWN	1	A	1.0	C	0.0	1814	0	0	0	1814	201045
UNKNOWN	2	G	1.0	A	0.0	0	0	1814	0	1814	201045
UNKNOWN	3	G	1.0	A	0.0	0	0	1814	0	1814	201045
UNKNOWN	4	T	1.0	A	0.0	0	0	0	1814	1814	201045
UNKNOWN	5	G	1.0	A	0.0	0	0	1814	0	1814	201045
UNKNOWN	6	C	1.0	A	0.0	0	1814	0	0	1814	201045
UNKNOWN	7	A	0.998346196251	G	0.00110253583241	1811	1	2	0	1814	201045
UNKNOWN	8	G	0.997243660419	A	0.00220507166483	4	1	1809	0	1814	201045
UNKNOWN	9	C	0.996141124587	T	0.00275633958104	2	1807	0	5	1814	201045
UNKNOWN	10	T	0.997794928335	C	0.00220507166483	0	4	0	1810	1814	201045
UNKNOWN	11	G	0.999448732084	C	0.000551267916207	0	1	1813	0	1814	201045
UNKNOWN	12	C	0.999448732084	T	0.000551267916207	0	1813	0	1	1814	201045
UNKNOWN	13	G	0.997243660419	A	0.00275633958104	5	0	1809	0	1814	201045
UNKNOWN	14	G	0.900771775083	C	0.0964718853363	2	175	1634	3	1814	201045
UNKNOWN	15	G	1.0	A	0.0	0	0	1814	0	1814	201045
UNKNOWN	16	A	0.997243660419	G	0.00220507166483	1809	1	4	0	1814	201045
UNKNOWN	17	G	0.997794928335	A	0.00165380374862	3	0	1810	1	1814	201045
UNKNOWN	18	T	0.996692392503	C	0.00220507166483	1	4	1	1808	1814	201045
UNKNOWN	19	C	0.998897464168	A	0.000551267916207	1	1812	0	1	1814	201045
UNKNOWN	20	G	0.994487320838	A	0.00551267916207	10	0	1804	0	1814	201045
UNKNOWN	21	G	0.998346196251	A	0.000551267916207	1	1	1811	1	1814	201045
UNKNOWN	22	G	1.0	A	0.0	0	0	1814	0	1814	201045
UNKNOWN	23	C	0.998897464168	T	0.00110253583241	0	1812	0	2	1814	201045
UNKNOWN	24	C	0.975744211687	A	0.0110253583241	20	1770	7	17	1814	201045
UNKNOWN	25	C	0.998897464168	A	0.000551267916207	1	1812	0	1	1814	201045
UNKNOWN	26	C	0.997243660419	A	0.00220507166483	4	1809	0	1	1814	201045
UNKNOWN	27	A	0.994487320838	G	0.00496141124587	1804	1	9	0	1814	201045
UNKNOWN	28	G	0.986769570011	A	0.00937155457552	17	7	1790	0	1814	201045
UNKNOWN	29	C	0.989525909592	T	0.00826901874311	2	1795	2	15	1814	201045
UNKNOWN	30	C	0.997794928335	T	0.00220507166483	0	1810	0	4	1814	201045
UNKNOWN	31	T	0.992833517089	G	0.00496141124587	1	3	9	1801	1814	201045
UNKNOWN	32	G	0.99558985667	A	0.00330760749724	6	1	1806	1	1814	201045
UNKNOWN	33	G	0.99558985667	T	0.00330760749724	0	2	1806	6	1814	201045
UNKNOWN	34	T	0.995038588754	G	0.00330760749724	0	3	6	1805	1814	201045
UNKNOWN	35	G	0.996141124587	A	0.00220507166483	4	2	1807	1	1814	201045
UNKNOWN	36	A	0.996692392503	G	0.00165380374862	1808	2	3	1	1814	201045
UNKNOWN	37	A	0.989525909592	G	0.00661521499449	1795	7	12	0	1814	201045
UNKNOWN	38	G	0.99558985667	C	0.00385887541345	0	7	1806	1	1814	201045
UNKNOWN	39	C	0.998346196251	T	0.00165380374862	0	1811	0	3	1814	201045
UNKNOWN	40	C	0.997243660419	T	0.00110253583241	1	1809	2	2	1814	201045
UNKNOWN	41	C	0.989525909592	G	0.00716648291069	1	1795	13	5	1814	201045
UNKNOWN	42	T	0.994487320838	C	0.00496141124587	0	9	1	1804	1814	201045
UNKNOWN	43	C	0.99558985667	A	0.00385887541345	7	1806	0	1	1814	201045
UNKNOWN	44	A	0.992282249173	C	0.00441014332966	1800	8	5	1	1814	201045
UNKNOWN	45	C	0.994487320838	A	0.00441014332966	8	1804	1	1	1814	201045
UNKNOWN	46	A	0.991179713341	G	0.00496141124587	1798	7	9	0	1814	201045
UNKNOWN	47	G	0.991179713341	C	0.00496141124587	7	9	1798	0	1814	201045
UNKNOWN	48	A	0.985667034179	C	0.0077177508269	1788	14	10	2	1814	201045
UNKNOWN	49	C	0.998897464168	A	0.000551267916207	1	1812	0	1	1814	201045
UNKNOWN	50	C	0.998346196251	T	0.00110253583241	1	1811	0	2	1814	201045
UNKNOWN	51	C	0.99558985667	T	0.00275633958104	3	1806	0	5	1814	201045
UNKNOWN	52	T	0.994487320838	C	0.00441014332966	1	8	1	1804	1814	201045
UNKNOWN	53	C	0.990077177508	G	0.00661521499449	0	1796	12	6	1814	201045
UNKNOWN	54	T	0.991179713341	C	0.00826901874311	1	15	0	1798	1814	201045
UNKNOWN	55	C	0.997794928335	A	0.00220507166483	4	1810	0	0	1814	201045
UNKNOWN	56	C	0.998897464168	G	0.00110253583241	0	1812	2	0	1814	201045
UNKNOWN	57	C	0.993936052922	T	0.00385887541345	1	1803	3	7	1814	201045
UNKNOWN	58	T	0.99558985667	C	0.00441014332966	0	8	0	1806	1814	201045
UNKNOWN	59	C	0.99558985667	A	0.00441014332966	8	1806	0	0	1814	201045
UNKNOWN	60	A	0.993384785006	C	0.00496141124587	1802	9	2	1	1814	201045
UNKNOWN	61	C	0.996692392503	A	0.00330760749724	6	1808	0	0	1814	201045
UNKNOWN	62	C	0.996141124587	T	0.00330760749724	0	1807	1	6	1814	201045
UNKNOWN	63	T	0.993936052922	G	0.00330760749724	2	3	6	1803	1814	201045
UNKNOWN	64	G	0.996141124587	C	0.00330760749724	0	6	1807	1	1814	201045
UNKNOWN	65	C	0.99558985667	A	0.00441014332966	8	1806	0	0	1814	201045
UNKNOWN	66	A	0.987320837927	G	0.00606394707828	1791	10	11	2	1814	201045
UNKNOWN	67	C	0.994487320838	G	0.00330760749724	2	1804	6	2	1814	201045
UNKNOWN	68	G	0.976295479603	A	0.0237045203969	43	0	1771	0	1814	201045
UNKNOWN	69	G	0.96802646086	A	0.0209481808159	38	5	1756	15	1814	201045
UNKNOWN	70	T	0.9796030871	C	0.0126791620728	5	23	9	1777	1814	201045
UNKNOWN	71	C	0.9796030871	T	0.0143329658214	3	1777	8	26	1814	201045
UNKNOWN	72	T	0.991179713341	C	0.00826901874311	0	15	1	1798	1814	201045
UNKNOWN	73	C	0.992833517089	T	0.00551267916207	3	1801	0	10	1814	201045
UNKNOWN	74	T	0.993384785006	G	0.00441014332966	0	4	8	1802	1814	201045
UNKNOWN	75	G	0.990628445424	A	0.00716648291069	13	2	1797	2	1814	201045
UNKNOWN	76	G	0.98842337376	A	0.0110253583241	20	1	1793	0	1814	201045
UNKNOWN	77	A	0.991179713341	T	0.00330760749724	1798	4	6	6	1814	201045
UNKNOWN	78	T	0.997794928335	C	0.00220507166483	0	4	0	1810	1814	201045
UNKNOWN	79	T	0.993936052922	C	0.00551267916207	1	10	0	1803	1814	201045
UNKNOWN	80	C	0.991179713341	T	0.0077177508269	2	1798	0	14	1814	201045
UNKNOWN	81	T	0.992282249173	C	0.00661521499449	0	12	2	1800	1814	201045
UNKNOWN	82	C	0.993384785006	A	0.00385887541345	7	1802	0	5	1814	201045
UNKNOWN	83	A	0.993384785006	T	0.00441014332966	1802	3	1	8	1814	201045
UNKNOWN	84	T	0.933296582139	C	0.0650496141125	2	118	1	1693	1814	201045
UNKNOWN	85	T	0.994487320838	G	0.00551267916207	0	0	10	1804	1814	201045
UNKNOWN	86	G	0.969680264609	A	0.0286659316428	52	0	1759	3	1814	201045
UNKNOWN	87	A	0.986769570011	G	0.0104740904079	1790	4	19	1	1814	201045
UNKNOWN	88	G	0.952590959206	C	0.0231532524807	29	42	1728	15	1814	201045
UNKNOWN	89	C	0.977949283352	T	0.0126791620728	12	1774	5	23	1814	201045
UNKNOWN	90	A	0.947078280044	G	0.0413450937155	1718	7	75	14	1814	201045
UNKNOWN	91	G	0.911245865491	A	0.0402425578831	73	47	1653	41	1814	201045
UNKNOWN	92	C	0.955347298787	T	0.0237045203969	8	1733	30	43	1814	201045
UNKNOWN	93	A	0.728776185226	T	0.193495038589	1322	9	132	351	1814	201045
UNKNOWN	94	A	0.961411245865	C	0.013230429989	1744	24	22	24	1814	201045
UNKNOWN	95	T	0.983461962514	G	0.00937155457552	4	9	17	1784	1814	201045
UNKNOWN	96	G	0.929988974642	A	0.0595369349504	108	15	1687	4	1814	201045
UNKNOWN	97	G	0.609151047409	C	0.294377067255	162	534	1105	13	1814	201045
UNKNOWN	98	T	0.985115766262	A	0.00551267916207	10	8	9	1787	1814	201045
UNKNOWN	99	G	0.98842337376	A	0.00606394707828	11	1	1793	9	1814	201045
UNKNOWN	100	T	0.993936052922	A	0.00385887541345	7	3	1	1803	1814	201045
UNKNOWN	101	A	0.957552370452	G	0.0347298787211	1737	1	63	13	1814	201045
UNKNOWN	102	G	0.945975744212	A	0.0396912899669	72	18	1716	8	1814	201045
UNKNOWN	103	G	0.911245865491	A	0.0407938257993	74	28	1653	59	1814	201045
UNKNOWN	104	C	0.985667034179	T	0.0077177508269	3	1788	9	14	1814	201045
UNKNOWN	105	T	0.995038588754	G	0.00330760749724	1	2	6	1805	1814	201045
UNKNOWN	106	G	0.998897464168	A	0.000551267916207	1	0	1812	1	1814	201045
UNKNOWN	107	G	0.999448732084	A	0.000551267916207	1	0	1813	0	1814	201045
UNKNOWN	108	G	0.986769570011	T	0.00551267916207	8	6	1790	10	1814	201045
UNKNOWN	109	T	0.996141124587	C	0.00385887541345	0	7	0	1807	1814	201045
UNKNOWN	110	C	0.982910694598	A	0.0121278941566	22	1783	2	7	1814	201045
UNKNOWN	111	C	0.995038588754	G	0.00385887541345	0	1805	7	2	1814	201045
UNKNOWN	112	G	0.996141124587	C	0.00385887541345	0	7	1807	0	1814	201045
UNKNOWN	113	C	0.998897464168	A	0.000551267916207	1	1812	0	1	1814	201045
UNKNOWN	114	C	0.995038588754	A	0.00441014332966	8	1805	0	1	1814	201045
UNKNOWN	115	A	0.991179713341	G	0.00826901874311	1798	1	15	0	1814	201045
UNKNOWN	116	G	0.996141124587	A	0.00385887541345	7	0	1807	0	1814	201045
UNKNOWN	117	G	0.988974641676	A	0.00551267916207	10	10	1794	0	1814	201045
UNKNOWN	118	C	0.995038588754	T	0.00441014332966	0	1805	1	8	1814	201045
UNKNOWN	119	T	0.990077177508	C	0.00606394707828	0	11	7	1796	1814	201045
UNKNOWN	120	C	0.998897464168	T	0.000551267916207	0	1812	1	1	1814	201045
UNKNOWN	121	C	0.992282249173	A	0.00441014332966	8	1800	0	6	1814	201045
UNKNOWN	122	A	0.973539140022	G	0.0242557883131	1766	4	44	0	1814	201045
UNKNOWN	123	G	0.996692392503	A	0.00330760749724	6	0	1808	0	1814	201045
UNKNOWN	124	G	0.997243660419	A	0.00220507166483	4	0	1809	1	1814	201045
UNKNOWN	125	G	0.980705622933	A	0.0181918412348	33	2	1779	0	1814	201045
UNKNOWN	126	A	0.994487320838	G	0.00385887541345	1804	1	7	2	1814	201045
UNKNOWN	127	A	0.986218302095	G	0.0137816979052	1789	0	25	0	1814	201045
UNKNOWN	128	G	0.996692392503	T	0.00165380374862	1	2	1808	3	1814	201045
UNKNOWN	129	G	0.987872105843	C	0.0077177508269	6	14	1792	2	1814	201045
UNKNOWN	130	C	0.981808158765	T	0.00937155457552	2	1781	14	17	1814	201045
UNKNOWN	131	G	0.98842337376	A	0.00661521499449	12	9	1793	0	1814	201045
UNKNOWN	132	C	0.98842337376	T	0.00937155457552	2	1793	2	17	1814	201045
UNKNOWN	133	T	0.991730981257	G	0.00606394707828	1	3	11	1799	1814	201045
UNKNOWN	134	G	0.98401323043	A	0.0126791620728	23	3	1785	3	1814	201045
UNKNOWN	135	G	0.993936052922	A	0.00496141124587	9	0	1803	2	1814	201045
UNKNOWN	136	A	0.98842337376	G	0.00992282249173	1793	1	18	2	1814	201045
UNKNOWN	137	G	0.987872105843	A	0.0077177508269	14	0	1792	8	1814	201045
UNKNOWN	138	T	0.995038588754	G	0.00441014332966	0	1	8	1805	1814	201045
UNKNOWN	139	G	0.99558985667	A	0.00275633958104	5	0	1806	3	1814	201045
UNKNOWN	140	G	0.969128996692	T	0.0270121278942	1	6	1758	49	1814	201045
UNKNOWN	141	G	0.901323042999	A	0.0512679162073	93	76	1635	10	1814	201045
UNKNOWN	142	T	0.997243660419	C	0.00165380374862	1	3	1	1809	1814	201045
UNKNOWN	143	T	0.980705622933	G	0.00937155457552	4	14	17	1779	1814	201045
UNKNOWN	144	G	0.955898566703	A	0.0341786108049	62	1	1734	17	1814	201045
UNKNOWN	145	G	0.980154355017	C	0.013230429989	3	24	1778	9	1814	201045
UNKNOWN	146	T	0.963065049614	G	0.0154355016538	16	23	28	1747	1814	201045
UNKNOWN	147	G	0.775633958104	A	0.192943770673	350	24	1407	33	1814	201045
UNKNOWN	148	G	0.727673649394	A	0.195700110254	355	98	1320	41	1814	201045
UNKNOWN	149	T	0.942116868798	A	0.0237045203969	43	27	35	1709	1814	201045
UNKNOWN	150	A	0.963065049614	G	0.0297684674752	1747	1	54	12	1814	201045
UNKNOWN	151	T	0.987872105843	A	0.00716648291069	13	5	4	1792	1814	201045
UNKNOWN	152	A	0.933296582139	G	0.0507166482911	1693	10	92	19	1814	201045
UNKNOWN	153	G	0.927783902977	A	0.0529217199559	96	26	1683	9	1814	201045
UNKNOWN	154	A	0.925578831312	G	0.058434399118	1679	18	106	11	1814	201045
UNKNOWN	155	T	0.884785005513	G	0.0441014332966	54	75	80	1605	1814	201045
UNKNOWN	156	A	0.812017640573	G	0.101984564498	1473	67	185	89	1814	201045
UNKNOWN	157	A	0.819184123484	G	0.0964718853363	1486	84	175	69	1814	201045
UNKNOWN	158	T	0.957552370452	G	0.018743109151	29	14	34	1737	1814	201045
UNKNOWN	159	G	0.8197353914	A	0.128996692393	234	15	1487	78	1814	201045
UNKNOWN	160	A	0.92447629548	T	0.0407938257993	1677	24	39	74	1814	201045
UNKNOWN	161	T	0.953693495039	C	0.0209481808159	15	38	31	1730	1814	201045
UNKNOWN	162	G	0.996692392503	A	0.00275633958104	5	1	1808	0	1814	201045
UNKNOWN	163	G	0.977949283352	A	0.0181918412348	33	6	1774	1	1814	201045
UNKNOWN	164	A	0.975192943771	G	0.0137816979052	1769	13	25	7	1814	201045
UNKNOWN	165	G	0.878169790518	A	0.0656008820287	119	35	1593	67	1814	201045
UNKNOWN	166	A	0.921168687982	T	0.0336273428886	1671	33	49	61	1814	201045
UNKNOWN	167	C	0.939360529217	T	0.0231532524807	35	1704	33	42	1814	201045
UNKNOWN	168	A	0.960308710033	G	0.0226019845645	1742	11	41	20	1814	201045
UNKNOWN	169	C	0.943770672547	A	0.029217199559	53	1712	14	35	1814	201045
UNKNOWN	170	A	0.981256890849	G	0.0104740904079	1780	2	19	13	1814	201045
UNKNOWN	171	T	0.885336273429	G	0.0523704520397	42	71	95	1606	1814	201045
UNKNOWN	172	A	0.934399117971	G	0.0303197353914	1695	29	55	35	1814	201045
UNKNOWN	173	C	0.957001102536	T	0.0369349503859	1	1736	10	67	1814	201045
UNKNOWN	174	T	0.980154355017	A	0.00937155457552	17	17	2	1778	1814	201045
UNKNOWN	175	A	0.978500551268	C	0.0077177508269	1775	14	11	14	1814	201045
UNKNOWN	176	T	0.991179713341	A	0.00496141124587	9	7	0	1798	1814	201045
UNKNOWN	177	A	0.982910694598	C	0.0148842337376	1783	27	3	1	1814	201045
UNKNOWN	178	A	0.974641675854	C	0.0176405733186	1768	32	10	4	1814	201045
UNKNOWN	179	C	0.874310915105	T	0.119625137817	4	1586	7	217	1814	201045
UNKNOWN	180	C	0.965270121279	T	0.0248070562293	8	1751	10	45	1814	201045
UNKNOWN	181	C	0.984564498346	A	0.0077177508269	14	1786	9	5	1814	201045
UNKNOWN	182	A	0.981256890849	G	0.013230429989	1780	9	24	1	1814	201045
UNKNOWN	183	G	0.964718853363	A	0.0248070562293	45	16	1750	3	1814	201045
UNKNOWN	184	C	0.978500551268	T	0.0154355016538	4	1775	7	28	1814	201045
UNKNOWN	185	C	0.998897464168	A	0.000551267916207	1	1812	0	1	1814	201045
UNKNOWN	186	C	0.994487320838	T	0.00496141124587	1	1804	0	9	1814	201045
UNKNOWN	187	T	0.995038588754	G	0.00496141124587	0	0	9	1805	1814	201045
UNKNOWN	188	G	0.977949283352	A	0.018743109151	34	3	1774	3	1814	201045
UNKNOWN	189	A	0.989525909592	G	0.00661521499449	1795	7	12	0	1814	201045
UNKNOWN	190	A	0.996141124587	G	0.00220507166483	1807	1	4	2	1814	201045
UNKNOWN	191	A	0.991179713341	T	0.00496141124587	1798	3	4	9	1814	201045
UNKNOWN	192	T	0.98842337376	C	0.0110253583241	1	20	0	1793	1814	201045
UNKNOWN	193	C	0.991179713341	T	0.0077177508269	2	1798	0	14	1814	201045
UNKNOWN	194	C	0.993936052922	A	0.00220507166483	4	1803	4	3	1814	201045
UNKNOWN	195	C	0.992282249173	G	0.00551267916207	2	1800	10	2	1814	201045
UNKNOWN	196	G	0.998897464168	A	0.000551267916207	1	0	1812	1	1814	201045
UNKNOWN	197	G	0.92447629548	A	0.0501653803749	91	25	1677	21	1814	201045
UNKNOWN	198	C	0.984564498346	G	0.0077177508269	3	1786	14	11	1814	201045
UNKNOWN	199	T	0.990077177508	C	0.00661521499449	1	12	5	1796	1814	201045
UNKNOWN	200	C	0.980705622933	G	0.00992282249173	12	1779	18	5	1814	201045
UNKNOWN	201	A	0.990628445424	G	0.00606394707828	1797	5	11	1	1814	201045
UNKNOWN	202	G	0.964718853363	A	0.0181918412348	33	25	1750	6	1814	201045
UNKNOWN	203	C	0.969680264609	A	0.0143329658214	26	1759	8	21	1814	201045
UNKNOWN	204	A	0.991179713341	T	0.00441014332966	1798	1	7	8	1814	201045
UNKNOWN	205	T	0.989525909592	C	0.0077177508269	3	14	2	1795	1814	201045
UNKNOWN	206	C	0.992833517089	A	0.00441014332966	8	1801	0	5	1814	201045
UNKNOWN	207	A	0.989525909592	C	0.00496141124587	1795	9	4	6	1814	201045
UNKNOWN	208	C	0.986218302095	T	0.00661521499449	6	1789	7	12	1814	201045
UNKNOWN	209	C	0.979051819184	T	0.00992282249173	17	1776	3	18	1814	201045
UNKNOWN	210	A	0.992833517089	G	0.00496141124587	1801	2	9	2	1814	201045
UNKNOWN	211	A	0.96361631753	G	0.0347298787211	1748	1	63	2	1814	201045
UNKNOWN	212	G	0.987872105843	A	0.00826901874311	15	7	1792	0	1814	201045
UNKNOWN	213	G	0.982359426681	A	0.0121278941566	22	9	1782	1	1814	201045
UNKNOWN	214	A	0.990077177508	C	0.00661521499449	1796	12	3	3	1814	201045
UNKNOWN	215	C	0.983461962514	A	0.00606394707828	11	1784	8	11	1814	201045
UNKNOWN	216	A	0.997243660419	G	0.00275633958104	1809	0	5	0	1814	201045
UNKNOWN	217	A	0.981808158765	G	0.00882028665932	1781	14	16	3	1814	201045
UNKNOWN	218	C	0.982910694598	T	0.0121278941566	2	1783	7	22	1814	201045
UNKNOWN	219	T	0.98842337376	C	0.00661521499449	7	12	2	1793	1814	201045
UNKNOWN	220	C	0.992282249173	T	0.00441014332966	6	1800	0	8	1814	201045
UNKNOWN	221	C	0.971885336273	T	0.0170893054024	15	1763	5	31	1814	201045
UNKNOWN	222	A	0.975744211687	G	0.0192943770673	1770	9	35	0	1814	201045
UNKNOWN	223	A	0.985667034179	G	0.013230429989	1788	2	24	0	1814	201045
UNKNOWN	224	G	0.991179713341	A	0.0077177508269	14	2	1798	0	1814	201045
UNKNOWN	225	A	0.985667034179	G	0.00826901874311	1788	9	15	2	1814	201045
UNKNOWN	226	G	0.942668136714	A	0.045203969129	82	18	1710	4	1814	201045
UNKNOWN	227	C	0.951488423374	T	0.042447629548	2	1726	9	77	1814	201045
UNKNOWN	228	C	0.983461962514	G	0.00882028665932	14	1784	16	0	1814	201045
UNKNOWN	229	A	0.997243660419	G	0.00220507166483	1809	0	4	1	1814	201045
UNKNOWN	230	A	0.966923925028	G	0.03197353914	1754	2	58	0	1814	201045
UNKNOWN	231	G	0.950385887541	C	0.0231532524807	32	42	1724	16	1814	201045
UNKNOWN	232	T	0.990077177508	C	0.00882028665932	0	16	2	1796	1814	201045
UNKNOWN	233	C	0.977398015436	T	0.0165380374862	2	1773	9	30	1814	201045
UNKNOWN	234	T	0.987320837927	C	0.00716648291069	4	13	6	1791	1814	201045
UNKNOWN	235	C	0.986769570011	T	0.0104740904079	1	1790	4	19	1814	201045
UNKNOWN	236	T	0.976846747519	C	0.0137816979052	2	25	15	1772	1814	201045
UNKNOWN	237	C	0.991179713341	T	0.00716648291069	0	1798	3	13	1814	201045
UNKNOWN	238	T	0.98842337376	G	0.00716648291069	3	5	13	1793	1814	201045
UNKNOWN	239	G	0.886990077178	A	0.0887541345094	161	6	1609	38	1814	201045
UNKNOWN	240	T	0.980705622933	A	0.00716648291069	13	13	9	1779	1814	201045
UNKNOWN	241	C	0.985667034179	T	0.00882028665932	10	1788	0	16	1814	201045
UNKNOWN	242	A	0.981808158765	G	0.0148842337376	1781	4	27	2	1814	201045
UNKNOWN	243	G	0.743109151047	C	0.19625137817	89	356	1348	21	1814	201045
UNKNOWN	244	T	0.991179713341	G	0.00661521499449	0	4	12	1798	1814	201045
UNKNOWN	245	G	0.96802646086	A	0.0259095920617	47	8	1756	3	1814	201045
UNKNOWN	246	A	0.972987872106	G	0.0231532524807	1765	4	42	3	1814	201045
UNKNOWN	247	G	0.937155457552	A	0.0363836824697	66	42	1700	6	1814	201045
UNKNOWN	248	C	0.970782800441	T	0.0220507166483	10	1761	3	40	1814	201045
UNKNOWN	249	A	0.987872105843	G	0.0104740904079	1792	3	19	0	1814	201045
UNKNOWN	250	G	0.981256890849	C	0.0104740904079	13	19	1780	2	1814	201045
UNKNOWN	251	C	0.98842337376	G	0.00606394707828	1	1793	11	9	1814	201045
UNKNOWN	252	G	0.985667034179	A	0.00661521499449	12	2	1788	12	1814	201045
UNKNOWN	253	T	0.991179713341	G	0.00606394707828	1	4	11	1798	1814	201045
UNKNOWN	254	G	0.967475192944	A	0.0259095920617	47	11	1755	1	1814	201045
UNKNOWN	255	A	0.9796030871	G	0.0104740904079	1777	8	19	10	1814	201045
UNKNOWN	256	C	0.989525909592	A	0.00496141124587	9	1795	2	8	1814	201045
UNKNOWN	257	A	0.981256890849	G	0.0104740904079	1780	12	19	3	1814	201045
UNKNOWN	258	C	0.749173098126	A	0.227122381477	412	1359	29	14	1814	201045
UNKNOWN	259	C	0.975744211687	T	0.0104740904079	11	1770	14	19	1814	201045
UNKNOWN	260	T	0.946527012128	C	0.0253583241455	6	46	45	1717	1814	201045
UNKNOWN	261	G	0.986218302095	A	0.00992282249173	18	1	1789	6	1814	201045
UNKNOWN	262	A	0.98842337376	G	0.00937155457552	1793	4	17	0	1814	201045
UNKNOWN	263	G	0.959206174201	A	0.0209481808159	38	33	1740	3	1814	201045
UNKNOWN	264	G	0.983461962514	A	0.0137816979052	25	1	1784	4	1814	201045
UNKNOWN	265	A	0.987320837927	C	0.00716648291069	1791	13	8	2	1814	201045
UNKNOWN	266	C	0.977398015436	T	0.0104740904079	16	1773	6	19	1814	201045
UNKNOWN	267	A	0.976295479603	T	0.00992282249173	1771	14	11	18	1814	201045
UNKNOWN	268	C	0.983461962514	G	0.0077177508269	7	1784	14	9	1814	201045
UNKNOWN	269	G	0.995038588754	A	0.00275633958104	5	1	1805	3	1814	201045
UNKNOWN	270	G	0.985667034179	A	0.00496141124587	9	9	1788	8	1814	201045
UNKNOWN	271	C	0.986769570011	G	0.00496141124587	8	1790	9	7	1814	201045
UNKNOWN	272	C	0.976295479603	A	0.0121278941566	22	1771	6	15	1814	201045
UNKNOWN	273	A	0.987320837927	C	0.00716648291069	1791	13	8	2	1814	201045
UNKNOWN	274	C	0.981256890849	A	0.0126791620728	23	1780	6	5	1814	201045
UNKNOWN	275	A	0.969128996692	T	0.0165380374862	1758	12	14	30	1814	201045
UNKNOWN	276	T	0.988974641676	A	0.00496141124587	9	6	5	1794	1814	201045
UNKNOWN	277	A	0.991179713341	C	0.00551267916207	1798	10	1	5	1814	201045
UNKNOWN	278	C	0.950385887541	T	0.0457552370452	4	1724	3	83	1814	201045
UNKNOWN	279	T	0.978500551268	C	0.00937155457552	10	17	12	1775	1814	201045
UNKNOWN	280	A	0.970782800441	C	0.0126791620728	1761	23	12	18	1814	201045
UNKNOWN	281	C	0.957552370452	T	0.0363836824697	5	1737	6	66	1814	201045
UNKNOWN	282	T	0.985667034179	G	0.0110253583241	5	1	20	1788	1814	201045
