Type	Position	Nucl1	Freq1	Nucl2	Freq2	NumAs	NumCs	NumGs	NumTs	NumAligned	NumNaive
UNKNOWN	0	C	1.0	A	0.0	0	4966	0	0	4966	97349
UNKNOWN	1	A	1.0	C	0.0	4966	0	0	0	4966	97349
UNKNOWN	2	G	1.0	A	0.0	0	0	4966	0	4966	97349
UNKNOWN	3	G	1.0	A	0.0	0	0	4966	0	4966	97349
UNKNOWN	4	T	1.0	A	0.0	0	0	0	4966	4966	97349
UNKNOWN	5	G	1.0	A	0.0	0	0	4966	0	4966	97349
UNKNOWN	6	C	1.0	A	0.0	0	4966	0	0	4966	97349
UNKNOWN	7	A	0.994361659283	T	0.00402738622634	4938	2	6	20	4966	97349
UNKNOWN	8	G	0.964156262586	A	0.0348368908578	173	3	4788	2	4966	97349
UNKNOWN	9	C	0.997180829642	T	0.0024164317358	1	4952	1	12	4966	97349
UNKNOWN	10	T	0.998590414821	C	0.0012082158679	1	6	0	4959	4966	97349
UNKNOWN	11	G	0.99697946033	A	0.00261780104712	13	0	4951	2	4966	97349
UNKNOWN	12	C	0.999395892066	A	0.000402738622634	2	4963	0	1	4966	97349
UNKNOWN	13	G	0.997986306887	A	0.00161095449054	8	0	4956	2	4966	97349
UNKNOWN	14	G	0.965163109142	C	0.0336286749899	5	167	4793	1	4966	97349
UNKNOWN	15	G	0.999395892066	A	0.000201369311317	1	1	4963	1	4966	97349
UNKNOWN	16	A	0.997583568264	G	0.0012082158679	4954	5	6	1	4966	97349
UNKNOWN	17	G	0.996173983085	A	0.00281917035844	14	1	4947	4	4966	97349
UNKNOWN	18	T	0.997382198953	C	0.00181232380185	1	9	3	4953	4966	97349
UNKNOWN	19	C	0.998993153443	G	0.000604107933951	0	4961	3	2	4966	97349
UNKNOWN	20	G	0.967176802255	A	0.0322190898107	160	1	4803	2	4966	97349
UNKNOWN	21	G	0.986910994764	T	0.00745066451873	1	27	4901	37	4966	97349
UNKNOWN	22	G	0.999194522755	A	0.000402738622634	2	1	4962	1	4966	97349
UNKNOWN	23	C	0.999194522755	T	0.000604107933951	1	4962	0	3	4966	97349
UNKNOWN	24	C	0.992549335481	A	0.00483286347161	24	4929	5	8	4966	97349
UNKNOWN	25	C	0.992549335481	A	0.00583971002819	29	4929	2	6	4966	97349
UNKNOWN	26	C	0.998791784132	A	0.00100684655658	5	4960	0	1	4966	97349
UNKNOWN	27	A	0.997784937576	G	0.00161095449054	4955	3	8	0	4966	97349
UNKNOWN	28	G	0.985098670963	A	0.0142972211035	71	3	4892	0	4966	97349
UNKNOWN	29	C	0.998389045509	T	0.0012082158679	1	4958	1	6	4966	97349
UNKNOWN	30	C	0.998590414821	T	0.000805477245268	2	4959	1	4	4966	97349
UNKNOWN	31	T	0.996173983085	C	0.00302053966975	0	15	4	4947	4966	97349
UNKNOWN	32	G	0.9893274265	A	0.0094643576319	47	0	4913	6	4966	97349
UNKNOWN	33	G	0.99697946033	A	0.00161095449054	8	4	4951	3	4966	97349
UNKNOWN	34	T	0.995771244462	C	0.00201369311317	3	10	8	4945	4966	97349
UNKNOWN	35	G	0.997784937576	A	0.00201369311317	10	0	4955	1	4966	97349
UNKNOWN	36	A	0.997180829642	G	0.00181232380185	4952	4	9	1	4966	97349
UNKNOWN	37	A	0.991542488925	G	0.00503423278292	4924	16	25	1	4966	97349
UNKNOWN	38	G	0.998389045509	T	0.000805477245268	2	2	4958	4	4966	97349
UNKNOWN	39	C	0.996375352396	G	0.00201369311317	2	4948	10	6	4966	97349
UNKNOWN	40	C	0.997180829642	A	0.00181232380185	9	4952	3	2	4966	97349
UNKNOWN	41	C	0.995569875151	G	0.00221506242449	7	4944	11	4	4966	97349
UNKNOWN	42	T	0.993153443415	G	0.00362464760371	0	16	18	4932	4966	97349
UNKNOWN	43	C	0.994965767217	A	0.00483286347161	24	4941	0	1	4966	97349
UNKNOWN	44	A	0.997986306887	G	0.00100684655658	4956	4	5	1	4966	97349
UNKNOWN	45	C	0.99536850584	A	0.00382601691502	19	4943	4	0	4966	97349
UNKNOWN	46	A	0.99697946033	G	0.00201369311317	4951	5	10	0	4966	97349
UNKNOWN	47	G	0.990535642368	A	0.00845751107531	42	4	4919	1	4966	97349
UNKNOWN	48	A	0.994764397906	G	0.00261780104712	4940	11	13	2	4966	97349
UNKNOWN	49	C	0.998187676198	A	0.0012082158679	6	4957	3	0	4966	97349
UNKNOWN	50	C	0.99234796617	G	0.00402738622634	10	4928	20	8	4966	97349
UNKNOWN	51	C	0.998590414821	T	0.0012082158679	1	4959	0	6	4966	97349
UNKNOWN	52	T	0.995569875151	C	0.00302053966975	5	15	2	4944	4966	97349
UNKNOWN	53	C	0.998993153443	T	0.000805477245268	0	4961	1	4	4966	97349
UNKNOWN	54	T	0.992952074104	C	0.00563834071687	1	28	6	4931	4966	97349
UNKNOWN	55	C	0.996576721708	A	0.00302053966975	15	4949	0	2	4966	97349
UNKNOWN	56	C	0.990535642368	G	0.00483286347161	11	4919	24	12	4966	97349
UNKNOWN	57	C	0.99395892066	G	0.00281917035844	12	4936	14	4	4966	97349
UNKNOWN	58	T	0.995771244462	C	0.00302053966975	5	15	1	4945	4966	97349
UNKNOWN	59	C	0.995771244462	A	0.00322190898107	16	4945	1	4	4966	97349
UNKNOWN	60	A	0.996778091019	C	0.00221506242449	4950	11	4	1	4966	97349
UNKNOWN	61	C	0.990535642368	G	0.00563834071687	5	4919	28	14	4966	97349
UNKNOWN	62	C	0.991542488925	T	0.00664518727346	4	4924	5	33	4966	97349
UNKNOWN	63	T	0.996778091019	G	0.00161095449054	3	5	8	4950	4966	97349
UNKNOWN	64	G	0.997180829642	A	0.00140958517922	7	7	4952	0	4966	97349
UNKNOWN	65	C	0.995167136528	A	0.00342327829239	17	4942	0	7	4966	97349
UNKNOWN	66	A	0.982682239227	G	0.0144985904148	4880	12	72	2	4966	97349
UNKNOWN	67	C	0.992146596859	T	0.00422875553766	13	4927	5	21	4966	97349
UNKNOWN	68	G	0.986105517519	A	0.012082158679	60	2	4897	7	4966	97349
UNKNOWN	69	G	0.971405557793	A	0.0193314538864	96	39	4824	7	4966	97349
UNKNOWN	70	T	0.986910994764	C	0.0122835279903	1	61	3	4901	4966	97349
UNKNOWN	71	C	0.974224728151	G	0.00926298832058	43	4838	46	39	4966	97349
UNKNOWN	72	T	0.99536850584	C	0.00342327829239	2	17	4	4943	4966	97349
UNKNOWN	73	C	0.997986306887	T	0.00100684655658	3	4956	2	5	4966	97349
UNKNOWN	74	T	0.985501409585	G	0.00765203383004	0	34	38	4894	4966	97349
UNKNOWN	75	G	0.997180829642	A	0.00261780104712	13	0	4952	1	4966	97349
UNKNOWN	76	G	0.995972613774	A	0.00342327829239	17	2	4946	1	4966	97349
UNKNOWN	77	A	0.992549335481	G	0.00523560209424	4929	5	26	6	4966	97349
UNKNOWN	78	T	0.988320579944	G	0.00543697140556	7	24	27	4908	4966	97349
UNKNOWN	79	T	0.990737011679	C	0.00865888038663	2	43	1	4920	4966	97349
UNKNOWN	80	C	0.989730165123	G	0.00543697140556	0	4915	27	24	4966	97349
UNKNOWN	81	T	0.991945227547	C	0.00604107933951	1	30	9	4926	4966	97349
UNKNOWN	82	C	0.994361659283	A	0.00342327829239	17	4938	1	10	4966	97349
UNKNOWN	83	A	0.996173983085	T	0.00140958517922	4947	5	7	7	4966	97349
UNKNOWN	84	T	0.994563028594	C	0.00483286347161	0	24	3	4939	4966	97349
UNKNOWN	85	T	0.99536850584	C	0.00302053966975	1	15	7	4943	4966	97349
UNKNOWN	86	G	0.986910994764	A	0.0106725734998	53	4	4901	8	4966	97349
UNKNOWN	87	A	0.991139750302	C	0.00563834071687	4922	28	16	0	4966	97349
UNKNOWN	88	G	0.922472815143	A	0.0600080547725	298	56	4581	31	4966	97349
UNKNOWN	89	C	0.949053564237	T	0.0217478856222	57	4713	88	108	4966	97349
UNKNOWN	90	A	0.984091824406	G	0.0108739428111	4887	23	54	2	4966	97349
UNKNOWN	91	G	0.899718082964	A	0.0604107933951	300	100	4468	98	4966	97349
UNKNOWN	92	C	0.946637132501	T	0.024768425292	76	4701	66	123	4966	97349
UNKNOWN	93	A	0.924285138945	T	0.0461135722916	4590	45	102	229	4966	97349
UNKNOWN	94	A	0.924486508256	G	0.0672573499799	4591	19	334	22	4966	97349
UNKNOWN	95	T	0.969593233991	G	0.0243656866694	14	16	121	4815	4966	97349
UNKNOWN	96	G	0.89911397503	A	0.0958517921869	476	11	4465	14	4966	97349
UNKNOWN	97	G	0.654248892469	A	0.19271043093	957	720	3249	40	4966	97349
UNKNOWN	98	T	0.9893274265	A	0.00443012484897	22	17	14	4913	4966	97349
UNKNOWN	99	G	0.940193314539	A	0.0569875151027	283	1	4669	13	4966	97349
UNKNOWN	100	T	0.995569875151	A	0.00181232380185	9	9	4	4944	4966	97349
UNKNOWN	101	A	0.969995972614	G	0.0187273459525	4817	22	93	34	4966	97349
UNKNOWN	102	G	0.78594442207	A	0.132299637535	657	320	3903	86	4966	97349
UNKNOWN	103	T	0.923681031011	G	0.0382601691502	62	127	190	4587	4966	97349
UNKNOWN	104	C	0.916834474426	T	0.0430930326218	13	4553	186	214	4966	97349
UNKNOWN	105	T	0.99536850584	G	0.00281917035844	0	9	14	4943	4966	97349
UNKNOWN	106	G	0.997784937576	T	0.00161095449054	3	0	4955	8	4966	97349
UNKNOWN	107	G	0.997784937576	T	0.00140958517922	3	1	4955	7	4966	97349
UNKNOWN	108	G	0.985300040274	A	0.0094643576319	47	8	4893	18	4966	97349
UNKNOWN	109	T	0.994965767217	C	0.00402738622634	1	20	4	4941	4966	97349
UNKNOWN	110	C	0.994965767217	T	0.00322190898107	6	4941	3	16	4966	97349
UNKNOWN	111	C	0.995771244462	G	0.00201369311317	4	4945	10	7	4966	97349
UNKNOWN	112	G	0.99697946033	C	0.00221506242449	3	11	4951	1	4966	97349
UNKNOWN	113	C	0.995771244462	A	0.00281917035844	14	4945	5	2	4966	97349
UNKNOWN	114	C	0.996173983085	A	0.00302053966975	15	4947	2	2	4966	97349
UNKNOWN	115	A	0.967780910189	G	0.0300040273862	4806	11	149	0	4966	97349
UNKNOWN	116	G	0.997180829642	A	0.0012082158679	6	2	4952	6	4966	97349
UNKNOWN	117	G	0.981876761981	A	0.0106725734998	53	26	4876	11	4966	97349
UNKNOWN	118	C	0.993354812727	T	0.00261780104712	11	4933	9	13	4966	97349
UNKNOWN	119	T	0.988119210632	C	0.00644381796214	5	32	22	4907	4966	97349
UNKNOWN	120	C	0.995167136528	A	0.0024164317358	12	4942	5	7	4966	97349
UNKNOWN	121	C	0.994361659283	A	0.00422875553766	21	4938	3	4	4966	97349
UNKNOWN	122	A	0.990334273057	G	0.00785340314136	4918	6	39	3	4966	97349
UNKNOWN	123	G	0.993757551349	C	0.00342327829239	12	17	4935	2	4966	97349
UNKNOWN	124	G	0.989730165123	A	0.00483286347161	24	10	4915	17	4966	97349
UNKNOWN	125	G	0.976037051953	A	0.0221506242449	110	4	4847	5	4966	97349
UNKNOWN	126	A	0.996173983085	G	0.00221506242449	4947	7	11	1	4966	97349
UNKNOWN	127	A	0.984091824406	G	0.0102698348772	4887	21	51	7	4966	97349
UNKNOWN	128	G	0.98771647201	A	0.00583971002819	29	4	4905	28	4966	97349
UNKNOWN	129	G	0.973016512284	A	0.0179218687072	89	28	4832	17	4966	97349
UNKNOWN	130	C	0.9893274265	A	0.00583971002819	29	4913	23	1	4966	97349
UNKNOWN	131	G	0.973419250906	A	0.0195328231977	97	26	4834	9	4966	97349
UNKNOWN	132	C	0.994160289972	T	0.00342327829239	7	4937	5	17	4966	97349
UNKNOWN	133	T	0.991945227547	G	0.00362464760371	9	13	18	4926	4966	97349
UNKNOWN	134	G	0.981876761981	A	0.0144985904148	72	4	4876	14	4966	97349
UNKNOWN	135	G	0.985904148208	C	0.00906161900926	19	45	4896	6	4966	97349
UNKNOWN	136	A	0.979661699557	G	0.0153040676601	4865	20	76	5	4966	97349
UNKNOWN	137	G	0.986105517519	A	0.00865888038663	43	2	4897	24	4966	97349
UNKNOWN	138	T	0.994361659283	G	0.00503423278292	1	2	25	4938	4966	97349
UNKNOWN	139	G	0.996576721708	T	0.0024164317358	3	2	4949	12	4966	97349
UNKNOWN	140	G	0.964156262586	C	0.028594442207	7	142	4788	29	4966	97349
UNKNOWN	141	C	0.973821989529	G	0.0169150221506	25	4836	84	21	4966	97349
UNKNOWN	142	T	0.99234796617	C	0.00463149416029	6	23	9	4928	4966	97349
UNKNOWN	143	C	0.982682239227	T	0.0124848973017	8	4880	16	62	4966	97349
UNKNOWN	144	G	0.990535642368	A	0.00704792589609	35	1	4919	11	4966	97349
UNKNOWN	145	G	0.991139750302	T	0.00543697140556	9	8	4922	27	4966	97349
UNKNOWN	146	T	0.933548127265	G	0.0541683447443	26	35	269	4636	4966	97349
UNKNOWN	147	G	0.727547321788	A	0.242247281514	1203	61	3613	89	4966	97349
UNKNOWN	148	G	0.752919855014	A	0.159887233186	794	333	3739	100	4966	97349
UNKNOWN	149	T	0.911598872332	G	0.0666532420459	85	23	331	4527	4966	97349
UNKNOWN	150	A	0.906161900926	G	0.0851792186871	4500	15	423	28	4966	97349
UNKNOWN	151	T	0.968787756746	C	0.0235602094241	20	117	18	4811	4966	97349
UNKNOWN	152	A	0.934957712445	G	0.0279903342731	4643	77	139	107	4966	97349
UNKNOWN	153	T	0.957309706001	A	0.0255739025373	127	12	73	4754	4966	97349
UNKNOWN	154	G	0.982480869915	A	0.00845751107531	42	26	4879	19	4966	97349
UNKNOWN	155	C	0.923681031011	T	0.0668546113572	38	4587	9	332	4966	97349
UNKNOWN	156	A	0.912202980266	G	0.0666532420459	4530	63	331	42	4966	97349
UNKNOWN	157	G	0.877768828031	A	0.0777285541683	386	153	4359	68	4966	97349
UNKNOWN	158	T	0.885823600483	A	0.0795408779702	395	68	104	4399	4966	97349
UNKNOWN	159	G	0.826419653645	A	0.156061216271	775	31	4104	56	4966	97349
UNKNOWN	160	G	0.827023761579	A	0.133105114781	661	170	4107	28	4966	97349
UNKNOWN	161	T	0.983084977849	G	0.0100684655658	13	21	50	4882	4966	97349
UNKNOWN	162	G	0.985702778896	A	0.00805477245268	40	3	4895	28	4966	97349
UNKNOWN	163	G	0.97704389851	A	0.0207410390656	103	3	4852	8	4966	97349
UNKNOWN	164	A	0.956302859444	G	0.033024567056	4749	38	164	15	4966	97349
UNKNOWN	165	A	0.843737414418	G	0.144381796214	4190	46	717	13	4966	97349
UNKNOWN	166	G	0.879379782521	C	0.061014901329	221	303	4367	75	4966	97349
UNKNOWN	167	C	0.892871526379	T	0.0453080950463	136	4434	171	225	4966	97349
UNKNOWN	168	A	0.986105517519	C	0.00765203383004	4897	38	22	9	4966	97349
UNKNOWN	169	C	0.987917841321	A	0.00543697140556	27	4906	19	14	4966	97349
UNKNOWN	170	A	0.977648006444	T	0.00865888038663	4855	29	39	43	4966	97349
UNKNOWN	171	A	0.928715263794	G	0.0511478050745	4612	22	254	78	4966	97349
UNKNOWN	172	G	0.742851389448	A	0.165928312525	824	347	3689	106	4966	97349
UNKNOWN	173	C	0.850785340314	T	0.0809504631494	134	4225	205	402	4966	97349
UNKNOWN	174	T	0.970197341925	G	0.0132903745469	34	48	66	4818	4966	97349
UNKNOWN	175	T	0.938380990737	A	0.0372533225936	185	70	51	4660	4966	97349
UNKNOWN	176	T	0.945428916633	G	0.0265807490938	31	108	132	4695	4966	97349
UNKNOWN	177	A	0.982279500604	C	0.0102698348772	4878	51	31	6	4966	97349
UNKNOWN	178	A	0.976842529199	G	0.0124848973017	4851	46	62	7	4966	97349
UNKNOWN	179	C	0.800241643174	T	0.179017317761	39	3974	64	889	4966	97349
UNKNOWN	180	C	0.936165928313	G	0.0283930728957	41	4649	141	135	4966	97349
UNKNOWN	181	C	0.932541280709	A	0.0366492146597	182	4631	7	146	4966	97349
UNKNOWN	182	A	0.978654853	G	0.0108739428111	4860	45	54	7	4966	97349
UNKNOWN	183	G	0.980668546114	A	0.00886024969795	44	23	4870	29	4966	97349
UNKNOWN	184	C	0.962746677406	T	0.0175191300846	41	4781	57	87	4966	97349
UNKNOWN	185	C	0.993757551349	A	0.00422875553766	21	4935	3	7	4966	97349
UNKNOWN	186	C	0.991945227547	T	0.00402738622634	10	4926	10	20	4966	97349
UNKNOWN	187	T	0.99234796617	G	0.00402738622634	7	11	20	4928	4966	97349
UNKNOWN	188	G	0.980467176802	A	0.0138944824809	69	4	4869	24	4966	97349
UNKNOWN	189	A	0.989126057189	C	0.00704792589609	4912	35	15	4	4966	97349
UNKNOWN	190	A	0.982883608538	C	0.00886024969795	4881	44	24	17	4966	97349
UNKNOWN	191	A	0.974224728151	G	0.0144985904148	4838	37	72	19	4966	97349
UNKNOWN	192	T	0.98771647201	C	0.00624244865083	18	31	12	4905	4966	97349
UNKNOWN	193	C	0.988521949255	A	0.00865888038663	43	4909	1	13	4966	97349
UNKNOWN	194	C	0.973419250906	T	0.016512283528	37	4834	13	82	4966	97349
UNKNOWN	195	C	0.990938380991	A	0.00443012484897	22	4921	18	5	4966	97349
UNKNOWN	196	G	0.990535642368	A	0.00463149416029	23	8	4919	16	4966	97349
UNKNOWN	197	G	0.936770036246	A	0.0298026580749	148	118	4652	48	4966	97349
UNKNOWN	198	C	0.977648006444	G	0.0110753121224	33	4855	55	23	4966	97349
UNKNOWN	199	T	0.989126057189	C	0.00543697140556	11	27	16	4912	4966	97349
UNKNOWN	200	C	0.985702778896	A	0.00724929520741	36	4895	5	30	4966	97349
UNKNOWN	201	A	0.988924687878	G	0.008256141764	4911	12	41	2	4966	97349
UNKNOWN	202	G	0.935964559001	T	0.0308095046315	36	129	4648	153	4966	97349
UNKNOWN	203	C	0.93113169553	T	0.0537656061216	40	4624	35	267	4966	97349
UNKNOWN	204	A	0.953282319774	G	0.0392670157068	4734	15	195	22	4966	97349
UNKNOWN	205	T	0.990334273057	C	0.00523560209424	13	26	9	4918	4966	97349
UNKNOWN	206	C	0.982279500604	T	0.0100684655658	35	4878	3	50	4966	97349
UNKNOWN	207	A	0.98469593234	C	0.00805477245268	4890	40	27	9	4966	97349
UNKNOWN	208	C	0.968989126057	T	0.020942408377	25	4812	25	104	4966	97349
UNKNOWN	209	C	0.924687877567	G	0.0420861860652	42	4592	209	123	4966	97349
UNKNOWN	210	A	0.969995972614	G	0.0257752718486	4817	18	128	3	4966	97349
UNKNOWN	211	A	0.985300040274	G	0.00886024969795	4893	25	44	4	4966	97349
UNKNOWN	212	G	0.979863068868	A	0.0136931131696	68	26	4866	6	4966	97349
UNKNOWN	213	G	0.98006443818	A	0.012082158679	60	7	4867	32	4966	97349
UNKNOWN	214	A	0.987313733387	C	0.00845751107531	4903	42	15	6	4966	97349
UNKNOWN	215	C	0.978252114378	T	0.0118807893677	28	4858	21	59	4966	97349
UNKNOWN	216	A	0.992549335481	G	0.00463149416029	4929	12	23	2	4966	97349
UNKNOWN	217	A	0.972613773661	C	0.0124848973017	4830	62	22	52	4966	97349
UNKNOWN	218	C	0.974426097463	T	0.0185259766412	16	4839	19	92	4966	97349
UNKNOWN	219	T	0.985702778896	C	0.00765203383004	19	38	14	4895	4966	97349
UNKNOWN	220	C	0.992952074104	A	0.00583971002819	29	4931	1	5	4966	97349
UNKNOWN	221	C	0.979460330246	T	0.0136931131696	30	4864	4	68	4966	97349
UNKNOWN	222	A	0.98771647201	G	0.00704792589609	4905	22	35	4	4966	97349
UNKNOWN	223	A	0.983084977849	G	0.0134917438582	4882	10	67	7	4966	97349
UNKNOWN	224	G	0.98006443818	A	0.0153040676601	76	13	4867	10	4966	97349
UNKNOWN	225	A	0.98167539267	G	0.0114780507451	4875	23	57	11	4966	97349
UNKNOWN	226	G	0.939186467982	A	0.04893274265	243	51	4664	8	4966	97349
UNKNOWN	227	C	0.962343938784	T	0.0318163511881	19	4779	10	158	4966	97349
UNKNOWN	228	C	0.973419250906	G	0.0151026983488	54	4834	75	3	4966	97349
UNKNOWN	229	A	0.99395892066	G	0.00302053966975	4936	4	15	11	4966	97349
UNKNOWN	230	A	0.966774063633	G	0.0275875956504	4801	22	137	6	4966	97349
UNKNOWN	231	G	0.970600080548	A	0.0138944824809	69	16	4820	61	4966	97349
UNKNOWN	232	T	0.991341119613	C	0.00563834071687	5	28	10	4923	4966	97349
UNKNOWN	233	C	0.964357631897	T	0.020942408377	13	4789	60	104	4966	97349
UNKNOWN	234	T	0.988521949255	C	0.00704792589609	6	35	16	4909	4966	97349
UNKNOWN	235	C	0.989730165123	T	0.00604107933951	19	4915	2	30	4966	97349
UNKNOWN	236	T	0.986508256142	C	0.00886024969795	2	44	21	4899	4966	97349
UNKNOWN	237	C	0.992750704793	T	0.00422875553766	8	4930	7	21	4966	97349
UNKNOWN	238	T	0.992750704793	G	0.00443012484897	5	9	22	4930	4966	97349
UNKNOWN	239	G	0.957309706001	A	0.033024567056	164	17	4754	31	4966	97349
UNKNOWN	240	T	0.9893274265	C	0.00523560209424	11	26	16	4913	4966	97349
UNKNOWN	241	C	0.987313733387	A	0.00684655658478	34	4903	6	23	4966	97349
UNKNOWN	242	A	0.983487716472	G	0.00986709625453	4884	22	49	11	4966	97349
UNKNOWN	243	G	0.900523560209	C	0.0624244865083	145	310	4472	39	4966	97349
UNKNOWN	244	T	0.983689085783	C	0.0094643576319	13	47	21	4885	4966	97349
UNKNOWN	245	G	0.965968586387	A	0.0219492549335	109	34	4797	26	4966	97349
UNKNOWN	246	A	0.968183648812	G	0.0215465163109	4808	44	107	7	4966	97349
UNKNOWN	247	G	0.905759162304	A	0.0726943213854	361	54	4498	53	4966	97349
UNKNOWN	248	C	0.972815142972	A	0.0112766814337	56	4831	24	55	4966	97349
UNKNOWN	249	A	0.98630688683	G	0.00986709625453	4898	15	49	4	4966	97349
UNKNOWN	250	G	0.971808296416	C	0.0146999597261	56	73	4826	11	4966	97349
UNKNOWN	251	C	0.982078131293	T	0.00785340314136	11	4877	39	39	4966	97349
UNKNOWN	252	G	0.981474023359	A	0.0112766814337	56	14	4874	22	4966	97349
UNKNOWN	253	T	0.989730165123	G	0.00463149416029	6	22	23	4915	4966	97349
UNKNOWN	254	G	0.972211035038	A	0.0217478856222	108	12	4828	18	4966	97349
UNKNOWN	255	A	0.984494563029	G	0.00906161900926	4889	23	45	9	4966	97349
UNKNOWN	256	C	0.988521949255	A	0.008256141764	41	4909	6	10	4966	97349
UNKNOWN	257	A	0.976238421265	G	0.0149013290375	4848	31	74	13	4966	97349
UNKNOWN	258	C	0.903141361257	A	0.0839710028192	417	4485	34	30	4966	97349
UNKNOWN	259	C	0.98006443818	T	0.0112766814337	26	4867	17	56	4966	97349
UNKNOWN	260	T	0.965565847765	G	0.0138944824809	35	67	69	4795	4966	97349
UNKNOWN	261	G	0.987313733387	A	0.00906161900926	45	2	4903	16	4966	97349
UNKNOWN	262	A	0.989730165123	G	0.00886024969795	4915	6	44	1	4966	97349
UNKNOWN	263	G	0.939589206605	A	0.0334273056786	166	105	4666	29	4966	97349
UNKNOWN	264	G	0.986709625453	A	0.00745066451873	37	4	4900	25	4966	97349
UNKNOWN	265	A	0.989126057189	C	0.00583971002819	4912	29	18	7	4966	97349
UNKNOWN	266	C	0.975432944019	T	0.0122835279903	52	4844	9	61	4966	97349
UNKNOWN	267	A	0.980668546114	G	0.008256141764	4870	20	41	35	4966	97349
UNKNOWN	268	C	0.991139750302	G	0.00463149416029	17	4922	23	4	4966	97349
UNKNOWN	269	G	0.990132903745	A	0.00402738622634	20	10	4917	19	4966	97349
UNKNOWN	270	G	0.986508256142	A	0.00483286347161	24	23	4899	20	4966	97349
UNKNOWN	271	C	0.972815142972	G	0.0213451469996	25	4831	106	4	4966	97349
UNKNOWN	272	C	0.991341119613	A	0.00624244865083	31	4923	7	5	4966	97349
UNKNOWN	273	A	0.973016512284	G	0.0223519935562	4832	18	111	5	4966	97349
UNKNOWN	274	C	0.983689085783	A	0.00724929520741	36	4885	20	25	4966	97349
UNKNOWN	275	A	0.968787756746	G	0.0191300845751	4811	31	95	29	4966	97349
UNKNOWN	276	T	0.991341119613	A	0.00443012484897	22	14	7	4923	4966	97349
UNKNOWN	277	A	0.990737011679	C	0.00523560209424	4920	26	7	13	4966	97349
UNKNOWN	278	C	0.952879581152	T	0.0428916633105	16	4732	5	213	4966	97349
UNKNOWN	279	T	0.987112364076	C	0.00483286347161	22	24	18	4902	4966	97349
UNKNOWN	280	A	0.983890455095	T	0.00624244865083	4886	30	19	31	4966	97349
UNKNOWN	281	C	0.973821989529	T	0.0237615787354	4	4836	8	118	4966	97349
UNKNOWN	282	T	0.989528795812	G	0.00704792589609	9	8	35	4914	4966	97349
