Type	Position	Nucl1	Freq1	Nucl2	Freq2	NumAs	NumCs	NumGs	NumTs	NumAligned	NumNaive
UNKNOWN	0	C	1.0	A	0.0	0	5648	0	0	5648	76279
UNKNOWN	1	A	1.0	C	0.0	5648	0	0	0	5648	76279
UNKNOWN	2	G	1.0	A	0.0	0	0	5648	0	5648	76279
UNKNOWN	3	G	1.0	A	0.0	0	0	5648	0	5648	76279
UNKNOWN	4	T	1.0	A	0.0	0	0	0	5648	5648	76279
UNKNOWN	5	G	1.0	A	0.0	0	0	5648	0	5648	76279
UNKNOWN	6	C	1.0	A	0.0	0	5648	0	0	5648	76279
UNKNOWN	7	A	0.996635977337	G	0.00177053824363	5629	6	10	3	5648	76279
UNKNOWN	8	G	0.983711048159	A	0.0123937677054	70	4	5556	18	5648	76279
UNKNOWN	9	C	0.975035410765	T	0.0152266288952	2	5507	53	86	5648	76279
UNKNOWN	10	T	0.999468838527	C	0.000354107648725	0	2	1	5645	5648	76279
UNKNOWN	11	G	0.999468838527	A	0.000531161473088	3	0	5645	0	5648	76279
UNKNOWN	12	C	0.998583569405	T	0.0014164305949	0	5640	0	8	5648	76279
UNKNOWN	13	G	0.998406515581	A	0.0014164305949	8	1	5639	0	5648	76279
UNKNOWN	14	G	0.941395184136	C	0.0568342776204	8	321	5317	2	5648	76279
UNKNOWN	15	G	0.998583569405	C	0.00070821529745	2	4	5640	2	5648	76279
UNKNOWN	16	A	0.995750708215	G	0.00212464589235	5624	11	12	1	5648	76279
UNKNOWN	17	G	0.994688385269	A	0.00389518413598	22	6	5618	2	5648	76279
UNKNOWN	18	T	0.99716713881	C	0.00194759206799	2	11	3	5632	5648	76279
UNKNOWN	19	C	0.999645892351	T	0.000354107648725	0	5646	0	2	5648	76279
UNKNOWN	20	G	0.998583569405	A	0.000885269121813	5	1	5640	2	5648	76279
UNKNOWN	21	G	0.999114730878	C	0.00070821529745	0	4	5643	1	5648	76279
UNKNOWN	22	G	0.999822946176	A	0.000177053824363	1	0	5647	0	5648	76279
UNKNOWN	23	C	0.999645892351	T	0.000354107648725	0	5646	0	2	5648	76279
UNKNOWN	24	C	0.999645892351	A	0.000177053824363	1	5646	0	1	5648	76279
UNKNOWN	25	C	0.999645892351	A	0.000177053824363	1	5646	0	1	5648	76279
UNKNOWN	26	C	0.998760623229	T	0.00070821529745	3	5641	0	4	5648	76279
UNKNOWN	27	A	0.995219546742	G	0.00389518413598	5621	5	22	0	5648	76279
UNKNOWN	28	G	0.99433427762	A	0.00442634560907	25	6	5616	1	5648	76279
UNKNOWN	29	C	0.996281869688	T	0.00354107648725	1	5627	0	20	5648	76279
UNKNOWN	30	C	0.999114730878	T	0.00070821529745	1	5643	0	4	5648	76279
UNKNOWN	31	T	0.996635977337	C	0.00177053824363	0	10	9	5629	5648	76279
UNKNOWN	32	G	0.989730878187	A	0.00478045325779	27	10	5590	21	5648	76279
UNKNOWN	33	G	0.996990084986	C	0.00194759206799	3	11	5631	3	5648	76279
UNKNOWN	34	T	0.996104815864	C	0.0028328611898	2	16	4	5626	5648	76279
UNKNOWN	35	G	0.995750708215	T	0.00194759206799	9	4	5624	11	5648	76279
UNKNOWN	36	A	0.996458923513	G	0.00194759206799	5628	8	11	1	5648	76279
UNKNOWN	37	A	0.993803116147	G	0.00389518413598	5613	12	22	1	5648	76279
UNKNOWN	38	G	0.995396600567	A	0.00354107648725	20	6	5622	0	5648	76279
UNKNOWN	39	C	0.991147308782	T	0.00814447592068	1	5598	3	46	5648	76279
UNKNOWN	40	C	0.999645892351	T	0.000177053824363	0	5646	1	1	5648	76279
UNKNOWN	41	C	0.997698300283	G	0.00159348441926	0	5635	9	4	5648	76279
UNKNOWN	42	T	0.996813031161	C	0.0028328611898	1	16	1	5630	5648	76279
UNKNOWN	43	C	0.999291784703	T	0.000531161473088	0	5644	1	3	5648	76279
UNKNOWN	44	A	0.994865439093	G	0.00371813031161	5619	8	21	0	5648	76279
UNKNOWN	45	C	0.997698300283	G	0.00212464589235	1	5635	12	0	5648	76279
UNKNOWN	46	A	0.998052407932	G	0.00106232294618	5637	4	6	1	5648	76279
UNKNOWN	47	G	0.996458923513	A	0.00230169971671	13	5	5628	2	5648	76279
UNKNOWN	48	A	0.994688385269	G	0.00371813031161	5618	8	21	1	5648	76279
UNKNOWN	49	C	0.998760623229	T	0.00070821529745	1	5641	2	4	5648	76279
UNKNOWN	50	C	0.996104815864	T	0.00230169971671	1	5626	8	13	5648	76279
UNKNOWN	51	C	0.999291784703	G	0.000531161473088	0	5644	3	1	5648	76279
UNKNOWN	52	T	0.996281869688	C	0.0028328611898	4	16	1	5627	5648	76279
UNKNOWN	53	C	0.996635977337	T	0.00336402266289	0	5629	0	19	5648	76279
UNKNOWN	54	T	0.996104815864	C	0.0028328611898	1	16	5	5626	5648	76279
UNKNOWN	55	C	0.997698300283	T	0.00177053824363	3	5635	0	10	5648	76279
UNKNOWN	56	C	0.996635977337	T	0.00230169971671	0	5629	6	13	5648	76279
UNKNOWN	57	C	0.992917847025	G	0.00601983002833	0	5608	34	6	5648	76279
UNKNOWN	58	T	0.996990084986	C	0.00300991501416	0	17	0	5631	5648	76279
UNKNOWN	59	C	0.997698300283	A	0.00123937677054	7	5635	5	1	5648	76279
UNKNOWN	60	A	0.995750708215	C	0.00247875354108	5624	14	7	3	5648	76279
UNKNOWN	61	C	0.993803116147	T	0.00407223796034	5	5613	7	23	5648	76279
UNKNOWN	62	C	0.995042492918	T	0.00336402266289	8	5620	1	19	5648	76279
UNKNOWN	63	T	0.998052407932	C	0.00106232294618	2	6	3	5637	5648	76279
UNKNOWN	64	G	0.999114730878	C	0.00070821529745	0	4	5643	1	5648	76279
UNKNOWN	65	C	0.998406515581	A	0.000885269121813	5	5639	0	4	5648	76279
UNKNOWN	66	A	0.990439093484	G	0.00725920679887	5594	10	41	3	5648	76279
UNKNOWN	67	C	0.990616147309	T	0.0056657223796	14	5595	7	32	5648	76279
UNKNOWN	68	G	0.976097733711	A	0.0185906515581	105	25	5513	5	5648	76279
UNKNOWN	69	G	0.963703966006	A	0.032223796034	182	14	5443	9	5648	76279
UNKNOWN	70	T	0.992032577904	C	0.00743626062323	1	42	2	5603	5648	76279
UNKNOWN	71	C	0.96954674221	T	0.0155807365439	1	5476	83	88	5648	76279
UNKNOWN	72	T	0.996104815864	C	0.00336402266289	0	19	3	5626	5648	76279
UNKNOWN	73	C	0.998937677054	T	0.00070821529745	2	5642	0	4	5648	76279
UNKNOWN	74	T	0.99592776204	C	0.0028328611898	0	16	7	5625	5648	76279
UNKNOWN	75	G	0.994157223796	A	0.00584277620397	33	0	5615	0	5648	76279
UNKNOWN	76	G	0.993449008499	A	0.00478045325779	27	10	5611	0	5648	76279
UNKNOWN	77	A	0.983888101983	G	0.0127478753541	5557	13	72	6	5648	76279
UNKNOWN	78	T	0.993271954674	G	0.00336402266289	2	17	19	5610	5648	76279
UNKNOWN	79	T	0.995396600567	C	0.00371813031161	3	21	2	5622	5648	76279
UNKNOWN	80	C	0.984950424929	T	0.0116855524079	2	5563	17	66	5648	76279
UNKNOWN	81	T	0.993803116147	C	0.00336402266289	3	19	13	5613	5648	76279
UNKNOWN	82	C	0.996635977337	T	0.00230169971671	4	5629	2	13	5648	76279
UNKNOWN	83	A	0.992563739377	G	0.00354107648725	5606	16	20	6	5648	76279
UNKNOWN	84	T	0.981409348442	C	0.0145184135977	1	82	22	5543	5648	76279
UNKNOWN	85	T	0.99592776204	G	0.00212464589235	0	11	12	5625	5648	76279
UNKNOWN	86	G	0.980347025496	A	0.0159348441926	90	11	5537	10	5648	76279
UNKNOWN	87	A	0.982117563739	G	0.0100920679887	5547	36	57	8	5648	76279
UNKNOWN	88	G	0.938031161473	A	0.0410764872521	232	83	5298	35	5648	76279
UNKNOWN	89	C	0.952018413598	T	0.0366501416431	23	5377	41	207	5648	76279
UNKNOWN	90	A	0.973796033994	G	0.0221317280453	5500	11	125	12	5648	76279
UNKNOWN	91	G	0.870042492918	A	0.0789660056657	446	220	4914	68	5648	76279
UNKNOWN	92	C	0.935552407932	T	0.0350566572238	65	5284	101	198	5648	76279
UNKNOWN	93	A	0.876593484419	T	0.0655099150142	4951	65	262	370	5648	76279
UNKNOWN	94	A	0.951841359773	G	0.024433427762	5376	83	138	51	5648	76279
UNKNOWN	95	T	0.969900849858	G	0.0212464589235	9	41	120	5478	5648	76279
UNKNOWN	96	G	0.91519121813	A	0.0736543909348	416	34	5169	29	5648	76279
UNKNOWN	97	G	0.653859773371	C	0.170502832861	903	963	3693	89	5648	76279
UNKNOWN	98	T	0.986366855524	C	0.00867563739377	8	49	20	5571	5648	76279
UNKNOWN	99	G	0.9513101983	A	0.0449716713881	254	10	5373	11	5648	76279
UNKNOWN	100	T	0.996813031161	C	0.00265580736544	2	15	1	5630	5648	76279
UNKNOWN	101	A	0.941041076487	G	0.0308073654391	5315	59	174	100	5648	76279
UNKNOWN	102	G	0.727514164306	A	0.152266288952	860	603	4109	76	5648	76279
UNKNOWN	103	T	0.913774787535	G	0.0442634560907	81	156	250	5161	5648	76279
UNKNOWN	104	C	0.923158640227	T	0.0375354107649	27	5214	195	212	5648	76279
UNKNOWN	105	T	0.996635977337	C	0.00212464589235	0	12	7	5629	5648	76279
UNKNOWN	106	G	0.999645892351	C	0.000354107648725	0	2	5646	0	5648	76279
UNKNOWN	107	G	0.999645892351	A	0.000177053824363	1	0	5646	1	5648	76279
UNKNOWN	108	G	0.96954674221	A	0.0171742209632	97	60	5476	15	5648	76279
UNKNOWN	109	T	0.997875354108	C	0.00194759206799	0	11	1	5636	5648	76279
UNKNOWN	110	C	0.993449008499	T	0.00513456090652	0	5611	8	29	5648	76279
UNKNOWN	111	C	0.998937677054	T	0.00070821529745	0	5642	2	4	5648	76279
UNKNOWN	112	G	0.998406515581	A	0.00106232294618	6	2	5639	1	5648	76279
UNKNOWN	113	C	0.996104815864	T	0.00177053824363	6	5626	6	10	5648	76279
UNKNOWN	114	C	0.999114730878	A	0.000531161473088	3	5643	0	2	5648	76279
UNKNOWN	115	A	0.993803116147	G	0.00478045325779	5613	5	27	3	5648	76279
UNKNOWN	116	G	0.993980169972	A	0.00442634560907	25	3	5614	6	5648	76279
UNKNOWN	117	G	0.964766288952	A	0.0316926345609	179	13	5449	7	5648	76279
UNKNOWN	118	C	0.993626062323	T	0.00495750708215	0	5612	8	28	5648	76279
UNKNOWN	119	T	0.994511331445	G	0.0028328611898	0	15	16	5617	5648	76279
UNKNOWN	120	C	0.995219546742	G	0.00407223796034	1	5621	23	3	5648	76279
UNKNOWN	121	C	0.997875354108	A	0.00159348441926	9	5636	1	2	5648	76279
UNKNOWN	122	A	0.991678470255	G	0.00761331444759	5601	4	43	0	5648	76279
UNKNOWN	123	G	0.99716713881	A	0.00159348441926	9	7	5632	0	5648	76279
UNKNOWN	124	G	0.987783286119	A	0.0104461756374	59	9	5579	1	5648	76279
UNKNOWN	125	G	0.975920679887	A	0.0230169971671	130	6	5512	0	5648	76279
UNKNOWN	126	A	0.99716713881	G	0.00177053824363	5632	6	10	0	5648	76279
UNKNOWN	127	A	0.975566572238	G	0.0233711048159	5510	5	132	1	5648	76279
UNKNOWN	128	G	0.996990084986	A	0.00265580736544	15	2	5631	0	5648	76279
UNKNOWN	129	G	0.976274787535	A	0.0171742209632	97	25	5514	12	5648	76279
UNKNOWN	130	C	0.992386685552	T	0.00548866855524	5	5605	7	31	5648	76279
UNKNOWN	131	G	0.984950424929	A	0.0115084985836	65	14	5563	6	5648	76279
UNKNOWN	132	C	0.992386685552	T	0.00531161473088	6	5605	7	30	5648	76279
UNKNOWN	133	T	0.98052407932	G	0.0134560906516	1	33	76	5538	5648	76279
UNKNOWN	134	G	0.980701133144	A	0.0175283286119	99	1	5539	9	5648	76279
UNKNOWN	135	G	0.99433427762	C	0.00300991501416	15	17	5616	0	5648	76279
UNKNOWN	136	A	0.994511331445	G	0.00265580736544	5617	12	15	4	5648	76279
UNKNOWN	137	G	0.97645184136	A	0.0146954674221	83	21	5515	29	5648	76279
UNKNOWN	138	T	0.997521246459	G	0.00123937677054	1	6	7	5634	5648	76279
UNKNOWN	139	G	0.998052407932	A	0.00123937677054	7	2	5637	2	5648	76279
UNKNOWN	140	G	0.966359773371	C	0.0306303116147	5	173	5458	12	5648	76279
UNKNOWN	141	C	0.988137393768	G	0.00902974504249	7	5581	51	9	5648	76279
UNKNOWN	142	T	0.997698300283	C	0.00159348441926	0	9	4	5635	5648	76279
UNKNOWN	143	C	0.991147308782	T	0.00690509915014	6	5598	5	39	5648	76279
UNKNOWN	144	G	0.991324362606	A	0.0070821529745	40	0	5599	9	5648	76279
UNKNOWN	145	G	0.985481586402	C	0.00867563739377	9	49	5566	24	5648	76279
UNKNOWN	146	T	0.968661473088	G	0.0143413597734	76	20	81	5471	5648	76279
UNKNOWN	147	G	0.641820113314	A	0.31816572238	1797	102	3625	124	5648	76279
UNKNOWN	148	G	0.781161473088	A	0.107825779037	609	393	4412	234	5648	76279
UNKNOWN	149	T	0.929709631728	G	0.0355878186969	104	92	201	5251	5648	76279
UNKNOWN	150	A	0.929355524079	G	0.0628541076487	5249	23	355	21	5648	76279
UNKNOWN	151	T	0.980878186969	C	0.0104461756374	15	59	34	5540	5648	76279
UNKNOWN	152	A	0.9375	G	0.0292138810198	5295	110	165	78	5648	76279
UNKNOWN	153	T	0.944936260623	A	0.03611898017	204	32	75	5337	5648	76279
UNKNOWN	154	G	0.986720963173	A	0.0104461756374	59	9	5573	7	5648	76279
UNKNOWN	155	C	0.888987252125	T	0.101805949008	6	5021	46	575	5648	76279
UNKNOWN	156	A	0.937677053824	G	0.0532932011331	5296	34	301	17	5648	76279
UNKNOWN	157	G	0.905807365439	A	0.0564801699717	319	158	5116	55	5648	76279
UNKNOWN	158	T	0.961402266289	A	0.0159348441926	90	54	74	5430	5648	76279
UNKNOWN	159	G	0.828434844193	A	0.146423512748	827	94	4679	48	5648	76279
UNKNOWN	160	G	0.774964589235	A	0.186437677054	1053	176	4377	42	5648	76279
UNKNOWN	161	T	0.957861189802	G	0.0258498583569	22	70	146	5410	5648	76279
UNKNOWN	162	G	0.987960339943	A	0.00672804532578	38	15	5580	15	5648	76279
UNKNOWN	163	G	0.97078611898	A	0.0221317280453	125	27	5483	13	5648	76279
UNKNOWN	164	A	0.972379603399	G	0.0194759206799	5492	18	110	28	5648	76279
UNKNOWN	165	A	0.927053824363	G	0.064447592068	5236	33	364	15	5648	76279
UNKNOWN	166	G	0.857825779037	C	0.0672804532578	251	380	4845	172	5648	76279
UNKNOWN	167	C	0.828080736544	T	0.0950779036827	179	4677	255	537	5648	76279
UNKNOWN	168	A	0.981409348442	G	0.0145184135977	5543	14	82	9	5648	76279
UNKNOWN	169	C	0.950779036827	T	0.0231940509915	86	5370	61	131	5648	76279
UNKNOWN	170	A	0.978576487252	G	0.0100920679887	5527	46	57	18	5648	76279
UNKNOWN	171	A	0.870219546742	G	0.0970254957507	4915	108	548	77	5648	76279
UNKNOWN	172	G	0.737075070822	A	0.177407932011	1002	286	4163	197	5648	76279
UNKNOWN	173	C	0.89730878187	G	0.0587818696884	49	5068	332	199	5648	76279
UNKNOWN	174	T	0.985304532578	C	0.00637393767705	15	36	32	5565	5648	76279
UNKNOWN	175	T	0.943696883853	A	0.0472733711048	267	26	25	5330	5648	76279
UNKNOWN	176	T	0.968838526912	G	0.0134560906516	39	61	76	5472	5648	76279
UNKNOWN	177	A	0.987960339943	C	0.00779036827195	5580	44	22	2	5648	76279
UNKNOWN	178	A	0.98902266289	G	0.00601983002833	5586	25	34	3	5648	76279
UNKNOWN	179	C	0.919971671388	T	0.074716713881	2	5196	28	422	5648	76279
UNKNOWN	180	C	0.954320113314	T	0.0292138810198	12	5390	81	165	5648	76279
UNKNOWN	181	C	0.991678470255	A	0.00336402266289	19	5601	14	14	5648	76279
UNKNOWN	182	A	0.98742917847	G	0.00849858356941	5577	21	48	2	5648	76279
UNKNOWN	183	G	0.985481586402	A	0.00920679886686	52	20	5566	10	5648	76279
UNKNOWN	184	C	0.982294617564	T	0.0125708215297	9	5548	20	71	5648	76279
UNKNOWN	185	C	0.998406515581	T	0.00123937677054	2	5639	0	7	5648	76279
UNKNOWN	186	C	0.989730878187	G	0.00743626062323	2	5590	42	14	5648	76279
UNKNOWN	187	T	0.994688385269	G	0.00212464589235	9	9	12	5618	5648	76279
UNKNOWN	188	G	0.954851274788	A	0.0288597733711	163	26	5393	66	5648	76279
UNKNOWN	189	A	0.990616147309	C	0.0056657223796	5595	32	21	0	5648	76279
UNKNOWN	190	A	0.992740793201	C	0.00318696883853	5607	18	18	5	5648	76279
UNKNOWN	191	A	0.993449008499	T	0.0028328611898	5611	10	11	16	5648	76279
UNKNOWN	192	T	0.992209631728	G	0.00371813031161	4	19	21	5604	5648	76279
UNKNOWN	193	C	0.996813031161	A	0.00194759206799	11	5630	0	7	5648	76279
UNKNOWN	194	C	0.989199716714	T	0.00690509915014	8	5587	14	39	5648	76279
UNKNOWN	195	C	0.996104815864	T	0.00194759206799	2	5626	9	11	5648	76279
UNKNOWN	196	G	0.99592776204	C	0.00247875354108	7	14	5625	2	5648	76279
UNKNOWN	197	G	0.887216713881	A	0.0635623229462	359	251	5011	27	5648	76279
UNKNOWN	198	C	0.990616147309	A	0.00389518413598	22	5595	13	18	5648	76279
UNKNOWN	199	T	0.994511331445	C	0.00371813031161	3	21	7	5617	5648	76279
UNKNOWN	200	C	0.994865439093	T	0.00212464589235	11	5619	6	12	5648	76279
UNKNOWN	201	A	0.9861898017	G	0.00973796033994	5570	19	55	4	5648	76279
UNKNOWN	202	G	0.95414305949	C	0.0297450424929	47	168	5389	44	5648	76279
UNKNOWN	203	C	0.916961756374	T	0.0550637393768	86	5179	72	311	5648	76279
UNKNOWN	204	A	0.980878186969	G	0.0152266288952	5540	7	86	15	5648	76279
UNKNOWN	205	T	0.99309490085	C	0.0042492917847	7	24	8	5609	5648	76279
UNKNOWN	206	C	0.98335694051	T	0.0139872521246	14	5554	1	79	5648	76279
UNKNOWN	207	A	0.98742917847	G	0.00495750708215	5577	19	28	24	5648	76279
UNKNOWN	208	C	0.981232294618	T	0.00973796033994	13	5542	38	55	5648	76279
UNKNOWN	209	C	0.949716713881	T	0.024433427762	54	5364	92	138	5648	76279
UNKNOWN	210	A	0.983179886686	G	0.0109773371105	5553	29	62	4	5648	76279
UNKNOWN	211	A	0.984419263456	G	0.0134560906516	5560	8	76	4	5648	76279
UNKNOWN	212	G	0.987606232295	A	0.00743626062323	42	24	5578	4	5648	76279
UNKNOWN	213	G	0.98742917847	A	0.00920679886686	52	9	5577	10	5648	76279
UNKNOWN	214	A	0.99309490085	C	0.0028328611898	5609	16	14	9	5648	76279
UNKNOWN	215	C	0.976274787535	T	0.0175283286119	18	5514	17	99	5648	76279
UNKNOWN	216	A	0.986543909348	G	0.0104461756374	5572	11	59	6	5648	76279
UNKNOWN	217	A	0.981763456091	C	0.00814447592068	5545	46	40	17	5648	76279
UNKNOWN	218	C	0.965120396601	T	0.0272662889518	5	5451	38	154	5648	76279
UNKNOWN	219	T	0.985304532578	G	0.00548866855524	22	30	31	5565	5648	76279
UNKNOWN	220	C	0.99433427762	A	0.00265580736544	15	5616	5	12	5648	76279
UNKNOWN	221	C	0.991324362606	T	0.00460339943343	19	5599	4	26	5648	76279
UNKNOWN	222	A	0.988491501416	C	0.00584277620397	5583	33	31	1	5648	76279
UNKNOWN	223	A	0.987252124646	G	0.0106232294618	5576	7	60	5	5648	76279
UNKNOWN	224	G	0.988137393768	C	0.00548866855524	30	31	5581	6	5648	76279
UNKNOWN	225	A	0.991855524079	G	0.00495750708215	5602	16	28	2	5648	76279
UNKNOWN	226	G	0.939093484419	A	0.0508144475921	287	51	5304	6	5648	76279
UNKNOWN	227	C	0.966890934844	T	0.0274433427762	14	5461	18	155	5648	76279
UNKNOWN	228	C	0.988491501416	G	0.00814447592068	16	5583	46	3	5648	76279
UNKNOWN	229	A	0.987960339943	T	0.00672804532578	5580	9	21	38	5648	76279
UNKNOWN	230	A	0.979107648725	G	0.0182365439093	5530	13	103	2	5648	76279
UNKNOWN	231	G	0.966890934844	A	0.0192988668555	109	58	5461	20	5648	76279
UNKNOWN	232	T	0.993271954674	C	0.0042492917847	3	24	11	5610	5648	76279
UNKNOWN	233	C	0.932542492918	T	0.0332861189802	19	5267	174	188	5648	76279
UNKNOWN	234	T	0.987783286119	C	0.00655099150142	8	37	24	5579	5648	76279
UNKNOWN	235	C	0.991855524079	T	0.00672804532578	8	5602	0	38	5648	76279
UNKNOWN	236	T	0.982648725212	C	0.00796742209632	21	45	32	5550	5648	76279
UNKNOWN	237	C	0.992563739377	T	0.00318696883853	17	5606	7	18	5648	76279
UNKNOWN	238	T	0.995042492918	G	0.0028328611898	3	9	16	5620	5648	76279
UNKNOWN	239	G	0.948831444759	A	0.0299220963173	169	79	5359	41	5648	76279
UNKNOWN	240	T	0.9861898017	G	0.00548866855524	24	23	31	5570	5648	76279
UNKNOWN	241	C	0.979461756374	T	0.0171742209632	15	5532	4	97	5648	76279
UNKNOWN	242	A	0.979638810198	G	0.0120396600567	5533	35	68	12	5648	76279
UNKNOWN	243	G	0.891111898017	C	0.0495750708215	276	280	5033	59	5648	76279
UNKNOWN	244	T	0.993980169972	G	0.0028328611898	5	13	16	5614	5648	76279
UNKNOWN	245	G	0.969192634561	A	0.0230169971671	130	20	5474	24	5648	76279
UNKNOWN	246	A	0.977514164306	G	0.0154036827195	5521	38	87	2	5648	76279
UNKNOWN	247	G	0.90828611898	A	0.0559490084986	316	136	5130	66	5648	76279
UNKNOWN	248	C	0.967245042493	T	0.0203611898017	35	5463	35	115	5648	76279
UNKNOWN	249	A	0.979461756374	G	0.0154036827195	5532	29	87	0	5648	76279
UNKNOWN	250	G	0.965651558074	A	0.0210694050992	119	65	5454	10	5648	76279
UNKNOWN	251	C	0.98052407932	T	0.0127478753541	4	5538	34	72	5648	76279
UNKNOWN	252	G	0.982648725212	A	0.0109773371105	62	12	5550	24	5648	76279
UNKNOWN	253	T	0.989376770538	C	0.00655099150142	8	37	15	5588	5648	76279
UNKNOWN	254	G	0.967067988669	A	0.02638101983	149	18	5462	19	5648	76279
UNKNOWN	255	A	0.972025495751	G	0.0210694050992	5490	16	119	23	5648	76279
UNKNOWN	256	C	0.987960339943	T	0.00442634560907	24	5580	19	25	5648	76279
UNKNOWN	257	A	0.96671388102	G	0.0224858356941	5460	43	127	18	5648	76279
UNKNOWN	258	C	0.926699716714	A	0.0545325779037	308	5234	50	56	5648	76279
UNKNOWN	259	C	0.983002832861	T	0.012216713881	10	5552	17	69	5648	76279
UNKNOWN	260	T	0.971140226629	C	0.0154036827195	22	87	54	5485	5648	76279
UNKNOWN	261	G	0.990084985836	A	0.00814447592068	46	4	5592	6	5648	76279
UNKNOWN	262	A	0.985481586402	G	0.0108002832861	5566	18	61	3	5648	76279
UNKNOWN	263	G	0.941218130312	A	0.0384206798867	217	94	5316	21	5648	76279
UNKNOWN	264	G	0.993626062323	A	0.00407223796034	23	8	5612	5	5648	76279
UNKNOWN	265	A	0.990970254958	C	0.00442634560907	5597	25	14	12	5648	76279
UNKNOWN	266	C	0.983533994334	T	0.00779036827195	27	5555	22	44	5648	76279
UNKNOWN	267	A	0.982294617564	T	0.00849858356941	5548	15	37	48	5648	76279
UNKNOWN	268	C	0.991501416431	A	0.00407223796034	23	5600	22	3	5648	76279
UNKNOWN	269	G	0.962287535411	A	0.0325779036827	184	17	5435	12	5648	76279
UNKNOWN	270	G	0.991324362606	A	0.00318696883853	18	15	5599	16	5648	76279
UNKNOWN	271	C	0.992386685552	A	0.00336402266289	19	5605	17	7	5648	76279
UNKNOWN	272	C	0.989907932011	A	0.00548866855524	31	5591	12	14	5648	76279
UNKNOWN	273	A	0.989730878187	G	0.00672804532578	5590	15	38	5	5648	76279
UNKNOWN	274	C	0.982117563739	T	0.00885269121813	35	5547	16	50	5648	76279
UNKNOWN	275	A	0.963703966006	G	0.0205382436261	5443	52	116	37	5648	76279
UNKNOWN	276	T	0.989553824363	G	0.00460339943343	23	10	26	5589	5648	76279
UNKNOWN	277	A	0.991147308782	C	0.00513456090652	5598	29	8	13	5648	76279
UNKNOWN	278	C	0.942634560907	T	0.0540014164306	15	5324	4	305	5648	76279
UNKNOWN	279	T	0.979992917847	C	0.00902974504249	25	51	37	5535	5648	76279
UNKNOWN	280	A	0.979638810198	C	0.00867563739377	5533	49	20	46	5648	76279
UNKNOWN	281	C	0.962464589235	T	0.0347025495751	7	5436	9	196	5648	76279
UNKNOWN	282	T	0.9861898017	G	0.0111543909348	9	6	63	5570	5648	76279
