Type	Position	Nucl1	Freq1	Nucl2	Freq2	NumAs	NumCs	NumGs	NumTs	NumAligned	NumNaive
UNKNOWN	0	A	1.0	C	0.0	977	0	0	0	977	94733
UNKNOWN	1	A	1.0	C	0.0	977	0	0	0	977	94733
UNKNOWN	2	G	1.0	A	0.0	0	0	977	0	977	94733
UNKNOWN	3	G	1.0	A	0.0	0	0	977	0	977	94733
UNKNOWN	4	T	1.0	A	0.0	0	0	0	977	977	94733
UNKNOWN	5	G	1.0	A	0.0	0	0	977	0	977	94733
UNKNOWN	6	C	1.0	A	0.0	0	977	0	0	977	94733
UNKNOWN	7	A	1.0	C	0.0	977	0	0	0	977	94733
UNKNOWN	8	G	0.987717502559	A	0.00921187308086	9	3	965	0	977	94733
UNKNOWN	9	C	0.994882292733	G	0.00409416581372	1	972	4	0	977	94733
UNKNOWN	10	T	1.0	A	0.0	0	0	0	977	977	94733
UNKNOWN	11	G	0.99692937564	A	0.00204708290686	2	1	974	0	977	94733
UNKNOWN	12	C	1.0	A	0.0	0	977	0	0	977	94733
UNKNOWN	13	A	0.794268167861	G	0.174002047083	776	30	170	1	977	94733
UNKNOWN	14	G	0.970317297851	C	0.0296827021494	0	29	948	0	977	94733
UNKNOWN	15	G	1.0	A	0.0	0	0	977	0	977	94733
UNKNOWN	16	A	0.993858751279	G	0.00511770726714	971	1	5	0	977	94733
UNKNOWN	17	G	0.997952917093	A	0.00204708290686	2	0	975	0	977	94733
UNKNOWN	18	T	0.997952917093	C	0.00102354145343	0	1	1	975	977	94733
UNKNOWN	19	C	0.998976458547	T	0.00102354145343	0	976	0	1	977	94733
UNKNOWN	20	G	0.89559877175	A	0.0910951893552	89	13	875	0	977	94733
UNKNOWN	21	G	0.998976458547	T	0.00102354145343	0	0	976	1	977	94733
UNKNOWN	22	G	0.998976458547	C	0.00102354145343	0	1	976	0	977	94733
UNKNOWN	23	C	0.978505629478	T	0.021494370522	0	956	0	21	977	94733
UNKNOWN	24	C	0.998976458547	T	0.00102354145343	0	976	0	1	977	94733
UNKNOWN	25	C	0.998976458547	T	0.00102354145343	0	976	0	1	977	94733
UNKNOWN	26	C	0.997952917093	A	0.00102354145343	1	975	0	1	977	94733
UNKNOWN	27	A	0.997952917093	G	0.00204708290686	975	0	2	0	977	94733
UNKNOWN	28	G	0.997952917093	C	0.00204708290686	0	2	975	0	977	94733
UNKNOWN	29	C	0.99692937564	T	0.00204708290686	0	974	1	2	977	94733
UNKNOWN	30	C	0.998976458547	T	0.00102354145343	0	976	0	1	977	94733
UNKNOWN	31	T	0.993858751279	C	0.00511770726714	0	5	1	971	977	94733
UNKNOWN	32	G	0.995905834186	A	0.00409416581372	4	0	973	0	977	94733
UNKNOWN	33	G	0.971340839304	A	0.0245649948823	24	4	949	0	977	94733
UNKNOWN	34	T	0.994882292733	C	0.00409416581372	0	4	1	972	977	94733
UNKNOWN	35	G	0.995905834186	A	0.00307062436029	3	1	973	0	977	94733
UNKNOWN	36	A	0.997952917093	G	0.00204708290686	975	0	2	0	977	94733
UNKNOWN	37	A	0.96417604913	G	0.0348004094166	942	1	34	0	977	94733
UNKNOWN	38	G	0.997952917093	C	0.00204708290686	0	2	975	0	977	94733
UNKNOWN	39	C	1.0	A	0.0	0	977	0	0	977	94733
UNKNOWN	40	C	0.998976458547	G	0.00102354145343	0	976	1	0	977	94733
UNKNOWN	41	C	0.997952917093	T	0.00102354145343	0	975	1	1	977	94733
UNKNOWN	42	T	0.99692937564	C	0.00307062436029	0	3	0	974	977	94733
UNKNOWN	43	C	0.998976458547	A	0.00102354145343	1	976	0	0	977	94733
UNKNOWN	44	A	0.997952917093	C	0.00102354145343	975	1	1	0	977	94733
UNKNOWN	45	C	0.998976458547	A	0.00102354145343	1	976	0	0	977	94733
UNKNOWN	46	A	0.995905834186	G	0.00409416581372	973	0	4	0	977	94733
UNKNOWN	47	G	0.998976458547	A	0.00102354145343	1	0	976	0	977	94733
UNKNOWN	48	A	0.995905834186	G	0.00204708290686	973	1	2	1	977	94733
UNKNOWN	49	C	0.997952917093	T	0.00204708290686	0	975	0	2	977	94733
UNKNOWN	50	C	0.997952917093	A	0.00102354145343	1	975	0	1	977	94733
UNKNOWN	51	C	0.998976458547	T	0.00102354145343	0	976	0	1	977	94733
UNKNOWN	52	T	0.993858751279	C	0.00511770726714	1	5	0	971	977	94733
UNKNOWN	53	C	0.997952917093	T	0.00204708290686	0	975	0	2	977	94733
UNKNOWN	54	T	0.989764585466	C	0.00921187308086	0	9	1	967	977	94733
UNKNOWN	55	C	0.998976458547	T	0.00102354145343	0	976	0	1	977	94733
UNKNOWN	56	C	0.994882292733	T	0.00511770726714	0	972	0	5	977	94733
UNKNOWN	57	C	0.995905834186	T	0.00204708290686	1	973	1	2	977	94733
UNKNOWN	58	T	0.997952917093	C	0.00204708290686	0	2	0	975	977	94733
UNKNOWN	59	C	0.99692937564	G	0.00204708290686	1	974	2	0	977	94733
UNKNOWN	60	A	0.994882292733	G	0.00409416581372	972	1	4	0	977	94733
UNKNOWN	61	C	1.0	A	0.0	0	977	0	0	977	94733
UNKNOWN	62	C	0.990788126919	T	0.00818833162743	0	968	1	8	977	94733
UNKNOWN	63	T	0.997952917093	C	0.00102354145343	0	1	1	975	977	94733
UNKNOWN	64	G	0.998976458547	C	0.00102354145343	0	1	976	0	977	94733
UNKNOWN	65	C	0.99692937564	T	0.00204708290686	1	974	0	2	977	94733
UNKNOWN	66	A	0.998976458547	C	0.00102354145343	976	1	0	0	977	94733
UNKNOWN	67	C	0.997952917093	T	0.00102354145343	0	975	1	1	977	94733
UNKNOWN	68	G	0.994882292733	C	0.00409416581372	1	4	972	0	977	94733
UNKNOWN	69	A	0.973387922211	G	0.021494370522	951	5	21	0	977	94733
UNKNOWN	70	C	0.976458546571	T	0.0225179119754	0	954	1	22	977	94733
UNKNOWN	71	C	0.940634595701	T	0.0532241555783	0	919	6	52	977	94733
UNKNOWN	72	T	0.992835209826	C	0.007164790174	0	7	0	970	977	94733
UNKNOWN	73	C	0.99692937564	T	0.00204708290686	0	974	1	2	977	94733
UNKNOWN	74	T	0.993858751279	A	0.00204708290686	2	2	2	971	977	94733
UNKNOWN	75	G	0.979529170931	A	0.0174002047083	17	3	957	0	977	94733
UNKNOWN	76	G	0.973387922211	T	0.0204708290686	5	1	951	20	977	94733
UNKNOWN	77	A	0.990788126919	T	0.007164790174	968	1	1	7	977	94733
UNKNOWN	78	T	0.993858751279	C	0.00409416581372	0	4	2	971	977	94733
UNKNOWN	79	T	0.99692937564	C	0.00307062436029	0	3	0	974	977	94733
UNKNOWN	80	C	0.998976458547	T	0.00102354145343	0	976	0	1	977	94733
UNKNOWN	81	T	0.991811668373	C	0.00409416581372	2	4	2	969	977	94733
UNKNOWN	82	C	0.995905834186	A	0.00204708290686	2	973	0	2	977	94733
UNKNOWN	83	A	0.990788126919	T	0.00818833162743	968	0	1	8	977	94733
UNKNOWN	84	T	0.991811668373	A	0.00409416581372	4	3	1	969	977	94733
UNKNOWN	85	T	0.99692937564	A	0.00102354145343	1	1	1	974	977	94733
UNKNOWN	86	G	0.994882292733	A	0.00204708290686	2	1	972	2	977	94733
UNKNOWN	87	A	0.99692937564	C	0.00204708290686	974	2	1	0	977	94733
UNKNOWN	88	C	0.959058341863	G	0.0276356192426	6	937	27	7	977	94733
UNKNOWN	89	C	0.982599795292	T	0.0102354145343	5	960	2	10	977	94733
UNKNOWN	90	A	0.977482088025	C	0.0153531218014	955	15	6	1	977	94733
UNKNOWN	91	G	0.915046059365	A	0.0675537359263	66	15	894	2	977	94733
UNKNOWN	92	C	0.955987717503	A	0.0245649948823	24	934	2	17	977	94733
UNKNOWN	93	T	0.985670419652	A	0.00614124872057	6	4	4	963	977	94733
UNKNOWN	94	A	0.985670419652	G	0.007164790174	963	3	7	4	977	94733
UNKNOWN	95	T	0.988741044012	C	0.007164790174	0	7	4	966	977	94733
UNKNOWN	96	G	0.993858751279	A	0.00409416581372	4	1	971	1	977	94733
UNKNOWN	97	G	0.941658137155	C	0.0327533265097	22	32	920	3	977	94733
UNKNOWN	98	T	0.987717502559	C	0.0112589559877	0	11	1	965	977	94733
UNKNOWN	99	G	0.982599795292	A	0.014329580348	14	2	960	1	977	94733
UNKNOWN	100	T	0.994882292733	C	0.00307062436029	2	3	0	972	977	94733
UNKNOWN	101	A	0.966223132037	G	0.0307062436029	944	2	30	1	977	94733
UNKNOWN	102	A	0.982599795292	G	0.00818833162743	960	4	8	5	977	94733
UNKNOWN	103	G	0.836233367451	A	0.10440122825	102	52	817	6	977	94733
UNKNOWN	104	C	0.994882292733	T	0.00307062436029	0	972	2	3	977	94733
UNKNOWN	105	T	0.995905834186	G	0.00204708290686	1	1	2	973	977	94733
UNKNOWN	106	G	0.998976458547	C	0.00102354145343	0	1	976	0	977	94733
UNKNOWN	107	G	0.993858751279	A	0.00511770726714	5	0	971	1	977	94733
UNKNOWN	108	G	0.984646878199	A	0.00818833162743	8	1	962	6	977	94733
UNKNOWN	109	T	0.997952917093	C	0.00204708290686	0	2	0	975	977	94733
UNKNOWN	110	C	0.981576253838	T	0.0174002047083	0	959	1	17	977	94733
UNKNOWN	111	C	0.99692937564	T	0.00204708290686	0	974	1	2	977	94733
UNKNOWN	112	G	0.99692937564	C	0.00204708290686	1	2	974	0	977	94733
UNKNOWN	113	C	0.995905834186	T	0.00204708290686	1	973	1	2	977	94733
UNKNOWN	114	C	0.997952917093	A	0.00102354145343	1	975	1	0	977	94733
UNKNOWN	115	A	0.997952917093	G	0.00204708290686	975	0	2	0	977	94733
UNKNOWN	116	G	0.99692937564	A	0.00204708290686	2	1	974	0	977	94733
UNKNOWN	117	G	0.978505629478	A	0.0102354145343	10	10	956	1	977	94733
UNKNOWN	118	C	0.997952917093	A	0.00102354145343	1	975	0	1	977	94733
UNKNOWN	119	T	0.995905834186	C	0.00409416581372	0	4	0	973	977	94733
UNKNOWN	120	C	0.99692937564	A	0.00204708290686	2	974	0	1	977	94733
UNKNOWN	121	C	0.99692937564	G	0.00204708290686	1	974	2	0	977	94733
UNKNOWN	122	A	0.99692937564	G	0.00307062436029	974	0	3	0	977	94733
UNKNOWN	123	G	0.998976458547	A	0.00102354145343	1	0	976	0	977	94733
UNKNOWN	124	G	0.997952917093	A	0.00204708290686	2	0	975	0	977	94733
UNKNOWN	125	A	0.838280450358	G	0.155578300921	819	5	152	1	977	94733
UNKNOWN	126	A	0.99692937564	C	0.00204708290686	974	2	1	0	977	94733
UNKNOWN	127	A	0.99692937564	G	0.00307062436029	974	0	3	0	977	94733
UNKNOWN	128	G	0.998976458547	C	0.00102354145343	0	1	976	0	977	94733
UNKNOWN	129	G	0.994882292733	A	0.00409416581372	4	1	972	0	977	94733
UNKNOWN	130	C	0.994882292733	G	0.00511770726714	0	972	5	0	977	94733
UNKNOWN	131	G	0.99692937564	A	0.00102354145343	1	1	974	1	977	94733
UNKNOWN	132	C	0.993858751279	T	0.00409416581372	1	971	1	4	977	94733
UNKNOWN	133	T	0.995905834186	G	0.00307062436029	0	1	3	973	977	94733
UNKNOWN	134	G	0.99692937564	A	0.00307062436029	3	0	974	0	977	94733
UNKNOWN	135	G	0.995905834186	T	0.00307062436029	1	0	973	3	977	94733
UNKNOWN	136	A	0.997952917093	T	0.00102354145343	975	0	1	1	977	94733
UNKNOWN	137	G	0.993858751279	T	0.00409416581372	2	0	971	4	977	94733
UNKNOWN	138	T	0.995905834186	C	0.00204708290686	0	2	2	973	977	94733
UNKNOWN	139	G	0.998976458547	C	0.00102354145343	0	1	976	0	977	94733
UNKNOWN	140	G	0.987717502559	C	0.00921187308086	1	9	965	2	977	94733
UNKNOWN	141	C	0.995905834186	A	0.00204708290686	2	973	1	1	977	94733
UNKNOWN	142	T	0.99692937564	A	0.00102354145343	1	1	1	974	977	94733
UNKNOWN	143	C	0.992835209826	T	0.00409416581372	0	970	3	4	977	94733
UNKNOWN	144	G	0.995905834186	T	0.00409416581372	0	0	973	4	977	94733
UNKNOWN	145	G	0.994882292733	C	0.00307062436029	1	3	972	1	977	94733
UNKNOWN	146	T	0.992835209826	A	0.00307062436029	3	3	1	970	977	94733
UNKNOWN	147	G	0.893551688843	C	0.0542476970317	43	53	873	8	977	94733
UNKNOWN	148	G	0.904810644831	A	0.0777891504606	76	6	884	11	977	94733
UNKNOWN	149	T	0.982599795292	G	0.0102354145343	2	5	10	960	977	94733
UNKNOWN	150	A	0.987717502559	G	0.0102354145343	965	1	10	1	977	94733
UNKNOWN	151	T	0.986693961105	C	0.00614124872057	1	6	6	964	977	94733
UNKNOWN	152	A	0.974411463664	G	0.0163766632549	952	1	16	8	977	94733
UNKNOWN	153	G	0.952917093142	A	0.0255885363357	25	9	931	12	977	94733
UNKNOWN	154	A	0.96417604913	G	0.0307062436029	942	3	30	2	977	94733
UNKNOWN	155	T	0.948822927329	C	0.0245649948823	16	24	10	927	977	94733
UNKNOWN	156	A	0.945752302968	G	0.0511770726714	924	2	50	1	977	94733
UNKNOWN	157	G	0.900716479017	C	0.0481064483112	35	47	880	15	977	94733
UNKNOWN	158	T	0.979529170931	G	0.0122824974411	2	6	12	957	977	94733
UNKNOWN	159	G	0.918116683726	A	0.0419651995906	41	29	897	10	977	94733
UNKNOWN	160	G	0.950870010235	A	0.0317297850563	31	9	929	8	977	94733
UNKNOWN	161	T	0.982599795292	A	0.007164790174	7	7	3	960	977	94733
UNKNOWN	162	G	0.993858751279	A	0.00614124872057	6	0	971	0	977	94733
UNKNOWN	163	G	0.977482088025	A	0.0184237461617	18	4	955	0	977	94733
UNKNOWN	164	A	0.987717502559	G	0.00921187308086	965	3	9	0	977	94733
UNKNOWN	165	A	0.968270214944	G	0.028659160696	946	2	28	1	977	94733
UNKNOWN	166	G	0.747185261003	A	0.119754350051	117	74	730	56	977	94733
UNKNOWN	167	C	0.946775844422	G	0.0266120777892	12	925	26	14	977	94733
UNKNOWN	168	A	0.945752302968	G	0.0378710337769	924	3	37	13	977	94733
UNKNOWN	169	C	0.987717502559	T	0.00511770726714	3	965	4	5	977	94733
UNKNOWN	170	A	0.99692937564	C	0.00102354145343	974	1	1	1	977	94733
UNKNOWN	171	G	0.982599795292	C	0.0122824974411	2	12	960	3	977	94733
UNKNOWN	172	G	0.862845445241	A	0.0951893551689	93	30	843	11	977	94733
UNKNOWN	173	C	0.986693961105	T	0.00818833162743	3	964	2	8	977	94733
UNKNOWN	174	T	0.992835209826	C	0.00307062436029	2	3	2	970	977	94733
UNKNOWN	175	A	0.993858751279	G	0.00409416581372	971	0	4	2	977	94733
UNKNOWN	176	T	0.969293756397	C	0.0276356192426	2	27	1	947	977	94733
UNKNOWN	177	A	0.994882292733	C	0.00409416581372	972	4	1	0	977	94733
UNKNOWN	178	A	0.994882292733	C	0.00307062436029	972	3	2	0	977	94733
UNKNOWN	179	C	0.972364380757	T	0.0204708290686	1	950	6	20	977	94733
UNKNOWN	180	C	0.993858751279	T	0.00307062436029	2	971	1	3	977	94733
UNKNOWN	181	C	0.994882292733	G	0.00409416581372	1	972	4	0	977	94733
UNKNOWN	182	A	0.992835209826	G	0.00409416581372	970	3	4	0	977	94733
UNKNOWN	183	G	0.992835209826	C	0.00409416581372	2	4	970	1	977	94733
UNKNOWN	184	G	0.941658137155	C	0.0552712384852	2	54	920	1	977	94733
UNKNOWN	185	C	0.99692937564	A	0.00102354145343	1	974	1	1	977	94733
UNKNOWN	186	C	0.995905834186	A	0.00204708290686	2	973	1	1	977	94733
UNKNOWN	187	T	0.99692937564	A	0.00204708290686	2	0	1	974	977	94733
UNKNOWN	188	G	0.99692937564	A	0.00307062436029	3	0	974	0	977	94733
UNKNOWN	189	A	0.995905834186	G	0.00307062436029	973	0	3	1	977	94733
UNKNOWN	190	A	0.99692937564	C	0.00204708290686	974	2	0	1	977	94733
UNKNOWN	191	A	0.992835209826	C	0.00614124872057	970	6	0	1	977	94733
UNKNOWN	192	T	0.878198567042	C	0.117707267144	2	115	2	858	977	94733
UNKNOWN	193	C	0.993858751279	T	0.00307062436029	2	971	1	3	977	94733
UNKNOWN	194	C	0.966223132037	T	0.0266120777892	3	944	4	26	977	94733
UNKNOWN	195	A	0.85670419652	C	0.141248720573	837	138	2	0	977	94733
UNKNOWN	196	G	0.994882292733	T	0.00307062436029	1	1	972	3	977	94733
UNKNOWN	197	G	0.984646878199	A	0.0102354145343	10	4	962	1	977	94733
UNKNOWN	198	C	0.992835209826	G	0.00307062436029	2	970	3	2	977	94733
UNKNOWN	199	T	0.994882292733	C	0.00204708290686	1	2	2	972	977	94733
UNKNOWN	200	C	0.993858751279	A	0.00307062436029	3	971	1	2	977	94733
UNKNOWN	201	A	0.992835209826	G	0.00614124872057	970	1	6	0	977	94733
UNKNOWN	202	G	0.990788126919	C	0.00511770726714	3	5	968	1	977	94733
UNKNOWN	203	T	0.514841351075	C	0.477993858751	1	467	6	503	977	94733
UNKNOWN	204	A	0.993858751279	G	0.00307062436029	971	1	3	2	977	94733
UNKNOWN	205	T	0.992835209826	C	0.00511770726714	2	5	0	970	977	94733
UNKNOWN	206	C	0.987717502559	T	0.0102354145343	1	965	1	10	977	94733
UNKNOWN	207	A	0.99692937564	C	0.00204708290686	974	2	1	0	977	94733
UNKNOWN	208	C	0.99692937564	G	0.00204708290686	1	974	2	0	977	94733
UNKNOWN	209	C	0.985670419652	T	0.00818833162743	3	963	3	8	977	94733
UNKNOWN	210	A	0.990788126919	G	0.007164790174	968	1	7	1	977	94733
UNKNOWN	211	G	0.858751279427	A	0.141248720573	138	0	839	0	977	94733
UNKNOWN	212	G	0.992835209826	A	0.00614124872057	6	1	970	0	977	94733
UNKNOWN	213	G	0.990788126919	A	0.007164790174	7	2	968	0	977	94733
UNKNOWN	214	A	0.993858751279	G	0.00307062436029	971	2	3	1	977	94733
UNKNOWN	215	C	0.977482088025	T	0.014329580348	2	955	6	14	977	94733
UNKNOWN	216	A	0.992835209826	C	0.00307062436029	970	3	2	2	977	94733
UNKNOWN	217	A	0.990788126919	T	0.00511770726714	968	2	2	5	977	94733
UNKNOWN	218	C	0.989764585466	T	0.00614124872057	0	967	4	6	977	94733
UNKNOWN	219	T	0.984646878199	G	0.007164790174	2	6	7	962	977	94733
UNKNOWN	220	C	0.993858751279	A	0.00409416581372	4	971	0	2	977	94733
UNKNOWN	221	C	0.982599795292	T	0.0112589559877	4	960	2	11	977	94733
UNKNOWN	222	A	0.99692937564	C	0.00102354145343	974	1	1	1	977	94733
UNKNOWN	223	A	0.978505629478	G	0.0204708290686	956	1	20	0	977	94733
UNKNOWN	224	G	0.99692937564	A	0.00204708290686	2	1	974	0	977	94733
UNKNOWN	225	A	0.992835209826	G	0.00511770726714	970	2	5	0	977	94733
UNKNOWN	226	G	0.975435005118	A	0.021494370522	21	3	953	0	977	94733
UNKNOWN	227	C	0.96110542477	T	0.0337768679632	2	939	3	33	977	94733
UNKNOWN	228	C	0.984646878199	G	0.0133060388946	2	962	13	0	977	94733
UNKNOWN	229	A	0.992835209826	G	0.00511770726714	970	0	5	2	977	94733
UNKNOWN	230	A	0.986693961105	G	0.00921187308086	964	3	9	1	977	94733
UNKNOWN	231	G	0.975435005118	T	0.0112589559877	8	5	953	11	977	94733
UNKNOWN	232	T	0.99692937564	C	0.00307062436029	0	3	0	974	977	94733
UNKNOWN	233	C	0.980552712385	T	0.0133060388946	1	958	5	13	977	94733
UNKNOWN	234	T	0.990788126919	C	0.00409416581372	3	4	2	968	977	94733
UNKNOWN	235	C	0.993858751279	T	0.00614124872057	0	971	0	6	977	94733
UNKNOWN	236	T	0.979529170931	C	0.0174002047083	0	17	3	957	977	94733
UNKNOWN	237	C	0.984646878199	G	0.0122824974411	0	962	12	3	977	94733
UNKNOWN	238	T	0.997952917093	C	0.00102354145343	0	1	1	975	977	94733
UNKNOWN	239	G	0.970317297851	A	0.0204708290686	20	6	948	3	977	94733
UNKNOWN	240	T	0.995905834186	G	0.00204708290686	1	1	2	973	977	94733
UNKNOWN	241	C	0.986693961105	T	0.0112589559877	1	964	1	11	977	94733
UNKNOWN	242	A	0.984646878199	G	0.0102354145343	962	2	10	3	977	94733
UNKNOWN	243	G	0.954964176049	C	0.0266120777892	14	26	933	4	977	94733
UNKNOWN	244	T	0.994882292733	C	0.00204708290686	1	2	2	972	977	94733
UNKNOWN	245	G	0.985670419652	C	0.007164790174	4	7	963	3	977	94733
UNKNOWN	246	A	0.988741044012	G	0.00818833162743	966	3	8	0	977	94733
UNKNOWN	247	G	0.950870010235	A	0.0317297850563	31	13	929	4	977	94733
UNKNOWN	248	C	0.980552712385	T	0.0112589559877	5	958	3	11	977	94733
UNKNOWN	249	A	0.987717502559	G	0.00921187308086	965	3	9	0	977	94733
UNKNOWN	250	G	0.986693961105	A	0.007164790174	7	5	964	1	977	94733
UNKNOWN	251	C	0.986693961105	T	0.007164790174	3	964	3	7	977	94733
UNKNOWN	252	G	0.991811668373	A	0.00511770726714	5	2	969	1	977	94733
UNKNOWN	253	T	0.994882292733	C	0.00307062436029	1	3	1	972	977	94733
UNKNOWN	254	G	0.96724667349	A	0.0266120777892	26	4	945	2	977	94733
UNKNOWN	255	A	0.987717502559	G	0.00818833162743	965	3	8	1	977	94733
UNKNOWN	256	C	0.990788126919	T	0.00614124872057	2	968	1	6	977	94733
UNKNOWN	257	A	0.973387922211	T	0.0133060388946	951	4	9	13	977	94733
UNKNOWN	258	C	0.957011258956	A	0.0378710337769	37	935	2	3	977	94733
UNKNOWN	259	C	0.988741044012	T	0.00614124872057	2	966	3	6	977	94733
UNKNOWN	260	T	0.96724667349	C	0.0204708290686	1	20	11	945	977	94733
UNKNOWN	261	G	0.997952917093	A	0.00102354145343	1	0	975	1	977	94733
UNKNOWN	262	A	0.994882292733	G	0.00307062436029	972	2	3	0	977	94733
UNKNOWN	263	G	0.952917093142	A	0.0399181166837	39	7	931	0	977	94733
UNKNOWN	264	G	0.992835209826	A	0.00511770726714	5	1	970	1	977	94733
UNKNOWN	265	A	0.99692937564	C	0.00204708290686	974	2	1	0	977	94733
UNKNOWN	266	C	0.985670419652	T	0.00818833162743	5	963	1	8	977	94733
UNKNOWN	267	A	0.975435005118	T	0.0122824974411	953	1	11	12	977	94733
UNKNOWN	268	C	0.993858751279	A	0.00307062436029	3	971	3	0	977	94733
UNKNOWN	269	G	0.948822927329	A	0.042988741044	42	4	927	4	977	94733
UNKNOWN	270	G	0.992835209826	A	0.00307062436029	3	3	970	1	977	94733
UNKNOWN	271	C	0.990788126919	A	0.00511770726714	5	968	3	1	977	94733
UNKNOWN	272	C	0.995905834186	G	0.00204708290686	1	973	2	1	977	94733
UNKNOWN	273	G	0.539406345957	A	0.454452405322	444	2	527	4	977	94733
UNKNOWN	274	T	0.541453428864	C	0.448311156602	4	438	6	529	977	94733
UNKNOWN	275	G	0.500511770727	A	0.464687819857	454	10	489	24	977	94733
UNKNOWN	276	T	0.991811668373	A	0.00307062436029	3	3	2	969	977	94733
UNKNOWN	277	A	0.992835209826	C	0.00511770726714	970	5	1	1	977	94733
UNKNOWN	278	C	0.947799385875	T	0.0460593654043	1	926	5	45	977	94733
UNKNOWN	279	T	0.986693961105	G	0.007164790174	3	3	7	964	977	94733
UNKNOWN	280	A	0.985670419652	T	0.00614124872057	963	4	4	6	977	94733
UNKNOWN	281	C	0.96417604913	T	0.0307062436029	3	942	2	30	977	94733
UNKNOWN	282	T	0.990788126919	C	0.00409416581372	1	4	4	968	977	94733
