Type	Position	Nucl1	Freq1	Nucl2	Freq2	NumAs	NumCs	NumGs	NumTs	NumAligned	NumNaive
UNKNOWN	0	A	1.0	C	0.0	567	0	0	0	567	96331
UNKNOWN	1	A	1.0	C	0.0	567	0	0	0	567	96331
UNKNOWN	2	G	1.0	A	0.0	0	0	567	0	567	96331
UNKNOWN	3	G	1.0	A	0.0	0	0	567	0	567	96331
UNKNOWN	4	T	1.0	A	0.0	0	0	0	567	567	96331
UNKNOWN	5	G	1.0	A	0.0	0	0	567	0	567	96331
UNKNOWN	6	C	1.0	A	0.0	0	567	0	0	567	96331
UNKNOWN	7	A	1.0	C	0.0	567	0	0	0	567	96331
UNKNOWN	8	G	0.994708994709	C	0.00352733686067	1	2	564	0	567	96331
UNKNOWN	9	C	0.99823633157	T	0.00176366843034	0	566	0	1	567	96331
UNKNOWN	10	T	0.99823633157	C	0.00176366843034	0	1	0	566	567	96331
UNKNOWN	11	G	1.0	A	0.0	0	0	567	0	567	96331
UNKNOWN	12	C	1.0	A	0.0	0	567	0	0	567	96331
UNKNOWN	13	A	0.786596119929	G	0.199294532628	446	8	113	0	567	96331
UNKNOWN	14	G	0.955908289242	C	0.0440917107584	0	25	542	0	567	96331
UNKNOWN	15	G	1.0	A	0.0	0	0	567	0	567	96331
UNKNOWN	16	A	1.0	C	0.0	567	0	0	0	567	96331
UNKNOWN	17	G	0.99823633157	A	0.00176366843034	1	0	566	0	567	96331
UNKNOWN	18	T	0.994708994709	C	0.00529100529101	0	3	0	564	567	96331
UNKNOWN	19	C	1.0	A	0.0	0	567	0	0	567	96331
UNKNOWN	20	G	0.99823633157	A	0.00176366843034	1	0	566	0	567	96331
UNKNOWN	21	G	0.99823633157	C	0.00176366843034	0	1	566	0	567	96331
UNKNOWN	22	G	0.99823633157	A	0.00176366843034	1	0	566	0	567	96331
UNKNOWN	23	C	0.973544973545	T	0.026455026455	0	552	0	15	567	96331
UNKNOWN	24	C	1.0	A	0.0	0	567	0	0	567	96331
UNKNOWN	25	C	1.0	A	0.0	0	567	0	0	567	96331
UNKNOWN	26	C	1.0	A	0.0	0	567	0	0	567	96331
UNKNOWN	27	A	0.996472663139	C	0.00352733686067	565	2	0	0	567	96331
UNKNOWN	28	G	0.991181657848	C	0.00881834215168	0	5	562	0	567	96331
UNKNOWN	29	C	1.0	A	0.0	0	567	0	0	567	96331
UNKNOWN	30	C	1.0	A	0.0	0	567	0	0	567	96331
UNKNOWN	31	T	0.996472663139	C	0.00176366843034	0	1	1	565	567	96331
UNKNOWN	32	G	0.996472663139	A	0.00176366843034	1	0	565	1	567	96331
UNKNOWN	33	G	1.0	A	0.0	0	0	567	0	567	96331
UNKNOWN	34	T	1.0	A	0.0	0	0	0	567	567	96331
UNKNOWN	35	G	0.99823633157	A	0.00176366843034	1	0	566	0	567	96331
UNKNOWN	36	A	0.994708994709	G	0.00352733686067	564	1	2	0	567	96331
UNKNOWN	37	A	0.996472663139	G	0.00352733686067	565	0	2	0	567	96331
UNKNOWN	38	G	1.0	A	0.0	0	0	567	0	567	96331
UNKNOWN	39	C	0.99823633157	G	0.00176366843034	0	566	1	0	567	96331
UNKNOWN	40	C	1.0	A	0.0	0	567	0	0	567	96331
UNKNOWN	41	C	0.996472663139	G	0.00352733686067	0	565	2	0	567	96331
UNKNOWN	42	T	0.992945326279	C	0.00529100529101	1	3	0	563	567	96331
UNKNOWN	43	C	1.0	A	0.0	0	567	0	0	567	96331
UNKNOWN	44	A	0.994708994709	T	0.00529100529101	564	0	0	3	567	96331
UNKNOWN	45	C	0.994708994709	G	0.00529100529101	0	564	3	0	567	96331
UNKNOWN	46	A	0.994708994709	C	0.00529100529101	564	3	0	0	567	96331
UNKNOWN	47	G	0.991181657848	A	0.00881834215168	5	0	562	0	567	96331
UNKNOWN	48	A	0.996472663139	C	0.00176366843034	565	1	1	0	567	96331
UNKNOWN	49	C	0.994708994709	T	0.00529100529101	0	564	0	3	567	96331
UNKNOWN	50	C	0.99823633157	G	0.00176366843034	0	566	1	0	567	96331
UNKNOWN	51	C	0.992945326279	G	0.00705467372134	0	563	4	0	567	96331
UNKNOWN	52	T	1.0	A	0.0	0	0	0	567	567	96331
UNKNOWN	53	C	1.0	A	0.0	0	567	0	0	567	96331
UNKNOWN	54	T	1.0	A	0.0	0	0	0	567	567	96331
UNKNOWN	55	C	1.0	A	0.0	0	567	0	0	567	96331
UNKNOWN	56	C	0.985890652557	G	0.0141093474427	0	559	8	0	567	96331
UNKNOWN	57	C	1.0	A	0.0	0	567	0	0	567	96331
UNKNOWN	58	T	1.0	A	0.0	0	0	0	567	567	96331
UNKNOWN	59	C	0.99823633157	T	0.00176366843034	0	566	0	1	567	96331
UNKNOWN	60	A	1.0	C	0.0	567	0	0	0	567	96331
UNKNOWN	61	C	1.0	A	0.0	0	567	0	0	567	96331
UNKNOWN	62	C	0.99823633157	G	0.00176366843034	0	566	1	0	567	96331
UNKNOWN	63	T	1.0	A	0.0	0	0	0	567	567	96331
UNKNOWN	64	G	1.0	A	0.0	0	0	567	0	567	96331
UNKNOWN	65	C	0.99823633157	T	0.00176366843034	0	566	0	1	567	96331
UNKNOWN	66	A	0.994708994709	G	0.00529100529101	564	0	3	0	567	96331
UNKNOWN	67	C	1.0	A	0.0	0	567	0	0	567	96331
UNKNOWN	68	G	0.99823633157	A	0.00176366843034	1	0	566	0	567	96331
UNKNOWN	69	A	0.985890652557	G	0.0141093474427	559	0	8	0	567	96331
UNKNOWN	70	C	0.977072310406	T	0.0229276895944	0	554	0	13	567	96331
UNKNOWN	71	C	0.996472663139	G	0.00352733686067	0	565	2	0	567	96331
UNKNOWN	72	T	0.996472663139	C	0.00352733686067	0	2	0	565	567	96331
UNKNOWN	73	C	0.99823633157	T	0.00176366843034	0	566	0	1	567	96331
UNKNOWN	74	T	0.991181657848	G	0.00881834215168	0	0	5	562	567	96331
UNKNOWN	75	G	0.996472663139	A	0.00352733686067	2	0	565	0	567	96331
UNKNOWN	76	G	0.99823633157	A	0.00176366843034	1	0	566	0	567	96331
UNKNOWN	77	A	0.994708994709	C	0.00352733686067	564	2	0	1	567	96331
UNKNOWN	78	T	0.980599647266	C	0.0123456790123	4	7	0	556	567	96331
UNKNOWN	79	T	0.989417989418	C	0.010582010582	0	6	0	561	567	96331
UNKNOWN	80	C	0.985890652557	G	0.0123456790123	0	559	7	1	567	96331
UNKNOWN	81	T	0.987654320988	G	0.0123456790123	0	0	7	560	567	96331
UNKNOWN	82	C	1.0	A	0.0	0	567	0	0	567	96331
UNKNOWN	83	A	0.989417989418	G	0.010582010582	561	0	6	0	567	96331
UNKNOWN	84	T	0.994708994709	C	0.00529100529101	0	3	0	564	567	96331
UNKNOWN	85	T	0.996472663139	C	0.00176366843034	0	1	1	565	567	96331
UNKNOWN	86	G	0.992945326279	A	0.00705467372134	4	0	563	0	567	96331
UNKNOWN	87	A	0.991181657848	G	0.00881834215168	562	0	5	0	567	96331
UNKNOWN	88	C	0.959435626102	G	0.0335097001764	0	544	19	4	567	96331
UNKNOWN	89	C	0.980599647266	T	0.015873015873	2	556	0	9	567	96331
UNKNOWN	90	A	0.99823633157	G	0.00176366843034	566	0	1	0	567	96331
UNKNOWN	91	G	0.922398589065	A	0.0511463844797	29	11	523	4	567	96331
UNKNOWN	92	C	0.994708994709	T	0.00529100529101	0	564	0	3	567	96331
UNKNOWN	93	T	0.987654320988	A	0.00705467372134	4	3	0	560	567	96331
UNKNOWN	94	A	0.978835978836	T	0.0141093474427	555	2	2	8	567	96331
UNKNOWN	95	T	0.996472663139	C	0.00352733686067	0	2	0	565	567	96331
UNKNOWN	96	G	0.985890652557	A	0.0123456790123	7	1	559	0	567	96331
UNKNOWN	97	G	0.961199294533	A	0.0194003527337	11	11	545	0	567	96331
UNKNOWN	98	T	0.994708994709	G	0.00352733686067	0	1	2	564	567	96331
UNKNOWN	99	G	0.992945326279	A	0.00352733686067	2	2	563	0	567	96331
UNKNOWN	100	T	0.99823633157	C	0.00176366843034	0	1	0	566	567	96331
UNKNOWN	101	A	0.99823633157	T	0.00176366843034	566	0	0	1	567	96331
UNKNOWN	102	A	0.966490299824	C	0.0282186948854	548	16	3	0	567	96331
UNKNOWN	103	G	0.689594356261	A	0.268077601411	152	21	391	3	567	96331
UNKNOWN	104	C	0.996472663139	T	0.00352733686067	0	565	0	2	567	96331
UNKNOWN	105	T	1.0	A	0.0	0	0	0	567	567	96331
UNKNOWN	106	G	1.0	A	0.0	0	0	567	0	567	96331
UNKNOWN	107	G	1.0	A	0.0	0	0	567	0	567	96331
UNKNOWN	108	G	0.996472663139	A	0.00176366843034	1	1	565	0	567	96331
UNKNOWN	109	T	1.0	A	0.0	0	0	0	567	567	96331
UNKNOWN	110	C	0.99823633157	T	0.00176366843034	0	566	0	1	567	96331
UNKNOWN	111	C	1.0	A	0.0	0	567	0	0	567	96331
UNKNOWN	112	G	1.0	A	0.0	0	0	567	0	567	96331
UNKNOWN	113	C	0.99823633157	T	0.00176366843034	0	566	0	1	567	96331
UNKNOWN	114	C	0.99823633157	T	0.00176366843034	0	566	0	1	567	96331
UNKNOWN	115	A	0.996472663139	G	0.00352733686067	565	0	2	0	567	96331
UNKNOWN	116	G	0.99823633157	A	0.00176366843034	1	0	566	0	567	96331
UNKNOWN	117	G	1.0	A	0.0	0	0	567	0	567	96331
UNKNOWN	118	C	1.0	A	0.0	0	567	0	0	567	96331
UNKNOWN	119	T	1.0	A	0.0	0	0	0	567	567	96331
UNKNOWN	120	C	0.99823633157	G	0.00176366843034	0	566	1	0	567	96331
UNKNOWN	121	C	1.0	A	0.0	0	567	0	0	567	96331
UNKNOWN	122	A	0.996472663139	C	0.00176366843034	565	1	1	0	567	96331
UNKNOWN	123	G	0.996472663139	A	0.00352733686067	2	0	565	0	567	96331
UNKNOWN	124	G	0.991181657848	A	0.00881834215168	5	0	562	0	567	96331
UNKNOWN	125	A	0.917107583774	G	0.0723104056437	520	6	41	0	567	96331
UNKNOWN	126	A	0.99823633157	G	0.00176366843034	566	0	1	0	567	96331
UNKNOWN	127	A	0.992945326279	G	0.00705467372134	563	0	4	0	567	96331
UNKNOWN	128	G	1.0	A	0.0	0	0	567	0	567	96331
UNKNOWN	129	G	0.994708994709	A	0.00529100529101	3	0	564	0	567	96331
UNKNOWN	130	C	1.0	A	0.0	0	567	0	0	567	96331
UNKNOWN	131	G	1.0	A	0.0	0	0	567	0	567	96331
UNKNOWN	132	C	1.0	A	0.0	0	567	0	0	567	96331
UNKNOWN	133	T	1.0	A	0.0	0	0	0	567	567	96331
UNKNOWN	134	G	0.99823633157	T	0.00176366843034	0	0	566	1	567	96331
UNKNOWN	135	G	0.99823633157	A	0.00176366843034	1	0	566	0	567	96331
UNKNOWN	136	A	0.996472663139	G	0.00352733686067	565	0	2	0	567	96331
UNKNOWN	137	G	0.996472663139	A	0.00176366843034	1	1	565	0	567	96331
UNKNOWN	138	T	0.996472663139	G	0.00352733686067	0	0	2	565	567	96331
UNKNOWN	139	G	1.0	A	0.0	0	0	567	0	567	96331
UNKNOWN	140	G	0.985890652557	C	0.0123456790123	0	7	559	1	567	96331
UNKNOWN	141	C	0.996472663139	G	0.00352733686067	0	565	2	0	567	96331
UNKNOWN	142	T	1.0	A	0.0	0	0	0	567	567	96331
UNKNOWN	143	C	0.992945326279	T	0.00705467372134	0	563	0	4	567	96331
UNKNOWN	144	G	0.99823633157	A	0.00176366843034	1	0	566	0	567	96331
UNKNOWN	145	G	1.0	A	0.0	0	0	567	0	567	96331
UNKNOWN	146	T	0.992945326279	G	0.00705467372134	0	0	4	563	567	96331
UNKNOWN	147	G	0.94885361552	A	0.047619047619	27	1	538	1	567	96331
UNKNOWN	148	G	0.978835978836	C	0.00881834215168	2	5	555	5	567	96331
UNKNOWN	149	T	0.985890652557	A	0.00705467372134	4	4	0	559	567	96331
UNKNOWN	150	A	0.975308641975	G	0.0246913580247	553	0	14	0	567	96331
UNKNOWN	151	T	0.987654320988	G	0.0123456790123	0	0	7	560	567	96331
UNKNOWN	152	A	0.970017636684	G	0.0176366843034	550	1	10	6	567	96331
UNKNOWN	153	G	0.966490299824	A	0.0299823633157	17	1	548	1	567	96331
UNKNOWN	154	A	0.957671957672	G	0.0335097001764	543	5	19	0	567	96331
UNKNOWN	155	T	0.975308641975	C	0.0176366843034	0	10	4	553	567	96331
UNKNOWN	156	A	0.952380952381	G	0.0405643738977	540	0	23	4	567	96331
UNKNOWN	157	G	0.971781305115	C	0.0176366843034	5	10	551	1	567	96331
UNKNOWN	158	T	0.987654320988	G	0.010582010582	1	0	6	560	567	96331
UNKNOWN	159	G	0.911816578483	A	0.0582010582011	33	15	517	2	567	96331
UNKNOWN	160	G	0.961199294533	A	0.0176366843034	10	10	545	2	567	96331
UNKNOWN	161	T	0.991181657848	G	0.00881834215168	0	0	5	562	567	96331
UNKNOWN	162	G	0.996472663139	A	0.00352733686067	2	0	565	0	567	96331
UNKNOWN	163	G	0.99823633157	A	0.00176366843034	1	0	566	0	567	96331
UNKNOWN	164	A	0.996472663139	T	0.00176366843034	565	0	1	1	567	96331
UNKNOWN	165	A	0.984126984127	G	0.0141093474427	558	0	8	1	567	96331
UNKNOWN	166	G	0.883597883598	A	0.0599647266314	34	11	501	21	567	96331
UNKNOWN	167	C	0.955908289242	A	0.0282186948854	16	542	7	2	567	96331
UNKNOWN	168	A	0.994708994709	G	0.00352733686067	564	0	2	1	567	96331
UNKNOWN	169	C	0.973544973545	T	0.0229276895944	2	552	0	13	567	96331
UNKNOWN	170	A	0.968253968254	C	0.0282186948854	549	16	2	0	567	96331
UNKNOWN	171	G	0.989417989418	A	0.00529100529101	3	0	561	3	567	96331
UNKNOWN	172	G	0.94885361552	A	0.0405643738977	23	4	538	2	567	96331
UNKNOWN	173	C	0.989417989418	G	0.00705467372134	1	561	4	1	567	96331
UNKNOWN	174	T	0.99823633157	C	0.00176366843034	0	1	0	566	567	96331
UNKNOWN	175	A	0.99823633157	G	0.00176366843034	566	0	1	0	567	96331
UNKNOWN	176	T	0.99823633157	C	0.00176366843034	0	1	0	566	567	96331
UNKNOWN	177	A	0.996472663139	C	0.00176366843034	565	1	0	1	567	96331
UNKNOWN	178	A	0.991181657848	G	0.00881834215168	562	0	5	0	567	96331
UNKNOWN	179	C	0.985890652557	T	0.0123456790123	0	559	1	7	567	96331
UNKNOWN	180	C	0.994708994709	T	0.00352733686067	0	564	1	2	567	96331
UNKNOWN	181	C	0.996472663139	A	0.00352733686067	2	565	0	0	567	96331
UNKNOWN	182	A	0.99823633157	T	0.00176366843034	566	0	0	1	567	96331
UNKNOWN	183	G	0.99823633157	T	0.00176366843034	0	0	566	1	567	96331
UNKNOWN	184	G	0.943562610229	C	0.0564373897707	0	32	535	0	567	96331
UNKNOWN	185	C	0.99823633157	T	0.00176366843034	0	566	0	1	567	96331
UNKNOWN	186	C	1.0	A	0.0	0	567	0	0	567	96331
UNKNOWN	187	T	0.99823633157	G	0.00176366843034	0	0	1	566	567	96331
UNKNOWN	188	G	0.996472663139	A	0.00352733686067	2	0	565	0	567	96331
UNKNOWN	189	A	0.99823633157	G	0.00176366843034	566	0	1	0	567	96331
UNKNOWN	190	A	0.99823633157	G	0.00176366843034	566	0	1	0	567	96331
UNKNOWN	191	A	0.966490299824	G	0.031746031746	548	0	18	1	567	96331
UNKNOWN	192	T	0.994708994709	C	0.00352733686067	0	2	1	564	567	96331
UNKNOWN	193	C	0.996472663139	A	0.00176366843034	1	565	0	1	567	96331
UNKNOWN	194	C	0.991181657848	T	0.00705467372134	1	562	0	4	567	96331
UNKNOWN	195	A	0.867724867725	C	0.126984126984	492	72	3	0	567	96331
UNKNOWN	196	G	1.0	A	0.0	0	0	567	0	567	96331
UNKNOWN	197	G	0.989417989418	A	0.00881834215168	5	1	561	0	567	96331
UNKNOWN	198	C	0.992945326279	G	0.00352733686067	1	563	2	1	567	96331
UNKNOWN	199	T	0.99823633157	C	0.00176366843034	0	1	0	566	567	96331
UNKNOWN	200	C	0.994708994709	T	0.00352733686067	1	564	0	2	567	96331
UNKNOWN	201	A	0.994708994709	G	0.00352733686067	564	0	2	1	567	96331
UNKNOWN	202	G	0.984126984127	T	0.0123456790123	1	1	558	7	567	96331
UNKNOWN	203	T	0.807760141093	C	0.183421516755	3	104	2	458	567	96331
UNKNOWN	204	A	0.980599647266	G	0.0141093474427	556	2	8	1	567	96331
UNKNOWN	205	T	0.996472663139	A	0.00176366843034	1	1	0	565	567	96331
UNKNOWN	206	C	0.992945326279	T	0.00529100529101	1	563	0	3	567	96331
UNKNOWN	207	A	0.996472663139	C	0.00352733686067	565	2	0	0	567	96331
UNKNOWN	208	C	0.992945326279	G	0.00529100529101	0	563	3	1	567	96331
UNKNOWN	209	C	0.985890652557	T	0.00881834215168	1	559	2	5	567	96331
UNKNOWN	210	A	0.989417989418	G	0.00705467372134	561	2	4	0	567	96331
UNKNOWN	211	G	0.828924162257	A	0.171075837743	97	0	470	0	567	96331
UNKNOWN	212	G	0.99823633157	T	0.00176366843034	0	0	566	1	567	96331
UNKNOWN	213	G	0.99823633157	A	0.00176366843034	1	0	566	0	567	96331
UNKNOWN	214	A	0.994708994709	C	0.00352733686067	564	2	0	1	567	96331
UNKNOWN	215	C	0.984126984127	G	0.0123456790123	1	558	7	1	567	96331
UNKNOWN	216	A	0.996472663139	T	0.00176366843034	565	0	1	1	567	96331
UNKNOWN	217	A	0.994708994709	C	0.00352733686067	564	2	1	0	567	96331
UNKNOWN	218	C	0.996472663139	T	0.00352733686067	0	565	0	2	567	96331
UNKNOWN	219	T	0.987654320988	C	0.00881834215168	0	5	2	560	567	96331
UNKNOWN	220	C	0.996472663139	A	0.00176366843034	1	565	0	1	567	96331
UNKNOWN	221	C	0.989417989418	G	0.00529100529101	2	561	3	1	567	96331
UNKNOWN	222	A	0.99823633157	G	0.00176366843034	566	0	1	0	567	96331
UNKNOWN	223	A	0.994708994709	G	0.00529100529101	564	0	3	0	567	96331
UNKNOWN	224	G	0.994708994709	A	0.00352733686067	2	1	564	0	567	96331
UNKNOWN	225	A	0.992945326279	G	0.00529100529101	563	0	3	1	567	96331
UNKNOWN	226	G	0.970017636684	A	0.026455026455	15	2	550	0	567	96331
UNKNOWN	227	C	0.989417989418	T	0.00529100529101	1	561	2	3	567	96331
UNKNOWN	228	C	0.99823633157	A	0.00176366843034	1	566	0	0	567	96331
UNKNOWN	229	A	0.996472663139	T	0.00176366843034	565	0	1	1	567	96331
UNKNOWN	230	A	0.970017636684	G	0.0282186948854	550	0	16	1	567	96331
UNKNOWN	231	G	0.987654320988	T	0.00705467372134	3	0	560	4	567	96331
UNKNOWN	232	T	0.992945326279	C	0.00529100529101	0	3	1	563	567	96331
UNKNOWN	233	C	0.970017636684	G	0.026455026455	0	550	15	2	567	96331
UNKNOWN	234	T	0.992945326279	C	0.00529100529101	1	3	0	563	567	96331
UNKNOWN	235	C	0.99823633157	T	0.00176366843034	0	566	0	1	567	96331
UNKNOWN	236	T	0.992945326279	C	0.00352733686067	0	2	2	563	567	96331
UNKNOWN	237	C	0.996472663139	T	0.00176366843034	0	565	1	1	567	96331
UNKNOWN	238	T	0.994708994709	G	0.00529100529101	0	0	3	564	567	96331
UNKNOWN	239	G	0.961199294533	A	0.026455026455	15	5	545	2	567	96331
UNKNOWN	240	T	0.989417989418	C	0.00529100529101	2	3	1	561	567	96331
UNKNOWN	241	C	0.992945326279	T	0.00529100529101	1	563	0	3	567	96331
UNKNOWN	242	A	0.984126984127	C	0.00705467372134	558	4	4	1	567	96331
UNKNOWN	243	G	0.929453262787	C	0.047619047619	10	27	527	3	567	96331
UNKNOWN	244	T	0.994708994709	G	0.00529100529101	0	0	3	564	567	96331
UNKNOWN	245	G	0.982363315697	A	0.0141093474427	8	2	557	0	567	96331
UNKNOWN	246	A	0.982363315697	G	0.0176366843034	557	0	10	0	567	96331
UNKNOWN	247	G	0.961199294533	A	0.026455026455	15	7	545	0	567	96331
UNKNOWN	248	C	0.985890652557	T	0.00705467372134	3	559	1	4	567	96331
UNKNOWN	249	A	0.994708994709	G	0.00529100529101	564	0	3	0	567	96331
UNKNOWN	250	G	0.989417989418	C	0.00881834215168	1	5	561	0	567	96331
UNKNOWN	251	C	0.991181657848	T	0.00529100529101	0	562	2	3	567	96331
UNKNOWN	252	G	0.991181657848	A	0.00352733686067	2	1	562	2	567	96331
UNKNOWN	253	T	0.996472663139	C	0.00176366843034	0	1	1	565	567	96331
UNKNOWN	254	G	0.977072310406	A	0.0194003527337	11	1	554	1	567	96331
UNKNOWN	255	A	0.984126984127	G	0.010582010582	558	2	6	1	567	96331
UNKNOWN	256	C	0.991181657848	A	0.00705467372134	4	562	1	0	567	96331
UNKNOWN	257	A	0.975308641975	G	0.0176366843034	553	2	10	2	567	96331
UNKNOWN	258	C	0.925925925926	A	0.0617283950617	35	525	6	1	567	96331
UNKNOWN	259	C	0.991181657848	T	0.00705467372134	0	562	1	4	567	96331
UNKNOWN	260	T	0.973544973545	C	0.0141093474427	0	8	7	552	567	96331
UNKNOWN	261	G	0.994708994709	A	0.00529100529101	3	0	564	0	567	96331
UNKNOWN	262	A	0.991181657848	G	0.00881834215168	562	0	5	0	567	96331
UNKNOWN	263	G	0.971781305115	A	0.021164021164	12	4	551	0	567	96331
UNKNOWN	264	G	0.994708994709	A	0.00352733686067	2	0	564	1	567	96331
UNKNOWN	265	A	0.987654320988	C	0.00705467372134	560	4	2	1	567	96331
UNKNOWN	266	C	0.985890652557	T	0.00881834215168	1	559	2	5	567	96331
UNKNOWN	267	A	0.966490299824	T	0.021164021164	548	1	6	12	567	96331
UNKNOWN	268	C	0.989417989418	A	0.00705467372134	4	561	2	0	567	96331
UNKNOWN	269	G	0.853615520282	A	0.142857142857	81	0	484	2	567	96331
UNKNOWN	270	G	0.994708994709	C	0.00352733686067	1	2	564	0	567	96331
UNKNOWN	271	C	0.991181657848	G	0.00529100529101	2	562	3	0	567	96331
UNKNOWN	272	C	0.989417989418	G	0.00529100529101	2	561	3	1	567	96331
UNKNOWN	273	A	0.571428571429	G	0.42151675485	324	2	239	2	567	96331
UNKNOWN	274	C	0.564373897707	T	0.41975308642	4	320	5	238	567	96331
UNKNOWN	275	A	0.562610229277	G	0.41975308642	319	6	238	4	567	96331
UNKNOWN	276	T	0.996472663139	A	0.00176366843034	1	1	0	565	567	96331
UNKNOWN	277	A	0.994708994709	G	0.00352733686067	564	1	2	0	567	96331
UNKNOWN	278	C	0.961199294533	T	0.037037037037	1	545	0	21	567	96331
UNKNOWN	279	T	0.985890652557	C	0.00881834215168	2	5	1	559	567	96331
UNKNOWN	280	A	0.978835978836	T	0.00881834215168	555	4	3	5	567	96331
UNKNOWN	281	C	0.975308641975	T	0.021164021164	2	553	0	12	567	96331
UNKNOWN	282	T	0.985890652557	G	0.00881834215168	3	0	5	559	567	96331
