Type	Position	Nucl1	Freq1	Nucl2	Freq2	NumAs	NumCs	NumGs	NumTs	NumAligned	NumNaive
UNKNOWN	0	C	1.0	A	0.0	0	31128	0	0	31128	96331
UNKNOWN	1	A	1.0	C	0.0	31128	0	0	0	31128	96331
UNKNOWN	2	G	1.0	A	0.0	0	0	31128	0	31128	96331
UNKNOWN	3	G	1.0	A	0.0	0	0	31128	0	31128	96331
UNKNOWN	4	T	1.0	A	0.0	0	0	0	31128	31128	96331
UNKNOWN	5	G	1.0	A	0.0	0	0	31128	0	31128	96331
UNKNOWN	6	C	1.0	A	0.0	0	31128	0	0	31128	96331
UNKNOWN	7	A	0.99755846826	G	0.00150989462863	31052	4	47	25	31128	96331
UNKNOWN	8	G	0.986635826266	A	0.0117579028527	366	43	30712	7	31128	96331
UNKNOWN	9	C	0.995984322796	T	0.00305191467489	4	31003	26	95	31128	96331
UNKNOWN	10	T	0.998361603701	C	0.00150989462863	0	47	4	31077	31128	96331
UNKNOWN	11	G	0.997879722436	A	0.00173477255204	54	3	31062	9	31128	96331
UNKNOWN	12	C	0.998875610383	T	0.00077101002313	8	31093	3	24	31128	96331
UNKNOWN	13	G	0.997879722436	A	0.00202390131072	63	3	31062	0	31128	96331
UNKNOWN	14	G	0.917694680031	C	0.0810845540992	26	2524	28566	12	31128	96331
UNKNOWN	15	G	0.999196864559	C	0.000514006682087	7	16	31103	2	31128	96331
UNKNOWN	16	A	0.997719095348	G	0.00157414546389	31057	16	49	6	31128	96331
UNKNOWN	17	G	0.995887946543	A	0.00372654844513	116	10	31000	2	31128	96331
UNKNOWN	18	T	0.997526342842	C	0.00160627088152	8	50	19	31051	31128	96331
UNKNOWN	19	C	0.9994538679	T	0.000289128758674	2	31111	6	9	31128	96331
UNKNOWN	20	G	0.998361603701	A	0.0011565150347	36	13	31077	2	31128	96331
UNKNOWN	21	G	0.998040349525	C	0.00154202004626	10	48	31067	3	31128	96331
UNKNOWN	22	G	0.998875610383	A	0.000610382934978	19	16	31093	0	31128	96331
UNKNOWN	23	C	0.999389617065	T	0.000546132099717	0	31109	2	17	31128	96331
UNKNOWN	24	C	0.999518118736	T	0.000449755846826	1	31113	0	14	31128	96331
UNKNOWN	25	C	0.999196864559	T	0.000674633770239	3	31103	1	21	31128	96331
UNKNOWN	26	C	0.998907735801	T	0.000610382934978	15	31094	0	19	31128	96331
UNKNOWN	27	A	0.996626831149	G	0.00279491133385	31023	16	87	2	31128	96331
UNKNOWN	28	G	0.993992546903	A	0.00385505011565	120	63	30941	4	31128	96331
UNKNOWN	29	C	0.998168851195	T	0.00167052171678	0	31071	5	52	31128	96331
UNKNOWN	30	C	0.998811359548	T	0.0010601387818	0	31091	4	33	31128	96331
UNKNOWN	31	T	0.997494217425	C	0.00157414546389	8	49	21	31050	31128	96331
UNKNOWN	32	G	0.995502441532	A	0.00356592135698	111	9	30988	20	31128	96331
UNKNOWN	33	G	0.996819583655	A	0.00138139295811	43	40	31029	16	31128	96331
UNKNOWN	34	T	0.995695194038	C	0.0036944230275	2	115	17	30994	31128	96331
UNKNOWN	35	G	0.997076586996	A	0.0022166538165	69	6	31037	16	31128	96331
UNKNOWN	36	A	0.997172963249	C	0.00128501670522	31040	40	35	13	31128	96331
UNKNOWN	37	A	0.992611153945	G	0.00613595476741	30898	35	191	4	31128	96331
UNKNOWN	38	G	0.99742996659	A	0.00150989462863	47	33	31048	0	31128	96331
UNKNOWN	39	C	0.997462092007	T	0.00183114880493	6	31049	16	57	31128	96331
UNKNOWN	40	C	0.999678745824	T	0.000257003341043	2	31118	0	8	31128	96331
UNKNOWN	41	C	0.996691081984	G	0.00228090465176	0	31025	71	32	31128	96331
UNKNOWN	42	T	0.997172963249	C	0.00228090465176	8	71	9	31040	31128	96331
UNKNOWN	43	C	0.998939861218	A	0.000674633770239	21	31095	1	11	31128	96331
UNKNOWN	44	A	0.996466204061	G	0.0022166538165	31018	35	69	6	31128	96331
UNKNOWN	45	C	0.997847597019	G	0.00131714212285	20	31061	41	6	31128	96331
UNKNOWN	46	A	0.99755846826	G	0.00150989462863	31052	24	47	5	31128	96331
UNKNOWN	47	G	0.997108712413	A	0.00228090465176	71	12	31038	7	31128	96331
UNKNOWN	48	A	0.995245438191	C	0.00218452839887	30980	68	66	14	31128	96331
UNKNOWN	49	C	0.998811359548	G	0.000674633770239	2	31091	21	14	31128	96331
UNKNOWN	50	C	0.99742996659	T	0.001477769211	7	31048	27	46	31128	96331
UNKNOWN	51	C	0.998329478283	T	0.00112438961707	5	31076	12	35	31128	96331
UNKNOWN	52	T	0.996723207402	C	0.00301978925726	3	94	5	31026	31128	96331
UNKNOWN	53	C	0.999100488306	T	0.000803135440761	0	31100	3	25	31128	96331
UNKNOWN	54	T	0.992482652274	C	0.00668208686713	7	208	19	30894	31128	96331
UNKNOWN	55	C	0.999293240812	T	0.000546132099717	3	31106	2	17	31128	96331
UNKNOWN	56	C	0.996434078643	T	0.00234515548702	8	31017	30	73	31128	96331
UNKNOWN	57	C	0.99823310203	T	0.0010601387818	5	31073	17	33	31128	96331
UNKNOWN	58	T	0.996626831149	C	0.00301978925726	5	94	6	31023	31128	96331
UNKNOWN	59	C	0.998072474942	A	0.00112438961707	35	31068	5	20	31128	96331
UNKNOWN	60	A	0.996948085325	G	0.00157414546389	31033	40	49	6	31128	96331
UNKNOWN	61	C	0.99823310203	T	0.00112438961707	1	31073	19	35	31128	96331
UNKNOWN	62	C	0.996144949884	T	0.0022166538165	7	31008	44	69	31128	96331
UNKNOWN	63	T	0.997108712413	C	0.00157414546389	11	49	30	31038	31128	96331
UNKNOWN	64	G	0.998329478283	C	0.000963762528913	19	30	31076	3	31128	96331
UNKNOWN	65	C	0.997911847854	T	0.00118864045233	25	31063	3	37	31128	96331
UNKNOWN	66	A	0.993864045233	G	0.00375867386276	30937	52	117	22	31128	96331
UNKNOWN	67	C	0.995695194038	T	0.00298766383963	3	30994	38	93	31128	96331
UNKNOWN	68	G	0.990073245952	A	0.00832048316628	259	34	30819	16	31128	96331
UNKNOWN	69	G	0.743735543562	A	0.250835260858	7808	100	23151	69	31128	96331
UNKNOWN	70	T	0.986025443331	C	0.0128180416345	6	399	30	30693	31128	96331
UNKNOWN	71	C	0.98576843999	T	0.00764584939604	22	30685	183	238	31128	96331
UNKNOWN	72	T	0.99566306862	C	0.00343741968646	8	107	20	30993	31128	96331
UNKNOWN	73	C	0.998072474942	T	0.00125289128759	20	31068	1	39	31128	96331
UNKNOWN	74	T	0.993189411462	G	0.00350167052172	5	98	109	30916	31128	96331
UNKNOWN	75	G	0.997751220766	A	0.00195965047546	61	7	31058	2	31128	96331
UNKNOWN	76	G	0.997076586996	A	0.0025379079928	79	11	31037	1	31128	96331
UNKNOWN	77	A	0.988756103829	G	0.00597532767926	30778	104	186	60	31128	96331
UNKNOWN	78	T	0.993382163968	C	0.00407992803906	10	127	69	30922	31128	96331
UNKNOWN	79	T	0.99633770239	C	0.00324466718067	5	101	8	31014	31128	96331
UNKNOWN	80	C	0.99322153688	T	0.0051721922385	5	30917	45	161	31128	96331
UNKNOWN	81	T	0.993928296068	C	0.00449755846826	11	140	38	30939	31128	96331
UNKNOWN	82	C	0.997237214084	T	0.00157414546389	33	31042	4	49	31128	96331
UNKNOWN	83	A	0.988113595477	G	0.00873811359548	30758	46	272	52	31128	96331
UNKNOWN	84	T	0.98589694166	C	0.0120149061938	17	374	48	30689	31128	96331
UNKNOWN	85	T	0.996594705731	C	0.00215240298124	6	67	33	31022	31128	96331
UNKNOWN	86	G	0.988627602159	A	0.00995887946543	310	21	30774	23	31128	96331
UNKNOWN	87	A	0.987856592136	G	0.0100552557183	30750	39	313	26	31128	96331
UNKNOWN	88	G	0.958750963763	A	0.0230017990234	716	491	29844	77	31128	96331
UNKNOWN	89	C	0.969352351581	T	0.0196286301722	187	30174	156	611	31128	96331
UNKNOWN	90	A	0.973753533796	G	0.0213634027242	30311	120	665	32	31128	96331
UNKNOWN	91	G	0.873554356207	A	0.0834297095862	2597	987	27192	352	31128	96331
UNKNOWN	92	C	0.967810331534	T	0.0210100231303	251	30126	97	654	31128	96331
UNKNOWN	93	T	0.965176047289	G	0.0138460549987	385	268	431	30044	31128	96331
UNKNOWN	94	A	0.970412490362	T	0.0111153945001	30207	247	328	346	31128	96331
UNKNOWN	95	T	0.988306347983	C	0.00729246980211	44	227	93	30764	31128	96331
UNKNOWN	96	G	0.88910305834	A	0.0747879722436	2328	538	27676	586	31128	96331
UNKNOWN	97	C	0.907832176818	G	0.0436905679774	749	28259	1360	760	31128	96331
UNKNOWN	98	T	0.994217424827	C	0.00334104343356	12	104	64	30948	31128	96331
UNKNOWN	99	G	0.973239527114	A	0.0229696736058	715	18	30295	100	31128	96331
UNKNOWN	100	T	0.995052685685	C	0.00366229760987	32	114	8	30974	31128	96331
UNKNOWN	101	A	0.970412490362	G	0.02155615523	30207	131	671	119	31128	96331
UNKNOWN	102	G	0.9316692367	A	0.0551914674891	1718	317	29001	92	31128	96331
UNKNOWN	103	G	0.848785659214	A	0.0999742996659	3112	1011	26421	584	31128	96331
UNKNOWN	104	C	0.9894307376	T	0.00584682600874	61	30799	86	182	31128	96331
UNKNOWN	105	T	0.997686969931	G	0.00138139295811	1	28	43	31056	31128	96331
UNKNOWN	106	G	0.999164739142	A	0.000449755846826	14	6	31102	6	31128	96331
UNKNOWN	107	G	0.999357491647	C	0.000353379593935	8	11	31108	1	31128	96331
UNKNOWN	108	G	0.985511436649	A	0.00970187612439	302	80	30677	69	31128	96331
UNKNOWN	109	T	0.995213312773	C	0.00414417887433	3	129	17	30979	31128	96331
UNKNOWN	110	C	0.997397841172	T	0.00208815214598	4	31047	12	65	31128	96331
UNKNOWN	111	C	0.998425854536	G	0.00125289128759	1	31079	39	9	31128	96331
UNKNOWN	112	G	0.99823310203	C	0.00125289128759	15	39	31073	1	31128	96331
UNKNOWN	113	C	0.997397841172	T	0.00138139295811	9	31047	29	43	31128	96331
UNKNOWN	114	C	0.998072474942	A	0.00128501670522	40	31068	8	12	31128	96331
UNKNOWN	115	A	0.994185299409	G	0.00520431765613	30947	14	162	5	31128	96331
UNKNOWN	116	G	0.998490105371	A	0.000642508352609	20	10	31081	17	31128	96331
UNKNOWN	117	G	0.986700077101	A	0.00973400154202	303	64	30714	47	31128	96331
UNKNOWN	118	C	0.994827807762	T	0.00285916216911	3	30967	69	89	31128	96331
UNKNOWN	119	T	0.993446414803	C	0.00407992803906	4	127	73	30924	31128	96331
UNKNOWN	120	C	0.99810460036	T	0.0010601387818	10	31069	16	33	31128	96331
UNKNOWN	121	C	0.998297352866	G	0.00138139295811	2	31075	43	8	31128	96331
UNKNOWN	122	G	0.980017990234	A	0.0192752505783	600	14	30506	8	31128	96331
UNKNOWN	123	G	0.998265227448	A	0.0010601387818	33	13	31074	8	31128	96331
UNKNOWN	124	G	0.998136725777	A	0.00144564379337	45	8	31070	5	31128	96331
UNKNOWN	125	G	0.987567463377	A	0.0111796453354	348	31	30741	8	31128	96331
UNKNOWN	126	A	0.997462092007	G	0.00202390131072	31049	16	63	0	31128	96331
UNKNOWN	127	A	0.991775893087	G	0.00706759187869	30872	27	220	9	31128	96331
UNKNOWN	128	G	0.998136725777	A	0.00157414546389	49	5	31070	4	31128	96331
UNKNOWN	129	G	0.991904394757	A	0.00562194808533	175	71	30876	6	31128	96331
UNKNOWN	130	C	0.995052685685	G	0.00260215882806	7	30974	81	66	31128	96331
UNKNOWN	131	G	0.985961192496	A	0.0103765098946	323	75	30691	39	31128	96331
UNKNOWN	132	C	0.986250321254	T	0.0109226419943	41	30700	47	340	31128	96331
UNKNOWN	133	T	0.992868157286	C	0.00363017219224	7	113	102	30906	31128	96331
UNKNOWN	134	G	0.982620149062	A	0.0124967874582	389	34	30587	118	31128	96331
UNKNOWN	135	G	0.995855821126	A	0.00237728090465	74	48	30999	7	31128	96331
UNKNOWN	136	A	0.995406065279	G	0.00366229760987	30985	13	114	16	31128	96331
UNKNOWN	137	G	0.970669493703	A	0.0233230531997	726	126	30215	61	31128	96331
UNKNOWN	138	T	0.99620920072	G	0.00240940632228	9	34	75	31010	31128	96331
UNKNOWN	139	G	0.99823310203	T	0.00077101002313	21	10	31073	24	31128	96331
UNKNOWN	140	G	0.994345926497	T	0.00266640966333	21	72	30952	83	31128	96331
UNKNOWN	141	G	0.932375995888	A	0.0528463120021	1645	382	29023	78	31128	96331
UNKNOWN	142	T	0.99755846826	C	0.00173477255204	4	54	18	31052	31128	96331
UNKNOWN	143	T	0.977480082241	G	0.0106977640709	45	323	333	30427	31128	96331
UNKNOWN	144	G	0.995823695708	A	0.00388717553328	121	2	30998	7	31128	96331
UNKNOWN	145	G	0.98644307376	C	0.010954767412	18	341	30706	63	31128	96331
UNKNOWN	146	T	0.965240298124	G	0.0127537907993	385	300	397	30046	31128	96331
UNKNOWN	147	G	0.830217167823	A	0.150957337445	4699	153	25843	433	31128	96331
UNKNOWN	148	G	0.806604985865	A	0.127409406322	3966	1178	25108	876	31128	96331
UNKNOWN	149	T	0.939957594449	G	0.0288486250321	483	488	898	29259	31128	96331
UNKNOWN	150	A	0.934432022616	G	0.057632999229	29087	94	1794	153	31128	96331
UNKNOWN	151	T	0.989848368029	C	0.00472243639167	84	147	85	30812	31128	96331
UNKNOWN	152	A	0.922192238499	G	0.0377473657158	28706	429	1175	818	31128	96331
UNKNOWN	153	A	0.878341043434	G	0.101612695965	27341	475	3163	149	31128	96331
UNKNOWN	154	G	0.848849910049	A	0.0875417630429	2725	1713	26423	267	31128	96331
UNKNOWN	155	T	0.944647905423	C	0.0207851452069	433	647	643	29405	31128	96331
UNKNOWN	156	A	0.786108969417	G	0.181476484194	24470	696	5649	313	31128	96331
UNKNOWN	157	G	0.853186841429	A	0.0610061680802	1899	1823	26558	848	31128	96331
UNKNOWN	158	T	0.955827550758	G	0.018600616808	424	372	579	29753	31128	96331
UNKNOWN	159	G	0.760537136983	A	0.184046517605	5729	1051	23674	674	31128	96331
UNKNOWN	160	G	0.802139552814	A	0.118253662298	3681	1930	24969	548	31128	96331
UNKNOWN	161	T	0.967103572346	G	0.0133641737343	216	392	416	30104	31128	96331
UNKNOWN	162	G	0.990940632228	A	0.00790285273709	246	21	30846	15	31128	96331
UNKNOWN	163	G	0.983583911591	A	0.00925212027756	288	161	30617	62	31128	96331
UNKNOWN	164	A	0.959104343356	G	0.0305512721665	29855	158	951	164	31128	96331
UNKNOWN	165	A	0.925790285274	G	0.0596890259573	28818	277	1858	175	31128	96331
UNKNOWN	166	G	0.763878180416	A	0.124485993318	3875	2216	23778	1259	31128	96331
UNKNOWN	167	C	0.888139295811	G	0.046421228476	990	27646	1445	1047	31128	96331
UNKNOWN	168	A	0.972693395014	G	0.0165767154973	30278	241	516	93	31128	96331
UNKNOWN	169	C	0.970348239527	T	0.017733230532	231	30205	140	552	31128	96331
UNKNOWN	170	A	0.97966461064	G	0.0115972757646	30495	106	361	166	31128	96331
UNKNOWN	171	T	0.979311231046	G	0.0119827807762	100	171	373	30484	31128	96331
UNKNOWN	172	G	0.973689282961	A	0.0195001285017	607	127	30309	85	31128	96331
UNKNOWN	173	C	0.983134155744	T	0.0115008995117	35	30603	132	358	31128	96331
UNKNOWN	174	C	0.97532767926	T	0.0197571318427	88	30360	65	615	31128	96331
UNKNOWN	175	T	0.963473400154	A	0.0167373425855	521	336	280	29991	31128	96331
UNKNOWN	176	T	0.963826779748	C	0.017476227191	296	544	286	30002	31128	96331
UNKNOWN	177	A	0.988691852994	G	0.00645720894372	30776	137	201	14	31128	96331
UNKNOWN	178	A	0.989751991776	G	0.00600745309689	30809	119	187	13	31128	96331
UNKNOWN	179	C	0.893022359291	T	0.0930673348754	46	27798	387	2897	31128	96331
UNKNOWN	180	C	0.937066306862	T	0.0374261115395	155	29169	639	1165	31128	96331
UNKNOWN	181	C	0.986828578772	A	0.00706759187869	220	30718	76	114	31128	96331
UNKNOWN	182	A	0.983005654074	G	0.00970187612439	30599	173	302	54	31128	96331
UNKNOWN	183	G	0.975713184271	A	0.0150025700334	467	161	30372	128	31128	96331
UNKNOWN	184	C	0.980692624004	T	0.00944487278335	114	30527	193	294	31128	96331
UNKNOWN	185	C	0.998297352866	T	0.0007388846055	16	31075	14	23	31128	96331
UNKNOWN	186	C	0.994056797738	T	0.00414417887433	13	30943	43	129	31128	96331
UNKNOWN	187	T	0.992611153945	A	0.00324466718067	101	33	96	30898	31128	96331
UNKNOWN	188	G	0.981752762786	A	0.0129465433051	403	44	30560	121	31128	96331
UNKNOWN	189	A	0.985029555384	G	0.0103765098946	30662	117	323	26	31128	96331
UNKNOWN	190	A	0.993125160627	C	0.00346954510409	30914	108	66	40	31128	96331
UNKNOWN	191	A	0.989687740941	G	0.00353379593935	30807	108	110	103	31128	96331
UNKNOWN	192	T	0.9877923413	C	0.00867386276022	54	270	56	30748	31128	96331
UNKNOWN	193	C	0.996851709072	T	0.00167052171678	35	31030	11	52	31128	96331
UNKNOWN	194	C	0.991743767669	T	0.0054934464148	29	30871	57	171	31128	96331
UNKNOWN	195	C	0.995887946543	G	0.00279491133385	19	31000	87	22	31128	96331
UNKNOWN	196	G	0.997751220766	A	0.00112438961707	35	21	31058	14	31128	96331
UNKNOWN	197	G	0.939636340272	A	0.0440439475713	1371	352	29249	156	31128	96331
UNKNOWN	198	C	0.984354921614	T	0.00780647648419	54	30641	190	243	31128	96331
UNKNOWN	199	T	0.993639167309	C	0.00446543305063	19	139	40	30930	31128	96331
UNKNOWN	200	C	0.992579028527	A	0.00363017219224	113	30897	28	90	31128	96331
UNKNOWN	201	A	0.990458750964	G	0.00819198149576	30831	37	255	5	31128	96331
UNKNOWN	202	G	0.977512207659	C	0.0147455666924	152	459	30428	89	31128	96331
UNKNOWN	203	C	0.956148804934	T	0.030165767155	279	29763	147	939	31128	96331
UNKNOWN	204	A	0.980178617322	G	0.0149704446158	30511	53	466	98	31128	96331
UNKNOWN	205	T	0.994281675662	C	0.00414417887433	26	129	23	30950	31128	96331
UNKNOWN	206	C	0.986218195837	T	0.00777435106656	163	30699	24	242	31128	96331
UNKNOWN	207	A	0.98657157543	G	0.00828835774865	30710	106	258	54	31128	96331
UNKNOWN	208	C	0.988980981753	G	0.00571832433822	46	30785	178	119	31128	96331
UNKNOWN	209	C	0.969127473657	T	0.0141030583398	204	30167	318	439	31128	96331
UNKNOWN	210	A	0.991904394757	G	0.0047545618093	30876	98	148	6	31128	96331
UNKNOWN	211	A	0.98265227448	G	0.0146491904395	30588	50	456	34	31128	96331
UNKNOWN	212	G	0.986057568748	A	0.0119506553585	372	39	30694	23	31128	96331
UNKNOWN	213	G	0.991069133899	A	0.00655358519661	204	33	30850	41	31128	96331
UNKNOWN	214	A	0.991840143922	C	0.00459393472115	30874	143	76	35	31128	96331
UNKNOWN	215	C	0.984033667438	T	0.00899511693652	113	30631	104	280	31128	96331
UNKNOWN	216	A	0.985029555384	G	0.00950912361861	30662	88	296	82	31128	96331
UNKNOWN	217	A	0.980756874839	G	0.0117257774351	30529	189	365	45	31128	96331
UNKNOWN	218	C	0.972500642508	T	0.021909534824	11	30272	163	682	31128	96331
UNKNOWN	219	T	0.99065150347	C	0.00510794140324	60	159	72	30837	31128	96331
UNKNOWN	220	C	0.994956309432	T	0.00321254176304	51	30971	6	100	31128	96331
UNKNOWN	221	C	0.990201747623	A	0.004433307633	138	30823	46	121	31128	96331
UNKNOWN	222	A	0.984483423285	C	0.00751734772552	30645	234	232	17	31128	96331
UNKNOWN	223	A	0.976869699306	G	0.021299151889	30408	25	663	32	31128	96331
UNKNOWN	224	G	0.987053456695	A	0.00822410691339	256	129	30725	18	31128	96331
UNKNOWN	225	A	0.987856592136	G	0.00957337445387	30750	66	298	14	31128	96331
UNKNOWN	226	G	0.959682600874	A	0.0321896684657	1002	235	29873	18	31128	96331
UNKNOWN	227	C	0.963312773066	T	0.0253469545104	55	29986	298	789	31128	96331
UNKNOWN	228	C	0.990940632228	A	0.00452968388589	141	30846	122	19	31128	96331
UNKNOWN	229	A	0.993093035209	G	0.00366229760987	30913	40	114	61	31128	96331
UNKNOWN	230	A	0.972500642508	G	0.0245438190696	30272	72	764	20	31128	96331
UNKNOWN	231	G	0.970605242868	A	0.0135890516577	423	244	30213	248	31128	96331
UNKNOWN	232	T	0.992097147263	C	0.00652145977898	16	203	27	30882	31128	96331
UNKNOWN	233	C	0.966461063994	T	0.0181187355436	31	30084	449	564	31128	96331
UNKNOWN	234	T	0.989687740941	C	0.00571832433822	41	178	102	30807	31128	96331
UNKNOWN	235	C	0.99023387304	T	0.0084489848368	39	30824	2	263	31128	96331
UNKNOWN	236	T	0.979246980211	C	0.0121755332819	49	379	218	30482	31128	96331
UNKNOWN	237	C	0.991840143922	T	0.00587895142637	26	30874	45	183	31128	96331
UNKNOWN	238	T	0.993928296068	G	0.00324466718067	15	73	101	30939	31128	96331
UNKNOWN	239	G	0.943491390388	A	0.0373618607042	1163	363	29369	233	31128	96331
UNKNOWN	240	T	0.988113595477	C	0.00478668722693	100	149	121	30758	31128	96331
UNKNOWN	241	C	0.986025443331	T	0.0100552557183	109	30693	13	313	31128	96331
UNKNOWN	242	A	0.971858134156	G	0.0170907221794	30252	207	532	137	31128	96331
UNKNOWN	243	G	0.905197892573	C	0.0513364173734	1086	1598	28177	267	31128	96331
UNKNOWN	244	T	0.993189411462	G	0.00379079928039	31	63	118	30916	31128	96331
UNKNOWN	245	G	0.973368028784	A	0.0179259830378	558	97	30299	174	31128	96331
UNKNOWN	246	A	0.975134926754	G	0.0178296067849	30354	197	555	22	31128	96331
UNKNOWN	247	G	0.926175790285	A	0.0472564893344	1471	645	28830	182	31128	96331
UNKNOWN	248	C	0.960292983809	T	0.0250899511694	260	29892	195	781	31128	96331
UNKNOWN	249	A	0.98033924441	G	0.0177653559496	30516	55	553	4	31128	96331
UNKNOWN	250	G	0.975520431766	A	0.0129465433051	403	327	30366	32	31128	96331
UNKNOWN	251	C	0.984258545361	T	0.00851323567206	69	30638	156	265	31128	96331
UNKNOWN	252	G	0.9877923413	A	0.00668208686713	208	58	30748	114	31128	96331
UNKNOWN	253	T	0.987567463377	C	0.00764584939604	17	238	132	30741	31128	96331
UNKNOWN	254	G	0.962830891802	A	0.0257003341043	800	190	29971	167	31128	96331
UNKNOWN	255	A	0.977672834747	G	0.0152916987921	30433	118	476	101	31128	96331
UNKNOWN	256	C	0.987728090465	A	0.00504369056798	157	30746	70	155	31128	96331
UNKNOWN	257	A	0.963055769725	G	0.0229375481881	29978	208	714	228	31128	96331
UNKNOWN	258	C	0.76044076073	A	0.217264199435	6763	23671	483	211	31128	96331
UNKNOWN	259	C	0.973335903367	T	0.0132677974814	89	30298	328	413	31128	96331
UNKNOWN	260	T	0.956405808276	C	0.0269532253919	86	839	432	29771	31128	96331
UNKNOWN	261	G	0.988017219224	A	0.00822410691339	256	32	30755	85	31128	96331
UNKNOWN	262	A	0.981367257774	G	0.0112760215883	30548	194	351	35	31128	96331
UNKNOWN	263	G	0.951843998972	A	0.0279812387561	871	475	29629	153	31128	96331
UNKNOWN	264	G	0.9894307376	A	0.00761372397841	237	22	30799	70	31128	96331
UNKNOWN	265	A	0.987760215883	C	0.00758159856078	30747	236	98	47	31128	96331
UNKNOWN	266	C	0.973978411719	T	0.0125610382935	277	30318	142	391	31128	96331
UNKNOWN	267	A	0.964115908507	G	0.0161590850681	30011	122	503	492	31128	96331
UNKNOWN	268	C	0.988145720894	G	0.00533281932665	125	30759	166	78	31128	96331
UNKNOWN	269	G	0.904426882549	A	0.0872847597019	2717	168	28153	90	31128	96331
UNKNOWN	270	G	0.989976869699	C	0.00366229760987	101	114	30816	97	31128	96331
UNKNOWN	271	C	0.989237985094	A	0.00481881264456	150	30793	148	37	31128	96331
UNKNOWN	272	C	0.986924955024	A	0.00661783603187	206	30721	81	120	31128	96331
UNKNOWN	273	A	0.986507324595	G	0.00742097147263	30708	115	231	74	31128	96331
UNKNOWN	274	C	0.981206630686	A	0.008866615266	276	30543	87	222	31128	96331
UNKNOWN	275	A	0.959939604215	G	0.0225841685942	29881	238	703	306	31128	96331
UNKNOWN	276	T	0.988627602159	G	0.00497943973272	147	52	155	30774	31128	96331
UNKNOWN	277	A	0.987695965048	C	0.00693909020817	30745	216	92	75	31128	96331
UNKNOWN	278	C	0.950398355179	T	0.0457465947057	71	29584	49	1424	31128	96331
UNKNOWN	279	T	0.979375481881	C	0.00806347982524	192	251	199	30486	31128	96331
UNKNOWN	280	A	0.969705731175	C	0.0122719095348	30185	382	191	370	31128	96331
UNKNOWN	281	C	0.966268311488	T	0.0295232588024	67	30078	64	919	31128	96331
UNKNOWN	282	T	0.983937291185	G	0.0115330249293	93	48	359	30628	31128	96331
