Type	Position	Nucl1	Freq1	Nucl2	Freq2	NumAs	NumCs	NumGs	NumTs	NumAligned	NumNaive
UNKNOWN	0	C	1.0	A	0.0	0	21368	0	0	21368	166016
UNKNOWN	1	A	1.0	C	0.0	21368	0	0	0	21368	166016
UNKNOWN	2	G	1.0	A	0.0	0	0	21368	0	21368	166016
UNKNOWN	3	G	1.0	A	0.0	0	0	21368	0	21368	166016
UNKNOWN	4	T	1.0	A	0.0	0	0	0	21368	21368	166016
UNKNOWN	5	G	1.0	A	0.0	0	0	21368	0	21368	166016
UNKNOWN	6	C	1.0	A	0.0	0	21368	0	0	21368	166016
UNKNOWN	7	A	0.998549232497	G	0.00102957693748	21337	3	22	6	21368	166016
UNKNOWN	8	G	0.991669786597	A	0.00659865219019	141	29	21190	8	21368	166016
UNKNOWN	9	C	0.998174840884	T	0.00126357169599	4	21329	8	27	21368	166016
UNKNOWN	10	T	0.999110819918	C	0.000842381130663	0	18	1	21349	21368	166016
UNKNOWN	11	G	0.996396480719	A	0.00346312242606	74	1	21291	2	21368	166016
UNKNOWN	12	C	0.999110819918	T	0.000561587420442	1	21349	6	12	21368	166016
UNKNOWN	13	G	0.998502433545	A	0.0014039685511	30	0	21336	2	21368	166016
UNKNOWN	14	G	0.94889554474	C	0.0483901160614	46	1034	20276	12	21368	166016
UNKNOWN	15	G	0.999344814676	C	0.000327592661924	5	7	21354	2	21368	166016
UNKNOWN	16	A	0.998455634594	G	0.00121677274429	21335	4	26	3	21368	166016
UNKNOWN	17	G	0.997332459753	A	0.00238674653688	51	2	21311	4	21368	166016
UNKNOWN	18	T	0.998923624111	C	0.00093597903407	2	20	1	21345	21368	166016
UNKNOWN	19	C	0.99943841258	T	0.000233994758517	2	21356	5	5	21368	166016
UNKNOWN	20	G	0.996817671284	A	0.00201235492325	43	8	21300	17	21368	166016
UNKNOWN	21	G	0.987317484088	T	0.00711344065893	13	106	21097	152	21368	166016
UNKNOWN	22	G	0.998315237739	T	0.00102957693748	10	4	21332	22	21368	166016
UNKNOWN	23	C	0.999064020966	T	0.000608386372145	4	21348	3	13	21368	166016
UNKNOWN	24	C	0.994103332085	A	0.00467989517035	100	21242	7	19	21368	166016
UNKNOWN	25	C	0.995226506926	A	0.0040715087982	87	21266	2	13	21368	166016
UNKNOWN	26	C	0.999017222014	A	0.000561587420442	12	21347	2	7	21368	166016
UNKNOWN	27	A	0.997894047173	G	0.00196555597155	21323	1	42	2	21368	166016
UNKNOWN	28	G	0.996536877574	A	0.00229314863347	49	22	21294	3	21368	166016
UNKNOWN	29	C	0.997426057656	T	0.00196555597155	7	21313	6	42	21368	166016
UNKNOWN	30	C	0.999251216773	T	0.000561587420442	3	21352	1	12	21368	166016
UNKNOWN	31	T	0.998128041932	G	0.000795582178959	7	16	17	21328	21368	166016
UNKNOWN	32	G	0.99424372894	A	0.00486709097716	104	0	21245	19	21368	166016
UNKNOWN	33	G	0.997660052415	A	0.00112317484088	24	15	21318	11	21368	166016
UNKNOWN	34	T	0.998221639835	C	0.00121677274429	2	26	10	21330	21368	166016
UNKNOWN	35	G	0.997426057656	A	0.00205915387495	44	3	21313	8	21368	166016
UNKNOWN	36	A	0.997426057656	G	0.00121677274429	21313	21	26	8	21368	166016
UNKNOWN	37	A	0.994898914264	G	0.0040715087982	21259	18	87	4	21368	166016
UNKNOWN	38	G	0.997566454511	T	0.00107637588918	15	14	21316	23	21368	166016
UNKNOWN	39	C	0.997753650318	T	0.00168476226133	5	21320	7	36	21368	166016
UNKNOWN	40	C	0.999298015724	G	0.000467989517035	2	21353	10	3	21368	166016
UNKNOWN	41	G	0.939863347061	C	0.0570011231748	49	1218	20083	18	21368	166016
UNKNOWN	42	T	0.996630475477	C	0.00196555597155	21	42	9	21296	21368	166016
UNKNOWN	43	C	0.998034444028	T	0.00112317484088	17	21326	1	24	21368	166016
UNKNOWN	44	A	0.996770872332	G	0.00191875701984	21299	15	41	13	21368	166016
UNKNOWN	45	C	0.997847248222	A	0.00145076750281	31	21322	4	11	21368	166016
UNKNOWN	46	A	0.998502433545	G	0.00126357169599	21336	5	27	0	21368	166016
UNKNOWN	47	G	0.996817671284	A	0.00299513290902	64	4	21300	0	21368	166016
UNKNOWN	48	A	0.997660052415	G	0.00126357169599	21318	15	27	8	21368	166016
UNKNOWN	49	C	0.994945713216	T	0.00393111194309	9	21260	15	84	21368	166016
UNKNOWN	50	C	0.996490078622	T	0.00182515911644	19	21293	17	39	21368	166016
UNKNOWN	51	C	0.999064020966	T	0.000701984275552	3	21348	2	15	21368	166016
UNKNOWN	52	T	0.997004867091	C	0.00257394234369	8	55	1	21304	21368	166016
UNKNOWN	53	C	0.996958068139	A	0.0013571695994	29	21303	19	17	21368	166016
UNKNOWN	54	T	0.996536877574	C	0.00252714339199	9	54	11	21294	21368	166016
UNKNOWN	55	C	0.997894047173	A	0.00116997379259	25	21323	10	10	21368	166016
UNKNOWN	56	G	0.952733058779	C	0.0432890303257	78	925	20358	7	21368	166016
UNKNOWN	57	C	0.998174840884	T	0.00121677274429	10	21329	3	26	21368	166016
UNKNOWN	58	T	0.997613253463	C	0.00224634968177	2	48	1	21317	21368	166016
UNKNOWN	59	C	0.997706851367	A	0.00201235492325	43	21319	2	4	21368	166016
UNKNOWN	60	A	0.997051666043	G	0.00201235492325	21305	16	43	4	21368	166016
UNKNOWN	61	C	0.998876825159	T	0.000561587420442	11	21344	1	12	21368	166016
UNKNOWN	62	C	0.99588169225	T	0.00177836016473	25	21280	25	38	21368	166016
UNKNOWN	63	T	0.998596031449	C	0.000655185323849	4	14	12	21338	21368	166016
UNKNOWN	64	G	0.998923624111	C	0.000608386372145	4	13	21345	6	21368	166016
UNKNOWN	65	C	0.997753650318	T	0.00121677274429	22	21320	0	26	21368	166016
UNKNOWN	66	A	0.996068888057	G	0.00252714339199	21284	14	54	16	21368	166016
UNKNOWN	67	C	0.99560089854	A	0.00191875701984	41	21274	15	38	21368	166016
UNKNOWN	68	G	0.998034444028	T	0.000748783227256	15	11	21326	16	21368	166016
UNKNOWN	69	G	0.990031823287	A	0.00898539872707	192	15	21155	6	21368	166016
UNKNOWN	70	C	0.94945713216	T	0.0489985024335	13	20288	20	1047	21368	166016
UNKNOWN	71	C	0.990499812804	T	0.00552227630101	30	21165	55	118	21368	166016
UNKNOWN	72	T	0.997098464994	C	0.00233994758517	1	50	11	21306	21368	166016
UNKNOWN	73	C	0.998736428304	T	0.00107637588918	4	21341	0	23	21368	166016
UNKNOWN	74	T	0.996302882815	C	0.00182515911644	6	39	34	21289	21368	166016
UNKNOWN	75	G	0.995834893298	A	0.00374391613628	80	2	21279	7	21368	166016
UNKNOWN	76	G	0.993307749906	A	0.00561587420442	120	17	21225	6	21368	166016
UNKNOWN	77	A	0.99560089854	G	0.00191875701984	21274	16	41	37	21368	166016
UNKNOWN	78	T	0.994103332085	C	0.0026675402471	28	57	41	21242	21368	166016
UNKNOWN	79	T	0.995928491202	C	0.00318232871584	5	68	14	21281	21368	166016
UNKNOWN	80	C	0.990827405466	G	0.0040715087982	26	21172	87	83	21368	166016
UNKNOWN	81	T	0.997051666043	C	0.00196555597155	3	42	18	21305	21368	166016
UNKNOWN	82	C	0.997472856608	A	0.00168476226133	36	21314	2	16	21368	166016
UNKNOWN	83	A	0.996349681767	G	0.00224634968177	21290	13	48	17	21368	166016
UNKNOWN	84	T	0.996583676526	C	0.00219955073006	6	47	20	21295	21368	166016
UNKNOWN	85	T	0.996490078622	C	0.00191875701984	15	41	19	21293	21368	166016
UNKNOWN	86	A	0.967708723325	G	0.0278921752153	20678	61	596	33	21368	166016
UNKNOWN	87	A	0.991856982404	G	0.00716023961063	21194	16	153	5	21368	166016
UNKNOWN	88	G	0.978378884313	A	0.0159584425309	341	112	20906	9	21368	166016
UNKNOWN	89	C	0.980672032946	T	0.0122145263946	66	20955	86	261	21368	166016
UNKNOWN	90	G	0.973464994384	A	0.0232590789966	497	54	20801	16	21368	166016
UNKNOWN	91	A	0.984415949083	G	0.0132909022838	21035	38	284	11	21368	166016
UNKNOWN	92	C	0.983620366904	T	0.00781542493448	56	21018	127	167	21368	166016
UNKNOWN	93	A	0.97500935979	T	0.0134312991389	20834	40	207	287	21368	166016
UNKNOWN	94	A	0.992324971921	G	0.00514788468738	21204	29	110	25	21368	166016
UNKNOWN	95	G	0.966538749532	T	0.0241014601273	168	32	20653	515	21368	166016
UNKNOWN	96	G	0.963871209285	A	0.0293429427181	627	76	20596	69	21368	166016
UNKNOWN	97	C	0.981374017222	T	0.008049419693	151	20970	75	172	21368	166016
UNKNOWN	98	T	0.994009734182	G	0.00332272557095	6	51	71	21240	21368	166016
UNKNOWN	99	G	0.988721452639	A	0.00837701235492	179	6	21127	56	21368	166016
UNKNOWN	100	T	0.998128041932	C	0.00102957693748	15	22	3	21328	21368	166016
UNKNOWN	101	A	0.990733807563	G	0.00650505428678	21170	32	139	27	21368	166016
UNKNOWN	102	G	0.983433171097	A	0.00903219767877	193	148	21014	13	21368	166016
UNKNOWN	103	G	0.984181954324	A	0.0107169599401	229	66	21030	43	21368	166016
UNKNOWN	104	C	0.982216398353	T	0.00692624485212	112	20988	120	148	21368	166016
UNKNOWN	105	T	0.997940846125	C	0.00102957693748	0	22	22	21324	21368	166016
UNKNOWN	106	G	0.998830026207	T	0.000608386372145	10	2	21343	13	21368	166016
UNKNOWN	107	G	0.998736428304	A	0.000701984275552	15	3	21341	9	21368	166016
UNKNOWN	108	G	0.985679520779	A	0.0112317484088	240	35	21062	31	21368	166016
UNKNOWN	109	T	0.996911269188	C	0.00238674653688	3	51	12	21302	21368	166016
UNKNOWN	110	C	0.99424372894	G	0.00439910146013	10	21245	94	19	21368	166016
UNKNOWN	111	C	0.997753650318	G	0.00107637588918	16	21320	23	9	21368	166016
UNKNOWN	112	G	0.998502433545	C	0.00102957693748	7	22	21336	3	21368	166016
UNKNOWN	113	C	0.998221639835	A	0.00093597903407	20	21330	7	11	21368	166016
UNKNOWN	114	C	0.996677274429	A	0.00276113815051	59	21297	5	7	21368	166016
UNKNOWN	115	A	0.995694496443	G	0.0039779108948	21276	5	85	2	21368	166016
UNKNOWN	116	G	0.998174840884	A	0.00093597903407	20	12	21329	7	21368	166016
UNKNOWN	117	G	0.978051291651	A	0.0192811681018	412	32	20899	25	21368	166016
UNKNOWN	118	C	0.994618120554	T	0.00285473605391	27	21253	27	61	21368	166016
UNKNOWN	119	T	0.995507300636	C	0.00350992137776	7	75	14	21272	21368	166016
UNKNOWN	120	C	0.993073755148	A	0.00294833395732	63	21220	51	34	21368	166016
UNKNOWN	121	C	0.997004867091	A	0.00196555597155	42	21304	6	16	21368	166016
UNKNOWN	122	A	0.994477723699	G	0.00491388992887	21250	5	105	8	21368	166016
UNKNOWN	123	G	0.996536877574	A	0.00163796330962	35	23	21294	16	21368	166016
UNKNOWN	124	G	0.995086110071	A	0.00332272557095	71	16	21263	18	21368	166016
UNKNOWN	125	A	0.96345001872	G	0.0307469112692	20587	55	657	69	21368	166016
UNKNOWN	126	A	0.997098464994	G	0.0013103706477	21306	27	28	7	21368	166016
UNKNOWN	127	A	0.990874204418	G	0.00645825533508	21173	39	138	18	21368	166016
UNKNOWN	128	G	0.982497192063	T	0.00758143017596	80	132	20994	162	21368	166016
UNKNOWN	129	G	0.986989891426	A	0.00622426057656	133	72	21090	73	21368	166016
UNKNOWN	130	C	0.996022089105	G	0.00177836016473	26	21283	38	21	21368	166016
UNKNOWN	131	G	0.987504679895	A	0.0093597903407	200	48	21101	19	21368	166016
UNKNOWN	132	C	0.993635342568	T	0.0039779108948	32	21232	19	85	21368	166016
UNKNOWN	133	T	0.996209284912	G	0.00215275177836	9	26	46	21287	21368	166016
UNKNOWN	134	G	0.988768251591	A	0.00879820292025	188	12	21128	40	21368	166016
UNKNOWN	135	G	0.997051666043	A	0.00168476226133	36	21	21305	6	21368	166016
UNKNOWN	136	A	0.991154998128	G	0.00594346686634	21179	40	127	22	21368	166016
UNKNOWN	137	G	0.986615499813	A	0.0112317484088	240	8	21082	38	21368	166016
UNKNOWN	138	T	0.997004867091	G	0.00205915387495	2	18	44	21304	21368	166016
UNKNOWN	139	G	0.99808124298	T	0.00149756645451	7	2	21327	32	21368	166016
UNKNOWN	140	G	0.990312616997	C	0.00706664170723	29	151	21161	27	21368	166016
UNKNOWN	141	C	0.983713964807	G	0.00992137776114	87	21020	212	49	21368	166016
UNKNOWN	142	T	0.995273305878	C	0.00322912766754	6	69	26	21267	21368	166016
UNKNOWN	143	C	0.988955447398	T	0.0067390490453	32	21132	60	144	21368	166016
UNKNOWN	144	G	0.99616248596	A	0.00262074129539	56	6	21286	20	21368	166016
UNKNOWN	145	G	0.99588169225	T	0.00210595282666	14	29	21280	45	21368	166016
UNKNOWN	146	T	0.984275552228	C	0.00701984275552	71	150	115	21032	21368	166016
UNKNOWN	147	A	0.611428304006	G	0.379960688881	13065	68	8119	116	21368	166016
UNKNOWN	148	G	0.918663421939	A	0.0535380007488	1144	444	19630	150	21368	166016
UNKNOWN	149	T	0.987036690378	C	0.00580307001123	94	124	59	21091	21368	166016
UNKNOWN	150	A	0.95137588918	G	0.0420254586297	20329	37	898	104	21368	166016
UNKNOWN	151	T	0.99204417821	C	0.00379071508798	39	81	50	21198	21368	166016
UNKNOWN	152	A	0.977630101086	G	0.0102489704231	20890	165	219	94	21368	166016
UNKNOWN	153	G	0.970423062523	A	0.0175028079371	374	167	20736	91	21368	166016
UNKNOWN	154	A	0.983667165855	G	0.0107637588918	21019	94	230	25	21368	166016
UNKNOWN	155	C	0.967755522276	T	0.0217147135904	144	20679	81	464	21368	166016
UNKNOWN	156	A	0.964900786222	G	0.0254586297267	20618	153	544	53	21368	166016
UNKNOWN	157	C	0.935885436166	G	0.0316360913516	225	19998	676	469	21368	166016
UNKNOWN	158	T	0.990078622239	G	0.0066922500936	17	52	143	21156	21368	166016
UNKNOWN	159	G	0.93625982778	A	0.0524148259079	1120	155	20006	87	21368	166016
UNKNOWN	160	G	0.937242605766	A	0.0376731561213	805	424	20027	112	21368	166016
UNKNOWN	161	T	0.988861849495	G	0.00477349307376	47	89	102	21130	21368	166016
UNKNOWN	162	G	0.991342193935	A	0.00496068888057	106	11	21183	68	21368	166016
UNKNOWN	163	G	0.980625233995	A	0.0144608760764	309	71	20954	34	21368	166016
UNKNOWN	164	A	0.983854361662	G	0.0112785473605	21023	60	241	44	21368	166016
UNKNOWN	165	A	0.980250842381	G	0.0119337326844	20946	121	255	46	21368	166016
UNKNOWN	166	G	0.812242605766	A	0.145685136653	3113	578	17356	321	21368	166016
UNKNOWN	167	C	0.937055409959	T	0.0396387120928	297	20023	201	847	21368	166016
UNKNOWN	168	A	0.984462748034	G	0.00865780606514	21036	102	185	45	21368	166016
UNKNOWN	169	C	0.97912766754	T	0.00978098090603	176	20922	61	209	21368	166016
UNKNOWN	170	A	0.986007113441	G	0.00879820292025	21069	63	188	48	21368	166016
UNKNOWN	171	G	0.983479970049	A	0.00996817671284	213	61	21015	79	21368	166016
UNKNOWN	172	G	0.912719955073	A	0.0629445900412	1345	310	19503	210	21368	166016
UNKNOWN	173	C	0.979595657057	T	0.0109509546986	82	20932	120	234	21368	166016
UNKNOWN	174	T	0.992980157244	C	0.00252714339199	47	54	49	21218	21368	166016
UNKNOWN	175	A	0.994524522651	T	0.00336952452265	21251	14	31	72	21368	166016
UNKNOWN	176	T	0.988815050543	C	0.00776862598278	54	166	19	21129	21368	166016
UNKNOWN	177	A	0.991856982404	G	0.00322912766754	21194	66	69	39	21368	166016
UNKNOWN	178	A	0.992933358293	G	0.00355672032946	21217	69	76	6	21368	166016
UNKNOWN	179	C	0.898539872707	T	0.0610258330213	596	19200	268	1304	21368	166016
UNKNOWN	180	C	0.962701235492	T	0.0164732309996	240	20571	205	352	21368	166016
UNKNOWN	181	C	0.986755896668	A	0.00687944590041	147	21085	25	111	21368	166016
UNKNOWN	182	A	0.989517034818	G	0.00683264694871	21144	54	146	24	21368	166016
UNKNOWN	183	G	0.991435791838	A	0.00486709097716	104	27	21185	52	21368	166016
UNKNOWN	184	G	0.966023961063	C	0.0185323848746	287	396	20642	43	21368	166016
UNKNOWN	185	C	0.981420816174	G	0.0080962186447	166	20971	173	58	21368	166016
UNKNOWN	186	C	0.992090977162	A	0.00369711718458	79	21199	28	62	21368	166016
UNKNOWN	187	T	0.996209284912	G	0.00238674653688	14	16	51	21287	21368	166016
UNKNOWN	188	G	0.98516473231	A	0.0106701609884	228	51	21051	38	21368	166016
UNKNOWN	189	A	0.991669786597	G	0.00369711718458	21190	78	79	21	21368	166016
UNKNOWN	190	A	0.988534256833	C	0.00510108573568	21123	109	98	38	21368	166016
UNKNOWN	191	A	0.988113066267	C	0.00439910146013	21114	94	88	72	21368	166016
UNKNOWN	192	T	0.991295394983	C	0.00360351928117	45	77	64	21182	21368	166016
UNKNOWN	193	C	0.974681767128	A	0.0111381505054	238	20827	104	199	21368	166016
UNKNOWN	194	C	0.95521340322	A	0.0235866716586	504	20411	179	274	21368	166016
UNKNOWN	195	C	0.983479970049	A	0.0103893672782	222	21015	83	48	21368	166016
UNKNOWN	196	G	0.990359415949	T	0.00439910146013	78	34	21162	94	21368	166016
UNKNOWN	197	G	0.942390490453	A	0.0443186072632	947	130	20137	154	21368	166016
UNKNOWN	198	C	0.988861849495	A	0.0053818794459	115	21130	59	64	21368	166016
UNKNOWN	199	T	0.992839760389	C	0.00514788468738	19	110	24	21215	21368	166016
UNKNOWN	200	C	0.99120179708	A	0.00425870460502	91	21180	46	51	21368	166016
UNKNOWN	201	A	0.989610632722	G	0.00575627105953	21146	69	123	30	21368	166016
UNKNOWN	202	G	0.976834518907	C	0.013103706477	78	280	20873	137	21368	166016
UNKNOWN	203	C	0.958629726694	T	0.0324316735305	130	20484	61	693	21368	166016
UNKNOWN	204	A	0.987738674654	G	0.00823661549981	21106	31	176	55	21368	166016
UNKNOWN	205	T	0.991950580307	C	0.00416510670161	43	89	40	21196	21368	166016
UNKNOWN	206	C	0.984556345938	T	0.00814301759641	144	21038	12	174	21368	166016
UNKNOWN	207	A	0.985585922875	G	0.00861100711344	21060	97	184	27	21368	166016
UNKNOWN	208	C	0.981467615125	A	0.00851740921003	182	20972	95	119	21368	166016
UNKNOWN	209	C	0.960595282666	G	0.0152564582553	233	20526	326	283	21368	166016
UNKNOWN	210	A	0.990265818046	C	0.00482029202546	21160	103	84	21	21368	166016
UNKNOWN	211	A	0.986896293523	G	0.00898539872707	21088	66	192	22	21368	166016
UNKNOWN	212	G	0.981093223512	A	0.0108105578435	231	118	20964	55	21368	166016
UNKNOWN	213	G	0.983292774242	A	0.00917259453388	196	89	21011	72	21368	166016
UNKNOWN	214	A	0.98928304006	C	0.00430550355672	21139	92	78	59	21368	166016
UNKNOWN	215	C	0.983526769	T	0.00828341445152	118	21016	57	177	21368	166016
UNKNOWN	216	A	0.988627854736	G	0.00772182703107	21125	49	165	29	21368	166016
UNKNOWN	217	A	0.985024335455	G	0.00889180082366	21048	86	190	44	21368	166016
UNKNOWN	218	C	0.971639835268	T	0.0177836016473	80	20762	146	380	21368	166016
UNKNOWN	219	T	0.989985024335	C	0.00444590041183	63	95	56	21154	21368	166016
UNKNOWN	220	C	0.989095844253	A	0.0066922500936	143	21135	6	84	21368	166016
UNKNOWN	221	C	0.986615499813	A	0.00706664170723	151	21082	38	97	21368	166016
UNKNOWN	222	A	0.993214152003	G	0.00332272557095	21223	69	71	5	21368	166016
UNKNOWN	223	A	0.988955447398	G	0.00847061025833	21132	21	181	34	21368	166016
UNKNOWN	224	G	0.978612879072	A	0.0108573567952	232	182	20911	43	21368	166016
UNKNOWN	225	A	0.983339573194	G	0.0105297641333	21012	85	225	46	21368	166016
UNKNOWN	226	G	0.957366154998	A	0.0319168850618	682	169	20457	60	21368	166016
UNKNOWN	227	C	0.968878697117	T	0.0262074129539	72	20703	33	560	21368	166016
UNKNOWN	228	C	0.989470235867	A	0.00636465743167	136	21143	79	10	21368	166016
UNKNOWN	229	A	0.994852115313	G	0.00224634968177	21258	19	48	43	21368	166016
UNKNOWN	230	A	0.979548858106	G	0.0174560089854	20931	47	373	17	21368	166016
UNKNOWN	231	G	0.976319730438	A	0.0152564582553	326	98	20862	82	21368	166016
UNKNOWN	232	T	0.99424372894	C	0.00439910146013	7	94	22	21245	21368	166016
UNKNOWN	233	C	0.97224822164	T	0.0131505054287	40	20775	272	281	21368	166016
UNKNOWN	234	T	0.993728940472	C	0.0040715087982	10	87	37	21234	21368	166016
UNKNOWN	235	C	0.990593410708	T	0.00631785847997	58	21167	8	135	21368	166016
UNKNOWN	236	T	0.987317484088	C	0.00706664170723	23	151	97	21097	21368	166016
UNKNOWN	237	C	0.99396293523	T	0.00374391613628	29	21239	20	80	21368	166016
UNKNOWN	238	T	0.995788094347	G	0.00224634968177	6	36	48	21278	21368	166016
UNKNOWN	239	G	0.961063272183	A	0.0278453762636	595	106	20536	131	21368	166016
UNKNOWN	240	T	0.987925870461	G	0.00547547734931	68	73	117	21110	21368	166016
UNKNOWN	241	C	0.985258330213	T	0.0105297641333	78	21053	12	225	21368	166016
UNKNOWN	242	A	0.982076001498	G	0.00973418195432	20985	120	208	55	21368	166016
UNKNOWN	243	G	0.922734930738	A	0.0380943466866	814	684	19717	153	21368	166016
UNKNOWN	244	T	0.995460501685	G	0.00257394234369	18	24	55	21271	21368	166016
UNKNOWN	245	G	0.969674279296	A	0.023680269562	506	59	20720	83	21368	166016
UNKNOWN	246	A	0.982497192063	G	0.0128229127668	20994	68	274	32	21368	166016
UNKNOWN	247	G	0.94229689255	A	0.039451516286	843	277	20135	113	21368	166016
UNKNOWN	248	C	0.964058405092	T	0.0264882066642	123	20600	79	566	21368	166016
UNKNOWN	249	A	0.989049045301	G	0.00833021340322	21134	46	178	10	21368	166016
UNKNOWN	250	G	0.989470235867	C	0.00594346686634	75	127	21143	23	21368	166016
UNKNOWN	251	C	0.986381505054	T	0.00893859977537	31	21077	69	191	21368	166016
UNKNOWN	252	G	0.986896293523	A	0.00837701235492	179	29	21088	72	21368	166016
UNKNOWN	253	T	0.993541744665	C	0.00318232871584	13	68	57	21230	21368	166016
UNKNOWN	254	G	0.956851366529	A	0.0331804567578	709	81	20446	132	21368	166016
UNKNOWN	255	A	0.98460314489	G	0.0102489704231	21039	62	219	48	21368	166016
UNKNOWN	256	C	0.989329839012	A	0.00477349307376	102	21140	48	78	21368	166016
UNKNOWN	257	A	0.973792587046	G	0.0181111943092	20808	93	387	80	21368	166016
UNKNOWN	258	A	0.819262448521	C	0.162766754025	17506	3478	298	86	21368	166016
UNKNOWN	259	C	0.95549419693	G	0.0219019093972	123	20417	468	360	21368	166016
UNKNOWN	260	T	0.98076563085	G	0.0103893672782	103	86	222	20957	21368	166016
UNKNOWN	261	G	0.99340134781	A	0.00411830774991	88	23	21227	30	21368	166016
UNKNOWN	262	A	0.99340134781	G	0.00500748783227	21227	24	107	10	21368	166016
UNKNOWN	263	G	0.96237364283	A	0.0220423062523	471	253	20564	80	21368	166016
UNKNOWN	264	G	0.992839760389	A	0.00458629726694	98	15	21215	40	21368	166016
UNKNOWN	265	A	0.994337326844	C	0.00304193186073	21247	65	29	27	21368	166016
UNKNOWN	266	C	0.981608011981	T	0.0112785473605	64	20975	88	241	21368	166016
UNKNOWN	267	T	0.806299138899	A	0.187476600524	4006	59	74	17229	21368	166016
UNKNOWN	268	C	0.994009734182	G	0.00304193186073	37	21240	65	26	21368	166016
UNKNOWN	269	G	0.964479595657	A	0.0314956944964	673	32	20609	54	21368	166016
UNKNOWN	270	G	0.993822538375	C	0.00294833395732	36	63	21236	33	21368	166016
UNKNOWN	271	C	0.991810183452	A	0.00365031823287	78	21193	70	27	21368	166016
UNKNOWN	272	C	0.993354548858	A	0.00425870460502	91	21226	15	36	21368	166016
UNKNOWN	273	A	0.99148259079	G	0.00322912766754	21186	61	69	52	21368	166016
UNKNOWN	274	C	0.987832272557	T	0.00589666791464	98	21108	36	126	21368	166016
UNKNOWN	275	A	0.978753275927	G	0.0116997379259	20914	81	250	123	21368	166016
UNKNOWN	276	T	0.994852115313	A	0.00299513290902	64	28	18	21258	21368	166016
UNKNOWN	277	A	0.994290527892	C	0.00299513290902	21246	64	23	35	21368	166016
UNKNOWN	278	C	0.954043429427	T	0.044037813553	28	20386	13	941	21368	166016
UNKNOWN	279	T	0.98572631973	C	0.00879820292025	78	188	39	21063	21368	166016
UNKNOWN	280	A	0.984696742793	T	0.00921939348559	21041	90	40	197	21368	166016
UNKNOWN	281	C	0.967427929614	T	0.0307937102209	9	20672	29	658	21368	166016
UNKNOWN	282	T	0.993916136279	G	0.00421190565331	22	18	90	21238	21368	166016
UNKNOWN	283	G	0.994571321602	T	0.00304193186073	41	10	21252	65	21368	166016
UNKNOWN	284	T	0.966351553725	C	0.0296237364283	47	633	39	20649	21368	166016
UNKNOWN	285	A	0.701563084987	G	0.263712092849	14991	167	5635	575	21368	166016
UNKNOWN	286	C	0.834659303632	G	0.0770778734556	337	17835	1647	1549	21368	166016
UNKNOWN	287	T	0.670394983152	A	0.222154623736	4747	916	1380	14325	21368	166016
UNKNOWN	288	A	0.920207787346	G	0.0412766754025	19663	348	882	475	21368	166016
UNKNOWN	289	C	0.717381130663	A	0.180175964058	3850	15329	1741	448	21368	166016
UNKNOWN	290	T	0.730063646574	A	0.18874017222	4033	382	1353	15600	21368	166016
