Type	Position	Nucl1	Freq1	Nucl2	Freq2	NumAs	NumCs	NumGs	NumTs	NumAligned	NumNaive
UNKNOWN	0	A	1.0	C	0.0	832	0	0	0	832	166016
UNKNOWN	1	A	1.0	C	0.0	832	0	0	0	832	166016
UNKNOWN	2	G	1.0	A	0.0	0	0	832	0	832	166016
UNKNOWN	3	G	1.0	A	0.0	0	0	832	0	832	166016
UNKNOWN	4	T	1.0	A	0.0	0	0	0	832	832	166016
UNKNOWN	5	G	1.0	A	0.0	0	0	832	0	832	166016
UNKNOWN	6	C	1.0	A	0.0	0	832	0	0	832	166016
UNKNOWN	7	A	1.0	C	0.0	832	0	0	0	832	166016
UNKNOWN	8	G	0.991586538462	A	0.00600961538462	5	2	825	0	832	166016
UNKNOWN	9	C	0.996394230769	T	0.00240384615385	0	829	1	2	832	166016
UNKNOWN	10	T	1.0	A	0.0	0	0	0	832	832	166016
UNKNOWN	11	G	1.0	A	0.0	0	0	832	0	832	166016
UNKNOWN	12	C	1.0	A	0.0	0	832	0	0	832	166016
UNKNOWN	13	A	0.896634615385	G	0.102163461538	746	0	85	1	832	166016
UNKNOWN	14	G	0.957932692308	C	0.0420673076923	0	35	797	0	832	166016
UNKNOWN	15	G	0.998798076923	T	0.00120192307692	0	0	831	1	832	166016
UNKNOWN	16	A	0.997596153846	C	0.00240384615385	830	2	0	0	832	166016
UNKNOWN	17	G	1.0	A	0.0	0	0	832	0	832	166016
UNKNOWN	18	T	1.0	A	0.0	0	0	0	832	832	166016
UNKNOWN	19	C	1.0	A	0.0	0	832	0	0	832	166016
UNKNOWN	20	G	0.997596153846	A	0.00240384615385	2	0	830	0	832	166016
UNKNOWN	21	G	0.997596153846	C	0.00120192307692	0	1	830	1	832	166016
UNKNOWN	22	G	0.998798076923	A	0.00120192307692	1	0	831	0	832	166016
UNKNOWN	23	C	0.936298076923	T	0.0637019230769	0	779	0	53	832	166016
UNKNOWN	24	C	0.991586538462	A	0.00721153846154	6	825	0	1	832	166016
UNKNOWN	25	C	0.995192307692	A	0.00480769230769	4	828	0	0	832	166016
UNKNOWN	26	C	0.998798076923	A	0.00120192307692	1	831	0	0	832	166016
UNKNOWN	27	A	0.998798076923	C	0.00120192307692	831	1	0	0	832	166016
UNKNOWN	28	G	0.996394230769	C	0.00360576923077	0	3	829	0	832	166016
UNKNOWN	29	C	0.997596153846	T	0.00240384615385	0	830	0	2	832	166016
UNKNOWN	30	C	0.998798076923	A	0.00120192307692	1	831	0	0	832	166016
UNKNOWN	31	T	0.996394230769	C	0.00360576923077	0	3	0	829	832	166016
UNKNOWN	32	G	0.995192307692	A	0.00240384615385	2	2	828	0	832	166016
UNKNOWN	33	G	0.998798076923	C	0.00120192307692	0	1	831	0	832	166016
UNKNOWN	34	T	0.998798076923	C	0.00120192307692	0	1	0	831	832	166016
UNKNOWN	35	G	0.997596153846	A	0.00240384615385	2	0	830	0	832	166016
UNKNOWN	36	A	0.996394230769	C	0.00240384615385	829	2	1	0	832	166016
UNKNOWN	37	A	0.997596153846	G	0.00240384615385	830	0	2	0	832	166016
UNKNOWN	38	G	1.0	A	0.0	0	0	832	0	832	166016
UNKNOWN	39	C	0.998798076923	T	0.00120192307692	0	831	0	1	832	166016
UNKNOWN	40	C	0.996394230769	A	0.00240384615385	2	829	1	0	832	166016
UNKNOWN	41	C	0.997596153846	T	0.00240384615385	0	830	0	2	832	166016
UNKNOWN	42	T	0.996394230769	C	0.00240384615385	1	2	0	829	832	166016
UNKNOWN	43	C	0.998798076923	A	0.00120192307692	1	831	0	0	832	166016
UNKNOWN	44	A	0.995192307692	T	0.00240384615385	828	0	2	2	832	166016
UNKNOWN	45	C	0.997596153846	G	0.00240384615385	0	830	2	0	832	166016
UNKNOWN	46	A	1.0	C	0.0	832	0	0	0	832	166016
UNKNOWN	47	G	1.0	A	0.0	0	0	832	0	832	166016
UNKNOWN	48	A	0.998798076923	G	0.00120192307692	831	0	1	0	832	166016
UNKNOWN	49	C	0.995192307692	A	0.00240384615385	2	828	0	2	832	166016
UNKNOWN	50	C	0.992788461538	G	0.00600961538462	0	826	5	1	832	166016
UNKNOWN	51	C	0.990384615385	G	0.00721153846154	0	824	6	2	832	166016
UNKNOWN	52	T	0.997596153846	C	0.00240384615385	0	2	0	830	832	166016
UNKNOWN	53	C	0.997596153846	G	0.00240384615385	0	830	2	0	832	166016
UNKNOWN	54	T	0.992788461538	A	0.00600961538462	5	1	0	826	832	166016
UNKNOWN	55	C	0.996394230769	A	0.00360576923077	3	829	0	0	832	166016
UNKNOWN	56	C	0.991586538462	A	0.00480769230769	4	825	1	2	832	166016
UNKNOWN	57	C	0.996394230769	A	0.00360576923077	3	829	0	0	832	166016
UNKNOWN	58	T	0.996394230769	C	0.00360576923077	0	3	0	829	832	166016
UNKNOWN	59	C	0.996394230769	A	0.00240384615385	2	829	1	0	832	166016
UNKNOWN	60	A	0.992788461538	G	0.00721153846154	826	0	6	0	832	166016
UNKNOWN	61	C	0.996394230769	T	0.00240384615385	1	829	0	2	832	166016
UNKNOWN	62	C	0.997596153846	A	0.00240384615385	2	830	0	0	832	166016
UNKNOWN	63	T	0.998798076923	C	0.00120192307692	0	1	0	831	832	166016
UNKNOWN	64	G	1.0	A	0.0	0	0	832	0	832	166016
UNKNOWN	65	C	0.998798076923	T	0.00120192307692	0	831	0	1	832	166016
UNKNOWN	66	A	0.997596153846	C	0.00120192307692	830	1	0	1	832	166016
UNKNOWN	67	C	1.0	A	0.0	0	832	0	0	832	166016
UNKNOWN	68	G	0.993990384615	C	0.00360576923077	2	3	827	0	832	166016
UNKNOWN	69	A	0.971153846154	G	0.0276442307692	808	0	23	1	832	166016
UNKNOWN	70	C	0.977163461538	T	0.0180288461538	0	813	4	15	832	166016
UNKNOWN	71	C	0.977163461538	G	0.015625	1	813	13	5	832	166016
UNKNOWN	72	T	0.997596153846	C	0.00240384615385	0	2	0	830	832	166016
UNKNOWN	73	C	1.0	A	0.0	0	832	0	0	832	166016
UNKNOWN	74	T	1.0	A	0.0	0	0	0	832	832	166016
UNKNOWN	75	G	0.995192307692	A	0.00360576923077	3	0	828	1	832	166016
UNKNOWN	76	G	0.991586538462	A	0.00721153846154	6	0	825	1	832	166016
UNKNOWN	77	A	0.998798076923	T	0.00120192307692	831	0	0	1	832	166016
UNKNOWN	78	T	0.996394230769	A	0.00120192307692	1	1	1	829	832	166016
UNKNOWN	79	T	1.0	A	0.0	0	0	0	832	832	166016
UNKNOWN	80	C	0.997596153846	G	0.00240384615385	0	830	2	0	832	166016
UNKNOWN	81	T	0.998798076923	C	0.00120192307692	0	1	0	831	832	166016
UNKNOWN	82	C	0.996394230769	A	0.00240384615385	2	829	0	1	832	166016
UNKNOWN	83	A	0.992788461538	C	0.00600961538462	826	5	0	1	832	166016
UNKNOWN	84	T	1.0	A	0.0	0	0	0	832	832	166016
UNKNOWN	85	T	0.998798076923	C	0.00120192307692	0	1	0	831	832	166016
UNKNOWN	86	G	0.980769230769	T	0.015625	3	0	816	13	832	166016
UNKNOWN	87	A	0.996394230769	G	0.00360576923077	829	0	3	0	832	166016
UNKNOWN	88	C	0.954326923077	G	0.0204326923077	8	794	17	13	832	166016
UNKNOWN	89	C	0.990384615385	T	0.00600961538462	3	824	0	5	832	166016
UNKNOWN	90	A	0.987980769231	G	0.0120192307692	822	0	10	0	832	166016
UNKNOWN	91	G	0.941105769231	A	0.0300480769231	25	19	783	5	832	166016
UNKNOWN	92	C	0.980769230769	T	0.0168269230769	2	816	0	14	832	166016
UNKNOWN	93	T	0.956730769231	A	0.0348557692308	29	4	3	796	832	166016
UNKNOWN	94	A	0.993990384615	G	0.00360576923077	827	1	3	1	832	166016
UNKNOWN	95	T	0.990384615385	C	0.00721153846154	1	6	1	824	832	166016
UNKNOWN	96	G	0.978365384615	A	0.015625	13	2	814	3	832	166016
UNKNOWN	97	G	0.888221153846	C	0.0685096153846	32	57	739	4	832	166016
UNKNOWN	98	T	0.997596153846	C	0.00240384615385	0	2	0	830	832	166016
UNKNOWN	99	G	0.986778846154	A	0.0120192307692	10	0	821	1	832	166016
UNKNOWN	100	T	0.996394230769	C	0.00360576923077	0	3	0	829	832	166016
UNKNOWN	101	A	0.973557692308	C	0.0180288461538	810	15	7	0	832	166016
UNKNOWN	102	A	0.987980769231	G	0.0120192307692	822	0	10	0	832	166016
UNKNOWN	103	G	0.872596153846	A	0.0805288461538	67	27	726	12	832	166016
UNKNOWN	104	C	0.992788461538	T	0.00360576923077	1	826	2	3	832	166016
UNKNOWN	105	T	0.998798076923	C	0.00120192307692	0	1	0	831	832	166016
UNKNOWN	106	G	1.0	A	0.0	0	0	832	0	832	166016
UNKNOWN	107	G	0.998798076923	T	0.00120192307692	0	0	831	1	832	166016
UNKNOWN	108	G	0.985576923077	A	0.0108173076923	9	0	820	3	832	166016
UNKNOWN	109	T	1.0	A	0.0	0	0	0	832	832	166016
UNKNOWN	110	C	0.998798076923	T	0.00120192307692	0	831	0	1	832	166016
UNKNOWN	111	C	1.0	A	0.0	0	832	0	0	832	166016
UNKNOWN	112	G	1.0	A	0.0	0	0	832	0	832	166016
UNKNOWN	113	C	0.991586538462	G	0.00600961538462	0	825	5	2	832	166016
UNKNOWN	114	C	0.995192307692	A	0.00360576923077	3	828	1	0	832	166016
UNKNOWN	115	A	0.996394230769	G	0.00240384615385	829	1	2	0	832	166016
UNKNOWN	116	G	1.0	A	0.0	0	0	832	0	832	166016
UNKNOWN	117	G	0.998798076923	T	0.00120192307692	0	0	831	1	832	166016
UNKNOWN	118	C	0.995192307692	T	0.00360576923077	1	828	0	3	832	166016
UNKNOWN	119	T	0.997596153846	C	0.00240384615385	0	2	0	830	832	166016
UNKNOWN	120	C	0.992788461538	A	0.00721153846154	6	826	0	0	832	166016
UNKNOWN	121	C	1.0	A	0.0	0	832	0	0	832	166016
UNKNOWN	122	A	0.995192307692	G	0.00360576923077	828	0	3	1	832	166016
UNKNOWN	123	G	1.0	A	0.0	0	0	832	0	832	166016
UNKNOWN	124	G	0.996394230769	A	0.00360576923077	3	0	829	0	832	166016
UNKNOWN	125	A	0.920673076923	G	0.0745192307692	766	1	62	3	832	166016
UNKNOWN	126	A	0.998798076923	G	0.00120192307692	831	0	1	0	832	166016
UNKNOWN	127	A	0.997596153846	C	0.00120192307692	830	1	1	0	832	166016
UNKNOWN	128	G	0.983173076923	A	0.0144230769231	12	2	818	0	832	166016
UNKNOWN	129	G	0.986778846154	A	0.0108173076923	9	0	821	2	832	166016
UNKNOWN	130	C	1.0	A	0.0	0	832	0	0	832	166016
UNKNOWN	131	G	0.992788461538	A	0.00360576923077	3	1	826	2	832	166016
UNKNOWN	132	C	0.997596153846	A	0.00240384615385	2	830	0	0	832	166016
UNKNOWN	133	T	0.998798076923	C	0.00120192307692	0	1	0	831	832	166016
UNKNOWN	134	G	0.995192307692	A	0.00480769230769	4	0	828	0	832	166016
UNKNOWN	135	G	0.997596153846	A	0.00120192307692	1	1	830	0	832	166016
UNKNOWN	136	A	0.993990384615	G	0.00600961538462	827	0	5	0	832	166016
UNKNOWN	137	G	0.991586538462	A	0.00600961538462	5	1	825	1	832	166016
UNKNOWN	138	T	1.0	A	0.0	0	0	0	832	832	166016
UNKNOWN	139	G	0.998798076923	T	0.00120192307692	0	0	831	1	832	166016
UNKNOWN	140	G	0.948317307692	C	0.0480769230769	0	40	789	3	832	166016
UNKNOWN	141	C	0.993990384615	A	0.00360576923077	3	827	1	1	832	166016
UNKNOWN	142	T	0.998798076923	G	0.00120192307692	0	0	1	831	832	166016
UNKNOWN	143	C	0.993990384615	G	0.00360576923077	1	827	3	1	832	166016
UNKNOWN	144	G	0.992788461538	A	0.00600961538462	5	0	826	1	832	166016
UNKNOWN	145	G	0.991586538462	A	0.00600961538462	5	2	825	0	832	166016
UNKNOWN	146	T	0.974759615385	C	0.0192307692308	1	16	4	811	832	166016
UNKNOWN	147	G	0.908653846154	A	0.0697115384615	58	5	756	13	832	166016
UNKNOWN	148	G	0.834134615385	A	0.103365384615	86	47	694	5	832	166016
UNKNOWN	149	T	0.975961538462	C	0.0192307692308	0	16	4	812	832	166016
UNKNOWN	150	A	0.962740384615	G	0.0348557692308	801	0	29	2	832	166016
UNKNOWN	151	T	0.992788461538	C	0.00721153846154	0	6	0	826	832	166016
UNKNOWN	152	A	0.991586538462	C	0.00480769230769	825	4	1	2	832	166016
UNKNOWN	153	G	0.924278846154	A	0.0685096153846	57	4	769	2	832	166016
UNKNOWN	154	A	0.927884615385	G	0.0673076923077	772	1	56	3	832	166016
UNKNOWN	155	T	0.950721153846	C	0.0288461538462	9	24	8	791	832	166016
UNKNOWN	156	A	0.894230769231	G	0.103365384615	744	2	86	0	832	166016
UNKNOWN	157	G	0.889423076923	T	0.0456730769231	35	19	740	38	832	166016
UNKNOWN	158	T	0.989182692308	G	0.00961538461538	1	0	8	823	832	166016
UNKNOWN	159	G	0.885817307692	A	0.0877403846154	73	16	737	6	832	166016
UNKNOWN	160	G	0.889423076923	A	0.0649038461538	54	29	740	9	832	166016
UNKNOWN	161	T	0.969951923077	G	0.0204326923077	0	8	17	807	832	166016
UNKNOWN	162	G	0.996394230769	A	0.00360576923077	3	0	829	0	832	166016
UNKNOWN	163	G	0.996394230769	A	0.00240384615385	2	1	829	0	832	166016
UNKNOWN	164	A	0.987980769231	G	0.00961538461538	822	2	8	0	832	166016
UNKNOWN	165	A	0.957932692308	G	0.0384615384615	797	3	32	0	832	166016
UNKNOWN	166	G	0.757211538462	A	0.177884615385	148	33	630	21	832	166016
UNKNOWN	167	C	0.927884615385	A	0.0444711538462	37	772	13	10	832	166016
UNKNOWN	168	A	0.966346153846	C	0.0216346153846	804	18	9	1	832	166016
UNKNOWN	169	C	0.990384615385	A	0.00600961538462	5	824	2	1	832	166016
UNKNOWN	170	A	0.997596153846	T	0.00120192307692	830	0	1	1	832	166016
UNKNOWN	171	G	0.971153846154	C	0.0168269230769	8	14	808	2	832	166016
UNKNOWN	172	G	0.912259615385	A	0.0516826923077	43	12	759	18	832	166016
UNKNOWN	173	C	0.995192307692	T	0.00240384615385	1	828	1	2	832	166016
UNKNOWN	174	T	0.998798076923	G	0.00120192307692	0	0	1	831	832	166016
UNKNOWN	175	A	0.998798076923	T	0.00120192307692	831	0	0	1	832	166016
UNKNOWN	176	T	0.989182692308	C	0.00961538461538	1	8	0	823	832	166016
UNKNOWN	177	A	0.992788461538	C	0.00600961538462	826	5	1	0	832	166016
UNKNOWN	178	A	0.995192307692	G	0.00480769230769	828	0	4	0	832	166016
UNKNOWN	179	C	0.891826923077	T	0.0793269230769	4	742	20	66	832	166016
UNKNOWN	180	C	0.948317307692	T	0.0276442307692	19	789	1	23	832	166016
UNKNOWN	181	C	0.992788461538	T	0.00480769230769	1	826	1	4	832	166016
UNKNOWN	182	A	0.987980769231	C	0.0108173076923	822	9	1	0	832	166016
UNKNOWN	183	G	0.992788461538	A	0.00600961538462	5	0	826	1	832	166016
UNKNOWN	184	G	0.923076923077	C	0.0769230769231	0	64	768	0	832	166016
UNKNOWN	185	C	0.992788461538	T	0.00360576923077	2	826	1	3	832	166016
UNKNOWN	186	C	0.998798076923	T	0.00120192307692	0	831	0	1	832	166016
UNKNOWN	187	T	0.998798076923	C	0.00120192307692	0	1	0	831	832	166016
UNKNOWN	188	G	0.995192307692	A	0.00480769230769	4	0	828	0	832	166016
UNKNOWN	189	A	0.993990384615	G	0.00480769230769	827	1	4	0	832	166016
UNKNOWN	190	A	0.997596153846	G	0.00240384615385	830	0	2	0	832	166016
UNKNOWN	191	A	0.993990384615	G	0.00600961538462	827	0	5	0	832	166016
UNKNOWN	192	T	0.995192307692	A	0.00240384615385	2	2	0	828	832	166016
UNKNOWN	193	C	0.992788461538	T	0.00600961538462	1	826	0	5	832	166016
UNKNOWN	194	C	0.985576923077	T	0.00841346153846	4	820	1	7	832	166016
UNKNOWN	195	A	0.872596153846	C	0.126201923077	726	105	1	0	832	166016
UNKNOWN	196	G	0.998798076923	T	0.00120192307692	0	0	831	1	832	166016
UNKNOWN	197	G	0.969951923077	A	0.0288461538462	24	1	807	0	832	166016
UNKNOWN	198	C	0.992788461538	A	0.00360576923077	3	826	1	2	832	166016
UNKNOWN	199	T	1.0	A	0.0	0	0	0	832	832	166016
UNKNOWN	200	C	0.995192307692	A	0.00240384615385	2	828	0	2	832	166016
UNKNOWN	201	A	0.989182692308	T	0.00480769230769	823	2	3	4	832	166016
UNKNOWN	202	G	0.991586538462	A	0.00360576923077	3	1	825	3	832	166016
UNKNOWN	203	T	0.813701923077	C	0.171875	3	143	9	677	832	166016
UNKNOWN	204	A	0.996394230769	G	0.00360576923077	829	0	3	0	832	166016
UNKNOWN	205	T	0.998798076923	C	0.00120192307692	0	1	0	831	832	166016
UNKNOWN	206	C	0.991586538462	T	0.00600961538462	2	825	0	5	832	166016
UNKNOWN	207	A	0.995192307692	C	0.00240384615385	828	2	2	0	832	166016
UNKNOWN	208	C	0.980769230769	T	0.0180288461538	1	816	0	15	832	166016
UNKNOWN	209	C	0.978365384615	T	0.0108173076923	2	814	7	9	832	166016
UNKNOWN	210	A	0.983173076923	G	0.0108173076923	818	4	9	1	832	166016
UNKNOWN	211	G	0.838942307692	A	0.159855769231	133	0	698	1	832	166016
UNKNOWN	212	G	0.975961538462	T	0.0144230769231	6	2	812	12	832	166016
UNKNOWN	213	G	0.998798076923	A	0.00120192307692	1	0	831	0	832	166016
UNKNOWN	214	A	0.986778846154	T	0.00721153846154	821	4	1	6	832	166016
UNKNOWN	215	C	0.984375	A	0.00721153846154	6	819	1	6	832	166016
UNKNOWN	216	A	0.992788461538	G	0.00600961538462	826	1	5	0	832	166016
UNKNOWN	217	A	0.995192307692	G	0.00360576923077	828	0	3	1	832	166016
UNKNOWN	218	C	0.987980769231	T	0.00480769230769	2	822	4	4	832	166016
UNKNOWN	219	T	0.993990384615	G	0.00480769230769	0	1	4	827	832	166016
UNKNOWN	220	C	0.996394230769	A	0.00240384615385	2	829	0	1	832	166016
UNKNOWN	221	C	1.0	A	0.0	0	832	0	0	832	166016
UNKNOWN	222	A	0.993990384615	G	0.00360576923077	827	1	3	1	832	166016
UNKNOWN	223	A	0.996394230769	G	0.00360576923077	829	0	3	0	832	166016
UNKNOWN	224	G	0.995192307692	A	0.00360576923077	3	0	828	1	832	166016
UNKNOWN	225	A	0.992788461538	G	0.00480769230769	826	2	4	0	832	166016
UNKNOWN	226	G	0.975961538462	A	0.0216346153846	18	1	812	1	832	166016
UNKNOWN	227	C	0.974759615385	T	0.0240384615385	1	811	0	20	832	166016
UNKNOWN	228	C	0.995192307692	A	0.00240384615385	2	828	2	0	832	166016
UNKNOWN	229	A	1.0	C	0.0	832	0	0	0	832	166016
UNKNOWN	230	A	0.990384615385	G	0.00961538461538	824	0	8	0	832	166016
UNKNOWN	231	G	0.973557692308	A	0.0240384615385	20	2	810	0	832	166016
UNKNOWN	232	T	0.997596153846	A	0.00120192307692	1	1	0	830	832	166016
UNKNOWN	233	C	0.977163461538	T	0.0192307692308	1	813	2	16	832	166016
UNKNOWN	234	T	0.998798076923	C	0.00120192307692	0	1	0	831	832	166016
UNKNOWN	235	C	0.993990384615	T	0.00480769230769	1	827	0	4	832	166016
UNKNOWN	236	T	0.991586538462	C	0.00600961538462	0	5	2	825	832	166016
UNKNOWN	237	C	0.996394230769	T	0.00240384615385	1	829	0	2	832	166016
UNKNOWN	238	T	0.997596153846	C	0.00120192307692	0	1	1	830	832	166016
UNKNOWN	239	G	0.979567307692	A	0.0192307692308	16	0	815	1	832	166016
UNKNOWN	240	T	0.996394230769	C	0.00240384615385	1	2	0	829	832	166016
UNKNOWN	241	C	0.995192307692	T	0.00480769230769	0	828	0	4	832	166016
UNKNOWN	242	A	0.990384615385	G	0.00480769230769	824	2	4	2	832	166016
UNKNOWN	243	G	0.949519230769	C	0.0264423076923	16	22	790	4	832	166016
UNKNOWN	244	T	0.996394230769	C	0.00360576923077	0	3	0	829	832	166016
UNKNOWN	245	G	0.984375	A	0.00841346153846	7	3	819	3	832	166016
UNKNOWN	246	A	0.980769230769	G	0.0120192307692	816	5	10	1	832	166016
UNKNOWN	247	G	0.938701923077	A	0.0360576923077	30	21	781	0	832	166016
UNKNOWN	248	C	0.979567307692	T	0.015625	2	815	2	13	832	166016
UNKNOWN	249	A	0.991586538462	G	0.00841346153846	825	0	7	0	832	166016
UNKNOWN	250	G	0.987980769231	A	0.00841346153846	7	3	822	0	832	166016
UNKNOWN	251	C	0.987980769231	T	0.00841346153846	2	822	1	7	832	166016
UNKNOWN	252	G	0.984375	A	0.0132211538462	11	1	819	1	832	166016
UNKNOWN	253	T	1.0	A	0.0	0	0	0	832	832	166016
UNKNOWN	254	G	0.983173076923	A	0.0132211538462	11	0	818	3	832	166016
UNKNOWN	255	A	0.987980769231	G	0.00841346153846	822	3	7	0	832	166016
UNKNOWN	256	C	0.991586538462	G	0.00360576923077	2	825	3	2	832	166016
UNKNOWN	257	A	0.979567307692	G	0.015625	815	2	13	2	832	166016
UNKNOWN	258	C	0.965144230769	A	0.0300480769231	25	803	3	1	832	166016
UNKNOWN	259	C	0.992788461538	G	0.00360576923077	2	826	3	1	832	166016
UNKNOWN	260	T	0.989182692308	C	0.00600961538462	2	5	2	823	832	166016
UNKNOWN	261	G	0.995192307692	A	0.00240384615385	2	0	828	2	832	166016
UNKNOWN	262	A	0.996394230769	G	0.00240384615385	829	0	2	1	832	166016
UNKNOWN	263	G	0.959134615385	A	0.0288461538462	24	9	798	1	832	166016
UNKNOWN	264	G	0.989182692308	A	0.00480769230769	4	3	823	2	832	166016
UNKNOWN	265	A	0.998798076923	C	0.00120192307692	831	1	0	0	832	166016
UNKNOWN	266	C	0.986778846154	T	0.0120192307692	0	821	1	10	832	166016
UNKNOWN	267	A	0.985576923077	T	0.0108173076923	820	1	2	9	832	166016
UNKNOWN	268	C	0.996394230769	T	0.00360576923077	0	829	0	3	832	166016
UNKNOWN	269	G	0.924278846154	A	0.0721153846154	60	0	769	3	832	166016
UNKNOWN	270	G	0.995192307692	T	0.00360576923077	1	0	828	3	832	166016
UNKNOWN	271	C	0.989182692308	G	0.00721153846154	2	823	6	1	832	166016
UNKNOWN	272	C	0.995192307692	T	0.00240384615385	0	828	2	2	832	166016
UNKNOWN	273	A	0.556490384615	G	0.442307692308	463	1	368	0	832	166016
UNKNOWN	274	C	0.537259615385	T	0.457932692308	3	447	1	381	832	166016
UNKNOWN	275	A	0.596153846154	G	0.371394230769	496	10	309	17	832	166016
UNKNOWN	276	T	0.998798076923	C	0.00120192307692	0	1	0	831	832	166016
UNKNOWN	277	A	0.995192307692	T	0.00360576923077	828	1	0	3	832	166016
UNKNOWN	278	C	0.935096153846	T	0.0625	2	778	0	52	832	166016
UNKNOWN	279	T	0.990384615385	C	0.00721153846154	0	6	2	824	832	166016
UNKNOWN	280	A	0.987980769231	T	0.00841346153846	822	1	2	7	832	166016
UNKNOWN	281	C	0.985576923077	T	0.0120192307692	1	820	1	10	832	166016
UNKNOWN	282	T	0.997596153846	A	0.00120192307692	1	0	1	830	832	166016
