Type	Position	Nucl1	Freq1	Nucl2	Freq2	NumAs	NumCs	NumGs	NumTs	NumAligned	NumNaive
UNKNOWN	0	A	1.0	C	0.0	580	0	0	0	580	164276
UNKNOWN	1	A	1.0	C	0.0	580	0	0	0	580	164276
UNKNOWN	2	G	1.0	A	0.0	0	0	580	0	580	164276
UNKNOWN	3	G	1.0	A	0.0	0	0	580	0	580	164276
UNKNOWN	4	T	1.0	A	0.0	0	0	0	580	580	164276
UNKNOWN	5	G	1.0	A	0.0	0	0	580	0	580	164276
UNKNOWN	6	C	1.0	A	0.0	0	580	0	0	580	164276
UNKNOWN	7	A	1.0	C	0.0	580	0	0	0	580	164276
UNKNOWN	8	G	0.996551724138	A	0.00344827586207	2	0	578	0	580	164276
UNKNOWN	9	C	0.991379310345	T	0.00862068965517	0	575	0	5	580	164276
UNKNOWN	10	T	1.0	A	0.0	0	0	0	580	580	164276
UNKNOWN	11	G	1.0	A	0.0	0	0	580	0	580	164276
UNKNOWN	12	C	1.0	A	0.0	0	580	0	0	580	164276
UNKNOWN	13	A	0.915517241379	G	0.0810344827586	531	2	47	0	580	164276
UNKNOWN	14	G	0.977586206897	C	0.0224137931034	0	13	567	0	580	164276
UNKNOWN	15	G	1.0	A	0.0	0	0	580	0	580	164276
UNKNOWN	16	A	0.996551724138	C	0.00172413793103	578	1	1	0	580	164276
UNKNOWN	17	G	1.0	A	0.0	0	0	580	0	580	164276
UNKNOWN	18	T	0.998275862069	C	0.00172413793103	0	1	0	579	580	164276
UNKNOWN	19	C	1.0	A	0.0	0	580	0	0	580	164276
UNKNOWN	20	G	0.996551724138	A	0.00172413793103	1	1	578	0	580	164276
UNKNOWN	21	G	0.998275862069	T	0.00172413793103	0	0	579	1	580	164276
UNKNOWN	22	G	1.0	A	0.0	0	0	580	0	580	164276
UNKNOWN	23	C	0.951724137931	T	0.048275862069	0	552	0	28	580	164276
UNKNOWN	24	C	1.0	A	0.0	0	580	0	0	580	164276
UNKNOWN	25	C	1.0	A	0.0	0	580	0	0	580	164276
UNKNOWN	26	C	0.998275862069	A	0.00172413793103	1	579	0	0	580	164276
UNKNOWN	27	A	0.994827586207	G	0.0051724137931	577	0	3	0	580	164276
UNKNOWN	28	G	0.996551724138	A	0.00172413793103	1	1	578	0	580	164276
UNKNOWN	29	C	0.998275862069	G	0.00172413793103	0	579	1	0	580	164276
UNKNOWN	30	C	0.998275862069	T	0.00172413793103	0	579	0	1	580	164276
UNKNOWN	31	T	0.996551724138	C	0.00172413793103	0	1	1	578	580	164276
UNKNOWN	32	G	1.0	A	0.0	0	0	580	0	580	164276
UNKNOWN	33	G	0.998275862069	T	0.00172413793103	0	0	579	1	580	164276
UNKNOWN	34	T	0.994827586207	C	0.00344827586207	0	2	1	577	580	164276
UNKNOWN	35	G	0.996551724138	A	0.00344827586207	2	0	578	0	580	164276
UNKNOWN	36	A	0.996551724138	C	0.00172413793103	578	1	1	0	580	164276
UNKNOWN	37	A	0.991379310345	C	0.00344827586207	575	2	1	2	580	164276
UNKNOWN	38	G	0.996551724138	A	0.00172413793103	1	1	578	0	580	164276
UNKNOWN	39	C	1.0	A	0.0	0	580	0	0	580	164276
UNKNOWN	40	C	0.996551724138	A	0.00344827586207	2	578	0	0	580	164276
UNKNOWN	41	C	0.996551724138	T	0.00172413793103	0	578	1	1	580	164276
UNKNOWN	42	T	0.996551724138	C	0.00344827586207	0	2	0	578	580	164276
UNKNOWN	43	C	0.998275862069	A	0.00172413793103	1	579	0	0	580	164276
UNKNOWN	44	A	0.994827586207	C	0.00344827586207	577	2	0	1	580	164276
UNKNOWN	45	C	0.996551724138	A	0.00172413793103	1	578	1	0	580	164276
UNKNOWN	46	A	0.993103448276	C	0.00344827586207	576	2	2	0	580	164276
UNKNOWN	47	G	0.991379310345	A	0.00689655172414	4	1	575	0	580	164276
UNKNOWN	48	A	0.987931034483	C	0.00689655172414	573	4	3	0	580	164276
UNKNOWN	49	C	1.0	A	0.0	0	580	0	0	580	164276
UNKNOWN	50	C	0.996551724138	T	0.00172413793103	0	578	1	1	580	164276
UNKNOWN	51	C	0.996551724138	A	0.00172413793103	1	578	0	1	580	164276
UNKNOWN	52	T	0.994827586207	C	0.0051724137931	0	3	0	577	580	164276
UNKNOWN	53	C	0.998275862069	T	0.00172413793103	0	579	0	1	580	164276
UNKNOWN	54	T	0.989655172414	C	0.00862068965517	0	5	1	574	580	164276
UNKNOWN	55	C	0.996551724138	T	0.00344827586207	0	578	0	2	580	164276
UNKNOWN	56	C	0.998275862069	T	0.00172413793103	0	579	0	1	580	164276
UNKNOWN	57	C	0.998275862069	T	0.00172413793103	0	579	0	1	580	164276
UNKNOWN	58	T	0.993103448276	C	0.0051724137931	1	3	0	576	580	164276
UNKNOWN	59	C	0.998275862069	A	0.00172413793103	1	579	0	0	580	164276
UNKNOWN	60	A	0.991379310345	C	0.00689655172414	575	4	1	0	580	164276
UNKNOWN	61	C	0.998275862069	T	0.00172413793103	0	579	0	1	580	164276
UNKNOWN	62	C	0.996551724138	T	0.00172413793103	0	578	1	1	580	164276
UNKNOWN	63	T	0.996551724138	C	0.00172413793103	0	1	1	578	580	164276
UNKNOWN	64	G	0.994827586207	A	0.00344827586207	2	1	577	0	580	164276
UNKNOWN	65	C	0.996551724138	A	0.00172413793103	1	578	0	1	580	164276
UNKNOWN	66	A	0.987931034483	C	0.00862068965517	573	5	2	0	580	164276
UNKNOWN	67	C	0.996551724138	A	0.00172413793103	1	578	1	0	580	164276
UNKNOWN	68	G	0.994827586207	A	0.00344827586207	2	1	577	0	580	164276
UNKNOWN	69	A	0.970689655172	G	0.0172413793103	563	7	10	0	580	164276
UNKNOWN	70	C	0.989655172414	T	0.0103448275862	0	574	0	6	580	164276
UNKNOWN	71	C	0.994827586207	T	0.00344827586207	0	577	1	2	580	164276
UNKNOWN	72	T	0.993103448276	C	0.0051724137931	0	3	1	576	580	164276
UNKNOWN	73	C	0.996551724138	T	0.00172413793103	0	578	1	1	580	164276
UNKNOWN	74	T	0.991379310345	G	0.0051724137931	0	2	3	575	580	164276
UNKNOWN	75	G	0.996551724138	A	0.00344827586207	2	0	578	0	580	164276
UNKNOWN	76	G	0.984482758621	A	0.0120689655172	7	0	571	2	580	164276
UNKNOWN	77	A	0.991379310345	C	0.00344827586207	575	2	1	2	580	164276
UNKNOWN	78	T	0.998275862069	C	0.00172413793103	0	1	0	579	580	164276
UNKNOWN	79	T	0.994827586207	C	0.0051724137931	0	3	0	577	580	164276
UNKNOWN	80	C	0.996551724138	T	0.00344827586207	0	578	0	2	580	164276
UNKNOWN	81	T	0.994827586207	C	0.00344827586207	1	2	0	577	580	164276
UNKNOWN	82	C	0.994827586207	T	0.00344827586207	1	577	0	2	580	164276
UNKNOWN	83	A	0.994827586207	T	0.00344827586207	577	1	0	2	580	164276
UNKNOWN	84	T	0.991379310345	C	0.00689655172414	0	4	1	575	580	164276
UNKNOWN	85	T	0.996551724138	A	0.00172413793103	1	0	1	578	580	164276
UNKNOWN	86	G	0.981034482759	A	0.0137931034483	8	2	569	1	580	164276
UNKNOWN	87	A	0.993103448276	C	0.00344827586207	576	2	2	0	580	164276
UNKNOWN	88	C	0.953448275862	G	0.0206896551724	6	553	12	9	580	164276
UNKNOWN	89	C	0.994827586207	A	0.00172413793103	1	577	1	1	580	164276
UNKNOWN	90	A	0.98275862069	C	0.00862068965517	570	5	5	0	580	164276
UNKNOWN	91	G	0.953448275862	A	0.0258620689655	15	11	553	1	580	164276
UNKNOWN	92	C	0.975862068966	T	0.0189655172414	2	566	1	11	580	164276
UNKNOWN	93	T	0.984482758621	A	0.00689655172414	4	1	4	571	580	164276
UNKNOWN	94	A	0.98275862069	T	0.00689655172414	570	3	3	4	580	164276
UNKNOWN	95	T	0.991379310345	G	0.0051724137931	0	2	3	575	580	164276
UNKNOWN	96	G	0.987931034483	A	0.0051724137931	3	1	573	3	580	164276
UNKNOWN	97	G	0.956896551724	C	0.0258620689655	8	15	555	2	580	164276
UNKNOWN	98	T	0.994827586207	C	0.00344827586207	0	2	1	577	580	164276
UNKNOWN	99	G	0.981034482759	A	0.0155172413793	9	1	569	1	580	164276
UNKNOWN	100	T	0.993103448276	A	0.00344827586207	2	1	1	576	580	164276
UNKNOWN	101	A	0.993103448276	G	0.0051724137931	576	0	3	1	580	164276
UNKNOWN	102	A	0.974137931034	G	0.0241379310345	565	1	14	0	580	164276
UNKNOWN	103	G	0.915517241379	A	0.0724137931034	42	4	531	3	580	164276
UNKNOWN	104	C	0.994827586207	T	0.00344827586207	0	577	1	2	580	164276
UNKNOWN	105	T	0.994827586207	G	0.00344827586207	0	1	2	577	580	164276
UNKNOWN	106	G	1.0	A	0.0	0	0	580	0	580	164276
UNKNOWN	107	G	0.994827586207	T	0.00344827586207	0	1	577	2	580	164276
UNKNOWN	108	G	0.979310344828	A	0.0172413793103	10	1	568	1	580	164276
UNKNOWN	109	T	0.993103448276	C	0.00689655172414	0	4	0	576	580	164276
UNKNOWN	110	C	0.998275862069	G	0.00172413793103	0	579	1	0	580	164276
UNKNOWN	111	C	0.998275862069	G	0.00172413793103	0	579	1	0	580	164276
UNKNOWN	112	G	0.996551724138	C	0.00344827586207	0	2	578	0	580	164276
UNKNOWN	113	C	0.996551724138	A	0.00344827586207	2	578	0	0	580	164276
UNKNOWN	114	C	0.996551724138	A	0.00172413793103	1	578	1	0	580	164276
UNKNOWN	115	A	0.991379310345	G	0.0051724137931	575	2	3	0	580	164276
UNKNOWN	116	G	0.996551724138	C	0.00172413793103	0	1	578	1	580	164276
UNKNOWN	117	G	0.993103448276	T	0.00344827586207	1	1	576	2	580	164276
UNKNOWN	118	C	0.998275862069	T	0.00172413793103	0	579	0	1	580	164276
UNKNOWN	119	T	0.996551724138	C	0.00344827586207	0	2	0	578	580	164276
UNKNOWN	120	C	0.998275862069	A	0.00172413793103	1	579	0	0	580	164276
UNKNOWN	121	C	0.996551724138	A	0.00172413793103	1	578	1	0	580	164276
UNKNOWN	122	A	0.993103448276	G	0.00689655172414	576	0	4	0	580	164276
UNKNOWN	123	G	0.996551724138	A	0.00344827586207	2	0	578	0	580	164276
UNKNOWN	124	G	0.994827586207	A	0.0051724137931	3	0	577	0	580	164276
UNKNOWN	125	A	0.91724137931	G	0.0758620689655	532	2	44	2	580	164276
UNKNOWN	126	A	0.998275862069	G	0.00172413793103	579	0	1	0	580	164276
UNKNOWN	127	A	0.996551724138	G	0.00344827586207	578	0	2	0	580	164276
UNKNOWN	128	G	0.998275862069	C	0.00172413793103	0	1	579	0	580	164276
UNKNOWN	129	G	0.951724137931	A	0.0465517241379	27	1	552	0	580	164276
UNKNOWN	130	C	0.994827586207	G	0.00344827586207	0	577	2	1	580	164276
UNKNOWN	131	G	0.989655172414	A	0.00689655172414	4	1	574	1	580	164276
UNKNOWN	132	C	0.993103448276	G	0.0051724137931	0	576	3	1	580	164276
UNKNOWN	133	T	0.989655172414	A	0.0051724137931	3	1	2	574	580	164276
UNKNOWN	134	G	0.986206896552	A	0.00862068965517	5	3	572	0	580	164276
UNKNOWN	135	G	0.994827586207	A	0.00344827586207	2	0	577	1	580	164276
UNKNOWN	136	A	0.991379310345	C	0.00344827586207	575	2	2	1	580	164276
UNKNOWN	137	G	0.996551724138	T	0.00344827586207	0	0	578	2	580	164276
UNKNOWN	138	T	0.996551724138	G	0.00344827586207	0	0	2	578	580	164276
UNKNOWN	139	G	0.998275862069	C	0.00172413793103	0	1	579	0	580	164276
UNKNOWN	140	G	0.987931034483	C	0.00689655172414	1	4	573	2	580	164276
UNKNOWN	141	C	0.979310344828	G	0.0155172413793	1	568	9	2	580	164276
UNKNOWN	142	T	0.994827586207	C	0.00344827586207	0	2	1	577	580	164276
UNKNOWN	143	C	0.984482758621	T	0.0120689655172	0	571	2	7	580	164276
UNKNOWN	144	G	0.996551724138	T	0.00344827586207	0	0	578	2	580	164276
UNKNOWN	145	G	0.998275862069	T	0.00172413793103	0	0	579	1	580	164276
UNKNOWN	146	T	0.994827586207	G	0.00344827586207	0	1	2	577	580	164276
UNKNOWN	147	G	0.951724137931	A	0.0431034482759	25	2	552	1	580	164276
UNKNOWN	148	G	0.968965517241	A	0.0241379310345	14	2	562	2	580	164276
UNKNOWN	149	T	0.974137931034	G	0.0155172413793	2	4	9	565	580	164276
UNKNOWN	150	A	0.977586206897	G	0.0206896551724	567	0	12	1	580	164276
UNKNOWN	151	T	0.981034482759	G	0.0155172413793	1	1	9	569	580	164276
UNKNOWN	152	A	0.975862068966	T	0.0120689655172	566	1	6	7	580	164276
UNKNOWN	153	G	0.979310344828	A	0.0155172413793	9	2	568	1	580	164276
UNKNOWN	154	A	0.98275862069	G	0.0120689655172	570	2	7	1	580	164276
UNKNOWN	155	T	0.958620689655	C	0.0172413793103	8	10	6	556	580	164276
UNKNOWN	156	A	0.956896551724	C	0.0206896551724	555	12	12	1	580	164276
UNKNOWN	157	G	0.955172413793	A	0.0275862068966	16	9	554	1	580	164276
UNKNOWN	158	T	0.979310344828	G	0.00862068965517	4	3	5	568	580	164276
UNKNOWN	159	G	0.903448275862	A	0.0637931034483	37	12	524	7	580	164276
UNKNOWN	160	G	0.955172413793	C	0.0189655172414	8	11	554	7	580	164276
UNKNOWN	161	T	0.965517241379	G	0.0189655172414	9	0	11	560	580	164276
UNKNOWN	162	G	0.986206896552	A	0.0120689655172	7	0	572	1	580	164276
UNKNOWN	163	G	0.996551724138	A	0.00344827586207	2	0	578	0	580	164276
UNKNOWN	164	A	0.987931034483	C	0.0051724137931	573	3	3	1	580	164276
UNKNOWN	165	A	0.937931034483	G	0.0603448275862	544	1	35	0	580	164276
UNKNOWN	166	G	0.812068965517	A	0.0879310344828	51	46	471	12	580	164276
UNKNOWN	167	C	0.972413793103	G	0.0189655172414	1	564	11	4	580	164276
UNKNOWN	168	A	0.991379310345	G	0.00689655172414	575	1	4	0	580	164276
UNKNOWN	169	C	0.991379310345	T	0.0051724137931	1	575	1	3	580	164276
UNKNOWN	170	A	0.993103448276	C	0.00344827586207	576	2	2	0	580	164276
UNKNOWN	171	G	0.981034482759	A	0.0120689655172	7	3	569	1	580	164276
UNKNOWN	172	G	0.920689655172	A	0.0586206896552	34	7	534	5	580	164276
UNKNOWN	173	C	0.989655172414	A	0.00862068965517	5	574	0	1	580	164276
UNKNOWN	174	T	0.993103448276	A	0.00344827586207	2	2	0	576	580	164276
UNKNOWN	175	A	0.991379310345	G	0.0051724137931	575	0	3	2	580	164276
UNKNOWN	176	T	0.975862068966	C	0.0172413793103	2	10	2	566	580	164276
UNKNOWN	177	A	0.996551724138	C	0.00172413793103	578	1	0	1	580	164276
UNKNOWN	178	A	0.994827586207	C	0.00344827586207	577	2	1	0	580	164276
UNKNOWN	179	C	0.98275862069	T	0.0103448275862	1	570	3	6	580	164276
UNKNOWN	180	C	0.991379310345	T	0.00689655172414	1	575	0	4	580	164276
UNKNOWN	181	C	0.987931034483	T	0.00862068965517	1	573	1	5	580	164276
UNKNOWN	182	A	0.993103448276	G	0.00689655172414	576	0	4	0	580	164276
UNKNOWN	183	G	0.993103448276	C	0.00344827586207	1	2	576	1	580	164276
UNKNOWN	184	G	0.948275862069	C	0.0431034482759	3	25	550	2	580	164276
UNKNOWN	185	C	0.996551724138	A	0.00172413793103	1	578	0	1	580	164276
UNKNOWN	186	C	0.996551724138	T	0.00172413793103	0	578	1	1	580	164276
UNKNOWN	187	T	0.994827586207	A	0.00172413793103	1	1	1	577	580	164276
UNKNOWN	188	G	0.993103448276	A	0.00344827586207	2	2	576	0	580	164276
UNKNOWN	189	A	0.996551724138	G	0.00344827586207	578	0	2	0	580	164276
UNKNOWN	190	A	0.991379310345	G	0.00689655172414	575	0	4	1	580	164276
UNKNOWN	191	A	0.993103448276	G	0.00344827586207	576	1	2	1	580	164276
UNKNOWN	192	T	0.991379310345	C	0.00689655172414	0	4	1	575	580	164276
UNKNOWN	193	C	0.996551724138	A	0.00344827586207	2	578	0	0	580	164276
UNKNOWN	194	C	0.984482758621	T	0.0120689655172	1	571	1	7	580	164276
UNKNOWN	195	A	0.906896551724	C	0.0879310344828	526	51	3	0	580	164276
UNKNOWN	196	G	0.994827586207	A	0.00172413793103	1	1	577	1	580	164276
UNKNOWN	197	G	0.977586206897	T	0.0120689655172	4	2	567	7	580	164276
UNKNOWN	198	C	0.998275862069	T	0.00172413793103	0	579	0	1	580	164276
UNKNOWN	199	T	0.989655172414	A	0.0051724137931	3	3	0	574	580	164276
UNKNOWN	200	C	0.996551724138	A	0.00172413793103	1	578	1	0	580	164276
UNKNOWN	201	A	0.994827586207	G	0.00344827586207	577	0	2	1	580	164276
UNKNOWN	202	G	0.987931034483	C	0.00689655172414	1	4	573	2	580	164276
UNKNOWN	203	T	0.820689655172	C	0.175862068966	1	102	1	476	580	164276
UNKNOWN	204	A	0.993103448276	T	0.00344827586207	576	1	1	2	580	164276
UNKNOWN	205	T	0.996551724138	A	0.00172413793103	1	1	0	578	580	164276
UNKNOWN	206	C	0.960344827586	T	0.0344827586207	3	557	0	20	580	164276
UNKNOWN	207	A	0.98275862069	G	0.0103448275862	570	3	6	1	580	164276
UNKNOWN	208	C	0.993103448276	A	0.00344827586207	2	576	2	0	580	164276
UNKNOWN	209	C	0.958620689655	T	0.0293103448276	4	556	3	17	580	164276
UNKNOWN	210	A	0.956896551724	G	0.0413793103448	555	1	24	0	580	164276
UNKNOWN	211	G	0.886206896552	A	0.113793103448	66	0	514	0	580	164276
UNKNOWN	212	G	0.991379310345	A	0.00689655172414	4	1	575	0	580	164276
UNKNOWN	213	G	0.991379310345	A	0.0051724137931	3	2	575	0	580	164276
UNKNOWN	214	A	0.994827586207	G	0.00344827586207	577	1	2	0	580	164276
UNKNOWN	215	C	0.991379310345	A	0.0051724137931	3	575	1	1	580	164276
UNKNOWN	216	A	0.962068965517	G	0.0344827586207	558	1	20	1	580	164276
UNKNOWN	217	A	0.993103448276	C	0.00344827586207	576	2	1	1	580	164276
UNKNOWN	218	C	0.993103448276	G	0.00344827586207	1	576	2	1	580	164276
UNKNOWN	219	T	0.991379310345	C	0.0051724137931	1	3	1	575	580	164276
UNKNOWN	220	C	0.993103448276	A	0.0051724137931	3	576	1	0	580	164276
UNKNOWN	221	C	0.993103448276	A	0.0051724137931	3	576	0	1	580	164276
UNKNOWN	222	A	0.960344827586	G	0.0362068965517	557	2	21	0	580	164276
UNKNOWN	223	A	0.989655172414	G	0.0103448275862	574	0	6	0	580	164276
UNKNOWN	224	G	0.998275862069	A	0.00172413793103	1	0	579	0	580	164276
UNKNOWN	225	A	0.991379310345	G	0.0051724137931	575	1	3	1	580	164276
UNKNOWN	226	G	0.98275862069	A	0.0120689655172	7	3	570	0	580	164276
UNKNOWN	227	C	0.972413793103	T	0.0241379310345	2	564	0	14	580	164276
UNKNOWN	228	C	0.993103448276	A	0.00344827586207	2	576	1	1	580	164276
UNKNOWN	229	A	0.994827586207	G	0.0051724137931	577	0	3	0	580	164276
UNKNOWN	230	A	0.981034482759	G	0.0172413793103	569	0	10	1	580	164276
UNKNOWN	231	G	0.989655172414	A	0.0051724137931	3	2	574	1	580	164276
UNKNOWN	232	T	0.994827586207	C	0.0051724137931	0	3	0	577	580	164276
UNKNOWN	233	C	0.993103448276	T	0.0051724137931	0	576	1	3	580	164276
UNKNOWN	234	T	0.994827586207	G	0.00344827586207	0	1	2	577	580	164276
UNKNOWN	235	C	0.996551724138	A	0.00172413793103	1	578	0	1	580	164276
UNKNOWN	236	T	0.994827586207	G	0.00344827586207	0	1	2	577	580	164276
UNKNOWN	237	C	0.994827586207	T	0.00344827586207	0	577	1	2	580	164276
UNKNOWN	238	T	0.998275862069	G	0.00172413793103	0	0	1	579	580	164276
UNKNOWN	239	G	0.956896551724	A	0.0327586206897	19	3	555	3	580	164276
UNKNOWN	240	T	0.986206896552	A	0.0051724137931	3	3	2	572	580	164276
UNKNOWN	241	C	0.989655172414	T	0.00689655172414	1	574	1	4	580	164276
UNKNOWN	242	A	0.984482758621	C	0.00689655172414	571	4	4	1	580	164276
UNKNOWN	243	G	0.915517241379	C	0.0724137931034	5	42	531	2	580	164276
UNKNOWN	244	T	0.987931034483	G	0.00689655172414	1	2	4	573	580	164276
UNKNOWN	245	G	0.984482758621	A	0.0137931034483	8	0	571	1	580	164276
UNKNOWN	246	A	0.977586206897	G	0.0120689655172	567	5	7	1	580	164276
UNKNOWN	247	G	0.960344827586	C	0.0258620689655	6	15	557	2	580	164276
UNKNOWN	248	C	0.98275862069	T	0.0120689655172	1	570	2	7	580	164276
UNKNOWN	249	A	0.986206896552	G	0.00862068965517	572	3	5	0	580	164276
UNKNOWN	250	G	0.993103448276	A	0.0051724137931	3	1	576	0	580	164276
UNKNOWN	251	C	0.989655172414	T	0.00689655172414	1	574	1	4	580	164276
UNKNOWN	252	G	0.993103448276	A	0.00344827586207	2	1	576	1	580	164276
UNKNOWN	253	T	0.993103448276	G	0.0051724137931	1	0	3	576	580	164276
UNKNOWN	254	G	0.979310344828	T	0.0103448275862	4	2	568	6	580	164276
UNKNOWN	255	A	0.977586206897	C	0.0120689655172	567	7	3	3	580	164276
UNKNOWN	256	C	0.993103448276	G	0.0051724137931	1	576	3	0	580	164276
UNKNOWN	257	A	0.975862068966	G	0.0137931034483	566	5	8	1	580	164276
UNKNOWN	258	C	0.908620689655	A	0.0810344827586	47	527	1	5	580	164276
UNKNOWN	259	C	0.986206896552	T	0.0051724137931	2	572	3	3	580	164276
UNKNOWN	260	T	0.96724137931	C	0.0206896551724	1	12	6	561	580	164276
UNKNOWN	261	G	0.991379310345	A	0.00689655172414	4	0	575	1	580	164276
UNKNOWN	262	A	0.993103448276	G	0.00689655172414	576	0	4	0	580	164276
UNKNOWN	263	G	0.96724137931	A	0.0206896551724	12	4	561	3	580	164276
UNKNOWN	264	G	0.986206896552	A	0.0103448275862	6	1	572	1	580	164276
UNKNOWN	265	A	0.986206896552	C	0.00689655172414	572	4	3	1	580	164276
UNKNOWN	266	C	0.979310344828	A	0.0103448275862	6	568	3	3	580	164276
UNKNOWN	267	A	0.963793103448	T	0.0189655172414	559	3	7	11	580	164276
UNKNOWN	268	C	0.987931034483	G	0.0103448275862	0	573	6	1	580	164276
UNKNOWN	269	G	0.946551724138	A	0.0431034482759	25	1	549	5	580	164276
UNKNOWN	270	G	0.984482758621	C	0.00689655172414	1	4	571	4	580	164276
UNKNOWN	271	C	0.989655172414	G	0.0051724137931	1	574	3	2	580	164276
UNKNOWN	272	C	0.986206896552	A	0.0051724137931	3	572	3	2	580	164276
UNKNOWN	273	G	0.593103448276	A	0.393103448276	228	3	344	5	580	164276
UNKNOWN	274	T	0.598275862069	C	0.389655172414	1	226	6	347	580	164276
UNKNOWN	275	G	0.598275862069	A	0.394827586207	229	2	347	2	580	164276
UNKNOWN	276	T	0.981034482759	G	0.0103448275862	4	1	6	569	580	164276
UNKNOWN	277	A	0.989655172414	C	0.0051724137931	574	3	2	1	580	164276
UNKNOWN	278	C	0.943103448276	T	0.048275862069	4	547	1	28	580	164276
UNKNOWN	279	T	0.981034482759	G	0.00862068965517	2	4	5	569	580	164276
UNKNOWN	280	A	0.979310344828	C	0.00862068965517	568	5	2	5	580	164276
UNKNOWN	281	C	0.960344827586	T	0.0310344827586	2	557	3	18	580	164276
UNKNOWN	282	T	0.991379310345	G	0.00689655172414	0	1	4	575	580	164276
