Subject	IGHV1-7	IGHV1-10	IGHV1-14	IGHV1-17	IGHV1-20	IGHV1-21	IGHV1-27	IGHV1-30	IGHV1-7UL	FracULGlobal	PreVacc	InitialVacc	BoosterVacc	BoosterResponseVacc
14007	0.0588459384607	0.267081017451	0.24061234519	0.124808094507	0.143240545678	0.162638714814	0.125516668635	0.0409487274237	40.29293761	0.01317089016	5.83	5.16	5.5	4.83
14009	0.13612447657	0.0535339240745	0.109390172215	0.137985238728	0.232615590052	0.276601859311	0.231274447904	0.0371528306953	39.3106212	0.03668179236	5.16	4.16	5.16	7.16
14013	0.101250877008	0.436833900206	0.288726680481	0.132783123469	0.0957685558623	0.0708963802737	0.0250694560843	0.053428898181	38.82062189	0.02451976608	2.5	2.16	4.16	6.5
14015	0.0552133298121	0.471625630286	0.255432279223	0.111688766329	0.0658306873108	0.0490087395515	0.0219548221074	0.0419074700749	20.97428958	0.008253551719	0.0	2.16	0.0	5.5
14017	0.101026805598	0.0541864148486	0.110893406754	0.218135771622	0.279744107502	0.208319102659	0.152087465222	0.0871895965279	39.94900712	0.02622652728	5.16	4.16	0.0	7.83
14019	0.0727405057544	0.101355185799	0.064142907407	0.233929868567	0.312946904865	0.172437177945	0.179224456904	0.0593149161238	34.12490914	0.01631310324	2.83	3.16	0.0	5.5
14021	0.105518265228	0.0574646756525	0.0807668104836	0.295525642927	0.300263282569	0.129147695012	0.103604222647	0.0783383181018	45.97349547	0.03720773709	5.5	5.16	7.5	6.83
14023	0.0629139819031	0.269245792389	0.219284026327	0.145126712828	0.156416616214	0.148967383221	0.103013795766	0.0545663640502	23.68422826	0.01131653172	0.0	0.0	6.16	6.5
14027	0.0728018747738	0.060831992213	0.0774530232977	0.267049951024	0.319742177707	0.162291240218	0.161420108421	0.067659947773	33.50488716	0.01669307981	5.16	2.83	5.5	6.5
14029	0.0723845922484	0.0597496344082	0.0936044762962	0.273849033904	0.318280110767	0.187844200832	0.165859426047	0.0709688961719	38.19644352	0.01677945835	1.83	3.33	1.83	6.16
14031	0.0823752072822	0.0630590709821	0.0978765642171	0.262203552058	0.313318050583	0.202908055349	0.155889964196	0.0864499509613	30.35424491	0.01586888755	0.0	1.83	2.5	8.5
14035	0.126376392668	0.0547996336853	0.0889593451474	0.252340464317	0.285226320838	0.190592136387	0.14793861191	0.0863660629419	37.1468168	0.03117700438	3.5	2.5	0.0	7.83
14037	0.0708604743909	0.127477828209	0.0762063923125	0.263404675542	0.332360369941	0.199770210988	0.182710750707	0.0630267580758	27.04691536	0.01186848314	3.16	2.83	5.83	5.5
14039	0.0668571390779	0.100404753874	0.0667165995384	0.234315787385	0.315466624339	0.169765150162	0.177238546854	0.0916450070435	27.04216606	0.01147253753	0.0	0.0	0.0	6.5
14043	0.057717676446	0.0596638360411	0.0920187393099	0.29312398742	0.288456715505	0.14476317545	0.12674615157	0.0846579423877	34.17496772	0.01332609479	3.16	3.83	4.5	4.83
14045	0.045936757845	0.221498233897	0.219378508597	0.239044737255	0.213595978349	0.0808228150756	0.0682410901215	0.0762116590919	33.59475226	0.01049331762	0.0	1.83	0.0	8.16
14047	0.0967082740137	0.442755823851	0.291898833929	0.123087988759	0.0705627399888	0.0451188188371	0.0208439427112	0.035314824383	19.01913706	0.01359747622	3.5	3.5	2.16	7.5
14051	0.0629780737272	0.0549915668181	0.0918180083249	0.279656689551	0.308079865069	0.139389406686	0.108038601794	0.104251664715	30.9452176	0.01415851789	2.16	1.83	2.5	7.7
14053	0.0751631498027	0.0821627642408	0.0791913196213	0.368590033463	0.360309972725	0.118977975372	0.120147751127	0.0846153663076	28.10299071	0.01309935867	4.16	3.16	3.83	7.83
14055	0.0811469412065	0.0529056411129	0.0886559459996	0.218959131002	0.287034799626	0.204978019796	0.163683598514	0.0738659633002	38.80626852	0.02060059012	0.0	0.0	2.5	8.83
14057	0.0752488259153	0.0654145319671	0.0901430248692	0.311991674672	0.329352118689	0.126302833814	0.114302486925	0.104829757712	19.86794383	0.01059248784	2.5	3.5	2.83	6.83
14061	0.114453413328	0.394964702765	0.134557696311	0.120121789655	0.178667411094	0.139109430891	0.142381285841	0.0243129814335	47.58963152	0.03702447467	3.16	4.5	8.83	8.83
14063	0.0673604768207	0.0536644639961	0.0737762596231	0.245920088728	0.296859563443	0.168239836338	0.146630985889	0.0649873245475	42.21236517	0.02179480499	0.0	0.0	0.0	8.16
14065	0.140029604784	0.0636093804726	0.0817071580686	0.257073319136	0.311801264467	0.217579821707	0.182166569092	0.0817966371215	35.0376175	0.03248673941	0.0	1.83	0.0	7.5
14067	0.111006247508	0.0666356506713	0.0873942133014	0.316730914086	0.342321325712	0.159473171164	0.12006513359	0.108440781603	29.70979316	0.02145129392	0.0	0.0	0.0	6.83
14069	0.0565883921963	0.0579517365621	0.0629145893558	0.309226926139	0.320267222478	0.132913856187	0.110764310752	0.0859997975058	29.26527112	0.01263325564	2.16	2.83	2.16	6.66
14071	0.0748167170534	0.0536506952297	0.0726868536263	0.244215678017	0.297263345024	0.202310144673	0.14986550589	0.0830153920042	20.46523203	0.01137908918	4.5	3.16	2.5	0.0
14073	0.0735814735194	0.151379237805	0.188551893112	0.133911104661	0.19141037626	0.209726717312	0.160880516304	0.0306986015819	37.15347715	0.02016990166	5.5	5.5	8.5	9.16
14075	0.0897661583265	0.0614178249235	0.0793984678836	0.310309465742	0.331329651925	0.146114837773	0.107108176439	0.0892266807158	24.78602308	0.0155519221	1.83	2.83	2.83	9.16
14079	0.118899002162	0.111415485481	0.0733987973449	0.193264199894	0.274275649568	0.163679434513	0.158909883429	0.0644715017735	49.90247464	0.0413484023	3.16	3.83	3.5	3.83
14081	0.099704826307	0.321928449449	0.170797277173	0.114522349566	0.196931426402	0.153798522591	0.148323730032	0.0231277764469	35.57873262	0.02387816797	3.5	4.16	1.83	4.83
14083	0.0751431947717	0.175264470896	0.0405957354289	0.120537737487	0.307970763842	0.214922751768	0.240726753174	0.0110320329916	47.34177215	0.02386727962	4.5	4.16	3.16	4.5
14085	0.0753276179304	0.0598333587768	0.0898785945572	0.291684811866	0.345898649354	0.186180187853	0.145879365896	0.116120168087	26.45416697	0.01175959356	0.0	0.0	3.16	6.5
14091	0.102243207349	0.110486952164	0.0723865706151	0.273750748104	0.323050938554	0.14660234382	0.158796595009	0.0718036664542	47.34103201	0.03374620541	3.16	2.83	0.0	4.16
14093	0.0516083625926	0.222582729109	0.0419298250221	0.134172026125	0.31602768973	0.24666549367	0.232158848292	0.010274665105	18.89076866	0.006450936965	2.83	2.83	2.83	5.5
14095	0.0879159788088	0.108844561091	0.0690616659954	0.212146426311	0.29788191417	0.164107761692	0.175618039358	0.0636399445878	44.67939405	0.02551495475	5.16	3.5	3.5	5.5
14097	0.0460388791174	0.200885416187	0.275235282201	0.222187433812	0.226125302736	0.104934249906	0.0771044174118	0.0779343512013	16.77914245	0.004868625764	4.5	4.16	0.0	0.0
14101	0.0772902897182	0.367916997963	0.203145964816	0.125059012076	0.159157121205	0.0965328852557	0.0919516846395	0.0294221786016	58.28969279	0.03107267983	4.16	3.16	3.5	6.16
14103	0.101870013006	0.0912146882726	0.0799313391215	0.211239996719	0.280272300139	0.184937959155	0.161398760355	0.0843345401713	34.38534674	0.02766654736	2.83	1.83	2.5	8.83
14105	0.0832743723923	0.120733689343	0.0665024461349	0.249188399784	0.290494488812	0.154112680197	0.15553873356	0.0641078305167	36.10674884	0.02258750215	2.16	0.0	5.16	7.5
14107	0.0562529435004	0.0549483171548	0.109629905741	0.238680776124	0.290763156191	0.179559663498	0.171847971412	0.0711484506307	22.78717587	0.007743969884	0.0	0.0	3.83	7.5
14109	0.0599451445901	0.186731383167	0.187240542459	0.251179056829	0.219607464201	0.105083788294	0.0784960103467	0.080586536639	25.98419304	0.0104854705	3.16	1.83	2.83	5.16
14113	0.0765755081711	0.289257844928	0.109472023908	0.147329285359	0.242643675435	0.169143284078	0.155508645431	0.0230461801191	45.41758991	0.0226832679	4.16	2.16	3.33	9.16
14115	0.0659043935278	0.108927306012	0.0753941773946	0.25625221448	0.331832408173	0.156358509507	0.152964450218	0.0680421046415	46.84755351	0.01873551953	0.0	1.83	0.0	5.5
14119	0.0670198985283	0.0637814400345	0.0724802993775	0.344964197042	0.350590119103	0.124525925659	0.0913695081141	0.0862581411248	37.49799003	0.01716229615	3.5	2.83	0.0	2.5
14121	0.135265845239	0.265335842363	0.17604356442	0.111621839742	0.171980375236	0.135713315435	0.119928005242	0.0214286285039	58.13474921	0.05282804974	2.66	2.5	0.0	0.0
14123	0.0866476104799	0.0557159693102	0.0814240872135	0.317453177724	0.333173725678	0.130318844505	0.105247545025	0.094212046025	34.23950664	0.01895517873	4.5	2.83	2.5	6.83
14125	0.0664875011256	0.0555540163327	0.0849743373068	0.287375409529	0.324624410381	0.163382349885	0.137650391694	0.0754105684581	37.88459823	0.01789437906	2.16	1.83		6.16
14127	0.0597910374663	0.0520145922154	0.0743204636356	0.253194401713	0.30205540521	0.189248287424	0.138663719759	0.0762622203525	40.01903289	0.01603887844	0.0	0.0	2.5	7.16
14129	0.0800423225772	0.0781274104083	0.0753556505	0.35079279376	0.35297934846	0.14911665873	0.115825357327	0.128091191404	22.03026623	0.01197396595	6.16	5.5	8.83	8.5
14133	0.0936385991788	0.0554045415541	0.0720077631435	0.199552525037	0.270123415553	0.244919114725	0.190728284219	0.0458733824385	45.23982208	0.03278588987	3.5	3.5	2.5	5.83
14135	0.0711729889559	0.0575305742261	0.114889014057	0.26156279697	0.284216294507	0.185009844254	0.122927384749	0.108875514239	15.4763438	0.006806129644	5.5	4.16	3.66	5.83
14137	0.0876119631688	0.054859514954	0.0773649825177	0.297432682798	0.323259085907	0.148347193782	0.0960118127238	0.10710574338	47.93736047	0.02709685231	2.83	2.16	0.0	6.5
14139	0.130817750617	0.115696126444	0.0696916336903	0.268341880869	0.317816120742	0.140098023728	0.134256672665	0.0972415414077	52.53617892	0.04711194378	2.16	2.16	1.83	5.5
14143	0.0911188198841	0.0484401762861	0.0717773907354	0.18882190489	0.254741536922	0.244712380439	0.197588094917	0.0434556686746	52.83660165	0.03323489981	2.16	0.0	1.83	8.83
14145	0.0806407332102	0.122484492564	0.0551765422287	0.243057519429	0.323398941056	0.16730278979	0.148404875682	0.0534487919165	48.96801968	0.02748361352	4.16	4.83	3.16	4.5
14147	0.0737206039637	0.292582627794	0.211843823017	0.133693775953	0.175312245388	0.110891676563	0.120956027881	0.0412234872481	45.08624894	0.02353109783	3.16	4.66		6.5
14149	0.0801572454116	0.144387406399	0.141644591446	0.290393163416	0.29613321959	0.136177918793	0.0894393143461	0.0860349910951	37.33957005	0.02247514584	4.5	5.5	3.16	3.16
14151	0.047641200783	0.209555849441	0.121293108447	0.138311471382	0.250428634141	0.170216760492	0.167840981565	0.0198455536628	52.71891532	0.01760396633	0.0	0.0	2.83	8.16
14153	0.0747378614603	0.174611226198	0.2148152615	0.224339510202	0.217037586197	0.0921599648117	0.0714832997531	0.0547475808054	43.68971014	0.02215550847	3.83	2.5	2.5	3.16
14155	0.0483156781746	0.211799287592	0.190656034808	0.231094429009	0.208514551417	0.0958692116812	0.0623634714437	0.0678469770945	35.49614942	0.01214500288	4.5	3.5		5.16
14157	0.0829019003187	0.339855826929	0.158933723305	0.115929773249	0.170690107375	0.12948553898	0.147342653452	0.0233919615962	40.13111567	0.02384730993	2.5	1.83	2.83	5.83
14159	0.0489989701664	0.325932472903	0.147922182458	0.116869345286	0.174465058653	0.114634093411	0.121546999475	0.0199120892996	22.54025817	0.008446939121	4.5	4.83	3.16	7.16
14161	0.0692445107567	0.106734681533	0.075277940198	0.220726253604	0.300071375285	0.168185978991	0.158066818558	0.0642595318265	36.39618605	0.01769605864	2.83	2.5		6.83
14163	0.0699314054421	0.0528666666049	0.0779163348497	0.280377358141	0.314039588117	0.127322216423	0.0932984257275	0.0874967668128	37.36757601	0.0188399706	4.83	3.16	2.5	4.33
14165	0.067384134071	0.176082254235	0.22515027332	0.213732213597	0.213790484381	0.115883510674	0.0753762735432	0.0905949949415	17.82883029	0.007902023385	1.83	0.0	2.5	6.16
14167	0.0673537236595	0.061114352952	0.0675879040091	0.274706026881	0.354192020209	0.171276052564	0.143398033653	0.0585719605502	29.34970376	0.01365511421	4.83	3.66	2.5	4.5
14169	0.0809758069951	0.312601314717	0.332175042425	0.137231741909	0.114989370761	0.0800286713758	0.0222852556837	0.0560427375038	64.44474871	0.03598095456	4.5	4.5	3.5	3.33
14171	0.0984770726769	0.0970237034901	0.0759413675808	0.231286457936	0.319232259141	0.171904733629	0.183031207852	0.0729130438471	38.46835381	0.02529486997	5.5	4.16	1.83	0.0
14173	0.0729534353631	0.314606317161	0.211654835558	0.136966460436	0.165280364702	0.114700097688	0.118300227939	0.0306193422338	47.46867252	0.02370964716	3.16	2.16	2.16	5.16
14175	0.0599316756367	0.167766446711	0.266377710373	0.187666692014	0.209887599945	0.122840220688	0.0746019810122	0.101768378719	34.43002665	0.01389953236	3.5	2.66	0.0	4.5
14177	0.0606073616399	0.0977765981737	0.0821388216146	0.225622691071	0.305446973437	0.159322655748	0.177581365032	0.0802243502799	25.33722854	0.01078575629	2.83	2.16	3.5	8.5
14179	0.150859026203	0.112898249223	0.201194455483	0.0963254715879	0.189595848624	0.207080245904	0.162607232183	0.037423155139	43.51225899	0.04624896065	3.83	3.66	4.5	5.5
14181	0.108249486612	0.142698001158	0.20663955028	0.124624374618	0.204377869223	0.231361448744	0.183358705391	0.0502446024912	49.68352604	0.03503874669	3.5	4.16	2.16	2.83
14183	0.0461653282078	0.148637941346	0.221103857931	0.222997807006	0.230159541567	0.117534747959	0.0838219432275	0.084782975417	20.50716934	0.006316754222	3.83	3.83	0.0	5.16
14185	0.0563140271193	0.269321685509	0.218829360475	0.136788449425	0.177076219209	0.140881212081	0.115669860425	0.0428040977356	41.63030999	0.01686519561	2.5	2.5	3.83	5.16
14193	0.0364928940279	0.39072928198	0.182859921806	0.113851686429	0.154871158264	0.101302174984	0.0821016528344	0.0266821093315	40.66096245	0.01068606309	0.0	0.0	0.0	5.16
14195	0.0771833029532	0.133797203362	0.0558645369127	0.246554235609	0.30655107441	0.155864195776	0.136949305957	0.0587585127807	42.42677695	0.02351451879	0.0	1.83	3.5	5.16
14197	0.0587798080887	0.220134614864	0.145351585441	0.131641814324	0.25766539182	0.17421468031	0.195606952608	0.0204627962904	43.75318868	0.01725329221	3.16	3.16	2.5	5.83
14199	0.085002229323	0.110184290704	0.165833766813	0.278522949642	0.299184439325	0.154897698843	0.103855490327	0.10492061133	42.21823291	0.02194694362	5.83	3.83	4.16	4.16
14201	0.0629262037346	0.114163753579	0.080787675444	0.246937305672	0.30118221582	0.181548298698	0.166079364801	0.0538725033815	33.50657829	0.01429378751	5.5	6.83	5.83	2.5
14203	0.102301770999	0.0534503946862	0.0942007132248	0.282063074406	0.285893076593	0.146678528616	0.107571793693	0.0894697557997	45.92128933	0.03131575498	4.66	3.5	3.16	3.83
14207	0.0714619765229	0.27195806787	0.247943145557	0.13900990384	0.139015300047	0.168653070622	0.11975983279	0.0354764671389	39.07805202	0.01867176543	5.5	5.5	3.83	3.16
14209	0.0649062912513	0.198508482499	0.144298475213	0.262684993841	0.262789929514	0.0976032930722	0.0913083451287	0.0690142843685	29.91001822	0.0136189373	3.83	5.16	2.5	5.83
14213	0.0840390325977	0.1823127622	0.253287072889	0.214439721212	0.210091313771	0.111569660874	0.0714492648656	0.0837117181363	30.28179136	0.01623000717	3.83	5.16	0.0	2.16
14215	0.147098901967	0.0593438956474	0.079438294889	0.258114286279	0.274478631803	0.174852130895	0.132100926219	0.0679852279011	51.87827049	0.05428703909	3.5	4.5	2.5	6.83
14217	0.110204333396	0.115586085496	0.0612751087145	0.0724964829414	0.214614119952	0.340750195129	0.261212477789	0.00759044119217	50.2006339	0.04087401599	2.5	2.5	0.0	2.5
14219	0.122539251872	0.054468843774	0.0832501666154	0.30006326309	0.28858118143	0.131375786137	0.0992401663109	0.0973321244558	40.2342778	0.0354967795	2.5	3.16	0.0	6.83
14221	0.0763123938993	0.0618768538936	0.0936774404626	0.286490718222	0.312701038431	0.19010911786	0.119295182422	0.103489200887	17.7562263	0.009064284589	0.0	2.83	0.0	7.5
14223	0.052602908473	0.102929364992	0.0576943611774	0.265481343463	0.283677483553	0.173104749289	0.156230220325	0.0859604352341	30.20010602	0.01107820576	4.16	6.16	2.83	4.5
14225	0.0982620068495	0.121631205674	0.0586252460696	0.277265863064	0.277745867379	0.166480597578	0.177675754389	0.121214572715	24.85214586	0.0165444193	0.0	2.16	2.5	8.16
14227	0.0772019830371	0.0603340761085	0.0670829662642	0.310896339673	0.242011711665	0.15502409701	0.103449586291	0.136083329015	46.75328459	0.02527282758	3.16	5.16	3.5	3.33
14229	0.0757098967482	0.206304323872	0.186927594097	0.267785498078	0.20411354459	0.122994756389	0.0837535567755	0.0842299540455	30.43191717	0.0157892899	3.5	3.16	0.0	5.83
14231	0.107322590849	0.439643024894	0.279479682902	0.116091678569	0.0737607960046	0.0468438761132	0.0183280451683	0.0363665992466	46.32149384	0.03375603397	3.83	3.83	3.5	5.16
14233	0.0853075938211	0.288022537	0.239522798561	0.125258253423	0.161966369552	0.134183898828	0.131802369723	0.0305141049623	45.23840736	0.02802998844	3.5	3.5	3.16	3.16
14235	0.087401242312	0.356088246994	0.198787062819	0.127035280438	0.149443407484	0.129726752547	0.117765062269	0.0331054741287	51.06331097	0.02826394199	0.0	1.83	0.0	8.5
14237	0.0789506658524	0.213100985825	0.0374213896825	0.113827626807	0.253931503617	0.22319065041	0.23695359409	0.00956926456527	38.53116757	0.02105153724	5.16	5.5	4.16	2.83
14239	0.0715099802859	0.154884384754	0.162989088768	0.0881010076119	0.167193746235	0.273995810744	0.21157453042	0.0177683998686	58.59876425	0.03121499964	6.16	5.5	3.83	3.83
14241	0.0738816436202	0.125940100924	0.172049282391	0.26371452913	0.263253162068	0.131021692116	0.092420211023	0.12	35.67757348	0.01863120084	6.16	4.83	2.5	5.16
14243	0.0886820469381	0.15690069261	0.0806437789626	0.0988489710499	0.235260351786	0.269589914794	0.205955453685	0.0201604464597	34.53241244	0.02324971207	6.33	4.5	2.16	5.5
14245	0.0542550442085	0.29660091511	0.25428343665	0.12630268527	0.147908241452	0.165997502921	0.113300402954	0.0375016835262	36.04593196	0.01335444869	4.83	3.5	2.16	6.5
14247	0.0591828253263	0.0452484834774	0.116008098288	0.119477703655	0.23712401488	0.281756103265	0.208358063274	0.0339512958913	21.66047199	0.00930151623	4.5	2.16	2.5	7.83
14251	0.0684495454176	0.0608235248742	0.10039299486	0.315307597053	0.34264490711	0.131639738025	0.103795284882	0.082652834298	16.80743469	0.008383994518	4.5	4.83	3.5	7.16
14253	0.0887059415911	0.129222893588	0.0553902316213	0.113811681772	0.257916247063	0.227095501846	0.210034407519	0.0185120845921	46.07329581	0.03048299559	3.5	3.83	2.16	3.83
14255	0.0586997983335	0.163128644457	0.160927509497	0.251961167477	0.259982490972	0.113643753811	0.0875154376475	0.083934685072	25.60709195	0.01056173319	4.83	4.5	2.5	3.83
14259	0.0514653402532	0.0865733683441	0.147377719427	0.266846346342	0.280364176264	0.131594251425	0.0836446704086	0.0922016671219	34.67724168	0.01298421533	5.83	5.83	4.33	3.16
14261	0.0970195557507	0.389334367134	0.171495980244	0.118037640615	0.136312542343	0.157941595949	0.109865102283	0.0240425226643	36.43300285	0.02641121002	5.83	3.5		3.5
14263	0.0495546515714	0.0550687300428	0.0654117355568	0.275829071152	0.310808453403	0.183700222232	0.126596263776	0.0711887503698	31.59747746	0.01081913233	4.83	4.5	3.83	3.16
14265	0.0935913604637	0.058669329762	0.0773553496687	0.286165113837	0.309837206006	0.1535261908	0.112975936687	0.114970365592	23.16304408	0.01559569028	5.5	2.5	1.83	5.16
14267	0.0546647080727	0.0669909488332	0.0913003832159	0.346480541604	0.362539252509	0.14153479876	0.0977479101979	0.092420417462	15.96485318	0.005702423108	6.83	6.16	4.16	2.5
14271	0.11931281244	0.176816823511	0.126968094863	0.242758595069	0.24877694267	0.140154127282	0.0767525070644	0.0808831553602	50.65743741	0.04640830346	4.66	4.16	2.83	2.5
14273	0.0610742056749	0.115592332252	0.052385872084	0.257048509192	0.334387391215	0.146658877903	0.154608566353	0.0584044621247	38.70827286	0.01685088578	4.16	3.16	0.0	4.16
14275	0.0686836296845	0.0628569333827	0.100668719516	0.325262780144	0.332548079891	0.169099601778	0.102069441872	0.0971572667778	21.41177828	0.009683402275	3.83	2.5	2.83	4.5
14277	0.0756682701559	0.459372715028	0.334208197037	0.124274773908	0.064660380989	0.0517898787762	0.0222774677699	0.032906676929	32.04429131	0.01685999954	3.83	3.83	4.16	5.16
14279	0.128254422779	0.123772720717	0.0732814572216	0.216148902264	0.292923554264	0.191177660439	0.16637879177	0.0671639690854	39.73903129	0.03732287769	3.5	2.5		6.33
14281	0.0791927265646	0.108556764601	0.0628497512622	0.0830246326887	0.232770331357	0.33208462184	0.25078469463	0.00984519377437	51.77925563	0.02960595128	4.83	3.16	2.16	4.16
14283	0.0788069068009	0.0574824902151	0.0787094258556	0.212716297343	0.273682351903	0.24218313175	0.193473926606	0.0526728171625	44.72271091	0.02574914244	4.16	3.16	2.5	2.83
14285	0.0726256003927	0.0517949077533	0.0927928608222	0.296186073857	0.29210165076	0.146335346104	0.091599491908	0.113507587669	19.78629396	0.01031136822	3.83	2.5	0.0	5.83
14287	0.103525243814	0.228259441801	0.240956068662	0.142883930424	0.171036575499	0.162724135108	0.125213926598	0.0440883919002	40.83981804	0.02787228474	5.83	3.83	3.5	4.33
14289	0.0914356252936	0.0416279889055	0.103089281321	0.246882479254	0.26314111884	0.135816259199	0.0960294249223	0.105089806965	45.48939313	0.03052656512	5.16	3.16	2.5	6.16
14291	0.0790275560328	0.0971419623136	0.0820605563954	0.221179432113	0.309663920954	0.16929110681	0.175023901362	0.0798305475884	19.97539708	0.01121113952	2.16	0.0	2.16	6.7
14293	0.0604536061103	0.0867876369337	0.0665729481806	0.252962173578	0.307289959381	0.149609686259	0.135261688358	0.0667815473915	31.58601248	0.01386740541	4.16	3.16	2.16	4.5
14295	0.0544677068024	0.19154813143	0.168445241969	0.243750656099	0.25707110802	0.114387597103	0.0697236510603	0.0748871509553	26.75940519	0.009174300455	6.16	4.66	3.83	2.5
14297	0.0821101960452	0.0561686394907	0.0815116702337	0.277885235989	0.294309518396	0.124191556809	0.116138478684	0.111079049251	48.2912841	0.02709064805	2.5	2.5	1.83	4.83
14299	0.0782359604897	0.450951265817	0.283299900597	0.119826134847	0.102697081501	0.0658173408438	0.0244980611998	0.0430856922815	43.1995221	0.02308293609	5.16	4.5	3.5	5.16
14301	0.0415597675612	0.245033586939	0.252529764618	0.128811577141	0.158210241998	0.166580279166	0.127212323112	0.0388939100719	18.73777462	0.00501564491	0.0	0.0	0.0	5.5
14303	0.0936677275326	0.162468448382	0.0450796804695	0.105701528918	0.264480243056	0.19411537062	0.21887609817	0.0101300186566	51.75310806	0.04153196054	2.83	2.5	2.83	2.83
14305	0.101294989694	0.0537038979062	0.102204510951	0.245077755247	0.278130228155	0.141155150801	0.109063163703	0.115559184058	36.87004003	0.0264935162	4.5	3.83	3.16	4.5
14307	0.0908665711329	0.110957278481	0.0848297806703	0.239580845474	0.304583631876	0.18214861476	0.174571839424	0.0628420806464	29.81153849	0.01887042887	5.83	3.5	4.16	4.5
14309	0.0831307424775	0.136043725019	0.0514703337774	0.0802843770007	0.251475092139	0.344924990916	0.282248715242	0.00793997542955	43.31313688	0.02443035872	4.83	2.83	5.83	6.83
14311	0.0998616092312	0.0530036644316	0.129490877904	0.111351941369	0.238778652737	0.302073912366	0.241981132075	0.0459535318884	34.38321275	0.02347447883	4.83	2.83	5.5	9.16
14313	0.0800302416973	0.0649487702497	0.0817037731243	0.311200059853	0.347112075415	0.14703056459	0.105141088544	0.101927908204	31.8849262	0.01704640749	5.16	4.83	2.83	5.16
14315	0.0516273346589	0.260872665341	0.217665178135	0.14146484566	0.202434890316	0.143897291307	0.158929968382	0.0459679259428	39.80150095	0.01263189482	3.83	3.83	3.16	6.16
14317	0.0634162476372	0.192617836745	0.142776114662	0.240059418402	0.252298940475	0.103895033859	0.0661423772854	0.0851285627458	35.88703149	0.01618467605	5.5	4.5	3.16	5.16
14319	0.107712816084	0.100202298504	0.156880148131	0.250691367417	0.269005607472	0.120193411534	0.0811044515951	0.0918910398097	48.26856041	0.03869393767	3.83	3.83	3.5	4.5
14321	0.101901030446	0.316236273803	0.187610484056	0.0948195812981	0.124007908544	0.181037211231	0.112124152872	0.0272812566693	44.40853465	0.0329958393	3.16	2.83	1.83	0.0
14323	0.0910878815435	0.0624678293842	0.0708686495204	0.252098596503	0.333861288884	0.200895844414	0.147454017466	0.0773831992176	31.00501754	0.01988679325	5.5	4.83	2.5	4.5
14325	0.101715437548	0.0573601167721	0.0937804962814	0.114257315632	0.242240911934	0.306006811705	0.250907068882	0.060243275179	48.64092043	0.03268210555	3.16	1.83	2.5	5.83
14327	0.0655224196862	0.0976718904029	0.0663755378053	0.234913352312	0.278075969892	0.179370387773	0.161771832361	0.09300645827	33.24873096	0.01515171916	4.83	3.16	3.16	3.83
14329	0.0473430465732	0.177953835248	0.0702219982818	0.142338970267	0.269356976429	0.255727561931	0.204229969377	0.0232138190683	32.47048289	0.01034021573	3.83	3.16	2.16	5.5
14331	0.126709825779	0.0610798493095	0.105073324935	0.229623214413	0.253626137903	0.205501449861	0.154270553562	0.0942275925178	42.57554484	0.03585898396	5.16	3.16	2.5	3.66
14333	0.128974922547	0.056522010533	0.0842573519024	0.290099120499	0.322182687917	0.125710878286	0.0974531584187	0.0799156966525	43.36745867	0.0401714145	6.5	4.83	6.16	6.5
14335	0.0731244916684	0.0552688477046	0.12609083252	0.135465841566	0.264737635784	0.298703591679	0.244580932175	0.036440680419	32.81474811	0.01620795642	3.83	2.5	1.83	4.83
14337	0.0867668046239	0.269243256743	0.254436634794	0.139467675182	0.138727344084	0.15426894534	0.110701798202	0.0324907235622	55.7277281	0.03322497625	5.16	3.16		5.33
14339	0.0766129107425	0.0502910873038	0.0636104519263	0.295965789086	0.357842579837	0.110173235627	0.0983582415083	0.110643001881	30.95257473	0.01774348282	1.83	0.0	0.0	3.83
14341	0.050729805938	0.236543373694	0.155604577874	0.270290263725	0.271856029192	0.10564604412	0.0746608061038	0.0794543041964	23.56673717	0.007821894818	1.83	0.0	3.5	6.5
14343	0.0617911931426	0.289459462658	0.274580189107	0.146189257101	0.16280221059	0.157297431629	0.12059824778	0.0326874603068	41.85730806	0.0161936634	0.0	0.0	0.0	7.16
14345	0.0447173166891	0.116763896283	0.070381404411	0.265467438462	0.341116233759	0.154786529073	0.14595543674	0.0693301917783	37.39873066	0.01065752069	6.5	4.83	4.16	2.83
14347	0.0622300244707	0.09455261198	0.0853042876902	0.269092456644	0.311865624003	0.144890413874	0.124465368656	0.0824396212363	31.63507109	0.0143123282	2.83	2.5	2.16	6.5
14349	0.119685881519	0.103288718009	0.0983159205178	0.237774346418	0.311461851146	0.173863925552	0.14695201216	0.0695950918558	33.85336261	0.0283678414	3.5	3.5	1.83	3.5
14351	0.12335324628	0.0481701355517	0.0995612799523	0.11422670931	0.258283481921	0.31148501972	0.247982467769	0.043103519703	40.88752944	0.03379318928	4.83	2.5	0.0	3.5
14353	0.0921516414823	0.0600228632605	0.0896248882921	0.266200479947	0.331993594658	0.181313820932	0.138397575769	0.0728516927432	31.36437602	0.01995678015	4.33	2.16	1.83	7.5
14355	0.0467968760761	0.101134970593	0.0952053002025	0.269778194056	0.344380013131	0.162500057391	0.148925864198	0.103210240447	19.31541679	0.005516080338	5.16	3.83	2.16	4.16
14357	0.0489068825911	0.248036867947	0.133119131708	0.136249461625	0.226603497287	0.169146351968	0.162982169007	0.023102765096	43.39247386	0.01375558875	3.16	3.16	2.83	5.83
14359	0.0743376954995	0.0936467405347	0.0845226695849	0.224546684298	0.275216208411	0.173048804584	0.172405879045	0.0651619473196	28.97032986	0.01566565917	2.83	0.0	0.0	3.83
14361	0.0682461974686	0.049668965861	0.0689550618733	0.214857908684	0.243505999042	0.255422397346	0.171496728425	0.0731985567964	39.70904478	0.02011325781	2.83	1.83	2.5	6.5
14363	0.068091853921	0.151992769995	0.0836265045393	0.130633036191	0.257619849649	0.254134658834	0.237459639321	0.0202785194923	36.74457181	0.01660987393	0.0	0.0	3.83	6.83
14365	0.0619875048809	0.078348998717	0.0944647040776	0.257492190551	0.321975930161	0.161650373738	0.136649676466	0.0671473196854	22.43544289	0.009725052807	2.5	4.33	0.0	3.5
14367	0.0755568711611	0.055870361169	0.0903151462613	0.247715603669	0.300631138269	0.19992212085	0.15096749867	0.0701617137642	32.8482071	0.01723168057	5.5	3.16	0.0	4.5
14369	0.0525697332501	0.0601992163705	0.08011897331	0.264262508366	0.32080303224	0.174788111694	0.140352031646	0.102971700596	16.43667428	0.006068362765	4.83	3.16	3.83	3.5
14371	0.0843499382111	0.199531256658	0.191939319044	0.275005752759	0.272387608131	0.105296799761	0.0739182682064	0.0747858695189	26.73914436	0.01419097801	3.16	2.16	1.83	2.83
14375	0.087339241305	0.438834875879	0.301581058436	0.124268161277	0.0814415123096	0.0584651564875	0.020925773424	0.0430991039713	20.88038909	0.01294616052	5.33	3.83	2.5	6.5
14377	0.0910921454365	0.210097265559	0.167026655427	0.254961976346	0.246511259239	0.0997608373892	0.0692778935399	0.0709104184355	37.86053727	0.0236661936	2.16	0.0	2.16	6.16
14379	0.0516185157154	0.111668450035	0.0890727353394	0.265269549634	0.33191533784	0.147956955572	0.136736522518	0.0784351593288	29.59642767	0.01030699147	4.5	2.83	2.33	5.16
14381	0.0690576818073	0.365460902408	0.184324762965	0.127891858301	0.187315794396	0.134035313176	0.136659818819	0.0210639202874	26.0179841	0.01185821899	5.83	2.83	2.5	4.5
14383	0.0590633046324	0.0564603304482	0.0918660340958	0.254323902322	0.323048426205	0.197623355078	0.141774826781	0.0818595032016	11.11607741	0.004275164468	0.0	0.0		3.83
14385	0.0522333749062	0.0632154548231	0.0920947860806	0.312057456142	0.333176840597	0.14873897297	0.108947484082	0.113891988618	20.79126704	0.007154680383	7.16	4.83	3.83	2.83
14387	0.0772620931042	0.0632509513832	0.10863330666	0.314680316904	0.336763708776	0.169448533679	0.112736624132	0.110006169484	25.84505809	0.01278894032	4.66	3.5	2.83	4.5
14389	0.0612134270707	0.136613130596	0.074477572843	0.126295563325	0.282889706205	0.269731552465	0.216194976886	0.0164105949636	47.58022166	0.01776767534	9.16	7.5	6.16	5.33
14393	0.0459374475295	0.10324095981	0.0785244913223	0.249965655671	0.336818646681	0.158054508266	0.155589348679	0.0707245126921	24.57859337	0.00809691866	3.5	0.0	2.16	6.33
14395	0.0583490207073	0.11740697721	0.0940100933232	0.221960988505	0.315416349581	0.198007369728	0.18023991669	0.054628109104	29.0635755	0.01120911937	8.5	5.33	3.5	4.83
14399	0.0682890800245	0.112941681232	0.0842214229975	0.263062188833	0.331919972587	0.170494498691	0.149668424129	0.0701909980678	24.65331961	0.01073469612	4.5	4.16	0.0	4.83
14403	0.0413080045061	0.0535500995355	0.0966512862456	0.276438635206	0.336028764988	0.156867949569	0.11799817904	0.0724140059567	20.36771684	0.005525510132	4.83	3.5	2.83	5.16
14405	0.0552775356619	0.111769666305	0.0837376078006	0.238961996074	0.315830126774	0.168633120035	0.141571887157	0.066938781295	19.60613811	0.007856960843	4.5	3.16	0.0	1.83
14407	0.0435077734758	0.21242664743	0.039010457358	0.137840942214	0.342233911015	0.204278506183	0.213459472913	0.0101565609041	40.50227179	0.0116000016	6.5	5.5	4.5	2.16
14409	0.0623846448951	0.0998133173032	0.0856263385723	0.23705832777	0.336888259229	0.176570717399	0.155417876228	0.084711049622	23.74096007	0.009845491512	4.16	3.5	0.0	7.16
14411	0.0624484267719	0.202815291511	0.16150190635	0.267440167226	0.262916598163	0.108944578841	0.0698608795046	0.0977945839303	23.36168714	0.0100612074	4.5	3.5	2.5	2.83
14413	0.050730281244	0.10324630791	0.0772549213342	0.243063345287	0.319097740865	0.185418204432	0.162794887741	0.0790726329065	34.05227481	0.01151738729	5.5	4.5	4.16	2.5
14415	0.080673013425	0.157781615183	0.181715265444	0.25475904331	0.252004725204	0.135064130698	0.061064647517	0.108730962801	21.08119494	0.01106559472	5.5	3.66		1.83
14419	0.0675469608875	0.112405686136	0.0498472271299	0.0807041345989	0.243242375056	0.339176557064	0.237397891602	0.00791546756812	45.40217808	0.02481033568	4.16	3.16	3.16	5.83
14421	0.0552017822938	0.0608955861922	0.106743614406	0.258524675068	0.326723719798	0.220432255572	0.136003485667	0.0898808789799	16.25530552	0.005366613792	8.33	6.5	3.5	2.83
14423	0.056877875962	0.185155963676	0.150228719578	0.290414477881	0.290260075199	0.119280313828	0.0776662458769	0.0847246542059	9.758861986	0.003292617266	5.5	4.83	3.5	2.5
14425	0.0818265648381	0.0463717645151	0.0923821072578	0.241789476884	0.283972802167	0.212620713183	0.113912036021	0.0933211283115	23.27077327	0.01267007035	4.16	2.5	0.0	5.83
14427	0.0588081888121	0.0644483694686	0.0845790016477	0.333607558174	0.359176851314	0.139145793573	0.0960442869166	0.0870067212746	28.3721964	0.01006758443	7.33	4.16	4.83	5.16
14429	0.045911589386	0.1129578689	0.126141431302	0.318817998192	0.329544612741	0.133828344536	0.0664462409932	0.0756986868293	25.78502572	0.007421672779	7.5	5.5	5.16	4.16
14431	0.0471524995565	0.131916842978	0.0661649635771	0.252561254293	0.351939774445	0.164002361994	0.143199866542	0.0603844330817	40.09084974	0.01188097052	5.5	3.83	3.5	2.5
14433	0.0729193712087	0.11126289329	0.0913328770033	0.26435079189	0.333608704888	0.179907121108	0.152249982298	0.0751115254797	29.42842951	0.01427908716	4.83	2.5	2.16	3.5
14435	0.0659426140147	0.0489339572051	0.0959453247924	0.232079402215	0.27144902854	0.19332117412	0.142149352065	0.0722805301338	20.51031879	0.008923333404	6.16	3.66	3.5	4.5
14437	0.0696874455466	0.165568025608	0.0634712066551	0.130788840199	0.278243809253	0.257222699082	0.209356627019	0.0200504682186	36.43460788	0.01760061883	4.5	2.83	2.16	8.16
14439	0.0807079651509	0.0469292965647	0.0874515984909	0.258608332506	0.296442178813	0.155793908856	0.0832552497021	0.120043499305	28.22045372	0.01776512695	5.5	1.83	0.0	6.33
14447	0.0791214123807	0.11012099735	0.0582140918814	0.070593493599	0.234600772595	0.33964307378	0.261939150145	0.0069252625866	44.35585133	0.02486630431	3.83	2.83	1.83	3.5
14457	0.0699308203763	0.0475113019584	0.0824139864664	0.289071675048	0.330106361593	0.140720151267	0.0861714814294	0.100161575306	33.10248821	0.01688119779	2.16	0.0	2.16	
14459	0.0861974861374	0.475436445471	0.266825398081	0.131295137598	0.0725049241016	0.0635474098039	0.0156368900244	0.0463933427728	22.12285052	0.01380779346	4.66	2.83	3.16	2.83
14461	0.0426528533989	0.0514453644263	0.0795290116444	0.286124305403	0.325799163192	0.155557547734	0.104532408464	0.082320707435	18.15945569	0.005466600445	5.83	3.83	5.5	2.83
14467	0.0718689734589	0.0927036363889	0.0874967049128	0.260490863937	0.322577243781	0.170639732508	0.144048725668	0.088680161494	17.82206451	0.008720046067	6.16	3.5	2.5	3.83
14471	0.043253851914	0.159788837993	0.0495991693946	0.180227184027	0.310158670284	0.188619137164	0.182234604949	0.0283597223597	28.40041454	0.00877931242	5.66	5.83	2.83	3.16
14475	0.0565798434817	0.0504504284066	0.0904853371178	0.210498305541	0.291367434577	0.257133652242	0.170557193601	0.0601950972836	35.57840173	0.01374622263	6.5	5.83	5.16	5.5
14477	0.0703375239352	0.154752732257	0.235045202688	0.234996059793	0.243371413227	0.123915565486	0.0619463745707	0.0870443532181	38.95140603	0.01965559259	3.16	2.83	0.0	5.5
14479	0.064326283725	0.195909217681	0.172386267675	0.20727021444	0.224497770762	0.126053925891	0.0605032896705	0.0720181073655	9.360239662	0.004367592131	5.5	4.83	4.16	1.83
14481	0.0385538052907	0.0908544823668	0.0913496230789	0.246259576559	0.342272734251	0.162033838454	0.119866273625	0.10369167703	16.38411026	0.004144831801	5.83	5.5	4.5	2.5
14483	0.0680624633926	0.128566843044	0.102015930217	0.0894097480749	0.268374846538	0.278408169613	0.243291538851	0.044805802914	17.07061015	0.008321765344	0.0	0.0	0.0	8.66
