Type	Position	Nucl1	Freq1	Nucl2	Freq2	NumAs	NumCs	NumGs	NumTs	NumAligned	NumNaive
UNKNOWN	0	C	1.0	A	0.0	0	272	0	0	272	227719
UNKNOWN	1	A	1.0	C	0.0	272	0	0	0	272	227719
UNKNOWN	2	G	1.0	A	0.0	0	0	272	0	272	227719
UNKNOWN	3	G	1.0	A	0.0	0	0	272	0	272	227719
UNKNOWN	4	T	1.0	A	0.0	0	0	0	272	272	227719
UNKNOWN	5	G	1.0	A	0.0	0	0	272	0	272	227719
UNKNOWN	6	C	1.0	A	0.0	0	272	0	0	272	227719
UNKNOWN	7	A	1.0	C	0.0	272	0	0	0	272	227719
UNKNOWN	8	G	0.988970588235	A	0.00735294117647	2	1	269	0	272	227719
UNKNOWN	9	C	1.0	A	0.0	0	272	0	0	272	227719
UNKNOWN	10	T	0.992647058824	A	0.00367647058824	1	1	0	270	272	227719
UNKNOWN	11	G	0.992647058824	A	0.00735294117647	2	0	270	0	272	227719
UNKNOWN	12	C	1.0	A	0.0	0	272	0	0	272	227719
UNKNOWN	13	A	0.941176470588	G	0.0441176470588	256	4	12	0	272	227719
UNKNOWN	14	G	0.988970588235	C	0.0110294117647	0	3	269	0	272	227719
UNKNOWN	15	G	1.0	A	0.0	0	0	272	0	272	227719
UNKNOWN	16	A	1.0	C	0.0	272	0	0	0	272	227719
UNKNOWN	17	G	0.992647058824	A	0.00735294117647	2	0	270	0	272	227719
UNKNOWN	18	T	1.0	A	0.0	0	0	0	272	272	227719
UNKNOWN	19	C	1.0	A	0.0	0	272	0	0	272	227719
UNKNOWN	20	G	1.0	A	0.0	0	0	272	0	272	227719
UNKNOWN	21	G	0.996323529412	C	0.00367647058824	0	1	271	0	272	227719
UNKNOWN	22	G	1.0	A	0.0	0	0	272	0	272	227719
UNKNOWN	23	C	1.0	A	0.0	0	272	0	0	272	227719
UNKNOWN	24	C	0.996323529412	T	0.00367647058824	0	271	0	1	272	227719
UNKNOWN	25	C	1.0	A	0.0	0	272	0	0	272	227719
UNKNOWN	26	C	1.0	A	0.0	0	272	0	0	272	227719
UNKNOWN	27	A	0.988970588235	C	0.00735294117647	269	2	1	0	272	227719
UNKNOWN	28	G	0.996323529412	A	0.00367647058824	1	0	271	0	272	227719
UNKNOWN	29	C	1.0	A	0.0	0	272	0	0	272	227719
UNKNOWN	30	C	1.0	A	0.0	0	272	0	0	272	227719
UNKNOWN	31	T	0.996323529412	A	0.00367647058824	1	0	0	271	272	227719
UNKNOWN	32	G	1.0	A	0.0	0	0	272	0	272	227719
UNKNOWN	33	G	1.0	A	0.0	0	0	272	0	272	227719
UNKNOWN	34	T	1.0	A	0.0	0	0	0	272	272	227719
UNKNOWN	35	G	1.0	A	0.0	0	0	272	0	272	227719
UNKNOWN	36	A	0.992647058824	C	0.00367647058824	270	1	1	0	272	227719
UNKNOWN	37	A	0.992647058824	G	0.00735294117647	270	0	2	0	272	227719
UNKNOWN	38	G	1.0	A	0.0	0	0	272	0	272	227719
UNKNOWN	39	A	0.963235294118	C	0.0367647058824	262	10	0	0	272	227719
UNKNOWN	40	C	1.0	A	0.0	0	272	0	0	272	227719
UNKNOWN	41	C	0.996323529412	G	0.00367647058824	0	271	1	0	272	227719
UNKNOWN	42	T	0.988970588235	G	0.00735294117647	0	1	2	269	272	227719
UNKNOWN	43	C	1.0	A	0.0	0	272	0	0	272	227719
UNKNOWN	44	A	1.0	C	0.0	272	0	0	0	272	227719
UNKNOWN	45	C	0.992647058824	T	0.00735294117647	0	270	0	2	272	227719
UNKNOWN	46	A	1.0	C	0.0	272	0	0	0	272	227719
UNKNOWN	47	G	0.988970588235	A	0.0110294117647	3	0	269	0	272	227719
UNKNOWN	48	A	1.0	C	0.0	272	0	0	0	272	227719
UNKNOWN	49	C	1.0	A	0.0	0	272	0	0	272	227719
UNKNOWN	50	A	0.970588235294	C	0.0183823529412	264	5	3	0	272	227719
UNKNOWN	51	C	0.981617647059	G	0.0110294117647	0	267	3	2	272	227719
UNKNOWN	52	T	0.992647058824	C	0.00735294117647	0	2	0	270	272	227719
UNKNOWN	53	C	1.0	A	0.0	0	272	0	0	272	227719
UNKNOWN	54	T	1.0	A	0.0	0	0	0	272	272	227719
UNKNOWN	55	C	1.0	A	0.0	0	272	0	0	272	227719
UNKNOWN	56	C	1.0	A	0.0	0	272	0	0	272	227719
UNKNOWN	57	C	1.0	A	0.0	0	272	0	0	272	227719
UNKNOWN	58	T	0.996323529412	C	0.00367647058824	0	1	0	271	272	227719
UNKNOWN	59	C	1.0	A	0.0	0	272	0	0	272	227719
UNKNOWN	60	A	0.996323529412	C	0.00367647058824	271	1	0	0	272	227719
UNKNOWN	61	C	1.0	A	0.0	0	272	0	0	272	227719
UNKNOWN	62	T	0.955882352941	C	0.0441176470588	0	12	0	260	272	227719
UNKNOWN	63	T	0.996323529412	C	0.00367647058824	0	1	0	271	272	227719
UNKNOWN	64	G	0.992647058824	T	0.00735294117647	0	0	270	2	272	227719
UNKNOWN	65	C	1.0	A	0.0	0	272	0	0	272	227719
UNKNOWN	66	A	1.0	C	0.0	272	0	0	0	272	227719
UNKNOWN	67	C	1.0	A	0.0	0	272	0	0	272	227719
UNKNOWN	68	G	1.0	A	0.0	0	0	272	0	272	227719
UNKNOWN	69	G	1.0	A	0.0	0	0	272	0	272	227719
UNKNOWN	70	C	0.996323529412	T	0.00367647058824	0	271	0	1	272	227719
UNKNOWN	71	C	1.0	A	0.0	0	272	0	0	272	227719
UNKNOWN	72	T	0.981617647059	C	0.0183823529412	0	5	0	267	272	227719
UNKNOWN	73	C	0.996323529412	T	0.00367647058824	0	271	0	1	272	227719
UNKNOWN	74	T	0.992647058824	C	0.00367647058824	0	1	1	270	272	227719
UNKNOWN	75	G	0.981617647059	A	0.0110294117647	3	0	267	2	272	227719
UNKNOWN	76	G	0.882352941176	C	0.0919117647059	7	25	240	0	272	227719
UNKNOWN	77	A	1.0	C	0.0	272	0	0	0	272	227719
UNKNOWN	78	T	0.992647058824	G	0.00735294117647	0	0	2	270	272	227719
UNKNOWN	79	T	0.996323529412	C	0.00367647058824	0	1	0	271	272	227719
UNKNOWN	80	A	0.915441176471	C	0.0367647058824	249	10	5	8	272	227719
UNKNOWN	81	T	0.985294117647	C	0.0110294117647	0	3	1	268	272	227719
UNKNOWN	82	C	0.981617647059	T	0.0147058823529	0	267	1	4	272	227719
UNKNOWN	83	A	0.996323529412	G	0.00367647058824	271	0	1	0	272	227719
UNKNOWN	84	T	0.992647058824	C	0.00367647058824	0	1	1	270	272	227719
UNKNOWN	85	T	0.996323529412	A	0.00367647058824	1	0	0	271	272	227719
UNKNOWN	86	A	0.922794117647	G	0.0588235294118	251	5	16	0	272	227719
UNKNOWN	87	A	0.930147058824	C	0.0514705882353	253	14	1	4	272	227719
UNKNOWN	88	C	0.944852941176	T	0.0294117647059	2	257	5	8	272	227719
UNKNOWN	89	C	0.992647058824	T	0.00735294117647	0	270	0	2	272	227719
UNKNOWN	90	A	0.985294117647	C	0.0110294117647	268	3	1	0	272	227719
UNKNOWN	91	G	0.783088235294	A	0.136029411765	37	12	213	10	272	227719
UNKNOWN	92	A	0.8125	C	0.125	221	34	13	4	272	227719
UNKNOWN	93	T	0.761029411765	C	0.216911764706	5	59	1	207	272	227719
UNKNOWN	94	A	0.860294117647	C	0.0735294117647	234	20	18	0	272	227719
UNKNOWN	95	T	0.944852941176	C	0.0294117647059	0	8	7	257	272	227719
UNKNOWN	96	G	0.959558823529	A	0.0294117647059	8	0	261	3	272	227719
UNKNOWN	97	G	0.720588235294	A	0.242647058824	66	9	196	1	272	227719
UNKNOWN	98	T	0.926470588235	C	0.0625	2	17	1	252	272	227719
UNKNOWN	99	A	0.922794117647	G	0.0772058823529	251	0	21	0	272	227719
UNKNOWN	100	T	0.948529411765	C	0.0514705882353	0	14	0	258	272	227719
UNKNOWN	101	A	0.922794117647	C	0.0514705882353	251	14	6	1	272	227719
UNKNOWN	102	C	0.948529411765	G	0.0220588235294	4	258	6	4	272	227719
UNKNOWN	103	A	0.988970588235	G	0.00735294117647	269	1	2	0	272	227719
UNKNOWN	104	C	0.985294117647	G	0.0110294117647	0	268	3	1	272	227719
UNKNOWN	105	T	0.996323529412	C	0.00367647058824	0	1	0	271	272	227719
UNKNOWN	106	G	0.992647058824	A	0.00735294117647	2	0	270	0	272	227719
UNKNOWN	107	G	0.988970588235	A	0.00735294117647	2	1	269	0	272	227719
UNKNOWN	108	G	0.974264705882	A	0.0220588235294	6	0	265	1	272	227719
UNKNOWN	109	T	1.0	A	0.0	0	0	0	272	272	227719
UNKNOWN	110	C	1.0	A	0.0	0	272	0	0	272	227719
UNKNOWN	111	C	1.0	A	0.0	0	272	0	0	272	227719
UNKNOWN	112	G	1.0	A	0.0	0	0	272	0	272	227719
UNKNOWN	113	C	1.0	A	0.0	0	272	0	0	272	227719
UNKNOWN	114	C	1.0	A	0.0	0	272	0	0	272	227719
UNKNOWN	115	A	0.948529411765	G	0.0514705882353	258	0	14	0	272	227719
UNKNOWN	116	G	0.996323529412	A	0.00367647058824	1	0	271	0	272	227719
UNKNOWN	117	G	0.981617647059	A	0.0183823529412	5	0	267	0	272	227719
UNKNOWN	118	C	0.996323529412	T	0.00367647058824	0	271	0	1	272	227719
UNKNOWN	119	T	1.0	A	0.0	0	0	0	272	272	227719
UNKNOWN	120	C	1.0	A	0.0	0	272	0	0	272	227719
UNKNOWN	121	C	1.0	A	0.0	0	272	0	0	272	227719
UNKNOWN	122	A	0.992647058824	G	0.00735294117647	270	0	2	0	272	227719
UNKNOWN	123	G	0.992647058824	C	0.00367647058824	0	1	270	1	272	227719
UNKNOWN	124	G	1.0	A	0.0	0	0	272	0	272	227719
UNKNOWN	125	A	0.992647058824	G	0.00735294117647	270	0	2	0	272	227719
UNKNOWN	126	A	0.996323529412	G	0.00367647058824	271	0	1	0	272	227719
UNKNOWN	127	A	0.996323529412	G	0.00367647058824	271	0	1	0	272	227719
UNKNOWN	128	G	1.0	A	0.0	0	0	272	0	272	227719
UNKNOWN	129	G	0.992647058824	C	0.00735294117647	0	2	270	0	272	227719
UNKNOWN	130	C	1.0	A	0.0	0	272	0	0	272	227719
UNKNOWN	131	G	0.988970588235	A	0.0110294117647	3	0	269	0	272	227719
UNKNOWN	132	C	0.996323529412	T	0.00367647058824	0	271	0	1	272	227719
UNKNOWN	133	T	0.996323529412	C	0.00367647058824	0	1	0	271	272	227719
UNKNOWN	134	G	1.0	A	0.0	0	0	272	0	272	227719
UNKNOWN	135	G	0.996323529412	A	0.00367647058824	1	0	271	0	272	227719
UNKNOWN	136	A	0.985294117647	G	0.0147058823529	268	0	4	0	272	227719
UNKNOWN	137	G	0.963235294118	A	0.0330882352941	9	0	262	1	272	227719
UNKNOWN	138	T	0.992647058824	C	0.00367647058824	0	1	1	270	272	227719
UNKNOWN	139	G	0.988970588235	A	0.0110294117647	3	0	269	0	272	227719
UNKNOWN	140	G	0.977941176471	T	0.0147058823529	1	1	266	4	272	227719
UNKNOWN	141	C	0.985294117647	G	0.0110294117647	0	268	3	1	272	227719
UNKNOWN	142	T	0.996323529412	C	0.00367647058824	0	1	0	271	272	227719
UNKNOWN	143	T	0.988970588235	A	0.00367647058824	1	1	1	269	272	227719
UNKNOWN	144	G	0.992647058824	A	0.00367647058824	1	0	270	1	272	227719
UNKNOWN	145	G	0.963235294118	C	0.0294117647059	0	8	262	2	272	227719
UNKNOWN	146	T	0.996323529412	G	0.00367647058824	0	0	1	271	272	227719
UNKNOWN	147	G	0.672794117647	C	0.147058823529	12	40	183	37	272	227719
UNKNOWN	148	A	0.878676470588	G	0.0992647058824	239	4	27	2	272	227719
UNKNOWN	149	T	0.981617647059	C	0.00735294117647	1	2	2	267	272	227719
UNKNOWN	150	A	0.948529411765	G	0.0477941176471	258	0	13	1	272	227719
UNKNOWN	151	T	0.985294117647	G	0.00735294117647	1	1	2	268	272	227719
UNKNOWN	152	A	0.970588235294	G	0.0183823529412	264	2	5	1	272	227719
UNKNOWN	153	A	0.867647058824	G	0.117647058824	236	4	32	0	272	227719
UNKNOWN	154	G	0.830882352941	A	0.154411764706	42	1	226	3	272	227719
UNKNOWN	155	C	0.838235294118	T	0.0661764705882	15	228	11	18	272	227719
UNKNOWN	156	A	0.981617647059	G	0.0147058823529	267	1	4	0	272	227719
UNKNOWN	157	G	0.819852941176	C	0.139705882353	9	38	223	2	272	227719
UNKNOWN	158	T	0.966911764706	G	0.0183823529412	1	3	5	263	272	227719
UNKNOWN	159	G	0.841911764706	A	0.125	34	4	229	5	272	227719
UNKNOWN	160	G	0.591911764706	A	0.279411764706	76	11	161	24	272	227719
UNKNOWN	161	T	0.908088235294	G	0.0551470588235	9	1	15	247	272	227719
UNKNOWN	162	G	0.992647058824	A	0.00735294117647	2	0	270	0	272	227719
UNKNOWN	163	G	0.992647058824	A	0.00367647058824	1	0	270	1	272	227719
UNKNOWN	164	A	0.988970588235	G	0.00735294117647	269	1	2	0	272	227719
UNKNOWN	165	A	0.886029411765	G	0.0992647058824	241	3	27	1	272	227719
UNKNOWN	166	G	0.650735294118	A	0.198529411765	54	10	177	31	272	227719
UNKNOWN	167	C	0.955882352941	G	0.0257352941176	5	260	7	0	272	227719
UNKNOWN	168	A	0.988970588235	G	0.00735294117647	269	1	2	0	272	227719
UNKNOWN	169	C	0.9375	T	0.0441176470588	1	255	4	12	272	227719
UNKNOWN	170	A	0.981617647059	G	0.0147058823529	267	1	4	0	272	227719
UNKNOWN	171	G	0.900735294118	C	0.0735294117647	3	20	245	4	272	227719
UNKNOWN	172	G	0.669117647059	A	0.183823529412	50	11	182	29	272	227719
UNKNOWN	173	C	0.966911764706	T	0.0294117647059	1	263	0	8	272	227719
UNKNOWN	174	T	0.996323529412	A	0.00367647058824	1	0	0	271	272	227719
UNKNOWN	175	A	0.996323529412	C	0.00367647058824	271	1	0	0	272	227719
UNKNOWN	176	T	0.992647058824	A	0.00367647058824	1	1	0	270	272	227719
UNKNOWN	177	A	0.900735294118	C	0.0919117647059	245	25	2	0	272	227719
UNKNOWN	178	A	0.996323529412	C	0.00367647058824	271	1	0	0	272	227719
UNKNOWN	179	C	0.959558823529	T	0.0257352941176	2	261	2	7	272	227719
UNKNOWN	180	C	0.977941176471	T	0.0220588235294	0	266	0	6	272	227719
UNKNOWN	181	C	0.988970588235	A	0.00735294117647	2	269	0	1	272	227719
UNKNOWN	182	A	0.970588235294	C	0.0147058823529	264	4	3	1	272	227719
UNKNOWN	183	G	1.0	A	0.0	0	0	272	0	272	227719
UNKNOWN	184	G	0.974264705882	A	0.0147058823529	4	2	265	1	272	227719
UNKNOWN	185	C	1.0	A	0.0	0	272	0	0	272	227719
UNKNOWN	186	C	0.992647058824	A	0.00367647058824	1	270	0	1	272	227719
UNKNOWN	187	T	0.992647058824	C	0.00367647058824	0	1	1	270	272	227719
UNKNOWN	188	G	0.996323529412	A	0.00367647058824	1	0	271	0	272	227719
UNKNOWN	189	A	0.981617647059	C	0.0183823529412	267	5	0	0	272	227719
UNKNOWN	190	A	1.0	C	0.0	272	0	0	0	272	227719
UNKNOWN	191	A	0.992647058824	T	0.00367647058824	270	0	1	1	272	227719
UNKNOWN	192	T	0.966911764706	C	0.0330882352941	0	9	0	263	272	227719
UNKNOWN	193	C	1.0	A	0.0	0	272	0	0	272	227719
UNKNOWN	194	C	0.970588235294	T	0.0257352941176	1	264	0	7	272	227719
UNKNOWN	195	C	0.996323529412	G	0.00367647058824	0	271	1	0	272	227719
UNKNOWN	196	G	1.0	A	0.0	0	0	272	0	272	227719
UNKNOWN	197	G	0.919117647059	A	0.0735294117647	20	2	250	0	272	227719
UNKNOWN	198	C	0.992647058824	T	0.00367647058824	0	270	1	1	272	227719
UNKNOWN	199	T	0.996323529412	C	0.00367647058824	0	1	0	271	272	227719
UNKNOWN	200	C	0.992647058824	A	0.00367647058824	1	270	0	1	272	227719
UNKNOWN	201	A	0.996323529412	G	0.00367647058824	271	0	1	0	272	227719
UNKNOWN	202	G	0.996323529412	C	0.00367647058824	0	1	271	0	272	227719
UNKNOWN	203	C	0.988970588235	A	0.00735294117647	2	269	0	1	272	227719
UNKNOWN	204	A	0.985294117647	T	0.0147058823529	268	0	0	4	272	227719
UNKNOWN	205	T	0.992647058824	C	0.00735294117647	0	2	0	270	272	227719
UNKNOWN	206	C	0.992647058824	A	0.00735294117647	2	270	0	0	272	227719
UNKNOWN	207	A	0.992647058824	C	0.00735294117647	270	2	0	0	272	227719
UNKNOWN	208	C	1.0	A	0.0	0	272	0	0	272	227719
UNKNOWN	209	C	0.996323529412	A	0.00367647058824	1	271	0	0	272	227719
UNKNOWN	210	A	0.981617647059	G	0.0110294117647	267	2	3	0	272	227719
UNKNOWN	211	A	0.977941176471	G	0.0220588235294	266	0	6	0	272	227719
UNKNOWN	212	G	0.992647058824	C	0.00735294117647	0	2	270	0	272	227719
UNKNOWN	213	G	0.988970588235	A	0.0110294117647	3	0	269	0	272	227719
UNKNOWN	214	A	0.992647058824	C	0.00735294117647	270	2	0	0	272	227719
UNKNOWN	215	C	0.996323529412	A	0.00367647058824	1	271	0	0	272	227719
UNKNOWN	216	A	0.992647058824	G	0.00735294117647	270	0	2	0	272	227719
UNKNOWN	217	A	0.970588235294	G	0.0257352941176	264	1	7	0	272	227719
UNKNOWN	218	C	0.992647058824	T	0.00735294117647	0	270	0	2	272	227719
UNKNOWN	219	T	0.981617647059	G	0.0110294117647	0	2	3	267	272	227719
UNKNOWN	220	C	1.0	A	0.0	0	272	0	0	272	227719
UNKNOWN	221	C	0.977941176471	A	0.0110294117647	3	266	3	0	272	227719
UNKNOWN	222	A	0.985294117647	G	0.0110294117647	268	1	3	0	272	227719
UNKNOWN	223	A	0.988970588235	G	0.00735294117647	269	1	2	0	272	227719
UNKNOWN	224	G	0.996323529412	A	0.00367647058824	1	0	271	0	272	227719
UNKNOWN	225	A	0.981617647059	G	0.0183823529412	267	0	5	0	272	227719
UNKNOWN	226	G	0.963235294118	A	0.0220588235294	6	3	262	1	272	227719
UNKNOWN	227	C	0.915441176471	T	0.0808823529412	1	249	0	22	272	227719
UNKNOWN	228	C	0.996323529412	A	0.00367647058824	1	271	0	0	272	227719
UNKNOWN	229	A	0.992647058824	G	0.00735294117647	270	0	2	0	272	227719
UNKNOWN	230	A	0.981617647059	G	0.0147058823529	267	1	4	0	272	227719
UNKNOWN	231	G	0.966911764706	A	0.0110294117647	3	3	263	3	272	227719
UNKNOWN	232	T	0.992647058824	C	0.00367647058824	0	1	1	270	272	227719
UNKNOWN	233	C	0.944852941176	G	0.0294117647059	2	257	8	5	272	227719
UNKNOWN	234	T	0.985294117647	C	0.0147058823529	0	4	0	268	272	227719
UNKNOWN	235	C	0.992647058824	T	0.00735294117647	0	270	0	2	272	227719
UNKNOWN	236	T	0.959558823529	C	0.0367647058824	1	10	0	261	272	227719
UNKNOWN	237	C	0.981617647059	T	0.0110294117647	0	267	2	3	272	227719
UNKNOWN	238	T	0.988970588235	G	0.0110294117647	0	0	3	269	272	227719
UNKNOWN	239	G	0.952205882353	A	0.0220588235294	6	3	259	4	272	227719
UNKNOWN	240	T	0.988970588235	A	0.00735294117647	2	1	0	269	272	227719
UNKNOWN	241	C	0.981617647059	T	0.0110294117647	2	267	0	3	272	227719
UNKNOWN	242	A	0.985294117647	C	0.00735294117647	268	2	0	2	272	227719
UNKNOWN	243	C	0.974264705882	G	0.0183823529412	0	265	5	2	272	227719
UNKNOWN	244	T	0.981617647059	A	0.00735294117647	2	1	2	267	272	227719
UNKNOWN	245	G	0.988970588235	A	0.0110294117647	3	0	269	0	272	227719
UNKNOWN	246	A	0.981617647059	G	0.0110294117647	267	2	3	0	272	227719
UNKNOWN	247	G	0.970588235294	A	0.0147058823529	4	4	264	0	272	227719
UNKNOWN	248	C	0.948529411765	T	0.0367647058824	2	258	2	10	272	227719
UNKNOWN	249	A	0.985294117647	C	0.00735294117647	268	2	2	0	272	227719
UNKNOWN	250	G	0.977941176471	C	0.0183823529412	1	5	266	0	272	227719
UNKNOWN	251	C	0.992647058824	T	0.00735294117647	0	270	0	2	272	227719
UNKNOWN	252	C	0.915441176471	G	0.0698529411765	1	249	19	3	272	227719
UNKNOWN	253	T	0.959558823529	C	0.0257352941176	2	7	2	261	272	227719
UNKNOWN	254	G	0.977941176471	A	0.0110294117647	3	2	266	1	272	227719
UNKNOWN	255	A	0.977941176471	G	0.0147058823529	266	2	4	0	272	227719
UNKNOWN	256	C	0.988970588235	G	0.00735294117647	0	269	2	1	272	227719
UNKNOWN	257	G	0.930147058824	A	0.0477941176471	13	6	253	0	272	227719
UNKNOWN	258	C	0.952205882353	A	0.0330882352941	9	259	0	4	272	227719
UNKNOWN	259	C	0.977941176471	G	0.0147058823529	0	266	4	2	272	227719
UNKNOWN	260	T	0.974264705882	C	0.0110294117647	2	3	2	265	272	227719
UNKNOWN	261	G	0.988970588235	A	0.0110294117647	3	0	269	0	272	227719
UNKNOWN	262	A	0.981617647059	G	0.0147058823529	267	0	4	1	272	227719
UNKNOWN	263	G	0.974264705882	A	0.0220588235294	6	0	265	1	272	227719
UNKNOWN	264	G	0.981617647059	A	0.00735294117647	2	2	267	1	272	227719
UNKNOWN	265	A	0.977941176471	C	0.0110294117647	266	3	1	2	272	227719
UNKNOWN	266	C	0.985294117647	T	0.0147058823529	0	268	0	4	272	227719
UNKNOWN	267	T	0.941176470588	A	0.0514705882353	14	2	0	256	272	227719
UNKNOWN	268	C	0.985294117647	A	0.00735294117647	2	268	2	0	272	227719
UNKNOWN	269	A	0.9375	G	0.0514705882353	255	2	14	1	272	227719
UNKNOWN	270	G	0.977941176471	C	0.0147058823529	0	4	266	2	272	227719
UNKNOWN	271	C	0.985294117647	A	0.00735294117647	2	268	1	1	272	227719
UNKNOWN	272	C	0.988970588235	A	0.0110294117647	3	269	0	0	272	227719
UNKNOWN	273	A	0.985294117647	C	0.00735294117647	268	2	2	0	272	227719
UNKNOWN	274	C	0.981617647059	A	0.00735294117647	2	267	1	2	272	227719
UNKNOWN	275	A	0.966911764706	T	0.0183823529412	263	2	2	5	272	227719
UNKNOWN	276	T	0.966911764706	C	0.0147058823529	2	4	3	263	272	227719
UNKNOWN	277	A	0.970588235294	C	0.0110294117647	264	3	2	3	272	227719
UNKNOWN	278	C	0.955882352941	T	0.0294117647059	2	260	2	8	272	227719
UNKNOWN	279	T	0.977941176471	A	0.0110294117647	3	3	0	266	272	227719
UNKNOWN	280	A	0.959558823529	C	0.0220588235294	261	6	3	2	272	227719
UNKNOWN	281	C	0.970588235294	T	0.0183823529412	1	264	2	5	272	227719
UNKNOWN	282	T	0.988970588235	G	0.0110294117647	0	0	3	269	272	227719
