Type	Position	Nucl1	Freq1	Nucl2	Freq2	NumAs	NumCs	NumGs	NumTs	NumAligned	NumNaive
UNKNOWN	0	C	1.0	A	0.0	0	117321	0	0	117321	227719
UNKNOWN	1	A	1.0	C	0.0	117321	0	0	0	117321	227719
UNKNOWN	2	G	1.0	A	0.0	0	0	117321	0	117321	227719
UNKNOWN	3	G	1.0	A	0.0	0	0	117321	0	117321	227719
UNKNOWN	4	T	1.0	A	0.0	0	0	0	117321	117321	227719
UNKNOWN	5	G	1.0	A	0.0	0	0	117321	0	117321	227719
UNKNOWN	6	C	1.0	A	0.0	0	117321	0	0	117321	227719
UNKNOWN	7	A	0.997511102019	G	0.00188372073201	117029	20	221	51	117321	227719
UNKNOWN	8	G	0.988629486622	A	0.00981921395147	1152	146	115987	36	117321	227719
UNKNOWN	9	C	0.996513838102	T	0.00257413421297	15	116912	92	302	117321	227719
UNKNOWN	10	T	0.999156161301	C	0.000707460727406	7	83	9	117222	117321	227719
UNKNOWN	11	G	0.99717015709	A	0.00227580740021	267	20	116989	45	117321	227719
UNKNOWN	12	C	0.99920730304	T	0.000673366234519	10	117228	4	79	117321	227719
UNKNOWN	13	G	0.998806692749	A	0.00104840565628	123	6	117181	11	117321	227719
UNKNOWN	14	G	0.980080292531	C	0.0180871284766	188	2122	114984	27	117321	227719
UNKNOWN	15	G	0.999326633765	C	0.000315374059205	30	37	117242	12	117321	227719
UNKNOWN	16	A	0.996786594045	G	0.0017217718908	116944	140	202	35	117321	227719
UNKNOWN	17	G	0.995465432446	A	0.00404872103034	475	30	116789	27	117321	227719
UNKNOWN	18	T	0.997613385498	C	0.00142344507803	26	167	87	117041	117321	227719
UNKNOWN	19	C	0.999241397533	T	0.000554035509414	8	117232	16	65	117321	227719
UNKNOWN	20	G	0.997707145353	A	0.00141492145481	166	48	117052	55	117321	227719
UNKNOWN	21	G	0.998516889559	C	0.000647795364854	41	76	117147	57	117321	227719
UNKNOWN	22	G	0.999173208547	A	0.000392086668201	46	34	117224	17	117321	227719
UNKNOWN	23	C	0.999292539273	T	0.000528464639749	11	117238	10	62	117321	227719
UNKNOWN	24	C	0.999079448692	A	0.000417657537866	49	117213	15	44	117321	227719
UNKNOWN	25	C	0.999036830576	T	0.000664842611297	27	117208	8	78	117321	227719
UNKNOWN	26	C	0.998926023474	A	0.000536988262971	63	117195	2	61	117321	227719
UNKNOWN	27	A	0.996045038825	G	0.00238661450209	116857	173	280	11	117321	227719
UNKNOWN	28	G	0.991740609098	A	0.00626486306799	735	210	116352	24	117321	227719
UNKNOWN	29	C	0.997153109844	T	0.00237809087887	13	116987	42	279	117321	227719
UNKNOWN	30	C	0.998610649415	T	0.00100578754017	10	117158	35	118	117321	227719
UNKNOWN	31	T	0.99719572796	C	0.00132968522259	41	156	132	116992	117321	227719
UNKNOWN	32	G	0.992916869103	A	0.00572787480502	672	51	116490	108	117321	227719
UNKNOWN	33	G	0.995329054474	A	0.00274460667741	322	156	116773	70	117321	227719
UNKNOWN	34	T	0.997161633467	C	0.00202009870356	12	237	84	116988	117321	227719
UNKNOWN	35	G	0.996582027088	A	0.00230137826987	270	67	116920	64	117321	227719
UNKNOWN	36	A	0.997016731872	C	0.00143196870126	116971	168	140	42	117321	227719
UNKNOWN	37	A	0.993581711714	G	0.00426181161088	116568	226	500	27	117321	227719
UNKNOWN	38	G	0.997528149266	A	0.00161948841213	190	88	117031	12	117321	227719
UNKNOWN	39	C	0.995968326216	T	0.00207124044289	120	116848	110	243	117321	227719
UNKNOWN	40	C	0.998934547097	T	0.000647795364854	29	117196	20	76	117321	227719
UNKNOWN	41	C	0.996224034913	G	0.00273608305418	11	116878	321	111	117321	227719
UNKNOWN	42	T	0.996360412884	C	0.00296622088117	29	348	50	116894	117321	227719
UNKNOWN	43	C	0.998610649415	A	0.000733031597071	86	117158	4	73	117321	227719
UNKNOWN	44	A	0.994357361427	C	0.00304293349017	116659	357	269	36	117321	227719
UNKNOWN	45	C	0.995806377375	G	0.00322192957782	90	116829	378	24	117321	227719
UNKNOWN	46	A	0.996624645204	C	0.00179848449979	116925	211	170	15	117321	227719
UNKNOWN	47	G	0.997280964192	A	0.00218204754477	256	52	117002	11	117321	227719
UNKNOWN	48	A	0.995414290707	G	0.00232694913954	116783	232	273	33	117321	227719
UNKNOWN	49	C	0.998124802891	T	0.00119330725105	18	117101	62	140	117321	227719
UNKNOWN	50	C	0.997110491728	T	0.00149163406381	59	116982	105	175	117321	227719
UNKNOWN	51	C	0.998354940718	T	0.00124444899038	21	117128	26	146	117321	227719
UNKNOWN	52	T	0.99621551129	C	0.0034861618977	11	409	24	116877	117321	227719
UNKNOWN	53	C	0.9936499007	G	0.00524202828138	14	116576	615	116	117321	227719
UNKNOWN	54	T	0.995772282882	C	0.00292360276506	51	343	102	116825	117321	227719
UNKNOWN	55	C	0.997715668977	T	0.00131263797615	82	117053	32	154	117321	227719
UNKNOWN	56	C	0.994186888963	T	0.00418509900188	49	116639	142	491	117321	227719
UNKNOWN	57	C	0.996582027088	G	0.00233547276276	16	116920	274	111	117321	227719
UNKNOWN	58	T	0.996795117669	C	0.00288950827218	14	339	23	116945	117321	227719
UNKNOWN	59	C	0.998005472166	T	0.00102283478661	93	117087	21	120	117321	227719
UNKNOWN	60	A	0.992848680117	C	0.0043470478431	116482	510	276	53	117321	227719
UNKNOWN	61	C	0.995363148967	T	0.0036054926228	18	116777	103	423	117321	227719
UNKNOWN	62	C	0.994374408674	T	0.00341797291193	22	116661	237	401	117321	227719
UNKNOWN	63	T	0.99719572796	C	0.00173881913724	17	204	108	116992	117321	227719
UNKNOWN	64	G	0.998644743908	C	0.000741555220293	64	87	117162	8	117321	227719
UNKNOWN	65	C	0.99669283419	T	0.00255708696653	85	116933	3	300	117321	227719
UNKNOWN	66	A	0.99134852243	C	0.00469651639519	116306	551	403	61	117321	227719
UNKNOWN	67	C	0.995772282882	T	0.00292360276506	21	116825	132	343	117321	227719
UNKNOWN	68	G	0.990666632572	A	0.00826791452511	970	75	116226	50	117321	227719
UNKNOWN	69	G	0.974906453235	A	0.0222040384927	2605	190	114377	149	117321	227719
UNKNOWN	70	T	0.991638325619	C	0.0075604537977	12	887	82	116340	117321	227719
UNKNOWN	71	C	0.975375252512	G	0.0139446475908	156	114432	1636	1097	117321	227719
UNKNOWN	72	T	0.995346101721	C	0.00330716581004	35	388	123	116775	117321	227719
UNKNOWN	73	C	0.998337893472	T	0.00130411435293	28	117126	14	153	117321	227719
UNKNOWN	74	T	0.993487951859	C	0.00328159494038	53	385	326	116557	117321	227719
UNKNOWN	75	G	0.997979901296	A	0.00177291363013	208	17	117084	12	117321	227719
UNKNOWN	76	G	0.991774703591	A	0.00627338669121	736	192	116356	37	117321	227719
UNKNOWN	77	A	0.98955003793	C	0.00478175262741	116095	561	418	247	117321	227719
UNKNOWN	78	T	0.994647164617	C	0.00283836653285	55	333	240	116693	117321	227719
UNKNOWN	79	T	0.994553404761	C	0.00426181161088	42	500	97	116682	117321	227719
UNKNOWN	80	C	0.988851100826	T	0.00890718626674	61	116013	202	1045	117321	227719
UNKNOWN	81	T	0.993317479394	C	0.0046624219023	30	547	207	116537	117321	227719
UNKNOWN	82	C	0.995917184477	T	0.00285541377929	135	116842	9	335	117321	227719
UNKNOWN	83	A	0.990427971122	G	0.00426181161088	116198	455	500	168	117321	227719
UNKNOWN	84	T	0.989711986771	C	0.00894128075963	65	1049	93	116114	117321	227719
UNKNOWN	85	T	0.997656003614	C	0.00116773638138	20	137	118	117046	117321	227719
UNKNOWN	86	G	0.983523836312	A	0.0154959470172	1818	45	115388	70	117321	227719
UNKNOWN	87	A	0.987939073141	G	0.00902651699184	115906	294	1059	62	117321	227719
UNKNOWN	88	G	0.952557513148	A	0.0297303977975	3488	1699	111755	379	117321	227719
UNKNOWN	89	C	0.948926449655	T	0.0352025639059	933	111329	929	4130	117321	227719
UNKNOWN	90	A	0.972920449024	G	0.0215051013885	114144	554	2523	100	117321	227719
UNKNOWN	91	G	0.854748936678	A	0.0985671789364	11564	4179	100280	1298	117321	227719
UNKNOWN	92	C	0.946590976892	T	0.0359696899958	874	111055	1172	4220	117321	227719
UNKNOWN	93	T	0.967874464077	A	0.0145072067234	1702	1174	893	113552	117321	227719
UNKNOWN	94	A	0.975238874541	G	0.00882195003452	114416	885	1035	985	117321	227719
UNKNOWN	95	T	0.984563718345	C	0.00810596568389	89	951	771	115510	117321	227719
UNKNOWN	96	G	0.906103766589	A	0.0782724320454	9183	817	106305	1016	117321	227719
UNKNOWN	97	G	0.69085670937	C	0.171256637772	14916	20092	81052	1261	117321	227719
UNKNOWN	98	T	0.986157635888	C	0.00710870176695	293	834	497	115697	117321	227719
UNKNOWN	99	G	0.965803223634	A	0.0303440986695	3560	72	113309	380	117321	227719
UNKNOWN	100	T	0.996053562448	C	0.00254003972008	111	298	54	116858	117321	227719
UNKNOWN	101	A	0.969306432778	G	0.0235507709617	113720	444	2763	394	117321	227719
UNKNOWN	102	G	0.914184161403	A	0.0745390850743	8745	799	107253	524	117321	227719
UNKNOWN	103	G	0.807374638811	A	0.13392316806	15712	5009	94722	1878	117321	227719
UNKNOWN	104	C	0.978827319917	T	0.0109017141006	277	114837	928	1279	117321	227719
UNKNOWN	105	T	0.997315058685	G	0.00152572855669	3	133	179	117006	117321	227719
UNKNOWN	106	G	0.999147637678	A	0.000426181161088	50	12	117221	38	117321	227719
UNKNOWN	107	G	0.998550984052	T	0.000673366234519	49	42	117151	79	117321	227719
UNKNOWN	108	G	0.976508894401	A	0.0165954944128	1947	498	114565	311	117321	227719
UNKNOWN	109	T	0.995243818242	C	0.00412543363933	21	484	53	116763	117321	227719
UNKNOWN	110	C	0.994902873313	T	0.0030173626205	167	116723	77	354	117321	227719
UNKNOWN	111	C	0.998542460429	G	0.000937598554394	4	117150	110	57	117321	227719
UNKNOWN	112	G	0.998354940718	C	0.00113364188849	52	133	117128	8	117321	227719
UNKNOWN	113	C	0.996121751434	T	0.00167915377469	145	116866	113	197	117321	227719
UNKNOWN	114	C	0.998167421007	A	0.00124444899038	146	117106	27	42	117321	227719
UNKNOWN	115	A	0.99161275475	G	0.00617110321255	116337	221	724	39	117321	227719
UNKNOWN	116	G	0.996752499553	A	0.00221614203766	260	78	116940	43	117321	227719
UNKNOWN	117	G	0.97991834369	A	0.0163994510787	1924	276	114965	156	117321	227719
UNKNOWN	118	C	0.98727423053	T	0.0093248438046	79	115828	320	1094	117321	227719
UNKNOWN	119	T	0.991885510693	C	0.00523350465816	112	614	226	116369	117321	227719
UNKNOWN	120	C	0.996317794768	T	0.00210533493577	106	116889	79	247	117321	227719
UNKNOWN	121	C	0.997715668977	A	0.00132968522259	156	117053	31	81	117321	227719
UNKNOWN	122	A	0.989856888366	G	0.00710870176695	116131	270	834	86	117321	227719
UNKNOWN	123	G	0.997954330427	A	0.00139787420837	164	54	117081	22	117321	227719
UNKNOWN	124	G	0.997374724048	A	0.002113858559	248	20	117013	40	117321	227719
UNKNOWN	125	G	0.984742714433	A	0.0140639783159	1650	111	115531	29	117321	227719
UNKNOWN	126	A	0.996846259408	G	0.00243775624142	116951	60	286	24	117321	227719
UNKNOWN	127	A	0.991484900401	G	0.0079525404659	116322	46	933	20	117321	227719
UNKNOWN	128	G	0.993845944034	A	0.00516531567239	606	94	116599	22	117321	227719
UNKNOWN	129	G	0.985722931104	A	0.0106800998969	1253	360	115646	62	117321	227719
UNKNOWN	130	C	0.99388856215	G	0.00305998073661	58	116604	359	300	117321	227719
UNKNOWN	131	G	0.97428422874	A	0.0196213806565	2302	490	114304	225	117321	227719
UNKNOWN	132	C	0.985671789364	T	0.00931632018138	338	115640	250	1093	117321	227719
UNKNOWN	133	T	0.989439230828	C	0.00721098524561	41	846	352	116082	117321	227719
UNKNOWN	134	G	0.97124129525	A	0.023755337919	2787	135	113947	452	117321	227719
UNKNOWN	135	G	0.993215195915	C	0.00413395726255	255	485	116525	56	117321	227719
UNKNOWN	136	A	0.993615806207	G	0.00450899668431	116572	111	529	109	117321	227719
UNKNOWN	137	G	0.930617706975	A	0.0614382761824	7208	501	109181	431	117321	227719
UNKNOWN	138	T	0.99235430997	G	0.00371629972469	187	274	436	116424	117321	227719
UNKNOWN	139	G	0.942644539341	A	0.0399161275475	4683	708	110592	1338	117321	227719
UNKNOWN	140	T	0.96565832204	G	0.0180786048534	121	1787	2121	113292	117321	227719
UNKNOWN	141	C	0.969323480025	G	0.0242326608195	463	113722	2843	293	117321	227719
UNKNOWN	142	T	0.997877617818	C	0.00106545290272	13	125	111	117072	117321	227719
UNKNOWN	143	T	0.976338421936	C	0.0114387023636	136	1342	1298	114545	117321	227719
UNKNOWN	144	G	0.993522046351	A	0.00455161480042	534	9	116561	217	117321	227719
UNKNOWN	145	G	0.989882459236	C	0.00696380017218	143	817	116134	227	117321	227719
UNKNOWN	146	T	0.977276020491	G	0.0098703556908	576	932	1158	114655	117321	227719
UNKNOWN	147	G	0.881683586059	A	0.0954304855908	11196	840	103440	1845	117321	227719
UNKNOWN	148	G	0.920585402443	A	0.0425669743695	4994	2630	108004	1693	117321	227719
UNKNOWN	149	T	0.960740191441	G	0.0147629154201	1193	1681	1732	112715	117321	227719
UNKNOWN	150	A	0.944928870364	G	0.0503575659942	110860	169	5908	384	117321	227719
UNKNOWN	151	T	0.991894034316	C	0.00408281552322	284	479	188	116370	117321	227719
UNKNOWN	152	A	0.939141330197	G	0.025945909087	110181	1323	3044	2773	117321	227719
UNKNOWN	153	A	0.900239513813	G	0.0827984759762	105617	1469	9714	521	117321	227719
UNKNOWN	154	G	0.825171964098	A	0.0942371783398	11056	8731	96810	724	117321	227719
UNKNOWN	155	T	0.95314564315	C	0.0245309876322	903	2878	1716	111824	117321	227719
UNKNOWN	156	A	0.783653395385	G	0.184775104201	91939	2506	21678	1198	117321	227719
UNKNOWN	157	G	0.834778087469	C	0.0791929833534	7854	9291	97937	2239	117321	227719
UNKNOWN	158	T	0.959862258249	G	0.0182916954339	1350	1213	2146	112612	117321	227719
UNKNOWN	159	G	0.739108940428	A	0.197253688598	23142	4557	86713	2909	117321	227719
UNKNOWN	160	G	0.817364325227	A	0.100638419379	11807	7227	95894	2393	117321	227719
UNKNOWN	161	T	0.961132278109	G	0.0187008293485	1086	1280	2194	112761	117321	227719
UNKNOWN	162	G	0.989226140248	A	0.00871114293264	1022	115	116057	127	117321	227719
UNKNOWN	163	G	0.985543935016	A	0.00946122177615	1110	391	115625	195	117321	227719
UNKNOWN	164	A	0.959580978682	G	0.0283921889517	112579	816	3331	595	117321	227719
UNKNOWN	165	A	0.901313490338	G	0.077948534363	105743	954	9145	1479	117321	227719
UNKNOWN	166	G	0.601085909598	A	0.217386486648	25504	11296	70520	10001	117321	227719
UNKNOWN	167	C	0.837164701972	A	0.0750505024676	8805	98217	3976	6323	117321	227719
UNKNOWN	168	A	0.965990743345	G	0.0248634089379	113331	783	2917	290	117321	227719
UNKNOWN	169	C	0.959504266073	T	0.0252384483596	864	112570	926	2961	117321	227719
UNKNOWN	170	A	0.979807536588	G	0.012913289181	114952	368	1515	486	117321	227719
UNKNOWN	171	G	0.942525208616	A	0.0337194534653	3956	1564	110578	1223	117321	227719
UNKNOWN	172	G	0.781846387262	A	0.153536025094	18013	5010	91727	2571	117321	227719
UNKNOWN	173	C	0.964286018701	G	0.0180104158676	535	113131	2113	1542	117321	227719
UNKNOWN	174	T	0.988893718942	C	0.00597505987845	418	701	184	116018	117321	227719
UNKNOWN	175	A	0.990453541992	T	0.00612848509644	116201	199	202	719	117321	227719
UNKNOWN	176	T	0.97581848092	C	0.0211130147203	297	2477	63	114484	117321	227719
UNKNOWN	177	A	0.986592340672	C	0.00725360336172	115748	851	631	91	117321	227719
UNKNOWN	178	A	0.987385037632	G	0.00675070959163	115841	602	792	86	117321	227719
UNKNOWN	179	C	0.875512482846	T	0.111420802755	420	102716	1113	13072	117321	227719
UNKNOWN	180	C	0.951509107491	T	0.0273011651793	425	111632	2061	3203	117321	227719
UNKNOWN	181	C	0.984853521535	T	0.0066995678523	607	115544	384	786	117321	227719
UNKNOWN	182	A	0.983020942542	G	0.00942712728327	115329	615	1106	271	117321	227719
UNKNOWN	183	G	0.977693678029	A	0.0141747854178	1663	510	114704	444	117321	227719
UNKNOWN	184	C	0.983114702398	T	0.00888161539707	235	115340	704	1042	117321	227719
UNKNOWN	185	C	0.996462696363	T	0.0017217718908	123	116906	90	202	117321	227719
UNKNOWN	186	C	0.994033463745	T	0.0034861618977	133	116621	158	409	117321	227719
UNKNOWN	187	T	0.994425550413	G	0.00246332711109	178	187	289	116667	117321	227719
UNKNOWN	188	G	0.974667791785	A	0.0185814986234	2180	195	114349	597	117321	227719
UNKNOWN	189	A	0.986319584729	G	0.00910322960084	115716	426	1068	111	117321	227719
UNKNOWN	190	A	0.991331475183	G	0.00353730363703	116304	413	415	189	117321	227719
UNKNOWN	191	A	0.991493424025	G	0.00353730363703	116323	252	415	331	117321	227719
UNKNOWN	192	T	0.99034273489	C	0.00589834726946	191	692	250	116188	117321	227719
UNKNOWN	193	C	0.993794802295	A	0.00330716581004	388	116593	72	268	117321	227719
UNKNOWN	194	C	0.98928580561	T	0.00616257958933	209	116064	325	723	117321	227719
UNKNOWN	195	C	0.995533621432	G	0.00248037435753	126	116797	291	107	117321	227719
UNKNOWN	196	G	0.996556456218	A	0.00131263797615	154	129	116917	121	117321	227719
UNKNOWN	197	G	0.940104499621	A	0.0437517579973	5133	1126	110294	768	117321	227719
UNKNOWN	198	C	0.992388404463	T	0.00291507914184	232	116428	319	342	117321	227719
UNKNOWN	199	T	0.993777755048	C	0.00379301233368	135	445	150	116591	117321	227719
UNKNOWN	200	C	0.992575924174	T	0.00320488233138	348	116450	147	376	117321	227719
UNKNOWN	201	A	0.99182584533	G	0.00565968581925	116362	275	664	20	117321	227719
UNKNOWN	202	G	0.974156374392	C	0.0172432897776	399	2023	114289	610	117321	227719
UNKNOWN	203	C	0.953827533008	T	0.0346740992661	752	111904	597	4068	117321	227719
UNKNOWN	204	A	0.985066612115	G	0.00999821003912	115569	174	1173	405	117321	227719
UNKNOWN	205	T	0.994399979543	C	0.00386972494268	112	454	91	116664	117321	227719
UNKNOWN	206	C	0.988160687345	T	0.00741555220293	444	115932	75	870	117321	227719
UNKNOWN	207	A	0.988774388217	G	0.00566820944247	116004	440	665	212	117321	227719
UNKNOWN	208	C	0.985612124002	G	0.00786730423368	264	115633	923	501	117321	227719
UNKNOWN	209	C	0.961541412023	T	0.0172688606473	1010	112809	1476	2026	117321	227719
UNKNOWN	210	A	0.992661160406	G	0.00390381943557	116460	361	458	42	117321	227719
UNKNOWN	211	A	0.987291277776	G	0.0101004935178	115830	206	1185	100	117321	227719
UNKNOWN	212	G	0.985612124002	A	0.0124785843967	1464	178	115633	46	117321	227719
UNKNOWN	213	G	0.991178049965	A	0.00684446944707	803	145	116286	87	117321	227719
UNKNOWN	214	A	0.992993581712	C	0.00392939030523	116499	461	207	154	117321	227719
UNKNOWN	215	C	0.979083028614	T	0.0121973048303	577	114867	446	1431	117321	227719
UNKNOWN	216	A	0.986473009947	G	0.00921403670272	115734	264	1081	242	117321	227719
UNKNOWN	217	A	0.981384406884	G	0.0112767535224	115137	532	1323	329	117321	227719
UNKNOWN	218	C	0.977131118896	T	0.0165613999199	139	114638	601	1943	117321	227719
UNKNOWN	219	T	0.989456278075	C	0.0043470478431	301	510	426	116084	117321	227719
UNKNOWN	220	C	0.992098601273	A	0.00378448871046	444	116394	194	289	117321	227719
UNKNOWN	221	C	0.987376514009	T	0.00533578813682	480	115840	375	626	117321	227719
UNKNOWN	222	A	0.989686415902	C	0.00498631958473	116111	585	578	47	117321	227719
UNKNOWN	223	A	0.986021257916	G	0.012376300918	115681	90	1452	98	117321	227719
UNKNOWN	224	G	0.988919289812	A	0.00600915437134	705	457	116021	138	117321	227719
UNKNOWN	225	A	0.98875734097	G	0.00835315075732	116002	266	980	73	117321	227719
UNKNOWN	226	G	0.951313064157	A	0.0407684898697	4783	814	111609	115	117321	227719
UNKNOWN	227	C	0.96431158957	T	0.029517307217	347	113134	377	3463	117321	227719
UNKNOWN	228	C	0.990138167932	A	0.00479027625063	562	116164	537	58	117321	227719
UNKNOWN	229	A	0.994340314181	G	0.00268494131485	116657	153	315	196	117321	227719
UNKNOWN	230	A	0.977097024403	G	0.0205930737038	114634	179	2416	92	117321	227719
UNKNOWN	231	G	0.961618124632	A	0.0224341763197	2632	942	112818	929	117321	227719
UNKNOWN	232	T	0.993036199828	C	0.00561706770314	47	659	111	116504	117321	227719
UNKNOWN	233	C	0.963339896523	T	0.0169790574577	334	113020	1975	1992	117321	227719
UNKNOWN	234	T	0.9918514162	C	0.00501189045439	125	588	243	116365	117321	227719
UNKNOWN	235	C	0.989353994596	T	0.00812301293034	259	116072	37	953	117321	227719
UNKNOWN	236	T	0.982381670801	C	0.0100663990249	129	1181	757	115254	117321	227719
UNKNOWN	237	C	0.988961907928	T	0.00753488292804	173	116026	238	884	117321	227719
UNKNOWN	238	T	0.995627381287	G	0.00226728377699	49	198	266	116808	117321	227719
UNKNOWN	239	G	0.926466702466	A	0.0589834726946	6920	721	108694	986	117321	227719
UNKNOWN	240	T	0.987367990385	C	0.00479879987385	497	563	422	115839	117321	227719
UNKNOWN	241	C	0.985015470376	T	0.0106119109111	472	115563	41	1245	117321	227719
UNKNOWN	242	A	0.974795646133	G	0.0157772265835	114364	729	1851	377	117321	227719
UNKNOWN	243	C	0.946011370513	G	0.0385864423249	599	110987	4527	1208	117321	227719
UNKNOWN	244	T	0.994800589835	G	0.00327307131716	116	110	384	116711	117321	227719
UNKNOWN	245	G	0.967942653063	A	0.0206527390663	2423	688	113560	650	117321	227719
UNKNOWN	246	A	0.98267147399	G	0.0129644309203	115288	385	1521	127	117321	227719
UNKNOWN	247	G	0.953230879382	A	0.0257839602458	3025	1880	111834	582	117321	227719
UNKNOWN	248	C	0.953767867645	T	0.0335745518705	745	111897	740	3939	117321	227719
UNKNOWN	249	A	0.98394149385	G	0.0124444899038	115437	387	1460	37	117321	227719
UNKNOWN	250	G	0.985816690959	C	0.0090861823544	401	1066	115657	197	117321	227719
UNKNOWN	251	C	0.982296434568	T	0.0116262220745	215	115244	498	1364	117321	227719
UNKNOWN	252	G	0.9872998014	A	0.00733883959393	861	266	115831	363	117321	227719
UNKNOWN	253	T	0.989157951262	C	0.00646090640209	128	758	386	116049	117321	227719
UNKNOWN	254	G	0.944826586886	A	0.0389444345002	4569	858	110848	1046	117321	227719
UNKNOWN	255	A	0.981964013263	G	0.0122910646858	115205	353	1442	321	117321	227719
UNKNOWN	256	C	0.984989899506	A	0.00600063074812	704	115560	547	510	117321	227719
UNKNOWN	257	A	0.965649798416	G	0.0245821293716	113291	678	2884	468	117321	227719
UNKNOWN	258	A	0.935467648588	C	0.0347422882519	109750	4076	2860	635	117321	227719
UNKNOWN	259	C	0.925929714203	G	0.0386375840642	1002	108631	4533	3155	117321	227719
UNKNOWN	260	T	0.96687720016	G	0.0155811832494	444	1614	1828	113435	117321	227719
UNKNOWN	261	G	0.985458698784	A	0.0090861823544	1066	223	115615	417	117321	227719
UNKNOWN	262	A	0.980182576009	G	0.0119330725105	114996	745	1400	180	117321	227719
UNKNOWN	263	G	0.929773868276	A	0.0368817176806	4327	2851	109082	1061	117321	227719
UNKNOWN	264	G	0.985279702696	A	0.00877933191841	1030	159	115594	538	117321	227719
UNKNOWN	265	A	0.984546671099	C	0.00889013902029	115508	1043	518	252	117321	227719
UNKNOWN	266	C	0.977190784259	T	0.0103902967073	974	114645	483	1219	117321	227719
UNKNOWN	267	A	0.97425865787	G	0.0123081119322	114301	400	1444	1176	117321	227719
UNKNOWN	268	C	0.98677133676	A	0.00490108335251	575	115769	566	411	117321	227719
UNKNOWN	269	G	0.984376198635	A	0.00565968581925	664	604	115488	565	117321	227719
UNKNOWN	270	G	0.986592340672	A	0.0055233078477	648	383	115748	542	117321	227719
UNKNOWN	271	C	0.98600421067	A	0.00776502075502	911	115679	499	232	117321	227719
UNKNOWN	272	C	0.982287910945	A	0.00796106408912	934	115243	433	711	117321	227719
UNKNOWN	273	A	0.989013049667	G	0.00506303219372	116032	371	594	324	117321	227719
UNKNOWN	274	C	0.980549091808	A	0.00987887931402	1159	115039	408	715	117321	227719
UNKNOWN	275	A	0.962504581447	G	0.0183854552893	112922	1151	2157	1091	117321	227719
UNKNOWN	276	T	0.98804135662	G	0.00604324886423	520	174	709	115918	117321	227719
UNKNOWN	277	A	0.982100391234	C	0.0106971471433	115221	1255	459	386	117321	227719
UNKNOWN	278	C	0.937572983524	T	0.0564690038442	461	109997	238	6625	117321	227719
UNKNOWN	279	T	0.980642851663	C	0.00712574901339	620	836	815	115050	117321	227719
UNKNOWN	280	A	0.968564877558	C	0.0134502774439	113633	1578	792	1318	117321	227719
UNKNOWN	281	C	0.958600762012	T	0.0353048473845	376	112464	339	4142	117321	227719
UNKNOWN	282	T	0.985578029509	G	0.0105437219253	324	131	1237	115629	117321	227719
