Type	Position	Nucl1	Freq1	Nucl2	Freq2	NumAs	NumCs	NumGs	NumTs	NumAligned	NumNaive
UNKNOWN	0	A	1.0	C	0.0	124	0	0	0	124	227719
UNKNOWN	1	A	1.0	C	0.0	124	0	0	0	124	227719
UNKNOWN	2	G	1.0	A	0.0	0	0	124	0	124	227719
UNKNOWN	3	G	1.0	A	0.0	0	0	124	0	124	227719
UNKNOWN	4	T	1.0	A	0.0	0	0	0	124	124	227719
UNKNOWN	5	G	1.0	A	0.0	0	0	124	0	124	227719
UNKNOWN	6	C	1.0	A	0.0	0	124	0	0	124	227719
UNKNOWN	7	A	1.0	C	0.0	124	0	0	0	124	227719
UNKNOWN	8	G	1.0	A	0.0	0	0	124	0	124	227719
UNKNOWN	9	C	1.0	A	0.0	0	124	0	0	124	227719
UNKNOWN	10	T	1.0	A	0.0	0	0	0	124	124	227719
UNKNOWN	11	G	1.0	A	0.0	0	0	124	0	124	227719
UNKNOWN	12	C	1.0	A	0.0	0	124	0	0	124	227719
UNKNOWN	13	A	0.879032258065	G	0.112903225806	109	1	14	0	124	227719
UNKNOWN	14	G	1.0	A	0.0	0	0	124	0	124	227719
UNKNOWN	15	G	1.0	A	0.0	0	0	124	0	124	227719
UNKNOWN	16	A	1.0	C	0.0	124	0	0	0	124	227719
UNKNOWN	17	G	1.0	A	0.0	0	0	124	0	124	227719
UNKNOWN	18	T	1.0	A	0.0	0	0	0	124	124	227719
UNKNOWN	19	C	1.0	A	0.0	0	124	0	0	124	227719
UNKNOWN	20	G	0.991935483871	A	0.00806451612903	1	0	123	0	124	227719
UNKNOWN	21	G	1.0	A	0.0	0	0	124	0	124	227719
UNKNOWN	22	G	1.0	A	0.0	0	0	124	0	124	227719
UNKNOWN	23	T	0.879032258065	C	0.120967741935	0	15	0	109	124	227719
UNKNOWN	24	C	1.0	A	0.0	0	124	0	0	124	227719
UNKNOWN	25	C	1.0	A	0.0	0	124	0	0	124	227719
UNKNOWN	26	C	1.0	A	0.0	0	124	0	0	124	227719
UNKNOWN	27	A	0.991935483871	G	0.00806451612903	123	0	1	0	124	227719
UNKNOWN	28	G	1.0	A	0.0	0	0	124	0	124	227719
UNKNOWN	29	C	1.0	A	0.0	0	124	0	0	124	227719
UNKNOWN	30	C	1.0	A	0.0	0	124	0	0	124	227719
UNKNOWN	31	T	1.0	A	0.0	0	0	0	124	124	227719
UNKNOWN	32	G	1.0	A	0.0	0	0	124	0	124	227719
UNKNOWN	33	G	1.0	A	0.0	0	0	124	0	124	227719
UNKNOWN	34	T	1.0	A	0.0	0	0	0	124	124	227719
UNKNOWN	35	G	1.0	A	0.0	0	0	124	0	124	227719
UNKNOWN	36	C	0.774193548387	A	0.225806451613	28	96	0	0	124	227719
UNKNOWN	37	A	1.0	C	0.0	124	0	0	0	124	227719
UNKNOWN	38	G	1.0	A	0.0	0	0	124	0	124	227719
UNKNOWN	39	C	1.0	A	0.0	0	124	0	0	124	227719
UNKNOWN	40	C	1.0	A	0.0	0	124	0	0	124	227719
UNKNOWN	41	C	1.0	A	0.0	0	124	0	0	124	227719
UNKNOWN	42	T	0.991935483871	C	0.00806451612903	0	1	0	123	124	227719
UNKNOWN	43	C	1.0	A	0.0	0	124	0	0	124	227719
UNKNOWN	44	A	1.0	C	0.0	124	0	0	0	124	227719
UNKNOWN	45	C	1.0	A	0.0	0	124	0	0	124	227719
UNKNOWN	46	A	1.0	C	0.0	124	0	0	0	124	227719
UNKNOWN	47	G	1.0	A	0.0	0	0	124	0	124	227719
UNKNOWN	48	A	1.0	C	0.0	124	0	0	0	124	227719
UNKNOWN	49	C	0.991935483871	T	0.00806451612903	0	123	0	1	124	227719
UNKNOWN	50	C	1.0	A	0.0	0	124	0	0	124	227719
UNKNOWN	51	C	1.0	A	0.0	0	124	0	0	124	227719
UNKNOWN	52	T	1.0	A	0.0	0	0	0	124	124	227719
UNKNOWN	53	C	1.0	A	0.0	0	124	0	0	124	227719
UNKNOWN	54	T	1.0	A	0.0	0	0	0	124	124	227719
UNKNOWN	55	C	1.0	A	0.0	0	124	0	0	124	227719
UNKNOWN	56	C	1.0	A	0.0	0	124	0	0	124	227719
UNKNOWN	57	C	1.0	A	0.0	0	124	0	0	124	227719
UNKNOWN	58	T	1.0	A	0.0	0	0	0	124	124	227719
UNKNOWN	59	C	1.0	A	0.0	0	124	0	0	124	227719
UNKNOWN	60	A	1.0	C	0.0	124	0	0	0	124	227719
UNKNOWN	61	C	1.0	A	0.0	0	124	0	0	124	227719
UNKNOWN	62	C	1.0	A	0.0	0	124	0	0	124	227719
UNKNOWN	63	T	1.0	A	0.0	0	0	0	124	124	227719
UNKNOWN	64	G	1.0	A	0.0	0	0	124	0	124	227719
UNKNOWN	65	C	1.0	A	0.0	0	124	0	0	124	227719
UNKNOWN	66	A	0.991935483871	C	0.00806451612903	123	1	0	0	124	227719
UNKNOWN	67	C	1.0	A	0.0	0	124	0	0	124	227719
UNKNOWN	68	G	1.0	A	0.0	0	0	124	0	124	227719
UNKNOWN	69	A	0.983870967742	G	0.0161290322581	122	0	2	0	124	227719
UNKNOWN	70	C	0.991935483871	T	0.00806451612903	0	123	0	1	124	227719
UNKNOWN	71	C	1.0	A	0.0	0	124	0	0	124	227719
UNKNOWN	72	T	1.0	A	0.0	0	0	0	124	124	227719
UNKNOWN	73	C	0.991935483871	T	0.00806451612903	0	123	0	1	124	227719
UNKNOWN	74	T	1.0	A	0.0	0	0	0	124	124	227719
UNKNOWN	75	G	1.0	A	0.0	0	0	124	0	124	227719
UNKNOWN	76	G	1.0	A	0.0	0	0	124	0	124	227719
UNKNOWN	77	A	1.0	C	0.0	124	0	0	0	124	227719
UNKNOWN	78	T	1.0	A	0.0	0	0	0	124	124	227719
UNKNOWN	79	T	1.0	A	0.0	0	0	0	124	124	227719
UNKNOWN	80	C	1.0	A	0.0	0	124	0	0	124	227719
UNKNOWN	81	T	1.0	A	0.0	0	0	0	124	124	227719
UNKNOWN	82	C	1.0	A	0.0	0	124	0	0	124	227719
UNKNOWN	83	A	1.0	C	0.0	124	0	0	0	124	227719
UNKNOWN	84	T	0.991935483871	C	0.00806451612903	0	1	0	123	124	227719
UNKNOWN	85	T	1.0	A	0.0	0	0	0	124	124	227719
UNKNOWN	86	G	1.0	A	0.0	0	0	124	0	124	227719
UNKNOWN	87	A	0.991935483871	T	0.00806451612903	123	0	0	1	124	227719
UNKNOWN	88	C	0.991935483871	G	0.00806451612903	0	123	1	0	124	227719
UNKNOWN	89	C	1.0	A	0.0	0	124	0	0	124	227719
UNKNOWN	90	A	1.0	C	0.0	124	0	0	0	124	227719
UNKNOWN	91	G	0.959677419355	A	0.0403225806452	5	0	119	0	124	227719
UNKNOWN	92	C	0.975806451613	A	0.0161290322581	2	121	0	1	124	227719
UNKNOWN	93	T	0.975806451613	C	0.0161290322581	1	2	0	121	124	227719
UNKNOWN	94	A	0.991935483871	G	0.00806451612903	123	0	1	0	124	227719
UNKNOWN	95	T	1.0	A	0.0	0	0	0	124	124	227719
UNKNOWN	96	G	1.0	A	0.0	0	0	124	0	124	227719
UNKNOWN	97	G	0.983870967742	C	0.0161290322581	0	2	122	0	124	227719
UNKNOWN	98	T	1.0	A	0.0	0	0	0	124	124	227719
UNKNOWN	99	G	0.991935483871	C	0.00806451612903	0	1	123	0	124	227719
UNKNOWN	100	T	1.0	A	0.0	0	0	0	124	124	227719
UNKNOWN	101	A	0.991935483871	G	0.00806451612903	123	0	1	0	124	227719
UNKNOWN	102	A	0.983870967742	C	0.00806451612903	122	1	0	1	124	227719
UNKNOWN	103	A	0.870967741935	G	0.0887096774194	108	5	11	0	124	227719
UNKNOWN	104	C	0.983870967742	T	0.0161290322581	0	122	0	2	124	227719
UNKNOWN	105	T	0.991935483871	G	0.00806451612903	0	0	1	123	124	227719
UNKNOWN	106	G	0.991935483871	A	0.00806451612903	1	0	123	0	124	227719
UNKNOWN	107	G	0.991935483871	C	0.00806451612903	0	1	123	0	124	227719
UNKNOWN	108	G	0.991935483871	T	0.00806451612903	0	0	123	1	124	227719
UNKNOWN	109	T	0.983870967742	C	0.0161290322581	0	2	0	122	124	227719
UNKNOWN	110	C	1.0	A	0.0	0	124	0	0	124	227719
UNKNOWN	111	C	0.991935483871	G	0.00806451612903	0	123	1	0	124	227719
UNKNOWN	112	G	0.991935483871	C	0.00806451612903	0	1	123	0	124	227719
UNKNOWN	113	C	1.0	A	0.0	0	124	0	0	124	227719
UNKNOWN	114	C	0.991935483871	A	0.00806451612903	1	123	0	0	124	227719
UNKNOWN	115	A	0.991935483871	G	0.00806451612903	123	0	1	0	124	227719
UNKNOWN	116	G	1.0	A	0.0	0	0	124	0	124	227719
UNKNOWN	117	G	0.991935483871	C	0.00806451612903	0	1	123	0	124	227719
UNKNOWN	118	C	0.991935483871	T	0.00806451612903	0	123	0	1	124	227719
UNKNOWN	119	T	0.983870967742	C	0.0161290322581	0	2	0	122	124	227719
UNKNOWN	120	C	1.0	A	0.0	0	124	0	0	124	227719
UNKNOWN	121	C	0.983870967742	A	0.00806451612903	1	122	0	1	124	227719
UNKNOWN	122	A	0.991935483871	G	0.00806451612903	123	0	1	0	124	227719
UNKNOWN	123	G	1.0	A	0.0	0	0	124	0	124	227719
UNKNOWN	124	G	1.0	A	0.0	0	0	124	0	124	227719
UNKNOWN	125	G	0.983870967742	A	0.0161290322581	2	0	122	0	124	227719
UNKNOWN	126	A	1.0	C	0.0	124	0	0	0	124	227719
UNKNOWN	127	A	0.991935483871	G	0.00806451612903	123	0	1	0	124	227719
UNKNOWN	128	G	1.0	A	0.0	0	0	124	0	124	227719
UNKNOWN	129	G	0.991935483871	C	0.00806451612903	0	1	123	0	124	227719
UNKNOWN	130	C	0.991935483871	G	0.00806451612903	0	123	1	0	124	227719
UNKNOWN	131	G	0.991935483871	C	0.00806451612903	0	1	123	0	124	227719
UNKNOWN	132	C	0.967741935484	G	0.0161290322581	1	120	2	1	124	227719
UNKNOWN	133	T	0.983870967742	C	0.00806451612903	0	1	1	122	124	227719
UNKNOWN	134	G	1.0	A	0.0	0	0	124	0	124	227719
UNKNOWN	135	G	0.983870967742	A	0.0161290322581	2	0	122	0	124	227719
UNKNOWN	136	A	0.991935483871	G	0.00806451612903	123	0	1	0	124	227719
UNKNOWN	137	G	0.983870967742	C	0.00806451612903	0	1	122	1	124	227719
UNKNOWN	138	T	0.991935483871	G	0.00806451612903	0	0	1	123	124	227719
UNKNOWN	139	G	1.0	A	0.0	0	0	124	0	124	227719
UNKNOWN	140	G	0.975806451613	T	0.0161290322581	0	1	121	2	124	227719
UNKNOWN	141	C	0.983870967742	T	0.00806451612903	0	122	1	1	124	227719
UNKNOWN	142	T	0.991935483871	C	0.00806451612903	0	1	0	123	124	227719
UNKNOWN	143	C	0.991935483871	G	0.00806451612903	0	123	1	0	124	227719
UNKNOWN	144	G	1.0	A	0.0	0	0	124	0	124	227719
UNKNOWN	145	G	0.991935483871	T	0.00806451612903	0	0	123	1	124	227719
UNKNOWN	146	T	0.991935483871	A	0.00806451612903	1	0	0	123	124	227719
UNKNOWN	147	G	0.935483870968	A	0.0645161290323	8	0	116	0	124	227719
UNKNOWN	148	G	0.975806451613	A	0.0161290322581	2	0	121	1	124	227719
UNKNOWN	149	T	0.975806451613	C	0.0161290322581	1	2	0	121	124	227719
UNKNOWN	150	A	0.975806451613	G	0.0161290322581	121	0	2	1	124	227719
UNKNOWN	151	T	0.991935483871	A	0.00806451612903	1	0	0	123	124	227719
UNKNOWN	152	A	0.983870967742	G	0.0161290322581	122	0	2	0	124	227719
UNKNOWN	153	A	0.798387096774	G	0.201612903226	99	0	25	0	124	227719
UNKNOWN	154	A	0.959677419355	G	0.0322580645161	119	1	4	0	124	227719
UNKNOWN	155	T	0.927419354839	C	0.0645161290323	1	8	0	115	124	227719
UNKNOWN	156	G	0.782258064516	A	0.217741935484	27	0	97	0	124	227719
UNKNOWN	157	G	0.943548387097	C	0.0483870967742	0	6	117	1	124	227719
UNKNOWN	158	T	0.943548387097	A	0.0403225806452	5	1	1	117	124	227719
UNKNOWN	159	G	0.951612903226	A	0.0483870967742	6	0	118	0	124	227719
UNKNOWN	160	G	0.943548387097	A	0.0403225806452	5	1	117	1	124	227719
UNKNOWN	161	T	0.991935483871	G	0.00806451612903	0	0	1	123	124	227719
UNKNOWN	162	G	1.0	A	0.0	0	0	124	0	124	227719
UNKNOWN	163	G	0.991935483871	A	0.00806451612903	1	0	123	0	124	227719
UNKNOWN	164	A	0.991935483871	G	0.00806451612903	123	0	1	0	124	227719
UNKNOWN	165	A	0.975806451613	G	0.0241935483871	121	0	3	0	124	227719
UNKNOWN	166	G	0.927419354839	A	0.0645161290323	8	1	115	0	124	227719
UNKNOWN	167	C	0.983870967742	A	0.0161290322581	2	122	0	0	124	227719
UNKNOWN	168	A	0.991935483871	C	0.00806451612903	123	1	0	0	124	227719
UNKNOWN	169	C	0.975806451613	T	0.0161290322581	1	121	0	2	124	227719
UNKNOWN	170	A	0.975806451613	C	0.0161290322581	121	2	1	0	124	227719
UNKNOWN	171	A	0.798387096774	G	0.201612903226	99	0	25	0	124	227719
UNKNOWN	172	A	0.782258064516	G	0.193548387097	97	1	24	2	124	227719
UNKNOWN	173	C	0.991935483871	T	0.00806451612903	0	123	0	1	124	227719
UNKNOWN	174	T	0.991935483871	A	0.00806451612903	1	0	0	123	124	227719
UNKNOWN	175	A	0.983870967742	T	0.0161290322581	122	0	0	2	124	227719
UNKNOWN	176	T	0.991935483871	A	0.00806451612903	1	0	0	123	124	227719
UNKNOWN	177	A	1.0	C	0.0	124	0	0	0	124	227719
UNKNOWN	178	A	0.854838709677	G	0.137096774194	106	1	17	0	124	227719
UNKNOWN	179	C	1.0	A	0.0	0	124	0	0	124	227719
UNKNOWN	180	C	1.0	A	0.0	0	124	0	0	124	227719
UNKNOWN	181	C	0.991935483871	A	0.00806451612903	1	123	0	0	124	227719
UNKNOWN	182	A	0.991935483871	G	0.00806451612903	123	0	1	0	124	227719
UNKNOWN	183	G	0.991935483871	A	0.00806451612903	1	0	123	0	124	227719
UNKNOWN	184	G	0.951612903226	C	0.0322580645161	1	4	118	1	124	227719
UNKNOWN	185	C	1.0	A	0.0	0	124	0	0	124	227719
UNKNOWN	186	C	0.991935483871	T	0.00806451612903	0	123	0	1	124	227719
UNKNOWN	187	T	0.991935483871	G	0.00806451612903	0	0	1	123	124	227719
UNKNOWN	188	G	0.983870967742	A	0.0161290322581	2	0	122	0	124	227719
UNKNOWN	189	A	1.0	C	0.0	124	0	0	0	124	227719
UNKNOWN	190	A	1.0	C	0.0	124	0	0	0	124	227719
UNKNOWN	191	A	0.991935483871	T	0.00806451612903	123	0	0	1	124	227719
UNKNOWN	192	T	0.983870967742	C	0.0161290322581	0	2	0	122	124	227719
UNKNOWN	193	C	1.0	A	0.0	0	124	0	0	124	227719
UNKNOWN	194	C	0.991935483871	A	0.00806451612903	1	123	0	0	124	227719
UNKNOWN	195	A	0.943548387097	C	0.0483870967742	117	6	1	0	124	227719
UNKNOWN	196	G	1.0	A	0.0	0	0	124	0	124	227719
UNKNOWN	197	G	0.983870967742	A	0.00806451612903	1	1	122	0	124	227719
UNKNOWN	198	C	0.983870967742	T	0.00806451612903	0	122	1	1	124	227719
UNKNOWN	199	T	0.991935483871	C	0.00806451612903	0	1	0	123	124	227719
UNKNOWN	200	C	0.975806451613	T	0.0161290322581	1	121	0	2	124	227719
UNKNOWN	201	A	0.991935483871	G	0.00806451612903	123	0	1	0	124	227719
UNKNOWN	202	G	0.991935483871	C	0.00806451612903	0	1	123	0	124	227719
UNKNOWN	203	C	0.983870967742	A	0.00806451612903	1	122	0	1	124	227719
UNKNOWN	204	A	0.991935483871	T	0.00806451612903	123	0	0	1	124	227719
UNKNOWN	205	T	0.991935483871	C	0.00806451612903	0	1	0	123	124	227719
UNKNOWN	206	C	0.991935483871	A	0.00806451612903	1	123	0	0	124	227719
UNKNOWN	207	A	0.983870967742	C	0.0161290322581	122	2	0	0	124	227719
UNKNOWN	208	C	1.0	A	0.0	0	124	0	0	124	227719
UNKNOWN	209	C	0.991935483871	A	0.00806451612903	1	123	0	0	124	227719
UNKNOWN	210	A	0.991935483871	G	0.00806451612903	123	0	1	0	124	227719
UNKNOWN	211	G	0.943548387097	A	0.0564516129032	7	0	117	0	124	227719
UNKNOWN	212	G	1.0	A	0.0	0	0	124	0	124	227719
UNKNOWN	213	G	0.991935483871	A	0.00806451612903	1	0	123	0	124	227719
UNKNOWN	214	A	0.991935483871	C	0.00806451612903	123	1	0	0	124	227719
UNKNOWN	215	C	0.991935483871	A	0.00806451612903	1	123	0	0	124	227719
UNKNOWN	216	A	1.0	C	0.0	124	0	0	0	124	227719
UNKNOWN	217	A	0.991935483871	C	0.00806451612903	123	1	0	0	124	227719
UNKNOWN	218	C	0.983870967742	A	0.00806451612903	1	122	0	1	124	227719
UNKNOWN	219	T	0.967741935484	C	0.0161290322581	1	2	1	120	124	227719
UNKNOWN	220	C	1.0	A	0.0	0	124	0	0	124	227719
UNKNOWN	221	C	0.991935483871	A	0.00806451612903	1	123	0	0	124	227719
UNKNOWN	222	A	1.0	C	0.0	124	0	0	0	124	227719
UNKNOWN	223	A	0.991935483871	G	0.00806451612903	123	0	1	0	124	227719
UNKNOWN	224	G	0.991935483871	A	0.00806451612903	1	0	123	0	124	227719
UNKNOWN	225	A	0.991935483871	G	0.00806451612903	123	0	1	0	124	227719
UNKNOWN	226	G	0.983870967742	A	0.00806451612903	1	1	122	0	124	227719
UNKNOWN	227	C	0.983870967742	T	0.0161290322581	0	122	0	2	124	227719
UNKNOWN	228	C	0.991935483871	A	0.00806451612903	1	123	0	0	124	227719
UNKNOWN	229	A	1.0	C	0.0	124	0	0	0	124	227719
UNKNOWN	230	A	0.991935483871	G	0.00806451612903	123	0	1	0	124	227719
UNKNOWN	231	G	0.991935483871	T	0.00806451612903	0	0	123	1	124	227719
UNKNOWN	232	T	0.983870967742	C	0.0161290322581	0	2	0	122	124	227719
UNKNOWN	233	C	0.991935483871	T	0.00806451612903	0	123	0	1	124	227719
UNKNOWN	234	T	0.983870967742	C	0.0161290322581	0	2	0	122	124	227719
UNKNOWN	235	C	0.991935483871	T	0.00806451612903	0	123	0	1	124	227719
UNKNOWN	236	T	0.983870967742	C	0.0161290322581	0	2	0	122	124	227719
UNKNOWN	237	C	0.991935483871	T	0.00806451612903	0	123	0	1	124	227719
UNKNOWN	238	T	0.983870967742	C	0.00806451612903	0	1	1	122	124	227719
UNKNOWN	239	G	0.959677419355	A	0.0241935483871	3	0	119	2	124	227719
UNKNOWN	240	T	0.991935483871	C	0.00806451612903	0	1	0	123	124	227719
UNKNOWN	241	C	0.991935483871	A	0.00806451612903	1	123	0	0	124	227719
UNKNOWN	242	A	0.991935483871	G	0.00806451612903	123	0	1	0	124	227719
UNKNOWN	243	G	0.854838709677	C	0.120967741935	2	15	106	1	124	227719
UNKNOWN	244	T	0.983870967742	C	0.00806451612903	0	1	1	122	124	227719
UNKNOWN	245	G	0.991935483871	A	0.00806451612903	1	0	123	0	124	227719
UNKNOWN	246	A	0.975806451613	G	0.0241935483871	121	0	3	0	124	227719
UNKNOWN	247	G	0.951612903226	A	0.0403225806452	5	1	118	0	124	227719
UNKNOWN	248	C	0.991935483871	A	0.00806451612903	1	123	0	0	124	227719
UNKNOWN	249	A	0.983870967742	C	0.00806451612903	122	1	1	0	124	227719
UNKNOWN	250	G	0.991935483871	C	0.00806451612903	0	1	123	0	124	227719
UNKNOWN	251	C	0.991935483871	G	0.00806451612903	0	123	1	0	124	227719
UNKNOWN	252	G	0.959677419355	A	0.0241935483871	3	0	119	2	124	227719
UNKNOWN	253	T	0.991935483871	G	0.00806451612903	0	0	1	123	124	227719
UNKNOWN	254	G	0.983870967742	A	0.0161290322581	2	0	122	0	124	227719
UNKNOWN	255	A	0.983870967742	C	0.00806451612903	122	1	1	0	124	227719
UNKNOWN	256	C	0.991935483871	A	0.00806451612903	1	123	0	0	124	227719
UNKNOWN	257	A	0.975806451613	G	0.0161290322581	121	1	2	0	124	227719
UNKNOWN	258	C	0.806451612903	A	0.177419354839	22	100	1	1	124	227719
UNKNOWN	259	C	0.975806451613	G	0.0161290322581	0	121	2	1	124	227719
UNKNOWN	260	T	0.983870967742	C	0.00806451612903	0	1	1	122	124	227719
UNKNOWN	261	G	0.983870967742	A	0.0161290322581	2	0	122	0	124	227719
UNKNOWN	262	A	0.991935483871	G	0.00806451612903	123	0	1	0	124	227719
UNKNOWN	263	G	0.943548387097	A	0.0241935483871	3	1	117	3	124	227719
UNKNOWN	264	G	0.975806451613	A	0.0161290322581	2	0	121	1	124	227719
UNKNOWN	265	A	0.991935483871	C	0.00806451612903	123	1	0	0	124	227719
UNKNOWN	266	C	0.983870967742	A	0.0161290322581	2	122	0	0	124	227719
UNKNOWN	267	A	0.927419354839	T	0.0403225806452	115	1	3	5	124	227719
UNKNOWN	268	C	0.983870967742	G	0.0161290322581	0	122	2	0	124	227719
UNKNOWN	269	G	0.983870967742	T	0.0161290322581	0	0	122	2	124	227719
UNKNOWN	270	G	0.983870967742	C	0.00806451612903	0	1	122	1	124	227719
UNKNOWN	271	C	0.983870967742	G	0.0161290322581	0	122	2	0	124	227719
UNKNOWN	272	C	0.975806451613	T	0.0161290322581	1	121	0	2	124	227719
UNKNOWN	273	A	0.967741935484	G	0.0241935483871	120	1	3	0	124	227719
UNKNOWN	274	C	0.983870967742	A	0.00806451612903	1	122	0	1	124	227719
UNKNOWN	275	A	0.967741935484	T	0.0161290322581	120	1	1	2	124	227719
UNKNOWN	276	T	0.975806451613	A	0.0161290322581	2	0	1	121	124	227719
UNKNOWN	277	A	0.983870967742	C	0.00806451612903	122	1	0	1	124	227719
UNKNOWN	278	C	0.959677419355	T	0.0403225806452	0	119	0	5	124	227719
UNKNOWN	279	T	0.975806451613	A	0.0161290322581	2	0	1	121	124	227719
UNKNOWN	280	A	0.951612903226	C	0.0322580645161	118	4	1	1	124	227719
UNKNOWN	281	C	0.967741935484	T	0.0322580645161	0	120	0	4	124	227719
UNKNOWN	282	T	0.991935483871	G	0.00806451612903	0	0	1	123	124	227719
