Type	Position	Nucl1	Freq1	Nucl2	Freq2	NumAs	NumCs	NumGs	NumTs	NumAligned	NumNaive
UNKNOWN	0	C	1.0	A	0.0	0	21481	0	0	21481	146001
UNKNOWN	1	A	1.0	C	0.0	21481	0	0	0	21481	146001
UNKNOWN	2	G	1.0	A	0.0	0	0	21481	0	21481	146001
UNKNOWN	3	G	1.0	A	0.0	0	0	21481	0	21481	146001
UNKNOWN	4	T	1.0	A	0.0	0	0	0	21481	21481	146001
UNKNOWN	5	G	1.0	A	0.0	0	0	21481	0	21481	146001
UNKNOWN	6	C	1.0	A	0.0	0	21481	0	0	21481	146001
UNKNOWN	7	A	0.9965550952	G	0.00186211070248	21407	2	40	32	21481	146001
UNKNOWN	8	G	0.993249848704	A	0.00530701550207	114	27	21336	4	21481	146001
UNKNOWN	9	C	0.996648200736	T	0.0027000605186	6	21409	8	58	21481	146001
UNKNOWN	10	T	0.999441366789	C	0.000558633210744	0	12	0	21469	21481	146001
UNKNOWN	11	G	0.997625808854	A	0.00153624132955	33	15	21430	3	21481	146001
UNKNOWN	12	C	0.999255155719	T	0.00046552767562	4	21465	2	10	21481	146001
UNKNOWN	13	G	0.99809133653	A	0.00176900516736	38	1	21440	2	21481	146001
UNKNOWN	14	G	0.967878590382	C	0.0310972487314	21	668	20791	1	21481	146001
UNKNOWN	15	G	0.999487919557	A	0.000372422140496	8	0	21470	3	21481	146001
UNKNOWN	16	A	0.996834411806	G	0.0017224523998	21413	23	37	8	21481	146001
UNKNOWN	17	G	0.996461989665	A	0.00307248265909	66	6	21405	4	21481	146001
UNKNOWN	18	T	0.9982775476	C	0.00144313579442	1	31	5	21444	21481	146001
UNKNOWN	19	C	0.999301708487	T	0.000558633210744	1	21466	2	12	21481	146001
UNKNOWN	20	G	0.9982775476	A	0.000791397048555	17	7	21444	13	21481	146001
UNKNOWN	21	G	0.998417205903	T	0.00069829151343	8	11	21447	15	21481	146001
UNKNOWN	22	G	0.999208602951	A	0.000325869372934	7	7	21464	3	21481	146001
UNKNOWN	23	C	0.999394814022	T	0.000512080443182	2	21468	0	11	21481	146001
UNKNOWN	24	C	0.999394814022	A	0.00023276383781	5	21468	3	5	21481	146001
UNKNOWN	25	C	0.998882733579	T	0.000744844280993	6	21457	2	16	21481	146001
UNKNOWN	26	C	0.999022391881	A	0.00069829151343	15	21460	2	4	21481	146001
UNKNOWN	27	A	0.995484381546	G	0.00288627158885	21384	32	62	3	21481	146001
UNKNOWN	28	G	0.995530934314	A	0.00339835203203	73	23	21385	0	21481	146001
UNKNOWN	29	C	0.997346492249	T	0.0023276383781	4	21424	3	50	21481	146001
UNKNOWN	30	C	0.999068944649	T	0.000791397048555	1	21461	2	17	21481	146001
UNKNOWN	31	T	0.996834411806	C	0.00186211070248	5	40	23	21413	21481	146001
UNKNOWN	32	G	0.995391276011	A	0.00353801033471	76	3	21382	20	21481	146001
UNKNOWN	33	G	0.996461989665	A	0.00186211070248	40	20	21405	16	21481	146001
UNKNOWN	34	T	0.996880964573	C	0.00190866347004	4	41	22	21414	21481	146001
UNKNOWN	35	G	0.998417205903	A	0.00116381918905	25	7	21447	2	21481	146001
UNKNOWN	36	A	0.996927517341	C	0.00148968856199	21415	32	31	3	21481	146001
UNKNOWN	37	A	0.991667054606	G	0.00544667380476	21302	60	117	2	21481	146001
UNKNOWN	38	G	0.998743075276	C	0.000744844280993	10	16	21454	1	21481	146001
UNKNOWN	39	C	0.994739537265	T	0.00297937712397	6	21368	43	64	21481	146001
UNKNOWN	40	C	0.999115497416	T	0.00046552767562	8	21462	1	10	21481	146001
UNKNOWN	41	C	0.997532703319	G	0.00139658302686	1	21428	30	22	21481	146001
UNKNOWN	42	T	0.996694753503	C	0.00297937712397	3	64	4	21410	21481	146001
UNKNOWN	43	C	0.99809133653	T	0.00102416088636	19	21440	0	22	21481	146001
UNKNOWN	44	A	0.992411898887	G	0.00432940738327	21318	65	93	5	21481	146001
UNKNOWN	45	C	0.997346492249	G	0.0013500302593	23	21424	29	5	21481	146001
UNKNOWN	46	A	0.995810250919	G	0.00204832177273	21391	40	44	6	21481	146001
UNKNOWN	47	G	0.995111959406	T	0.00293282435641	34	8	21376	63	21481	146001
UNKNOWN	48	A	0.996229225827	G	0.00204832177273	21400	33	44	4	21481	146001
UNKNOWN	49	C	0.998836180811	T	0.000512080443182	3	21456	11	11	21481	146001
UNKNOWN	50	C	0.998510311438	T	0.000744844280993	8	21449	8	16	21481	146001
UNKNOWN	51	C	0.997858572692	T	0.00158279409711	9	21435	3	34	21481	146001
UNKNOWN	52	T	0.996974070108	C	0.00260695498347	1	56	8	21416	21481	146001
UNKNOWN	53	C	0.993389507006	G	0.0050276988967	2	21339	108	32	21481	146001
UNKNOWN	54	T	0.996648200736	C	0.00274661328616	7	59	6	21409	21481	146001
UNKNOWN	55	C	0.998696522508	T	0.000651738745868	13	21453	1	14	21481	146001
UNKNOWN	56	C	0.997718914389	G	0.0013500302593	8	21432	29	12	21481	146001
UNKNOWN	57	C	0.997299939481	T	0.00144313579442	2	21423	25	31	21481	146001
UNKNOWN	58	T	0.995949909222	C	0.00349145756715	8	75	4	21394	21481	146001
UNKNOWN	59	C	0.998649969741	A	0.000884502583679	19	21452	1	9	21481	146001
UNKNOWN	60	A	0.989013546855	G	0.00684325683162	21245	88	147	1	21481	146001
UNKNOWN	61	C	0.996508542433	T	0.00162934686467	11	21406	29	35	21481	146001
UNKNOWN	62	C	0.995717145384	T	0.00256040221591	2	21389	35	55	21481	146001
UNKNOWN	63	T	0.997067175644	C	0.00190866347004	2	41	20	21418	21481	146001
UNKNOWN	64	G	0.9982775476	C	0.000977608118803	14	21	21444	2	21481	146001
UNKNOWN	65	C	0.997579256087	T	0.00148968856199	19	21429	1	32	21481	146001
UNKNOWN	66	A	0.990549788185	C	0.00493459336158	21278	106	83	14	21481	146001
UNKNOWN	67	C	0.994413667893	T	0.00274661328616	8	21361	53	59	21481	146001
UNKNOWN	68	G	0.991760160142	A	0.0060053070155	129	30	21304	18	21481	146001
UNKNOWN	69	G	0.981658209581	A	0.0159210465062	342	30	21087	22	21481	146001
UNKNOWN	70	T	0.989572180066	C	0.00861226199898	5	185	34	21257	21481	146001
UNKNOWN	71	C	0.988315255342	G	0.00828639262604	6	21230	178	67	21481	146001
UNKNOWN	72	T	0.996089567525	C	0.00288627158885	8	62	14	21397	21481	146001
UNKNOWN	73	C	0.998137889298	T	0.00162934686467	2	21441	3	35	21481	146001
UNKNOWN	74	T	0.993668823612	C	0.00353801033471	7	76	53	21345	21481	146001
UNKNOWN	75	G	0.989898049439	A	0.0096829756529	208	6	21264	3	21481	146001
UNKNOWN	76	G	0.990084260509	A	0.00716912620455	154	44	21268	15	21481	146001
UNKNOWN	77	A	0.993203295936	C	0.00325869372934	21335	70	42	34	21481	146001
UNKNOWN	78	T	0.981425445743	G	0.0113588752851	32	123	244	21082	21481	146001
UNKNOWN	79	T	0.993110190401	C	0.00488804059401	14	105	29	21333	21481	146001
UNKNOWN	80	C	0.984078953494	T	0.00893813137191	32	21139	118	192	21481	146001
UNKNOWN	81	T	0.992505004423	C	0.00391043247521	8	84	69	21320	21481	146001
UNKNOWN	82	C	0.994180904055	T	0.00228108561054	28	21356	48	49	21481	146001
UNKNOWN	83	A	0.991201526931	C	0.00381732694009	21292	82	74	33	21481	146001
UNKNOWN	84	T	0.982496159397	G	0.00991573949071	54	109	213	21105	21481	146001
UNKNOWN	85	T	0.996089567525	A	0.00158279409711	34	34	16	21397	21481	146001
UNKNOWN	86	A	0.976490852381	G	0.0201573483544	20976	54	433	18	21481	146001
UNKNOWN	87	A	0.985010008845	G	0.00972952842046	21159	106	209	7	21481	146001
UNKNOWN	88	G	0.978073646478	A	0.0125226944742	269	161	21010	41	21481	146001
UNKNOWN	89	C	0.946743633909	T	0.0255574693916	150	20337	445	549	21481	146001
UNKNOWN	90	G	0.95512313207	A	0.0390577719845	839	48	20517	77	21481	146001
UNKNOWN	91	A	0.919836134258	G	0.0466458730972	19759	535	1002	185	21481	146001
UNKNOWN	92	T	0.91923094828	C	0.040175038406	384	863	488	19746	21481	146001
UNKNOWN	93	A	0.903170243471	G	0.0398957218007	19401	503	857	720	21481	146001
UNKNOWN	94	A	0.955449001443	G	0.0253712583213	20524	222	545	190	21481	146001
UNKNOWN	95	T	0.94539360365	A	0.0259764442996	558	203	412	20308	21481	146001
UNKNOWN	96	A	0.890507890694	G	0.081420790466	19129	326	1749	277	21481	146001
UNKNOWN	97	G	0.509566593734	A	0.279130394302	5996	3837	10946	702	21481	146001
UNKNOWN	98	T	0.974721847214	G	0.0152693077603	92	123	328	20938	21481	146001
UNKNOWN	99	G	0.963130208091	A	0.0312369070341	671	21	20689	100	21481	146001
UNKNOWN	100	T	0.995251617709	C	0.00251384944835	23	54	25	21379	21481	146001
UNKNOWN	101	A	0.951259252363	G	0.0323541734556	20434	283	695	69	21481	146001
UNKNOWN	102	G	0.92113961175	A	0.0546529491178	1174	399	19787	121	21481	146001
UNKNOWN	103	G	0.756063497975	A	0.160607048089	3450	1124	16241	666	21481	146001
UNKNOWN	104	C	0.97155625902	T	0.0120571667986	135	20870	217	259	21481	146001
UNKNOWN	105	T	0.9965550952	G	0.00214142730785	2	26	46	21407	21481	146001
UNKNOWN	106	G	0.99846375867	T	0.00102416088636	10	1	21448	22	21481	146001
UNKNOWN	107	G	0.997579256087	C	0.00107071365393	13	23	21429	16	21481	146001
UNKNOWN	108	G	0.976537405149	A	0.0166193380196	357	101	20977	46	21481	146001
UNKNOWN	109	T	0.994134351287	C	0.00493459336158	5	106	15	21355	21481	146001
UNKNOWN	110	C	0.995437828779	T	0.00349145756715	14	21383	9	75	21481	146001
UNKNOWN	111	C	0.9982775476	G	0.00116381918905	1	21444	25	11	21481	146001
UNKNOWN	112	G	0.997532703319	C	0.00153624132955	18	33	21428	2	21481	146001
UNKNOWN	113	C	0.996787859038	A	0.00148968856199	32	21412	8	29	21481	146001
UNKNOWN	114	C	0.997393045017	A	0.00200176900517	43	21425	9	4	21481	146001
UNKNOWN	115	A	0.991294632466	G	0.00716912620455	21294	28	154	5	21481	146001
UNKNOWN	116	G	0.998743075276	A	0.00069829151343	15	8	21454	4	21481	146001
UNKNOWN	117	G	0.991434290769	A	0.00656394022625	141	34	21297	9	21481	146001
UNKNOWN	118	C	0.988408360877	T	0.00865881476654	12	21232	51	186	21481	146001
UNKNOWN	119	T	0.990689446488	C	0.0054001210372	25	116	59	21281	21481	146001
UNKNOWN	120	C	0.996322331363	T	0.00153624132955	19	21402	27	33	21481	146001
UNKNOWN	121	C	0.997718914389	A	0.00153624132955	33	21432	8	8	21481	146001
UNKNOWN	122	A	0.989060099623	G	0.00758810111261	21246	56	163	16	21481	146001
UNKNOWN	123	G	0.99427400959	A	0.00335179926447	72	46	21358	5	21481	146001
UNKNOWN	124	G	0.994786090033	A	0.00460872398864	99	9	21369	4	21481	146001
UNKNOWN	125	A	0.972720078209	G	0.0233229365486	20895	54	501	31	21481	146001
UNKNOWN	126	A	0.997020622876	G	0.00162934686467	21417	8	35	21	21481	146001
UNKNOWN	127	A	0.990922210325	G	0.00730878450724	21286	13	157	25	21481	146001
UNKNOWN	128	G	0.998324100368	A	0.000744844280993	16	15	21445	5	21481	146001
UNKNOWN	129	G	0.983101345375	A	0.0101485033285	218	142	21118	3	21481	146001
UNKNOWN	130	C	0.996601647968	G	0.00246729668079	5	21408	53	15	21481	146001
UNKNOWN	131	G	0.989711838369	A	0.00456217122108	98	94	21260	29	21481	146001
UNKNOWN	132	C	0.994739537265	T	0.00372422140496	14	21368	19	80	21481	146001
UNKNOWN	133	T	0.990363577115	G	0.00460872398864	13	95	99	21274	21481	146001
UNKNOWN	134	G	0.988641124715	A	0.0090777896746	195	6	21237	43	21481	146001
UNKNOWN	135	G	0.993156743168	A	0.00521390996695	112	24	21334	11	21481	146001
UNKNOWN	136	A	0.994041245752	G	0.00460872398864	21353	14	99	15	21481	146001
UNKNOWN	137	G	0.985242772683	A	0.00828639262604	178	77	21164	62	21481	146001
UNKNOWN	138	T	0.993948140217	G	0.00437596015083	14	22	94	21351	21481	146001
UNKNOWN	139	G	0.99064289372	T	0.00684325683162	30	24	21280	147	21481	146001
UNKNOWN	140	G	0.984777245007	C	0.00758810111261	78	163	21154	86	21481	146001
UNKNOWN	141	C	0.989339416228	G	0.00763465388017	22	21252	164	43	21481	146001
UNKNOWN	142	T	0.995949909222	C	0.00325869372934	4	70	13	21394	21481	146001
UNKNOWN	143	C	0.986220380802	T	0.00656394022625	33	21185	122	141	21481	146001
UNKNOWN	144	G	0.987337647223	A	0.0111726642149	240	6	21209	26	21481	146001
UNKNOWN	145	G	0.977887435408	C	0.0167124435548	44	359	21006	72	21481	146001
UNKNOWN	146	T	0.980168521019	C	0.00786741771798	100	169	157	21055	21481	146001
UNKNOWN	147	G	0.846934500256	A	0.110236953587	2368	375	18193	545	21481	146001
UNKNOWN	148	T	0.920999953447	G	0.0304455099856	586	457	654	19784	21481	146001
UNKNOWN	149	C	0.906847912108	T	0.0559564266096	432	19480	367	1202	21481	146001
UNKNOWN	150	A	0.958893906243	G	0.0263023136725	20598	244	565	74	21481	146001
UNKNOWN	151	T	0.96275778595	G	0.0194125040734	149	234	417	20681	21481	146001
UNKNOWN	152	A	0.910944555654	G	0.0445975513244	19568	354	958	601	21481	146001
UNKNOWN	153	T	0.884176714306	G	0.0540943159071	817	509	1162	18993	21481	146001
UNKNOWN	154	A	0.894232112099	G	0.0569805874959	19209	352	1224	696	21481	146001
UNKNOWN	155	T	0.942879754201	C	0.0251384944835	160	540	527	20254	21481	146001
UNKNOWN	156	A	0.872352311345	G	0.0983659978586	18739	465	2113	164	21481	146001
UNKNOWN	157	G	0.845118942321	A	0.0684325683162	1470	1196	18154	661	21481	146001
UNKNOWN	158	T	0.945998789628	G	0.0276523439318	209	357	594	20321	21481	146001
UNKNOWN	159	G	0.750197849262	A	0.201899352917	4337	739	16115	290	21481	146001
UNKNOWN	160	G	0.822727061124	A	0.102695405242	2206	1218	17673	384	21481	146001
UNKNOWN	161	T	0.961780177832	G	0.0171779712304	214	238	369	20660	21481	146001
UNKNOWN	162	G	0.988966994088	A	0.00889157860435	191	23	21244	23	21481	146001
UNKNOWN	163	G	0.972626972674	A	0.0183417904194	394	105	20893	89	21481	146001
UNKNOWN	164	A	0.961873283367	G	0.0314231181044	20662	95	675	49	21481	146001
UNKNOWN	165	A	0.914994646432	G	0.0755085889856	19655	150	1622	54	21481	146001
UNKNOWN	166	G	0.709836599786	A	0.183045482054	3932	1525	15248	776	21481	146001
UNKNOWN	167	C	0.909128997719	T	0.0490666170104	458	19529	440	1054	21481	146001
UNKNOWN	168	A	0.971230389647	G	0.0205297704949	20863	140	441	37	21481	146001
UNKNOWN	169	C	0.964852660491	A	0.017224523998	370	20726	124	261	21481	146001
UNKNOWN	170	A	0.975047716587	G	0.0182486848843	20945	77	392	67	21481	146001
UNKNOWN	171	G	0.938364135748	A	0.0379405055631	815	290	20157	219	21481	146001
UNKNOWN	172	G	0.64750244402	A	0.262092081374	5630	1498	13909	444	21481	146001
UNKNOWN	173	C	0.970113123225	T	0.0126623527769	100	20839	270	272	21481	146001
UNKNOWN	174	T	0.983334109213	C	0.00898468413947	115	193	50	21123	21481	146001
UNKNOWN	175	A	0.987803174899	T	0.00558633210744	21219	70	72	120	21481	146001
UNKNOWN	176	T	0.973558028025	C	0.0220194590568	73	473	22	20913	21481	146001
UNKNOWN	177	A	0.98491690331	G	0.00721567897211	21157	97	155	72	21481	146001
UNKNOWN	178	A	0.983054792607	G	0.0117778501932	21117	92	253	19	21481	146001
UNKNOWN	179	C	0.917229179275	T	0.0650807690517	77	19703	303	1398	21481	146001
UNKNOWN	180	C	0.933010567478	T	0.0410595409897	111	20042	446	882	21481	146001
UNKNOWN	181	C	0.981146129137	T	0.0112192169824	119	21076	45	241	21481	146001
UNKNOWN	182	A	0.983334109213	G	0.0073553372748	21123	144	158	56	21481	146001
UNKNOWN	183	G	0.981378892975	A	0.0121037195661	260	111	21081	29	21481	146001
UNKNOWN	184	C	0.984963456077	T	0.00744844280993	79	21158	84	160	21481	146001
UNKNOWN	185	C	0.997532703319	T	0.00116381918905	13	21428	15	25	21481	146001
UNKNOWN	186	C	0.993901587449	T	0.0040500907779	19	21350	25	87	21481	146001
UNKNOWN	187	T	0.993156743168	G	0.00274661328616	46	42	59	21334	21481	146001
UNKNOWN	188	G	0.976071877473	A	0.0174107350682	374	18	20967	122	21481	146001
UNKNOWN	189	A	0.991108421396	G	0.00521390996695	21290	62	112	17	21481	146001
UNKNOWN	190	A	0.992132582282	C	0.0036776686374	21312	79	61	29	21481	146001
UNKNOWN	191	A	0.989898049439	T	0.00442251291839	21264	42	80	95	21481	146001
UNKNOWN	192	T	0.989851496671	C	0.00679670406406	36	146	36	21263	21481	146001
UNKNOWN	193	C	0.996322331363	T	0.00181555793492	33	21402	7	39	21481	146001
UNKNOWN	194	C	0.993296401471	T	0.00288627158885	20	21337	62	62	21481	146001
UNKNOWN	195	C	0.995717145384	G	0.00297937712397	21	21389	64	7	21481	146001
UNKNOWN	196	G	0.995810250919	A	0.00228108561054	49	22	21391	19	21481	146001
UNKNOWN	197	G	0.96466644942	A	0.0224384339649	482	161	20722	116	21481	146001
UNKNOWN	198	C	0.991713607374	T	0.00432940738327	38	21303	47	93	21481	146001
UNKNOWN	199	T	0.992784321028	C	0.00507425166426	32	109	14	21326	21481	146001
UNKNOWN	200	C	0.99427400959	A	0.00335179926447	72	21358	21	30	21481	146001
UNKNOWN	201	A	0.983659978586	G	0.0124295889391	21130	81	267	3	21481	146001
UNKNOWN	202	G	0.976258088543	C	0.0161072575765	68	346	20971	96	21481	146001
UNKNOWN	203	C	0.958474931335	T	0.0264885247428	158	20589	165	569	21481	146001
UNKNOWN	204	A	0.985522089288	G	0.00800707602067	21170	55	172	84	21481	146001
UNKNOWN	205	T	0.993342954239	C	0.00432940738327	21	93	29	21338	21481	146001
UNKNOWN	206	C	0.985242772683	T	0.0109864531446	71	21164	10	236	21481	146001
UNKNOWN	207	A	0.974442530608	G	0.0182952376519	20932	100	393	56	21481	146001
UNKNOWN	208	C	0.984591033937	T	0.00814673432336	45	21150	111	175	21481	146001
UNKNOWN	209	C	0.95475070993	G	0.016153810344	338	20509	347	287	21481	146001
UNKNOWN	210	A	0.989944602207	G	0.00721567897211	21265	59	155	2	21481	146001
UNKNOWN	211	A	0.982635817699	G	0.0147106745496	21108	35	316	22	21481	146001
UNKNOWN	212	G	0.984637586705	A	0.0121502723337	261	44	21151	25	21481	146001
UNKNOWN	213	G	0.990317024347	A	0.00754154834505	162	33	21273	13	21481	146001
UNKNOWN	214	A	0.992598109958	C	0.00358456310228	21322	77	54	28	21481	146001
UNKNOWN	215	C	0.986406591872	A	0.00479493505889	103	21189	92	97	21481	146001
UNKNOWN	216	A	0.98510311438	G	0.0101950560961	21161	67	219	34	21481	146001
UNKNOWN	217	A	0.984078953494	G	0.00796052325311	21139	131	171	40	21481	146001
UNKNOWN	218	C	0.97593221917	T	0.0124295889391	73	20964	177	267	21481	146001
UNKNOWN	219	T	0.988873888553	C	0.00456217122108	74	98	67	21242	21481	146001
UNKNOWN	220	C	0.993901587449	A	0.00335179926447	72	21350	5	54	21481	146001
UNKNOWN	221	C	0.990130813277	A	0.00391043247521	84	21269	72	56	21481	146001
UNKNOWN	222	A	0.986546250175	G	0.0104278199339	21192	60	224	5	21481	146001
UNKNOWN	223	A	0.982682370467	G	0.0147106745496	21109	42	316	14	21481	146001
UNKNOWN	224	G	0.990410129882	A	0.00535356826963	115	67	21275	24	21481	146001
UNKNOWN	225	A	0.990317024347	G	0.00688980959918	21273	51	148	9	21481	146001
UNKNOWN	226	G	0.964061263442	A	0.0260695498347	560	186	20709	26	21481	146001
UNKNOWN	227	C	0.97537358596	T	0.0172710767655	65	20952	93	371	21481	146001
UNKNOWN	228	C	0.989432521763	A	0.00577254317769	124	21254	92	11	21481	146001
UNKNOWN	229	A	0.990922210325	G	0.00507425166426	21286	56	109	30	21481	146001
UNKNOWN	230	A	0.980680601462	G	0.0156417299008	21066	58	336	21	21481	146001
UNKNOWN	231	G	0.969601042782	A	0.0144779107118	311	189	20828	153	21481	146001
UNKNOWN	232	T	0.988873888553	C	0.00954331735022	9	205	25	21242	21481	146001
UNKNOWN	233	C	0.959312881151	T	0.0211815092407	62	20607	357	455	21481	146001
UNKNOWN	234	T	0.989292863461	C	0.00651738745868	39	140	51	21251	21481	146001
UNKNOWN	235	C	0.988454913645	T	0.00856570923141	59	21233	5	184	21481	146001
UNKNOWN	236	T	0.983520320283	C	0.0122899306364	28	264	62	21127	21481	146001
UNKNOWN	237	C	0.987849727666	T	0.00516735719939	86	21220	64	111	21481	146001
UNKNOWN	238	T	0.995251617709	A	0.00260695498347	56	37	9	21379	21481	146001
UNKNOWN	239	A	0.871374703226	G	0.115916391229	18718	103	2490	170	21481	146001
UNKNOWN	240	T	0.981192681905	G	0.00935710627997	81	122	201	21077	21481	146001
UNKNOWN	241	C	0.98109957637	T	0.0145244634794	87	21075	7	312	21481	146001
UNKNOWN	242	A	0.98300823984	C	0.00754154834505	21116	162	151	52	21481	146001
UNKNOWN	243	C	0.915273963037	G	0.0668497742191	130	19661	1436	254	21481	146001
UNKNOWN	244	T	0.994041245752	G	0.00344490479959	25	29	74	21353	21481	146001
UNKNOWN	245	G	0.975327033192	A	0.0165262324845	355	50	20951	125	21481	146001
UNKNOWN	246	A	0.984684139472	G	0.0103812671663	21152	88	223	18	21481	146001
UNKNOWN	247	G	0.959126670081	A	0.0243470974349	523	276	20603	79	21481	146001
UNKNOWN	248	C	0.963316419161	T	0.0201107955868	141	20693	215	432	21481	146001
UNKNOWN	249	A	0.987477305526	G	0.00945021181509	21212	60	203	6	21481	146001
UNKNOWN	250	G	0.98282202877	C	0.0119175084959	77	256	21112	36	21481	146001
UNKNOWN	251	C	0.985708300358	T	0.00749499557749	46	21174	100	161	21481	146001
UNKNOWN	252	G	0.987430752758	A	0.00647083469112	139	56	21211	75	21481	146001
UNKNOWN	253	T	0.98892044132	C	0.00623807085331	30	134	74	21243	21481	146001
UNKNOWN	254	G	0.958707695172	A	0.0289558214236	622	101	20594	164	21481	146001
UNKNOWN	255	A	0.984358270099	G	0.00926400074484	21145	70	199	67	21481	146001
UNKNOWN	256	C	0.985987616964	A	0.00688980959918	148	21180	75	78	21481	146001
UNKNOWN	257	A	0.966761323961	G	0.0246729668079	20767	99	530	85	21481	146001
UNKNOWN	258	A	0.885014664122	C	0.0866812532005	19011	1862	512	96	21481	146001
UNKNOWN	259	C	0.955076579303	T	0.021367720311	113	20516	393	459	21481	146001
UNKNOWN	260	T	0.97383734463	C	0.0111726642149	91	240	231	20919	21481	146001
UNKNOWN	261	G	0.985522089288	A	0.00986918672315	212	24	21170	75	21481	146001
UNKNOWN	262	A	0.981937526186	G	0.0107071365393	21093	108	230	50	21481	146001
UNKNOWN	263	G	0.948466086309	A	0.025510916624	548	411	20374	148	21481	146001
UNKNOWN	264	G	0.98338066198	A	0.00861226199898	185	46	21124	126	21481	146001
UNKNOWN	265	A	0.986173828034	C	0.00810018155579	21184	174	93	30	21481	146001
UNKNOWN	266	C	0.979470229505	T	0.00931055351241	173	21040	68	200	21481	146001
UNKNOWN	267	A	0.97383734463	G	0.015408966063	20919	78	331	153	21481	146001
UNKNOWN	268	C	0.988035938737	G	0.00526046273451	87	21224	113	57	21481	146001
UNKNOWN	269	G	0.971090731344	A	0.0194125040734	417	94	20860	110	21481	146001
UNKNOWN	270	G	0.985615194823	T	0.0054001210372	113	80	21172	116	21481	146001
UNKNOWN	271	C	0.983799636888	A	0.00777431218286	167	21133	150	31	21481	146001
UNKNOWN	272	C	0.985428983753	A	0.00777431218286	167	21168	49	97	21481	146001
UNKNOWN	273	A	0.982961687072	G	0.010101950561	21115	75	217	74	21481	146001
UNKNOWN	274	C	0.984218611796	A	0.00847260369629	182	21142	57	100	21481	146001
UNKNOWN	275	A	0.967180298869	G	0.0155951771333	20776	189	335	181	21481	146001
UNKNOWN	276	T	0.988641124715	G	0.00484148782645	86	54	104	21237	21481	146001
UNKNOWN	277	A	0.984125506261	C	0.00791397048555	21140	170	100	71	21481	146001
UNKNOWN	278	C	0.957078348308	T	0.0376611889577	90	20559	23	809	21481	146001
UNKNOWN	279	T	0.982682370467	G	0.00633117638844	109	127	136	21109	21481	146001
UNKNOWN	280	A	0.963223313626	T	0.0180159210465	20691	222	181	387	21481	146001
UNKNOWN	281	C	0.968669987431	T	0.0256505749267	69	20808	53	551	21481	146001
UNKNOWN	282	T	0.98528932545	G	0.0105674782366	66	23	227	21165	21481	146001
