Type	Position	Nucl1	Freq1	Nucl2	Freq2	NumAs	NumCs	NumGs	NumTs	NumAligned	NumNaive
UNKNOWN	0	C	1.0	A	0.0	0	11677	0	0	11677	146001
UNKNOWN	1	A	1.0	C	0.0	11677	0	0	0	11677	146001
UNKNOWN	2	G	1.0	A	0.0	0	0	11677	0	11677	146001
UNKNOWN	3	G	1.0	A	0.0	0	0	11677	0	11677	146001
UNKNOWN	4	T	1.0	A	0.0	0	0	0	11677	11677	146001
UNKNOWN	5	G	1.0	A	0.0	0	0	11677	0	11677	146001
UNKNOWN	6	C	1.0	A	0.0	0	11677	0	0	11677	146001
UNKNOWN	7	A	0.998372869744	G	0.00119893808341	11658	2	14	3	11677	146001
UNKNOWN	8	G	0.994176586452	A	0.00496702920271	58	9	11609	1	11677	146001
UNKNOWN	9	C	0.992378179327	T	0.00471011389912	4	11588	30	55	11677	146001
UNKNOWN	10	T	0.999314892524	C	0.000685107476235	0	8	0	11669	11677	146001
UNKNOWN	11	G	0.998544146613	A	0.00128457651794	15	1	11660	1	11677	146001
UNKNOWN	12	C	0.998629785048	T	0.00119893808341	1	11661	1	14	11677	146001
UNKNOWN	13	G	0.998030316006	A	0.001455853387	17	3	11654	3	11677	146001
UNKNOWN	14	G	0.963261111587	C	0.0355399503297	11	415	11248	3	11677	146001
UNKNOWN	15	G	0.999571807827	C	0.000256915303588	1	3	11672	1	11677	146001
UNKNOWN	16	A	0.996745739488	G	0.00171276869059	11639	12	20	6	11677	146001
UNKNOWN	17	G	0.997773400702	A	0.00188404555965	22	3	11651	1	11677	146001
UNKNOWN	18	T	0.998629785048	C	0.00111329964888	1	13	2	11661	11677	146001
UNKNOWN	19	C	0.999486169393	T	0.000256915303588	1	11671	2	3	11677	146001
UNKNOWN	20	G	0.996745739488	A	0.00128457651794	15	13	11639	10	11677	146001
UNKNOWN	21	G	0.998801061917	C	0.000513830607177	4	6	11663	4	11677	146001
UNKNOWN	22	G	0.99905797722	A	0.000428192172647	5	5	11666	1	11677	146001
UNKNOWN	23	C	0.999486169393	T	0.000513830607177	0	11671	0	6	11677	146001
UNKNOWN	24	C	0.999743084696	T	0.000171276869059	1	11674	0	2	11677	146001
UNKNOWN	25	C	0.998801061917	T	0.000942022779824	2	11663	1	11	11677	146001
UNKNOWN	26	C	0.999143615655	T	0.000513830607177	4	11667	0	6	11677	146001
UNKNOWN	27	A	0.99734520853	G	0.00162713025606	11646	10	19	2	11677	146001
UNKNOWN	28	G	0.996745739488	A	0.00205532242871	24	13	11639	1	11677	146001
UNKNOWN	29	C	0.997516485399	T	0.00196968399418	1	11648	5	23	11677	146001
UNKNOWN	30	C	0.999143615655	T	0.000428192172647	1	11667	4	5	11677	146001
UNKNOWN	31	T	0.997602123833	C	0.00154149182153	3	18	7	11649	11677	146001
UNKNOWN	32	G	0.997259570095	A	0.00179840712512	21	0	11645	11	11677	146001
UNKNOWN	33	G	0.995032970797	A	0.002911706774	34	11	11619	13	11677	146001
UNKNOWN	34	T	0.998201592875	C	0.00128457651794	0	15	6	11656	11677	146001
UNKNOWN	35	G	0.996831377922	A	0.00239787616682	28	4	11640	5	11677	146001
UNKNOWN	36	A	0.996831377922	C	0.00162713025606	11640	19	18	0	11677	146001
UNKNOWN	37	A	0.992292540892	G	0.005823413548	11587	17	68	5	11677	146001
UNKNOWN	38	G	0.998629785048	A	0.000685107476235	8	6	11661	2	11677	146001
UNKNOWN	39	C	0.997259570095	G	0.00137021495247	1	11645	16	15	11677	146001
UNKNOWN	40	C	0.998972338786	T	0.000770745910765	0	11665	3	9	11677	146001
UNKNOWN	41	G	0.614370129314	C	0.382289971739	25	4464	7174	14	11677	146001
UNKNOWN	42	T	0.994604778625	C	0.00299734520853	5	35	23	11614	11677	146001
UNKNOWN	43	C	0.998372869744	T	0.00111329964888	6	11658	0	13	11677	146001
UNKNOWN	44	A	0.994005309583	C	0.00282606833947	11607	33	30	7	11677	146001
UNKNOWN	45	C	0.997602123833	G	0.00137021495247	8	11649	16	4	11677	146001
UNKNOWN	46	A	0.997173931661	G	0.00162713025606	11644	13	19	1	11677	146001
UNKNOWN	47	G	0.998629785048	A	0.000942022779824	11	5	11661	0	11677	146001
UNKNOWN	48	A	0.996745739488	G	0.00188404555965	11639	14	22	2	11677	146001
UNKNOWN	49	C	0.999400530958	T	0.000342553738118	1	11670	2	4	11677	146001
UNKNOWN	50	C	0.998458508178	T	0.000856384345294	7	11659	1	10	11677	146001
UNKNOWN	51	C	0.999143615655	T	0.000856384345294	0	11667	0	10	11677	146001
UNKNOWN	52	T	0.997516485399	C	0.00196968399418	4	23	2	11648	11677	146001
UNKNOWN	53	C	0.998458508178	T	0.000770745910765	0	11659	9	9	11677	146001
UNKNOWN	54	T	0.997173931661	C	0.00222659929776	3	26	4	11644	11677	146001
UNKNOWN	55	C	0.998544146613	G	0.000685107476235	3	11660	8	6	11677	146001
UNKNOWN	56	G	0.881219491308	C	0.111329964888	78	1300	10290	9	11677	146001
UNKNOWN	57	C	0.997516485399	T	0.00214096086324	2	11648	2	25	11677	146001
UNKNOWN	58	T	0.997088293226	C	0.00265479147041	1	31	2	11643	11677	146001
UNKNOWN	59	C	0.99905797722	A	0.000513830607177	6	11666	1	4	11677	146001
UNKNOWN	60	A	0.996231908881	G	0.00188404555965	11633	13	22	9	11677	146001
UNKNOWN	61	C	0.998458508178	T	0.000856384345294	0	11659	8	10	11677	146001
UNKNOWN	62	C	0.997687762268	T	0.00119893808341	2	11650	11	14	11677	146001
UNKNOWN	63	T	0.997602123833	C	0.001455853387	1	17	10	11649	11677	146001
UNKNOWN	64	G	0.998972338786	A	0.000599469041706	7	5	11665	0	11677	146001
UNKNOWN	65	C	0.998372869744	T	0.00111329964888	6	11658	0	13	11677	146001
UNKNOWN	66	A	0.99451914019	C	0.00196968399418	11613	23	18	23	11677	146001
UNKNOWN	67	C	0.99811595444	T	0.000942022779824	2	11655	9	11	11677	146001
UNKNOWN	68	G	0.998372869744	A	0.00119893808341	14	4	11658	1	11677	146001
UNKNOWN	69	G	0.984927635523	A	0.0139590648283	163	10	11501	3	11677	146001
UNKNOWN	70	C	0.947589278068	T	0.0518112528903	3	11065	4	605	11677	146001
UNKNOWN	71	C	0.993662755845	G	0.00393936798835	2	11603	46	26	11677	146001
UNKNOWN	72	T	0.996146270446	C	0.00308298364306	0	36	9	11632	11677	146001
UNKNOWN	73	C	0.998629785048	T	0.00102766121435	4	11661	0	12	11677	146001
UNKNOWN	74	T	0.996317547315	C	0.00222659929776	5	26	12	11634	11677	146001
UNKNOWN	75	G	0.996745739488	A	0.00316862207759	37	0	11639	1	11677	146001
UNKNOWN	76	G	0.992977648369	A	0.00599469041706	70	9	11595	3	11677	146001
UNKNOWN	77	A	0.994347863321	C	0.002911706774	11611	34	18	14	11677	146001
UNKNOWN	78	T	0.991949987154	C	0.00402500642288	14	47	33	11583	11677	146001
UNKNOWN	79	T	0.993662755845	C	0.00556649824441	1	65	8	11603	11677	146001
UNKNOWN	80	C	0.981587736576	G	0.00976278153635	28	11462	114	73	11677	146001
UNKNOWN	81	T	0.995375524535	C	0.00248351460135	8	29	17	11623	11677	146001
UNKNOWN	82	C	0.997944677571	A	0.00162713025606	19	11653	2	3	11677	146001
UNKNOWN	83	A	0.995118609232	C	0.00325426051212	11620	38	10	9	11677	146001
UNKNOWN	84	T	0.992121264023	C	0.00548085980988	14	64	14	11585	11677	146001
UNKNOWN	85	T	0.997088293226	C	0.00162713025606	6	19	9	11643	11677	146001
UNKNOWN	86	A	0.646398903828	G	0.349661728184	7548	35	4083	11	11677	146001
UNKNOWN	87	A	0.987753703862	G	0.00976278153635	11534	24	114	5	11677	146001
UNKNOWN	88	G	0.977990922326	A	0.0168707716023	197	57	11420	3	11677	146001
UNKNOWN	89	C	0.985270189261	T	0.011646827096	5	11505	31	136	11677	146001
UNKNOWN	90	G	0.97088293226	A	0.0268048300077	313	27	11337	0	11677	146001
UNKNOWN	91	A	0.97542176929	G	0.0212383317633	11390	33	248	6	11677	146001
UNKNOWN	92	C	0.975164853986	T	0.0148154491736	40	11387	77	173	11677	146001
UNKNOWN	93	A	0.975079215552	T	0.0179840712512	11386	31	50	210	11677	146001
UNKNOWN	94	A	0.989466472553	G	0.00719362850047	11554	24	84	15	11677	146001
UNKNOWN	95	G	0.961976535069	T	0.0325426051212	50	14	11233	380	11677	146001
UNKNOWN	96	G	0.960435043247	A	0.0298878136508	349	86	11215	27	11677	146001
UNKNOWN	97	C	0.981930290314	G	0.00856384345294	55	11466	100	56	11677	146001
UNKNOWN	98	T	0.99451914019	G	0.00325426051212	6	20	38	11613	11677	146001
UNKNOWN	99	G	0.980816990665	A	0.0167851331678	196	7	11453	21	11677	146001
UNKNOWN	100	T	0.997859039137	C	0.00137021495247	6	16	3	11652	11677	146001
UNKNOWN	101	A	0.983386143701	G	0.0133595957866	11483	22	156	16	11677	146001
UNKNOWN	102	G	0.986212212041	A	0.0131883189175	154	4	11516	3	11677	146001
UNKNOWN	103	G	0.981759013445	A	0.00916331249465	107	91	11464	15	11677	146001
UNKNOWN	104	C	0.992720733065	T	0.00453883703006	7	11592	25	53	11677	146001
UNKNOWN	105	T	0.997516485399	G	0.00162713025606	0	10	19	11648	11677	146001
UNKNOWN	106	G	0.999229254089	A	0.000513830607177	6	0	11668	3	11677	146001
UNKNOWN	107	G	0.998372869744	A	0.000856384345294	10	4	11658	5	11677	146001
UNKNOWN	108	G	0.987924980731	A	0.0100196968399	117	16	11536	8	11677	146001
UNKNOWN	109	T	0.995118609232	C	0.00359681425024	2	42	13	11620	11677	146001
UNKNOWN	110	C	0.997002654791	T	0.00154149182153	6	11642	11	18	11677	146001
UNKNOWN	111	C	0.999143615655	G	0.000770745910765	0	11667	9	1	11677	146001
UNKNOWN	112	G	0.998372869744	C	0.000942022779824	6	11	11658	2	11677	146001
UNKNOWN	113	C	0.997173931661	T	0.00214096086324	6	11644	2	25	11677	146001
UNKNOWN	114	C	0.998629785048	A	0.00102766121435	12	11661	2	2	11677	146001
UNKNOWN	115	A	0.991693071851	G	0.00539522137535	11580	33	63	1	11677	146001
UNKNOWN	116	G	0.998544146613	A	0.000770745910765	9	4	11660	4	11677	146001
UNKNOWN	117	G	0.987239873255	A	0.0111329964888	130	16	11528	3	11677	146001
UNKNOWN	118	C	0.98278667466	T	0.0155861950844	9	11476	10	182	11677	146001
UNKNOWN	119	T	0.990751049071	C	0.00590905198253	16	69	23	11569	11677	146001
UNKNOWN	120	C	0.998372869744	A	0.00102766121435	12	11658	3	4	11677	146001
UNKNOWN	121	C	0.997259570095	A	0.00154149182153	18	11645	2	12	11677	146001
UNKNOWN	122	A	0.992206902458	G	0.00496702920271	11586	14	58	19	11677	146001
UNKNOWN	123	G	0.996745739488	A	0.00205532242871	24	11	11639	3	11677	146001
UNKNOWN	124	G	0.997944677571	A	0.00179840712512	21	3	11653	0	11677	146001
UNKNOWN	125	A	0.607176500814	G	0.390083069281	7090	26	4555	6	11677	146001
UNKNOWN	126	A	0.996831377922	G	0.00265479147041	11640	5	31	1	11677	146001
UNKNOWN	127	A	0.99451914019	G	0.00479575233365	11613	8	56	0	11677	146001
UNKNOWN	128	G	0.992292540892	A	0.00753618223859	88	2	11587	0	11677	146001
UNKNOWN	129	G	0.990665410636	A	0.00719362850047	84	25	11568	0	11677	146001
UNKNOWN	130	C	0.997516485399	G	0.00162713025606	2	11648	19	8	11677	146001
UNKNOWN	131	G	0.992378179327	A	0.00565213667894	66	20	11588	3	11677	146001
UNKNOWN	132	C	0.994176586452	T	0.004367560161	6	11609	11	51	11677	146001
UNKNOWN	133	T	0.996146270446	C	0.00196968399418	7	23	15	11632	11677	146001
UNKNOWN	134	G	0.988695726642	A	0.00796437441124	93	24	11545	15	11677	146001
UNKNOWN	135	G	0.997430846964	A	0.00137021495247	16	10	11647	4	11677	146001
UNKNOWN	136	A	0.995546801404	G	0.00274042990494	11625	12	32	8	11677	146001
UNKNOWN	137	G	0.986726042648	A	0.008735120322	102	24	11522	29	11677	146001
UNKNOWN	138	T	0.994347863321	G	0.00299734520853	11	20	35	11611	11677	146001
UNKNOWN	139	G	0.998287231309	T	0.000856384345294	8	2	11657	10	11677	146001
UNKNOWN	140	G	0.988610088208	C	0.00693671319688	16	81	11544	36	11677	146001
UNKNOWN	141	C	0.990237218464	G	0.00710799006594	12	11563	83	19	11677	146001
UNKNOWN	142	T	0.995289886101	C	0.00299734520853	3	35	17	11622	11677	146001
UNKNOWN	143	C	0.990151580029	T	0.00753618223859	6	11562	21	88	11677	146001
UNKNOWN	144	G	0.996231908881	A	0.00325426051212	38	1	11633	5	11677	146001
UNKNOWN	145	G	0.994090948017	C	0.00351117581571	13	41	11608	15	11677	146001
UNKNOWN	146	T	0.986040935172	G	0.00753618223859	35	40	88	11514	11677	146001
UNKNOWN	147	A	0.656846792841	G	0.336987239873	7670	18	3935	54	11677	146001
UNKNOWN	148	G	0.941680226085	A	0.0330564357284	386	208	10996	87	11677	146001
UNKNOWN	149	T	0.98638348891	C	0.00762182067312	21	89	49	11518	11677	146001
UNKNOWN	150	A	0.948103108675	G	0.0464160315149	11071	29	542	35	11677	146001
UNKNOWN	151	T	0.994861693928	C	0.00231223773229	19	27	14	11617	11677	146001
UNKNOWN	152	A	0.974651023379	G	0.0154149182153	11381	69	180	47	11677	146001
UNKNOWN	153	G	0.968313779224	A	0.0212383317633	248	78	11307	44	11677	146001
UNKNOWN	154	A	0.975507407725	G	0.0197824783763	11391	47	231	8	11677	146001
UNKNOWN	155	C	0.970369101653	T	0.0238931232337	44	11331	23	279	11677	146001
UNKNOWN	156	A	0.975935599897	G	0.0166138562987	11396	55	194	32	11677	146001
UNKNOWN	157	C	0.946989809026	G	0.0294596214781	71	11058	344	204	11677	146001
UNKNOWN	158	T	0.981930290314	C	0.00933458936371	23	109	79	11466	11677	146001
UNKNOWN	159	G	0.927892438126	A	0.0621735034684	726	94	10835	22	11677	146001
UNKNOWN	160	G	0.941508949216	A	0.0331420741629	387	240	10994	56	11677	146001
UNKNOWN	161	T	0.98184465188	C	0.00813565128029	34	95	83	11465	11677	146001
UNKNOWN	162	G	0.988781365077	A	0.00702235163141	82	21	11546	28	11677	146001
UNKNOWN	163	G	0.977562730153	A	0.0165282178642	193	46	11415	23	11677	146001
UNKNOWN	164	A	0.990151580029	G	0.00616596728612	11562	18	72	25	11677	146001
UNKNOWN	165	A	0.980988267534	G	0.0143872570009	11455	45	168	9	11677	146001
UNKNOWN	166	G	0.830864091804	A	0.106020381947	1238	473	9702	264	11677	146001
UNKNOWN	167	C	0.949987154235	T	0.0342553738118	106	11093	78	400	11677	146001
UNKNOWN	168	A	0.986469127344	G	0.00805001284577	11519	59	94	5	11677	146001
UNKNOWN	169	C	0.981759013445	T	0.00942022779824	60	11464	43	110	11677	146001
UNKNOWN	170	A	0.987496788559	G	0.00633724415518	11531	33	74	39	11677	146001
UNKNOWN	171	G	0.98449944335	A	0.00950586623277	111	31	11496	39	11677	146001
UNKNOWN	172	G	0.916759441637	A	0.0606320116468	708	196	10705	68	11677	146001
UNKNOWN	173	C	0.97901858354	G	0.0110473580543	39	11432	129	77	11677	146001
UNKNOWN	174	T	0.991949987154	C	0.00428192172647	27	50	17	11583	11677	146001
UNKNOWN	175	A	0.991949987154	T	0.00462447546459	11583	16	24	54	11677	146001
UNKNOWN	176	T	0.986554765779	C	0.0107904427507	25	126	6	11520	11677	146001
UNKNOWN	177	A	0.99186434872	C	0.00368245268476	11582	43	34	18	11677	146001
UNKNOWN	178	A	0.992206902458	G	0.00376809111929	11586	41	44	6	11677	146001
UNKNOWN	179	C	0.928063714995	T	0.0636293568554	34	10837	63	743	11677	146001
UNKNOWN	180	C	0.98278667466	T	0.00856384345294	35	11476	66	100	11677	146001
UNKNOWN	181	C	0.982615397791	A	0.00950586623277	111	11474	25	67	11677	146001
UNKNOWN	182	A	0.986640404213	G	0.00762182067312	11521	59	89	8	11677	146001
UNKNOWN	183	G	0.99546116297	A	0.00274042990494	32	15	11624	6	11677	146001
UNKNOWN	184	G	0.951186092318	C	0.039308041449	60	459	11107	51	11677	146001
UNKNOWN	185	C	0.995718078274	T	0.00214096086324	13	11627	12	25	11677	146001
UNKNOWN	186	C	0.994947332363	T	0.00256915303588	15	11618	14	30	11677	146001
UNKNOWN	187	T	0.990237218464	A	0.00453883703006	53	34	27	11563	11677	146001
UNKNOWN	188	G	0.990579772202	A	0.00693671319688	81	14	11567	15	11677	146001
UNKNOWN	189	A	0.986297850475	G	0.00745054380406	11517	70	87	3	11677	146001
UNKNOWN	190	A	0.995375524535	C	0.00214096086324	11623	25	23	6	11677	146001
UNKNOWN	191	A	0.992121264023	T	0.00351117581571	11585	15	36	41	11677	146001
UNKNOWN	192	T	0.993491478976	C	0.00376809111929	13	44	19	11601	11677	146001
UNKNOWN	193	C	0.994005309583	A	0.00368245268476	43	11607	6	21	11677	146001
UNKNOWN	194	C	0.985355827695	T	0.00813565128029	53	11506	23	95	11677	146001
UNKNOWN	195	C	0.995289886101	G	0.00205532242871	15	11622	24	16	11677	146001
UNKNOWN	196	G	0.997516485399	T	0.00102766121435	11	6	11648	12	11677	146001
UNKNOWN	197	G	0.954954183438	A	0.0354543118952	414	68	11151	44	11677	146001
UNKNOWN	198	C	0.991264879678	G	0.00513830607177	17	11575	60	25	11677	146001
UNKNOWN	199	T	0.993063286803	C	0.00385372955382	15	45	21	11596	11677	146001
UNKNOWN	200	C	0.993320202107	A	0.00308298364306	36	11599	14	28	11677	146001
UNKNOWN	201	A	0.985869658303	C	0.00933458936371	11512	109	52	4	11677	146001
UNKNOWN	202	G	0.981416459707	C	0.00950586623277	70	111	11460	36	11677	146001
UNKNOWN	203	C	0.961377066027	T	0.0309154748651	57	11226	33	361	11677	146001
UNKNOWN	204	A	0.988952641946	G	0.00573777511347	11548	35	67	27	11677	146001
UNKNOWN	205	T	0.995032970797	C	0.00333989894665	10	39	9	11619	11677	146001
UNKNOWN	206	C	0.982015928749	T	0.0104478890126	85	11467	3	122	11677	146001
UNKNOWN	207	A	0.985013273957	C	0.00830692814935	11502	97	73	5	11677	146001
UNKNOWN	208	C	0.981930290314	G	0.010190973709	34	11466	119	58	11677	146001
UNKNOWN	209	C	0.969769632611	T	0.0137021495247	68	11324	125	160	11677	146001
UNKNOWN	210	A	0.988524449773	C	0.00796437441124	11543	93	36	5	11677	146001
UNKNOWN	211	A	0.986297850475	G	0.0104478890126	11517	34	122	4	11677	146001
UNKNOWN	212	G	0.986897319517	A	0.00959150466729	112	16	11524	25	11677	146001
UNKNOWN	213	G	0.989723387856	A	0.00856384345294	100	12	11557	8	11677	146001
UNKNOWN	214	A	0.989380834118	C	0.00779309754218	11553	91	18	15	11677	146001
UNKNOWN	215	C	0.977648368588	T	0.0125888498758	70	11416	44	147	11677	146001
UNKNOWN	216	A	0.98544146613	G	0.00890639719106	11507	46	104	20	11677	146001
UNKNOWN	217	A	0.983471782136	G	0.0105335274471	11484	51	123	19	11677	146001
UNKNOWN	218	C	0.976877622677	T	0.0133595957866	29	11407	85	156	11677	146001
UNKNOWN	219	T	0.983814335874	C	0.0119893808341	19	140	30	11488	11677	146001
UNKNOWN	220	C	0.991093602809	A	0.00530958294082	62	11573	10	32	11677	146001
UNKNOWN	221	C	0.988353172904	A	0.00488139076818	57	11541	24	55	11677	146001
UNKNOWN	222	A	0.983985612743	C	0.00984841997088	11490	115	63	9	11677	146001
UNKNOWN	223	A	0.982529759356	G	0.0131883189175	11473	38	154	12	11677	146001
UNKNOWN	224	G	0.986897319517	A	0.00805001284577	94	49	11524	10	11677	146001
UNKNOWN	225	A	0.988781365077	G	0.00659415945877	11546	46	77	8	11677	146001
UNKNOWN	226	G	0.95726642117	A	0.0317718592104	371	115	11178	13	11677	146001
UNKNOWN	227	C	0.969683994177	T	0.0253489766207	39	11323	19	296	11677	146001
UNKNOWN	228	C	0.988952641946	G	0.00719362850047	37	11548	84	8	11677	146001
UNKNOWN	229	A	0.989380834118	T	0.00453883703006	11553	35	36	53	11677	146001
UNKNOWN	230	A	0.982272844052	G	0.0155861950844	11470	12	182	13	11677	146001
UNKNOWN	231	G	0.975678684594	A	0.0155005566498	181	65	11393	38	11677	146001
UNKNOWN	232	T	0.992463817761	C	0.00650852102424	4	76	8	11589	11677	146001
UNKNOWN	233	C	0.975507407725	T	0.0143016185664	9	11391	110	167	11677	146001
UNKNOWN	234	T	0.992720733065	C	0.00453883703006	6	53	26	11592	11677	146001
UNKNOWN	235	C	0.993148925238	T	0.00479575233365	18	11597	6	56	11677	146001
UNKNOWN	236	T	0.9809026291	C	0.0104478890126	33	122	68	11454	11677	146001
UNKNOWN	237	C	0.993748394279	T	0.00453883703006	6	11604	14	53	11677	146001
UNKNOWN	238	T	0.995118609232	C	0.00205532242871	9	24	24	11620	11677	146001
UNKNOWN	239	G	0.938254688704	A	0.048043161771	561	62	10956	98	11677	146001
UNKNOWN	240	T	0.990665410636	C	0.00368245268476	32	43	34	11568	11677	146001
UNKNOWN	241	C	0.988610088208	T	0.00736490536953	39	11544	8	86	11677	146001
UNKNOWN	242	A	0.985698381434	G	0.00745054380406	11510	56	87	24	11677	146001
UNKNOWN	243	G	0.882247152522	C	0.0730495846536	446	853	10302	76	11677	146001
UNKNOWN	244	T	0.993834032714	G	0.002911706774	18	20	34	11605	11677	146001
UNKNOWN	245	G	0.968656332962	A	0.0215808855014	252	79	11311	35	11677	146001
UNKNOWN	246	A	0.979446775713	G	0.0151580029117	11437	55	177	8	11677	146001
UNKNOWN	247	G	0.95632439839	A	0.0287745140019	336	107	11167	67	11677	146001
UNKNOWN	248	C	0.971739316605	T	0.0196112015072	55	11347	46	229	11677	146001
UNKNOWN	249	A	0.98998030316	G	0.00676543632782	11560	33	79	5	11677	146001
UNKNOWN	250	G	0.990494133767	C	0.00608032885159	33	71	11566	7	11677	146001
UNKNOWN	251	C	0.985527104565	T	0.0107904427507	8	11508	35	126	11677	146001
UNKNOWN	252	G	0.987668065428	A	0.00702235163141	82	36	11533	26	11677	146001
UNKNOWN	253	T	0.991007964374	C	0.00496702920271	16	58	31	11572	11677	146001
UNKNOWN	254	G	0.964888241843	A	0.0242356769718	283	64	11267	63	11677	146001
UNKNOWN	255	A	0.985612742999	G	0.00864948188747	11509	35	101	32	11677	146001
UNKNOWN	256	C	0.989637749422	A	0.00539522137535	63	11556	30	28	11677	146001
UNKNOWN	257	A	0.970283463218	G	0.0202963089835	11330	62	237	48	11677	146001
UNKNOWN	258	A	0.853900830693	C	0.125802860324	9971	1469	191	46	11677	146001
UNKNOWN	259	C	0.962404727242	G	0.0173846022095	72	11238	203	164	11677	146001
UNKNOWN	260	T	0.976278153635	G	0.0113042733579	37	108	132	11400	11677	146001
UNKNOWN	261	G	0.984841997088	A	0.00616596728612	72	40	11500	65	11677	146001
UNKNOWN	262	A	0.986726042648	G	0.00856384345294	11522	38	100	17	11677	146001
UNKNOWN	263	G	0.964973880277	A	0.0178984328166	209	131	11268	69	11677	146001
UNKNOWN	264	G	0.985698381434	A	0.00779309754218	91	28	11510	48	11677	146001
UNKNOWN	265	A	0.987154234821	C	0.00556649824441	11527	65	54	31	11677	146001
UNKNOWN	266	C	0.981073905969	T	0.0107048043162	56	11456	40	125	11677	146001
UNKNOWN	267	T	0.789672004796	A	0.195598184465	2284	46	126	9221	11677	146001
UNKNOWN	268	C	0.989894664726	G	0.00419628329194	42	11559	49	27	11677	146001
UNKNOWN	269	G	0.964716964974	A	0.0237218463646	277	55	11265	80	11677	146001
UNKNOWN	270	G	0.98998030316	A	0.00385372955382	45	36	11560	36	11677	146001
UNKNOWN	271	C	0.986469127344	A	0.00702235163141	82	11519	48	28	11677	146001
UNKNOWN	272	C	0.986726042648	A	0.00770745910765	90	11522	30	35	11677	146001
UNKNOWN	273	A	0.987068596386	G	0.00685107476235	11526	48	80	23	11677	146001
UNKNOWN	274	C	0.982272844052	A	0.00796437441124	93	11470	36	78	11677	146001
UNKNOWN	275	A	0.969170163569	G	0.0169564100368	11317	63	198	99	11677	146001
UNKNOWN	276	T	0.988524449773	A	0.00462447546459	54	47	33	11543	11677	146001
UNKNOWN	277	A	0.983471782136	C	0.00796437441124	11484	93	49	51	11677	146001
UNKNOWN	278	C	0.958550997688	T	0.0348548428535	39	11193	38	407	11677	146001
UNKNOWN	279	T	0.9809026291	C	0.00967714310182	54	113	56	11454	11677	146001
UNKNOWN	280	A	0.970968570695	T	0.0139590648283	11338	103	73	163	11677	146001
UNKNOWN	281	C	0.967200479575	T	0.0289457908709	23	11294	22	338	11677	146001
UNKNOWN	282	T	0.985955296737	G	0.00907767406012	34	24	106	11513	11677	146001
UNKNOWN	283	G	0.988781365077	T	0.00522394450629	46	24	11546	61	11677	146001
UNKNOWN	284	T	0.948103108675	C	0.0438468784791	38	512	56	11071	11677	146001
UNKNOWN	285	A	0.703005909052	G	0.267448831035	8209	95	3123	250	11677	146001
UNKNOWN	286	C	0.852273700437	G	0.0676543632782	223	9952	790	712	11677	146001
UNKNOWN	287	T	0.687334075533	A	0.146612999914	1712	541	1398	8026	11677	146001
UNKNOWN	288	A	0.895606748309	G	0.0599469041706	10458	194	700	325	11677	146001
UNKNOWN	289	C	0.724244240815	A	0.167423139505	1955	8457	927	338	11677	146001
UNKNOWN	290	T	0.732551168965	A	0.140618309497	1642	288	1193	8554	11677	146001
