Type	Position	Nucl1	Freq1	Nucl2	Freq2	NumAs	NumCs	NumGs	NumTs	NumAligned	NumNaive
UNKNOWN	0	C	1.0	A	0.0	0	25427	0	0	25427	146001
UNKNOWN	1	A	1.0	C	0.0	25427	0	0	0	25427	146001
UNKNOWN	2	G	1.0	A	0.0	0	0	25427	0	25427	146001
UNKNOWN	3	G	1.0	A	0.0	0	0	25427	0	25427	146001
UNKNOWN	4	T	1.0	A	0.0	0	0	0	25427	25427	146001
UNKNOWN	5	G	1.0	A	0.0	0	0	25427	0	25427	146001
UNKNOWN	6	C	1.0	A	0.0	0	25427	0	0	25427	146001
UNKNOWN	7	A	0.992173673654	T	0.00609588232981	25228	3	41	155	25427	146001
UNKNOWN	8	G	0.991072482007	A	0.00715774570339	182	43	25200	2	25427	146001
UNKNOWN	9	C	0.995516576867	T	0.00342155975931	2	25313	25	87	25427	146001
UNKNOWN	10	T	0.998820151807	C	0.00102253510048	1	26	3	25397	25427	146001
UNKNOWN	11	G	0.998623510442	A	0.00110119164667	28	3	25392	4	25427	146001
UNKNOWN	12	C	0.998820151807	T	0.000904550281197	6	25397	1	23	25427	146001
UNKNOWN	13	G	0.997994258072	A	0.0017304440162	44	6	25376	1	25427	146001
UNKNOWN	14	G	0.938175954694	C	0.0592283792819	63	1506	23855	3	25427	146001
UNKNOWN	15	G	0.999095449719	A	0.000471939277146	12	8	25404	3	25427	146001
UNKNOWN	16	A	0.996145829237	G	0.00169111574311	25329	40	43	15	25427	146001
UNKNOWN	17	G	0.99618515751	A	0.00314626184764	80	5	25330	12	25427	146001
UNKNOWN	18	T	0.99771896016	C	0.00117984819287	15	30	13	25369	25427	146001
UNKNOWN	19	C	0.999056121446	T	0.000668580642624	2	25403	5	17	25427	146001
UNKNOWN	20	G	0.998308884257	A	0.00125850473906	32	8	25384	3	25427	146001
UNKNOWN	21	G	0.998584182169	C	0.000589924096433	8	15	25391	13	25427	146001
UNKNOWN	22	G	0.999213434538	C	0.000471939277146	4	12	25407	4	25427	146001
UNKNOWN	23	C	0.999331419357	T	0.000550595823337	1	25410	2	14	25427	146001
UNKNOWN	24	C	0.999174106265	T	0.000432611004051	7	25406	3	11	25427	146001
UNKNOWN	25	C	0.99885948008	T	0.000629252369528	9	25398	4	16	25427	146001
UNKNOWN	26	C	0.998702166988	A	0.000825893735006	21	25394	1	11	25427	146001
UNKNOWN	27	A	0.995516576867	G	0.00310693357455	25313	34	79	1	25427	146001
UNKNOWN	28	G	0.990639871003	A	0.00680379124553	173	61	25189	4	25427	146001
UNKNOWN	29	C	0.996578440241	T	0.00271365084359	7	25340	11	69	25427	146001
UNKNOWN	30	C	0.998544853895	T	0.00102253510048	1	25390	10	26	25427	146001
UNKNOWN	31	T	0.996657096787	C	0.00180910056239	9	46	30	25342	25427	146001
UNKNOWN	32	G	0.995634561686	A	0.00314626184764	80	16	25316	15	25427	146001
UNKNOWN	33	G	0.995791874779	C	0.00204507020097	32	52	25320	23	25427	146001
UNKNOWN	34	T	0.995949187871	C	0.00279230738978	4	71	28	25324	25427	146001
UNKNOWN	35	G	0.996853738152	A	0.00232036811264	59	5	25347	16	25427	146001
UNKNOWN	36	A	0.996539111968	G	0.0017697722893	25339	31	45	12	25427	146001
UNKNOWN	37	A	0.993274865301	G	0.00534864514099	25256	30	136	5	25427	146001
UNKNOWN	38	G	0.998151571165	A	0.000943878554293	24	22	25380	1	25427	146001
UNKNOWN	39	C	0.996814409879	T	0.00165178747001	6	25346	33	42	25427	146001
UNKNOWN	40	C	0.999134777992	T	0.000550595823337	3	25405	5	14	25427	146001
UNKNOWN	41	C	0.99732567743	G	0.00141581783144	2	25359	36	30	25427	146001
UNKNOWN	42	T	0.995752546506	C	0.00373618594408	7	95	6	25319	25427	146001
UNKNOWN	43	C	0.998230227711	A	0.00114051991977	29	25382	1	15	25427	146001
UNKNOWN	44	A	0.993628819759	C	0.0035395445786	25265	90	61	11	25427	146001
UNKNOWN	45	C	0.995673889959	G	0.00216305502025	39	25317	55	16	25427	146001
UNKNOWN	46	A	0.994847996224	C	0.0026743225705	25296	68	60	3	25427	146001
UNKNOWN	47	G	0.996893066425	A	0.00247768120502	63	13	25348	3	25427	146001
UNKNOWN	48	A	0.992960239116	G	0.00381484249027	25248	73	97	9	25427	146001
UNKNOWN	49	C	0.996460455421	T	0.00196641365478	6	25337	34	50	25427	146001
UNKNOWN	50	C	0.996853738152	A	0.00196641365478	50	25347	10	20	25427	146001
UNKNOWN	51	C	0.998308884257	T	0.00145514610453	4	25384	2	37	25427	146001
UNKNOWN	52	T	0.995673889959	C	0.00393282730955	6	100	4	25317	25427	146001
UNKNOWN	53	C	0.996932394699	T	0.00235969638573	2	25349	16	60	25427	146001
UNKNOWN	54	T	0.994847996224	C	0.00369685767098	20	94	17	25296	25427	146001
UNKNOWN	55	C	0.998230227711	T	0.00102253510048	11	25382	8	26	25427	146001
UNKNOWN	56	C	0.992606284658	T	0.00566327132576	22	25239	22	144	25427	146001
UNKNOWN	57	C	0.995949187871	G	0.00232036811264	3	25324	59	41	25427	146001
UNKNOWN	58	T	0.995595233413	C	0.00373618594408	12	95	5	25315	25427	146001
UNKNOWN	59	C	0.998151571165	A	0.00117984819287	30	25380	9	8	25427	146001
UNKNOWN	60	A	0.991465764738	C	0.00491603413694	25210	125	82	10	25427	146001
UNKNOWN	61	C	0.996932394699	T	0.00188775710859	18	25349	12	48	25427	146001
UNKNOWN	62	C	0.993982774216	T	0.00397215558265	6	25274	46	101	25427	146001
UNKNOWN	63	T	0.996263814056	C	0.00212372674716	2	54	39	25332	25427	146001
UNKNOWN	64	G	0.998112242891	C	0.00117984819287	15	30	25379	3	25427	146001
UNKNOWN	65	C	0.995988516144	T	0.00283163566288	30	25325	0	72	25427	146001
UNKNOWN	66	A	0.99060054273	C	0.0053093168679	25188	135	87	17	25427	146001
UNKNOWN	67	C	0.995437920321	T	0.00243835293192	6	25311	48	62	25427	146001
UNKNOWN	68	G	0.991190466827	A	0.00731505879577	186	26	25203	12	25427	146001
UNKNOWN	69	G	0.659810437724	A	0.335076886774	8520	71	16777	59	25427	146001
UNKNOWN	70	T	0.989971290361	C	0.00896684626578	5	228	22	25172	25427	146001
UNKNOWN	71	C	0.985999134778	T	0.00829826562316	30	25071	115	211	25427	146001
UNKNOWN	72	T	0.99555590514	C	0.00342155975931	7	87	19	25314	25427	146001
UNKNOWN	73	C	0.997876273253	T	0.00141581783144	13	25373	5	36	25427	146001
UNKNOWN	74	T	0.990207259999	C	0.00558461477957	8	142	99	25178	25427	146001
UNKNOWN	75	G	0.996775081606	A	0.0025956660243	66	13	25345	3	25427	146001
UNKNOWN	76	G	0.992291658473	A	0.00582058441814	148	33	25231	15	25427	146001
UNKNOWN	77	A	0.986982341605	C	0.00574192787195	25096	146	117	68	25427	146001
UNKNOWN	78	T	0.987257639517	G	0.00755102843434	26	106	192	25103	25427	146001
UNKNOWN	79	T	0.993078223935	C	0.00515200377551	10	131	35	25251	25427	146001
UNKNOWN	80	C	0.988988083533	T	0.00770834152672	9	25147	75	196	25427	146001
UNKNOWN	81	T	0.991662406104	C	0.00574192787195	14	146	52	25215	25427	146001
UNKNOWN	82	C	0.995477248594	T	0.00271365084359	45	25312	1	69	25427	146001
UNKNOWN	83	A	0.988830770441	G	0.0052699885948	25143	101	134	49	25427	146001
UNKNOWN	84	T	0.989145396626	C	0.00873087662721	25	222	29	25151	25427	146001
UNKNOWN	85	T	0.997011051245	C	0.00137648955834	6	35	35	25351	25427	146001
UNKNOWN	86	G	0.981948322649	A	0.0170291422504	433	9	24968	17	25427	146001
UNKNOWN	87	A	0.986903685059	G	0.00900617453888	25094	88	229	16	25427	146001
UNKNOWN	88	G	0.954497188028	A	0.0254060644197	646	396	24270	115	25427	146001
UNKNOWN	89	C	0.969992527628	T	0.0170291422504	95	24664	235	433	25427	146001
UNKNOWN	90	A	0.956345616864	G	0.0380304400834	24317	114	967	29	25427	146001
UNKNOWN	91	G	0.857435010029	A	0.0923821135014	2349	937	21802	339	25427	146001
UNKNOWN	92	C	0.949345184253	T	0.0364966374327	193	24139	167	928	25427	146001
UNKNOWN	93	T	0.965941715499	A	0.015652652692	398	154	314	24561	25427	146001
UNKNOWN	94	A	0.964722539033	T	0.0162425767885	24530	314	170	413	25427	146001
UNKNOWN	95	T	0.986628387148	C	0.00747237188815	22	190	128	25087	25427	146001
UNKNOWN	96	G	0.873913556456	A	0.0822747473158	2092	598	22221	516	25427	146001
UNKNOWN	97	C	0.911236087623	G	0.0495142958273	528	23170	1259	470	25427	146001
UNKNOWN	98	T	0.990993825461	C	0.0052699885948	33	134	62	25198	25427	146001
UNKNOWN	99	G	0.972706178472	A	0.0235183073111	598	29	24733	67	25427	146001
UNKNOWN	100	T	0.990915168915	C	0.00672513469934	33	171	27	25196	25427	146001
UNKNOWN	101	A	0.965627089315	G	0.0252094230542	24553	146	641	87	25427	146001
UNKNOWN	102	G	0.932709324734	A	0.0541157037794	1376	189	23716	146	25427	146001
UNKNOWN	103	G	0.869587446415	A	0.0824320604082	2096	612	22111	608	25427	146001
UNKNOWN	104	C	0.988594800802	T	0.00668580642624	27	25137	93	170	25427	146001
UNKNOWN	105	T	0.996578440241	G	0.00235969638573	1	26	60	25340	25427	146001
UNKNOWN	106	G	0.999410075904	A	0.000275297911669	7	2	25412	6	25427	146001
UNKNOWN	107	G	0.998505525622	T	0.000668580642624	14	7	25389	17	25427	146001
UNKNOWN	108	G	0.983836079758	A	0.0118771384748	302	41	25016	68	25427	146001
UNKNOWN	109	T	0.994887324498	C	0.0043654383136	6	111	13	25297	25427	146001
UNKNOWN	110	C	0.994179415582	T	0.00334290321312	48	25279	15	85	25427	146001
UNKNOWN	111	C	0.998033586345	G	0.00141581783144	2	25377	36	12	25427	146001
UNKNOWN	112	G	0.997600975341	C	0.00169111574311	14	43	25366	4	25427	146001
UNKNOWN	113	C	0.997089707791	T	0.00129783301215	25	25353	16	33	25427	146001
UNKNOWN	114	C	0.997876273253	A	0.00157313092382	40	25373	9	5	25427	146001
UNKNOWN	115	A	0.988752113895	G	0.00904550281197	25141	50	230	6	25427	146001
UNKNOWN	116	G	0.998190899438	A	0.000943878554293	24	12	25381	10	25427	146001
UNKNOWN	117	G	0.984268690762	A	0.00802296771149	204	72	25027	124	25427	146001
UNKNOWN	118	C	0.989106068353	T	0.00892751799268	11	25150	39	227	25427	146001
UNKNOWN	119	T	0.993432178393	C	0.00412946867503	19	105	43	25260	25427	146001
UNKNOWN	120	C	0.997286349156	T	0.00157313092382	11	25358	18	40	25427	146001
UNKNOWN	121	C	0.996971722972	G	0.00184842883549	11	25350	47	19	25427	146001
UNKNOWN	122	G	0.982380933653	A	0.0158492940575	403	15	24979	30	25427	146001
UNKNOWN	123	G	0.998623510442	A	0.000904550281197	23	5	25392	7	25427	146001
UNKNOWN	124	G	0.996853738152	A	0.0026349942974	67	9	25347	4	25427	146001
UNKNOWN	125	G	0.986864356786	A	0.0121524363865	309	14	25093	11	25427	146001
UNKNOWN	126	A	0.994336728674	C	0.00255633775121	25283	65	62	17	25427	146001
UNKNOWN	127	A	0.992016360562	G	0.00652849333386	25224	29	166	8	25427	146001
UNKNOWN	128	G	0.998544853895	A	0.000786565461911	20	7	25390	10	25427	146001
UNKNOWN	129	G	0.992606284658	A	0.00405081212884	103	72	25239	13	25427	146001
UNKNOWN	130	C	0.995516576867	T	0.00216305502025	6	25313	53	55	25427	146001
UNKNOWN	131	G	0.982616903292	A	0.0115625122901	294	99	24985	49	25427	146001
UNKNOWN	132	C	0.992566956385	T	0.00534864514099	31	25238	22	136	25427	146001
UNKNOWN	133	T	0.986353089236	C	0.0079049828922	9	201	137	25080	25427	146001
UNKNOWN	134	G	0.973650057026	A	0.0213159240178	542	16	24757	112	25427	146001
UNKNOWN	135	G	0.993786132851	A	0.00294962048216	75	38	25269	45	25427	146001
UNKNOWN	136	A	0.994100759036	G	0.00456207967908	25277	12	116	22	25427	146001
UNKNOWN	137	G	0.951036299996	A	0.0343335824124	873	277	24182	95	25427	146001
UNKNOWN	138	T	0.99390411767	G	0.00420812522122	14	34	107	25272	25427	146001
UNKNOWN	139	G	0.99390411767	T	0.00275297911669	56	29	25272	70	25427	146001
UNKNOWN	140	G	0.989617335903	T	0.00542730168718	29	97	25163	138	25427	146001
UNKNOWN	141	G	0.936130884493	A	0.0433790852244	1103	442	23803	79	25427	146001
UNKNOWN	142	T	0.997247020883	C	0.00129783301215	6	33	31	25357	25427	146001
UNKNOWN	143	T	0.977858182247	C	0.0117198253825	42	298	223	24864	25427	146001
UNKNOWN	144	G	0.99008927518	A	0.00798363943839	203	4	25175	45	25427	146001
UNKNOWN	145	G	0.982538246746	C	0.0142368348606	20	362	24983	62	25427	146001
UNKNOWN	146	T	0.957604121603	G	0.0184449600818	213	396	469	24349	25427	146001
UNKNOWN	147	G	0.828292759665	A	0.140598576317	3575	288	21061	503	25427	146001
UNKNOWN	148	G	0.825382467456	A	0.105399771896	2680	911	20987	849	25427	146001
UNKNOWN	149	T	0.928225901601	G	0.0276871042593	669	452	704	23602	25427	146001
UNKNOWN	150	A	0.939749085618	G	0.052267274944	23895	67	1329	136	25427	146001
UNKNOWN	151	T	0.989617335903	C	0.00491603413694	68	125	71	25163	25427	146001
UNKNOWN	152	A	0.923270539191	G	0.0388170055453	23476	297	987	667	25427	146001
UNKNOWN	153	A	0.919101742242	G	0.0663074684391	23370	181	1686	190	25427	146001
UNKNOWN	154	G	0.885161442561	A	0.0707122350258	1798	935	22507	187	25427	146001
UNKNOWN	155	T	0.956581586503	C	0.0199394344594	305	507	292	24323	25427	146001
UNKNOWN	156	A	0.813033389704	G	0.156762496559	20673	565	3986	203	25427	146001
UNKNOWN	157	G	0.871907814528	C	0.0504581743816	1177	1283	22170	797	25427	146001
UNKNOWN	158	T	0.963385377748	G	0.0176190663468	185	298	448	24496	25427	146001
UNKNOWN	159	G	0.742399811224	A	0.193219805718	4913	1194	18877	443	25427	146001
UNKNOWN	160	G	0.8368663232	A	0.0851850395249	2166	1393	21279	589	25427	146001
UNKNOWN	161	T	0.967672159515	G	0.0124670625713	245	260	317	24605	25427	146001
UNKNOWN	162	G	0.990561214457	A	0.00762968498053	194	18	25187	28	25427	146001
UNKNOWN	163	G	0.985999134778	A	0.00884886144649	225	101	25071	30	25427	146001
UNKNOWN	164	A	0.954379203209	G	0.0320132142998	24267	209	814	137	25427	146001
UNKNOWN	165	A	0.947221457506	G	0.0414519998427	24085	195	1054	93	25427	146001
UNKNOWN	166	G	0.753490384237	A	0.121367050773	3086	2016	19159	1166	25427	146001
UNKNOWN	167	C	0.910410193888	G	0.0310693357455	771	23149	790	717	25427	146001
UNKNOWN	168	A	0.976127738231	G	0.0121524363865	24820	213	309	85	25427	146001
UNKNOWN	169	C	0.9602391159	T	0.0287882959059	180	24416	99	732	25427	146001
UNKNOWN	170	A	0.983088842569	G	0.00884886144649	24997	88	225	117	25427	146001
UNKNOWN	171	T	0.972588193652	G	0.0180123490778	144	95	458	24730	25427	146001
UNKNOWN	172	G	0.972509537106	A	0.0196248082747	499	119	24728	81	25427	146001
UNKNOWN	173	C	0.987375624336	T	0.00998938136626	17	25106	50	254	25427	146001
UNKNOWN	174	C	0.970621779998	T	0.020568686829	149	24680	75	523	25427	146001
UNKNOWN	175	T	0.958862626342	A	0.0214732371102	546	285	215	24381	25427	146001
UNKNOWN	176	T	0.95807606088	C	0.0193888386361	247	493	326	24361	25427	146001
UNKNOWN	177	A	0.979942580721	C	0.00900617453888	24917	229	223	58	25427	146001
UNKNOWN	178	A	0.984740630039	C	0.00727573052267	25039	185	184	19	25427	146001
UNKNOWN	179	C	0.903370433004	T	0.0799150509301	110	22970	315	2032	25427	146001
UNKNOWN	180	C	0.949227199434	T	0.030046800645	153	24136	374	764	25427	146001
UNKNOWN	181	C	0.987454280883	A	0.00538797341409	137	25108	61	121	25427	146001
UNKNOWN	182	A	0.981555039918	G	0.0134109411256	24958	96	341	32	25427	146001
UNKNOWN	183	G	0.980217878633	A	0.0135289259449	344	112	24924	47	25427	146001
UNKNOWN	184	C	0.978212136705	T	0.0156133244189	61	24873	96	397	25427	146001
UNKNOWN	185	C	0.996971722972	T	0.00121917646596	28	25350	18	31	25427	146001
UNKNOWN	186	C	0.994140087309	T	0.00377551421717	34	25278	19	96	25427	146001
UNKNOWN	187	T	0.990403901365	G	0.00428678176741	88	47	109	25183	25427	146001
UNKNOWN	188	G	0.977425571243	A	0.0184056318087	468	36	24853	70	25427	146001
UNKNOWN	189	A	0.985448538955	G	0.00747237188815	25057	137	190	43	25427	146001
UNKNOWN	190	A	0.988594800802	G	0.00475872104456	25137	74	121	95	25427	146001
UNKNOWN	191	A	0.989931962088	G	0.00369685767098	25171	85	94	77	25427	146001
UNKNOWN	192	T	0.987454280883	C	0.00762968498053	44	194	81	25108	25427	146001
UNKNOWN	193	C	0.995123294136	T	0.00294962048216	33	25303	16	75	25427	146001
UNKNOWN	194	C	0.984465332127	T	0.0117984819287	29	25032	66	300	25427	146001
UNKNOWN	195	C	0.994336728674	G	0.00338223148622	32	25283	86	26	25427	146001
UNKNOWN	196	G	0.996578440241	A	0.00145514610453	37	19	25340	31	25427	146001
UNKNOWN	197	G	0.943406615016	A	0.0399968537382	1017	225	23988	197	25427	146001
UNKNOWN	198	C	0.98297085775	T	0.00837692216935	99	24994	121	213	25427	146001
UNKNOWN	199	T	0.992645612931	C	0.00471939277146	31	120	36	25240	25427	146001
UNKNOWN	200	C	0.987572265702	A	0.00491603413694	125	25111	74	117	25427	146001
UNKNOWN	201	A	0.989499351083	G	0.00814095253077	25160	50	207	10	25427	146001
UNKNOWN	202	G	0.973532072207	C	0.0182089904432	77	463	24754	133	25427	146001
UNKNOWN	203	C	0.942659377827	T	0.0349235065088	239	23969	331	888	25427	146001
UNKNOWN	204	A	0.980532504818	G	0.0130176583946	24932	71	331	93	25427	146001
UNKNOWN	205	T	0.993274865301	C	0.00479804931765	30	122	19	25256	25427	146001
UNKNOWN	206	C	0.98399339285	T	0.00892751799268	159	25020	21	227	25427	146001
UNKNOWN	207	A	0.98183033783	G	0.00987139654698	24965	121	251	90	25427	146001
UNKNOWN	208	C	0.985330554135	T	0.00731505879577	70	25054	117	186	25427	146001
UNKNOWN	209	C	0.96861603807	G	0.014394147953	152	24629	366	280	25427	146001
UNKNOWN	210	A	0.990325244819	G	0.00523066032171	25181	104	133	9	25427	146001
UNKNOWN	211	A	0.981633696464	G	0.0138042238565	24960	81	351	35	25427	146001
UNKNOWN	212	G	0.981633696464	A	0.0158492940575	403	40	24960	24	25427	146001
UNKNOWN	213	G	0.989342037991	A	0.00833759389625	212	26	25156	33	25427	146001
UNKNOWN	214	A	0.991308451646	C	0.00507334722932	25206	129	69	23	25427	146001
UNKNOWN	215	C	0.982223620561	T	0.0087702049003	130	24975	99	223	25427	146001
UNKNOWN	216	A	0.984386675581	G	0.0103826640972	25030	68	264	65	25427	146001
UNKNOWN	217	A	0.983954064577	G	0.00786565461911	25019	166	200	42	25427	146001
UNKNOWN	218	C	0.978566091163	T	0.013174971487	22	24882	188	335	25427	146001
UNKNOWN	219	T	0.988516144256	C	0.00637118024148	65	162	65	25135	25427	146001
UNKNOWN	220	C	0.990207259999	A	0.00452275140599	115	25178	32	102	25427	146001
UNKNOWN	221	C	0.990364573092	A	0.00471939277146	120	25182	52	73	25427	146001
UNKNOWN	222	A	0.978998702167	C	0.0133322845794	24893	339	186	9	25427	146001
UNKNOWN	223	A	0.977543556062	G	0.0198214496401	24856	43	504	24	25427	146001
UNKNOWN	224	G	0.987336296063	A	0.00648916506076	165	143	25105	14	25427	146001
UNKNOWN	225	A	0.987218311244	G	0.00818028080387	25102	102	208	15	25427	146001
UNKNOWN	226	G	0.954969127306	A	0.0354741023322	902	232	24282	11	25427	146001
UNKNOWN	227	C	0.96633499823	T	0.0243835293192	123	24571	113	620	25427	146001
UNKNOWN	228	C	0.98792622016	G	0.00648916506076	132	25120	165	10	25427	146001
UNKNOWN	229	A	0.992134345381	G	0.00318559012074	25227	40	81	79	25427	146001
UNKNOWN	230	A	0.966177685138	G	0.0306367247414	24567	55	779	26	25427	146001
UNKNOWN	231	G	0.96633499823	A	0.0187202579935	476	194	24571	186	25427	146001
UNKNOWN	232	T	0.991937704015	C	0.00668580642624	10	170	25	25222	25427	146001
UNKNOWN	233	C	0.967672159515	T	0.0160066071499	41	24605	374	407	25427	146001
UNKNOWN	234	T	0.988752113895	C	0.00578125614504	56	147	83	25141	25427	146001
UNKNOWN	235	C	0.990679199276	T	0.00770834152672	36	25190	5	196	25427	146001
UNKNOWN	236	T	0.975341172769	C	0.0136469107641	52	347	228	24800	25427	146001
UNKNOWN	237	C	0.991544421284	T	0.00633185196838	29	25212	25	161	25427	146001
UNKNOWN	238	T	0.993707476305	G	0.00361820112479	11	57	92	25267	25427	146001
UNKNOWN	239	G	0.934597081842	A	0.0486884020923	1238	218	23764	207	25427	146001
UNKNOWN	240	T	0.987650922248	C	0.00468006449837	94	119	101	25113	25427	146001
UNKNOWN	241	C	0.984740630039	T	0.010304007551	105	25039	21	262	25427	146001
UNKNOWN	242	A	0.976992960239	G	0.0137255673103	24842	183	349	53	25427	146001
UNKNOWN	243	G	0.854839344004	C	0.0937192747866	1027	2383	21736	281	25427	146001
UNKNOWN	244	T	0.98678570024	C	0.00719707397648	27	183	126	25091	25427	146001
UNKNOWN	245	G	0.972352224014	A	0.0202540606442	515	91	24724	97	25427	146001
UNKNOWN	246	A	0.975341172769	G	0.0165178747001	24800	177	420	30	25427	146001
UNKNOWN	247	G	0.938333267786	A	0.039092303457	994	415	23859	159	25427	146001
UNKNOWN	248	C	0.963110079836	T	0.0224171156645	250	24489	118	570	25427	146001
UNKNOWN	249	A	0.982380933653	G	0.0142368348606	24979	68	362	18	25427	146001
UNKNOWN	250	G	0.975852440319	C	0.0137255673103	218	349	24813	47	25427	146001
UNKNOWN	251	C	0.983010186023	T	0.00943878554293	53	24995	139	240	25427	146001
UNKNOWN	252	G	0.985684508593	A	0.00810162425768	206	65	25063	93	25427	146001
UNKNOWN	253	T	0.987100326425	C	0.00731505879577	25	186	117	25099	25427	146001
UNKNOWN	254	G	0.954733157667	A	0.0314232902033	799	195	24276	157	25427	146001
UNKNOWN	255	A	0.980493176545	G	0.0121917646596	24931	121	310	65	25427	146001
UNKNOWN	256	C	0.986510402328	A	0.00554528650647	141	25084	78	124	25427	146001
UNKNOWN	257	A	0.959413222165	G	0.023478979038	24395	178	597	257	25427	146001
UNKNOWN	258	C	0.617257246234	A	0.362449364848	9216	15695	358	158	25427	146001
UNKNOWN	259	C	0.961694262005	G	0.0177763794392	182	24453	452	340	25427	146001
UNKNOWN	260	T	0.963149408109	C	0.0176190663468	92	448	397	24490	25427	146001
UNKNOWN	261	G	0.984858614858	A	0.0096354269084	245	34	25042	106	25427	146001
UNKNOWN	262	A	0.979942580721	G	0.0114051991977	24917	179	290	41	25427	146001
UNKNOWN	263	G	0.940221024895	A	0.0315806032957	803	540	23907	177	25427	146001
UNKNOWN	264	G	0.985015927951	A	0.00904550281197	230	30	25046	121	25427	146001
UNKNOWN	265	A	0.98234160538	C	0.0113265426515	24978	288	116	45	25427	146001
UNKNOWN	266	C	0.969363275259	T	0.0137648955834	268	24648	161	350	25427	146001
UNKNOWN	267	A	0.963385377748	G	0.020568686829	24496	104	523	304	25427	146001
UNKNOWN	268	C	0.983875408031	A	0.00625319542219	159	25017	143	108	25427	146001
UNKNOWN	269	G	0.946474220317	A	0.0410193888386	1043	161	24066	157	25427	146001
UNKNOWN	270	G	0.982105635742	A	0.00743304361505	189	106	24972	160	25427	146001
UNKNOWN	271	C	0.984072049396	A	0.00947811381602	241	25022	103	61	25427	146001
UNKNOWN	272	C	0.981122428914	A	0.00873087662721	222	24947	92	166	25427	146001
UNKNOWN	273	A	0.985448538955	G	0.00676446297243	25057	97	172	101	25427	146001
UNKNOWN	274	C	0.975419829315	A	0.0128603453022	327	24802	99	199	25427	146001
UNKNOWN	275	A	0.959924489716	G	0.0202147323711	24408	249	514	256	25427	146001
UNKNOWN	276	T	0.987454280883	G	0.00507334722932	123	67	129	25108	25427	146001
UNKNOWN	277	A	0.980611161364	C	0.0105006489165	24934	267	139	87	25427	146001
UNKNOWN	278	C	0.938018641601	T	0.0532111534982	116	23851	107	1353	25427	146001
UNKNOWN	279	T	0.979903252448	A	0.00711841743029	181	157	173	24916	25427	146001
UNKNOWN	280	A	0.962087544736	C	0.0167538443387	24463	426	202	336	25427	146001
UNKNOWN	281	C	0.959019939434	T	0.0348055216895	91	24385	66	885	25427	146001
UNKNOWN	282	T	0.984268690762	G	0.0112085578322	86	29	285	25027	25427	146001
