Type	Position	Nucl1	Freq1	Nucl2	Freq2	NumAs	NumCs	NumGs	NumTs	NumAligned	NumNaive
UNKNOWN	0	C	1.0	A	0.0	0	8197	0	0	8197	91658
UNKNOWN	1	A	1.0	C	0.0	8197	0	0	0	8197	91658
UNKNOWN	2	G	1.0	A	0.0	0	0	8197	0	8197	91658
UNKNOWN	3	G	1.0	A	0.0	0	0	8197	0	8197	91658
UNKNOWN	4	T	1.0	A	0.0	0	0	0	8197	8197	91658
UNKNOWN	5	G	1.0	A	0.0	0	0	8197	0	8197	91658
UNKNOWN	6	C	1.0	A	0.0	0	8197	0	0	8197	91658
UNKNOWN	7	A	0.99658411614	T	0.00170794192997	8169	1	13	14	8197	91658
UNKNOWN	8	G	0.992558253019	A	0.00524582164206	43	11	8136	7	8197	91658
UNKNOWN	9	C	0.994998170062	T	0.00243991704282	1	8156	20	20	8197	91658
UNKNOWN	10	T	0.999146029035	C	0.000731975112846	0	6	1	8190	8197	91658
UNKNOWN	11	G	0.998048066366	A	0.00158594607783	13	1	8181	2	8197	91658
UNKNOWN	12	C	0.997194095401	T	0.0026839087471	0	8174	1	22	8197	91658
UNKNOWN	13	G	0.999146029035	A	0.000853970964987	7	0	8190	0	8197	91658
UNKNOWN	14	G	0.962425277541	C	0.0359887763816	12	295	7889	1	8197	91658
UNKNOWN	15	G	0.999512016591	A	0.000243991704282	2	2	8193	0	8197	91658
UNKNOWN	16	A	0.998048066366	G	0.00146395022569	8181	3	12	1	8197	91658
UNKNOWN	17	G	0.997072099549	A	0.00231792119068	19	5	8173	0	8197	91658
UNKNOWN	18	T	0.99658411614	A	0.00182993778212	15	12	1	8169	8197	91658
UNKNOWN	19	C	0.999390020739	T	0.000609979260705	0	8192	0	5	8197	91658
UNKNOWN	20	G	0.998658045626	A	0.000731975112846	6	2	8186	3	8197	91658
UNKNOWN	21	G	0.999024033183	C	0.000975966817128	0	8	8189	0	8197	91658
UNKNOWN	22	G	0.998902037331	C	0.000731975112846	3	6	8188	0	8197	91658
UNKNOWN	23	C	0.999146029035	T	0.000853970964987	0	8190	0	7	8197	91658
UNKNOWN	24	C	0.999756008296	T	0.000243991704282	0	8195	0	2	8197	91658
UNKNOWN	25	C	0.998902037331	T	0.00109796266927	0	8188	0	9	8197	91658
UNKNOWN	26	C	0.999634012444	A	0.000365987556423	3	8194	0	0	8197	91658
UNKNOWN	27	A	0.993046236428	G	0.00597779675491	8140	6	49	2	8197	91658
UNKNOWN	28	G	0.991704282054	A	0.00731975112846	60	6	8129	2	8197	91658
UNKNOWN	29	C	0.999146029035	T	0.000853970964987	0	8190	0	7	8197	91658
UNKNOWN	30	C	0.999390020739	T	0.000609979260705	0	8192	0	5	8197	91658
UNKNOWN	31	T	0.995608149323	C	0.00292790045138	3	24	9	8161	8197	91658
UNKNOWN	32	G	0.990484323533	A	0.00792973038917	65	5	8119	8	8197	91658
UNKNOWN	33	G	0.996828107844	A	0.00146395022569	12	9	8171	5	8197	91658
UNKNOWN	34	T	0.995242161766	C	0.00402586312065	0	33	6	8158	8197	91658
UNKNOWN	35	G	0.993412223984	A	0.00585580090277	48	5	8143	1	8197	91658
UNKNOWN	36	A	0.995974136879	G	0.00231792119068	8164	12	19	2	8197	91658
UNKNOWN	37	A	0.995730145175	C	0.00219592533854	8162	18	16	1	8197	91658
UNKNOWN	38	G	0.996340124436	A	0.00317189215567	26	3	8167	1	8197	91658
UNKNOWN	39	C	0.997438087105	T	0.00231792119068	1	8176	1	19	8197	91658
UNKNOWN	40	C	0.999756008296	A	0.000121995852141	1	8195	0	1	8197	91658
UNKNOWN	41	C	0.997926070514	G	0.00134195437355	3	8180	11	3	8197	91658
UNKNOWN	42	T	0.997316091253	C	0.00195193363426	1	16	5	8175	8197	91658
UNKNOWN	43	C	0.999146029035	A	0.000365987556423	3	8190	1	3	8197	91658
UNKNOWN	44	A	0.990850311089	G	0.00805172624131	8122	7	66	2	8197	91658
UNKNOWN	45	C	0.995974136879	G	0.00341588385995	4	8164	28	1	8197	91658
UNKNOWN	46	A	0.99658411614	C	0.00231792119068	8169	19	9	0	8197	91658
UNKNOWN	47	G	0.997682078809	A	0.0020739294864	17	2	8178	0	8197	91658
UNKNOWN	48	A	0.998048066366	G	0.00121995852141	8181	6	10	0	8197	91658
UNKNOWN	49	C	0.999756008296	T	0.000243991704282	0	8195	0	2	8197	91658
UNKNOWN	50	C	0.999024033183	T	0.000487983408564	1	8189	3	4	8197	91658
UNKNOWN	51	C	0.998658045626	G	0.000853970964987	0	8186	7	4	8197	91658
UNKNOWN	52	T	0.997438087105	C	0.0020739294864	2	17	2	8176	8197	91658
UNKNOWN	53	C	0.984384530926	G	0.0143955105526	1	8069	118	9	8197	91658
UNKNOWN	54	T	0.995974136879	C	0.00292790045138	2	24	7	8164	8197	91658
UNKNOWN	55	C	0.998780041479	A	0.000731975112846	6	8187	1	3	8197	91658
UNKNOWN	56	C	0.999024033183	G	0.000609979260705	2	8189	5	1	8197	91658
UNKNOWN	57	C	0.998902037331	T	0.000609979260705	4	8188	0	5	8197	91658
UNKNOWN	58	T	0.997438087105	C	0.00243991704282	0	20	1	8176	8197	91658
UNKNOWN	59	C	0.999390020739	A	0.000487983408564	4	8192	1	0	8197	91658
UNKNOWN	60	A	0.99487617421	G	0.00353787971209	8155	8	29	5	8197	91658
UNKNOWN	61	C	0.997682078809	T	0.00158594607783	1	8178	5	13	8197	91658
UNKNOWN	62	C	0.998536049774	T	0.00109796266927	1	8185	2	9	8197	91658
UNKNOWN	63	T	0.997194095401	C	0.00231792119068	1	19	3	8174	8197	91658
UNKNOWN	64	G	0.999024033183	A	0.000609979260705	5	3	8189	0	8197	91658
UNKNOWN	65	C	0.995242161766	T	0.00402586312065	5	8158	1	33	8197	91658
UNKNOWN	66	A	0.985970477004	G	0.0128095644748	8082	8	105	2	8197	91658
UNKNOWN	67	C	0.990240331829	T	0.00853970964987	0	8117	10	70	8197	91658
UNKNOWN	68	G	0.993900207393	A	0.00536781749421	44	4	8147	2	8197	91658
UNKNOWN	69	G	0.97438087105	A	0.0212272782725	174	9	7987	27	8197	91658
UNKNOWN	70	T	0.993412223984	C	0.00622178845919	0	51	3	8143	8197	91658
UNKNOWN	71	C	0.981822618031	G	0.0111016225448	0	8048	91	58	8197	91658
UNKNOWN	72	T	0.996218128584	C	0.0020739294864	1	17	13	8166	8197	91658
UNKNOWN	73	C	0.99829205807	T	0.00170794192997	0	8183	0	14	8197	91658
UNKNOWN	74	T	0.995486153471	C	0.0026839087471	1	22	14	8160	8197	91658
UNKNOWN	75	G	0.993900207393	A	0.00561180919849	46	3	8147	1	8197	91658
UNKNOWN	76	G	0.982554593144	A	0.00780773453703	64	61	8054	18	8197	91658
UNKNOWN	77	A	0.98060265951	G	0.0104916432841	8038	39	86	34	8197	91658
UNKNOWN	78	T	0.989264365012	C	0.00829571794559	11	68	9	8109	8197	91658
UNKNOWN	79	T	0.996950103696	C	0.00280590459924	1	23	1	8172	8197	91658
UNKNOWN	80	C	0.980846651214	T	0.00829571794559	24	8040	65	68	8197	91658
UNKNOWN	81	T	0.989508356716	C	0.00890569720629	3	73	10	8111	8197	91658
UNKNOWN	82	C	0.994754178358	T	0.00451384652922	5	8154	1	37	8197	91658
UNKNOWN	83	A	0.996096132731	T	0.00170794192997	8165	8	10	14	8197	91658
UNKNOWN	84	T	0.98975234842	C	0.00841771379773	3	69	12	8113	8197	91658
UNKNOWN	85	T	0.997194095401	C	0.00170794192997	7	14	2	8174	8197	91658
UNKNOWN	86	A	0.966817128218	G	0.0286690252531	7925	29	235	8	8197	91658
UNKNOWN	87	A	0.976332804685	G	0.0139075271441	8003	76	114	4	8197	91658
UNKNOWN	88	G	0.97267292912	A	0.0140295229962	115	89	7973	20	8197	91658
UNKNOWN	89	C	0.944247895572	T	0.0405026229108	27	7740	98	332	8197	91658
UNKNOWN	90	G	0.960839331463	A	0.0331828717824	272	32	7876	17	8197	91658
UNKNOWN	91	A	0.904355251921	G	0.0629498597048	7413	178	516	90	8197	91658
UNKNOWN	92	T	0.921068683665	C	0.054532145907	81	447	119	7550	8197	91658
UNKNOWN	93	A	0.89288764182	G	0.0703916066854	7319	86	577	215	8197	91658
UNKNOWN	94	A	0.949371721361	G	0.0237891911675	7782	83	195	137	8197	91658
UNKNOWN	95	T	0.955959497377	G	0.0214712699768	140	45	176	7836	8197	91658
UNKNOWN	96	A	0.8860558741	G	0.0835671587166	7263	159	685	90	8197	91658
UNKNOWN	97	G	0.514578504331	A	0.294497987068	2414	1319	4218	246	8197	91658
UNKNOWN	98	T	0.975844821276	C	0.0125655727705	10	103	85	7999	8197	91658
UNKNOWN	99	G	0.957789435159	A	0.0334268634866	274	17	7851	55	8197	91658
UNKNOWN	100	T	0.997438087105	C	0.00170794192997	6	14	1	8176	8197	91658
UNKNOWN	101	A	0.971574966451	G	0.0209832865683	7964	18	172	43	8197	91658
UNKNOWN	102	G	0.937660119556	A	0.0453824569965	372	109	7686	30	8197	91658
UNKNOWN	103	G	0.78687324631	A	0.143345126266	1175	358	6450	214	8197	91658
UNKNOWN	104	C	0.981334634622	T	0.00988166402342	3	8044	69	81	8197	91658
UNKNOWN	105	T	0.997804074661	C	0.000975966817128	2	8	8	8179	8197	91658
UNKNOWN	106	G	0.999634012444	A	0.000243991704282	2	0	8194	1	8197	91658
UNKNOWN	107	G	0.999512016591	A	0.000243991704282	2	2	8193	0	8197	91658
UNKNOWN	108	G	0.977552763206	A	0.0172014151519	141	19	8013	24	8197	91658
UNKNOWN	109	T	0.995364157619	C	0.00378187141637	1	31	6	8159	8197	91658
UNKNOWN	110	C	0.999146029035	T	0.000365987556423	2	8190	2	3	8197	91658
UNKNOWN	111	C	0.998902037331	G	0.000731975112846	0	8188	6	3	8197	91658
UNKNOWN	112	G	0.998536049774	A	0.000731975112846	6	5	8185	1	8197	91658
UNKNOWN	113	C	0.996096132731	T	0.00365987556423	1	8165	1	30	8197	91658
UNKNOWN	114	C	0.998780041479	A	0.00109796266927	9	8187	0	1	8197	91658
UNKNOWN	115	A	0.986946443821	G	0.0126875686227	8090	1	104	2	8197	91658
UNKNOWN	116	G	0.999512016591	A	0.000243991704282	2	2	8193	0	8197	91658
UNKNOWN	117	G	0.986092472856	C	0.00707575942418	56	58	8083	0	8197	91658
UNKNOWN	118	C	0.996218128584	T	0.00292790045138	0	8166	7	24	8197	91658
UNKNOWN	119	T	0.995120165914	C	0.00365987556423	2	30	8	8157	8197	91658
UNKNOWN	120	C	0.996828107844	G	0.00219592533854	1	8171	18	7	8197	91658
UNKNOWN	121	C	0.998658045626	A	0.000975966817128	8	8186	0	3	8197	91658
UNKNOWN	122	A	0.98231060144	G	0.0158594607783	8052	12	130	3	8197	91658
UNKNOWN	123	G	0.994510186654	A	0.00378187141637	31	13	8152	1	8197	91658
UNKNOWN	124	G	0.995364157619	A	0.00451384652922	37	0	8159	1	8197	91658
UNKNOWN	125	A	0.983286568257	G	0.0147614981091	8060	13	121	3	8197	91658
UNKNOWN	126	A	0.997072099549	G	0.0026839087471	8173	2	22	0	8197	91658
UNKNOWN	127	A	0.985238501891	G	0.0143955105526	8076	3	118	0	8197	91658
UNKNOWN	128	G	0.995120165914	A	0.00439185067708	36	4	8157	0	8197	91658
UNKNOWN	129	G	0.98462852263	A	0.0131755520312	108	17	8071	1	8197	91658
UNKNOWN	130	C	0.994632182506	T	0.00402586312065	0	8153	11	33	8197	91658
UNKNOWN	131	G	0.992802244724	A	0.00524582164206	43	9	8138	7	8197	91658
UNKNOWN	132	C	0.996950103696	T	0.00219592533854	2	8172	5	18	8197	91658
UNKNOWN	133	T	0.993656215689	G	0.00317189215567	1	25	26	8145	8197	91658
UNKNOWN	134	G	0.968403074295	A	0.0203733073076	167	12	7938	80	8197	91658
UNKNOWN	135	G	0.995608149323	C	0.00256191289496	13	21	8161	2	8197	91658
UNKNOWN	136	A	0.994754178358	G	0.00292790045138	8154	3	24	16	8197	91658
UNKNOWN	137	G	0.980968647066	A	0.0153714773698	126	13	8041	17	8197	91658
UNKNOWN	138	T	0.992802244724	C	0.00414785897279	0	34	25	8138	8197	91658
UNKNOWN	139	G	0.986458460412	C	0.0126875686227	6	104	8086	1	8197	91658
UNKNOWN	140	G	0.984506526778	C	0.0115896059534	10	95	8070	22	8197	91658
UNKNOWN	141	C	0.992802244724	G	0.00439185067708	11	8138	36	12	8197	91658
UNKNOWN	142	T	0.996950103696	C	0.00182993778212	5	15	5	8172	8197	91658
UNKNOWN	143	C	0.994144199097	T	0.00329388800781	3	8149	18	27	8197	91658
UNKNOWN	144	G	0.987800414786	A	0.0114676101013	94	2	8097	4	8197	91658
UNKNOWN	145	G	0.981334634622	C	0.0119555935098	41	98	8044	14	8197	91658
UNKNOWN	146	T	0.987678418934	G	0.00658777601562	16	31	54	8096	8197	91658
UNKNOWN	147	G	0.868244479688	A	0.0888129803587	728	187	7117	165	8197	91658
UNKNOWN	148	T	0.884103940466	A	0.0418445772844	343	321	286	7247	8197	91658
UNKNOWN	149	C	0.862022691228	T	0.0893009637672	336	7066	63	732	8197	91658
UNKNOWN	150	A	0.971452970599	G	0.0200073197511	7963	50	164	20	8197	91658
UNKNOWN	151	T	0.964743198731	G	0.0154934732219	66	96	127	7908	8197	91658
UNKNOWN	152	A	0.885323898987	G	0.0819812126388	7257	79	672	189	8197	91658
UNKNOWN	153	T	0.878858118824	G	0.0572160546541	349	175	469	7204	8197	91658
UNKNOWN	154	A	0.852629010614	G	0.0669757228254	6989	411	549	248	8197	91658
UNKNOWN	155	T	0.93619616933	G	0.036354763938	38	187	298	7674	8197	91658
UNKNOWN	156	A	0.896669513237	G	0.0780773453703	7350	184	640	23	8197	91658
UNKNOWN	157	G	0.846529218007	C	0.0677076979383	495	555	6939	208	8197	91658
UNKNOWN	158	T	0.957301451751	A	0.0161034524826	132	116	102	7847	8197	91658
UNKNOWN	159	G	0.793339026473	A	0.164206416982	1346	250	6503	98	8197	91658
UNKNOWN	160	G	0.835061607905	A	0.117725997316	965	313	6845	74	8197	91658
UNKNOWN	161	T	0.959009393681	G	0.0212272782725	79	83	174	7861	8197	91658
UNKNOWN	162	G	0.99146029035	A	0.00768573868488	63	4	8127	3	8197	91658
UNKNOWN	163	G	0.976576796389	A	0.0186653653776	153	25	8005	14	8197	91658
UNKNOWN	164	A	0.966207148957	G	0.0211052824204	7920	51	173	53	8197	91658
UNKNOWN	165	A	0.913016957423	G	0.0616079053312	7484	183	505	25	8197	91658
UNKNOWN	166	G	0.714407710138	A	0.176162010492	1444	568	5856	329	8197	91658
UNKNOWN	167	C	0.878492131268	T	0.0764913992924	211	7201	158	627	8197	91658
UNKNOWN	168	A	0.974502866903	G	0.0218372575332	7988	23	179	7	8197	91658
UNKNOWN	169	C	0.971696962303	T	0.0179333902647	40	7965	45	147	8197	91658
UNKNOWN	170	A	0.963035256801	G	0.0278150542882	7894	42	228	33	8197	91658
UNKNOWN	171	G	0.94985970477	A	0.0286690252531	235	138	7786	38	8197	91658
UNKNOWN	172	G	0.6296205929	A	0.286690252531	2350	351	5161	335	8197	91658
UNKNOWN	173	C	0.957301451751	T	0.0270830791753	21	7847	107	222	8197	91658
UNKNOWN	174	T	0.991094302794	G	0.00329388800781	21	25	27	8124	8197	91658
UNKNOWN	175	A	0.985360497743	T	0.00768573868488	8077	30	27	63	8197	91658
UNKNOWN	176	T	0.979138709284	C	0.0162254483348	35	133	3	8026	8197	91658
UNKNOWN	177	A	0.982188605587	C	0.00756374283274	8051	62	46	38	8197	91658
UNKNOWN	178	A	0.985604489447	G	0.00780773453703	8079	45	64	9	8197	91658
UNKNOWN	179	C	0.915944857875	T	0.0681956813468	12	7508	118	559	8197	91658
UNKNOWN	180	C	0.959497377089	T	0.0261071123582	37	7865	81	214	8197	91658
UNKNOWN	181	C	0.983774551665	A	0.00585580090277	48	8064	45	40	8197	91658
UNKNOWN	182	A	0.991338294498	G	0.00536781749421	8126	19	44	8	8197	91658
UNKNOWN	183	G	0.984506526778	A	0.0111016225448	91	25	8070	11	8197	91658
UNKNOWN	184	C	0.982432597292	T	0.0102476515798	13	8053	47	84	8197	91658
UNKNOWN	185	C	0.997804074661	T	0.00121995852141	5	8179	3	10	8197	91658
UNKNOWN	186	C	0.996828107844	T	0.00195193363426	1	8171	9	16	8197	91658
UNKNOWN	187	T	0.994754178358	G	0.0026839087471	7	14	22	8154	8197	91658
UNKNOWN	188	G	0.985604489447	A	0.0117116018055	96	3	8079	19	8197	91658
UNKNOWN	189	A	0.984994510187	G	0.0130535561791	8074	13	107	3	8197	91658
UNKNOWN	190	A	0.989386360864	T	0.00451384652922	8110	20	30	37	8197	91658
UNKNOWN	191	A	0.985604489447	C	0.00646578016347	8079	53	47	18	8197	91658
UNKNOWN	192	T	0.985604489447	C	0.00658777601562	16	54	48	8079	8197	91658
UNKNOWN	193	C	0.99316823228	A	0.00426985482494	35	8141	9	12	8197	91658
UNKNOWN	194	C	0.994510186654	T	0.00341588385995	10	8152	7	28	8197	91658
UNKNOWN	195	C	0.996950103696	G	0.00219592533854	7	8172	18	0	8197	91658
UNKNOWN	196	G	0.992558253019	A	0.00573380505063	47	8	8136	6	8197	91658
UNKNOWN	197	G	0.915212882762	A	0.0719775527632	590	73	7502	32	8197	91658
UNKNOWN	198	C	0.995852141027	G	0.00182993778212	6	8163	15	13	8197	91658
UNKNOWN	199	T	0.993412223984	C	0.00378187141637	12	31	11	8143	8197	91658
UNKNOWN	200	C	0.995608149323	A	0.00195193363426	16	8161	9	11	8197	91658
UNKNOWN	201	A	0.987678418934	G	0.00731975112846	8096	39	60	2	8197	91658
UNKNOWN	202	G	0.981334634622	C	0.0119555935098	26	98	8044	29	8197	91658
UNKNOWN	203	C	0.968281078443	T	0.0186653653776	24	7937	83	153	8197	91658
UNKNOWN	204	A	0.97035500793	G	0.0147614981091	7954	84	121	38	8197	91658
UNKNOWN	205	T	0.994388190802	C	0.00341588385995	9	28	9	8151	8197	91658
UNKNOWN	206	C	0.994754178358	T	0.00317189215567	17	8154	0	26	8197	91658
UNKNOWN	207	A	0.98975234842	G	0.00585580090277	8113	26	48	10	8197	91658
UNKNOWN	208	C	0.991704282054	G	0.00365987556423	18	8129	30	20	8197	91658
UNKNOWN	209	C	0.964011223618	T	0.0165914358912	98	7902	61	136	8197	91658
UNKNOWN	210	A	0.987678418934	G	0.00634378431133	8096	47	52	2	8197	91658
UNKNOWN	211	A	0.986702452117	G	0.0107356349884	8088	17	88	4	8197	91658
UNKNOWN	212	G	0.974136879346	A	0.0233012077589	191	15	7985	6	8197	91658
UNKNOWN	213	G	0.991094302794	A	0.00670977186776	55	6	8124	12	8197	91658
UNKNOWN	214	A	0.988898377455	C	0.00817372209345	8106	67	17	7	8197	91658
UNKNOWN	215	C	0.973160912529	T	0.0131755520312	24	7977	88	108	8197	91658
UNKNOWN	216	A	0.987800414786	G	0.00963767231914	8097	16	79	5	8197	91658
UNKNOWN	217	A	0.986824447969	G	0.00622178845919	8089	40	51	17	8197	91658
UNKNOWN	218	C	0.972550933268	T	0.0193973404904	12	7972	54	159	8197	91658
UNKNOWN	219	T	0.982798584848	G	0.00817372209345	32	42	67	8056	8197	91658
UNKNOWN	220	C	0.99658411614	A	0.00195193363426	16	8169	2	10	8197	91658
UNKNOWN	221	C	0.990850311089	A	0.00390386726851	32	8122	23	20	8197	91658
UNKNOWN	222	A	0.986580456264	C	0.00853970964987	8087	70	36	4	8197	91658
UNKNOWN	223	A	0.986702452117	G	0.0106136391363	8088	18	87	4	8197	91658
UNKNOWN	224	G	0.98975234842	C	0.00670977186776	21	55	8113	8	8197	91658
UNKNOWN	225	A	0.991216298646	G	0.00646578016347	8125	19	53	0	8197	91658
UNKNOWN	226	G	0.921678662925	A	0.0664877394169	545	91	7555	6	8197	91658
UNKNOWN	227	C	0.956325484934	T	0.0230572160547	123	7839	46	189	8197	91658
UNKNOWN	228	C	0.993412223984	A	0.00378187141637	31	8143	19	4	8197	91658
UNKNOWN	229	A	0.994388190802	G	0.00426985482494	8151	8	35	3	8197	91658
UNKNOWN	230	A	0.983164572405	G	0.0145175064048	8059	10	119	9	8197	91658
UNKNOWN	231	G	0.965109186288	A	0.0184213736733	151	101	7911	34	8197	91658
UNKNOWN	232	T	0.993412223984	C	0.00426985482494	5	35	14	8143	8197	91658
UNKNOWN	233	C	0.971086983043	T	0.0145175064048	8	7960	110	119	8197	91658
UNKNOWN	234	T	0.991582286202	C	0.0047578382335	15	39	15	8128	8197	91658
UNKNOWN	235	C	0.990484323533	T	0.00866170550201	7	8119	0	71	8197	91658
UNKNOWN	236	T	0.983408564109	C	0.0118335976577	11	97	28	8061	8197	91658
UNKNOWN	237	C	0.991704282054	T	0.00500182993778	9	8129	18	41	8197	91658
UNKNOWN	238	T	0.995364157619	A	0.00182993778212	15	11	12	8159	8197	91658
UNKNOWN	239	A	0.855922898621	G	0.128583628157	7016	78	1054	49	8197	91658
UNKNOWN	240	T	0.986580456264	G	0.00695376357204	28	25	57	8087	8197	91658
UNKNOWN	241	C	0.982066609735	T	0.0136635354398	35	8050	0	112	8197	91658
UNKNOWN	242	A	0.980114676101	G	0.00902769305844	8034	68	74	21	8197	91658
UNKNOWN	243	C	0.858728803221	G	0.114310113456	78	7039	937	143	8197	91658
UNKNOWN	244	T	0.995486153471	G	0.00280590459924	10	4	23	8160	8197	91658
UNKNOWN	245	G	0.974136879346	A	0.0204953031597	168	23	7985	21	8197	91658
UNKNOWN	246	A	0.98121263877	G	0.0109796266927	8043	61	90	3	8197	91658
UNKNOWN	247	G	0.963767231914	A	0.0196413321947	161	112	7900	24	8197	91658
UNKNOWN	248	C	0.951933634256	A	0.0186653653776	153	7803	100	141	8197	91658
UNKNOWN	249	A	0.980968647066	G	0.0109796266927	8041	64	90	2	8197	91658
UNKNOWN	250	G	0.98231060144	C	0.0109796266927	43	90	8052	12	8197	91658
UNKNOWN	251	C	0.985970477004	T	0.0100036598756	9	8082	24	82	8197	91658
UNKNOWN	252	G	0.986702452117	C	0.00756374283274	28	62	8088	19	8197	91658
UNKNOWN	253	T	0.994510186654	G	0.00304989630353	7	13	25	8152	8197	91658
UNKNOWN	254	G	0.954739538856	A	0.0284250335489	233	99	7826	39	8197	91658
UNKNOWN	255	A	0.98633646456	G	0.00902769305844	8085	21	74	17	8197	91658
UNKNOWN	256	C	0.985482493595	T	0.00768573868488	40	8078	16	63	8197	91658
UNKNOWN	257	A	0.950957667439	G	0.0400146395023	7795	34	328	40	8197	91658
UNKNOWN	258	A	0.843967305112	C	0.126387702818	6918	1036	196	47	8197	91658
UNKNOWN	259	C	0.964743198731	G	0.0203733073076	21	7908	167	101	8197	91658
UNKNOWN	260	T	0.967061119922	C	0.0141515188484	48	116	106	7927	8197	91658
UNKNOWN	261	G	0.988776381603	A	0.00780773453703	64	8	8105	20	8197	91658
UNKNOWN	262	A	0.985360497743	G	0.0108576308406	8077	30	89	1	8197	91658
UNKNOWN	263	G	0.958887397828	A	0.0228132243504	187	109	7860	41	8197	91658
UNKNOWN	264	G	0.987922410638	A	0.00731975112846	60	12	8098	27	8197	91658
UNKNOWN	265	A	0.991216298646	C	0.00487983408564	8125	40	26	6	8197	91658
UNKNOWN	266	C	0.983530559961	A	0.00670977186776	55	8062	30	50	8197	91658
UNKNOWN	267	A	0.981944613883	G	0.00853970964987	8049	25	70	53	8197	91658
UNKNOWN	268	C	0.988288398194	G	0.00512382578992	20	8101	42	34	8197	91658
UNKNOWN	269	G	0.97206294986	A	0.0213492741247	175	17	7968	37	8197	91658
UNKNOWN	270	G	0.991338294498	C	0.00292790045138	23	24	8126	24	8197	91658
UNKNOWN	271	C	0.987190435525	G	0.00634378431133	42	8092	52	11	8197	91658
UNKNOWN	272	C	0.991216298646	A	0.00524582164206	43	8125	8	21	8197	91658
UNKNOWN	273	A	0.988898377455	G	0.00524582164206	8106	26	43	22	8197	91658
UNKNOWN	274	C	0.984750518482	A	0.00878370135415	72	8072	7	46	8197	91658
UNKNOWN	275	A	0.960351348054	G	0.0187873612297	7872	98	154	73	8197	91658
UNKNOWN	276	T	0.988776381603	G	0.00536781749421	26	22	44	8105	8197	91658
UNKNOWN	277	A	0.988532389899	C	0.00463584238136	8103	38	30	26	8197	91658
UNKNOWN	278	C	0.944857874832	T	0.0509942661949	28	7745	6	418	8197	91658
UNKNOWN	279	T	0.983774551665	C	0.00805172624131	27	66	40	8064	8197	91658
UNKNOWN	280	A	0.976454800537	T	0.00988166402342	8004	71	41	81	8197	91658
UNKNOWN	281	C	0.963889227766	T	0.0333048676345	8	7901	15	273	8197	91658
UNKNOWN	282	T	0.987678418934	G	0.00988166402342	13	7	81	8096	8197	91658
