Type	Position	Nucl1	Freq1	Nucl2	Freq2	NumAs	NumCs	NumGs	NumTs	NumAligned	NumNaive
UNKNOWN	0	C	1.0	A	0.0	0	153	0	0	153	282896
UNKNOWN	1	A	1.0	C	0.0	153	0	0	0	153	282896
UNKNOWN	2	G	1.0	A	0.0	0	0	153	0	153	282896
UNKNOWN	3	G	1.0	A	0.0	0	0	153	0	153	282896
UNKNOWN	4	T	1.0	A	0.0	0	0	0	153	153	282896
UNKNOWN	5	G	1.0	A	0.0	0	0	153	0	153	282896
UNKNOWN	6	C	1.0	A	0.0	0	153	0	0	153	282896
UNKNOWN	7	A	1.0	C	0.0	153	0	0	0	153	282896
UNKNOWN	8	G	0.993464052288	C	0.00653594771242	0	1	152	0	153	282896
UNKNOWN	9	C	1.0	A	0.0	0	153	0	0	153	282896
UNKNOWN	10	T	1.0	A	0.0	0	0	0	153	153	282896
UNKNOWN	11	G	1.0	A	0.0	0	0	153	0	153	282896
UNKNOWN	12	C	1.0	A	0.0	0	153	0	0	153	282896
UNKNOWN	13	A	0.960784313725	G	0.0326797385621	147	1	5	0	153	282896
UNKNOWN	14	G	1.0	A	0.0	0	0	153	0	153	282896
UNKNOWN	15	G	1.0	A	0.0	0	0	153	0	153	282896
UNKNOWN	16	A	0.993464052288	C	0.00653594771242	152	1	0	0	153	282896
UNKNOWN	17	G	0.960784313725	A	0.0392156862745	6	0	147	0	153	282896
UNKNOWN	18	T	1.0	A	0.0	0	0	0	153	153	282896
UNKNOWN	19	C	0.993464052288	T	0.00653594771242	0	152	0	1	153	282896
UNKNOWN	20	G	0.993464052288	A	0.00653594771242	1	0	152	0	153	282896
UNKNOWN	21	G	1.0	A	0.0	0	0	153	0	153	282896
UNKNOWN	22	G	1.0	A	0.0	0	0	153	0	153	282896
UNKNOWN	23	C	1.0	A	0.0	0	153	0	0	153	282896
UNKNOWN	24	C	1.0	A	0.0	0	153	0	0	153	282896
UNKNOWN	25	C	1.0	A	0.0	0	153	0	0	153	282896
UNKNOWN	26	C	1.0	A	0.0	0	153	0	0	153	282896
UNKNOWN	27	A	1.0	C	0.0	153	0	0	0	153	282896
UNKNOWN	28	G	0.954248366013	A	0.0457516339869	7	0	146	0	153	282896
UNKNOWN	29	C	0.993464052288	T	0.00653594771242	0	152	0	1	153	282896
UNKNOWN	30	C	1.0	A	0.0	0	153	0	0	153	282896
UNKNOWN	31	T	1.0	A	0.0	0	0	0	153	153	282896
UNKNOWN	32	G	1.0	A	0.0	0	0	153	0	153	282896
UNKNOWN	33	G	1.0	A	0.0	0	0	153	0	153	282896
UNKNOWN	34	T	0.993464052288	C	0.00653594771242	0	1	0	152	153	282896
UNKNOWN	35	G	1.0	A	0.0	0	0	153	0	153	282896
UNKNOWN	36	A	0.993464052288	G	0.00653594771242	152	0	1	0	153	282896
UNKNOWN	37	A	1.0	C	0.0	153	0	0	0	153	282896
UNKNOWN	38	G	1.0	A	0.0	0	0	153	0	153	282896
UNKNOWN	39	A	0.980392156863	C	0.0196078431373	150	3	0	0	153	282896
UNKNOWN	40	C	1.0	A	0.0	0	153	0	0	153	282896
UNKNOWN	41	C	1.0	A	0.0	0	153	0	0	153	282896
UNKNOWN	42	T	1.0	A	0.0	0	0	0	153	153	282896
UNKNOWN	43	C	1.0	A	0.0	0	153	0	0	153	282896
UNKNOWN	44	A	1.0	C	0.0	153	0	0	0	153	282896
UNKNOWN	45	C	1.0	A	0.0	0	153	0	0	153	282896
UNKNOWN	46	A	1.0	C	0.0	153	0	0	0	153	282896
UNKNOWN	47	G	1.0	A	0.0	0	0	153	0	153	282896
UNKNOWN	48	A	0.960784313725	G	0.0392156862745	147	0	6	0	153	282896
UNKNOWN	49	C	1.0	A	0.0	0	153	0	0	153	282896
UNKNOWN	50	A	0.980392156863	C	0.0196078431373	150	3	0	0	153	282896
UNKNOWN	51	C	1.0	A	0.0	0	153	0	0	153	282896
UNKNOWN	52	T	1.0	A	0.0	0	0	0	153	153	282896
UNKNOWN	53	C	1.0	A	0.0	0	153	0	0	153	282896
UNKNOWN	54	T	0.993464052288	G	0.00653594771242	0	0	1	152	153	282896
UNKNOWN	55	C	1.0	A	0.0	0	153	0	0	153	282896
UNKNOWN	56	C	1.0	A	0.0	0	153	0	0	153	282896
UNKNOWN	57	C	1.0	A	0.0	0	153	0	0	153	282896
UNKNOWN	58	T	1.0	A	0.0	0	0	0	153	153	282896
UNKNOWN	59	C	1.0	A	0.0	0	153	0	0	153	282896
UNKNOWN	60	A	1.0	C	0.0	153	0	0	0	153	282896
UNKNOWN	61	C	1.0	A	0.0	0	153	0	0	153	282896
UNKNOWN	62	T	0.921568627451	C	0.0392156862745	0	6	6	141	153	282896
UNKNOWN	63	T	1.0	A	0.0	0	0	0	153	153	282896
UNKNOWN	64	G	1.0	A	0.0	0	0	153	0	153	282896
UNKNOWN	65	C	0.993464052288	T	0.00653594771242	0	152	0	1	153	282896
UNKNOWN	66	A	1.0	C	0.0	153	0	0	0	153	282896
UNKNOWN	67	C	1.0	A	0.0	0	153	0	0	153	282896
UNKNOWN	68	G	1.0	A	0.0	0	0	153	0	153	282896
UNKNOWN	69	G	1.0	A	0.0	0	0	153	0	153	282896
UNKNOWN	70	C	0.993464052288	T	0.00653594771242	0	152	0	1	153	282896
UNKNOWN	71	C	0.993464052288	A	0.00653594771242	1	152	0	0	153	282896
UNKNOWN	72	T	0.993464052288	C	0.00653594771242	0	1	0	152	153	282896
UNKNOWN	73	C	1.0	A	0.0	0	153	0	0	153	282896
UNKNOWN	74	T	1.0	A	0.0	0	0	0	153	153	282896
UNKNOWN	75	G	0.986928104575	A	0.0130718954248	2	0	151	0	153	282896
UNKNOWN	76	G	0.986928104575	A	0.0130718954248	2	0	151	0	153	282896
UNKNOWN	77	A	0.986928104575	C	0.0130718954248	151	2	0	0	153	282896
UNKNOWN	78	T	0.869281045752	C	0.124183006536	0	19	1	133	153	282896
UNKNOWN	79	T	0.895424836601	C	0.0718954248366	0	11	5	137	153	282896
UNKNOWN	80	A	0.901960784314	C	0.0653594771242	138	10	5	0	153	282896
UNKNOWN	81	T	0.980392156863	C	0.0196078431373	0	3	0	150	153	282896
UNKNOWN	82	C	0.986928104575	A	0.00653594771242	1	151	0	1	153	282896
UNKNOWN	83	A	0.986928104575	G	0.0130718954248	151	0	2	0	153	282896
UNKNOWN	84	T	1.0	A	0.0	0	0	0	153	153	282896
UNKNOWN	85	T	0.986928104575	C	0.0130718954248	0	2	0	151	153	282896
UNKNOWN	86	A	0.915032679739	T	0.0392156862745	140	2	5	6	153	282896
UNKNOWN	87	A	0.882352941176	G	0.111111111111	135	0	17	1	153	282896
UNKNOWN	88	C	0.895424836601	A	0.0653594771242	10	137	4	2	153	282896
UNKNOWN	89	C	0.993464052288	T	0.00653594771242	0	152	0	1	153	282896
UNKNOWN	90	A	0.980392156863	C	0.0130718954248	150	2	1	0	153	282896
UNKNOWN	91	G	0.967320261438	A	0.0261437908497	4	1	148	0	153	282896
UNKNOWN	92	A	0.986928104575	C	0.0130718954248	151	2	0	0	153	282896
UNKNOWN	93	T	1.0	A	0.0	0	0	0	153	153	282896
UNKNOWN	94	A	0.986928104575	T	0.0130718954248	151	0	0	2	153	282896
UNKNOWN	95	T	0.993464052288	C	0.00653594771242	0	1	0	152	153	282896
UNKNOWN	96	G	0.869281045752	A	0.130718954248	20	0	133	0	153	282896
UNKNOWN	97	G	0.777777777778	A	0.143790849673	22	12	119	0	153	282896
UNKNOWN	98	T	0.993464052288	G	0.00653594771242	0	0	1	152	153	282896
UNKNOWN	99	A	0.980392156863	G	0.0196078431373	150	0	3	0	153	282896
UNKNOWN	100	T	0.993464052288	C	0.00653594771242	0	1	0	152	153	282896
UNKNOWN	101	A	0.980392156863	G	0.0130718954248	150	1	2	0	153	282896
UNKNOWN	102	C	0.921568627451	T	0.0392156862745	5	141	1	6	153	282896
UNKNOWN	103	A	1.0	C	0.0	153	0	0	0	153	282896
UNKNOWN	104	C	0.862745098039	A	0.078431372549	12	132	9	0	153	282896
UNKNOWN	105	T	0.993464052288	A	0.00653594771242	1	0	0	152	153	282896
UNKNOWN	106	G	0.993464052288	T	0.00653594771242	0	0	152	1	153	282896
UNKNOWN	107	G	1.0	A	0.0	0	0	153	0	153	282896
UNKNOWN	108	G	0.947712418301	A	0.0522875816993	8	0	145	0	153	282896
UNKNOWN	109	T	0.993464052288	C	0.00653594771242	0	1	0	152	153	282896
UNKNOWN	110	C	1.0	A	0.0	0	153	0	0	153	282896
UNKNOWN	111	C	0.993464052288	T	0.00653594771242	0	152	0	1	153	282896
UNKNOWN	112	G	0.993464052288	A	0.00653594771242	1	0	152	0	153	282896
UNKNOWN	113	C	1.0	A	0.0	0	153	0	0	153	282896
UNKNOWN	114	C	1.0	A	0.0	0	153	0	0	153	282896
UNKNOWN	115	A	1.0	C	0.0	153	0	0	0	153	282896
UNKNOWN	116	G	1.0	A	0.0	0	0	153	0	153	282896
UNKNOWN	117	G	0.993464052288	C	0.00653594771242	0	1	152	0	153	282896
UNKNOWN	118	C	1.0	A	0.0	0	153	0	0	153	282896
UNKNOWN	119	T	1.0	A	0.0	0	0	0	153	153	282896
UNKNOWN	120	C	1.0	A	0.0	0	153	0	0	153	282896
UNKNOWN	121	C	1.0	A	0.0	0	153	0	0	153	282896
UNKNOWN	122	A	0.993464052288	G	0.00653594771242	152	0	1	0	153	282896
UNKNOWN	123	G	1.0	A	0.0	0	0	153	0	153	282896
UNKNOWN	124	G	1.0	A	0.0	0	0	153	0	153	282896
UNKNOWN	125	A	0.954248366013	G	0.0392156862745	146	1	6	0	153	282896
UNKNOWN	126	A	0.993464052288	G	0.00653594771242	152	0	1	0	153	282896
UNKNOWN	127	A	1.0	C	0.0	153	0	0	0	153	282896
UNKNOWN	128	G	0.993464052288	A	0.00653594771242	1	0	152	0	153	282896
UNKNOWN	129	G	1.0	A	0.0	0	0	153	0	153	282896
UNKNOWN	130	C	1.0	A	0.0	0	153	0	0	153	282896
UNKNOWN	131	G	0.993464052288	A	0.00653594771242	1	0	152	0	153	282896
UNKNOWN	132	C	0.960784313725	T	0.0392156862745	0	147	0	6	153	282896
UNKNOWN	133	T	1.0	A	0.0	0	0	0	153	153	282896
UNKNOWN	134	G	0.993464052288	A	0.00653594771242	1	0	152	0	153	282896
UNKNOWN	135	G	1.0	A	0.0	0	0	153	0	153	282896
UNKNOWN	136	A	0.993464052288	G	0.00653594771242	152	0	1	0	153	282896
UNKNOWN	137	G	0.993464052288	A	0.00653594771242	1	0	152	0	153	282896
UNKNOWN	138	T	0.993464052288	C	0.00653594771242	0	1	0	152	153	282896
UNKNOWN	139	G	1.0	A	0.0	0	0	153	0	153	282896
UNKNOWN	140	G	1.0	A	0.0	0	0	153	0	153	282896
UNKNOWN	141	C	0.97385620915	G	0.0196078431373	0	149	3	1	153	282896
UNKNOWN	142	T	1.0	A	0.0	0	0	0	153	153	282896
UNKNOWN	143	T	0.986928104575	C	0.0130718954248	0	2	0	151	153	282896
UNKNOWN	144	G	0.97385620915	A	0.0261437908497	4	0	149	0	153	282896
UNKNOWN	145	G	0.986928104575	A	0.00653594771242	1	0	151	1	153	282896
UNKNOWN	146	T	0.954248366013	G	0.0392156862745	0	1	6	146	153	282896
UNKNOWN	147	G	0.758169934641	T	0.183006535948	6	3	116	28	153	282896
UNKNOWN	148	A	0.764705882353	T	0.137254901961	117	4	11	21	153	282896
UNKNOWN	149	T	0.862745098039	G	0.0915032679739	4	3	14	132	153	282896
UNKNOWN	150	A	0.875816993464	C	0.0849673202614	134	13	5	1	153	282896
UNKNOWN	151	T	0.97385620915	C	0.0130718954248	0	2	2	149	153	282896
UNKNOWN	152	A	0.751633986928	G	0.228758169935	115	2	35	1	153	282896
UNKNOWN	153	A	0.699346405229	G	0.261437908497	107	5	40	1	153	282896
UNKNOWN	154	G	0.83660130719	A	0.0718954248366	11	5	128	9	153	282896
UNKNOWN	155	C	0.869281045752	G	0.078431372549	5	133	12	3	153	282896
UNKNOWN	156	A	0.797385620915	G	0.202614379085	122	0	31	0	153	282896
UNKNOWN	157	G	0.947712418301	T	0.0261437908497	1	3	145	4	153	282896
UNKNOWN	158	T	0.986928104575	A	0.0130718954248	2	0	0	151	153	282896
UNKNOWN	159	G	0.777777777778	A	0.21568627451	33	1	119	0	153	282896
UNKNOWN	160	G	0.869281045752	A	0.0849673202614	13	6	133	1	153	282896
UNKNOWN	161	T	0.954248366013	C	0.0326797385621	1	5	1	146	153	282896
UNKNOWN	162	G	0.993464052288	A	0.00653594771242	1	0	152	0	153	282896
UNKNOWN	163	G	0.960784313725	A	0.0392156862745	6	0	147	0	153	282896
UNKNOWN	164	A	0.97385620915	G	0.0261437908497	149	0	4	0	153	282896
UNKNOWN	165	A	0.856209150327	G	0.143790849673	131	0	22	0	153	282896
UNKNOWN	166	G	0.738562091503	A	0.209150326797	32	4	113	4	153	282896
UNKNOWN	167	C	0.934640522876	G	0.0653594771242	0	143	10	0	153	282896
UNKNOWN	168	A	0.771241830065	C	0.169934640523	118	26	4	5	153	282896
UNKNOWN	169	C	0.97385620915	T	0.0196078431373	0	149	1	3	153	282896
UNKNOWN	170	A	0.797385620915	G	0.156862745098	122	1	24	6	153	282896
UNKNOWN	171	G	0.882352941176	A	0.0980392156863	15	2	135	1	153	282896
UNKNOWN	172	G	0.535947712418	T	0.248366013072	29	4	82	38	153	282896
UNKNOWN	173	C	0.928104575163	A	0.0522875816993	8	142	2	1	153	282896
UNKNOWN	174	T	0.967320261438	G	0.0196078431373	0	2	3	148	153	282896
UNKNOWN	175	A	0.967320261438	T	0.0196078431373	148	0	2	3	153	282896
UNKNOWN	176	T	0.967320261438	C	0.0326797385621	0	5	0	148	153	282896
UNKNOWN	177	A	0.993464052288	G	0.00653594771242	152	0	1	0	153	282896
UNKNOWN	178	A	1.0	C	0.0	153	0	0	0	153	282896
UNKNOWN	179	C	0.993464052288	T	0.00653594771242	0	152	0	1	153	282896
UNKNOWN	180	C	0.967320261438	A	0.0196078431373	3	148	0	2	153	282896
UNKNOWN	181	C	0.980392156863	T	0.0130718954248	0	150	1	2	153	282896
UNKNOWN	182	A	0.947712418301	G	0.0522875816993	145	0	8	0	153	282896
UNKNOWN	183	G	0.947712418301	A	0.0522875816993	8	0	145	0	153	282896
UNKNOWN	184	G	0.993464052288	C	0.00653594771242	0	1	152	0	153	282896
UNKNOWN	185	C	1.0	A	0.0	0	153	0	0	153	282896
UNKNOWN	186	C	1.0	A	0.0	0	153	0	0	153	282896
UNKNOWN	187	T	1.0	A	0.0	0	0	0	153	153	282896
UNKNOWN	188	G	1.0	A	0.0	0	0	153	0	153	282896
UNKNOWN	189	A	1.0	C	0.0	153	0	0	0	153	282896
UNKNOWN	190	A	0.993464052288	G	0.00653594771242	152	0	1	0	153	282896
UNKNOWN	191	A	0.986928104575	C	0.0130718954248	151	2	0	0	153	282896
UNKNOWN	192	T	1.0	A	0.0	0	0	0	153	153	282896
UNKNOWN	193	C	1.0	A	0.0	0	153	0	0	153	282896
UNKNOWN	194	C	0.980392156863	T	0.0196078431373	0	150	0	3	153	282896
UNKNOWN	195	C	1.0	A	0.0	0	153	0	0	153	282896
UNKNOWN	196	G	0.993464052288	A	0.00653594771242	1	0	152	0	153	282896
UNKNOWN	197	G	0.947712418301	A	0.0392156862745	6	1	145	1	153	282896
UNKNOWN	198	C	0.993464052288	T	0.00653594771242	0	152	0	1	153	282896
UNKNOWN	199	T	0.993464052288	C	0.00653594771242	0	1	0	152	153	282896
UNKNOWN	200	C	0.986928104575	A	0.00653594771242	1	151	0	1	153	282896
UNKNOWN	201	A	0.986928104575	G	0.0130718954248	151	0	2	0	153	282896
UNKNOWN	202	G	0.980392156863	C	0.0196078431373	0	3	150	0	153	282896
UNKNOWN	203	C	0.986928104575	T	0.00653594771242	0	151	1	1	153	282896
UNKNOWN	204	A	0.993464052288	C	0.00653594771242	152	1	0	0	153	282896
UNKNOWN	205	T	0.980392156863	C	0.0196078431373	0	3	0	150	153	282896
UNKNOWN	206	C	0.993464052288	A	0.00653594771242	1	152	0	0	153	282896
UNKNOWN	207	A	0.97385620915	G	0.0196078431373	149	1	3	0	153	282896
UNKNOWN	208	C	0.993464052288	T	0.00653594771242	0	152	0	1	153	282896
UNKNOWN	209	C	0.915032679739	T	0.0718954248366	1	140	1	11	153	282896
UNKNOWN	210	A	1.0	C	0.0	153	0	0	0	153	282896
UNKNOWN	211	A	0.993464052288	G	0.00653594771242	152	0	1	0	153	282896
UNKNOWN	212	G	0.934640522876	A	0.0326797385621	5	0	143	5	153	282896
UNKNOWN	213	G	0.993464052288	A	0.00653594771242	1	0	152	0	153	282896
UNKNOWN	214	A	0.960784313725	G	0.0326797385621	147	1	5	0	153	282896
UNKNOWN	215	C	0.993464052288	A	0.00653594771242	1	152	0	0	153	282896
UNKNOWN	216	A	0.986928104575	G	0.0130718954248	151	0	2	0	153	282896
UNKNOWN	217	A	0.830065359477	G	0.156862745098	127	2	24	0	153	282896
UNKNOWN	218	C	0.97385620915	T	0.0261437908497	0	149	0	4	153	282896
UNKNOWN	219	T	0.986928104575	C	0.0130718954248	0	2	0	151	153	282896
UNKNOWN	220	C	0.97385620915	T	0.0261437908497	0	149	0	4	153	282896
UNKNOWN	221	C	0.967320261438	T	0.0261437908497	1	148	0	4	153	282896
UNKNOWN	222	A	1.0	C	0.0	153	0	0	0	153	282896
UNKNOWN	223	A	0.967320261438	G	0.0326797385621	148	0	5	0	153	282896
UNKNOWN	224	G	0.986928104575	A	0.00653594771242	1	0	151	1	153	282896
UNKNOWN	225	A	0.980392156863	T	0.0130718954248	150	0	1	2	153	282896
UNKNOWN	226	G	0.862745098039	A	0.130718954248	20	1	132	0	153	282896
UNKNOWN	227	C	0.954248366013	T	0.0392156862745	1	146	0	6	153	282896
UNKNOWN	228	C	0.967320261438	G	0.0196078431373	2	148	3	0	153	282896
UNKNOWN	229	A	0.993464052288	C	0.00653594771242	152	1	0	0	153	282896
UNKNOWN	230	A	0.980392156863	G	0.0130718954248	150	1	2	0	153	282896
UNKNOWN	231	G	0.986928104575	A	0.00653594771242	1	0	151	1	153	282896
UNKNOWN	232	T	0.993464052288	C	0.00653594771242	0	1	0	152	153	282896
UNKNOWN	233	C	0.921568627451	T	0.0718954248366	0	141	1	11	153	282896
UNKNOWN	234	T	0.993464052288	C	0.00653594771242	0	1	0	152	153	282896
UNKNOWN	235	C	0.986928104575	T	0.0130718954248	0	151	0	2	153	282896
UNKNOWN	236	T	0.986928104575	C	0.0130718954248	0	2	0	151	153	282896
UNKNOWN	237	C	0.993464052288	T	0.00653594771242	0	152	0	1	153	282896
UNKNOWN	238	T	0.993464052288	G	0.00653594771242	0	0	1	152	153	282896
UNKNOWN	239	G	0.986928104575	A	0.00653594771242	1	0	151	1	153	282896
UNKNOWN	240	T	0.97385620915	G	0.0130718954248	1	1	2	149	153	282896
UNKNOWN	241	C	0.980392156863	T	0.0130718954248	1	150	0	2	153	282896
UNKNOWN	242	A	0.986928104575	C	0.00653594771242	151	1	1	0	153	282896
UNKNOWN	243	C	0.993464052288	G	0.00653594771242	0	152	1	0	153	282896
UNKNOWN	244	T	0.993464052288	G	0.00653594771242	0	0	1	152	153	282896
UNKNOWN	245	G	0.986928104575	A	0.00653594771242	1	0	151	1	153	282896
UNKNOWN	246	A	0.993464052288	G	0.00653594771242	152	0	1	0	153	282896
UNKNOWN	247	G	0.986928104575	A	0.00653594771242	1	1	151	0	153	282896
UNKNOWN	248	C	0.967320261438	T	0.0196078431373	1	148	1	3	153	282896
UNKNOWN	249	A	0.986928104575	G	0.0130718954248	151	0	2	0	153	282896
UNKNOWN	250	G	0.954248366013	A	0.0392156862745	6	1	146	0	153	282896
UNKNOWN	251	C	1.0	A	0.0	0	153	0	0	153	282896
UNKNOWN	252	C	0.986928104575	T	0.00653594771242	0	151	1	1	153	282896
UNKNOWN	253	T	0.986928104575	C	0.00653594771242	0	1	1	151	153	282896
UNKNOWN	254	G	0.986928104575	A	0.0130718954248	2	0	151	0	153	282896
UNKNOWN	255	A	0.980392156863	G	0.0130718954248	150	1	2	0	153	282896
UNKNOWN	256	C	0.97385620915	G	0.0261437908497	0	149	4	0	153	282896
UNKNOWN	257	G	0.980392156863	A	0.0130718954248	2	1	150	0	153	282896
UNKNOWN	258	C	0.993464052288	A	0.00653594771242	1	152	0	0	153	282896
UNKNOWN	259	C	0.993464052288	T	0.00653594771242	0	152	0	1	153	282896
UNKNOWN	260	T	0.986928104575	G	0.0130718954248	0	0	2	151	153	282896
UNKNOWN	261	G	0.993464052288	A	0.00653594771242	1	0	152	0	153	282896
UNKNOWN	262	A	0.986928104575	C	0.00653594771242	151	1	1	0	153	282896
UNKNOWN	263	G	0.993464052288	T	0.00653594771242	0	0	152	1	153	282896
UNKNOWN	264	G	0.980392156863	A	0.0130718954248	2	0	150	1	153	282896
UNKNOWN	265	A	0.986928104575	C	0.0130718954248	151	2	0	0	153	282896
UNKNOWN	266	C	0.993464052288	T	0.00653594771242	0	152	0	1	153	282896
UNKNOWN	267	T	0.980392156863	A	0.00653594771242	1	1	1	150	153	282896
UNKNOWN	268	C	0.986928104575	A	0.00653594771242	1	151	1	0	153	282896
UNKNOWN	269	A	0.97385620915	G	0.0261437908497	149	0	4	0	153	282896
UNKNOWN	270	G	0.97385620915	A	0.0196078431373	3	1	149	0	153	282896
UNKNOWN	271	C	0.986928104575	A	0.0130718954248	2	151	0	0	153	282896
UNKNOWN	272	C	0.993464052288	A	0.00653594771242	1	152	0	0	153	282896
UNKNOWN	273	A	0.993464052288	C	0.00653594771242	152	1	0	0	153	282896
UNKNOWN	274	C	0.986928104575	A	0.00653594771242	1	151	0	1	153	282896
UNKNOWN	275	A	0.888888888889	G	0.0849673202614	136	1	13	3	153	282896
UNKNOWN	276	T	0.97385620915	A	0.0130718954248	2	0	2	149	153	282896
UNKNOWN	277	A	0.980392156863	C	0.0130718954248	150	2	1	0	153	282896
UNKNOWN	278	C	0.967320261438	T	0.0261437908497	1	148	0	4	153	282896
UNKNOWN	279	T	0.986928104575	A	0.00653594771242	1	0	1	151	153	282896
UNKNOWN	280	A	0.97385620915	G	0.0196078431373	149	1	3	0	153	282896
UNKNOWN	281	C	0.97385620915	T	0.0261437908497	0	149	0	4	153	282896
UNKNOWN	282	T	0.986928104575	G	0.0130718954248	0	0	2	151	153	282896
