Type	Position	Nucl1	Freq1	Nucl2	Freq2	NumAs	NumCs	NumGs	NumTs	NumAligned	NumNaive
UNKNOWN	0	C	1.0	A	0.0	0	425	0	0	425	96348
UNKNOWN	1	A	1.0	C	0.0	425	0	0	0	425	96348
UNKNOWN	2	G	1.0	A	0.0	0	0	425	0	425	96348
UNKNOWN	3	G	1.0	A	0.0	0	0	425	0	425	96348
UNKNOWN	4	T	1.0	A	0.0	0	0	0	425	425	96348
UNKNOWN	5	G	1.0	A	0.0	0	0	425	0	425	96348
UNKNOWN	6	C	1.0	A	0.0	0	425	0	0	425	96348
UNKNOWN	7	A	1.0	C	0.0	425	0	0	0	425	96348
UNKNOWN	8	G	0.992941176471	A	0.00705882352941	3	0	422	0	425	96348
UNKNOWN	9	C	1.0	A	0.0	0	425	0	0	425	96348
UNKNOWN	10	T	1.0	A	0.0	0	0	0	425	425	96348
UNKNOWN	11	G	1.0	A	0.0	0	0	425	0	425	96348
UNKNOWN	12	C	1.0	A	0.0	0	425	0	0	425	96348
UNKNOWN	13	G	0.997647058824	A	0.00235294117647	1	0	424	0	425	96348
UNKNOWN	14	C	0.602352941176	G	0.397647058824	0	256	169	0	425	96348
UNKNOWN	15	G	1.0	A	0.0	0	0	425	0	425	96348
UNKNOWN	16	A	0.997647058824	G	0.00235294117647	424	0	1	0	425	96348
UNKNOWN	17	G	1.0	A	0.0	0	0	425	0	425	96348
UNKNOWN	18	T	1.0	A	0.0	0	0	0	425	425	96348
UNKNOWN	19	C	1.0	A	0.0	0	425	0	0	425	96348
UNKNOWN	20	G	0.971764705882	A	0.0282352941176	12	0	413	0	425	96348
UNKNOWN	21	G	1.0	A	0.0	0	0	425	0	425	96348
UNKNOWN	22	G	1.0	A	0.0	0	0	425	0	425	96348
UNKNOWN	23	C	1.0	A	0.0	0	425	0	0	425	96348
UNKNOWN	24	C	1.0	A	0.0	0	425	0	0	425	96348
UNKNOWN	25	C	1.0	A	0.0	0	425	0	0	425	96348
UNKNOWN	26	C	0.997647058824	T	0.00235294117647	0	424	0	1	425	96348
UNKNOWN	27	A	0.997647058824	G	0.00235294117647	424	0	1	0	425	96348
UNKNOWN	28	G	0.997647058824	A	0.00235294117647	1	0	424	0	425	96348
UNKNOWN	29	C	0.995294117647	T	0.00470588235294	0	423	0	2	425	96348
UNKNOWN	30	C	0.997647058824	T	0.00235294117647	0	424	0	1	425	96348
UNKNOWN	31	T	1.0	A	0.0	0	0	0	425	425	96348
UNKNOWN	32	G	0.997647058824	A	0.00235294117647	1	0	424	0	425	96348
UNKNOWN	33	G	1.0	A	0.0	0	0	425	0	425	96348
UNKNOWN	34	T	1.0	A	0.0	0	0	0	425	425	96348
UNKNOWN	35	G	0.997647058824	A	0.00235294117647	1	0	424	0	425	96348
UNKNOWN	36	A	0.995294117647	C	0.00470588235294	423	2	0	0	425	96348
UNKNOWN	37	A	0.997647058824	G	0.00235294117647	424	0	1	0	425	96348
UNKNOWN	38	G	1.0	A	0.0	0	0	425	0	425	96348
UNKNOWN	39	C	1.0	A	0.0	0	425	0	0	425	96348
UNKNOWN	40	C	1.0	A	0.0	0	425	0	0	425	96348
UNKNOWN	41	C	1.0	A	0.0	0	425	0	0	425	96348
UNKNOWN	42	T	1.0	A	0.0	0	0	0	425	425	96348
UNKNOWN	43	C	1.0	A	0.0	0	425	0	0	425	96348
UNKNOWN	44	A	1.0	C	0.0	425	0	0	0	425	96348
UNKNOWN	45	C	0.997647058824	G	0.00235294117647	0	424	1	0	425	96348
UNKNOWN	46	A	0.997647058824	G	0.00235294117647	424	0	1	0	425	96348
UNKNOWN	47	G	0.997647058824	A	0.00235294117647	1	0	424	0	425	96348
UNKNOWN	48	A	1.0	C	0.0	425	0	0	0	425	96348
UNKNOWN	49	C	1.0	A	0.0	0	425	0	0	425	96348
UNKNOWN	50	C	1.0	A	0.0	0	425	0	0	425	96348
UNKNOWN	51	C	1.0	A	0.0	0	425	0	0	425	96348
UNKNOWN	52	T	1.0	A	0.0	0	0	0	425	425	96348
UNKNOWN	53	C	1.0	A	0.0	0	425	0	0	425	96348
UNKNOWN	54	T	1.0	A	0.0	0	0	0	425	425	96348
UNKNOWN	55	C	1.0	A	0.0	0	425	0	0	425	96348
UNKNOWN	56	C	0.997647058824	T	0.00235294117647	0	424	0	1	425	96348
UNKNOWN	57	C	0.997647058824	G	0.00235294117647	0	424	1	0	425	96348
UNKNOWN	58	T	1.0	A	0.0	0	0	0	425	425	96348
UNKNOWN	59	C	1.0	A	0.0	0	425	0	0	425	96348
UNKNOWN	60	A	1.0	C	0.0	425	0	0	0	425	96348
UNKNOWN	61	C	1.0	A	0.0	0	425	0	0	425	96348
UNKNOWN	62	C	1.0	A	0.0	0	425	0	0	425	96348
UNKNOWN	63	T	1.0	A	0.0	0	0	0	425	425	96348
UNKNOWN	64	G	0.997647058824	A	0.00235294117647	1	0	424	0	425	96348
UNKNOWN	65	C	1.0	A	0.0	0	425	0	0	425	96348
UNKNOWN	66	A	0.997647058824	C	0.00235294117647	424	1	0	0	425	96348
UNKNOWN	67	C	1.0	A	0.0	0	425	0	0	425	96348
UNKNOWN	68	G	0.997647058824	C	0.00235294117647	0	1	424	0	425	96348
UNKNOWN	69	G	0.978823529412	A	0.0188235294118	8	0	416	1	425	96348
UNKNOWN	70	T	1.0	A	0.0	0	0	0	425	425	96348
UNKNOWN	71	C	0.995294117647	T	0.00235294117647	0	423	1	1	425	96348
UNKNOWN	72	T	0.995294117647	C	0.00235294117647	0	1	1	423	425	96348
UNKNOWN	73	C	0.997647058824	T	0.00235294117647	0	424	0	1	425	96348
UNKNOWN	74	T	1.0	A	0.0	0	0	0	425	425	96348
UNKNOWN	75	G	0.997647058824	A	0.00235294117647	1	0	424	0	425	96348
UNKNOWN	76	G	1.0	A	0.0	0	0	425	0	425	96348
UNKNOWN	77	A	0.992941176471	C	0.00470588235294	422	2	1	0	425	96348
UNKNOWN	78	T	1.0	A	0.0	0	0	0	425	425	96348
UNKNOWN	79	T	1.0	A	0.0	0	0	0	425	425	96348
UNKNOWN	80	C	0.997647058824	T	0.00235294117647	0	424	0	1	425	96348
UNKNOWN	81	T	0.995294117647	C	0.00470588235294	0	2	0	423	425	96348
UNKNOWN	82	C	0.997647058824	A	0.00235294117647	1	424	0	0	425	96348
UNKNOWN	83	A	1.0	C	0.0	425	0	0	0	425	96348
UNKNOWN	84	T	1.0	A	0.0	0	0	0	425	425	96348
UNKNOWN	85	T	1.0	A	0.0	0	0	0	425	425	96348
UNKNOWN	86	G	0.995294117647	A	0.00235294117647	1	0	423	1	425	96348
UNKNOWN	87	A	0.995294117647	C	0.00235294117647	423	1	1	0	425	96348
UNKNOWN	88	G	0.978823529412	A	0.0141176470588	6	3	416	0	425	96348
UNKNOWN	89	C	0.981176470588	T	0.0164705882353	0	417	1	7	425	96348
UNKNOWN	90	A	0.995294117647	G	0.00470588235294	423	0	2	0	425	96348
UNKNOWN	91	G	0.955294117647	A	0.0352941176471	15	4	406	0	425	96348
UNKNOWN	92	C	0.964705882353	T	0.0211764705882	2	410	4	9	425	96348
UNKNOWN	93	T	0.976470588235	A	0.0164705882353	7	2	1	415	425	96348
UNKNOWN	94	A	0.985882352941	C	0.00705882352941	419	3	0	3	425	96348
UNKNOWN	95	T	0.995294117647	C	0.00470588235294	0	2	0	423	425	96348
UNKNOWN	96	G	0.950588235294	A	0.04	17	1	404	3	425	96348
UNKNOWN	97	G	0.574117647059	C	0.334117647059	11	142	244	28	425	96348
UNKNOWN	98	T	0.995294117647	A	0.00235294117647	1	1	0	423	425	96348
UNKNOWN	99	G	0.988235294118	A	0.0117647058824	5	0	420	0	425	96348
UNKNOWN	100	T	0.997647058824	C	0.00235294117647	0	1	0	424	425	96348
UNKNOWN	101	A	0.985882352941	C	0.00705882352941	419	3	3	0	425	96348
UNKNOWN	102	A	0.722352941176	G	0.263529411765	307	6	112	0	425	96348
UNKNOWN	103	G	0.889411764706	A	0.0823529411765	35	4	378	8	425	96348
UNKNOWN	104	C	0.955294117647	T	0.0447058823529	0	406	0	19	425	96348
UNKNOWN	105	T	1.0	A	0.0	0	0	0	425	425	96348
UNKNOWN	106	G	1.0	A	0.0	0	0	425	0	425	96348
UNKNOWN	107	G	0.997647058824	C	0.00235294117647	0	1	424	0	425	96348
UNKNOWN	108	G	0.981176470588	C	0.0141176470588	2	6	417	0	425	96348
UNKNOWN	109	T	1.0	A	0.0	0	0	0	425	425	96348
UNKNOWN	110	C	0.995294117647	A	0.00235294117647	1	423	0	1	425	96348
UNKNOWN	111	C	0.997647058824	T	0.00235294117647	0	424	0	1	425	96348
UNKNOWN	112	G	1.0	A	0.0	0	0	425	0	425	96348
UNKNOWN	113	C	0.995294117647	A	0.00470588235294	2	423	0	0	425	96348
UNKNOWN	114	C	1.0	A	0.0	0	425	0	0	425	96348
UNKNOWN	115	A	1.0	C	0.0	425	0	0	0	425	96348
UNKNOWN	116	G	1.0	A	0.0	0	0	425	0	425	96348
UNKNOWN	117	G	0.995294117647	A	0.00470588235294	2	0	423	0	425	96348
UNKNOWN	118	C	1.0	A	0.0	0	425	0	0	425	96348
UNKNOWN	119	T	1.0	A	0.0	0	0	0	425	425	96348
UNKNOWN	120	C	1.0	A	0.0	0	425	0	0	425	96348
UNKNOWN	121	C	1.0	A	0.0	0	425	0	0	425	96348
UNKNOWN	122	A	0.957647058824	G	0.04	407	0	17	1	425	96348
UNKNOWN	123	G	1.0	A	0.0	0	0	425	0	425	96348
UNKNOWN	124	G	1.0	A	0.0	0	0	425	0	425	96348
UNKNOWN	125	G	0.995294117647	A	0.00470588235294	2	0	423	0	425	96348
UNKNOWN	126	A	0.997647058824	C	0.00235294117647	424	1	0	0	425	96348
UNKNOWN	127	A	0.997647058824	G	0.00235294117647	424	0	1	0	425	96348
UNKNOWN	128	G	1.0	A	0.0	0	0	425	0	425	96348
UNKNOWN	129	G	0.997647058824	A	0.00235294117647	1	0	424	0	425	96348
UNKNOWN	130	C	1.0	A	0.0	0	425	0	0	425	96348
UNKNOWN	131	G	0.976470588235	A	0.0235294117647	10	0	415	0	425	96348
UNKNOWN	132	C	1.0	A	0.0	0	425	0	0	425	96348
UNKNOWN	133	T	0.997647058824	G	0.00235294117647	0	0	1	424	425	96348
UNKNOWN	134	G	0.976470588235	A	0.0235294117647	10	0	415	0	425	96348
UNKNOWN	135	G	0.997647058824	A	0.00235294117647	1	0	424	0	425	96348
UNKNOWN	136	A	0.997647058824	C	0.00235294117647	424	1	0	0	425	96348
UNKNOWN	137	G	0.990588235294	A	0.00941176470588	4	0	421	0	425	96348
UNKNOWN	138	T	0.997647058824	G	0.00235294117647	0	0	1	424	425	96348
UNKNOWN	139	G	0.981176470588	A	0.00941176470588	4	2	417	2	425	96348
UNKNOWN	140	C	0.701176470588	T	0.197647058824	2	298	41	84	425	96348
UNKNOWN	141	C	0.912941176471	G	0.0729411764706	6	388	31	0	425	96348
UNKNOWN	142	T	0.997647058824	G	0.00235294117647	0	0	1	424	425	96348
UNKNOWN	143	C	0.788235294118	T	0.209411764706	0	335	1	89	425	96348
UNKNOWN	144	G	1.0	A	0.0	0	0	425	0	425	96348
UNKNOWN	145	G	1.0	A	0.0	0	0	425	0	425	96348
UNKNOWN	146	T	0.988235294118	G	0.00941176470588	0	1	4	420	425	96348
UNKNOWN	147	G	0.938823529412	A	0.0611764705882	26	0	399	0	425	96348
UNKNOWN	148	G	0.976470588235	T	0.0117647058824	4	1	415	5	425	96348
UNKNOWN	149	T	0.983529411765	A	0.00705882352941	3	2	2	418	425	96348
UNKNOWN	150	A	0.969411764706	G	0.0282352941176	412	1	12	0	425	96348
UNKNOWN	151	T	0.992941176471	C	0.00705882352941	0	3	0	422	425	96348
UNKNOWN	152	A	0.983529411765	C	0.00705882352941	418	3	2	2	425	96348
UNKNOWN	153	A	0.96	G	0.0305882352941	408	4	13	0	425	96348
UNKNOWN	154	G	0.945882352941	C	0.0305882352941	10	13	402	0	425	96348
UNKNOWN	155	C	0.489411764706	T	0.468235294118	7	208	11	199	425	96348
UNKNOWN	156	A	0.941176470588	G	0.0541176470588	400	1	23	1	425	96348
UNKNOWN	157	G	0.967058823529	A	0.0188235294118	8	5	411	1	425	96348
UNKNOWN	158	T	0.992941176471	A	0.00235294117647	1	1	1	422	425	96348
UNKNOWN	159	G	0.896470588235	A	0.0847058823529	36	8	381	0	425	96348
UNKNOWN	160	G	0.957647058824	A	0.0305882352941	13	5	407	0	425	96348
UNKNOWN	161	T	0.990588235294	G	0.00470588235294	1	1	2	421	425	96348
UNKNOWN	162	G	0.992941176471	A	0.00470588235294	2	1	422	0	425	96348
UNKNOWN	163	G	0.992941176471	A	0.00705882352941	3	0	422	0	425	96348
UNKNOWN	164	A	0.967058823529	G	0.0282352941176	411	1	12	1	425	96348
UNKNOWN	165	A	0.976470588235	G	0.0164705882353	415	1	7	2	425	96348
UNKNOWN	166	G	0.694117647059	A	0.124705882353	53	28	295	49	425	96348
UNKNOWN	167	C	0.830588235294	G	0.0776470588235	21	353	33	18	425	96348
UNKNOWN	168	A	0.985882352941	G	0.0117647058824	419	1	5	0	425	96348
UNKNOWN	169	C	0.992941176471	T	0.00470588235294	1	422	0	2	425	96348
UNKNOWN	170	A	0.997647058824	C	0.00235294117647	424	1	0	0	425	96348
UNKNOWN	171	G	0.948235294118	T	0.0282352941176	8	2	403	12	425	96348
UNKNOWN	172	G	0.908235294118	A	0.0752941176471	32	5	386	2	425	96348
UNKNOWN	173	C	0.983529411765	A	0.0117647058824	5	418	2	0	425	96348
UNKNOWN	174	T	0.985882352941	C	0.00941176470588	0	4	2	419	425	96348
UNKNOWN	175	A	0.990588235294	T	0.00941176470588	421	0	0	4	425	96348
UNKNOWN	176	T	0.990588235294	C	0.00941176470588	0	4	0	421	425	96348
UNKNOWN	177	A	0.995294117647	C	0.00235294117647	423	1	1	0	425	96348
UNKNOWN	178	A	0.985882352941	G	0.0141176470588	419	0	6	0	425	96348
UNKNOWN	179	C	0.908235294118	T	0.0823529411765	2	386	2	35	425	96348
UNKNOWN	180	C	0.988235294118	T	0.00705882352941	2	420	0	3	425	96348
UNKNOWN	181	C	0.995294117647	T	0.00470588235294	0	423	0	2	425	96348
UNKNOWN	182	A	0.997647058824	C	0.00235294117647	424	1	0	0	425	96348
UNKNOWN	183	G	0.995294117647	A	0.00235294117647	1	0	423	1	425	96348
UNKNOWN	184	C	0.985882352941	T	0.00705882352941	2	419	1	3	425	96348
UNKNOWN	185	C	1.0	A	0.0	0	425	0	0	425	96348
UNKNOWN	186	C	1.0	A	0.0	0	425	0	0	425	96348
UNKNOWN	187	T	1.0	A	0.0	0	0	0	425	425	96348
UNKNOWN	188	G	0.992941176471	A	0.00705882352941	3	0	422	0	425	96348
UNKNOWN	189	A	0.988235294118	C	0.00941176470588	420	4	1	0	425	96348
UNKNOWN	190	A	1.0	C	0.0	425	0	0	0	425	96348
UNKNOWN	191	A	1.0	C	0.0	425	0	0	0	425	96348
UNKNOWN	192	T	0.985882352941	G	0.0141176470588	0	0	6	419	425	96348
UNKNOWN	193	C	0.974117647059	A	0.0188235294118	8	414	0	3	425	96348
UNKNOWN	194	C	0.995294117647	T	0.00235294117647	0	423	1	1	425	96348
UNKNOWN	195	C	0.995294117647	T	0.00470588235294	0	423	0	2	425	96348
UNKNOWN	196	G	1.0	A	0.0	0	0	425	0	425	96348
UNKNOWN	197	G	0.981176470588	A	0.0141176470588	6	2	417	0	425	96348
UNKNOWN	198	C	0.997647058824	G	0.00235294117647	0	424	1	0	425	96348
UNKNOWN	199	T	1.0	A	0.0	0	0	0	425	425	96348
UNKNOWN	200	C	1.0	A	0.0	0	425	0	0	425	96348
UNKNOWN	201	A	1.0	C	0.0	425	0	0	0	425	96348
UNKNOWN	202	G	0.992941176471	C	0.00470588235294	1	2	422	0	425	96348
UNKNOWN	203	C	0.978823529412	G	0.00941176470588	3	416	4	2	425	96348
UNKNOWN	204	A	0.995294117647	C	0.00235294117647	423	1	1	0	425	96348
UNKNOWN	205	T	1.0	A	0.0	0	0	0	425	425	96348
UNKNOWN	206	C	0.992941176471	T	0.00705882352941	0	422	0	3	425	96348
UNKNOWN	207	A	0.997647058824	C	0.00235294117647	424	1	0	0	425	96348
UNKNOWN	208	C	0.997647058824	G	0.00235294117647	0	424	1	0	425	96348
UNKNOWN	209	C	0.983529411765	T	0.0117647058824	1	418	1	5	425	96348
UNKNOWN	210	A	0.997647058824	C	0.00235294117647	424	1	0	0	425	96348
UNKNOWN	211	A	0.992941176471	G	0.00705882352941	422	0	3	0	425	96348
UNKNOWN	212	G	0.997647058824	T	0.00235294117647	0	0	424	1	425	96348
UNKNOWN	213	G	0.990588235294	A	0.00941176470588	4	0	421	0	425	96348
UNKNOWN	214	A	0.995294117647	C	0.00235294117647	423	1	1	0	425	96348
UNKNOWN	215	C	0.990588235294	A	0.00470588235294	2	421	1	1	425	96348
UNKNOWN	216	A	0.997647058824	G	0.00235294117647	424	0	1	0	425	96348
UNKNOWN	217	A	0.995294117647	G	0.00470588235294	423	0	2	0	425	96348
UNKNOWN	218	C	0.992941176471	T	0.00705882352941	0	422	0	3	425	96348
UNKNOWN	219	T	0.990588235294	G	0.00470588235294	1	1	2	421	425	96348
UNKNOWN	220	C	0.997647058824	A	0.00235294117647	1	424	0	0	425	96348
UNKNOWN	221	C	0.995294117647	T	0.00470588235294	0	423	0	2	425	96348
UNKNOWN	222	A	0.990588235294	C	0.00941176470588	421	4	0	0	425	96348
UNKNOWN	223	A	0.992941176471	G	0.00470588235294	422	1	2	0	425	96348
UNKNOWN	224	G	0.992941176471	A	0.00470588235294	2	1	422	0	425	96348
UNKNOWN	225	A	0.995294117647	C	0.00470588235294	423	2	0	0	425	96348
UNKNOWN	226	G	0.981176470588	A	0.0141176470588	6	2	417	0	425	96348
UNKNOWN	227	C	0.983529411765	T	0.0141176470588	0	418	1	6	425	96348
UNKNOWN	228	C	0.997647058824	G	0.00235294117647	0	424	1	0	425	96348
UNKNOWN	229	A	0.990588235294	C	0.00470588235294	421	2	1	1	425	96348
UNKNOWN	230	A	0.995294117647	G	0.00470588235294	423	0	2	0	425	96348
UNKNOWN	231	G	0.992941176471	A	0.00470588235294	2	1	422	0	425	96348
UNKNOWN	232	T	0.995294117647	C	0.00470588235294	0	2	0	423	425	96348
UNKNOWN	233	C	0.981176470588	T	0.0141176470588	0	417	2	6	425	96348
UNKNOWN	234	T	0.995294117647	A	0.00235294117647	1	1	0	423	425	96348
UNKNOWN	235	C	1.0	A	0.0	0	425	0	0	425	96348
UNKNOWN	236	T	0.990588235294	C	0.00705882352941	0	3	1	421	425	96348
UNKNOWN	237	C	1.0	A	0.0	0	425	0	0	425	96348
UNKNOWN	238	T	1.0	A	0.0	0	0	0	425	425	96348
UNKNOWN	239	G	0.837647058824	A	0.16	68	1	356	0	425	96348
UNKNOWN	240	T	1.0	A	0.0	0	0	0	425	425	96348
UNKNOWN	241	C	0.992941176471	T	0.00705882352941	0	422	0	3	425	96348
UNKNOWN	242	A	0.985882352941	G	0.00941176470588	419	2	4	0	425	96348
UNKNOWN	243	G	0.604705882353	C	0.336470588235	20	143	257	5	425	96348
UNKNOWN	244	T	1.0	A	0.0	0	0	0	425	425	96348
UNKNOWN	245	G	0.974117647059	A	0.0141176470588	6	4	414	1	425	96348
UNKNOWN	246	A	0.983529411765	G	0.0164705882353	418	0	7	0	425	96348
UNKNOWN	247	G	0.981176470588	A	0.00941176470588	4	2	417	2	425	96348
UNKNOWN	248	C	0.992941176471	A	0.00235294117647	1	422	1	1	425	96348
UNKNOWN	249	A	0.997647058824	G	0.00235294117647	424	0	1	0	425	96348
UNKNOWN	250	G	0.969411764706	A	0.0164705882353	7	4	412	2	425	96348
UNKNOWN	251	C	0.995294117647	G	0.00470588235294	0	423	2	0	425	96348
UNKNOWN	252	G	0.997647058824	C	0.00235294117647	0	1	424	0	425	96348
UNKNOWN	253	T	1.0	A	0.0	0	0	0	425	425	96348
UNKNOWN	254	G	0.995294117647	A	0.00235294117647	1	0	423	1	425	96348
UNKNOWN	255	A	0.990588235294	G	0.00705882352941	421	0	3	1	425	96348
UNKNOWN	256	C	0.995294117647	A	0.00470588235294	2	423	0	0	425	96348
UNKNOWN	257	A	0.983529411765	G	0.0117647058824	418	1	5	1	425	96348
UNKNOWN	258	C	0.661176470588	A	0.317647058824	135	281	3	6	425	96348
UNKNOWN	259	C	0.988235294118	T	0.00705882352941	1	420	1	3	425	96348
UNKNOWN	260	T	0.997647058824	G	0.00235294117647	0	0	1	424	425	96348
UNKNOWN	261	G	1.0	A	0.0	0	0	425	0	425	96348
UNKNOWN	262	A	0.995294117647	C	0.00235294117647	423	1	1	0	425	96348
UNKNOWN	263	G	0.983529411765	A	0.00705882352941	3	3	418	1	425	96348
UNKNOWN	264	G	1.0	A	0.0	0	0	425	0	425	96348
UNKNOWN	265	A	1.0	C	0.0	425	0	0	0	425	96348
UNKNOWN	266	C	0.992941176471	T	0.00470588235294	1	422	0	2	425	96348
UNKNOWN	267	A	0.990588235294	T	0.00470588235294	421	0	2	2	425	96348
UNKNOWN	268	C	0.995294117647	G	0.00470588235294	0	423	2	0	425	96348
UNKNOWN	269	G	0.983529411765	A	0.0141176470588	6	0	418	1	425	96348
UNKNOWN	270	G	1.0	A	0.0	0	0	425	0	425	96348
UNKNOWN	271	C	1.0	A	0.0	0	425	0	0	425	96348
UNKNOWN	272	C	0.997647058824	T	0.00235294117647	0	424	0	1	425	96348
UNKNOWN	273	A	0.992941176471	G	0.00470588235294	422	0	2	1	425	96348
UNKNOWN	274	C	1.0	A	0.0	0	425	0	0	425	96348
UNKNOWN	275	A	0.995294117647	G	0.00470588235294	423	0	2	0	425	96348
UNKNOWN	276	T	0.995294117647	A	0.00470588235294	2	0	0	423	425	96348
UNKNOWN	277	A	0.997647058824	C	0.00235294117647	424	1	0	0	425	96348
UNKNOWN	278	C	0.974117647059	T	0.0258823529412	0	414	0	11	425	96348
UNKNOWN	279	T	0.992941176471	G	0.00705882352941	0	0	3	422	425	96348
UNKNOWN	280	A	0.992941176471	G	0.00470588235294	422	0	2	1	425	96348
UNKNOWN	281	C	0.992941176471	T	0.00705882352941	0	422	0	3	425	96348
UNKNOWN	282	T	0.997647058824	C	0.00235294117647	0	1	0	424	425	96348
