Type	Position	Nucl1	Freq1	Nucl2	Freq2	NumAs	NumCs	NumGs	NumTs	NumAligned	NumNaive
UNKNOWN	0	A	1.0	C	0.0	1591	0	0	0	1591	96348
UNKNOWN	1	A	1.0	C	0.0	1591	0	0	0	1591	96348
UNKNOWN	2	G	1.0	A	0.0	0	0	1591	0	1591	96348
UNKNOWN	3	G	1.0	A	0.0	0	0	1591	0	1591	96348
UNKNOWN	4	T	1.0	A	0.0	0	0	0	1591	1591	96348
UNKNOWN	5	G	1.0	A	0.0	0	0	1591	0	1591	96348
UNKNOWN	6	C	1.0	A	0.0	0	1591	0	0	1591	96348
UNKNOWN	7	A	0.998742928975	G	0.00125707102451	1589	0	2	0	1591	96348
UNKNOWN	8	G	0.997485857951	A	0.00125707102451	2	2	1587	0	1591	96348
UNKNOWN	9	C	0.999371464488	T	0.000628535512256	0	1590	0	1	1591	96348
UNKNOWN	10	T	0.999371464488	C	0.000628535512256	0	1	0	1590	1591	96348
UNKNOWN	11	G	0.997485857951	T	0.00188560653677	1	0	1587	3	1591	96348
UNKNOWN	12	C	0.998742928975	A	0.000628535512256	1	1589	0	1	1591	96348
UNKNOWN	13	A	0.841609050911	G	0.144563167819	1339	21	230	1	1591	96348
UNKNOWN	14	G	0.984286612194	C	0.0157133878064	0	25	1566	0	1591	96348
UNKNOWN	15	G	1.0	A	0.0	0	0	1591	0	1591	96348
UNKNOWN	16	A	0.996857322439	G	0.00314267756128	1586	0	5	0	1591	96348
UNKNOWN	17	G	1.0	A	0.0	0	0	1591	0	1591	96348
UNKNOWN	18	T	0.999371464488	C	0.000628535512256	0	1	0	1590	1591	96348
UNKNOWN	19	C	0.998742928975	A	0.000628535512256	1	1589	1	0	1591	96348
UNKNOWN	20	G	0.925204274041	A	0.073538654934	117	1	1472	1	1591	96348
UNKNOWN	21	G	0.999371464488	C	0.000628535512256	0	1	1590	0	1591	96348
UNKNOWN	22	G	0.999371464488	C	0.000628535512256	0	1	1590	0	1591	96348
UNKNOWN	23	C	0.950974230044	T	0.049025769956	0	1513	0	78	1591	96348
UNKNOWN	24	C	0.999371464488	T	0.000628535512256	0	1590	0	1	1591	96348
UNKNOWN	25	C	1.0	A	0.0	0	1591	0	0	1591	96348
UNKNOWN	26	C	0.998114393463	A	0.00188560653677	3	1588	0	0	1591	96348
UNKNOWN	27	A	0.996857322439	G	0.00314267756128	1586	0	5	0	1591	96348
UNKNOWN	28	G	0.997485857951	A	0.00125707102451	2	2	1587	0	1591	96348
UNKNOWN	29	C	1.0	A	0.0	0	1591	0	0	1591	96348
UNKNOWN	30	C	0.998742928975	T	0.00125707102451	0	1589	0	2	1591	96348
UNKNOWN	31	T	0.996857322439	G	0.00188560653677	0	2	3	1586	1591	96348
UNKNOWN	32	G	0.997485857951	C	0.00125707102451	1	2	1587	1	1591	96348
UNKNOWN	33	G	0.997485857951	T	0.00188560653677	1	0	1587	3	1591	96348
UNKNOWN	34	T	0.995600251414	C	0.00251414204903	0	4	3	1584	1591	96348
UNKNOWN	35	G	0.995600251414	A	0.00314267756128	5	2	1584	0	1591	96348
UNKNOWN	36	A	0.998114393463	C	0.00188560653677	1588	3	0	0	1591	96348
UNKNOWN	37	A	0.996228786926	G	0.00377121307354	1585	0	6	0	1591	96348
UNKNOWN	38	G	0.996228786926	C	0.00251414204903	2	4	1585	0	1591	96348
UNKNOWN	39	C	0.996857322439	T	0.00251414204903	0	1586	1	4	1591	96348
UNKNOWN	40	C	1.0	A	0.0	0	1591	0	0	1591	96348
UNKNOWN	41	C	0.996857322439	T	0.00188560653677	0	1586	2	3	1591	96348
UNKNOWN	42	T	0.995600251414	C	0.00377121307354	1	6	0	1584	1591	96348
UNKNOWN	43	C	0.997485857951	A	0.00251414204903	4	1587	0	0	1591	96348
UNKNOWN	44	A	0.996857322439	C	0.00251414204903	1586	4	1	0	1591	96348
UNKNOWN	45	C	0.998114393463	A	0.00188560653677	3	1588	0	0	1591	96348
UNKNOWN	46	A	0.996857322439	G	0.00314267756128	1586	0	5	0	1591	96348
UNKNOWN	47	G	0.997485857951	A	0.00188560653677	3	1	1587	0	1591	96348
UNKNOWN	48	A	0.997485857951	C	0.00188560653677	1587	3	1	0	1591	96348
UNKNOWN	49	C	0.998114393463	T	0.00125707102451	0	1588	1	2	1591	96348
UNKNOWN	50	C	1.0	A	0.0	0	1591	0	0	1591	96348
UNKNOWN	51	C	0.997485857951	T	0.00251414204903	0	1587	0	4	1591	96348
UNKNOWN	52	T	0.996857322439	C	0.00251414204903	1	4	0	1586	1591	96348
UNKNOWN	53	C	0.998114393463	T	0.00188560653677	0	1588	0	3	1591	96348
UNKNOWN	54	T	0.993714644877	C	0.00502828409805	1	8	1	1581	1591	96348
UNKNOWN	55	C	1.0	A	0.0	0	1591	0	0	1591	96348
UNKNOWN	56	C	0.997485857951	G	0.00125707102451	1	1587	2	1	1591	96348
UNKNOWN	57	C	0.997485857951	T	0.00188560653677	0	1587	1	3	1591	96348
UNKNOWN	58	T	0.99434318039	C	0.00502828409805	0	8	1	1582	1591	96348
UNKNOWN	59	C	0.998114393463	A	0.00188560653677	3	1588	0	0	1591	96348
UNKNOWN	60	A	0.997485857951	C	0.00188560653677	1587	3	1	0	1591	96348
UNKNOWN	61	C	0.998742928975	T	0.00125707102451	0	1589	0	2	1591	96348
UNKNOWN	62	C	0.996857322439	T	0.00314267756128	0	1586	0	5	1591	96348
UNKNOWN	63	T	0.996857322439	G	0.00188560653677	0	2	3	1586	1591	96348
UNKNOWN	64	G	0.996857322439	C	0.00188560653677	2	3	1586	0	1591	96348
UNKNOWN	65	C	0.997485857951	A	0.00188560653677	3	1587	0	1	1591	96348
UNKNOWN	66	A	0.99434318039	C	0.00377121307354	1582	6	3	0	1591	96348
UNKNOWN	67	C	0.998114393463	G	0.00188560653677	0	1588	3	0	1591	96348
UNKNOWN	68	G	0.99434318039	A	0.00565681961031	9	0	1582	0	1591	96348
UNKNOWN	69	A	0.975487115022	G	0.021998742929	1552	3	35	1	1591	96348
UNKNOWN	70	C	0.982401005657	T	0.0175989943432	0	1563	0	28	1591	96348
UNKNOWN	71	C	0.993086109365	G	0.0043997485858	0	1580	7	4	1591	96348
UNKNOWN	72	T	0.997485857951	C	0.00188560653677	0	3	1	1587	1591	96348
UNKNOWN	73	C	0.998114393463	T	0.00188560653677	0	1588	0	3	1591	96348
UNKNOWN	74	T	0.99434318039	C	0.00377121307354	0	6	3	1582	1591	96348
UNKNOWN	75	G	1.0	A	0.0	0	0	1591	0	1591	96348
UNKNOWN	76	G	0.984915147706	A	0.0144563167819	23	0	1567	1	1591	96348
UNKNOWN	77	A	0.993714644877	C	0.00314267756128	1581	5	2	3	1591	96348
UNKNOWN	78	T	0.994971715902	C	0.00377121307354	0	6	2	1583	1591	96348
UNKNOWN	79	T	0.994971715902	C	0.0043997485858	1	7	0	1583	1591	96348
UNKNOWN	80	C	0.997485857951	T	0.00251414204903	0	1587	0	4	1591	96348
UNKNOWN	81	T	0.979886863608	G	0.0163419233187	0	6	26	1559	1591	96348
UNKNOWN	82	C	0.996857322439	A	0.00188560653677	3	1586	0	2	1591	96348
UNKNOWN	83	A	0.997485857951	T	0.00188560653677	1587	0	1	3	1591	96348
UNKNOWN	84	T	0.999371464488	C	0.000628535512256	0	1	0	1590	1591	96348
UNKNOWN	85	T	0.998114393463	G	0.00188560653677	0	0	3	1588	1591	96348
UNKNOWN	86	G	0.995600251414	A	0.0043997485858	7	0	1584	0	1591	96348
UNKNOWN	87	A	0.992457573853	G	0.0043997485858	1579	5	7	0	1591	96348
UNKNOWN	88	C	0.977372721559	G	0.0144563167819	4	1555	23	9	1591	96348
UNKNOWN	89	C	0.981143934632	G	0.00817096165933	6	1561	13	11	1591	96348
UNKNOWN	90	A	0.993714644877	G	0.0043997485858	1581	3	7	0	1591	96348
UNKNOWN	91	G	0.964173475801	A	0.024512884978	39	14	1534	4	1591	96348
UNKNOWN	92	C	0.979258328096	T	0.0194846008799	1	1558	1	31	1591	96348
UNKNOWN	93	T	0.99434318039	A	0.00314267756128	5	0	4	1582	1591	96348
UNKNOWN	94	A	0.989943431804	T	0.00628535512256	1575	5	1	10	1591	96348
UNKNOWN	95	T	0.996228786926	G	0.00251414204903	0	2	4	1585	1591	96348
UNKNOWN	96	G	0.977372721559	C	0.0150848522942	10	24	1555	2	1591	96348
UNKNOWN	97	G	0.937146448774	C	0.0527969830295	11	84	1491	5	1591	96348
UNKNOWN	98	T	0.988686360779	C	0.00565681961031	3	9	6	1573	1591	96348
UNKNOWN	99	G	0.98051539912	A	0.0125707102451	20	8	1560	3	1591	96348
UNKNOWN	100	T	0.994971715902	C	0.00251414204903	2	4	2	1583	1591	96348
UNKNOWN	101	A	0.988686360779	G	0.00565681961031	1573	7	9	2	1591	96348
UNKNOWN	102	A	0.984915147706	G	0.0100565681961	1567	4	16	4	1591	96348
UNKNOWN	103	G	0.925204274041	A	0.0471401634192	75	42	1472	2	1591	96348
UNKNOWN	104	C	0.959145191703	T	0.0395977372722	0	1526	2	63	1591	96348
UNKNOWN	105	T	0.996857322439	G	0.00188560653677	0	2	3	1586	1591	96348
UNKNOWN	106	G	0.999371464488	C	0.000628535512256	0	1	1590	0	1591	96348
UNKNOWN	107	G	0.999371464488	C	0.000628535512256	0	1	1590	0	1591	96348
UNKNOWN	108	G	0.98617221873	A	0.0106851037084	17	3	1569	2	1591	96348
UNKNOWN	109	T	0.995600251414	C	0.0043997485858	0	7	0	1584	1591	96348
UNKNOWN	110	C	1.0	A	0.0	0	1591	0	0	1591	96348
UNKNOWN	111	C	0.997485857951	A	0.00125707102451	2	1587	2	0	1591	96348
UNKNOWN	112	G	0.998114393463	C	0.00125707102451	1	2	1588	0	1591	96348
UNKNOWN	113	C	0.998114393463	T	0.00125707102451	0	1588	1	2	1591	96348
UNKNOWN	114	C	0.997485857951	A	0.00125707102451	2	1587	0	2	1591	96348
UNKNOWN	115	A	0.990571967316	G	0.00565681961031	1576	5	9	1	1591	96348
UNKNOWN	116	G	0.999371464488	C	0.000628535512256	0	1	1590	0	1591	96348
UNKNOWN	117	G	0.996857322439	C	0.00188560653677	1	3	1586	1	1591	96348
UNKNOWN	118	C	0.954116907605	G	0.0427404148334	1	1518	68	4	1591	96348
UNKNOWN	119	T	0.996228786926	C	0.00251414204903	1	4	1	1585	1591	96348
UNKNOWN	120	C	0.999371464488	G	0.000628535512256	0	1590	1	0	1591	96348
UNKNOWN	121	C	0.996857322439	A	0.00188560653677	3	1586	0	2	1591	96348
UNKNOWN	122	A	0.994971715902	G	0.00502828409805	1583	0	8	0	1591	96348
UNKNOWN	123	G	0.998742928975	A	0.000628535512256	1	1	1589	0	1591	96348
UNKNOWN	124	G	0.998742928975	A	0.00125707102451	2	0	1589	0	1591	96348
UNKNOWN	125	A	0.836580766813	G	0.162162162162	1331	2	258	0	1591	96348
UNKNOWN	126	A	0.996857322439	G	0.00188560653677	1586	2	3	0	1591	96348
UNKNOWN	127	A	0.99434318039	G	0.00502828409805	1582	1	8	0	1591	96348
UNKNOWN	128	G	0.997485857951	A	0.00188560653677	3	1	1587	0	1591	96348
UNKNOWN	129	G	0.995600251414	C	0.00251414204903	1	4	1584	2	1591	96348
UNKNOWN	130	C	0.996857322439	G	0.00251414204903	0	1586	4	1	1591	96348
UNKNOWN	131	G	0.994971715902	A	0.00314267756128	5	3	1583	0	1591	96348
UNKNOWN	132	C	0.997485857951	T	0.00188560653677	1	1587	0	3	1591	96348
UNKNOWN	133	T	0.996857322439	G	0.00251414204903	0	1	4	1586	1591	96348
UNKNOWN	134	G	0.998742928975	A	0.000628535512256	1	0	1589	1	1591	96348
UNKNOWN	135	G	0.997485857951	A	0.00251414204903	4	0	1587	0	1591	96348
UNKNOWN	136	A	0.993714644877	G	0.0043997485858	1581	3	7	0	1591	96348
UNKNOWN	137	G	0.996857322439	T	0.00188560653677	1	1	1586	3	1591	96348
UNKNOWN	138	T	0.996228786926	G	0.00251414204903	0	2	4	1585	1591	96348
UNKNOWN	139	G	0.998742928975	A	0.000628535512256	1	1	1589	0	1591	96348
UNKNOWN	140	G	0.989314896292	C	0.00879949717159	1	14	1574	2	1591	96348
UNKNOWN	141	C	0.994971715902	G	0.00314267756128	0	1583	5	3	1591	96348
UNKNOWN	142	T	0.994971715902	C	0.00314267756128	0	5	3	1583	1591	96348
UNKNOWN	143	C	0.991829038341	T	0.00377121307354	1	1578	6	6	1591	96348
UNKNOWN	144	G	0.98617221873	A	0.0138277812696	22	0	1569	0	1591	96348
UNKNOWN	145	G	0.994971715902	C	0.00251414204903	0	4	1583	4	1591	96348
UNKNOWN	146	T	0.98617221873	G	0.0106851037084	2	3	17	1569	1591	96348
UNKNOWN	147	G	0.944688874921	A	0.0364550597109	58	13	1503	17	1591	96348
UNKNOWN	148	G	0.972972972973	A	0.0157133878064	25	10	1548	8	1591	96348
UNKNOWN	149	T	0.984286612194	A	0.00817096165933	13	3	9	1566	1591	96348
UNKNOWN	150	A	0.993714644877	G	0.00377121307354	1581	0	6	4	1591	96348
UNKNOWN	151	T	0.99434318039	C	0.00251414204903	3	4	2	1582	1591	96348
UNKNOWN	152	A	0.982401005657	G	0.0119421747329	1563	6	19	3	1591	96348
UNKNOWN	153	G	0.976744186047	A	0.0213702074167	34	0	1554	3	1591	96348
UNKNOWN	154	A	0.97485857951	G	0.0157133878064	1551	10	25	5	1591	96348
UNKNOWN	155	T	0.972972972973	C	0.0182275298554	7	29	7	1548	1591	96348
UNKNOWN	156	A	0.861722187304	T	0.0898805782527	1371	8	69	143	1591	96348
UNKNOWN	157	G	0.821495914519	C	0.138906348209	38	221	1307	25	1591	96348
UNKNOWN	158	T	0.973601508485	C	0.0144563167819	2	23	17	1549	1591	96348
UNKNOWN	159	G	0.962287869265	A	0.0207416719045	33	14	1531	13	1591	96348
UNKNOWN	160	G	0.965430546826	A	0.0263984915148	42	8	1536	5	1591	96348
UNKNOWN	161	T	0.99434318039	G	0.00251414204903	3	2	4	1582	1591	96348
UNKNOWN	162	G	0.996857322439	A	0.00188560653677	3	1	1586	1	1591	96348
UNKNOWN	163	G	0.986800754243	A	0.0125707102451	20	1	1570	0	1591	96348
UNKNOWN	164	A	0.993714644877	G	0.00502828409805	1581	2	8	0	1591	96348
UNKNOWN	165	A	0.98617221873	G	0.00942803268385	1569	7	15	0	1591	96348
UNKNOWN	166	G	0.915147705845	A	0.0603394091766	96	15	1456	24	1591	96348
UNKNOWN	167	C	0.984286612194	G	0.00691389063482	5	1566	11	9	1591	96348
UNKNOWN	168	A	0.988686360779	C	0.00817096165933	1573	13	4	1	1591	96348
UNKNOWN	169	C	0.991829038341	A	0.00377121307354	6	1578	3	4	1591	96348
UNKNOWN	170	A	0.992457573853	T	0.00377121307354	1579	1	5	6	1591	96348
UNKNOWN	171	G	0.866121935889	A	0.10873664362	173	35	1378	5	1591	96348
UNKNOWN	172	G	0.842237586424	A	0.1282212445	204	16	1340	31	1591	96348
UNKNOWN	173	C	0.993086109365	T	0.00314267756128	1	1580	5	5	1591	96348
UNKNOWN	174	T	0.992457573853	A	0.00314267756128	5	2	5	1579	1591	96348
UNKNOWN	175	A	0.996857322439	T	0.00188560653677	1586	2	0	3	1591	96348
UNKNOWN	176	T	0.995600251414	A	0.00251414204903	4	3	0	1584	1591	96348
UNKNOWN	177	A	0.997485857951	C	0.00188560653677	1587	3	1	0	1591	96348
UNKNOWN	178	A	0.995600251414	G	0.00251414204903	1584	3	4	0	1591	96348
UNKNOWN	179	C	0.974230043997	T	0.0157133878064	4	1550	12	25	1591	96348
UNKNOWN	180	C	0.989314896292	T	0.00754242614708	1	1574	4	12	1591	96348
UNKNOWN	181	C	0.989314896292	A	0.00754242614708	12	1574	3	2	1591	96348
UNKNOWN	182	A	0.995600251414	G	0.00377121307354	1584	1	6	0	1591	96348
UNKNOWN	183	G	0.998114393463	A	0.00125707102451	2	0	1588	1	1591	96348
UNKNOWN	184	G	0.956002514142	C	0.0370835952231	4	59	1521	7	1591	96348
UNKNOWN	185	C	0.997485857951	A	0.00125707102451	2	1587	1	1	1591	96348
UNKNOWN	186	C	0.996857322439	T	0.00188560653677	2	1586	0	3	1591	96348
UNKNOWN	187	T	0.994971715902	C	0.00188560653677	2	3	3	1583	1591	96348
UNKNOWN	188	G	0.996228786926	A	0.00314267756128	5	0	1585	1	1591	96348
UNKNOWN	189	A	0.997485857951	C	0.00125707102451	1587	2	1	1	1591	96348
UNKNOWN	190	A	0.995600251414	C	0.00377121307354	1584	6	1	0	1591	96348
UNKNOWN	191	A	0.989314896292	C	0.00691389063482	1574	11	3	3	1591	96348
UNKNOWN	192	T	0.92206159648	C	0.0691389063482	8	110	6	1467	1591	96348
UNKNOWN	193	C	0.999371464488	G	0.000628535512256	0	1590	1	0	1591	96348
UNKNOWN	194	C	0.994971715902	A	0.00314267756128	5	1583	0	3	1591	96348
UNKNOWN	195	A	0.893777498429	C	0.101822752986	1422	162	5	2	1591	96348
UNKNOWN	196	G	0.996228786926	A	0.00188560653677	3	2	1585	1	1591	96348
UNKNOWN	197	G	0.981772470145	A	0.0150848522942	24	4	1562	1	1591	96348
UNKNOWN	198	C	0.991829038341	A	0.00314267756128	5	1578	5	3	1591	96348
UNKNOWN	199	T	0.991829038341	C	0.00691389063482	0	11	2	1578	1591	96348
UNKNOWN	200	C	0.993086109365	A	0.00502828409805	8	1580	0	3	1591	96348
UNKNOWN	201	A	0.993714644877	G	0.00565681961031	1581	0	9	1	1591	96348
UNKNOWN	202	G	0.996228786926	T	0.00188560653677	1	2	1585	3	1591	96348
UNKNOWN	203	T	0.561282212445	C	0.42614707731	13	678	7	893	1591	96348
UNKNOWN	204	A	0.991200502828	G	0.00565681961031	1577	2	9	3	1591	96348
UNKNOWN	205	T	0.993714644877	C	0.00251414204903	2	4	4	1581	1591	96348
UNKNOWN	206	C	0.991829038341	T	0.00314267756128	4	1578	4	5	1591	96348
UNKNOWN	207	A	0.991829038341	G	0.0043997485858	1578	4	7	2	1591	96348
UNKNOWN	208	C	0.991829038341	G	0.00377121307354	3	1578	6	4	1591	96348
UNKNOWN	209	C	0.927718416091	A	0.0659962287869	105	1476	4	6	1591	96348
UNKNOWN	210	A	0.981772470145	C	0.0119421747329	1562	19	7	3	1591	96348
UNKNOWN	211	G	0.903205531113	A	0.0949088623507	151	2	1437	1	1591	96348
UNKNOWN	212	G	0.995600251414	A	0.00314267756128	5	1	1584	1	1591	96348
UNKNOWN	213	G	0.993086109365	A	0.00565681961031	9	1	1580	1	1591	96348
UNKNOWN	214	A	0.991200502828	C	0.00502828409805	1577	8	6	0	1591	96348
UNKNOWN	215	C	0.993714644877	T	0.00314267756128	4	1581	1	5	1591	96348
UNKNOWN	216	A	0.992457573853	G	0.00565681961031	1579	3	9	0	1591	96348
UNKNOWN	217	A	0.992457573853	C	0.0043997485858	1579	7	5	0	1591	96348
UNKNOWN	218	C	0.950345694532	G	0.0289126335638	1	1512	46	32	1591	96348
UNKNOWN	219	T	0.990571967316	C	0.0043997485858	3	7	5	1576	1591	96348
UNKNOWN	220	C	0.995600251414	A	0.00251414204903	4	1584	1	2	1591	96348
UNKNOWN	221	C	0.995600251414	A	0.00377121307354	6	1584	0	1	1591	96348
UNKNOWN	222	A	0.989943431804	C	0.00502828409805	1575	8	8	0	1591	96348
UNKNOWN	223	A	0.974230043997	G	0.024512884978	1550	2	39	0	1591	96348
UNKNOWN	224	G	0.989943431804	A	0.00628535512256	10	5	1575	1	1591	96348
UNKNOWN	225	A	0.989314896292	G	0.00691389063482	1574	5	11	1	1591	96348
UNKNOWN	226	G	0.987429289755	A	0.00817096165933	13	7	1571	0	1591	96348
UNKNOWN	227	C	0.98617221873	T	0.00817096165933	6	1569	3	13	1591	96348
UNKNOWN	228	C	0.99434318039	A	0.00502828409805	8	1582	0	1	1591	96348
UNKNOWN	229	A	0.993714644877	G	0.0043997485858	1581	2	7	1	1591	96348
UNKNOWN	230	A	0.988057825267	G	0.0100565681961	1572	2	16	1	1591	96348
UNKNOWN	231	G	0.984915147706	T	0.00691389063482	9	4	1567	11	1591	96348
UNKNOWN	232	T	0.993086109365	C	0.0043997485858	2	7	2	1580	1591	96348
UNKNOWN	233	C	0.987429289755	G	0.00628535512256	1	1571	10	9	1591	96348
UNKNOWN	234	T	0.99434318039	C	0.00377121307354	1	6	2	1582	1591	96348
UNKNOWN	235	C	0.992457573853	T	0.00565681961031	2	1579	1	9	1591	96348
UNKNOWN	236	T	0.983029541169	C	0.0125707102451	2	20	5	1564	1591	96348
UNKNOWN	237	C	0.994971715902	T	0.0043997485858	1	1583	0	7	1591	96348
UNKNOWN	238	T	0.992457573853	G	0.0043997485858	1	4	7	1579	1591	96348
UNKNOWN	239	G	0.960402262728	A	0.0326838466373	52	1	1528	10	1591	96348
UNKNOWN	240	T	0.989314896292	C	0.00754242614708	2	12	3	1574	1591	96348
UNKNOWN	241	C	0.992457573853	T	0.00377121307354	5	1579	1	6	1591	96348
UNKNOWN	242	A	0.982401005657	C	0.00817096165933	1563	13	12	3	1591	96348
UNKNOWN	243	G	0.956002514142	C	0.024512884978	25	39	1521	6	1591	96348
UNKNOWN	244	T	0.993714644877	G	0.00314267756128	2	3	5	1581	1591	96348
UNKNOWN	245	G	0.985543683218	A	0.00879949717159	14	6	1568	3	1591	96348
UNKNOWN	246	A	0.981143934632	G	0.0144563167819	1561	4	23	3	1591	96348
UNKNOWN	247	G	0.964802011314	A	0.0194846008799	31	19	1535	6	1591	96348
UNKNOWN	248	C	0.981772470145	T	0.0100565681961	9	1562	4	16	1591	96348
UNKNOWN	249	A	0.990571967316	G	0.00879949717159	1576	0	14	1	1591	96348
UNKNOWN	250	G	0.982401005657	A	0.0113136392206	18	6	1563	4	1591	96348
UNKNOWN	251	C	0.989314896292	T	0.0043997485858	3	1574	7	7	1591	96348
UNKNOWN	252	G	0.989943431804	A	0.0043997485858	7	2	1575	7	1591	96348
UNKNOWN	253	T	0.987429289755	G	0.00879949717159	1	5	14	1571	1591	96348
UNKNOWN	254	G	0.970458830924	A	0.0207416719045	33	4	1544	10	1591	96348
UNKNOWN	255	A	0.988686360779	C	0.00502828409805	1573	8	6	4	1591	96348
UNKNOWN	256	C	0.988057825267	A	0.00691389063482	11	1572	2	6	1591	96348
UNKNOWN	257	A	0.977372721559	G	0.0125707102451	1555	10	20	6	1591	96348
UNKNOWN	258	C	0.948460087995	A	0.0458830923947	73	1509	4	5	1591	96348
UNKNOWN	259	C	0.989314896292	T	0.00628535512256	2	1574	5	10	1591	96348
UNKNOWN	260	T	0.981143934632	G	0.0138277812696	1	7	22	1561	1591	96348
UNKNOWN	261	G	0.989943431804	A	0.00691389063482	11	2	1575	3	1591	96348
UNKNOWN	262	A	0.990571967316	G	0.00754242614708	1576	2	12	1	1591	96348
UNKNOWN	263	G	0.967316153363	A	0.0238843494657	38	10	1539	4	1591	96348
UNKNOWN	264	G	0.993086109365	A	0.00502828409805	8	1	1580	2	1591	96348
UNKNOWN	265	A	0.989943431804	C	0.00628535512256	1575	10	5	1	1591	96348
UNKNOWN	266	C	0.984286612194	A	0.00691389063482	11	1566	5	9	1591	96348
UNKNOWN	267	A	0.983658076681	T	0.0100565681961	1565	7	3	16	1591	96348
UNKNOWN	268	C	0.992457573853	G	0.0043997485858	4	1579	7	1	1591	96348
UNKNOWN	269	G	0.949088623507	A	0.0477686989315	76	0	1510	5	1591	96348
UNKNOWN	270	G	0.992457573853	C	0.00314267756128	4	5	1579	3	1591	96348
UNKNOWN	271	C	0.994971715902	A	0.00251414204903	4	1583	2	2	1591	96348
UNKNOWN	272	C	0.993086109365	A	0.00314267756128	5	1580	2	4	1591	96348
UNKNOWN	273	G	0.509113764928	A	0.480829666876	765	8	810	8	1591	96348
UNKNOWN	274	T	0.571338780641	C	0.419233186675	4	667	11	909	1591	96348
UNKNOWN	275	G	0.556253928347	A	0.422375864236	672	11	885	23	1591	96348
UNKNOWN	276	T	0.99434318039	A	0.0043997485858	7	0	2	1582	1591	96348
UNKNOWN	277	A	0.992457573853	C	0.0043997485858	1579	7	3	2	1591	96348
UNKNOWN	278	C	0.952859836581	T	0.046511627907	1	1516	0	74	1591	96348
UNKNOWN	279	T	0.989943431804	G	0.00565681961031	5	2	9	1575	1591	96348
UNKNOWN	280	A	0.991200502828	C	0.00377121307354	1577	6	2	6	1591	96348
UNKNOWN	281	C	0.979258328096	T	0.0182275298554	2	1558	2	29	1591	96348
UNKNOWN	282	T	0.988686360779	G	0.00942803268385	1	2	15	1573	1591	96348
