Type	Position	Nucl1	Freq1	Nucl2	Freq2	NumAs	NumCs	NumGs	NumTs	NumAligned	NumNaive
UNKNOWN	0	C	1.0	A	0.0	0	3297	0	0	3297	76682
UNKNOWN	1	A	1.0	C	0.0	3297	0	0	0	3297	76682
UNKNOWN	2	G	1.0	A	0.0	0	0	3297	0	3297	76682
UNKNOWN	3	G	1.0	A	0.0	0	0	3297	0	3297	76682
UNKNOWN	4	T	1.0	A	0.0	0	0	0	3297	3297	76682
UNKNOWN	5	G	1.0	A	0.0	0	0	3297	0	3297	76682
UNKNOWN	6	C	1.0	A	0.0	0	3297	0	0	3297	76682
UNKNOWN	7	A	0.996966939642	G	0.00242644828632	3287	0	8	2	3297	76682
UNKNOWN	8	G	0.98271155596	A	0.0157719138611	52	4	3240	1	3297	76682
UNKNOWN	9	C	0.997270245678	T	0.00181983621474	0	3288	3	6	3297	76682
UNKNOWN	10	T	0.999090081893	C	0.00090991810737	0	3	0	3294	3297	76682
UNKNOWN	11	G	0.998786775857	A	0.00090991810737	3	1	3293	0	3297	76682
UNKNOWN	12	C	0.999696693964	T	0.00030330603579	0	3296	0	1	3297	76682
UNKNOWN	13	G	0.999393387928	A	0.00060661207158	2	0	3295	0	3297	76682
UNKNOWN	14	C	0.622687291477	G	0.375189566272	2	2053	1237	5	3297	76682
UNKNOWN	15	G	1.0	A	0.0	0	0	3297	0	3297	76682
UNKNOWN	16	A	0.999090081893	G	0.00090991810737	3294	0	3	0	3297	76682
UNKNOWN	17	G	0.995147103427	A	0.00454959053685	15	1	3281	0	3297	76682
UNKNOWN	18	T	0.997876857749	C	0.00121322414316	2	4	1	3290	3297	76682
UNKNOWN	19	C	0.999393387928	T	0.00060661207158	0	3295	0	2	3297	76682
UNKNOWN	20	G	0.998483469821	A	0.00090991810737	3	1	3292	1	3297	76682
UNKNOWN	21	G	0.999090081893	C	0.00090991810737	0	3	3294	0	3297	76682
UNKNOWN	22	G	0.999696693964	C	0.00030330603579	0	1	3296	0	3297	76682
UNKNOWN	23	C	0.999090081893	T	0.00090991810737	0	3294	0	3	3297	76682
UNKNOWN	24	C	0.999393387928	A	0.00030330603579	1	3295	0	1	3297	76682
UNKNOWN	25	C	0.999393387928	T	0.00060661207158	0	3295	0	2	3297	76682
UNKNOWN	26	C	0.998483469821	A	0.00060661207158	2	3292	1	2	3297	76682
UNKNOWN	27	A	0.997573551714	G	0.00181983621474	3289	1	6	1	3297	76682
UNKNOWN	28	G	0.994843797392	A	0.00272975432211	9	6	3280	2	3297	76682
UNKNOWN	29	C	0.997876857749	T	0.00181983621474	0	3290	1	6	3297	76682
UNKNOWN	30	C	0.999090081893	T	0.00090991810737	0	3294	0	3	3297	76682
UNKNOWN	31	T	0.998483469821	G	0.00090991810737	0	2	3	3292	3297	76682
UNKNOWN	32	G	0.993630573248	A	0.00576281468001	19	1	3276	1	3297	76682
UNKNOWN	33	G	0.998180163785	A	0.00090991810737	3	1	3291	2	3297	76682
UNKNOWN	34	T	0.996360327571	C	0.00272975432211	1	9	2	3285	3297	76682
UNKNOWN	35	G	0.998786775857	A	0.00121322414316	4	0	3293	0	3297	76682
UNKNOWN	36	A	0.998180163785	G	0.00121322414316	3291	2	4	0	3297	76682
UNKNOWN	37	A	0.992720655141	G	0.00515620260843	3273	6	17	1	3297	76682
UNKNOWN	38	G	0.996966939642	A	0.00181983621474	6	4	3287	0	3297	76682
UNKNOWN	39	C	0.998483469821	A	0.00060661207158	2	3292	2	1	3297	76682
UNKNOWN	40	C	0.999696693964	T	0.00030330603579	0	3296	0	1	3297	76682
UNKNOWN	41	C	0.997270245678	G	0.00212314225053	0	3288	7	2	3297	76682
UNKNOWN	42	T	0.997270245678	C	0.00212314225053	1	7	1	3288	3297	76682
UNKNOWN	43	C	0.998786775857	A	0.00060661207158	2	3293	0	2	3297	76682
UNKNOWN	44	A	0.997270245678	G	0.00212314225053	3288	2	7	0	3297	76682
UNKNOWN	45	C	0.997270245678	G	0.00212314225053	2	3288	7	0	3297	76682
UNKNOWN	46	A	0.998180163785	T	0.00090991810737	3291	0	3	3	3297	76682
UNKNOWN	47	G	0.998483469821	A	0.00060661207158	2	2	3292	1	3297	76682
UNKNOWN	48	A	0.995450409463	G	0.00333636639369	3282	4	11	0	3297	76682
UNKNOWN	49	C	0.996663633606	G	0.00272975432211	0	3286	9	2	3297	76682
UNKNOWN	50	C	0.998483469821	T	0.00151653017895	0	3292	0	5	3297	76682
UNKNOWN	51	C	0.999090081893	T	0.00090991810737	0	3294	0	3	3297	76682
UNKNOWN	52	T	0.998180163785	C	0.00151653017895	1	5	0	3291	3297	76682
UNKNOWN	53	C	0.999393387928	T	0.00060661207158	0	3295	0	2	3297	76682
UNKNOWN	54	T	0.998483469821	C	0.00121322414316	1	4	0	3292	3297	76682
UNKNOWN	55	C	0.999393387928	T	0.00060661207158	0	3295	0	2	3297	76682
UNKNOWN	56	C	0.993933879284	T	0.00272975432211	2	3277	9	9	3297	76682
UNKNOWN	57	C	0.997876857749	G	0.00121322414316	0	3290	4	3	3297	76682
UNKNOWN	58	T	0.997573551714	C	0.00212314225053	1	7	0	3289	3297	76682
UNKNOWN	59	C	0.998786775857	A	0.00060661207158	2	3293	0	2	3297	76682
UNKNOWN	60	A	0.996966939642	G	0.00181983621474	3287	4	6	0	3297	76682
UNKNOWN	61	C	0.996966939642	T	0.00151653017895	0	3287	5	5	3297	76682
UNKNOWN	62	C	0.996057021535	T	0.0030330603579	0	3284	3	10	3297	76682
UNKNOWN	63	T	0.997573551714	C	0.00181983621474	0	6	2	3289	3297	76682
UNKNOWN	64	G	0.998786775857	A	0.00060661207158	2	2	3293	0	3297	76682
UNKNOWN	65	C	0.998786775857	A	0.00090991810737	3	3293	0	1	3297	76682
UNKNOWN	66	A	0.995753715499	T	0.00212314225053	3283	2	5	7	3297	76682
UNKNOWN	67	C	0.998483469821	G	0.00121322414316	0	3292	4	1	3297	76682
UNKNOWN	68	G	0.995147103427	A	0.00454959053685	15	0	3281	1	3297	76682
UNKNOWN	69	G	0.933879284198	A	0.0633909614801	209	4	3079	5	3297	76682
UNKNOWN	70	T	0.991507430998	C	0.00818926296633	1	27	0	3269	3297	76682
UNKNOWN	71	C	0.980891719745	G	0.0121322414316	1	3234	40	22	3297	76682
UNKNOWN	72	T	0.997270245678	C	0.00242644828632	0	8	1	3288	3297	76682
UNKNOWN	73	C	0.998483469821	T	0.00121322414316	0	3292	1	4	3297	76682
UNKNOWN	74	T	0.993327267213	G	0.00394297846527	2	7	13	3275	3297	76682
UNKNOWN	75	G	0.996360327571	A	0.00272975432211	9	2	3285	1	3297	76682
UNKNOWN	76	G	0.996663633606	A	0.00242644828632	8	2	3286	1	3297	76682
UNKNOWN	77	A	0.992417349105	G	0.00363967242948	3272	6	12	7	3297	76682
UNKNOWN	78	T	0.993630573248	C	0.00424628450106	2	14	5	3276	3297	76682
UNKNOWN	79	T	0.997270245678	C	0.00272975432211	0	9	0	3288	3297	76682
UNKNOWN	80	C	0.994843797392	T	0.00485289657264	0	3280	1	16	3297	76682
UNKNOWN	81	T	0.993327267213	C	0.00576281468001	2	19	1	3275	3297	76682
UNKNOWN	82	C	0.998483469821	T	0.00090991810737	2	3292	0	3	3297	76682
UNKNOWN	83	A	0.997270245678	C	0.00090991810737	3288	3	3	3	3297	76682
UNKNOWN	84	T	0.989990900819	C	0.00879587503791	0	29	4	3264	3297	76682
UNKNOWN	85	T	0.996966939642	C	0.00151653017895	3	5	2	3287	3297	76682
UNKNOWN	86	G	0.989384288747	A	0.0106157112527	35	0	3262	0	3297	76682
UNKNOWN	87	A	0.989384288747	G	0.00818926296633	3262	8	27	0	3297	76682
UNKNOWN	88	G	0.957537154989	A	0.0333636639369	110	22	3157	8	3297	76682
UNKNOWN	89	C	0.961176827419	T	0.0312405216864	15	3169	10	103	3297	76682
UNKNOWN	90	A	0.981498331817	G	0.0163785259327	3236	5	54	2	3297	76682
UNKNOWN	91	G	0.831968456172	A	0.119502578101	394	118	2743	42	3297	76682
UNKNOWN	92	C	0.986654534425	T	0.00818926296633	6	3253	11	27	3297	76682
UNKNOWN	93	T	0.992114043069	A	0.00272975432211	9	9	8	3271	3297	76682
UNKNOWN	94	A	0.990294206855	C	0.00394297846527	3265	13	11	8	3297	76682
UNKNOWN	95	T	0.993327267213	C	0.00545950864422	2	18	2	3275	3297	76682
UNKNOWN	96	G	0.914164391871	A	0.0555050045496	183	54	3014	46	3297	76682
UNKNOWN	97	C	0.912344555657	G	0.0397330906885	37	3008	131	121	3297	76682
UNKNOWN	98	T	0.996057021535	C	0.0030330603579	1	10	2	3284	3297	76682
UNKNOWN	99	G	0.976038823173	A	0.0218380345769	72	3	3218	4	3297	76682
UNKNOWN	100	T	0.996663633606	C	0.00212314225053	3	7	1	3286	3297	76682
UNKNOWN	101	A	0.969366090385	G	0.0206248104337	3196	19	68	14	3297	76682
UNKNOWN	102	A	0.684865028814	G	0.297846527146	2258	46	982	11	3297	76682
UNKNOWN	103	G	0.820746132848	A	0.108583560813	358	181	2706	52	3297	76682
UNKNOWN	104	C	0.976038823173	T	0.0136487716106	15	3218	19	45	3297	76682
UNKNOWN	105	T	0.997270245678	G	0.00181983621474	0	3	6	3288	3297	76682
UNKNOWN	106	G	0.999696693964	T	0.00030330603579	0	0	3296	1	3297	76682
UNKNOWN	107	G	0.999393387928	C	0.00030330603579	0	1	3295	1	3297	76682
UNKNOWN	108	G	0.976342129208	A	0.018804974219	62	8	3219	8	3297	76682
UNKNOWN	109	T	0.995450409463	C	0.00394297846527	0	13	2	3282	3297	76682
UNKNOWN	110	C	0.999090081893	T	0.00060661207158	0	3294	1	2	3297	76682
UNKNOWN	111	C	0.997876857749	T	0.00121322414316	0	3290	3	4	3297	76682
UNKNOWN	112	G	0.998180163785	C	0.00121322414316	2	4	3291	0	3297	76682
UNKNOWN	113	C	0.999393387928	A	0.00030330603579	1	3295	0	1	3297	76682
UNKNOWN	114	C	0.998483469821	A	0.00090991810737	3	3292	1	1	3297	76682
UNKNOWN	115	A	0.997876857749	G	0.00212314225053	3290	0	7	0	3297	76682
UNKNOWN	116	G	0.998786775857	A	0.00060661207158	2	2	3293	0	3297	76682
UNKNOWN	117	G	0.992417349105	A	0.00545950864422	18	4	3272	3	3297	76682
UNKNOWN	118	C	0.998786775857	T	0.00121322414316	0	3293	0	4	3297	76682
UNKNOWN	119	T	0.997270245678	C	0.00242644828632	0	8	1	3288	3297	76682
UNKNOWN	120	C	0.999090081893	A	0.00030330603579	1	3294	1	1	3297	76682
UNKNOWN	121	C	0.997573551714	A	0.00151653017895	5	3289	1	2	3297	76682
UNKNOWN	122	A	0.993327267213	G	0.00454959053685	3275	6	15	1	3297	76682
UNKNOWN	123	G	0.999696693964	A	0.00030330603579	1	0	3296	0	3297	76682
UNKNOWN	124	G	0.999393387928	A	0.00060661207158	2	0	3295	0	3297	76682
UNKNOWN	125	G	0.993327267213	A	0.00667273278738	22	0	3275	0	3297	76682
UNKNOWN	126	A	0.998180163785	G	0.00181983621474	3291	0	6	0	3297	76682
UNKNOWN	127	A	0.994540491356	G	0.00515620260843	3279	1	17	0	3297	76682
UNKNOWN	128	G	0.999696693964	C	0.00030330603579	0	1	3296	0	3297	76682
UNKNOWN	129	G	0.99423718532	A	0.00424628450106	14	5	3278	0	3297	76682
UNKNOWN	130	C	0.995450409463	G	0.00333636639369	0	3282	11	4	3297	76682
UNKNOWN	131	G	0.978768577495	A	0.0139520776463	46	15	3227	9	3297	76682
UNKNOWN	132	C	0.991507430998	T	0.00697603882317	2	3269	3	23	3297	76682
UNKNOWN	133	T	0.991810737034	C	0.00454959053685	0	15	12	3270	3297	76682
UNKNOWN	134	G	0.866848650288	T	0.12678192296	18	3	2858	418	3297	76682
UNKNOWN	135	G	0.997876857749	A	0.00181983621474	6	0	3290	1	3297	76682
UNKNOWN	136	A	0.996663633606	G	0.00212314225053	3286	2	7	2	3297	76682
UNKNOWN	137	G	0.986654534425	A	0.00970579314528	32	2	3253	10	3297	76682
UNKNOWN	138	T	0.997573551714	G	0.00181983621474	0	2	6	3289	3297	76682
UNKNOWN	139	G	0.978465271459	A	0.0185016681832	61	2	3226	8	3297	76682
UNKNOWN	140	C	0.542007885957	G	0.380345768881	2	1787	1254	254	3297	76682
UNKNOWN	141	C	0.657264179557	G	0.306642402184	105	2167	1011	14	3297	76682
UNKNOWN	142	T	0.997270245678	C	0.00151653017895	2	5	2	3288	3297	76682
UNKNOWN	143	C	0.533515316955	T	0.459508644222	8	1759	15	1515	3297	76682
UNKNOWN	144	G	0.995450409463	A	0.00394297846527	13	0	3282	2	3297	76682
UNKNOWN	145	G	0.983924780103	C	0.0106157112527	3	35	3244	15	3297	76682
UNKNOWN	146	T	0.985744616318	G	0.00818926296633	5	15	27	3250	3297	76682
UNKNOWN	147	G	0.738550197149	A	0.199272065514	657	94	2435	111	3297	76682
UNKNOWN	148	A	0.503791325447	G	0.406126781923	1661	198	1339	99	3297	76682
UNKNOWN	149	T	0.950561116166	A	0.018804974219	62	41	60	3134	3297	76682
UNKNOWN	150	A	0.954504094631	G	0.0409463148317	3147	1	135	14	3297	76682
UNKNOWN	151	T	0.993630573248	A	0.00242644828632	8	6	7	3276	3297	76682
UNKNOWN	152	A	0.949954504095	G	0.031847133758	3132	32	105	28	3297	76682
UNKNOWN	153	A	0.934789202305	G	0.0479223536548	3082	22	158	35	3297	76682
UNKNOWN	154	G	0.872004852897	A	0.0864422202002	285	123	2875	14	3297	76682
UNKNOWN	155	C	0.899605702153	T	0.0712769184107	49	2966	47	235	3297	76682
UNKNOWN	156	A	0.919623900516	G	0.0697603882317	3032	28	230	7	3297	76682
UNKNOWN	157	G	0.910221413406	A	0.0545950864422	180	86	3001	30	3297	76682
UNKNOWN	158	T	0.97330906885	G	0.0136487716106	25	18	45	3209	3297	76682
UNKNOWN	159	G	0.878070973612	A	0.101304215954	334	44	2895	24	3297	76682
UNKNOWN	160	G	0.891719745223	A	0.0667273278738	220	119	2940	18	3297	76682
UNKNOWN	161	T	0.973005762815	A	0.0106157112527	35	20	34	3208	3297	76682
UNKNOWN	162	G	0.994843797392	A	0.00333636639369	11	5	3280	1	3297	76682
UNKNOWN	163	G	0.982104943888	A	0.0142553836821	47	1	3238	11	3297	76682
UNKNOWN	164	A	0.980891719745	G	0.0181983621474	3234	1	60	2	3297	76682
UNKNOWN	165	A	0.947224749773	G	0.0451925993327	3123	7	149	18	3297	76682
UNKNOWN	166	G	0.707916287534	A	0.173794358508	573	206	2334	184	3297	76682
UNKNOWN	167	C	0.917804064301	T	0.0363967242948	83	3026	68	120	3297	76682
UNKNOWN	168	A	0.971489232636	G	0.0206248104337	3203	12	68	14	3297	76682
UNKNOWN	169	C	0.969669396421	T	0.0197148923264	14	3197	21	65	3297	76682
UNKNOWN	170	A	0.970579314528	G	0.0142553836821	3200	7	47	43	3297	76682
UNKNOWN	171	G	0.630876554443	T	0.310282074613	104	90	2080	1023	3297	76682
UNKNOWN	172	G	0.558689717925	A	0.361844100698	1193	170	1842	92	3297	76682
UNKNOWN	173	C	0.985744616318	T	0.00788595693054	4	3250	17	26	3297	76682
UNKNOWN	174	T	0.991507430998	C	0.0060661207158	8	20	0	3269	3297	76682
UNKNOWN	175	A	0.995147103427	T	0.00394297846527	3281	1	2	13	3297	76682
UNKNOWN	176	T	0.986047922354	C	0.0109190172884	9	36	1	3251	3297	76682
UNKNOWN	177	A	0.98847437064	C	0.00515620260843	3259	17	15	6	3297	76682
UNKNOWN	178	A	0.992114043069	C	0.00424628450106	3271	14	11	1	3297	76682
UNKNOWN	179	C	0.935092508341	T	0.0612678192296	5	3083	7	202	3297	76682
UNKNOWN	180	C	0.975735517137	T	0.0121322414316	22	3217	18	40	3297	76682
UNKNOWN	181	C	0.991507430998	G	0.0030330603579	9	3269	10	9	3297	76682
UNKNOWN	182	A	0.992417349105	G	0.00424628450106	3272	9	14	2	3297	76682
UNKNOWN	183	G	0.978768577495	A	0.0133454655748	44	10	3227	16	3297	76682
UNKNOWN	184	C	0.978161965423	T	0.01152562936	13	3225	21	38	3297	76682
UNKNOWN	185	C	0.998786775857	T	0.00090991810737	1	3293	0	3	3297	76682
UNKNOWN	186	C	0.996966939642	T	0.00212314225053	0	3287	3	7	3297	76682
UNKNOWN	187	T	0.996057021535	G	0.00181983621474	4	3	6	3284	3297	76682
UNKNOWN	188	G	0.979981801638	A	0.01152562936	38	8	3231	20	3297	76682
UNKNOWN	189	A	0.994843797392	G	0.00424628450106	3280	3	14	0	3297	76682
UNKNOWN	190	A	0.994843797392	G	0.00363967242948	3280	2	12	3	3297	76682
UNKNOWN	191	A	0.992417349105	C	0.00272975432211	3272	9	9	7	3297	76682
UNKNOWN	192	T	0.995753715499	C	0.00363967242948	0	12	2	3283	3297	76682
UNKNOWN	193	C	0.998483469821	A	0.00090991810737	3	3292	0	2	3297	76682
UNKNOWN	194	C	0.99423718532	G	0.00333636639369	0	3278	11	8	3297	76682
UNKNOWN	195	C	0.996057021535	G	0.0030330603579	1	3284	10	2	3297	76682
UNKNOWN	196	G	0.998786775857	C	0.00090991810737	1	3	3293	0	3297	76682
UNKNOWN	197	G	0.952987564453	A	0.0370033363664	122	25	3142	8	3297	76682
UNKNOWN	198	C	0.980891719745	G	0.0151653017895	1	3234	50	12	3297	76682
UNKNOWN	199	T	0.994843797392	C	0.00394297846527	3	13	1	3280	3297	76682
UNKNOWN	200	C	0.99423718532	A	0.00242644828632	8	3278	3	8	3297	76682
UNKNOWN	201	A	0.992720655141	G	0.00394297846527	3273	9	13	2	3297	76682
UNKNOWN	202	G	0.979981801638	C	0.0127388535032	7	42	3231	17	3297	76682
UNKNOWN	203	C	0.965726417956	T	0.0300272975432	9	3184	5	99	3297	76682
UNKNOWN	204	A	0.990900818926	G	0.00485289657264	3267	5	16	9	3297	76682
UNKNOWN	205	T	0.995147103427	C	0.00333636639369	5	11	0	3281	3297	76682
UNKNOWN	206	C	0.985138004246	T	0.0100090991811	16	3248	0	33	3297	76682
UNKNOWN	207	A	0.987261146497	G	0.00576281468001	3255	12	19	11	3297	76682
UNKNOWN	208	C	0.992720655141	G	0.00363967242948	4	3273	12	8	3297	76682
UNKNOWN	209	C	0.98483469821	G	0.00636942675159	11	3247	21	18	3297	76682
UNKNOWN	210	A	0.996057021535	G	0.00333636639369	3284	2	11	0	3297	76682
UNKNOWN	211	A	0.988777676676	G	0.0100090991811	3260	4	33	0	3297	76682
UNKNOWN	212	G	0.987261146497	A	0.0118289353958	39	2	3255	1	3297	76682
UNKNOWN	213	G	0.993933879284	A	0.00454959053685	15	3	3277	2	3297	76682
UNKNOWN	214	A	0.992417349105	C	0.00515620260843	3272	17	8	0	3297	76682
UNKNOWN	215	C	0.98847437064	T	0.00545950864422	12	3259	8	18	3297	76682
UNKNOWN	216	A	0.995147103427	C	0.00333636639369	3281	11	4	1	3297	76682
UNKNOWN	217	A	0.983318168032	G	0.00727934485896	3242	20	24	11	3297	76682
UNKNOWN	218	C	0.978768577495	T	0.0148619957537	4	3227	17	49	3297	76682
UNKNOWN	219	T	0.993023961177	C	0.00424628450106	2	14	7	3274	3297	76682
UNKNOWN	220	C	0.998180163785	A	0.00151653017895	5	3291	0	1	3297	76682
UNKNOWN	221	C	0.993023961177	T	0.00363967242948	10	3274	1	12	3297	76682
UNKNOWN	222	A	0.993933879284	G	0.00454959053685	3277	4	15	1	3297	76682
UNKNOWN	223	A	0.986654534425	G	0.0127388535032	3253	1	42	1	3297	76682
UNKNOWN	224	G	0.987867758568	A	0.0109190172884	36	4	3257	0	3297	76682
UNKNOWN	225	A	0.990900818926	G	0.0060661207158	3267	8	20	2	3297	76682
UNKNOWN	226	G	0.978465271459	A	0.0169851380042	56	15	3226	0	3297	76682
UNKNOWN	227	C	0.977858659387	T	0.0203215043979	4	3224	2	67	3297	76682
UNKNOWN	228	C	0.993630573248	A	0.00363967242948	12	3276	9	0	3297	76682
UNKNOWN	229	A	0.995450409463	T	0.00242644828632	3282	2	5	8	3297	76682
UNKNOWN	230	A	0.984228086139	G	0.0139520776463	3245	2	46	4	3297	76682
UNKNOWN	231	G	0.979981801638	A	0.0118289353958	39	11	3231	16	3297	76682
UNKNOWN	232	T	0.995753715499	C	0.00363967242948	0	12	2	3283	3297	76682
UNKNOWN	233	C	0.969366090385	T	0.0194115862906	3	3196	34	64	3297	76682
UNKNOWN	234	T	0.993630573248	C	0.00363967242948	5	12	4	3276	3297	76682
UNKNOWN	235	C	0.996360327571	T	0.00333636639369	1	3285	0	11	3297	76682
UNKNOWN	236	T	0.987564452533	C	0.00697603882317	0	23	18	3256	3297	76682
UNKNOWN	237	C	0.995753715499	T	0.00272975432211	0	3283	5	9	3297	76682
UNKNOWN	238	T	0.995147103427	G	0.00272975432211	2	5	9	3281	3297	76682
UNKNOWN	239	G	0.970579314528	A	0.0197148923264	65	13	3200	19	3297	76682
UNKNOWN	240	T	0.992114043069	C	0.00333636639369	10	11	5	3271	3297	76682
UNKNOWN	241	C	0.990900818926	T	0.0060661207158	7	3267	3	20	3297	76682
UNKNOWN	242	A	0.98483469821	G	0.00970579314528	3247	10	32	8	3297	76682
UNKNOWN	243	G	0.954200788596	C	0.0221413406127	66	73	3146	12	3297	76682
UNKNOWN	244	T	0.993023961177	C	0.0030330603579	5	10	8	3274	3297	76682
UNKNOWN	245	G	0.981801637853	A	0.01152562936	38	8	3237	14	3297	76682
UNKNOWN	246	A	0.986957840461	G	0.00788595693054	3254	16	26	1	3297	76682
UNKNOWN	247	G	0.94449499545	A	0.0330603579011	109	53	3114	21	3297	76682
UNKNOWN	248	C	0.966333030027	T	0.0269942371853	10	3186	12	89	3297	76682
UNKNOWN	249	A	0.983014861996	G	0.0157719138611	3241	4	52	0	3297	76682
UNKNOWN	250	G	0.964513193813	A	0.0312405216864	103	13	3180	1	3297	76682
UNKNOWN	251	C	0.989384288747	T	0.00788595693054	0	3262	9	26	3297	76682
UNKNOWN	252	G	0.990294206855	A	0.00515620260843	17	4	3265	11	3297	76682
UNKNOWN	253	T	0.989384288747	C	0.00758265089475	4	25	6	3262	3297	76682
UNKNOWN	254	G	0.954504094631	A	0.0379132544738	125	9	3147	16	3297	76682
UNKNOWN	255	A	0.987564452533	G	0.00636942675159	3256	11	21	9	3297	76682
UNKNOWN	256	C	0.994540491356	A	0.00272975432211	9	3279	2	7	3297	76682
UNKNOWN	257	A	0.975432211101	G	0.0157719138611	3216	23	52	6	3297	76682
UNKNOWN	258	C	0.851683348499	A	0.132241431604	436	2808	29	24	3297	76682
UNKNOWN	259	C	0.985441310282	T	0.00879587503791	5	3249	14	29	3297	76682
UNKNOWN	260	T	0.965726417956	C	0.02305125872	11	76	26	3184	3297	76682
UNKNOWN	261	G	0.992720655141	A	0.00636942675159	21	0	3273	3	3297	76682
UNKNOWN	262	A	0.990597512891	G	0.00636942675159	3266	7	21	3	3297	76682
UNKNOWN	263	G	0.963299969669	A	0.0181983621474	60	36	3176	25	3297	76682
UNKNOWN	264	G	0.990597512891	A	0.00545950864422	18	4	3266	9	3297	76682
UNKNOWN	265	A	0.991204124962	C	0.00454959053685	3268	15	10	4	3297	76682
UNKNOWN	266	C	0.98271155596	A	0.00879587503791	29	3240	8	20	3297	76682
UNKNOWN	267	A	0.984531392175	G	0.00788595693054	3246	8	26	17	3297	76682
UNKNOWN	268	C	0.990900818926	G	0.00424628450106	12	3267	14	4	3297	76682
UNKNOWN	269	G	0.98483469821	A	0.0090991810737	30	12	3247	8	3297	76682
UNKNOWN	270	G	0.991204124962	C	0.00424628450106	9	14	3268	6	3297	76682
UNKNOWN	271	C	0.993933879284	A	0.00454959053685	15	3277	2	3	3297	76682
UNKNOWN	272	C	0.985441310282	T	0.00576281468001	16	3249	13	19	3297	76682
UNKNOWN	273	A	0.993933879284	G	0.0030330603579	3277	7	10	3	3297	76682
UNKNOWN	274	C	0.980891719745	A	0.01152562936	38	3234	6	19	3297	76682
UNKNOWN	275	A	0.975735517137	G	0.0145586897179	3217	11	48	21	3297	76682
UNKNOWN	276	T	0.992114043069	A	0.0030330603579	10	8	8	3271	3297	76682
UNKNOWN	277	A	0.98847437064	C	0.00697603882317	3259	23	5	10	3297	76682
UNKNOWN	278	C	0.967242948135	T	0.0291173794359	7	3189	5	96	3297	76682
UNKNOWN	279	T	0.98847437064	C	0.00485289657264	10	16	12	3259	3297	76682
UNKNOWN	280	A	0.980588413709	C	0.00758265089475	3233	25	14	25	3297	76682
UNKNOWN	281	C	0.976342129208	T	0.0209281164695	4	3219	5	69	3297	76682
UNKNOWN	282	T	0.985744616318	G	0.0112223233242	9	1	37	3250	3297	76682
