Type	Position	Nucl1	Freq1	Nucl2	Freq2	NumAs	NumCs	NumGs	NumTs	NumAligned	NumNaive
UNKNOWN	0	C	1.0	A	0.0	0	14933	0	0	14933	154735
UNKNOWN	1	A	1.0	C	0.0	14933	0	0	0	14933	154735
UNKNOWN	2	G	1.0	A	0.0	0	0	14933	0	14933	154735
UNKNOWN	3	G	1.0	A	0.0	0	0	14933	0	14933	154735
UNKNOWN	4	T	1.0	A	0.0	0	0	0	14933	14933	154735
UNKNOWN	5	G	1.0	A	0.0	0	0	14933	0	14933	154735
UNKNOWN	6	C	1.0	A	0.0	0	14933	0	0	14933	154735
UNKNOWN	7	A	0.996316882073	G	0.00220987075604	14878	6	33	16	14933	154735
UNKNOWN	8	G	0.994307908659	A	0.00468760463403	70	9	14848	6	14933	154735
UNKNOWN	9	C	0.997589231902	T	0.0019420076341	2	14897	5	29	14933	154735
UNKNOWN	10	T	0.998861581732	C	0.00087055514632	1	13	3	14916	14933	154735
UNKNOWN	11	G	0.998392821268	A	0.00107145248778	16	3	14909	5	14933	154735
UNKNOWN	12	C	0.99859371861	T	0.00120538404875	2	14912	1	18	14933	154735
UNKNOWN	13	G	0.99859371861	A	0.00107145248778	16	2	14912	3	14933	154735
UNKNOWN	14	G	0.973280653586	C	0.0257818254872	8	385	14534	6	14933	154735
UNKNOWN	15	G	0.998794615951	C	0.000468760463403	5	7	14915	6	14933	154735
UNKNOWN	16	A	0.996785642537	G	0.00220987075604	14885	11	33	4	14933	154735
UNKNOWN	17	G	0.996450813634	A	0.00267863121945	40	9	14880	4	14933	154735
UNKNOWN	18	T	0.998258889707	C	0.00120538404875	2	18	6	14907	14933	154735
UNKNOWN	19	C	0.998191923927	T	0.00107145248778	3	14906	8	16	14933	154735
UNKNOWN	20	G	0.991428380098	A	0.00729927007299	109	12	14805	7	14933	154735
UNKNOWN	21	G	0.999129444854	C	0.000669657804862	3	10	14920	0	14933	154735
UNKNOWN	22	G	0.99859371861	C	0.000602692024376	8	9	14912	4	14933	154735
UNKNOWN	23	C	0.999062479073	T	0.00087055514632	0	14919	1	13	14933	154735
UNKNOWN	24	C	0.998995513293	T	0.000669657804862	3	14918	2	10	14933	154735
UNKNOWN	25	C	0.999665171098	A	0.000200897341459	3	14928	0	2	14933	154735
UNKNOWN	26	C	0.998191923927	A	0.00113841826826	17	14906	0	10	14933	154735
UNKNOWN	27	A	0.996852608317	G	0.0024107680975	14886	8	36	3	14933	154735
UNKNOWN	28	G	0.996450813634	A	0.00207593919507	31	19	14880	3	14933	154735
UNKNOWN	29	C	0.998325855488	T	0.00154021295118	1	14908	1	23	14933	154735
UNKNOWN	30	C	0.99866068439	T	0.00087055514632	1	14913	6	13	14933	154735
UNKNOWN	31	T	0.996249916293	C	0.00234380231702	4	35	17	14877	14933	154735
UNKNOWN	32	G	0.992767695707	A	0.0062947833657	94	8	14825	6	14933	154735
UNKNOWN	33	G	0.994173977098	C	0.00368311792674	20	55	14846	12	14933	154735
UNKNOWN	34	T	0.99591508739	C	0.00274559699993	0	41	20	14872	14933	154735
UNKNOWN	35	G	0.998057992366	A	0.00160717873167	24	2	14904	3	14933	154735
UNKNOWN	36	A	0.996785642537	C	0.00133931560972	14885	20	11	17	14933	154735
UNKNOWN	37	A	0.993504319293	G	0.00328132324382	14836	43	49	5	14933	154735
UNKNOWN	38	G	0.99866068439	C	0.00100448670729	3	15	14913	2	14933	154735
UNKNOWN	39	C	0.997723163463	T	0.00200897341459	1	14899	3	30	14933	154735
UNKNOWN	40	C	0.999732136878	T	0.000267863121945	0	14929	0	4	14933	154735
UNKNOWN	41	C	0.99584812161	T	0.00354918636577	1	14871	8	53	14933	154735
UNKNOWN	42	T	0.996316882073	C	0.00334828902431	4	50	1	14878	14933	154735
UNKNOWN	43	C	0.998392821268	A	0.000937520926806	14	14909	0	10	14933	154735
UNKNOWN	44	A	0.996450813634	G	0.00167414451215	14880	24	25	4	14933	154735
UNKNOWN	45	C	0.998057992366	A	0.00107145248778	16	14904	10	3	14933	154735
UNKNOWN	46	A	0.996651710976	G	0.00227683653653	14883	15	34	1	14933	154735
UNKNOWN	47	G	0.997991026585	A	0.00154021295118	23	3	14903	4	14933	154735
UNKNOWN	48	A	0.995379361146	C	0.00254469965847	14864	38	27	4	14933	154735
UNKNOWN	49	C	0.997857095024	T	0.00127234982924	5	14901	8	19	14933	154735
UNKNOWN	50	C	0.997790129244	T	0.00133931560972	11	14900	2	20	14933	154735
UNKNOWN	51	C	0.996584745195	G	0.0019420076341	3	14882	29	19	14933	154735
UNKNOWN	52	T	0.995446326927	C	0.00408491260966	2	61	5	14865	14933	154735
UNKNOWN	53	C	0.989888167147	G	0.00863858568272	4	14782	129	18	14933	154735
UNKNOWN	54	T	0.995714190049	C	0.00341525480479	8	51	5	14869	14933	154735
UNKNOWN	55	C	0.998928547512	T	0.000669657804862	4	14917	2	10	14933	154735
UNKNOWN	56	C	0.996517779415	T	0.00174111029264	20	14881	6	26	14933	154735
UNKNOWN	57	C	0.996316882073	T	0.00167414451215	7	14878	23	25	14933	154735
UNKNOWN	58	T	0.996316882073	C	0.00314739168285	6	47	2	14878	14933	154735
UNKNOWN	59	C	0.997254403	A	0.00133931560972	20	14892	9	12	14933	154735
UNKNOWN	60	A	0.993839148195	G	0.00274559699993	14841	39	41	12	14933	154735
UNKNOWN	61	C	0.994107011317	T	0.00401794682917	1	14845	27	60	14933	154735
UNKNOWN	62	C	0.988080091073	G	0.00950914082904	3	14755	142	33	14933	154735
UNKNOWN	63	T	0.995714190049	C	0.00281256278042	3	42	19	14869	14933	154735
UNKNOWN	64	G	0.997790129244	C	0.00113841826826	14	17	14900	2	14933	154735
UNKNOWN	65	C	0.997790129244	A	0.00113841826826	17	14900	1	15	14933	154735
UNKNOWN	66	A	0.99035692761	T	0.00475457041452	14789	39	34	71	14933	154735
UNKNOWN	67	C	0.995513292707	T	0.00261166543896	0	14866	28	39	14933	154735
UNKNOWN	68	G	0.994040045537	A	0.004821536195	72	8	14844	9	14933	154735
UNKNOWN	69	G	0.977633429318	A	0.0166744793411	249	63	14599	22	14933	154735
UNKNOWN	70	T	0.992834661488	C	0.00649568070716	3	97	7	14826	14933	154735
UNKNOWN	71	C	0.990222996049	G	0.00468760463403	17	14787	70	59	14933	154735
UNKNOWN	72	T	0.996517779415	C	0.00321435746334	0	48	4	14881	14933	154735
UNKNOWN	73	C	0.998325855488	T	0.00127234982924	1	14908	5	19	14933	154735
UNKNOWN	74	T	0.991629277439	C	0.00462063885355	26	69	30	14808	14933	154735
UNKNOWN	75	G	0.991361414317	A	0.00736623585348	110	13	14804	6	14933	154735
UNKNOWN	76	G	0.992834661488	A	0.004821536195	72	19	14826	16	14933	154735
UNKNOWN	77	A	0.987879193732	C	0.004821536195	14752	72	71	38	14933	154735
UNKNOWN	78	T	0.982387999732	G	0.00837072256077	17	121	125	14670	14933	154735
UNKNOWN	79	T	0.994173977098	C	0.00515636509744	3	77	7	14846	14933	154735
UNKNOWN	80	C	0.983995178464	T	0.00883948302417	19	14694	88	132	14933	154735
UNKNOWN	81	T	0.994107011317	C	0.00401794682917	12	60	16	14845	14933	154735
UNKNOWN	82	C	0.995111498025	T	0.00308042590236	24	14860	3	46	14933	154735
UNKNOWN	83	A	0.992365901025	G	0.00321435746334	14819	29	48	37	14933	154735
UNKNOWN	84	T	0.988883680439	C	0.00683050960959	29	102	35	14767	14933	154735
UNKNOWN	85	T	0.994910600683	C	0.00328132324382	26	49	1	14857	14933	154735
UNKNOWN	86	A	0.973414585147	G	0.0192191789995	14536	67	287	43	14933	154735
UNKNOWN	87	A	0.987276501708	G	0.00850465412174	14743	60	127	3	14933	154735
UNKNOWN	88	G	0.968392151611	A	0.0207593919507	310	101	14461	61	14933	154735
UNKNOWN	89	C	0.944217504855	T	0.0364293845845	69	14100	220	544	14933	154735
UNKNOWN	90	G	0.953592714123	A	0.0378356659747	565	51	14240	77	14933	154735
UNKNOWN	91	A	0.919239268734	G	0.0469430121208	13727	317	701	188	14933	154735
UNKNOWN	92	T	0.914082903636	C	0.0516306167548	226	771	286	13650	14933	154735
UNKNOWN	93	A	0.905846112636	G	0.0464072858769	13527	257	693	456	14933	154735
UNKNOWN	94	A	0.945288957343	G	0.0251121676823	14116	207	375	235	14933	154735
UNKNOWN	95	T	0.939128105538	A	0.0266523806335	398	174	337	14024	14933	154735
UNKNOWN	96	A	0.888836804393	G	0.082233978437	13273	239	1228	193	14933	154735
UNKNOWN	97	G	0.508872965914	A	0.283600080359	4235	2426	7599	673	14933	154735
UNKNOWN	98	T	0.975423558562	G	0.0123217036095	62	121	184	14566	14933	154735
UNKNOWN	99	G	0.951583740708	A	0.0418536128039	625	26	14210	72	14933	154735
UNKNOWN	100	T	0.991294448537	C	0.00555815978035	28	83	19	14803	14933	154735
UNKNOWN	101	A	0.95861514766	G	0.029197080292	14315	83	436	99	14933	154735
UNKNOWN	102	G	0.932096698587	A	0.0513627536329	767	167	13919	80	14933	154735
UNKNOWN	103	G	0.778611129713	A	0.167213553874	2497	555	11627	254	14933	154735
UNKNOWN	104	C	0.964642067903	G	0.0168753766825	49	14405	252	227	14933	154735
UNKNOWN	105	T	0.995781155829	G	0.00287952856091	0	20	43	14870	14933	154735
UNKNOWN	106	G	0.998928547512	T	0.000468760463403	6	3	14917	7	14933	154735
UNKNOWN	107	G	0.997991026585	T	0.00087055514632	7	10	14903	13	14933	154735
UNKNOWN	108	G	0.976227147927	A	0.0174111029264	260	49	14578	46	14933	154735
UNKNOWN	109	T	0.99169624322	C	0.00750016741445	5	112	7	14809	14933	154735
UNKNOWN	110	C	0.997053505659	T	0.00220987075604	4	14889	7	33	14933	154735
UNKNOWN	111	C	0.996986539878	G	0.00200897341459	3	14888	30	12	14933	154735
UNKNOWN	112	G	0.996383847854	C	0.00247773387799	10	37	14879	7	14933	154735
UNKNOWN	113	C	0.99718743722	T	0.00140628139021	18	14891	3	21	14933	154735
UNKNOWN	114	C	0.996450813634	A	0.00267863121945	40	14880	9	4	14933	154735
UNKNOWN	115	A	0.989218509342	G	0.00950914082904	14772	14	142	5	14933	154735
UNKNOWN	116	G	0.99866068439	C	0.000602692024376	7	9	14913	4	14933	154735
UNKNOWN	117	G	0.98345945222	A	0.012254737829	183	51	14686	13	14933	154735
UNKNOWN	118	C	0.989955132927	T	0.00662961226813	36	14783	15	99	14933	154735
UNKNOWN	119	T	0.993303421951	C	0.00529029665841	7	79	14	14833	14933	154735
UNKNOWN	120	C	0.997053505659	G	0.00140628139021	13	14889	21	10	14933	154735
UNKNOWN	121	C	0.995245429585	A	0.00274559699993	41	14862	11	19	14933	154735
UNKNOWN	122	A	0.991629277439	G	0.00649568070716	14808	25	97	3	14933	154735
UNKNOWN	123	G	0.995245429585	C	0.0024107680975	32	36	14862	3	14933	154735
UNKNOWN	124	G	0.993370387732	A	0.00549119399987	82	4	14834	13	14933	154735
UNKNOWN	125	A	0.977365566196	G	0.0196209736824	14595	38	293	7	14933	154735
UNKNOWN	126	A	0.995446326927	G	0.00401794682917	14865	8	60	0	14933	154735
UNKNOWN	127	A	0.98761133061	G	0.0117190115851	14748	9	175	1	14933	154735
UNKNOWN	128	G	0.998392821268	C	0.00120538404875	4	18	14909	2	14933	154735
UNKNOWN	129	G	0.990156030269	C	0.00441974151209	65	66	14786	16	14933	154735
UNKNOWN	130	C	0.99584812161	G	0.00247773387799	10	14871	37	15	14933	154735
UNKNOWN	131	G	0.985736288756	A	0.00937520926806	140	52	14720	21	14933	154735
UNKNOWN	132	C	0.992834661488	T	0.00508939931695	8	14826	23	76	14933	154735
UNKNOWN	133	T	0.991428380098	C	0.00395098104868	10	59	59	14805	14933	154735
UNKNOWN	134	G	0.987008638586	A	0.0109154222192	163	12	14739	19	14933	154735
UNKNOWN	135	G	0.994374874439	A	0.0038840152682	58	17	14849	9	14933	154735
UNKNOWN	136	A	0.992901627268	G	0.00529029665841	14827	12	79	15	14933	154735
UNKNOWN	137	G	0.987678296391	A	0.0067635438291	101	41	14749	42	14933	154735
UNKNOWN	138	T	0.981517444586	G	0.0172102055849	0	19	257	14657	14933	154735
UNKNOWN	139	G	0.996852608317	A	0.00120538404875	18	16	14886	13	14933	154735
UNKNOWN	140	G	0.986472912342	C	0.00729927007299	19	109	14731	74	14933	154735
UNKNOWN	141	C	0.983660349561	G	0.00950914082904	57	14689	142	45	14933	154735
UNKNOWN	142	T	0.99444184022	C	0.00401794682917	7	60	16	14850	14933	154735
UNKNOWN	143	C	0.99028996183	T	0.00535726243889	20	14788	45	80	14933	154735
UNKNOWN	144	G	0.991562311659	A	0.00729927007299	109	4	14807	13	14933	154735
UNKNOWN	145	G	0.976829839952	C	0.0156699926338	53	234	14587	59	14933	154735
UNKNOWN	146	T	0.983593383781	A	0.00636174914619	95	69	81	14688	14933	154735
UNKNOWN	147	G	0.865532712784	A	0.0944217504855	1410	165	12925	433	14933	154735
UNKNOWN	148	T	0.902096028929	G	0.0350900689748	465	473	524	13471	14933	154735
UNKNOWN	149	C	0.889975222661	T	0.0721221455836	384	13290	182	1077	14933	154735
UNKNOWN	150	A	0.966517109757	G	0.0224335364629	14433	50	335	115	14933	154735
UNKNOWN	151	T	0.977633429318	G	0.0101118328534	108	75	151	14599	14933	154735
UNKNOWN	152	A	0.901694234246	G	0.0579254001205	13465	202	865	401	14933	154735
UNKNOWN	153	T	0.83064354115	G	0.0688408223398	872	629	1028	12404	14933	154735
UNKNOWN	154	A	0.856157503516	G	0.0813634232907	12785	220	1215	713	14933	154735
UNKNOWN	155	T	0.937186097904	C	0.0302015669993	75	451	412	13995	14933	154735
UNKNOWN	156	A	0.896872698051	G	0.0780151342664	13393	246	1165	129	14933	154735
UNKNOWN	157	G	0.832317685663	A	0.0808946628273	1208	818	12429	478	14933	154735
UNKNOWN	158	T	0.950043527757	G	0.026451483292	240	111	395	14187	14933	154735
UNKNOWN	159	G	0.792807875176	A	0.163798299069	2446	458	11839	190	14933	154735
UNKNOWN	160	G	0.83740708498	A	0.114846313534	1715	492	12505	221	14933	154735
UNKNOWN	161	T	0.961092881538	G	0.0223665706824	124	123	334	14352	14933	154735
UNKNOWN	162	G	0.980312060537	A	0.016808410902	251	3	14639	40	14933	154735
UNKNOWN	163	G	0.974553003415	A	0.0152681979508	228	52	14553	100	14933	154735
UNKNOWN	164	A	0.961159847318	G	0.0253800308043	14353	123	379	78	14933	154735
UNKNOWN	165	A	0.922185763075	G	0.0691756512422	13771	83	1033	46	14933	154735
UNKNOWN	166	G	0.707359539275	A	0.175718207996	2624	1172	10563	574	14933	154735
UNKNOWN	167	C	0.912877519587	T	0.0457376280721	381	13632	237	683	14933	154735
UNKNOWN	168	A	0.969128775196	G	0.0212281524141	14472	99	317	45	14933	154735
UNKNOWN	169	C	0.967186767562	T	0.0153351637313	136	14443	125	229	14933	154735
UNKNOWN	170	A	0.978035224001	G	0.0166075135606	14605	56	248	24	14933	154735
UNKNOWN	171	G	0.94348088127	A	0.0296658407554	443	268	14089	133	14933	154735
UNKNOWN	172	G	0.678028527422	A	0.247639456238	3698	723	10125	387	14933	154735
UNKNOWN	173	C	0.973414585147	G	0.0133931560972	85	14536	200	112	14933	154735
UNKNOWN	174	T	0.976829839952	C	0.00930824348758	123	139	84	14587	14933	154735
UNKNOWN	175	A	0.975892319025	G	0.00944217504855	14573	105	141	114	14933	154735
UNKNOWN	176	T	0.960490189513	C	0.0288622513895	69	431	90	14343	14933	154735
UNKNOWN	177	A	0.988414919976	C	0.00656264648764	14760	98	50	25	14933	154735
UNKNOWN	178	A	0.984062144244	G	0.00890644880466	14695	94	133	11	14933	154735
UNKNOWN	179	C	0.917766021563	T	0.0618094153887	91	13705	214	923	14933	154735
UNKNOWN	180	C	0.938927208197	T	0.0357597267796	142	14021	236	534	14933	154735
UNKNOWN	181	C	0.984597870488	T	0.00736623585348	83	14703	37	110	14933	154735
UNKNOWN	182	A	0.987343467488	G	0.00723230429251	14744	75	108	6	14933	154735
UNKNOWN	183	G	0.974218174513	A	0.0158708899752	237	131	14548	17	14933	154735
UNKNOWN	184	C	0.984999665171	T	0.00790196209737	28	14709	78	118	14933	154735
UNKNOWN	185	C	0.996517779415	T	0.00234380231702	10	14881	7	35	14933	154735
UNKNOWN	186	C	0.990892653854	T	0.00515636509744	21	14797	38	77	14933	154735
UNKNOWN	187	T	0.992767695707	G	0.00448670729257	22	19	67	14825	14933	154735
UNKNOWN	188	G	0.982521931293	A	0.0123886693899	185	42	14672	34	14933	154735
UNKNOWN	189	A	0.991294448537	G	0.00495546775598	14803	46	74	10	14933	154735
UNKNOWN	190	A	0.985736288756	G	0.0100448670729	14720	37	150	26	14933	154735
UNKNOWN	191	A	0.987209535927	T	0.00495546775598	14742	68	49	74	14933	154735
UNKNOWN	192	T	0.990892653854	C	0.00636174914619	18	95	23	14797	14933	154735
UNKNOWN	193	C	0.995245429585	T	0.00274559699993	23	14862	7	41	14933	154735
UNKNOWN	194	C	0.993705216634	T	0.00321435746334	17	14839	29	48	14933	154735
UNKNOWN	195	C	0.993973079756	G	0.00415187839014	15	14843	62	13	14933	154735
UNKNOWN	196	G	0.993437353512	A	0.00254469965847	38	22	14835	38	14933	154735
UNKNOWN	197	G	0.939797763343	A	0.0452688676087	676	137	14034	86	14933	154735
UNKNOWN	198	C	0.990758722293	T	0.00549119399987	36	14795	20	82	14933	154735
UNKNOWN	199	T	0.989218509342	C	0.00636174914619	35	95	31	14772	14933	154735
UNKNOWN	200	C	0.991495345878	A	0.00468760463403	70	14806	22	35	14933	154735
UNKNOWN	201	A	0.992098037903	G	0.00562512556084	14815	29	84	5	14933	154735
UNKNOWN	202	G	0.977030737293	C	0.0167414451215	63	250	14590	30	14933	154735
UNKNOWN	203	C	0.96825822005	T	0.0202906314873	128	14459	43	303	14933	154735
UNKNOWN	204	A	0.984129110025	G	0.00843768834126	14696	35	126	76	14933	154735
UNKNOWN	205	T	0.990022098708	C	0.0058260229023	28	87	34	14784	14933	154735
UNKNOWN	206	C	0.990557824951	A	0.00468760463403	70	14792	3	68	14933	154735
UNKNOWN	207	A	0.989352440903	C	0.00589298868278	14774	88	55	16	14933	154735
UNKNOWN	208	C	0.983191589098	T	0.00816982521931	67	14682	62	122	14933	154735
UNKNOWN	209	C	0.966718007098	T	0.0148664032679	127	14436	148	222	14933	154735
UNKNOWN	210	A	0.987879193732	G	0.00810285943883	14752	50	121	10	14933	154735
UNKNOWN	211	A	0.984396973147	G	0.0116520458046	14700	47	174	12	14933	154735
UNKNOWN	212	G	0.982387999732	A	0.0124556351704	186	62	14670	15	14933	154735
UNKNOWN	213	G	0.978236121342	A	0.0199558025849	298	18	14608	9	14933	154735
UNKNOWN	214	A	0.991093551195	C	0.00529029665841	14800	79	38	16	14933	154735
UNKNOWN	215	C	0.981048684122	T	0.00977700395098	80	14650	57	146	14933	154735
UNKNOWN	216	A	0.988080091073	G	0.0087055514632	14755	31	130	17	14933	154735
UNKNOWN	217	A	0.975758387464	G	0.017076274024	14571	79	255	28	14933	154735
UNKNOWN	218	C	0.978972744927	T	0.0127904640729	15	14619	108	191	14933	154735
UNKNOWN	219	T	0.985334494074	C	0.00743320163397	51	111	57	14714	14933	154735
UNKNOWN	220	C	0.991294448537	T	0.00549119399987	46	14803	2	82	14933	154735
UNKNOWN	221	C	0.987745262171	A	0.00743320163397	111	14750	28	44	14933	154735
UNKNOWN	222	A	0.989419406683	G	0.0062947833657	14775	59	94	5	14933	154735
UNKNOWN	223	A	0.983526418	G	0.0142637112436	14687	18	213	15	14933	154735
UNKNOWN	224	G	0.989821201366	A	0.00656264648764	98	41	14781	13	14933	154735
UNKNOWN	225	A	0.986004151878	G	0.0107814906583	14724	39	161	9	14933	154735
UNKNOWN	226	G	0.957677626733	A	0.0271881068774	406	204	14301	22	14933	154735
UNKNOWN	227	C	0.963168820733	T	0.0274559699993	69	14383	71	410	14933	154735
UNKNOWN	228	C	0.989084577781	A	0.00529029665841	79	14770	77	7	14933	154735
UNKNOWN	229	A	0.993839148195	G	0.00328132324382	14841	27	49	16	14933	154735
UNKNOWN	230	A	0.975021763879	G	0.0208933235117	14560	44	312	17	14933	154735
UNKNOWN	231	G	0.971472577513	A	0.0125895667314	188	106	14507	132	14933	154735
UNKNOWN	232	T	0.989821201366	C	0.00796892787785	12	119	21	14781	14933	154735
UNKNOWN	233	C	0.970735953928	T	0.0147994374874	29	14496	187	221	14933	154735
UNKNOWN	234	T	0.985267528293	C	0.00703140695105	34	105	81	14713	14933	154735
UNKNOWN	235	C	0.989017612	T	0.00837072256077	35	14769	4	125	14933	154735
UNKNOWN	236	T	0.982521931293	C	0.0121877720485	28	182	51	14672	14933	154735
UNKNOWN	237	C	0.989084577781	T	0.00689747539008	38	14770	22	103	14933	154735
UNKNOWN	238	T	0.993303421951	A	0.00368311792674	55	27	18	14833	14933	154735
UNKNOWN	239	A	0.906515770441	G	0.0779481684859	13537	110	1164	122	14933	154735
UNKNOWN	240	T	0.980111163196	G	0.00910734614612	67	94	136	14636	14933	154735
UNKNOWN	241	C	0.975557490123	T	0.0168753766825	107	14568	6	252	14933	154735
UNKNOWN	242	A	0.974686934976	G	0.014598540146	14555	118	218	42	14933	154735
UNKNOWN	243	C	0.912073930222	G	0.0668988147057	113	13620	999	201	14933	154735
UNKNOWN	244	T	0.992031072122	G	0.00508939931695	27	16	76	14814	14933	154735
UNKNOWN	245	G	0.958280318757	A	0.026451483292	395	74	14310	154	14933	154735
UNKNOWN	246	A	0.977700395098	G	0.014732471707	14600	98	220	15	14933	154735
UNKNOWN	247	G	0.95459720083	A	0.0280586620237	419	213	14255	46	14933	154735
UNKNOWN	248	C	0.965177794147	T	0.0188173843166	146	14413	93	281	14933	154735
UNKNOWN	249	A	0.982387999732	G	0.0138619165606	14670	51	207	5	14933	154735
UNKNOWN	250	G	0.982387999732	C	0.00803589365834	113	120	14670	30	14933	154735
UNKNOWN	251	C	0.985937186098	T	0.00816982521931	18	14723	70	122	14933	154735
UNKNOWN	252	G	0.983794281122	A	0.00997790129244	149	18	14691	75	14933	154735
UNKNOWN	253	T	0.987209535927	G	0.00589298868278	24	79	88	14742	14933	154735
UNKNOWN	254	G	0.958481216099	A	0.0285274224871	426	47	14313	147	14933	154735
UNKNOWN	255	A	0.980780821	G	0.0125226009509	14646	78	187	22	14933	154735
UNKNOWN	256	C	0.980646889439	A	0.00763409897542	114	14644	64	111	14933	154735
UNKNOWN	257	A	0.964842965245	G	0.0249112703409	14408	97	372	56	14933	154735
UNKNOWN	258	A	0.879528560905	C	0.089801111632	13134	1341	396	62	14933	154735
UNKNOWN	259	C	0.963503649635	T	0.0175450344874	71	14388	212	262	14933	154735
UNKNOWN	260	T	0.968057322708	G	0.0158708899752	55	185	237	14456	14933	154735
UNKNOWN	261	G	0.985468425635	A	0.00917431192661	137	20	14716	60	14933	154735
UNKNOWN	262	A	0.983660349561	G	0.0107814906583	14689	72	161	11	14933	154735
UNKNOWN	263	G	0.959753565928	A	0.0254469965847	380	145	14332	76	14933	154735
UNKNOWN	264	G	0.984999665171	A	0.00957610660952	143	25	14709	56	14933	154735
UNKNOWN	265	A	0.984731802049	C	0.00924127770709	14705	138	67	23	14933	154735
UNKNOWN	266	C	0.982923725976	A	0.00984396973147	147	14678	32	76	14933	154735
UNKNOWN	267	A	0.975490524342	G	0.0137949507802	14567	78	206	82	14933	154735
UNKNOWN	268	C	0.987343467488	G	0.00602692024376	56	14744	90	43	14933	154735
UNKNOWN	269	G	0.975624455903	A	0.0166744793411	249	49	14569	66	14933	154735
UNKNOWN	270	G	0.985334494074	A	0.0058260229023	87	84	14714	48	14933	154735
UNKNOWN	271	C	0.988682783098	A	0.00810285943883	121	14764	28	20	14933	154735
UNKNOWN	272	C	0.986874707025	A	0.00863858568272	129	14737	16	51	14933	154735
UNKNOWN	273	A	0.986272015	T	0.00535726243889	14728	70	55	80	14933	154735
UNKNOWN	274	C	0.97796825822	A	0.0139958481216	209	14604	41	79	14933	154735
UNKNOWN	275	A	0.972276166879	G	0.014330677024	14519	74	214	126	14933	154735
UNKNOWN	276	T	0.983057657537	G	0.00669657804862	99	54	100	14680	14933	154735
UNKNOWN	277	A	0.984932699391	C	0.00837072256077	14708	125	64	36	14933	154735
UNKNOWN	278	C	0.953793611465	T	0.0417196812429	56	14243	11	623	14933	154735
UNKNOWN	279	T	0.972008303757	A	0.0107145248778	160	119	139	14515	14933	154735
UNKNOWN	280	A	0.967052836001	T	0.0125895667314	14441	169	135	188	14933	154735
UNKNOWN	281	C	0.961829505123	T	0.0322105404138	53	14363	36	481	14933	154735
UNKNOWN	282	T	0.977834326659	G	0.0153351637313	79	23	229	14602	14933	154735
