Type	Position	Nucl1	Freq1	Nucl2	Freq2	NumAs	NumCs	NumGs	NumTs	NumAligned	NumNaive
UNKNOWN	0	C	1.0	A	0.0	0	12252	0	0	12252	74507
UNKNOWN	1	A	1.0	C	0.0	12252	0	0	0	12252	74507
UNKNOWN	2	G	1.0	A	0.0	0	0	12252	0	12252	74507
UNKNOWN	3	G	1.0	A	0.0	0	0	12252	0	12252	74507
UNKNOWN	4	T	1.0	A	0.0	0	0	0	12252	12252	74507
UNKNOWN	5	G	1.0	A	0.0	0	0	12252	0	12252	74507
UNKNOWN	6	C	1.0	A	0.0	0	12252	0	0	12252	74507
UNKNOWN	7	A	0.997714658831	G	0.00163238654913	12224	3	20	5	12252	74507
UNKNOWN	8	G	0.989063010121	A	0.00816193274567	100	18	12118	16	12252	74507
UNKNOWN	9	C	0.994205027751	G	0.00269343780607	17	12181	33	21	12252	74507
UNKNOWN	10	T	0.998612471433	C	0.000979431929481	1	12	4	12235	12252	74507
UNKNOWN	11	G	0.998530852106	A	0.00114267058439	14	2	12234	2	12252	74507
UNKNOWN	12	C	0.999102187398	A	0.000571335292197	7	12241	0	4	12252	74507
UNKNOWN	13	G	0.997633039504	A	0.00195886385896	24	0	12223	5	12252	74507
UNKNOWN	14	G	0.567009467842	C	0.430215475024	29	5271	6947	5	12252	74507
UNKNOWN	15	G	0.999428664708	A	0.00048971596474	6	0	12245	1	12252	74507
UNKNOWN	16	A	0.997877897486	G	0.00163238654913	12226	5	20	1	12252	74507
UNKNOWN	17	G	0.987920339536	A	0.0117531831538	144	1	12104	3	12252	74507
UNKNOWN	18	T	0.997224942866	C	0.00146914789422	7	18	9	12218	12252	74507
UNKNOWN	19	C	0.998857329416	A	0.000571335292197	7	12238	1	6	12252	74507
UNKNOWN	20	G	0.998204374796	A	0.00130590923931	16	1	12230	5	12252	74507
UNKNOWN	21	G	0.99934704538	A	0.000408096637284	5	2	12244	1	12252	74507
UNKNOWN	22	G	0.999591903363	A	0.00024485798237	3	1	12247	1	12252	74507
UNKNOWN	23	C	0.998775710088	T	0.000652954619654	5	12237	2	8	12252	74507
UNKNOWN	24	C	0.998612471433	T	0.000816193274567	6	12235	1	10	12252	74507
UNKNOWN	25	C	0.998857329416	A	0.000652954619654	8	12238	0	6	12252	74507
UNKNOWN	26	C	0.998857329416	A	0.000897812602024	11	12238	0	3	12252	74507
UNKNOWN	27	A	0.997224942866	G	0.00220372184133	12218	6	27	1	12252	74507
UNKNOWN	28	G	0.992327783219	A	0.00579497224943	71	21	12158	2	12252	74507
UNKNOWN	29	C	0.998285994123	T	0.000816193274567	9	12231	2	10	12252	74507
UNKNOWN	30	C	0.998612471433	T	0.000734573947111	8	12235	0	9	12252	74507
UNKNOWN	31	T	0.996735226902	C	0.00163238654913	1	20	19	12212	12252	74507
UNKNOWN	32	G	0.994205027751	A	0.00473392099249	58	5	12181	8	12252	74507
UNKNOWN	33	G	0.996327130264	C	0.00171400587659	15	21	12207	9	12252	74507
UNKNOWN	34	T	0.997306562194	C	0.00122428991185	3	15	15	12219	12252	74507
UNKNOWN	35	G	0.997714658831	A	0.00138752856676	17	3	12224	8	12252	74507
UNKNOWN	36	A	0.998775710088	G	0.000652954619654	12237	6	8	1	12252	74507
UNKNOWN	37	A	0.994368266405	G	0.00448906301012	12183	10	55	4	12252	74507
UNKNOWN	38	G	0.997633039504	C	0.00106105125694	12	13	12223	4	12252	74507
UNKNOWN	39	C	0.996980084884	T	0.00187724453151	9	12215	5	23	12252	74507
UNKNOWN	40	C	0.998041136141	G	0.000816193274567	8	12228	10	6	12252	74507
UNKNOWN	41	G	0.906953966699	C	0.0867613450865	58	1063	11112	19	12252	74507
UNKNOWN	42	T	0.995919033627	C	0.00277505713353	10	34	6	12202	12252	74507
UNKNOWN	43	C	0.997306562194	A	0.00179562520405	22	12219	3	8	12252	74507
UNKNOWN	44	A	0.995592556317	G	0.00293829578844	12198	15	36	3	12252	74507
UNKNOWN	45	C	0.997061704212	A	0.00195886385896	24	12216	8	4	12252	74507
UNKNOWN	46	A	0.997388181521	G	0.00187724453151	12220	7	23	2	12252	74507
UNKNOWN	47	G	0.996408749592	A	0.00326477309827	40	2	12208	2	12252	74507
UNKNOWN	48	A	0.995674175645	G	0.00285667646099	12199	16	35	2	12252	74507
UNKNOWN	49	C	0.997061704212	G	0.00146914789422	11	12216	18	7	12252	74507
UNKNOWN	50	C	0.996490368919	T	0.00261181847862	10	12209	1	32	12252	74507
UNKNOWN	51	C	0.997959516814	T	0.00138752856676	7	12227	1	17	12252	74507
UNKNOWN	52	T	0.997306562194	C	0.00236696049625	3	29	1	12219	12252	74507
UNKNOWN	53	C	0.997796278159	T	0.00122428991185	11	12225	1	15	12252	74507
UNKNOWN	54	T	0.996898465557	C	0.00269343780607	1	33	4	12214	12252	74507
UNKNOWN	55	C	0.997469800849	G	0.000979431929481	11	12221	12	8	12252	74507
UNKNOWN	56	G	0.914054848188	C	0.0804766568723	53	986	11199	14	12252	74507
UNKNOWN	57	C	0.997796278159	T	0.00138752856676	7	12225	3	17	12252	74507
UNKNOWN	58	T	0.996408749592	C	0.00277505713353	8	34	2	12208	12252	74507
UNKNOWN	59	C	0.998041136141	A	0.00146914789422	18	12228	3	3	12252	74507
UNKNOWN	60	A	0.995919033627	G	0.00228534116879	12202	18	28	4	12252	74507
UNKNOWN	61	C	0.997796278159	T	0.00114267058439	10	12225	3	14	12252	74507
UNKNOWN	62	C	0.996490368919	T	0.00187724453151	2	12209	18	23	12252	74507
UNKNOWN	63	T	0.997224942866	C	0.00155076722168	3	19	12	12218	12252	74507
UNKNOWN	64	G	0.997959516814	A	0.000897812602024	11	11	12227	3	12252	74507
UNKNOWN	65	C	0.997306562194	A	0.00146914789422	18	12219	1	14	12252	74507
UNKNOWN	66	A	0.995347698335	G	0.0024485798237	12195	22	30	5	12252	74507
UNKNOWN	67	C	0.996816846229	T	0.00146914789422	8	12213	13	18	12252	74507
UNKNOWN	68	G	0.998122755468	A	0.00146914789422	18	4	12229	1	12252	74507
UNKNOWN	69	G	0.98522690173	A	0.0131407117205	161	14	12071	6	12252	74507
UNKNOWN	70	C	0.948743062357	T	0.0497877897486	15	11624	3	610	12252	74507
UNKNOWN	71	C	0.989471106758	T	0.00726412014365	18	12123	22	89	12252	74507
UNKNOWN	72	T	0.996082272282	C	0.00261181847862	3	32	13	12204	12252	74507
UNKNOWN	73	C	0.997469800849	T	0.00155076722168	6	12221	6	19	12252	74507
UNKNOWN	74	T	0.996000652955	C	0.00187724453151	7	23	19	12203	12252	74507
UNKNOWN	75	G	0.99518445968	A	0.00375448906301	46	7	12193	6	12252	74507
UNKNOWN	76	G	0.992082925237	A	0.00587659157689	72	19	12155	6	12252	74507
UNKNOWN	77	A	0.99485798237	C	0.00253019915116	12189	31	17	15	12252	74507
UNKNOWN	78	T	0.994205027751	C	0.00261181847862	13	32	26	12181	12252	74507
UNKNOWN	79	T	0.996816846229	C	0.00236696049625	6	29	4	12213	12252	74507
UNKNOWN	80	C	0.989797584068	T	0.00555011426706	12	12127	45	68	12252	74507
UNKNOWN	81	T	0.995919033627	C	0.00326477309827	7	40	3	12202	12252	74507
UNKNOWN	82	C	0.996980084884	A	0.00179562520405	22	12215	1	14	12252	74507
UNKNOWN	83	A	0.994123408423	G	0.00342801175318	12180	12	42	18	12252	74507
UNKNOWN	84	T	0.995347698335	C	0.00204048318642	18	25	14	12195	12252	74507
UNKNOWN	85	T	0.997143323539	C	0.00122428991185	9	15	11	12217	12252	74507
UNKNOWN	86	A	0.520159973882	G	0.475759059745	6373	30	5829	20	12252	74507
UNKNOWN	87	A	0.992082925237	G	0.00587659157689	12155	21	72	4	12252	74507
UNKNOWN	88	G	0.976738491675	A	0.0168135814561	206	66	11967	13	12252	74507
UNKNOWN	89	C	0.985961475677	T	0.00922298400261	28	12080	31	113	12252	74507
UNKNOWN	90	G	0.974371531179	A	0.0235063663075	288	19	11938	7	12252	74507
UNKNOWN	91	A	0.982206986614	G	0.0135488083578	12034	47	166	5	12252	74507
UNKNOWN	92	C	0.982615083252	T	0.0102024159321	32	12039	56	125	12252	74507
UNKNOWN	93	A	0.975350963108	T	0.0150995755795	11950	22	95	185	12252	74507
UNKNOWN	94	A	0.988328436174	G	0.00775383610839	12109	29	95	19	12252	74507
UNKNOWN	95	G	0.971269996735	T	0.0232615083252	52	15	11900	285	12252	74507
UNKNOWN	96	G	0.971188377408	A	0.0227717923604	279	47	11899	27	12252	74507
UNKNOWN	97	C	0.989307868103	T	0.00677440417891	20	12121	28	83	12252	74507
UNKNOWN	98	T	0.993796931113	G	0.00293829578844	10	30	36	12176	12252	74507
UNKNOWN	99	G	0.982778321907	A	0.0153444335619	188	3	12041	20	12252	74507
UNKNOWN	100	T	0.996735226902	C	0.00187724453151	13	23	4	12212	12252	74507
UNKNOWN	101	A	0.990450538688	G	0.00701926216128	12135	18	86	13	12252	74507
UNKNOWN	102	G	0.989144629448	A	0.00946784198498	116	7	12119	10	12252	74507
UNKNOWN	103	G	0.98620633366	A	0.0090597453477	111	41	12083	17	12252	74507
UNKNOWN	104	C	0.989307868103	T	0.00620306888671	17	12121	38	76	12252	74507
UNKNOWN	105	T	0.996245510937	G	0.00236696049625	0	17	29	12206	12252	74507
UNKNOWN	106	G	0.999265426053	A	0.000326477309827	4	1	12243	4	12252	74507
UNKNOWN	107	G	0.998938948743	A	0.000408096637284	5	5	12239	3	12252	74507
UNKNOWN	108	G	0.984655566438	A	0.0121612797911	149	18	12064	21	12252	74507
UNKNOWN	109	T	0.99453150506	C	0.00440744368266	2	54	11	12185	12252	74507
UNKNOWN	110	C	0.99616389161	T	0.00334639242573	4	12205	2	41	12252	74507
UNKNOWN	111	C	0.997714658831	G	0.00122428991185	10	12224	15	3	12252	74507
UNKNOWN	112	G	0.997469800849	C	0.00138752856676	11	17	12221	3	12252	74507
UNKNOWN	113	C	0.998449232778	T	0.000652954619654	3	12233	8	8	12252	74507
UNKNOWN	114	C	0.997143323539	A	0.00171400587659	21	12217	5	9	12252	74507
UNKNOWN	115	A	0.99069539667	G	0.00775383610839	12138	17	95	2	12252	74507
UNKNOWN	116	G	0.998122755468	A	0.000979431929481	12	3	12229	8	12252	74507
UNKNOWN	117	G	0.993143976494	A	0.00424420502775	52	19	12168	13	12252	74507
UNKNOWN	118	C	0.995266079008	T	0.00383610839047	6	12194	5	47	12252	74507
UNKNOWN	119	T	0.995429317662	C	0.00350963108064	6	43	7	12196	12252	74507
UNKNOWN	120	C	0.998041136141	A	0.00114267058439	14	12228	4	6	12252	74507
UNKNOWN	121	C	0.997388181521	A	0.00187724453151	23	12220	4	5	12252	74507
UNKNOWN	122	A	0.991511589944	G	0.00669278485145	12148	15	82	7	12252	74507
UNKNOWN	123	G	0.995592556317	A	0.00342801175318	42	7	12198	5	12252	74507
UNKNOWN	124	G	0.996816846229	A	0.00310153444336	38	0	12213	1	12252	74507
UNKNOWN	125	A	0.527179236043	G	0.471269996735	6459	14	5774	5	12252	74507
UNKNOWN	126	A	0.996653607574	C	0.00163238654913	12211	20	20	1	12252	74507
UNKNOWN	127	A	0.993307215149	G	0.00571335292197	12170	11	70	1	12252	74507
UNKNOWN	128	G	0.998449232778	A	0.00138752856676	17	1	12233	1	12252	74507
UNKNOWN	129	G	0.991674828599	C	0.00432582435521	45	53	12150	4	12252	74507
UNKNOWN	130	C	0.995592556317	G	0.00212210251388	11	12198	26	17	12252	74507
UNKNOWN	131	G	0.983431276526	A	0.011263467189	138	58	12049	7	12252	74507
UNKNOWN	132	C	0.993143976494	T	0.0035912504081	9	12168	31	44	12252	74507
UNKNOWN	133	T	0.994041789096	G	0.00269343780607	8	32	33	12179	12252	74507
UNKNOWN	134	G	0.98971596474	A	0.00873326803787	107	4	12126	15	12252	74507
UNKNOWN	135	G	0.995919033627	A	0.00228534116879	28	16	12202	6	12252	74507
UNKNOWN	136	A	0.994368266405	G	0.00465230166503	12183	8	57	4	12252	74507
UNKNOWN	137	G	0.987838720209	A	0.00995755794972	122	4	12103	23	12252	74507
UNKNOWN	138	T	0.995592556317	G	0.00253019915116	0	23	31	12198	12252	74507
UNKNOWN	139	G	0.998857329416	T	0.000734573947111	4	1	12238	9	12252	74507
UNKNOWN	140	G	0.993715311786	C	0.00457068233758	12	56	12175	9	12252	74507
UNKNOWN	141	C	0.99069539667	G	0.00612144955926	11	12138	75	28	12252	74507
UNKNOWN	142	T	0.995102840353	C	0.00310153444336	3	38	19	12192	12252	74507
UNKNOWN	143	C	0.99102187398	T	0.00497877897486	15	12142	34	61	12252	74507
UNKNOWN	144	G	0.996245510937	A	0.00350963108064	43	0	12206	3	12252	74507
UNKNOWN	145	G	0.994939601698	C	0.00220372184133	9	27	12190	26	12252	74507
UNKNOWN	146	T	0.984982043748	C	0.00628468821417	57	77	50	12068	12252	74507
UNKNOWN	147	A	0.694580476657	G	0.296359777995	8510	58	3631	53	12252	74507
UNKNOWN	148	G	0.931929480901	A	0.0325661116552	399	343	11418	92	12252	74507
UNKNOWN	149	T	0.986777668952	C	0.00710088148874	50	87	25	12090	12252	74507
UNKNOWN	150	A	0.937234737186	G	0.0559092393079	11483	19	685	65	12252	74507
UNKNOWN	151	T	0.993633692458	C	0.00285667646099	33	35	10	12174	12252	74507
UNKNOWN	152	A	0.969229513549	G	0.0173849167483	11875	37	213	127	12252	74507
UNKNOWN	153	G	0.966699314398	A	0.022690173033	278	81	11844	49	12252	74507
UNKNOWN	154	A	0.97690173033	G	0.0155076722168	11969	65	190	28	12252	74507
UNKNOWN	155	C	0.961883774078	T	0.0287300032648	81	11785	34	352	12252	74507
UNKNOWN	156	A	0.974126673196	G	0.0159973881815	11935	89	196	32	12252	74507
UNKNOWN	157	C	0.941723800196	G	0.0261181847862	75	11538	320	319	12252	74507
UNKNOWN	158	T	0.982288605942	G	0.0117531831538	19	54	144	12035	12252	74507
UNKNOWN	159	G	0.928256611166	A	0.060398302318	740	76	11373	63	12252	74507
UNKNOWN	160	G	0.932337577538	A	0.0408912830558	501	215	11423	113	12252	74507
UNKNOWN	161	T	0.981309174012	G	0.00824355207313	37	91	101	12023	12252	74507
UNKNOWN	162	G	0.993388834476	A	0.00530525628469	65	5	12171	11	12252	74507
UNKNOWN	163	G	0.978942213516	A	0.01893568397	232	19	11994	7	12252	74507
UNKNOWN	164	A	0.987675481554	G	0.0060398302318	12101	62	74	15	12252	74507
UNKNOWN	165	A	0.980656219393	G	0.0138752856676	12015	51	170	16	12252	74507
UNKNOWN	166	G	0.755876591577	A	0.172461638916	2113	617	9261	261	12252	74507
UNKNOWN	167	C	0.936908259876	T	0.0364022200457	192	11479	135	446	12252	74507
UNKNOWN	168	A	0.982125367287	G	0.00873326803787	12033	95	107	17	12252	74507
UNKNOWN	169	C	0.983349657199	A	0.0079170747633	97	12048	22	85	12252	74507
UNKNOWN	170	A	0.986369572315	G	0.00816193274567	12085	43	100	24	12252	74507
UNKNOWN	171	G	0.987512242899	A	0.00710088148874	87	27	12099	39	12252	74507
UNKNOWN	172	G	0.913891609533	A	0.0621123081946	761	216	11197	78	12252	74507
UNKNOWN	173	C	0.977391446294	T	0.0117531831538	41	11975	92	144	12252	74507
UNKNOWN	174	T	0.992327783219	A	0.00383610839047	47	24	23	12158	12252	74507
UNKNOWN	175	A	0.992654260529	T	0.00432582435521	12162	25	12	53	12252	74507
UNKNOWN	176	T	0.984818805093	C	0.0119980411361	35	147	4	12066	12252	74507
UNKNOWN	177	A	0.993960169768	C	0.00342801175318	12178	42	19	13	12252	74507
UNKNOWN	178	A	0.991266731962	C	0.00481554031995	12145	59	43	5	12252	74507
UNKNOWN	179	C	0.940744368266	T	0.051828272935	42	11526	49	635	12252	74507
UNKNOWN	180	C	0.982125367287	T	0.00865164871041	57	12033	56	106	12252	74507
UNKNOWN	181	C	0.988491674829	T	0.00473392099249	52	12111	31	58	12252	74507
UNKNOWN	182	A	0.984492327783	G	0.00808031341822	12062	77	99	14	12252	74507
UNKNOWN	183	G	0.992899118511	A	0.00342801175318	42	15	12165	30	12252	74507
UNKNOWN	184	G	0.952579170748	C	0.0329742082925	156	404	11671	21	12252	74507
UNKNOWN	185	C	0.996000652955	T	0.0024485798237	10	12203	9	30	12252	74507
UNKNOWN	186	C	0.995102840353	T	0.00350963108064	12	12192	5	43	12252	74507
UNKNOWN	187	T	0.993470453803	G	0.00326477309827	13	27	40	12172	12252	74507
UNKNOWN	188	G	0.984165850473	A	0.0102024159321	125	35	12058	34	12252	74507
UNKNOWN	189	A	0.987022526934	G	0.00750897812602	12093	59	92	8	12252	74507
UNKNOWN	190	A	0.993633692458	C	0.00293829578844	12174	36	33	9	12252	74507
UNKNOWN	191	A	0.987920339536	G	0.00587659157689	12104	40	72	36	12252	74507
UNKNOWN	192	T	0.991185112635	C	0.00522363695723	13	64	31	12144	12252	74507
UNKNOWN	193	C	0.990532158015	T	0.00506039830232	49	12136	5	62	12252	74507
UNKNOWN	194	C	0.987185765589	T	0.00710088148874	40	12095	30	87	12252	74507
UNKNOWN	195	C	0.996000652955	G	0.00285667646099	9	12203	35	5	12252	74507
UNKNOWN	196	G	0.997306562194	T	0.00114267058439	11	8	12219	14	12252	74507
UNKNOWN	197	G	0.945315050604	A	0.0398302317989	488	103	11582	79	12252	74507
UNKNOWN	198	C	0.992327783219	T	0.00334639242573	32	12158	21	41	12252	74507
UNKNOWN	199	T	0.989797584068	C	0.00612144955926	14	75	36	12127	12252	74507
UNKNOWN	200	C	0.991266731962	A	0.00399934704538	49	12145	16	42	12252	74507
UNKNOWN	201	A	0.987512242899	G	0.00652954619654	12099	72	80	1	12252	74507
UNKNOWN	202	G	0.982941560562	C	0.0115083251714	26	141	12043	42	12252	74507
UNKNOWN	203	C	0.95666013712	T	0.0323212536729	91	11721	44	396	12252	74507
UNKNOWN	204	A	0.984573947111	G	0.00734573947111	12063	63	90	36	12252	74507
UNKNOWN	205	T	0.992001305909	C	0.00538687561214	19	66	13	12154	12252	74507
UNKNOWN	206	C	0.984655566438	T	0.00897812602024	74	12064	4	110	12252	74507
UNKNOWN	207	A	0.984573947111	C	0.00881488736533	12063	108	70	11	12252	74507
UNKNOWN	208	C	0.988410055501	T	0.00416258570029	48	12110	43	51	12252	74507
UNKNOWN	209	C	0.970535422788	T	0.0119164218087	99	11891	116	146	12252	74507
UNKNOWN	210	A	0.98587985635	C	0.00979431929481	12079	120	49	4	12252	74507
UNKNOWN	211	A	0.979921645446	G	0.0153444335619	12006	55	188	3	12252	74507
UNKNOWN	212	G	0.986124714332	A	0.0102024159321	125	31	12082	14	12252	74507
UNKNOWN	213	G	0.987920339536	A	0.00873326803787	107	28	12104	13	12252	74507
UNKNOWN	214	A	0.988899771466	C	0.00865164871041	12116	106	23	7	12252	74507
UNKNOWN	215	C	0.974779627816	T	0.015017956252	81	11943	44	184	12252	74507
UNKNOWN	216	A	0.987512242899	G	0.00620306888671	12099	61	76	16	12252	74507
UNKNOWN	217	A	0.977391446294	G	0.0107737512243	11975	122	132	23	12252	74507
UNKNOWN	218	C	0.972739144629	T	0.0173849167483	51	11918	70	213	12252	74507
UNKNOWN	219	T	0.987349004244	C	0.00669278485145	36	82	37	12097	12252	74507
UNKNOWN	220	C	0.991756447927	A	0.00473392099249	58	12151	8	35	12252	74507
UNKNOWN	221	C	0.991185112635	A	0.00473392099249	58	12144	11	39	12252	74507
UNKNOWN	222	A	0.989879203395	C	0.00497877897486	12128	61	61	2	12252	74507
UNKNOWN	223	A	0.984818805093	G	0.0136304276853	12066	18	167	1	12252	74507
UNKNOWN	224	G	0.984737185766	A	0.00759059745348	93	73	12065	21	12252	74507
UNKNOWN	225	A	0.990858635325	G	0.00644792686908	12140	28	79	5	12252	74507
UNKNOWN	226	G	0.945396669931	A	0.0429317662422	526	125	11583	18	12252	74507
UNKNOWN	227	C	0.960414626183	T	0.0341168788769	29	11767	38	418	12252	74507
UNKNOWN	228	C	0.987920339536	G	0.00783545543585	48	12104	96	4	12252	74507
UNKNOWN	229	A	0.994449885733	G	0.00334639242573	12184	9	41	18	12252	74507
UNKNOWN	230	A	0.980329742083	G	0.0177930133856	12011	17	218	6	12252	74507
UNKNOWN	231	G	0.974698008488	A	0.0163238654913	200	44	11942	66	12252	74507
UNKNOWN	232	T	0.989063010121	C	0.00742735879856	5	91	38	12118	12252	74507
UNKNOWN	233	C	0.969392752204	T	0.0184459680052	25	11877	124	226	12252	74507
UNKNOWN	234	T	0.989960822723	C	0.00628468821417	17	77	29	12129	12252	74507
UNKNOWN	235	C	0.990532158015	T	0.0079170747633	16	12136	3	97	12252	74507
UNKNOWN	236	T	0.982206986614	C	0.00824355207313	54	101	63	12034	12252	74507
UNKNOWN	237	C	0.992899118511	T	0.00530525628469	16	12165	6	65	12252	74507
UNKNOWN	238	T	0.993715311786	G	0.00391772771792	7	22	48	12175	12252	74507
UNKNOWN	239	G	0.957231472413	A	0.0285667646099	350	47	11728	127	12252	74507
UNKNOWN	240	T	0.986940907607	C	0.00481554031995	47	59	54	12092	12252	74507
UNKNOWN	241	C	0.984573947111	T	0.0111818478616	43	12063	9	137	12252	74507
UNKNOWN	242	A	0.979431929481	G	0.013222331048	12000	55	162	35	12252	74507
UNKNOWN	243	G	0.915850473392	A	0.0431766242246	529	376	11221	126	12252	74507
UNKNOWN	244	T	0.993878550441	G	0.00367286973555	10	20	45	12177	12252	74507
UNKNOWN	245	G	0.975024485798	A	0.0170584394385	209	44	11946	53	12252	74507
UNKNOWN	246	A	0.983431276526	G	0.0113450865165	12049	55	139	9	12252	74507
UNKNOWN	247	G	0.946049624551	A	0.0357492654261	438	178	11591	45	12252	74507
UNKNOWN	248	C	0.970617042116	T	0.0186092066601	101	11892	31	228	12252	74507
UNKNOWN	249	A	0.985063663075	G	0.0120796604636	12069	32	148	3	12252	74507
UNKNOWN	250	G	0.988573294156	C	0.00710088148874	39	87	12112	14	12252	74507
UNKNOWN	251	C	0.984982043748	T	0.0096310806399	16	12068	50	118	12252	74507
UNKNOWN	252	G	0.990858635325	A	0.00538687561214	66	10	12140	36	12252	74507
UNKNOWN	253	T	0.987430623572	C	0.00857002938296	9	105	40	12098	12252	74507
UNKNOWN	254	G	0.955190989226	A	0.0292197192295	358	66	11703	125	12252	74507
UNKNOWN	255	A	0.980248122755	G	0.0125693764283	12010	51	154	37	12252	74507
UNKNOWN	256	C	0.987838720209	A	0.00465230166503	57	12103	51	41	12252	74507
UNKNOWN	257	A	0.972820763957	G	0.0222004570682	11919	36	272	25	12252	74507
UNKNOWN	258	A	0.882386549135	C	0.0978615736206	10811	1199	193	49	12252	74507
UNKNOWN	259	C	0.958863858962	T	0.0213842637937	44	11748	198	262	12252	74507
UNKNOWN	260	T	0.973555337904	G	0.0144466209598	22	125	177	11928	12252	74507
UNKNOWN	261	G	0.991511589944	A	0.0054684949396	67	11	12148	26	12252	74507
UNKNOWN	262	A	0.98971596474	G	0.00767221678093	12126	25	94	7	12252	74507
UNKNOWN	263	G	0.95796604636	A	0.0257100881489	315	156	11737	44	12252	74507
UNKNOWN	264	G	0.991593209272	A	0.00563173359452	69	8	12149	26	12252	74507
UNKNOWN	265	A	0.991674828599	C	0.00448906301012	12150	55	28	19	12252	74507
UNKNOWN	266	C	0.979676787463	T	0.0124061377734	49	12003	48	152	12252	74507
UNKNOWN	267	T	0.832598759386	A	0.155892915442	1910	55	86	10201	12252	74507
UNKNOWN	268	C	0.992817499184	G	0.00448906301012	21	12164	55	12	12252	74507
UNKNOWN	269	G	0.979840026118	A	0.0168952007835	207	21	12005	19	12252	74507
UNKNOWN	270	G	0.993143976494	C	0.0035912504081	23	44	12168	17	12252	74507
UNKNOWN	271	C	0.990858635325	G	0.00448906301012	43	12140	55	14	12252	74507
UNKNOWN	272	C	0.990450538688	A	0.00742735879856	91	12135	11	15	12252	74507
UNKNOWN	273	A	0.989960822723	G	0.00514201762977	12129	44	63	16	12252	74507
UNKNOWN	274	C	0.98522690173	A	0.00710088148874	87	12071	37	57	12252	74507
UNKNOWN	275	A	0.976738491675	G	0.0120796604636	11967	84	148	53	12252	74507
UNKNOWN	276	T	0.992572641201	A	0.00448906301012	55	19	17	12161	12252	74507
UNKNOWN	277	A	0.992082925237	C	0.00416258570029	12155	51	20	26	12252	74507
UNKNOWN	278	C	0.951844596801	T	0.0455435847209	18	11662	14	558	12252	74507
UNKNOWN	279	T	0.983839373164	C	0.00816193274567	52	100	46	12054	12252	74507
UNKNOWN	280	A	0.980492980738	T	0.0106921318968	12013	55	53	131	12252	74507
UNKNOWN	281	C	0.966862553053	T	0.0297910545217	18	11846	23	365	12252	74507
UNKNOWN	282	T	0.988981390793	G	0.006611165524	30	24	81	12117	12252	74507
UNKNOWN	283	G	0.992409402547	T	0.0048971596474	25	8	12159	60	12252	74507
UNKNOWN	284	T	0.955027750571	C	0.0381978452498	41	468	42	11701	12252	74507
UNKNOWN	285	A	0.722004570682	G	0.235471759713	8846	115	2885	406	12252	74507
UNKNOWN	286	C	0.855370551747	G	0.0710088148874	178	10480	870	724	12252	74507
UNKNOWN	287	T	0.743225595821	A	0.1129611492	1384	483	1279	9106	12252	74507
UNKNOWN	288	A	0.916748285994	G	0.0519915115899	11232	142	637	241	12252	74507
UNKNOWN	289	C	0.764528240287	A	0.149689846556	1834	9367	677	374	12252	74507
UNKNOWN	290	T	0.778811622592	A	0.111981717271	1372	261	1077	9542	12252	74507
