Type	Position	Nucl1	Freq1	Nucl2	Freq2	NumAs	NumCs	NumGs	NumTs	NumAligned	NumNaive
UNKNOWN	0	C	1.0	A	0.0	0	21417	0	0	21417	151849
UNKNOWN	1	A	1.0	C	0.0	21417	0	0	0	21417	151849
UNKNOWN	2	G	1.0	A	0.0	0	0	21417	0	21417	151849
UNKNOWN	3	G	1.0	A	0.0	0	0	21417	0	21417	151849
UNKNOWN	4	T	1.0	A	0.0	0	0	0	21417	21417	151849
UNKNOWN	5	G	1.0	A	0.0	0	0	21417	0	21417	151849
UNKNOWN	6	C	1.0	A	0.0	0	21417	0	0	21417	151849
UNKNOWN	7	A	0.997198487183	G	0.00210113461269	21357	2	45	13	21417	151849
UNKNOWN	8	G	0.993836671803	A	0.0051827987113	111	20	21285	1	21417	151849
UNKNOWN	9	C	0.997058411542	T	0.00219451837325	5	21354	11	47	21417	151849
UNKNOWN	10	T	0.998786011113	C	0.00107391324649	0	23	3	21391	21417	151849
UNKNOWN	11	G	0.998739319232	A	0.000793761964794	17	3	21390	7	21417	151849
UNKNOWN	12	C	0.998132324789	T	0.00163421580987	4	21377	1	35	21417	151849
UNKNOWN	13	G	0.999299621796	A	0.000606994443666	13	0	21402	2	21417	151849
UNKNOWN	14	G	0.757995984498	C	0.241210253537	13	5166	16234	4	21417	151849
UNKNOWN	15	G	0.999439697437	A	0.000420226922538	9	2	21405	1	21417	151849
UNKNOWN	16	A	0.997431946584	G	0.00200775085213	21362	6	43	6	21417	151849
UNKNOWN	17	G	0.997665405986	A	0.00191436709156	41	2	21367	7	21417	151849
UNKNOWN	18	T	0.998038941028	C	0.00135406452818	6	29	7	21375	21417	151849
UNKNOWN	19	C	0.999206238035	T	0.000653686323948	1	21400	2	14	21417	151849
UNKNOWN	20	G	0.995937806415	A	0.00308166409861	66	5	21330	16	21417	151849
UNKNOWN	21	G	0.997385254704	T	0.00172759957043	8	11	21361	37	21417	151849
UNKNOWN	22	G	0.999159546155	A	0.000420226922538	9	1	21399	8	21417	151849
UNKNOWN	23	C	0.998879394873	T	0.000793761964794	5	21393	2	17	21417	151849
UNKNOWN	24	C	0.997431946584	T	0.00121398888733	21	21362	8	26	21417	151849
UNKNOWN	25	C	0.99827240043	A	0.000793761964794	17	21380	3	17	21417	151849
UNKNOWN	26	C	0.998972778634	T	0.000513610683102	10	21395	1	11	21417	151849
UNKNOWN	27	A	0.997478638465	G	0.00219451837325	21363	6	47	1	21417	151849
UNKNOWN	28	G	0.996871644021	A	0.00196105897184	42	15	21350	10	21417	151849
UNKNOWN	29	C	0.997945557268	T	0.00191436709156	1	21373	2	41	21417	151849
UNKNOWN	30	C	0.999206238035	T	0.000560302563384	1	21400	4	12	21417	151849
UNKNOWN	31	T	0.997572022225	C	0.00135406452818	5	29	18	21365	21417	151849
UNKNOWN	32	G	0.994256898725	A	0.00410888546482	88	6	21294	29	21417	151849
UNKNOWN	33	G	0.99168884531	A	0.00672363076061	144	21	21239	13	21417	151849
UNKNOWN	34	T	0.989260867535	C	0.0100854461409	2	216	12	21187	21417	151849
UNKNOWN	35	G	0.997105103423	A	0.00256805341551	55	2	21355	5	21417	151849
UNKNOWN	36	A	0.997712097866	G	0.00121398888733	21368	16	26	7	21417	151849
UNKNOWN	37	A	0.994443666246	G	0.00443572862679	21298	18	95	6	21417	151849
UNKNOWN	38	G	0.997525330345	A	0.00154083204931	33	14	21364	6	21417	151849
UNKNOWN	39	C	0.997151795303	T	0.00177429145072	9	21356	14	38	21417	151849
UNKNOWN	40	C	0.998692627352	T	0.00070037820423	1	21389	12	15	21417	151849
UNKNOWN	41	G	0.909978054816	C	0.0847457627119	86	1815	19489	27	21417	151849
UNKNOWN	42	T	0.995284120092	C	0.00280151281692	27	60	14	21316	21417	151849
UNKNOWN	43	C	0.997105103423	T	0.00163421580987	25	21355	2	35	21417	151849
UNKNOWN	44	A	0.995330811972	G	0.00210113461269	21317	40	45	15	21417	151849
UNKNOWN	45	C	0.997385254704	A	0.00177429145072	38	21361	8	10	21417	151849
UNKNOWN	46	A	0.996358033338	G	0.00196105897184	21339	27	42	9	21417	151849
UNKNOWN	47	G	0.996544800859	A	0.00303497221833	65	4	21343	5	21417	151849
UNKNOWN	48	A	0.995377503852	G	0.00303497221833	21318	26	65	8	21417	151849
UNKNOWN	49	C	0.998552551711	T	0.000747070084512	4	21386	11	16	21417	151849
UNKNOWN	50	C	0.997665405986	T	0.00154083204931	12	21367	5	33	21417	151849
UNKNOWN	51	C	0.998505859831	T	0.0010272213662	6	21385	4	22	21417	151849
UNKNOWN	52	T	0.996824952141	C	0.00298828033805	2	64	2	21349	21417	151849
UNKNOWN	53	C	0.992902834197	G	0.00606994443666	5	21265	130	17	21417	151849
UNKNOWN	54	T	0.99673156838	C	0.00270812905636	4	58	8	21347	21417	151849
UNKNOWN	55	C	0.997525330345	T	0.000980529485922	16	21364	16	21	21417	151849
UNKNOWN	56	C	0.759770275949	G	0.237755054396	31	16272	5092	22	21417	151849
UNKNOWN	57	C	0.998179016669	T	0.00121398888733	2	21378	11	26	21417	151849
UNKNOWN	58	T	0.996264649577	C	0.00336181538031	6	72	2	21337	21417	151849
UNKNOWN	59	C	0.997478638465	A	0.00140075640846	30	21363	1	23	21417	151849
UNKNOWN	60	A	0.992435915394	C	0.00504272307046	21255	108	46	8	21417	151849
UNKNOWN	61	C	0.997338562824	T	0.00228790213382	5	21360	3	49	21417	151849
UNKNOWN	62	C	0.995330811972	T	0.00336181538031	4	21317	24	72	21417	151849
UNKNOWN	63	T	0.996824952141	C	0.00200775085213	3	43	22	21349	21417	151849
UNKNOWN	64	G	0.99836578419	C	0.000793761964794	14	17	21382	4	21417	151849
UNKNOWN	65	C	0.996778260261	T	0.00210113461269	23	21348	1	45	21417	151849
UNKNOWN	66	A	0.990568240183	C	0.00588317691553	21215	126	63	13	21417	151849
UNKNOWN	67	C	0.995891114535	G	0.00228790213382	6	21329	49	33	21417	151849
UNKNOWN	68	G	0.995610963253	A	0.00256805341551	55	21	21323	18	21417	151849
UNKNOWN	69	G	0.984638371387	A	0.013073726479	280	28	21088	21	21417	151849
UNKNOWN	70	T	0.743988420414	C	0.253910444974	7	5438	38	15934	21417	151849
UNKNOWN	71	C	0.990568240183	T	0.00508941495074	9	21215	84	109	21417	151849
UNKNOWN	72	T	0.995424195732	C	0.00303497221833	9	65	24	21319	21417	151849
UNKNOWN	73	C	0.997898865387	T	0.00149414016902	4	21372	9	32	21417	151849
UNKNOWN	74	T	0.994537050007	C	0.00270812905636	11	58	48	21300	21417	151849
UNKNOWN	75	G	0.99505066069	A	0.00443572862679	95	2	21311	9	21417	151849
UNKNOWN	76	G	0.992856142317	A	0.00560302563384	120	24	21264	9	21417	151849
UNKNOWN	77	A	0.989307559415	C	0.00588317691553	21188	126	48	55	21417	151849
UNKNOWN	78	T	0.990755007704	G	0.00434234486623	32	73	93	21219	21417	151849
UNKNOWN	79	T	0.988560489331	C	0.00574310127469	29	123	93	21172	21417	151849
UNKNOWN	80	C	0.988093570528	T	0.0064901713592	22	21162	94	139	21417	151849
UNKNOWN	81	T	0.994116823084	C	0.00359527478172	6	77	43	21291	21417	151849
UNKNOWN	82	C	0.99663818462	A	0.00205444273241	44	21345	2	26	21417	151849
UNKNOWN	83	A	0.99168884531	T	0.00345519914087	21239	43	61	74	21417	151849
UNKNOWN	84	T	0.994023439324	C	0.00485595554933	13	104	11	21289	21417	151849
UNKNOWN	85	T	0.995470887613	G	0.00280151281692	5	32	60	21320	21417	151849
UNKNOWN	86	G	0.989634402577	A	0.00901153289443	193	11	21195	18	21417	151849
UNKNOWN	87	A	0.994163514965	G	0.00359527478172	21292	45	77	3	21417	151849
UNKNOWN	88	G	0.976000373535	A	0.0134472615212	288	158	20903	68	21417	151849
UNKNOWN	89	C	0.987533267965	T	0.00789092776766	33	21150	65	169	21417	151849
UNKNOWN	90	G	0.974086006443	A	0.0235793995424	505	26	20862	24	21417	151849
UNKNOWN	91	A	0.978708502591	G	0.0155950880142	20961	105	334	17	21417	151849
UNKNOWN	92	C	0.982770696176	T	0.0096185273381	60	21048	103	206	21417	151849
UNKNOWN	93	A	0.969276742774	T	0.0195638978382	20759	78	161	419	21417	151849
UNKNOWN	94	A	0.983657841901	G	0.0114395106691	21067	63	245	42	21417	151849
UNKNOWN	95	G	0.960965588084	T	0.0320306298735	114	36	20581	686	21417	151849
UNKNOWN	96	G	0.940327777	A	0.050333846944	1078	121	20139	79	21417	151849
UNKNOWN	97	C	0.975673530373	T	0.010272213662	112	20896	189	220	21417	151849
UNKNOWN	98	T	0.992949526077	C	0.00401550170425	8	86	57	21266	21417	151849
UNKNOWN	99	G	0.984498295746	A	0.0126534995564	271	5	21085	56	21417	151849
UNKNOWN	100	T	0.996778260261	C	0.00168090769015	26	36	7	21348	21417	151849
UNKNOWN	101	A	0.986365970958	G	0.00905822477471	21125	77	194	21	21417	151849
UNKNOWN	102	G	0.986085819676	A	0.0119531213522	256	28	21119	14	21417	151849
UNKNOWN	103	G	0.980762945324	A	0.0115328944297	247	128	21005	37	21417	151849
UNKNOWN	104	C	0.99010132138	T	0.00681701452117	24	21205	42	146	21417	151849
UNKNOWN	105	T	0.995284120092	G	0.00242797777466	5	44	52	21316	21417	151849
UNKNOWN	106	G	0.99841247607	T	0.000840453845076	14	2	21383	18	21417	151849
UNKNOWN	107	G	0.99841247607	T	0.000793761964794	9	8	21383	17	21417	151849
UNKNOWN	108	G	0.989634402577	A	0.00644347947892	138	47	21195	37	21417	151849
UNKNOWN	109	T	0.995657655134	C	0.00331512350002	3	71	19	21324	21417	151849
UNKNOWN	110	C	0.998038941028	T	0.000887145725358	13	21375	10	19	21417	151849
UNKNOWN	111	C	0.997478638465	G	0.00121398888733	9	21363	26	19	21417	151849
UNKNOWN	112	G	0.998132324789	C	0.00149414016902	3	32	21377	5	21417	151849
UNKNOWN	113	C	0.997151795303	T	0.00112060512677	19	21356	18	24	21417	151849
UNKNOWN	114	C	0.996871644021	A	0.00224121025354	48	21350	7	12	21417	151849
UNKNOWN	115	A	0.985338749591	G	0.00793761964794	21103	113	170	31	21417	151849
UNKNOWN	116	G	0.996264649577	A	0.00168090769015	36	8	21337	36	21417	151849
UNKNOWN	117	G	0.991548769669	A	0.00541625811271	116	38	21236	27	21417	151849
UNKNOWN	118	C	0.99500396881	T	0.00275482093664	26	21310	22	59	21417	151849
UNKNOWN	119	T	0.993836671803	C	0.00485595554933	4	104	24	21285	21417	151849
UNKNOWN	120	C	0.993556520521	A	0.00261474529579	56	21279	32	50	21417	151849
UNKNOWN	121	C	0.995751038894	A	0.00238128589438	51	21326	8	32	21417	151849
UNKNOWN	122	A	0.988233646169	G	0.00653686323948	21165	99	140	13	21417	151849
UNKNOWN	123	G	0.997665405986	A	0.00126068076761	27	8	21367	15	21417	151849
UNKNOWN	124	G	0.997712097866	A	0.00140075640846	30	11	21368	8	21417	151849
UNKNOWN	125	G	0.988280338049	A	0.00999206238035	214	32	21166	5	21417	151849
UNKNOWN	126	A	0.99500396881	G	0.00280151281692	21310	37	60	10	21417	151849
UNKNOWN	127	A	0.991595461549	G	0.00583648503525	21237	46	125	9	21417	151849
UNKNOWN	128	G	0.99673156838	T	0.00149414016902	27	11	21347	32	21417	151849
UNKNOWN	129	G	0.993089601718	C	0.00345519914087	59	74	21269	15	21417	151849
UNKNOWN	130	C	0.996077882056	G	0.00196105897184	20	21333	42	22	21417	151849
UNKNOWN	131	G	0.983190923098	A	0.0129336508381	277	62	21057	21	21417	151849
UNKNOWN	132	C	0.985198673951	T	0.0106924405846	49	21100	39	229	21417	151849
UNKNOWN	133	T	0.992062380352	G	0.00410888546482	6	76	88	21247	21417	151849
UNKNOWN	134	G	0.986552738479	A	0.0113928187888	244	7	21129	37	21417	151849
UNKNOWN	135	G	0.99495727693	C	0.00247466965495	33	53	21309	22	21417	151849
UNKNOWN	136	A	0.991408694028	G	0.00452911238736	21233	67	97	20	21417	151849
UNKNOWN	137	G	0.988280338049	A	0.00896484101415	192	8	21166	51	21417	151849
UNKNOWN	138	T	0.99509735257	G	0.00289489657749	1	42	62	21312	21417	151849
UNKNOWN	139	G	0.998459167951	T	0.000653686323948	12	7	21384	14	21417	151849
UNKNOWN	140	G	0.988980716253	C	0.00784423588738	23	168	21181	45	21417	151849
UNKNOWN	141	C	0.985712284634	G	0.00919830041556	68	21111	197	41	21417	151849
UNKNOWN	142	T	0.991081850866	C	0.00448242050707	14	96	81	21226	21417	151849
UNKNOWN	143	C	0.986039127796	T	0.00989867861979	20	21118	67	212	21417	151849
UNKNOWN	144	G	0.994443666246	A	0.00303497221833	65	15	21298	39	21417	151849
UNKNOWN	145	G	0.992809450437	C	0.00368865854228	16	79	21263	59	21417	151849
UNKNOWN	146	T	0.982630620535	C	0.0064901713592	110	139	123	21045	21417	151849
UNKNOWN	147	A	0.561656627912	G	0.423168510996	12029	134	9063	191	21417	151849
UNKNOWN	148	G	0.903627959098	A	0.0510809170285	1094	734	19353	236	21417	151849
UNKNOWN	149	T	0.977727973105	C	0.0100854461409	160	216	101	20940	21417	151849
UNKNOWN	150	A	0.910725124901	G	0.0793761964794	19505	115	1700	97	21417	151849
UNKNOWN	151	T	0.991128542746	C	0.00490264742961	37	105	48	21227	21417	151849
UNKNOWN	152	A	0.958350842788	G	0.0206378110847	20525	231	442	219	21417	151849
UNKNOWN	153	G	0.95522248681	A	0.0295092683382	632	169	20458	158	21417	151849
UNKNOWN	154	A	0.970303964141	G	0.0212914974086	20781	161	456	19	21417	151849
UNKNOWN	155	C	0.959518139795	T	0.0247000046692	214	20550	124	529	21417	151849
UNKNOWN	156	A	0.951813979549	G	0.0357192884157	20385	181	765	86	21417	151849
UNKNOWN	157	C	0.927861044964	G	0.0346453751693	248	19872	742	555	21417	151849
UNKNOWN	158	T	0.978381659429	G	0.0128402670776	33	155	275	20954	21417	151849
UNKNOWN	159	G	0.927254050521	A	0.0599990661624	1285	205	19859	68	21417	151849
UNKNOWN	160	G	0.934164448802	A	0.0352523696129	755	551	20007	104	21417	151849
UNKNOWN	161	T	0.974086006443	G	0.0121398888733	74	221	260	20862	21417	151849
UNKNOWN	162	G	0.98837372181	A	0.00761077648597	163	14	21168	72	21417	151849
UNKNOWN	163	G	0.978008124387	A	0.0170425363029	365	38	20946	68	21417	151849
UNKNOWN	164	A	0.976700751739	G	0.0144277910071	20918	112	309	78	21417	151849
UNKNOWN	165	A	0.970770882943	G	0.0205911192044	20791	152	441	33	21417	151849
UNKNOWN	166	G	0.788205631041	A	0.137974506233	2955	1184	16881	397	21417	151849
UNKNOWN	167	C	0.92711397488	T	0.03641966662	411	19856	370	780	21417	151849
UNKNOWN	168	A	0.971658028669	G	0.015735163655	20810	237	337	33	21417	151849
UNKNOWN	169	C	0.975393379091	T	0.0117196619508	189	20890	87	251	21417	151849
UNKNOWN	170	A	0.975720222253	G	0.0131671102395	20897	167	282	71	21417	151849
UNKNOWN	171	G	0.969230050894	A	0.0161553905776	346	146	20758	167	21417	151849
UNKNOWN	172	G	0.891394686464	A	0.0712518093104	1526	526	19091	274	21417	151849
UNKNOWN	173	C	0.960498669281	G	0.023672783303	117	20571	507	222	21417	151849
UNKNOWN	174	T	0.982257085493	C	0.00845123033105	69	181	130	21037	21417	151849
UNKNOWN	175	A	0.984451603866	T	0.0064901713592	21084	132	62	139	21417	151849
UNKNOWN	176	T	0.982210393613	C	0.0125601157959	71	269	41	21036	21417	151849
UNKNOWN	177	A	0.988840640613	C	0.00653686323948	21178	140	72	27	21417	151849
UNKNOWN	178	A	0.981136480366	C	0.0112994350282	21013	242	152	10	21417	151849
UNKNOWN	179	C	0.926226829154	T	0.0546761918102	220	19837	189	1171	21417	151849
UNKNOWN	180	C	0.963020030817	T	0.0163421580987	171	20625	271	350	21417	151849
UNKNOWN	181	C	0.974786384648	A	0.0138207965635	296	20877	73	171	21417	151849
UNKNOWN	182	A	0.97684082738	C	0.0129803427184	20921	278	182	36	21417	151849
UNKNOWN	183	G	0.99495727693	A	0.00317504785918	68	21	21309	19	21417	151849
UNKNOWN	184	G	0.943409441098	C	0.0423028435355	242	906	20205	64	21417	151849
UNKNOWN	185	C	0.991408694028	G	0.00340850726059	60	21233	73	51	21417	151849
UNKNOWN	186	C	0.991828920951	T	0.00550964187328	33	21242	24	118	21417	151849
UNKNOWN	187	T	0.989961245739	G	0.00602325255638	27	59	129	21202	21417	151849
UNKNOWN	188	G	0.98515198207	A	0.00747070084512	160	54	21099	104	21417	151849
UNKNOWN	189	A	0.981603399169	C	0.0114395106691	21023	245	128	21	21417	151849
UNKNOWN	190	A	0.98179016669	G	0.00859130597189	21027	129	184	77	21417	151849
UNKNOWN	191	A	0.988653873091	G	0.0051827987113	21174	65	111	67	21417	151849
UNKNOWN	192	T	0.986365970958	C	0.00639678759864	77	137	78	21125	21417	151849
UNKNOWN	193	C	0.989400943176	A	0.00569640939441	122	21190	29	76	21417	151849
UNKNOWN	194	C	0.980949712845	T	0.0104122893029	92	21009	93	223	21417	151849
UNKNOWN	195	C	0.993276369239	G	0.00303497221833	62	21273	65	17	21417	151849
UNKNOWN	196	G	0.995190736331	A	0.00205444273241	44	28	21314	31	21417	151849
UNKNOWN	197	G	0.934351216323	A	0.0484661717327	1038	222	20011	146	21417	151849
UNKNOWN	198	C	0.984311528225	A	0.00756408460569	162	21081	80	94	21417	151849
UNKNOWN	199	T	0.983284306859	C	0.00863799785217	53	185	120	21059	21417	151849
UNKNOWN	200	C	0.985338749591	A	0.00723724144371	155	21103	66	93	21417	151849
UNKNOWN	201	A	0.979548956436	C	0.0126534995564	20979	271	153	14	21417	151849
UNKNOWN	202	G	0.972311714993	C	0.0180230657889	83	386	20824	124	21417	151849
UNKNOWN	203	C	0.959985058598	T	0.0245132371481	238	20560	94	525	21417	151849
UNKNOWN	204	A	0.978241583789	G	0.0110659756268	20951	169	237	60	21417	151849
UNKNOWN	205	T	0.989634402577	C	0.00522949059159	37	112	73	21195	21417	151849
UNKNOWN	206	C	0.972638558155	A	0.0153149367325	328	20831	38	220	21417	151849
UNKNOWN	207	A	0.97025727226	C	0.0180697576691	20780	387	205	45	21417	151849
UNKNOWN	208	C	0.979408880796	A	0.00845123033105	181	20976	153	107	21417	151849
UNKNOWN	209	C	0.971984871831	T	0.0111593593874	215	20817	146	239	21417	151849
UNKNOWN	210	A	0.986132511556	C	0.00859130597189	21120	184	94	19	21417	151849
UNKNOWN	211	A	0.972918709436	G	0.0223654106551	20837	85	479	16	21417	151849
UNKNOWN	212	G	0.982303777373	A	0.0103655974226	222	128	21038	29	21417	151849
UNKNOWN	213	G	0.985758976514	A	0.0103189055423	221	44	21112	40	21417	151849
UNKNOWN	214	A	0.973385628239	G	0.01489470981	20847	217	319	34	21417	151849
UNKNOWN	215	C	0.970864266704	A	0.013914180324	298	20793	98	228	21417	151849
UNKNOWN	216	A	0.980015875239	C	0.0101788299015	20989	218	178	32	21417	151849
UNKNOWN	217	A	0.969136667134	C	0.015735163655	20756	337	289	35	21417	151849
UNKNOWN	218	C	0.957370313303	G	0.0209179623663	150	20504	448	315	21417	151849
UNKNOWN	219	T	0.980482794042	C	0.00896484101415	74	192	152	20999	21417	151849
UNKNOWN	220	C	0.984264836345	A	0.00919830041556	197	21080	27	113	21417	151849
UNKNOWN	221	C	0.983050847458	A	0.00868468973246	186	21054	38	139	21417	151849
UNKNOWN	222	A	0.985712284634	C	0.00849792221133	21111	182	109	15	21417	151849
UNKNOWN	223	A	0.978895270113	G	0.0146612504086	20965	109	314	29	21417	151849
UNKNOWN	224	G	0.989120791894	A	0.00485595554933	104	79	21184	50	21417	151849
UNKNOWN	225	A	0.978988653873	G	0.0124667320353	20967	145	267	38	21417	151849
UNKNOWN	226	G	0.959658215436	A	0.0317971704721	681	134	20553	49	21417	151849
UNKNOWN	227	C	0.969089975253	T	0.022178643134	78	20755	109	475	21417	151849
UNKNOWN	228	C	0.987206424803	A	0.00663024700005	142	21143	112	20	21417	151849
UNKNOWN	229	A	0.989914553859	G	0.0041555773451	21201	76	89	51	21417	151849
UNKNOWN	230	A	0.973759163282	G	0.0223654106551	20855	54	479	29	21417	151849
UNKNOWN	231	G	0.965588084232	A	0.02152495681	461	180	20680	96	21417	151849
UNKNOWN	232	T	0.989354251296	C	0.00714385768315	23	153	52	21189	21417	151849
UNKNOWN	233	C	0.971237801746	G	0.0132604940001	76	20801	284	256	21417	151849
UNKNOWN	234	T	0.983611150021	C	0.00845123033105	62	181	108	21066	21417	151849
UNKNOWN	235	C	0.99000793762	T	0.00550964187328	79	21203	17	118	21417	151849
UNKNOWN	236	T	0.971284493627	C	0.0183966008311	54	394	167	20802	21417	151849
UNKNOWN	237	C	0.990474856422	T	0.00452911238736	63	21213	44	97	21417	151849
UNKNOWN	238	T	0.992295839753	G	0.00396880982397	16	64	85	21252	21417	151849
UNKNOWN	239	G	0.937619647943	A	0.0458047345567	981	125	20081	230	21417	151849
UNKNOWN	240	T	0.982630620535	G	0.00737731708456	103	111	158	21045	21417	151849
UNKNOWN	241	C	0.98678619788	T	0.00821777092964	86	21134	21	176	21417	151849
UNKNOWN	242	A	0.974646309007	G	0.0130270345987	20874	190	279	74	21417	151849
UNKNOWN	243	G	0.869916421534	C	0.0800765746837	807	1715	18631	264	21417	151849
UNKNOWN	244	T	0.991502077789	G	0.00373535042256	29	73	80	21235	21417	151849
UNKNOWN	245	G	0.9701638885	A	0.0175094551058	375	144	20778	120	21417	151849
UNKNOWN	246	A	0.971377877387	G	0.0188168277537	20804	177	403	33	21417	151849
UNKNOWN	247	G	0.94368959238	A	0.031283559789	670	400	20211	136	21417	151849
UNKNOWN	248	C	0.962459728253	T	0.0217584162114	182	20613	156	466	21417	151849
UNKNOWN	249	A	0.982117009852	G	0.0134472615212	21034	92	288	3	21417	151849
UNKNOWN	250	G	0.98174347481	C	0.0116262781902	115	249	21026	27	21417	151849
UNKNOWN	251	C	0.984685063267	T	0.00681701452117	92	21089	90	146	21417	151849
UNKNOWN	252	G	0.983004155577	A	0.00863799785217	185	73	21053	106	21417	151849
UNKNOWN	253	T	0.984264836345	C	0.00975860297894	29	209	99	21080	21417	151849
UNKNOWN	254	G	0.94378297614	A	0.0343652238876	736	220	20213	248	21417	151849
UNKNOWN	255	A	0.972638558155	G	0.0177429145072	20831	61	380	145	21417	151849
UNKNOWN	256	C	0.980296026521	A	0.00793761964794	170	20995	154	98	21417	151849
UNKNOWN	257	A	0.957603772704	G	0.0315170191904	20509	112	675	121	21417	151849
UNKNOWN	258	A	0.923565391978	C	0.043703599944	19780	936	617	84	21417	151849
UNKNOWN	259	C	0.945090348788	G	0.0290423495354	239	20241	622	315	21417	151849
UNKNOWN	260	T	0.96689545688	C	0.0156884717748	76	336	297	20708	21417	151849
UNKNOWN	261	G	0.988887332493	A	0.00644347947892	138	28	21179	72	21417	151849
UNKNOWN	262	A	0.989167483775	G	0.00770416024653	21185	49	165	18	21417	151849
UNKNOWN	263	G	0.952934584676	A	0.0276882850072	593	269	20409	146	21417	151849
UNKNOWN	264	G	0.988747256852	A	0.0059765606761	128	40	21176	73	21417	151849
UNKNOWN	265	A	0.987206424803	C	0.00578979315497	21143	124	98	52	21417	151849
UNKNOWN	266	C	0.980996404725	T	0.0104122893029	106	21010	78	223	21417	151849
UNKNOWN	267	T	0.825885978428	A	0.161693981417	3463	69	197	17688	21417	151849
UNKNOWN	268	C	0.990755007704	G	0.00406219358454	71	21219	87	40	21417	151849
UNKNOWN	269	G	0.989027408134	A	0.00522949059159	112	71	21182	52	21417	151849
UNKNOWN	270	G	0.989494326937	A	0.0046691880282	100	60	21192	65	21417	151849
UNKNOWN	271	C	0.98842041369	A	0.00513610683102	110	21169	107	31	21417	151849
UNKNOWN	272	C	0.988513797451	A	0.00616332819723	132	21171	47	67	21417	151849
UNKNOWN	273	A	0.985805668394	G	0.00910491665499	21113	53	195	56	21417	151849
UNKNOWN	274	C	0.977681281225	T	0.00938506793669	182	20939	95	201	21417	151849
UNKNOWN	275	A	0.966148386796	G	0.0179296820283	20692	171	384	170	21417	151849
UNKNOWN	276	T	0.990334780782	A	0.00359527478172	77	55	75	21210	21417	151849
UNKNOWN	277	A	0.986459354718	C	0.00541625811271	21127	116	79	95	21417	151849
UNKNOWN	278	C	0.956856702619	T	0.038240649951	71	20493	34	819	21417	151849
UNKNOWN	279	T	0.975906989774	C	0.0127935751973	103	274	139	20901	21417	151849
UNKNOWN	280	A	0.970070504739	T	0.0176962226269	20776	137	125	379	21417	151849
UNKNOWN	281	C	0.967362375683	T	0.0284353550917	49	20718	41	609	21417	151849
UNKNOWN	282	T	0.986179203437	G	0.00719054956343	92	50	154	21121	21417	151849
UNKNOWN	283	G	0.991922304711	T	0.00443572862679	61	17	21244	95	21417	151849
UNKNOWN	284	T	0.946724564598	C	0.0451043563524	71	966	104	20276	21417	151849
UNKNOWN	285	A	0.726245505907	G	0.237801746276	15554	143	5093	627	21417	151849
UNKNOWN	286	C	0.868749124527	G	0.0653686323948	325	18606	1400	1086	21417	151849
UNKNOWN	287	T	0.724984825139	G	0.168417612177	1342	941	3607	15527	21417	151849
UNKNOWN	288	A	0.90063967876	G	0.0608862118878	19289	306	1304	518	21417	151849
UNKNOWN	289	C	0.771303170379	A	0.143110613064	3065	16519	1266	567	21417	151849
UNKNOWN	290	T	0.771349862259	G	0.128822897698	1485	653	2759	16520	21417	151849
