Type	Position	Nucl1	Freq1	Nucl2	Freq2	NumAs	NumCs	NumGs	NumTs	NumAligned	NumNaive
UNKNOWN	0	C	1.0	A	0.0	0	2885	0	0	2885	72605
UNKNOWN	1	A	1.0	C	0.0	2885	0	0	0	2885	72605
UNKNOWN	2	G	1.0	A	0.0	0	0	2885	0	2885	72605
UNKNOWN	3	G	1.0	A	0.0	0	0	2885	0	2885	72605
UNKNOWN	4	T	1.0	A	0.0	0	0	0	2885	2885	72605
UNKNOWN	5	G	1.0	A	0.0	0	0	2885	0	2885	72605
UNKNOWN	6	C	1.0	A	0.0	0	2885	0	0	2885	72605
UNKNOWN	7	A	0.998266897747	C	0.000693240901213	2880	2	1	2	2885	72605
UNKNOWN	8	G	0.985441941075	A	0.0138648180243	40	2	2843	0	2885	72605
UNKNOWN	9	C	0.997227036395	T	0.00173310225303	0	2877	3	5	2885	72605
UNKNOWN	10	T	0.999306759099	A	0.000346620450607	1	1	0	2883	2885	72605
UNKNOWN	11	G	0.998613518198	A	0.000693240901213	2	1	2881	1	2885	72605
UNKNOWN	12	C	1.0	A	0.0	0	2885	0	0	2885	72605
UNKNOWN	13	G	0.998960138648	A	0.00103986135182	3	0	2882	0	2885	72605
UNKNOWN	14	G	0.96013864818	C	0.0384748700173	4	111	2770	0	2885	72605
UNKNOWN	15	G	1.0	A	0.0	0	0	2885	0	2885	72605
UNKNOWN	16	A	0.997573656846	G	0.00242634315425	2878	0	7	0	2885	72605
UNKNOWN	17	G	0.996187175043	T	0.00207972270364	5	0	2874	6	2885	72605
UNKNOWN	18	T	0.998266897747	C	0.00138648180243	0	4	1	2880	2885	72605
UNKNOWN	19	C	0.999306759099	T	0.000693240901213	0	2883	0	2	2885	72605
UNKNOWN	20	G	0.954939341421	A	0.0447140381282	129	0	2755	1	2885	72605
UNKNOWN	21	G	0.997573656846	C	0.00103986135182	2	3	2878	2	2885	72605
UNKNOWN	22	G	0.998960138648	A	0.000693240901213	2	1	2882	0	2885	72605
UNKNOWN	23	C	0.999306759099	T	0.000346620450607	0	2883	1	1	2885	72605
UNKNOWN	24	C	0.999306759099	A	0.000693240901213	2	2883	0	0	2885	72605
UNKNOWN	25	C	0.998266897747	A	0.00103986135182	3	2880	0	2	2885	72605
UNKNOWN	26	C	0.998266897747	A	0.00173310225303	5	2880	0	0	2885	72605
UNKNOWN	27	A	0.995493934142	G	0.00415944540728	2872	1	12	0	2885	72605
UNKNOWN	28	G	0.962218370884	A	0.0367417677643	106	3	2776	0	2885	72605
UNKNOWN	29	C	0.99445407279	T	0.0051993067591	0	2869	1	15	2885	72605
UNKNOWN	30	C	0.997573656846	T	0.00138648180243	3	2878	0	4	2885	72605
UNKNOWN	31	T	0.993067590988	G	0.00450606585789	0	7	13	2865	2885	72605
UNKNOWN	32	G	0.990294627383	T	0.00589254766031	9	2	2857	17	2885	72605
UNKNOWN	33	G	0.993067590988	A	0.00554592720971	16	3	2865	1	2885	72605
UNKNOWN	34	T	0.996533795494	C	0.00207972270364	0	6	4	2875	2885	72605
UNKNOWN	35	G	0.997573656846	A	0.00207972270364	6	0	2878	1	2885	72605
UNKNOWN	36	A	0.997227036395	T	0.00173310225303	2877	1	2	5	2885	72605
UNKNOWN	37	A	0.991681109185	G	0.0051993067591	2861	8	15	1	2885	72605
UNKNOWN	38	G	0.998266897747	A	0.00103986135182	3	1	2880	1	2885	72605
UNKNOWN	39	C	0.996880415945	T	0.00207972270364	0	2876	3	6	2885	72605
UNKNOWN	40	C	0.998960138648	G	0.000693240901213	1	2882	2	0	2885	72605
UNKNOWN	41	C	0.996533795494	G	0.00173310225303	2	2875	5	3	2885	72605
UNKNOWN	42	T	0.996187175043	C	0.00242634315425	1	7	3	2874	2885	72605
UNKNOWN	43	C	0.998613518198	A	0.00138648180243	4	2881	0	0	2885	72605
UNKNOWN	44	A	0.995840554593	G	0.00277296360485	2873	4	8	0	2885	72605
UNKNOWN	45	C	0.993414211438	G	0.00415944540728	4	2866	12	3	2885	72605
UNKNOWN	46	A	0.99410745234	C	0.00346620450607	2868	10	7	0	2885	72605
UNKNOWN	47	G	0.997920277296	A	0.00138648180243	4	1	2879	1	2885	72605
UNKNOWN	48	A	0.992720970537	C	0.00450606585789	2864	13	8	0	2885	72605
UNKNOWN	49	C	0.998960138648	T	0.000693240901213	0	2882	1	2	2885	72605
UNKNOWN	50	C	0.998960138648	G	0.000693240901213	1	2882	2	0	2885	72605
UNKNOWN	51	C	0.998613518198	T	0.00138648180243	0	2881	0	4	2885	72605
UNKNOWN	52	T	0.997227036395	A	0.00138648180243	4	4	0	2877	2885	72605
UNKNOWN	53	C	0.997227036395	T	0.00242634315425	1	2877	0	7	2885	72605
UNKNOWN	54	T	0.993414211438	C	0.00554592720971	1	16	2	2866	2885	72605
UNKNOWN	55	C	0.997573656846	A	0.00207972270364	6	2878	1	0	2885	72605
UNKNOWN	56	C	0.993760831889	T	0.00381282495667	5	2867	2	11	2885	72605
UNKNOWN	57	C	0.997573656846	T	0.00138648180243	0	2878	3	4	2885	72605
UNKNOWN	58	T	0.993414211438	C	0.00450606585789	5	13	1	2866	2885	72605
UNKNOWN	59	C	0.996187175043	T	0.00277296360485	3	2874	0	8	2885	72605
UNKNOWN	60	A	0.98301559792	G	0.0128249566724	2836	9	37	3	2885	72605
UNKNOWN	61	C	0.995147313692	T	0.00381282495667	1	2871	2	11	2885	72605
UNKNOWN	62	C	0.992027729636	T	0.00658578856153	1	2862	3	19	2885	72605
UNKNOWN	63	T	0.997920277296	G	0.00138648180243	2	0	4	2879	2885	72605
UNKNOWN	64	G	0.998266897747	A	0.00103986135182	3	2	2880	0	2885	72605
UNKNOWN	65	C	0.996533795494	A	0.00277296360485	8	2875	0	2	2885	72605
UNKNOWN	66	A	0.993414211438	C	0.00450606585789	2866	13	4	2	2885	72605
UNKNOWN	67	C	0.998266897747	T	0.00103986135182	0	2880	2	3	2885	72605
UNKNOWN	68	G	0.990641247834	A	0.00693240901213	20	1	2858	6	2885	72605
UNKNOWN	69	G	0.942461005199	A	0.053726169844	155	5	2719	6	2885	72605
UNKNOWN	70	T	0.949740034662	C	0.0492201039861	0	142	3	2740	2885	72605
UNKNOWN	71	C	0.953552859619	T	0.0367417677643	0	2751	28	106	2885	72605
UNKNOWN	72	T	0.993414211438	C	0.00415944540728	0	12	7	2866	2885	72605
UNKNOWN	73	C	0.995147313692	T	0.00450606585789	1	2871	0	13	2885	72605
UNKNOWN	74	T	0.994800693241	C	0.00346620450607	1	10	4	2870	2885	72605
UNKNOWN	75	G	0.997573656846	A	0.00173310225303	5	0	2878	2	2885	72605
UNKNOWN	76	G	0.995493934142	A	0.00415944540728	12	1	2872	0	2885	72605
UNKNOWN	77	A	0.992374350087	C	0.00554592720971	2863	16	5	1	2885	72605
UNKNOWN	78	T	0.979202772964	G	0.01143847487	8	19	33	2825	2885	72605
UNKNOWN	79	T	0.986828422877	G	0.00970537261698	2	8	28	2847	2885	72605
UNKNOWN	80	C	0.987868284229	G	0.00935875216638	3	2850	27	5	2885	72605
UNKNOWN	81	T	0.995493934142	G	0.00311958405546	0	4	9	2872	2885	72605
UNKNOWN	82	C	0.993760831889	T	0.00381282495667	7	2867	0	11	2885	72605
UNKNOWN	83	A	0.993067590988	T	0.00346620450607	2865	5	5	10	2885	72605
UNKNOWN	84	T	0.949046793761	C	0.0506065857886	1	146	0	2738	2885	72605
UNKNOWN	85	T	0.995840554593	G	0.00207972270364	2	4	6	2873	2885	72605
UNKNOWN	86	G	0.980242634315	A	0.0145580589255	42	11	2828	4	2885	72605
UNKNOWN	87	A	0.98856152513	C	0.00727902946274	2852	21	12	0	2885	72605
UNKNOWN	88	G	0.941074523397	A	0.0311958405546	90	31	2715	49	2885	72605
UNKNOWN	89	C	0.949046793761	T	0.0239168110919	62	2738	16	69	2885	72605
UNKNOWN	90	A	0.990641247834	G	0.00797227036395	2858	4	23	0	2885	72605
UNKNOWN	91	G	0.938648180243	A	0.0433275563258	125	37	2708	15	2885	72605
UNKNOWN	92	C	0.959098786828	T	0.0273830155979	31	2767	8	79	2885	72605
UNKNOWN	93	A	0.751473136915	T	0.213518197574	2168	20	81	616	2885	72605
UNKNOWN	94	A	0.96568457539	G	0.0190641247834	2786	15	55	29	2885	72605
UNKNOWN	95	T	0.985788561525	G	0.00866551126516	7	9	25	2844	2885	72605
UNKNOWN	96	G	0.936568457539	A	0.0533795493934	154	25	2702	4	2885	72605
UNKNOWN	97	G	0.645060658579	C	0.261005199307	224	753	1861	47	2885	72605
UNKNOWN	98	T	0.993414211438	G	0.00346620450607	0	9	10	2866	2885	72605
UNKNOWN	99	G	0.981282495667	A	0.0162911611785	47	1	2831	6	2885	72605
UNKNOWN	100	T	0.99445407279	C	0.00415944540728	4	12	0	2869	2885	72605
UNKNOWN	101	A	0.963258232236	G	0.0197573656846	2779	16	57	33	2885	72605
UNKNOWN	102	G	0.880415944541	A	0.112305025997	324	17	2540	4	2885	72605
UNKNOWN	103	G	0.868977469671	A	0.0793760831889	229	69	2507	80	2885	72605
UNKNOWN	104	C	0.968110918544	G	0.0190641247834	8	2793	55	29	2885	72605
UNKNOWN	105	T	0.995493934142	C	0.00242634315425	2	7	4	2872	2885	72605
UNKNOWN	106	G	1.0	A	0.0	0	0	2885	0	2885	72605
UNKNOWN	107	G	0.999653379549	T	0.000346620450607	0	0	2884	1	2885	72605
UNKNOWN	108	G	0.992027729636	A	0.00346620450607	10	7	2862	6	2885	72605
UNKNOWN	109	T	0.995147313692	C	0.00450606585789	1	13	0	2871	2885	72605
UNKNOWN	110	C	0.997573656846	T	0.00138648180243	1	2878	2	4	2885	72605
UNKNOWN	111	C	0.998613518198	G	0.00138648180243	0	2881	4	0	2885	72605
UNKNOWN	112	G	0.998266897747	C	0.00138648180243	1	4	2880	0	2885	72605
UNKNOWN	113	C	0.998613518198	A	0.000693240901213	2	2881	0	2	2885	72605
UNKNOWN	114	C	0.996880415945	A	0.00242634315425	7	2876	0	2	2885	72605
UNKNOWN	115	A	0.995147313692	G	0.00415944540728	2871	2	12	0	2885	72605
UNKNOWN	116	G	0.999306759099	A	0.000346620450607	1	0	2883	1	2885	72605
UNKNOWN	117	G	0.989948006932	A	0.00762564991334	22	6	2856	1	2885	72605
UNKNOWN	118	C	0.997573656846	T	0.00207972270364	1	2878	0	6	2885	72605
UNKNOWN	119	T	0.993067590988	G	0.00381282495667	1	8	11	2865	2885	72605
UNKNOWN	120	C	0.998266897747	T	0.00103986135182	2	2880	0	3	2885	72605
UNKNOWN	121	C	0.995147313692	G	0.00242634315425	5	2871	7	2	2885	72605
UNKNOWN	122	A	0.899826689775	G	0.0977469670711	2596	5	282	2	2885	72605
UNKNOWN	123	G	0.999306759099	A	0.000346620450607	1	1	2883	0	2885	72605
UNKNOWN	124	G	0.998960138648	A	0.000693240901213	2	1	2882	0	2885	72605
UNKNOWN	125	G	0.980935875217	A	0.0176776429809	51	2	2830	2	2885	72605
UNKNOWN	126	A	0.998266897747	G	0.00103986135182	2880	2	3	0	2885	72605
UNKNOWN	127	A	0.984748700173	G	0.0135181975737	2841	4	39	1	2885	72605
UNKNOWN	128	G	0.998960138648	A	0.000693240901213	2	0	2882	1	2885	72605
UNKNOWN	129	G	0.997227036395	C	0.00207972270364	2	6	2877	0	2885	72605
UNKNOWN	130	C	0.997227036395	G	0.00207972270364	2	2877	6	0	2885	72605
UNKNOWN	131	G	0.95979202773	A	0.0377816291161	109	6	2769	1	2885	72605
UNKNOWN	132	C	0.990987868284	T	0.00762564991334	2	2859	2	22	2885	72605
UNKNOWN	133	T	0.981282495667	C	0.0173310225303	2	50	2	2831	2885	72605
UNKNOWN	134	G	0.982322357019	T	0.0110918544194	18	1	2834	32	2885	72605
UNKNOWN	135	G	0.996880415945	A	0.00207972270364	6	1	2876	2	2885	72605
UNKNOWN	136	A	0.988908145581	G	0.00901213171577	2853	4	26	2	2885	72605
UNKNOWN	137	G	0.979549393414	A	0.0110918544194	32	15	2826	12	2885	72605
UNKNOWN	138	T	0.996880415945	G	0.00242634315425	1	1	7	2876	2885	72605
UNKNOWN	139	G	0.995840554593	A	0.00346620450607	10	2	2873	0	2885	72605
UNKNOWN	140	G	0.984402079723	C	0.00797227036395	5	23	2840	17	2885	72605
UNKNOWN	141	G	0.938994800693	A	0.0481802426343	139	31	2709	6	2885	72605
UNKNOWN	142	T	0.995147313692	C	0.00207972270364	2	6	6	2871	2885	72605
UNKNOWN	143	T	0.985788561525	G	0.00693240901213	7	14	20	2844	2885	72605
UNKNOWN	144	G	0.983708838821	A	0.0107452339688	31	1	2838	15	2885	72605
UNKNOWN	145	G	0.980589254766	C	0.0149046793761	1	43	2829	12	2885	72605
UNKNOWN	146	T	0.973310225303	C	0.0180242634315	6	52	19	2808	2885	72605
UNKNOWN	147	G	0.793760831889	A	0.180935875217	522	31	2290	42	2885	72605
UNKNOWN	148	G	0.798266897747	A	0.112651646447	325	169	2303	88	2885	72605
UNKNOWN	149	T	0.966031195841	C	0.0183708838821	32	53	13	2787	2885	72605
UNKNOWN	150	A	0.964991334489	G	0.0301559792028	2784	7	87	7	2885	72605
UNKNOWN	151	T	0.991681109185	C	0.00346620450607	6	10	8	2861	2885	72605
UNKNOWN	152	A	0.939341421144	G	0.0377816291161	2710	18	109	48	2885	72605
UNKNOWN	153	G	0.909532062392	A	0.071403812825	206	29	2624	26	2885	72605
UNKNOWN	154	A	0.911265164645	C	0.0443674176776	2629	128	109	19	2885	72605
UNKNOWN	155	T	0.838128249567	C	0.0724436741768	163	209	95	2418	2885	72605
UNKNOWN	156	A	0.705372616984	G	0.196880415945	2035	100	568	182	2885	72605
UNKNOWN	157	A	0.790987868284	G	0.126863084922	2282	151	366	86	2885	72605
UNKNOWN	158	T	0.958405545927	A	0.0169844020797	49	22	49	2765	2885	72605
UNKNOWN	159	G	0.819410745234	A	0.117850953206	340	57	2364	124	2885	72605
UNKNOWN	160	A	0.926169844021	G	0.0495667244367	2672	26	143	44	2885	72605
UNKNOWN	161	T	0.963258232236	G	0.0183708838821	39	14	53	2779	2885	72605
UNKNOWN	162	G	0.99445407279	A	0.00311958405546	9	5	2869	2	2885	72605
UNKNOWN	163	G	0.953552859619	A	0.0315424610052	91	30	2751	13	2885	72605
UNKNOWN	164	A	0.965337954939	G	0.0221837088388	2785	21	64	15	2885	72605
UNKNOWN	165	G	0.73726169844	A	0.154939341421	447	90	2127	221	2885	72605
UNKNOWN	166	A	0.91993067591	G	0.0343154246101	2654	73	99	59	2885	72605
UNKNOWN	167	C	0.911265164645	T	0.0568457538995	43	2629	49	164	2885	72605
UNKNOWN	168	A	0.961871750433	C	0.0235701906412	2775	68	36	6	2885	72605
UNKNOWN	169	C	0.936221837088	T	0.0454072790295	25	2701	28	131	2885	72605
UNKNOWN	170	A	0.979896013865	T	0.00935875216638	2827	13	18	27	2885	72605
UNKNOWN	171	T	0.854072790295	C	0.0849220103986	96	245	80	2464	2885	72605
UNKNOWN	172	A	0.883882149047	G	0.0686308492201	2550	27	198	110	2885	72605
UNKNOWN	173	C	0.952166377816	T	0.0256499133449	11	2747	53	74	2885	72605
UNKNOWN	174	T	0.985788561525	C	0.00831889081456	12	24	5	2844	2885	72605
UNKNOWN	175	A	0.98301559792	T	0.0100519930676	2836	12	8	29	2885	72605
UNKNOWN	176	T	0.980935875217	C	0.0145580589255	7	42	6	2830	2885	72605
UNKNOWN	177	A	0.992374350087	G	0.00589254766031	2863	5	17	0	2885	72605
UNKNOWN	178	A	0.984402079723	G	0.00762564991334	2840	19	22	4	2885	72605
UNKNOWN	179	C	0.88596187175	T	0.0970537261698	25	2556	24	280	2885	72605
UNKNOWN	180	C	0.944540727903	T	0.0287694974003	29	2725	48	83	2885	72605
UNKNOWN	181	C	0.953552859619	T	0.0301559792028	30	2751	17	87	2885	72605
UNKNOWN	182	A	0.987868284229	G	0.00866551126516	2850	2	25	8	2885	72605
UNKNOWN	183	G	0.963604852686	A	0.0183708838821	53	48	2780	4	2885	72605
UNKNOWN	184	C	0.983708838821	G	0.00693240901213	9	2838	20	18	2885	72605
UNKNOWN	185	C	0.998613518198	A	0.00103986135182	3	2881	0	1	2885	72605
UNKNOWN	186	C	0.99410745234	T	0.00554592720971	1	2868	0	16	2885	72605
UNKNOWN	187	T	0.996187175043	G	0.00311958405546	1	1	9	2874	2885	72605
UNKNOWN	188	G	0.980935875217	A	0.0135181975737	39	4	2830	12	2885	72605
UNKNOWN	189	A	0.989254766031	C	0.00797227036395	2854	23	8	0	2885	72605
UNKNOWN	190	A	0.955285961872	G	0.0370883882149	2756	19	107	3	2885	72605
UNKNOWN	191	A	0.985441941075	C	0.00589254766031	2843	17	12	13	2885	72605
UNKNOWN	192	T	0.992374350087	C	0.00485268630849	1	14	7	2863	2885	72605
UNKNOWN	193	C	0.997920277296	A	0.00103986135182	3	2879	0	3	2885	72605
UNKNOWN	194	C	0.995493934142	T	0.00242634315425	4	2872	2	7	2885	72605
UNKNOWN	195	C	0.99410745234	G	0.00311958405546	6	2868	9	2	2885	72605
UNKNOWN	196	G	0.997227036395	A	0.00138648180243	4	1	2877	3	2885	72605
UNKNOWN	197	G	0.93691507799	A	0.0474870017331	137	39	2703	6	2885	72605
UNKNOWN	198	C	0.990987868284	T	0.00554592720971	5	2859	5	16	2885	72605
UNKNOWN	199	T	0.991334488735	C	0.00658578856153	0	19	6	2860	2885	72605
UNKNOWN	200	C	0.99410745234	A	0.00381282495667	11	2868	2	4	2885	72605
UNKNOWN	201	A	0.986481802426	C	0.00762564991334	2846	22	17	0	2885	72605
UNKNOWN	202	G	0.985441941075	C	0.00658578856153	16	19	2843	7	2885	72605
UNKNOWN	203	C	0.969497400347	A	0.0138648180243	40	2797	8	40	2885	72605
UNKNOWN	204	A	0.983362218371	G	0.0107452339688	2837	9	31	8	2885	72605
UNKNOWN	205	T	0.993414211438	C	0.00415944540728	1	12	6	2866	2885	72605
UNKNOWN	206	C	0.991334488735	A	0.00450606585789	13	2860	1	11	2885	72605
UNKNOWN	207	A	0.985788561525	G	0.00970537261698	2844	11	28	2	2885	72605
UNKNOWN	208	C	0.99445407279	A	0.00277296360485	8	2869	5	3	2885	72605
UNKNOWN	209	C	0.980935875217	G	0.01143847487	14	2830	33	8	2885	72605
UNKNOWN	210	A	0.995147313692	C	0.00242634315425	2871	7	7	0	2885	72605
UNKNOWN	211	A	0.974350086655	G	0.0214904679376	2811	3	62	9	2885	72605
UNKNOWN	212	G	0.98301559792	A	0.0149046793761	43	4	2836	2	2885	72605
UNKNOWN	213	G	0.990641247834	A	0.00658578856153	19	4	2858	4	2885	72605
UNKNOWN	214	A	0.987868284229	C	0.00831889081456	2850	24	5	6	2885	72605
UNKNOWN	215	C	0.985788561525	A	0.0051993067591	15	2844	13	13	2885	72605
UNKNOWN	216	A	0.974003466205	G	0.0166377816291	2810	16	48	11	2885	72605
UNKNOWN	217	A	0.978856152513	C	0.0124783362218	2824	36	20	5	2885	72605
UNKNOWN	218	C	0.953899480069	G	0.0270363951473	15	2752	78	40	2885	72605
UNKNOWN	219	T	0.986135181976	C	0.0051993067591	11	15	14	2845	2885	72605
UNKNOWN	220	C	0.99410745234	T	0.00381282495667	4	2868	2	11	2885	72605
UNKNOWN	221	C	0.978162911612	T	0.0159445407279	14	2822	3	46	2885	72605
UNKNOWN	222	A	0.992720970537	C	0.00381282495667	2864	11	7	3	2885	72605
UNKNOWN	223	A	0.981629116118	G	0.0142114384749	2832	9	41	3	2885	72605
UNKNOWN	224	G	0.980935875217	A	0.0124783362218	36	15	2830	4	2885	72605
UNKNOWN	225	A	0.984402079723	G	0.00901213171577	2840	16	26	3	2885	72605
UNKNOWN	226	G	0.945927209705	A	0.0412478336222	119	31	2729	6	2885	72605
UNKNOWN	227	C	0.966377816291	T	0.0294627383016	7	2788	5	85	2885	72605
UNKNOWN	228	C	0.98856152513	G	0.00554592720971	13	2852	16	4	2885	72605
UNKNOWN	229	A	0.995840554593	C	0.00138648180243	2873	4	4	4	2885	72605
UNKNOWN	230	A	0.964991334489	G	0.0305025996534	2784	10	88	3	2885	72605
UNKNOWN	231	G	0.949393414211	C	0.0280762564991	40	81	2739	25	2885	72605
UNKNOWN	232	T	0.993414211438	C	0.0051993067591	1	15	3	2866	2885	72605
UNKNOWN	233	C	0.959445407279	G	0.0221837088388	13	2768	64	40	2885	72605
UNKNOWN	234	T	0.988214904679	C	0.00727902946274	1	21	12	2851	2885	72605
UNKNOWN	235	C	0.992720970537	T	0.00658578856153	2	2864	0	19	2885	72605
UNKNOWN	236	T	0.981975736568	C	0.0138648180243	2	40	10	2833	2885	72605
UNKNOWN	237	C	0.987868284229	T	0.00727902946274	5	2850	9	21	2885	72605
UNKNOWN	238	T	0.993760831889	G	0.00346620450607	3	5	10	2867	2885	72605
UNKNOWN	239	G	0.918890814558	A	0.0675909878683	195	20	2651	19	2885	72605
UNKNOWN	240	T	0.980935875217	A	0.0100519930676	29	14	12	2830	2885	72605
UNKNOWN	241	C	0.981282495667	T	0.0100519930676	24	2831	1	29	2885	72605
UNKNOWN	242	A	0.973656845754	C	0.0155979202773	2809	45	29	2	2885	72605
UNKNOWN	243	G	0.904332755633	C	0.0682842287695	58	197	2609	21	2885	72605
UNKNOWN	244	T	0.982322357019	C	0.01143847487	7	33	11	2834	2885	72605
UNKNOWN	245	G	0.955632582322	A	0.0301559792028	87	11	2757	30	2885	72605
UNKNOWN	246	A	0.978509532062	G	0.0121317157712	2823	21	35	6	2885	72605
UNKNOWN	247	G	0.93726169844	A	0.0388214904679	112	45	2704	24	2885	72605
UNKNOWN	248	C	0.962911611785	T	0.0235701906412	25	2778	14	68	2885	72605
UNKNOWN	249	A	0.980242634315	G	0.0152512998267	2828	11	44	2	2885	72605
UNKNOWN	250	G	0.979549393414	A	0.0128249566724	37	18	2826	4	2885	72605
UNKNOWN	251	C	0.987868284229	G	0.00589254766031	12	2850	17	6	2885	72605
UNKNOWN	252	G	0.986481802426	A	0.00727902946274	21	7	2846	11	2885	72605
UNKNOWN	253	T	0.973656845754	G	0.019410745234	4	16	56	2809	2885	72605
UNKNOWN	254	G	0.946967071057	A	0.0246100519931	71	66	2732	16	2885	72605
UNKNOWN	255	A	0.98266897747	G	0.0110918544194	2835	14	32	4	2885	72605
UNKNOWN	256	C	0.989254766031	A	0.00623916811092	18	2854	6	7	2885	72605
UNKNOWN	257	A	0.974696707106	G	0.0121317157712	2812	17	35	21	2885	72605
UNKNOWN	258	C	0.877296360485	A	0.107452339688	310	2531	17	27	2885	72605
UNKNOWN	259	C	0.985095320624	T	0.0100519930676	7	2842	7	29	2885	72605
UNKNOWN	260	T	0.967417677643	G	0.0162911611785	10	37	47	2791	2885	72605
UNKNOWN	261	G	0.987521663778	A	0.00901213171577	26	4	2849	6	2885	72605
UNKNOWN	262	A	0.98266897747	G	0.00970537261698	2835	15	28	7	2885	72605
UNKNOWN	263	G	0.925129982669	C	0.0360485268631	89	104	2669	23	2885	72605
UNKNOWN	264	G	0.98266897747	A	0.0107452339688	31	4	2835	15	2885	72605
UNKNOWN	265	A	0.981975736568	C	0.0107452339688	2833	31	18	3	2885	72605
UNKNOWN	266	C	0.975736568458	T	0.0121317157712	31	2815	4	35	2885	72605
UNKNOWN	267	A	0.9712305026	G	0.0152512998267	2802	12	44	27	2885	72605
UNKNOWN	268	C	0.979896013865	A	0.00901213171577	26	2827	18	14	2885	72605
UNKNOWN	269	G	0.89705372617	A	0.0939341421144	271	12	2588	14	2885	72605
UNKNOWN	270	G	0.983708838821	A	0.00727902946274	21	13	2838	13	2885	72605
UNKNOWN	271	C	0.988908145581	A	0.00727902946274	21	2853	11	0	2885	72605
UNKNOWN	272	C	0.986828422877	A	0.00623916811092	18	2847	6	14	2885	72605
UNKNOWN	273	A	0.985095320624	G	0.00831889081456	2842	10	24	9	2885	72605
UNKNOWN	274	C	0.970190641248	A	0.0128249566724	37	2799	17	32	2885	72605
UNKNOWN	275	A	0.967417677643	G	0.0201039861352	2791	13	58	23	2885	72605
UNKNOWN	276	T	0.988908145581	A	0.00381282495667	11	10	11	2853	2885	72605
UNKNOWN	277	A	0.986481802426	C	0.00762564991334	2846	22	11	6	2885	72605
UNKNOWN	278	C	0.931022530329	T	0.0620450606586	14	2686	6	179	2885	72605
UNKNOWN	279	T	0.984055459272	C	0.00693240901213	19	20	7	2839	2885	72605
UNKNOWN	280	A	0.964991334489	T	0.0180242634315	2784	38	11	52	2885	72605
UNKNOWN	281	C	0.958058925477	T	0.0384748700173	4	2764	6	111	2885	72605
UNKNOWN	282	T	0.986481802426	G	0.0103986135182	6	3	30	2846	2885	72605
