Type	Position	Nucl1	Freq1	Nucl2	Freq2	NumAs	NumCs	NumGs	NumTs	NumAligned	NumNaive
UNKNOWN	0	C	1.0	A	0.0	0	150	0	0	150	107375
UNKNOWN	1	A	1.0	C	0.0	150	0	0	0	150	107375
UNKNOWN	2	G	1.0	A	0.0	0	0	150	0	150	107375
UNKNOWN	3	G	1.0	A	0.0	0	0	150	0	150	107375
UNKNOWN	4	T	1.0	A	0.0	0	0	0	150	150	107375
UNKNOWN	5	G	1.0	A	0.0	0	0	150	0	150	107375
UNKNOWN	6	C	1.0	A	0.0	0	150	0	0	150	107375
UNKNOWN	7	A	0.993333333333	G	0.00666666666667	149	0	1	0	150	107375
UNKNOWN	8	G	1.0	A	0.0	0	0	150	0	150	107375
UNKNOWN	9	C	0.993333333333	T	0.00666666666667	0	149	0	1	150	107375
UNKNOWN	10	T	1.0	A	0.0	0	0	0	150	150	107375
UNKNOWN	11	G	1.0	A	0.0	0	0	150	0	150	107375
UNKNOWN	12	C	0.993333333333	T	0.00666666666667	0	149	0	1	150	107375
UNKNOWN	13	A	0.973333333333	C	0.0133333333333	146	2	2	0	150	107375
UNKNOWN	14	G	0.993333333333	C	0.00666666666667	0	1	149	0	150	107375
UNKNOWN	15	G	1.0	A	0.0	0	0	150	0	150	107375
UNKNOWN	16	A	1.0	C	0.0	150	0	0	0	150	107375
UNKNOWN	17	G	1.0	A	0.0	0	0	150	0	150	107375
UNKNOWN	18	T	1.0	A	0.0	0	0	0	150	150	107375
UNKNOWN	19	C	1.0	A	0.0	0	150	0	0	150	107375
UNKNOWN	20	G	0.993333333333	A	0.00666666666667	1	0	149	0	150	107375
UNKNOWN	21	G	1.0	A	0.0	0	0	150	0	150	107375
UNKNOWN	22	G	0.993333333333	A	0.00666666666667	1	0	149	0	150	107375
UNKNOWN	23	C	0.993333333333	T	0.00666666666667	0	149	0	1	150	107375
UNKNOWN	24	C	1.0	A	0.0	0	150	0	0	150	107375
UNKNOWN	25	C	0.993333333333	T	0.00666666666667	0	149	0	1	150	107375
UNKNOWN	26	C	1.0	A	0.0	0	150	0	0	150	107375
UNKNOWN	27	A	0.993333333333	G	0.00666666666667	149	0	1	0	150	107375
UNKNOWN	28	G	1.0	A	0.0	0	0	150	0	150	107375
UNKNOWN	29	C	1.0	A	0.0	0	150	0	0	150	107375
UNKNOWN	30	C	1.0	A	0.0	0	150	0	0	150	107375
UNKNOWN	31	T	0.993333333333	C	0.00666666666667	0	1	0	149	150	107375
UNKNOWN	32	G	1.0	A	0.0	0	0	150	0	150	107375
UNKNOWN	33	G	1.0	A	0.0	0	0	150	0	150	107375
UNKNOWN	34	T	1.0	A	0.0	0	0	0	150	150	107375
UNKNOWN	35	G	0.5	A	0.48	72	3	75	0	150	107375
UNKNOWN	36	A	1.0	C	0.0	150	0	0	0	150	107375
UNKNOWN	37	A	0.986666666667	C	0.00666666666667	148	1	1	0	150	107375
UNKNOWN	38	G	1.0	A	0.0	0	0	150	0	150	107375
UNKNOWN	39	A	0.98	C	0.02	147	3	0	0	150	107375
UNKNOWN	40	C	1.0	A	0.0	0	150	0	0	150	107375
UNKNOWN	41	C	1.0	A	0.0	0	150	0	0	150	107375
UNKNOWN	42	T	1.0	A	0.0	0	0	0	150	150	107375
UNKNOWN	43	C	1.0	A	0.0	0	150	0	0	150	107375
UNKNOWN	44	A	0.986666666667	G	0.0133333333333	148	0	2	0	150	107375
UNKNOWN	45	C	1.0	A	0.0	0	150	0	0	150	107375
UNKNOWN	46	A	1.0	C	0.0	150	0	0	0	150	107375
UNKNOWN	47	G	1.0	A	0.0	0	0	150	0	150	107375
UNKNOWN	48	A	0.993333333333	T	0.00666666666667	149	0	0	1	150	107375
UNKNOWN	49	C	1.0	A	0.0	0	150	0	0	150	107375
UNKNOWN	50	C	0.993333333333	A	0.00666666666667	1	149	0	0	150	107375
UNKNOWN	51	C	1.0	A	0.0	0	150	0	0	150	107375
UNKNOWN	52	T	0.993333333333	C	0.00666666666667	0	1	0	149	150	107375
UNKNOWN	53	C	1.0	A	0.0	0	150	0	0	150	107375
UNKNOWN	54	T	0.993333333333	C	0.00666666666667	0	1	0	149	150	107375
UNKNOWN	55	C	1.0	A	0.0	0	150	0	0	150	107375
UNKNOWN	56	C	1.0	A	0.0	0	150	0	0	150	107375
UNKNOWN	57	C	1.0	A	0.0	0	150	0	0	150	107375
UNKNOWN	58	T	1.0	A	0.0	0	0	0	150	150	107375
UNKNOWN	59	C	1.0	A	0.0	0	150	0	0	150	107375
UNKNOWN	60	A	1.0	C	0.0	150	0	0	0	150	107375
UNKNOWN	61	C	1.0	A	0.0	0	150	0	0	150	107375
UNKNOWN	62	C	0.986666666667	T	0.0133333333333	0	148	0	2	150	107375
UNKNOWN	63	T	0.993333333333	C	0.00666666666667	0	1	0	149	150	107375
UNKNOWN	64	G	1.0	A	0.0	0	0	150	0	150	107375
UNKNOWN	65	C	1.0	A	0.0	0	150	0	0	150	107375
UNKNOWN	66	A	0.986666666667	G	0.0133333333333	148	0	2	0	150	107375
UNKNOWN	67	C	1.0	A	0.0	0	150	0	0	150	107375
UNKNOWN	68	G	0.993333333333	A	0.00666666666667	1	0	149	0	150	107375
UNKNOWN	69	G	0.993333333333	A	0.00666666666667	1	0	149	0	150	107375
UNKNOWN	70	C	0.993333333333	T	0.00666666666667	0	149	0	1	150	107375
UNKNOWN	71	C	1.0	A	0.0	0	150	0	0	150	107375
UNKNOWN	72	T	0.966666666667	G	0.0333333333333	0	0	5	145	150	107375
UNKNOWN	73	C	0.973333333333	A	0.0266666666667	4	146	0	0	150	107375
UNKNOWN	74	T	0.526666666667	C	0.473333333333	0	71	0	79	150	107375
UNKNOWN	75	G	0.98	A	0.0133333333333	2	1	147	0	150	107375
UNKNOWN	76	G	0.993333333333	A	0.00666666666667	1	0	149	0	150	107375
UNKNOWN	77	A	1.0	C	0.0	150	0	0	0	150	107375
UNKNOWN	78	T	1.0	A	0.0	0	0	0	150	150	107375
UNKNOWN	79	T	0.993333333333	C	0.00666666666667	0	1	0	149	150	107375
UNKNOWN	80	A	0.92	C	0.04	138	6	5	1	150	107375
UNKNOWN	81	T	1.0	A	0.0	0	0	0	150	150	107375
UNKNOWN	82	C	1.0	A	0.0	0	150	0	0	150	107375
UNKNOWN	83	A	1.0	C	0.0	150	0	0	0	150	107375
UNKNOWN	84	T	1.0	A	0.0	0	0	0	150	150	107375
UNKNOWN	85	T	1.0	A	0.0	0	0	0	150	150	107375
UNKNOWN	86	A	1.0	C	0.0	150	0	0	0	150	107375
UNKNOWN	87	A	0.986666666667	T	0.0133333333333	148	0	0	2	150	107375
UNKNOWN	88	C	0.946666666667	G	0.0333333333333	1	142	5	2	150	107375
UNKNOWN	89	C	0.986666666667	A	0.00666666666667	1	148	1	0	150	107375
UNKNOWN	90	A	1.0	C	0.0	150	0	0	0	150	107375
UNKNOWN	91	G	0.953333333333	C	0.0333333333333	2	5	143	0	150	107375
UNKNOWN	92	A	0.86	C	0.113333333333	129	17	3	1	150	107375
UNKNOWN	93	T	0.986666666667	C	0.0133333333333	0	2	0	148	150	107375
UNKNOWN	94	A	0.993333333333	G	0.00666666666667	149	0	1	0	150	107375
UNKNOWN	95	T	0.986666666667	C	0.00666666666667	0	1	1	148	150	107375
UNKNOWN	96	G	0.913333333333	A	0.0866666666667	13	0	137	0	150	107375
UNKNOWN	97	G	0.766666666667	A	0.173333333333	26	9	115	0	150	107375
UNKNOWN	98	T	0.96	A	0.04	6	0	0	144	150	107375
UNKNOWN	99	A	0.986666666667	C	0.00666666666667	148	1	1	0	150	107375
UNKNOWN	100	T	0.993333333333	G	0.00666666666667	0	0	1	149	150	107375
UNKNOWN	101	A	1.0	C	0.0	150	0	0	0	150	107375
UNKNOWN	102	C	0.986666666667	T	0.00666666666667	0	148	1	1	150	107375
UNKNOWN	103	A	1.0	C	0.0	150	0	0	0	150	107375
UNKNOWN	104	C	0.953333333333	G	0.0466666666667	0	143	7	0	150	107375
UNKNOWN	105	T	1.0	A	0.0	0	0	0	150	150	107375
UNKNOWN	106	G	1.0	A	0.0	0	0	150	0	150	107375
UNKNOWN	107	G	1.0	A	0.0	0	0	150	0	150	107375
UNKNOWN	108	G	1.0	A	0.0	0	0	150	0	150	107375
UNKNOWN	109	T	0.986666666667	C	0.0133333333333	0	2	0	148	150	107375
UNKNOWN	110	C	1.0	A	0.0	0	150	0	0	150	107375
UNKNOWN	111	C	1.0	A	0.0	0	150	0	0	150	107375
UNKNOWN	112	G	1.0	A	0.0	0	0	150	0	150	107375
UNKNOWN	113	C	0.993333333333	T	0.00666666666667	0	149	0	1	150	107375
UNKNOWN	114	C	1.0	A	0.0	0	150	0	0	150	107375
UNKNOWN	115	A	0.993333333333	T	0.00666666666667	149	0	0	1	150	107375
UNKNOWN	116	G	1.0	A	0.0	0	0	150	0	150	107375
UNKNOWN	117	G	1.0	A	0.0	0	0	150	0	150	107375
UNKNOWN	118	C	1.0	A	0.0	0	150	0	0	150	107375
UNKNOWN	119	T	1.0	A	0.0	0	0	0	150	150	107375
UNKNOWN	120	C	0.993333333333	T	0.00666666666667	0	149	0	1	150	107375
UNKNOWN	121	C	1.0	A	0.0	0	150	0	0	150	107375
UNKNOWN	122	A	1.0	C	0.0	150	0	0	0	150	107375
UNKNOWN	123	G	1.0	A	0.0	0	0	150	0	150	107375
UNKNOWN	124	G	1.0	A	0.0	0	0	150	0	150	107375
UNKNOWN	125	A	0.96	G	0.04	144	0	6	0	150	107375
UNKNOWN	126	A	1.0	C	0.0	150	0	0	0	150	107375
UNKNOWN	127	A	1.0	C	0.0	150	0	0	0	150	107375
UNKNOWN	128	G	1.0	A	0.0	0	0	150	0	150	107375
UNKNOWN	129	G	1.0	A	0.0	0	0	150	0	150	107375
UNKNOWN	130	C	1.0	A	0.0	0	150	0	0	150	107375
UNKNOWN	131	G	0.986666666667	A	0.0133333333333	2	0	148	0	150	107375
UNKNOWN	132	C	1.0	A	0.0	0	150	0	0	150	107375
UNKNOWN	133	T	0.993333333333	G	0.00666666666667	0	0	1	149	150	107375
UNKNOWN	134	G	0.826666666667	A	0.173333333333	26	0	124	0	150	107375
UNKNOWN	135	G	1.0	A	0.0	0	0	150	0	150	107375
UNKNOWN	136	A	1.0	C	0.0	150	0	0	0	150	107375
UNKNOWN	137	G	1.0	A	0.0	0	0	150	0	150	107375
UNKNOWN	138	T	1.0	A	0.0	0	0	0	150	150	107375
UNKNOWN	139	G	1.0	A	0.0	0	0	150	0	150	107375
UNKNOWN	140	G	0.993333333333	C	0.00666666666667	0	1	149	0	150	107375
UNKNOWN	141	C	1.0	A	0.0	0	150	0	0	150	107375
UNKNOWN	142	T	1.0	A	0.0	0	0	0	150	150	107375
UNKNOWN	143	T	1.0	A	0.0	0	0	0	150	150	107375
UNKNOWN	144	G	0.986666666667	A	0.0133333333333	2	0	148	0	150	107375
UNKNOWN	145	G	0.993333333333	A	0.00666666666667	1	0	149	0	150	107375
UNKNOWN	146	T	0.993333333333	A	0.00666666666667	1	0	0	149	150	107375
UNKNOWN	147	G	0.9	C	0.06	4	9	135	2	150	107375
UNKNOWN	148	A	0.76	C	0.14	114	21	10	5	150	107375
UNKNOWN	149	T	0.926666666667	G	0.04	4	1	6	139	150	107375
UNKNOWN	150	A	0.986666666667	G	0.0133333333333	148	0	2	0	150	107375
UNKNOWN	151	T	0.986666666667	A	0.00666666666667	1	0	1	148	150	107375
UNKNOWN	152	A	0.986666666667	T	0.00666666666667	148	0	1	1	150	107375
UNKNOWN	153	A	0.84	G	0.146666666667	126	0	22	2	150	107375
UNKNOWN	154	G	0.74	C	0.18	9	27	111	3	150	107375
UNKNOWN	155	C	0.906666666667	A	0.0333333333333	5	136	5	4	150	107375
UNKNOWN	156	A	0.893333333333	C	0.0533333333333	134	8	8	0	150	107375
UNKNOWN	157	G	0.906666666667	A	0.06	9	5	136	0	150	107375
UNKNOWN	158	T	0.94	C	0.0533333333333	0	8	1	141	150	107375
UNKNOWN	159	G	0.786666666667	A	0.206666666667	31	1	118	0	150	107375
UNKNOWN	160	G	0.893333333333	A	0.0933333333333	14	2	134	0	150	107375
UNKNOWN	161	T	0.993333333333	G	0.00666666666667	0	0	1	149	150	107375
UNKNOWN	162	G	0.94	C	0.0533333333333	1	8	141	0	150	107375
UNKNOWN	163	G	1.0	A	0.0	0	0	150	0	150	107375
UNKNOWN	164	A	0.986666666667	G	0.0133333333333	148	0	2	0	150	107375
UNKNOWN	165	A	1.0	C	0.0	150	0	0	0	150	107375
UNKNOWN	166	G	0.826666666667	C	0.16	2	24	124	0	150	107375
UNKNOWN	167	C	0.933333333333	G	0.0466666666667	0	140	7	3	150	107375
UNKNOWN	168	A	0.553333333333	T	0.44	83	0	1	66	150	107375
UNKNOWN	169	C	0.966666666667	T	0.0333333333333	0	145	0	5	150	107375
UNKNOWN	170	A	0.986666666667	G	0.0133333333333	148	0	2	0	150	107375
UNKNOWN	171	G	0.98	T	0.0133333333333	1	0	147	2	150	107375
UNKNOWN	172	G	0.686666666667	A	0.226666666667	34	5	103	8	150	107375
UNKNOWN	173	C	0.993333333333	G	0.00666666666667	0	149	1	0	150	107375
UNKNOWN	174	T	0.993333333333	G	0.00666666666667	0	0	1	149	150	107375
UNKNOWN	175	A	0.993333333333	C	0.00666666666667	149	1	0	0	150	107375
UNKNOWN	176	T	0.993333333333	C	0.00666666666667	0	1	0	149	150	107375
UNKNOWN	177	A	1.0	C	0.0	150	0	0	0	150	107375
UNKNOWN	178	A	1.0	C	0.0	150	0	0	0	150	107375
UNKNOWN	179	C	0.94	G	0.0466666666667	0	141	7	2	150	107375
UNKNOWN	180	C	0.993333333333	T	0.00666666666667	0	149	0	1	150	107375
UNKNOWN	181	C	1.0	A	0.0	0	150	0	0	150	107375
UNKNOWN	182	A	0.98	G	0.02	147	0	3	0	150	107375
UNKNOWN	183	G	1.0	A	0.0	0	0	150	0	150	107375
UNKNOWN	184	C	0.946666666667	G	0.0533333333333	0	142	8	0	150	107375
UNKNOWN	185	C	0.993333333333	G	0.00666666666667	0	149	1	0	150	107375
UNKNOWN	186	C	1.0	A	0.0	0	150	0	0	150	107375
UNKNOWN	187	T	1.0	A	0.0	0	0	0	150	150	107375
UNKNOWN	188	G	1.0	A	0.0	0	0	150	0	150	107375
UNKNOWN	189	A	0.993333333333	G	0.00666666666667	149	0	1	0	150	107375
UNKNOWN	190	A	1.0	C	0.0	150	0	0	0	150	107375
UNKNOWN	191	A	1.0	C	0.0	150	0	0	0	150	107375
UNKNOWN	192	T	1.0	A	0.0	0	0	0	150	150	107375
UNKNOWN	193	C	1.0	A	0.0	0	150	0	0	150	107375
UNKNOWN	194	C	1.0	A	0.0	0	150	0	0	150	107375
UNKNOWN	195	C	1.0	A	0.0	0	150	0	0	150	107375
UNKNOWN	196	G	1.0	A	0.0	0	0	150	0	150	107375
UNKNOWN	197	G	0.946666666667	C	0.0333333333333	3	5	142	0	150	107375
UNKNOWN	198	C	1.0	A	0.0	0	150	0	0	150	107375
UNKNOWN	199	T	0.993333333333	C	0.00666666666667	0	1	0	149	150	107375
UNKNOWN	200	C	0.993333333333	A	0.00666666666667	1	149	0	0	150	107375
UNKNOWN	201	A	0.98	G	0.0133333333333	147	0	2	1	150	107375
UNKNOWN	202	G	0.98	C	0.02	0	3	147	0	150	107375
UNKNOWN	203	C	0.926666666667	G	0.0533333333333	1	139	8	2	150	107375
UNKNOWN	204	A	1.0	C	0.0	150	0	0	0	150	107375
UNKNOWN	205	T	1.0	A	0.0	0	0	0	150	150	107375
UNKNOWN	206	C	1.0	A	0.0	0	150	0	0	150	107375
UNKNOWN	207	A	0.993333333333	G	0.00666666666667	149	0	1	0	150	107375
UNKNOWN	208	C	1.0	A	0.0	0	150	0	0	150	107375
UNKNOWN	209	C	0.973333333333	T	0.02	0	146	1	3	150	107375
UNKNOWN	210	A	0.993333333333	C	0.00666666666667	149	1	0	0	150	107375
UNKNOWN	211	A	0.993333333333	G	0.00666666666667	149	0	1	0	150	107375
UNKNOWN	212	G	0.986666666667	A	0.0133333333333	2	0	148	0	150	107375
UNKNOWN	213	G	0.953333333333	A	0.0466666666667	7	0	143	0	150	107375
UNKNOWN	214	A	1.0	C	0.0	150	0	0	0	150	107375
UNKNOWN	215	C	1.0	A	0.0	0	150	0	0	150	107375
UNKNOWN	216	A	1.0	C	0.0	150	0	0	0	150	107375
UNKNOWN	217	A	1.0	C	0.0	150	0	0	0	150	107375
UNKNOWN	218	C	0.993333333333	G	0.00666666666667	0	149	1	0	150	107375
UNKNOWN	219	T	1.0	A	0.0	0	0	0	150	150	107375
UNKNOWN	220	C	1.0	A	0.0	0	150	0	0	150	107375
UNKNOWN	221	C	1.0	A	0.0	0	150	0	0	150	107375
UNKNOWN	222	A	1.0	C	0.0	150	0	0	0	150	107375
UNKNOWN	223	A	0.993333333333	C	0.00666666666667	149	1	0	0	150	107375
UNKNOWN	224	G	0.986666666667	A	0.0133333333333	2	0	148	0	150	107375
UNKNOWN	225	A	1.0	C	0.0	150	0	0	0	150	107375
UNKNOWN	226	G	0.986666666667	T	0.0133333333333	0	0	148	2	150	107375
UNKNOWN	227	C	0.913333333333	T	0.0733333333333	0	137	2	11	150	107375
UNKNOWN	228	C	1.0	A	0.0	0	150	0	0	150	107375
UNKNOWN	229	A	0.993333333333	G	0.00666666666667	149	0	1	0	150	107375
UNKNOWN	230	A	1.0	C	0.0	150	0	0	0	150	107375
UNKNOWN	231	G	0.993333333333	C	0.00666666666667	0	1	149	0	150	107375
UNKNOWN	232	T	0.973333333333	C	0.0133333333333	0	2	2	146	150	107375
UNKNOWN	233	C	0.993333333333	T	0.00666666666667	0	149	0	1	150	107375
UNKNOWN	234	T	0.993333333333	C	0.00666666666667	0	1	0	149	150	107375
UNKNOWN	235	C	0.993333333333	T	0.00666666666667	0	149	0	1	150	107375
UNKNOWN	236	T	0.973333333333	A	0.0133333333333	2	2	0	146	150	107375
UNKNOWN	237	C	0.973333333333	T	0.0133333333333	0	146	2	2	150	107375
UNKNOWN	238	T	0.993333333333	A	0.00666666666667	1	0	0	149	150	107375
UNKNOWN	239	G	0.84	A	0.146666666667	22	1	126	1	150	107375
UNKNOWN	240	T	0.98	A	0.00666666666667	1	1	1	147	150	107375
UNKNOWN	241	C	0.993333333333	T	0.00666666666667	0	149	0	1	150	107375
UNKNOWN	242	A	0.993333333333	T	0.00666666666667	149	0	0	1	150	107375
UNKNOWN	243	C	0.94	T	0.0266666666667	1	141	4	4	150	107375
UNKNOWN	244	T	0.993333333333	A	0.00666666666667	1	0	0	149	150	107375
UNKNOWN	245	G	0.846666666667	A	0.146666666667	22	0	127	1	150	107375
UNKNOWN	246	A	0.826666666667	C	0.166666666667	124	25	1	0	150	107375
UNKNOWN	247	G	0.986666666667	A	0.0133333333333	2	0	148	0	150	107375
UNKNOWN	248	C	0.946666666667	T	0.0466666666667	0	142	1	7	150	107375
UNKNOWN	249	A	0.993333333333	C	0.00666666666667	149	1	0	0	150	107375
UNKNOWN	250	G	0.993333333333	C	0.00666666666667	0	1	149	0	150	107375
UNKNOWN	251	C	0.986666666667	T	0.0133333333333	0	148	0	2	150	107375
UNKNOWN	252	C	0.946666666667	G	0.0533333333333	0	142	8	0	150	107375
UNKNOWN	253	T	0.986666666667	A	0.00666666666667	1	1	0	148	150	107375
UNKNOWN	254	G	0.993333333333	C	0.00666666666667	0	1	149	0	150	107375
UNKNOWN	255	A	0.993333333333	T	0.00666666666667	149	0	0	1	150	107375
UNKNOWN	256	C	1.0	A	0.0	0	150	0	0	150	107375
UNKNOWN	257	A	0.946666666667	G	0.0466666666667	142	1	7	0	150	107375
UNKNOWN	258	C	0.973333333333	A	0.02	3	146	0	1	150	107375
UNKNOWN	259	C	0.993333333333	G	0.00666666666667	0	149	1	0	150	107375
UNKNOWN	260	T	0.966666666667	C	0.02	1	3	1	145	150	107375
UNKNOWN	261	G	0.986666666667	A	0.0133333333333	2	0	148	0	150	107375
UNKNOWN	262	A	0.993333333333	G	0.00666666666667	149	0	1	0	150	107375
UNKNOWN	263	G	0.96	C	0.0333333333333	1	5	144	0	150	107375
UNKNOWN	264	G	0.986666666667	C	0.00666666666667	0	1	148	1	150	107375
UNKNOWN	265	A	0.986666666667	C	0.00666666666667	148	1	0	1	150	107375
UNKNOWN	266	C	0.966666666667	A	0.0133333333333	2	145	2	1	150	107375
UNKNOWN	267	T	0.94	A	0.0466666666667	7	1	1	141	150	107375
UNKNOWN	268	C	0.986666666667	A	0.00666666666667	1	148	1	0	150	107375
UNKNOWN	269	A	0.926666666667	G	0.04	139	2	6	3	150	107375
UNKNOWN	270	G	0.993333333333	C	0.00666666666667	0	1	149	0	150	107375
UNKNOWN	271	C	0.973333333333	A	0.02	3	146	1	0	150	107375
UNKNOWN	272	C	1.0	A	0.0	0	150	0	0	150	107375
UNKNOWN	273	A	0.98	G	0.02	147	0	3	0	150	107375
UNKNOWN	274	C	0.98	A	0.0133333333333	2	147	0	1	150	107375
UNKNOWN	275	A	0.966666666667	C	0.0333333333333	145	5	0	0	150	107375
UNKNOWN	276	T	0.993333333333	C	0.00666666666667	0	1	0	149	150	107375
UNKNOWN	277	A	0.986666666667	T	0.00666666666667	148	0	1	1	150	107375
UNKNOWN	278	C	0.953333333333	T	0.0333333333333	1	143	1	5	150	107375
UNKNOWN	279	T	0.966666666667	G	0.0266666666667	0	1	4	145	150	107375
UNKNOWN	280	A	0.986666666667	T	0.00666666666667	148	0	1	1	150	107375
UNKNOWN	281	C	0.993333333333	G	0.00666666666667	0	149	1	0	150	107375
UNKNOWN	282	T	0.993333333333	G	0.00666666666667	0	0	1	149	150	107375
