Type	Position	Nucl1	Freq1	Nucl2	Freq2	NumAs	NumCs	NumGs	NumTs	NumAligned	NumNaive
UNKNOWN	0	C	1.0	A	0.0	0	483	0	0	483	99347
UNKNOWN	1	A	1.0	C	0.0	483	0	0	0	483	99347
UNKNOWN	2	G	1.0	A	0.0	0	0	483	0	483	99347
UNKNOWN	3	G	1.0	A	0.0	0	0	483	0	483	99347
UNKNOWN	4	T	1.0	A	0.0	0	0	0	483	483	99347
UNKNOWN	5	G	1.0	A	0.0	0	0	483	0	483	99347
UNKNOWN	6	C	1.0	A	0.0	0	483	0	0	483	99347
UNKNOWN	7	A	1.0	C	0.0	483	0	0	0	483	99347
UNKNOWN	8	G	0.989648033126	A	0.0103519668737	5	0	478	0	483	99347
UNKNOWN	9	C	1.0	A	0.0	0	483	0	0	483	99347
UNKNOWN	10	T	1.0	A	0.0	0	0	0	483	483	99347
UNKNOWN	11	G	1.0	A	0.0	0	0	483	0	483	99347
UNKNOWN	12	C	1.0	A	0.0	0	483	0	0	483	99347
UNKNOWN	13	G	1.0	A	0.0	0	0	483	0	483	99347
UNKNOWN	14	C	0.579710144928	G	0.418219461698	0	280	202	1	483	99347
UNKNOWN	15	G	1.0	A	0.0	0	0	483	0	483	99347
UNKNOWN	16	A	1.0	C	0.0	483	0	0	0	483	99347
UNKNOWN	17	G	0.997929606625	A	0.00207039337474	1	0	482	0	483	99347
UNKNOWN	18	T	0.997929606625	C	0.00207039337474	0	1	0	482	483	99347
UNKNOWN	19	C	1.0	A	0.0	0	483	0	0	483	99347
UNKNOWN	20	G	0.997929606625	A	0.00207039337474	1	0	482	0	483	99347
UNKNOWN	21	G	1.0	A	0.0	0	0	483	0	483	99347
UNKNOWN	22	G	1.0	A	0.0	0	0	483	0	483	99347
UNKNOWN	23	C	0.997929606625	G	0.00207039337474	0	482	1	0	483	99347
UNKNOWN	24	C	0.997929606625	A	0.00207039337474	1	482	0	0	483	99347
UNKNOWN	25	C	1.0	A	0.0	0	483	0	0	483	99347
UNKNOWN	26	C	0.997929606625	A	0.00207039337474	1	482	0	0	483	99347
UNKNOWN	27	A	0.997929606625	G	0.00207039337474	482	0	1	0	483	99347
UNKNOWN	28	G	0.997929606625	C	0.00207039337474	0	1	482	0	483	99347
UNKNOWN	29	C	0.997929606625	T	0.00207039337474	0	482	0	1	483	99347
UNKNOWN	30	C	1.0	A	0.0	0	483	0	0	483	99347
UNKNOWN	31	T	0.997929606625	A	0.00207039337474	1	0	0	482	483	99347
UNKNOWN	32	G	0.997929606625	A	0.00207039337474	1	0	482	0	483	99347
UNKNOWN	33	G	1.0	A	0.0	0	0	483	0	483	99347
UNKNOWN	34	T	1.0	A	0.0	0	0	0	483	483	99347
UNKNOWN	35	G	0.997929606625	A	0.00207039337474	1	0	482	0	483	99347
UNKNOWN	36	A	0.995859213251	G	0.00414078674948	481	0	2	0	483	99347
UNKNOWN	37	A	0.997929606625	G	0.00207039337474	482	0	1	0	483	99347
UNKNOWN	38	G	1.0	A	0.0	0	0	483	0	483	99347
UNKNOWN	39	C	1.0	A	0.0	0	483	0	0	483	99347
UNKNOWN	40	C	0.997929606625	T	0.00207039337474	0	482	0	1	483	99347
UNKNOWN	41	C	0.997929606625	G	0.00207039337474	0	482	1	0	483	99347
UNKNOWN	42	T	0.997929606625	C	0.00207039337474	0	1	0	482	483	99347
UNKNOWN	43	C	1.0	A	0.0	0	483	0	0	483	99347
UNKNOWN	44	A	0.995859213251	T	0.00207039337474	481	0	1	1	483	99347
UNKNOWN	45	C	1.0	A	0.0	0	483	0	0	483	99347
UNKNOWN	46	A	1.0	C	0.0	483	0	0	0	483	99347
UNKNOWN	47	G	1.0	A	0.0	0	0	483	0	483	99347
UNKNOWN	48	A	1.0	C	0.0	483	0	0	0	483	99347
UNKNOWN	49	C	1.0	A	0.0	0	483	0	0	483	99347
UNKNOWN	50	C	1.0	A	0.0	0	483	0	0	483	99347
UNKNOWN	51	C	1.0	A	0.0	0	483	0	0	483	99347
UNKNOWN	52	T	1.0	A	0.0	0	0	0	483	483	99347
UNKNOWN	53	C	1.0	A	0.0	0	483	0	0	483	99347
UNKNOWN	54	T	0.995859213251	C	0.00414078674948	0	2	0	481	483	99347
UNKNOWN	55	C	1.0	A	0.0	0	483	0	0	483	99347
UNKNOWN	56	C	0.997929606625	G	0.00207039337474	0	482	1	0	483	99347
UNKNOWN	57	C	1.0	A	0.0	0	483	0	0	483	99347
UNKNOWN	58	T	1.0	A	0.0	0	0	0	483	483	99347
UNKNOWN	59	C	0.997929606625	G	0.00207039337474	0	482	1	0	483	99347
UNKNOWN	60	A	0.997929606625	T	0.00207039337474	482	0	0	1	483	99347
UNKNOWN	61	C	1.0	A	0.0	0	483	0	0	483	99347
UNKNOWN	62	C	0.995859213251	G	0.00414078674948	0	481	2	0	483	99347
UNKNOWN	63	T	0.997929606625	C	0.00207039337474	0	1	0	482	483	99347
UNKNOWN	64	G	1.0	A	0.0	0	0	483	0	483	99347
UNKNOWN	65	C	1.0	A	0.0	0	483	0	0	483	99347
UNKNOWN	66	A	1.0	C	0.0	483	0	0	0	483	99347
UNKNOWN	67	C	1.0	A	0.0	0	483	0	0	483	99347
UNKNOWN	68	G	0.987577639752	A	0.0124223602484	6	0	477	0	483	99347
UNKNOWN	69	G	0.968944099379	A	0.0310559006211	15	0	468	0	483	99347
UNKNOWN	70	T	0.995859213251	C	0.00414078674948	0	2	0	481	483	99347
UNKNOWN	71	C	0.989648033126	G	0.00621118012422	0	478	3	2	483	99347
UNKNOWN	72	T	0.997929606625	C	0.00207039337474	0	1	0	482	483	99347
UNKNOWN	73	C	1.0	A	0.0	0	483	0	0	483	99347
UNKNOWN	74	T	0.993788819876	C	0.00414078674948	0	2	1	480	483	99347
UNKNOWN	75	G	1.0	A	0.0	0	0	483	0	483	99347
UNKNOWN	76	G	0.993788819876	A	0.00621118012422	3	0	480	0	483	99347
UNKNOWN	77	A	0.989648033126	G	0.00828157349896	478	0	4	1	483	99347
UNKNOWN	78	T	0.913043478261	C	0.0828157349896	0	40	2	441	483	99347
UNKNOWN	79	T	0.979296066253	G	0.0186335403727	0	1	9	473	483	99347
UNKNOWN	80	C	0.981366459627	T	0.0144927536232	0	474	2	7	483	99347
UNKNOWN	81	T	0.997929606625	G	0.00207039337474	0	0	1	482	483	99347
UNKNOWN	82	C	0.997929606625	T	0.00207039337474	0	482	0	1	483	99347
UNKNOWN	83	A	1.0	C	0.0	483	0	0	0	483	99347
UNKNOWN	84	T	1.0	A	0.0	0	0	0	483	483	99347
UNKNOWN	85	T	1.0	A	0.0	0	0	0	483	483	99347
UNKNOWN	86	G	1.0	A	0.0	0	0	483	0	483	99347
UNKNOWN	87	A	0.987577639752	G	0.0103519668737	477	1	5	0	483	99347
UNKNOWN	88	G	0.979296066253	C	0.0124223602484	3	6	473	1	483	99347
UNKNOWN	89	C	0.991718426501	T	0.00414078674948	1	479	1	2	483	99347
UNKNOWN	90	A	0.987577639752	G	0.0103519668737	477	0	5	1	483	99347
UNKNOWN	91	G	0.944099378882	A	0.0414078674948	20	6	456	1	483	99347
UNKNOWN	92	C	0.975155279503	T	0.0207039337474	1	471	1	10	483	99347
UNKNOWN	93	T	0.985507246377	A	0.0124223602484	6	1	0	476	483	99347
UNKNOWN	94	A	0.987577639752	T	0.00621118012422	477	2	1	3	483	99347
UNKNOWN	95	T	0.995859213251	C	0.00414078674948	0	2	0	481	483	99347
UNKNOWN	96	G	0.944099378882	A	0.0414078674948	20	2	456	5	483	99347
UNKNOWN	97	G	0.5983436853	C	0.356107660455	14	172	289	8	483	99347
UNKNOWN	98	T	0.987577639752	C	0.00828157349896	2	4	0	477	483	99347
UNKNOWN	99	G	0.983436853002	A	0.0144927536232	7	1	475	0	483	99347
UNKNOWN	100	T	0.993788819876	C	0.00621118012422	0	3	0	480	483	99347
UNKNOWN	101	A	0.975155279503	T	0.0124223602484	471	3	3	6	483	99347
UNKNOWN	102	A	0.768115942029	G	0.217391304348	371	2	105	5	483	99347
UNKNOWN	103	G	0.859213250518	A	0.101449275362	49	13	415	6	483	99347
UNKNOWN	104	C	0.989648033126	T	0.00828157349896	0	478	1	4	483	99347
UNKNOWN	105	T	1.0	A	0.0	0	0	0	483	483	99347
UNKNOWN	106	G	1.0	A	0.0	0	0	483	0	483	99347
UNKNOWN	107	G	0.997929606625	C	0.00207039337474	0	1	482	0	483	99347
UNKNOWN	108	G	0.985507246377	A	0.0124223602484	6	1	476	0	483	99347
UNKNOWN	109	T	1.0	A	0.0	0	0	0	483	483	99347
UNKNOWN	110	C	0.991718426501	G	0.00414078674948	1	479	2	1	483	99347
UNKNOWN	111	C	1.0	A	0.0	0	483	0	0	483	99347
UNKNOWN	112	G	1.0	A	0.0	0	0	483	0	483	99347
UNKNOWN	113	C	0.997929606625	T	0.00207039337474	0	482	0	1	483	99347
UNKNOWN	114	C	1.0	A	0.0	0	483	0	0	483	99347
UNKNOWN	115	A	0.995859213251	C	0.00207039337474	481	1	1	0	483	99347
UNKNOWN	116	G	0.997929606625	T	0.00207039337474	0	0	482	1	483	99347
UNKNOWN	117	G	0.995859213251	A	0.00414078674948	2	0	481	0	483	99347
UNKNOWN	118	C	0.995859213251	T	0.00414078674948	0	481	0	2	483	99347
UNKNOWN	119	T	0.995859213251	C	0.00414078674948	0	2	0	481	483	99347
UNKNOWN	120	C	0.995859213251	T	0.00414078674948	0	481	0	2	483	99347
UNKNOWN	121	C	1.0	A	0.0	0	483	0	0	483	99347
UNKNOWN	122	A	0.968944099379	G	0.0310559006211	468	0	15	0	483	99347
UNKNOWN	123	G	1.0	A	0.0	0	0	483	0	483	99347
UNKNOWN	124	G	1.0	A	0.0	0	0	483	0	483	99347
UNKNOWN	125	G	1.0	A	0.0	0	0	483	0	483	99347
UNKNOWN	126	A	0.997929606625	G	0.00207039337474	482	0	1	0	483	99347
UNKNOWN	127	A	0.991718426501	T	0.00414078674948	479	0	2	2	483	99347
UNKNOWN	128	G	1.0	A	0.0	0	0	483	0	483	99347
UNKNOWN	129	G	0.989648033126	A	0.00828157349896	4	0	478	1	483	99347
UNKNOWN	130	C	1.0	A	0.0	0	483	0	0	483	99347
UNKNOWN	131	G	1.0	A	0.0	0	0	483	0	483	99347
UNKNOWN	132	C	1.0	A	0.0	0	483	0	0	483	99347
UNKNOWN	133	T	0.997929606625	G	0.00207039337474	0	0	1	482	483	99347
UNKNOWN	134	G	0.975155279503	A	0.0227743271222	11	0	471	1	483	99347
UNKNOWN	135	G	0.997929606625	T	0.00207039337474	0	0	482	1	483	99347
UNKNOWN	136	A	0.997929606625	G	0.00207039337474	482	0	1	0	483	99347
UNKNOWN	137	G	0.991718426501	A	0.00828157349896	4	0	479	0	483	99347
UNKNOWN	138	T	0.997929606625	G	0.00207039337474	0	0	1	482	483	99347
UNKNOWN	139	G	0.981366459627	A	0.0186335403727	9	0	474	0	483	99347
UNKNOWN	140	C	0.734989648033	T	0.182194616977	1	355	39	88	483	99347
UNKNOWN	141	C	0.923395445135	G	0.0600414078675	7	446	29	1	483	99347
UNKNOWN	142	T	1.0	A	0.0	0	0	0	483	483	99347
UNKNOWN	143	C	0.811594202899	T	0.186335403727	1	392	0	90	483	99347
UNKNOWN	144	G	0.997929606625	A	0.00207039337474	1	0	482	0	483	99347
UNKNOWN	145	G	1.0	A	0.0	0	0	483	0	483	99347
UNKNOWN	146	T	0.993788819876	A	0.00207039337474	1	1	1	480	483	99347
UNKNOWN	147	G	0.900621118012	A	0.0869565217391	42	1	435	5	483	99347
UNKNOWN	148	G	0.971014492754	C	0.0124223602484	4	6	469	4	483	99347
UNKNOWN	149	T	0.987577639752	C	0.00828157349896	1	4	1	477	483	99347
UNKNOWN	150	A	0.991718426501	G	0.00828157349896	479	0	4	0	483	99347
UNKNOWN	151	T	1.0	A	0.0	0	0	0	483	483	99347
UNKNOWN	152	A	0.977225672878	G	0.0165631469979	472	3	8	0	483	99347
UNKNOWN	153	A	0.954451345756	G	0.0434782608696	461	1	21	0	483	99347
UNKNOWN	154	G	0.906832298137	A	0.0538302277433	26	13	438	6	483	99347
UNKNOWN	155	T	0.505175983437	C	0.451345755694	11	218	10	244	483	99347
UNKNOWN	156	A	0.937888198758	G	0.055900621118	453	1	27	2	483	99347
UNKNOWN	157	G	0.944099378882	A	0.0248447204969	12	12	456	3	483	99347
UNKNOWN	158	T	0.981366459627	G	0.0103519668737	1	3	5	474	483	99347
UNKNOWN	159	G	0.865424430642	A	0.107660455487	52	11	418	2	483	99347
UNKNOWN	160	G	0.91718426501	A	0.0662525879917	32	4	443	4	483	99347
UNKNOWN	161	T	0.993788819876	G	0.00621118012422	0	0	3	480	483	99347
UNKNOWN	162	G	0.989648033126	A	0.00621118012422	3	1	478	1	483	99347
UNKNOWN	163	G	0.997929606625	C	0.00207039337474	0	1	482	0	483	99347
UNKNOWN	164	A	0.935817805383	G	0.0600414078675	452	0	29	2	483	99347
UNKNOWN	165	A	0.95652173913	G	0.0331262939959	462	2	16	3	483	99347
UNKNOWN	166	G	0.743271221532	A	0.149068322981	72	23	359	29	483	99347
UNKNOWN	167	C	0.910973084886	A	0.0393374741201	19	440	7	17	483	99347
UNKNOWN	168	A	0.966873706004	T	0.0165631469979	467	2	6	8	483	99347
UNKNOWN	169	C	0.991718426501	T	0.00621118012422	1	479	0	3	483	99347
UNKNOWN	170	A	0.995859213251	G	0.00414078674948	481	0	2	0	483	99347
UNKNOWN	171	G	0.971014492754	T	0.0165631469979	6	0	469	8	483	99347
UNKNOWN	172	G	0.919254658385	A	0.0600414078675	29	9	444	1	483	99347
UNKNOWN	173	C	0.993788819876	T	0.00414078674948	0	480	1	2	483	99347
UNKNOWN	174	T	0.991718426501	C	0.00621118012422	1	3	0	479	483	99347
UNKNOWN	175	A	0.991718426501	T	0.00621118012422	479	0	1	3	483	99347
UNKNOWN	176	T	0.983436853002	C	0.0144927536232	1	7	0	475	483	99347
UNKNOWN	177	A	0.993788819876	C	0.00414078674948	480	2	0	1	483	99347
UNKNOWN	178	A	0.989648033126	C	0.00621118012422	478	3	1	1	483	99347
UNKNOWN	179	C	0.900621118012	T	0.0910973084886	3	435	1	44	483	99347
UNKNOWN	180	C	0.966873706004	T	0.0186335403727	1	467	6	9	483	99347
UNKNOWN	181	C	0.983436853002	T	0.00828157349896	2	475	2	4	483	99347
UNKNOWN	182	A	0.993788819876	C	0.00207039337474	480	1	1	1	483	99347
UNKNOWN	183	G	0.997929606625	C	0.00207039337474	0	1	482	0	483	99347
UNKNOWN	184	C	0.985507246377	T	0.00828157349896	0	476	3	4	483	99347
UNKNOWN	185	C	0.997929606625	A	0.00207039337474	1	482	0	0	483	99347
UNKNOWN	186	C	0.997929606625	T	0.00207039337474	0	482	0	1	483	99347
UNKNOWN	187	T	0.995859213251	C	0.00207039337474	0	1	1	481	483	99347
UNKNOWN	188	G	0.993788819876	A	0.00621118012422	3	0	480	0	483	99347
UNKNOWN	189	A	0.995859213251	G	0.00414078674948	481	0	2	0	483	99347
UNKNOWN	190	A	0.993788819876	G	0.00621118012422	480	0	3	0	483	99347
UNKNOWN	191	A	0.989648033126	C	0.00621118012422	478	3	1	1	483	99347
UNKNOWN	192	T	0.995859213251	C	0.00414078674948	0	2	0	481	483	99347
UNKNOWN	193	C	0.981366459627	A	0.0186335403727	9	474	0	0	483	99347
UNKNOWN	194	C	0.995859213251	T	0.00414078674948	0	481	0	2	483	99347
UNKNOWN	195	C	0.995859213251	T	0.00207039337474	0	481	1	1	483	99347
UNKNOWN	196	G	1.0	A	0.0	0	0	483	0	483	99347
UNKNOWN	197	G	0.987577639752	A	0.0103519668737	5	1	477	0	483	99347
UNKNOWN	198	C	0.997929606625	T	0.00207039337474	0	482	0	1	483	99347
UNKNOWN	199	T	0.997929606625	C	0.00207039337474	0	1	0	482	483	99347
UNKNOWN	200	C	0.995859213251	A	0.00414078674948	2	481	0	0	483	99347
UNKNOWN	201	A	0.997929606625	G	0.00207039337474	482	0	1	0	483	99347
UNKNOWN	202	G	0.993788819876	C	0.00414078674948	1	2	480	0	483	99347
UNKNOWN	203	C	0.979296066253	T	0.0124223602484	1	473	3	6	483	99347
UNKNOWN	204	A	0.991718426501	G	0.00414078674948	479	1	2	1	483	99347
UNKNOWN	205	T	0.995859213251	C	0.00414078674948	0	2	0	481	483	99347
UNKNOWN	206	C	0.993788819876	A	0.00621118012422	3	480	0	0	483	99347
UNKNOWN	207	A	0.995859213251	C	0.00207039337474	481	1	1	0	483	99347
UNKNOWN	208	C	0.995859213251	G	0.00414078674948	0	481	2	0	483	99347
UNKNOWN	209	C	0.968944099379	T	0.0227743271222	1	468	3	11	483	99347
UNKNOWN	210	A	0.997929606625	G	0.00207039337474	482	0	1	0	483	99347
UNKNOWN	211	A	0.997929606625	G	0.00207039337474	482	0	1	0	483	99347
UNKNOWN	212	G	0.993788819876	A	0.00207039337474	1	1	480	1	483	99347
UNKNOWN	213	G	0.989648033126	A	0.00621118012422	3	0	478	2	483	99347
UNKNOWN	214	A	0.993788819876	G	0.00414078674948	480	1	2	0	483	99347
UNKNOWN	215	C	0.985507246377	T	0.00621118012422	1	476	3	3	483	99347
UNKNOWN	216	A	0.997929606625	G	0.00207039337474	482	0	1	0	483	99347
UNKNOWN	217	A	0.989648033126	T	0.00414078674948	478	1	2	2	483	99347
UNKNOWN	218	C	0.981366459627	T	0.0124223602484	0	474	3	6	483	99347
UNKNOWN	219	T	0.995859213251	C	0.00414078674948	0	2	0	481	483	99347
UNKNOWN	220	C	0.997929606625	T	0.00207039337474	0	482	0	1	483	99347
UNKNOWN	221	C	0.995859213251	A	0.00207039337474	1	481	0	1	483	99347
UNKNOWN	222	A	0.991718426501	C	0.00621118012422	479	3	1	0	483	99347
UNKNOWN	223	A	0.997929606625	G	0.00207039337474	482	0	1	0	483	99347
UNKNOWN	224	G	0.997929606625	A	0.00207039337474	1	0	482	0	483	99347
UNKNOWN	225	A	0.997929606625	G	0.00207039337474	482	0	1	0	483	99347
UNKNOWN	226	G	0.952380952381	A	0.0414078674948	20	3	460	0	483	99347
UNKNOWN	227	C	0.991718426501	T	0.00828157349896	0	479	0	4	483	99347
UNKNOWN	228	C	0.993788819876	A	0.00414078674948	2	480	1	0	483	99347
UNKNOWN	229	A	0.993788819876	T	0.00414078674948	480	0	1	2	483	99347
UNKNOWN	230	A	0.995859213251	G	0.00414078674948	481	0	2	0	483	99347
UNKNOWN	231	G	0.987577639752	A	0.0103519668737	5	0	477	1	483	99347
UNKNOWN	232	T	0.995859213251	C	0.00414078674948	0	2	0	481	483	99347
UNKNOWN	233	C	0.991718426501	T	0.00414078674948	0	479	2	2	483	99347
UNKNOWN	234	T	0.993788819876	C	0.00621118012422	0	3	0	480	483	99347
UNKNOWN	235	C	0.993788819876	T	0.00414078674948	0	480	1	2	483	99347
UNKNOWN	236	T	0.995859213251	A	0.00207039337474	1	1	0	481	483	99347
UNKNOWN	237	C	0.997929606625	T	0.00207039337474	0	482	0	1	483	99347
UNKNOWN	238	T	0.997929606625	G	0.00207039337474	0	0	1	482	483	99347
UNKNOWN	239	G	0.871635610766	A	0.109730848861	53	2	421	7	483	99347
UNKNOWN	240	T	0.991718426501	A	0.00414078674948	2	2	0	479	483	99347
UNKNOWN	241	C	0.993788819876	T	0.00414078674948	1	480	0	2	483	99347
UNKNOWN	242	A	0.989648033126	G	0.00621118012422	478	2	3	0	483	99347
UNKNOWN	243	G	0.606625258799	C	0.339544513458	13	164	293	13	483	99347
UNKNOWN	244	T	0.995859213251	G	0.00414078674948	0	0	2	481	483	99347
UNKNOWN	245	G	0.975155279503	A	0.0207039337474	10	1	471	1	483	99347
UNKNOWN	246	A	0.989648033126	G	0.0103519668737	478	0	5	0	483	99347
UNKNOWN	247	G	0.979296066253	A	0.0103519668737	5	4	473	1	483	99347
UNKNOWN	248	C	0.983436853002	T	0.0103519668737	3	475	0	5	483	99347
UNKNOWN	249	A	0.981366459627	G	0.0165631469979	474	1	8	0	483	99347
UNKNOWN	250	G	0.995859213251	C	0.00414078674948	0	2	481	0	483	99347
UNKNOWN	251	C	0.995859213251	G	0.00414078674948	0	481	2	0	483	99347
UNKNOWN	252	G	0.995859213251	T	0.00414078674948	0	0	481	2	483	99347
UNKNOWN	253	T	0.997929606625	G	0.00207039337474	0	0	1	482	483	99347
UNKNOWN	254	G	0.983436853002	A	0.0165631469979	8	0	475	0	483	99347
UNKNOWN	255	A	0.991718426501	C	0.00414078674948	479	2	2	0	483	99347
UNKNOWN	256	C	0.995859213251	A	0.00414078674948	2	481	0	0	483	99347
UNKNOWN	257	A	0.987577639752	G	0.00828157349896	477	1	4	1	483	99347
UNKNOWN	258	C	0.703933747412	A	0.281573498965	136	340	3	4	483	99347
UNKNOWN	259	C	0.983436853002	T	0.00828157349896	0	475	4	4	483	99347
UNKNOWN	260	T	0.991718426501	G	0.00621118012422	0	1	3	479	483	99347
UNKNOWN	261	G	0.987577639752	A	0.00828157349896	4	1	477	1	483	99347
UNKNOWN	262	A	0.995859213251	G	0.00414078674948	481	0	2	0	483	99347
UNKNOWN	263	G	0.975155279503	A	0.0186335403727	9	2	471	1	483	99347
UNKNOWN	264	G	0.989648033126	A	0.00621118012422	3	1	478	1	483	99347
UNKNOWN	265	A	0.991718426501	C	0.00828157349896	479	4	0	0	483	99347
UNKNOWN	266	C	0.995859213251	A	0.00414078674948	2	481	0	0	483	99347
UNKNOWN	267	A	0.981366459627	T	0.00828157349896	474	2	3	4	483	99347
UNKNOWN	268	C	0.991718426501	G	0.00621118012422	0	479	3	1	483	99347
UNKNOWN	269	G	0.981366459627	A	0.0186335403727	9	0	474	0	483	99347
UNKNOWN	270	G	0.991718426501	C	0.00414078674948	0	2	479	2	483	99347
UNKNOWN	271	C	1.0	A	0.0	0	483	0	0	483	99347
UNKNOWN	272	C	0.993788819876	A	0.00414078674948	2	480	0	1	483	99347
UNKNOWN	273	A	0.991718426501	C	0.00621118012422	479	3	1	0	483	99347
UNKNOWN	274	C	0.989648033126	A	0.00621118012422	3	478	1	1	483	99347
UNKNOWN	275	A	0.985507246377	T	0.00621118012422	476	1	3	3	483	99347
UNKNOWN	276	T	0.993788819876	A	0.00414078674948	2	0	1	480	483	99347
UNKNOWN	277	A	0.993788819876	C	0.00414078674948	480	2	1	0	483	99347
UNKNOWN	278	C	0.973084886128	T	0.0269151138716	0	470	0	13	483	99347
UNKNOWN	279	T	0.995859213251	A	0.00414078674948	2	0	0	481	483	99347
UNKNOWN	280	A	0.991718426501	C	0.00621118012422	479	3	0	1	483	99347
UNKNOWN	281	C	0.985507246377	T	0.0124223602484	0	476	1	6	483	99347
UNKNOWN	282	T	0.993788819876	G	0.00414078674948	0	1	2	480	483	99347
