Type	Position	Nucl1	Freq1	Nucl2	Freq2	NumAs	NumCs	NumGs	NumTs	NumAligned	NumNaive
UNKNOWN	0	C	1.0	A	0.0	0	24190	0	0	24190	104319
UNKNOWN	1	A	1.0	C	0.0	24190	0	0	0	24190	104319
UNKNOWN	2	G	1.0	A	0.0	0	0	24190	0	24190	104319
UNKNOWN	3	G	1.0	A	0.0	0	0	24190	0	24190	104319
UNKNOWN	4	T	1.0	A	0.0	0	0	0	24190	24190	104319
UNKNOWN	5	G	1.0	A	0.0	0	0	24190	0	24190	104319
UNKNOWN	6	C	1.0	A	0.0	0	24190	0	0	24190	104319
UNKNOWN	7	A	0.998759818107	G	0.00107482430757	24160	1	26	3	24190	104319
UNKNOWN	8	G	0.99499793303	A	0.00446465481604	108	11	24069	2	24190	104319
UNKNOWN	9	C	0.998759818107	T	0.000992145514675	0	24160	6	24	24190	104319
UNKNOWN	10	T	0.99929723026	C	0.000702769739562	0	17	0	24173	24190	104319
UNKNOWN	11	G	0.998098387764	A	0.00169491525424	41	2	24144	3	24190	104319
UNKNOWN	12	C	0.999462587846	T	0.000496072757338	0	24177	1	12	24190	104319
UNKNOWN	13	G	0.998801157503	A	0.00111616370401	27	1	24161	1	24190	104319
UNKNOWN	14	C	0.543241008681	G	0.455394791236	12	13141	11016	21	24190	104319
UNKNOWN	15	G	0.999503927243	C	0.000289375775114	4	7	24178	1	24190	104319
UNKNOWN	16	A	0.998759818107	G	0.000950806118231	24160	6	23	1	24190	104319
UNKNOWN	17	G	0.996403472509	A	0.00334849111203	81	5	24103	1	24190	104319
UNKNOWN	18	T	0.99871847871	C	0.00111616370401	2	27	2	24159	24190	104319
UNKNOWN	19	C	0.999007854485	T	0.000868127325341	2	24166	1	21	24190	104319
UNKNOWN	20	G	0.998387763539	A	0.00136420008268	33	4	24151	2	24190	104319
UNKNOWN	21	G	0.999793303018	C	0.000124018189334	1	3	24185	1	24190	104319
UNKNOWN	22	G	0.999503927243	A	0.000330715171558	8	3	24178	1	24190	104319
UNKNOWN	23	C	0.997974369574	T	0.00103348491112	3	24141	21	25	24190	104319
UNKNOWN	24	C	0.999503927243	T	0.000330715171558	3	24178	1	8	24190	104319
UNKNOWN	25	C	0.999462587846	T	0.000372054568003	2	24177	2	9	24190	104319
UNKNOWN	26	C	0.999338569657	A	0.000496072757338	12	24174	0	4	24190	104319
UNKNOWN	27	A	0.998511781728	G	0.00107482430757	24154	5	26	5	24190	104319
UNKNOWN	28	G	0.992724266226	A	0.00644894584539	156	17	24014	3	24190	104319
UNKNOWN	29	C	0.998015708971	T	0.00177759404713	3	24142	2	43	24190	104319
UNKNOWN	30	C	0.999255890864	T	0.000578751550227	4	24172	0	14	24190	104319
UNKNOWN	31	T	0.998429102935	C	0.000950806118231	6	23	9	24152	24190	104319
UNKNOWN	32	G	0.997188921042	A	0.00235634559735	57	6	24122	5	24190	104319
UNKNOWN	33	G	0.996940884663	A	0.00132286068623	32	20	24116	22	24190	104319
UNKNOWN	34	T	0.99813972716	C	0.00148821827201	1	36	8	24145	24190	104319
UNKNOWN	35	G	0.998511781728	A	0.000950806118231	23	6	24154	7	24190	104319
UNKNOWN	36	A	0.998511781728	G	0.000785448532451	24154	9	19	8	24190	104319
UNKNOWN	37	A	0.99698222406	G	0.00252170318313	24117	9	61	3	24190	104319
UNKNOWN	38	G	0.998305084746	A	0.00124018189334	30	11	24149	0	24190	104319
UNKNOWN	39	C	0.996816866474	T	0.00293509714758	2	24113	4	71	24190	104319
UNKNOWN	40	C	0.999834642414	T	0.000124018189334	1	24186	0	3	24190	104319
UNKNOWN	41	C	0.997933030178	G	0.00132286068623	5	24140	32	13	24190	104319
UNKNOWN	42	T	0.99756097561	C	0.00214964861513	1	52	6	24131	24190	104319
UNKNOWN	43	C	0.998966515089	A	0.000826787928896	20	24165	1	4	24190	104319
UNKNOWN	44	A	0.997602315006	G	0.00136420008268	24132	16	33	9	24190	104319
UNKNOWN	45	C	0.998677139314	G	0.000620090946672	12	24158	15	5	24190	104319
UNKNOWN	46	A	0.998057048367	G	0.00140553947912	24143	9	34	4	24190	104319
UNKNOWN	47	G	0.998511781728	A	0.000992145514675	24	12	24154	0	24190	104319
UNKNOWN	48	A	0.997023563456	C	0.00140553947912	24118	34	32	6	24190	104319
UNKNOWN	49	C	0.996775527077	T	0.00305911533692	2	24112	2	74	24190	104319
UNKNOWN	50	C	0.998263745349	T	0.00144687887557	5	24148	2	35	24190	104319
UNKNOWN	51	C	0.998470442332	G	0.000909466721786	3	24153	22	12	24190	104319
UNKNOWN	52	T	0.997271599835	C	0.00268706076891	0	65	1	24124	24190	104319
UNKNOWN	53	C	0.99929723026	T	0.000537412153783	0	24173	4	13	24190	104319
UNKNOWN	54	T	0.997354278628	C	0.00219098801158	1	53	10	24126	24190	104319
UNKNOWN	55	C	0.999338569657	A	0.000330715171558	8	24174	4	4	24190	104319
UNKNOWN	56	C	0.997809011988	T	0.00152955766846	3	24137	13	37	24190	104319
UNKNOWN	57	C	0.998057048367	G	0.00115750310045	3	24143	28	16	24190	104319
UNKNOWN	58	T	0.997933030178	C	0.00186027284002	3	45	2	24140	24190	104319
UNKNOWN	59	C	0.999090533278	A	0.000620090946672	15	24168	1	6	24190	104319
UNKNOWN	60	A	0.997106242249	G	0.00161223646135	24120	24	39	7	24190	104319
UNKNOWN	61	C	0.998429102935	T	0.00136420008268	1	24152	4	33	24190	104319
UNKNOWN	62	C	0.997230260438	T	0.0020256304258	4	24123	14	49	24190	104319
UNKNOWN	63	T	0.997974369574	C	0.00148821827201	4	36	9	24141	24190	104319
UNKNOWN	64	G	0.999007854485	C	0.000578751550227	10	14	24166	0	24190	104319
UNKNOWN	65	C	0.997974369574	T	0.00140553947912	15	24141	0	34	24190	104319
UNKNOWN	66	A	0.995907399752	G	0.00177759404713	24091	29	43	27	24190	104319
UNKNOWN	67	C	0.99570070277	T	0.00334849111203	9	24086	14	81	24190	104319
UNKNOWN	68	G	0.996775527077	A	0.00248036378669	60	6	24112	12	24190	104319
UNKNOWN	69	G	0.968210004134	A	0.0298470442332	722	36	23421	11	24190	104319
UNKNOWN	70	T	0.98755684167	C	0.011988424969	1	290	10	23889	24190	104319
UNKNOWN	71	C	0.991732120711	G	0.00520876395205	4	23990	126	70	24190	104319
UNKNOWN	72	T	0.997312939231	C	0.00219098801158	0	53	12	24125	24190	104319
UNKNOWN	73	C	0.998677139314	T	0.000868127325341	9	24158	2	21	24190	104319
UNKNOWN	74	T	0.996114096734	C	0.00297643654403	6	72	16	24096	24190	104319
UNKNOWN	75	G	0.997519636213	A	0.00186027284002	45	12	24130	3	24190	104319
UNKNOWN	76	G	0.996486151302	A	0.00272840016536	66	9	24105	10	24190	104319
UNKNOWN	77	A	0.996031417941	C	0.00256304257958	24094	62	14	20	24190	104319
UNKNOWN	78	T	0.88081852005	C	0.0724679619678	23	1753	1107	21307	24190	104319
UNKNOWN	79	T	0.87825547747	G	0.0890450599421	386	405	2154	21245	24190	104319
UNKNOWN	80	C	0.996568830095	G	0.00173625465068	12	24107	42	29	24190	104319
UNKNOWN	81	T	0.995866060356	C	0.00343116990492	4	83	13	24090	24190	104319
UNKNOWN	82	C	0.998181066556	T	0.000950806118231	18	24146	3	23	24190	104319
UNKNOWN	83	A	0.994625878462	G	0.00285241835469	24060	32	69	29	24190	104319
UNKNOWN	84	T	0.918313352625	C	0.076023150062	14	1839	123	22214	24190	104319
UNKNOWN	85	T	0.997809011988	C	0.00132286068623	3	32	18	24137	24190	104319
UNKNOWN	86	G	0.991318726747	A	0.00760644894585	184	15	23980	11	24190	104319
UNKNOWN	87	A	0.993385696569	G	0.00520876395205	24030	26	126	8	24190	104319
UNKNOWN	88	G	0.97337742869	A	0.0181893344357	440	156	23546	48	24190	104319
UNKNOWN	89	C	0.985985944605	T	0.00835055808185	83	23851	54	202	24190	104319
UNKNOWN	90	A	0.992517569243	G	0.0063662670525	24009	17	154	10	24190	104319
UNKNOWN	91	G	0.962587846217	A	0.0264158743282	639	189	23285	77	24190	104319
UNKNOWN	92	C	0.978338156263	T	0.0124844977263	77	23666	145	302	24190	104319
UNKNOWN	93	T	0.984042992972	A	0.00694501860273	168	91	127	23804	24190	104319
UNKNOWN	94	A	0.985903265812	C	0.00587019429516	23849	142	98	101	24190	104319
UNKNOWN	95	T	0.995287308805	C	0.00285241835469	11	69	34	24076	24190	104319
UNKNOWN	96	G	0.949524596941	A	0.0308391897478	746	192	22969	283	24190	104319
UNKNOWN	97	C	0.933071517156	G	0.0253823894171	506	22571	614	499	24190	104319
UNKNOWN	98	T	0.99557668458	G	0.00219098801158	17	37	53	24083	24190	104319
UNKNOWN	99	G	0.976519222819	A	0.0210830921869	510	16	23622	42	24190	104319
UNKNOWN	100	T	0.996527490699	C	0.00285241835469	14	69	1	24106	24190	104319
UNKNOWN	101	A	0.962257131046	G	0.0255890863993	23277	125	619	169	24190	104319
UNKNOWN	102	A	0.802149648615	G	0.18697809012	19404	167	4523	96	24190	104319
UNKNOWN	103	G	0.767507234394	A	0.14836709384	3589	1458	18566	577	24190	104319
UNKNOWN	104	C	0.988176932617	T	0.00950806118231	20	23904	36	230	24190	104319
UNKNOWN	105	T	0.998594460521	G	0.000702769739562	1	16	17	24156	24190	104319
UNKNOWN	106	G	0.99942124845	A	0.000372054568003	9	3	24176	2	24190	104319
UNKNOWN	107	G	0.999503927243	T	0.000289375775114	4	1	24178	7	24190	104319
UNKNOWN	108	G	0.984042992972	A	0.0130219098801	315	39	23804	32	24190	104319
UNKNOWN	109	T	0.998098387764	C	0.00177759404713	2	43	1	24144	24190	104319
UNKNOWN	110	C	0.998635799917	T	0.000702769739562	5	24157	11	17	24190	104319
UNKNOWN	111	C	0.998883836296	G	0.000744109136007	1	24163	18	8	24190	104319
UNKNOWN	112	G	0.9988424969	C	0.000785448532451	7	19	24162	2	24190	104319
UNKNOWN	113	C	0.998263745349	T	0.0011988424969	9	24148	4	29	24190	104319
UNKNOWN	114	C	0.998635799917	A	0.000950806118231	23	24157	4	6	24190	104319
UNKNOWN	115	A	0.99557668458	G	0.00351384869781	24083	16	85	6	24190	104319
UNKNOWN	116	G	0.999379909053	A	0.000413393964448	10	2	24175	3	24190	104319
UNKNOWN	117	G	0.979123604795	A	0.0181893344357	440	40	23685	25	24190	104319
UNKNOWN	118	C	0.997602315006	T	0.00169491525424	7	24132	10	41	24190	104319
UNKNOWN	119	T	0.996610169492	C	0.0027697395618	5	67	10	24108	24190	104319
UNKNOWN	120	C	0.997850351385	T	0.00161223646135	10	24138	3	39	24190	104319
UNKNOWN	121	C	0.998635799917	A	0.000950806118231	23	24157	2	8	24190	104319
UNKNOWN	122	A	0.987846217445	G	0.0112856552294	23896	16	273	5	24190	104319
UNKNOWN	123	G	0.999090533278	A	0.000454733360893	11	11	24168	0	24190	104319
UNKNOWN	124	G	0.998801157503	A	0.000992145514675	24	3	24161	2	24190	104319
UNKNOWN	125	G	0.988590326581	A	0.00979743695742	237	37	23914	2	24190	104319
UNKNOWN	126	A	0.996362133113	G	0.00243902439024	24102	22	59	7	24190	104319
UNKNOWN	127	A	0.991112029764	G	0.00735841256718	23975	34	178	3	24190	104319
UNKNOWN	128	G	0.998263745349	A	0.00107482430757	26	12	24148	4	24190	104319
UNKNOWN	129	G	0.985944605209	A	0.00909466721786	220	103	23850	17	24190	104319
UNKNOWN	130	C	0.996486151302	G	0.00272840016536	5	24105	66	14	24190	104319
UNKNOWN	131	G	0.992724266226	A	0.00520876395205	126	44	24014	6	24190	104319
UNKNOWN	132	C	0.995907399752	T	0.00260438197602	25	24091	11	63	24190	104319
UNKNOWN	133	T	0.993220338983	C	0.00438197602315	5	106	53	24026	24190	104319
UNKNOWN	134	G	0.919842910294	T	0.0688300950806	262	12	22251	1665	24190	104319
UNKNOWN	135	G	0.99627945432	A	0.00297643654403	72	14	24100	4	24190	104319
UNKNOWN	136	A	0.988962381149	G	0.00897064902852	23923	35	217	15	24190	104319
UNKNOWN	137	G	0.981686647375	A	0.0159570070277	386	22	23747	35	24190	104319
UNKNOWN	138	T	0.996238114924	C	0.00177759404713	5	43	43	24099	24190	104319
UNKNOWN	139	G	0.992310872261	A	0.0055394791236	134	29	24004	23	24190	104319
UNKNOWN	140	C	0.657751136833	G	0.326415874328	21	15911	7896	362	24190	104319
UNKNOWN	141	C	0.699007854485	G	0.274576271186	599	16909	6642	40	24190	104319
UNKNOWN	142	T	0.998181066556	C	0.00161223646135	1	39	4	24146	24190	104319
UNKNOWN	143	C	0.69570070277	T	0.296692848284	86	16829	98	7177	24190	104319
UNKNOWN	144	G	0.995163290616	A	0.00351384869781	85	2	24073	30	24190	104319
UNKNOWN	145	G	0.995452666391	C	0.00314179412981	3	76	24080	31	24190	104319
UNKNOWN	146	T	0.981314592807	C	0.0129392310872	36	313	103	23738	24190	104319
UNKNOWN	147	G	0.926498553121	A	0.0575857792476	1393	154	22412	231	24190	104319
UNKNOWN	148	G	0.942827614717	C	0.0272840016536	460	660	22807	263	24190	104319
UNKNOWN	149	T	0.980777180653	G	0.0079371641174	150	123	192	23725	24190	104319
UNKNOWN	150	A	0.946796196776	G	0.0502687060769	22903	23	1216	48	24190	104319
UNKNOWN	151	T	0.991442744936	C	0.00624224886317	39	151	17	23983	24190	104319
UNKNOWN	152	A	0.955642827615	T	0.0190574617611	23117	171	441	461	24190	104319
UNKNOWN	153	A	0.906614303431	G	0.078627532038	21931	206	1902	151	24190	104319
UNKNOWN	154	G	0.846506821	A	0.09627945432	2329	1066	20477	318	24190	104319
UNKNOWN	155	C	0.909177346011	T	0.0581645307979	435	21993	355	1407	24190	104319
UNKNOWN	156	A	0.918147995039	G	0.0712277800744	22210	163	1723	94	24190	104319
UNKNOWN	157	G	0.927449359239	A	0.0331128565523	801	506	22435	448	24190	104319
UNKNOWN	158	T	0.973584125672	G	0.0152542372881	166	104	369	23551	24190	104319
UNKNOWN	159	G	0.88941711451	A	0.0879288962381	2127	424	21515	124	24190	104319
UNKNOWN	160	G	0.911616370401	A	0.0560975609756	1357	601	22052	180	24190	104319
UNKNOWN	161	T	0.98325754444	G	0.00764778834229	76	144	185	23785	24190	104319
UNKNOWN	162	G	0.985489871848	A	0.0141380735841	342	4	23839	5	24190	104319
UNKNOWN	163	G	0.991360066143	A	0.00537412153783	130	46	23981	33	24190	104319
UNKNOWN	164	A	0.978875568417	G	0.0169078131459	23679	60	409	42	24190	104319
UNKNOWN	165	A	0.941298057048	G	0.0443158329888	22770	157	1072	191	24190	104319
UNKNOWN	166	G	0.784249689955	A	0.11616370401	2810	1591	18971	818	24190	104319
UNKNOWN	167	C	0.909011988425	A	0.0385283174866	932	21989	560	709	24190	104319
UNKNOWN	168	A	0.97895824721	G	0.0152128978917	23681	87	368	54	24190	104319
UNKNOWN	169	C	0.978090119884	T	0.0118230673832	97	23660	147	286	24190	104319
UNKNOWN	170	A	0.964944191815	G	0.0260851591567	23342	117	631	100	24190	104319
UNKNOWN	171	G	0.523687474163	T	0.387432823481	1376	774	12668	9372	24190	104319
UNKNOWN	172	A	0.611575031005	G	0.326291856139	14794	949	7893	554	24190	104319
UNKNOWN	173	C	0.97267465895	G	0.0143034311699	79	23529	346	236	24190	104319
UNKNOWN	174	T	0.991153369161	C	0.00520876395205	60	126	28	23976	24190	104319
UNKNOWN	175	A	0.988921041753	T	0.00810252170318	23922	35	37	196	24190	104319
UNKNOWN	176	T	0.981149235221	C	0.0171145101282	36	414	6	23734	24190	104319
UNKNOWN	177	A	0.989210417528	C	0.00566349731294	23929	137	107	17	24190	104319
UNKNOWN	178	A	0.986564696155	C	0.00525010334849	23865	127	118	80	24190	104319
UNKNOWN	179	C	0.955022736668	T	0.0346010748243	34	23102	217	837	24190	104319
UNKNOWN	180	C	0.957255064076	G	0.0211657709797	70	23156	512	452	24190	104319
UNKNOWN	181	C	0.989789169078	T	0.00380322447292	85	23943	70	92	24190	104319
UNKNOWN	182	A	0.988507647788	G	0.00632492765606	23912	93	153	32	24190	104319
UNKNOWN	183	G	0.983918974783	A	0.011244315833	272	72	23801	45	24190	104319
UNKNOWN	184	C	0.992186854072	T	0.00405126085159	17	24001	74	98	24190	104319
UNKNOWN	185	C	0.998594460521	T	0.000826787928896	10	24156	4	20	24190	104319
UNKNOWN	186	C	0.994584539066	T	0.00388590326581	10	24059	27	94	24190	104319
UNKNOWN	187	T	0.996403472509	G	0.00194295163291	10	30	47	24103	24190	104319
UNKNOWN	188	G	0.980074410914	A	0.0131459280695	318	21	23708	143	24190	104319
UNKNOWN	189	A	0.991236047954	G	0.00562215791649	23978	68	136	8	24190	104319
UNKNOWN	190	A	0.993261678379	C	0.00343116990492	24027	83	66	14	24190	104319
UNKNOWN	191	A	0.991318726747	C	0.00334849111203	23980	81	66	63	24190	104319
UNKNOWN	192	T	0.992765605622	C	0.00454733360893	48	110	17	24015	24190	104319
UNKNOWN	193	C	0.998759818107	T	0.000785448532451	8	24160	3	19	24190	104319
UNKNOWN	194	C	0.994708557255	T	0.00289375775114	18	24062	40	70	24190	104319
UNKNOWN	195	C	0.997395618024	G	0.00181893344357	9	24127	44	10	24190	104319
UNKNOWN	196	G	0.998181066556	A	0.00115750310045	28	7	24146	9	24190	104319
UNKNOWN	197	G	0.954278627532	A	0.0331955353452	803	134	23084	169	24190	104319
UNKNOWN	198	C	0.992724266226	G	0.0035965274907	29	24014	87	60	24190	104319
UNKNOWN	199	T	0.996114096734	C	0.00289375775114	15	70	9	24096	24190	104319
UNKNOWN	200	C	0.994956593634	A	0.00293509714758	71	24068	28	23	24190	104319
UNKNOWN	201	A	0.994749896652	G	0.00446465481604	24063	16	108	3	24190	104319
UNKNOWN	202	G	0.98325754444	C	0.0115336916081	48	279	23785	78	24190	104319
UNKNOWN	203	C	0.965068210004	T	0.0275733774287	102	23345	76	667	24190	104319
UNKNOWN	204	A	0.985365853659	G	0.00921868540719	23836	48	223	83	24190	104319
UNKNOWN	205	T	0.99570070277	C	0.00334849111203	9	81	14	24086	24190	104319
UNKNOWN	206	C	0.992930963208	T	0.00405126085159	66	24019	7	98	24190	104319
UNKNOWN	207	A	0.992145514675	G	0.00400992145515	24000	59	97	34	24190	104319
UNKNOWN	208	C	0.993178999587	G	0.00314179412981	32	24025	76	57	24190	104319
UNKNOWN	209	C	0.978214138074	T	0.00872261264986	121	23663	195	211	24190	104319
UNKNOWN	210	A	0.99441918148	G	0.00372054568003	24055	36	90	9	24190	104319
UNKNOWN	211	A	0.987763538652	G	0.0102521703183	23894	42	248	6	24190	104319
UNKNOWN	212	G	0.989293096321	A	0.00905332782141	219	27	23931	13	24190	104319
UNKNOWN	213	G	0.994667217859	A	0.00438197602315	106	11	24061	12	24190	104319
UNKNOWN	214	A	0.99441918148	C	0.0027697395618	24055	67	58	10	24190	104319
UNKNOWN	215	C	0.98383629599	T	0.00897064902852	64	23799	110	217	24190	104319
UNKNOWN	216	A	0.9813972716	T	0.00979743695742	23740	28	185	237	24190	104319
UNKNOWN	217	A	0.975651095494	G	0.0179826374535	23601	131	435	23	24190	104319
UNKNOWN	218	C	0.980487804878	T	0.0151715584952	19	23718	86	367	24190	104319
UNKNOWN	219	T	0.993633732947	C	0.00388590326581	31	94	29	24036	24190	104319
UNKNOWN	220	C	0.995948739148	T	0.00219098801158	40	24092	5	53	24190	104319
UNKNOWN	221	C	0.992352211658	A	0.00372054568003	90	24005	23	72	24190	104319
UNKNOWN	222	A	0.991484084332	G	0.00496072757338	23984	84	120	2	24190	104319
UNKNOWN	223	A	0.987928896238	G	0.00971475816453	23898	24	235	33	24190	104319
UNKNOWN	224	G	0.991194708557	A	0.00500206696982	121	79	23977	13	24190	104319
UNKNOWN	225	A	0.99255890864	G	0.00525010334849	24010	35	127	18	24190	104319
UNKNOWN	226	G	0.964200082679	A	0.0293923108723	711	137	23324	18	24190	104319
UNKNOWN	227	C	0.978916907813	T	0.0171558495246	37	23680	58	415	24190	104319
UNKNOWN	228	C	0.995494005788	A	0.00289375775114	70	24081	30	9	24190	104319
UNKNOWN	229	A	0.996238114924	G	0.00177759404713	24099	10	43	38	24190	104319
UNKNOWN	230	A	0.978751550227	G	0.0180239768499	23676	70	436	8	24190	104319
UNKNOWN	231	G	0.979040926002	A	0.0105828854899	256	153	23683	98	24190	104319
UNKNOWN	232	T	0.992476229847	C	0.00665564282761	7	161	14	24008	24190	104319
UNKNOWN	233	C	0.981521289789	G	0.00905332782141	26	23743	219	202	24190	104319
UNKNOWN	234	T	0.993881769326	C	0.00388590326581	35	94	19	24042	24190	104319
UNKNOWN	235	C	0.995659363373	T	0.00355518809425	15	24085	4	86	24190	104319
UNKNOWN	236	T	0.98325754444	C	0.00781314592807	138	189	78	23785	24190	104319
UNKNOWN	237	C	0.994171145101	T	0.00409260024804	12	24049	30	99	24190	104319
UNKNOWN	238	T	0.996610169492	G	0.00190161223646	5	31	46	24108	24190	104319
UNKNOWN	239	G	0.971186440678	A	0.0176932616784	428	150	23493	119	24190	104319
UNKNOWN	240	T	0.990285241835	G	0.00483670938404	43	75	117	23955	24190	104319
UNKNOWN	241	C	0.991566763125	T	0.00483670938404	77	23986	10	117	24190	104319
UNKNOWN	242	A	0.982761471683	G	0.00992145514675	23773	143	240	34	24190	104319
UNKNOWN	243	G	0.950186027284	C	0.024348904506	460	589	22985	156	24190	104319
UNKNOWN	244	T	0.994667217859	G	0.00243902439024	35	35	59	24061	24190	104319
UNKNOWN	245	G	0.984167011162	A	0.00921868540719	223	84	23807	76	24190	104319
UNKNOWN	246	A	0.98511781728	G	0.0120297643654	23830	56	291	13	24190	104319
UNKNOWN	247	G	0.94605208764	A	0.0362959900785	878	325	22885	102	24190	104319
UNKNOWN	248	C	0.976271186441	T	0.0163290615957	82	23616	97	395	24190	104319
UNKNOWN	249	A	0.986027284002	G	0.0121951219512	23852	33	295	10	24190	104319
UNKNOWN	250	G	0.982926829268	A	0.00884663083919	214	172	23777	27	24190	104319
UNKNOWN	251	C	0.990243902439	T	0.00475403059115	59	23954	62	115	24190	104319
UNKNOWN	252	G	0.990285241835	A	0.00504340636627	122	45	23955	68	24190	104319
UNKNOWN	253	T	0.993054981397	C	0.00438197602315	10	106	52	24022	24190	104319
UNKNOWN	254	G	0.980033071517	A	0.0144274493592	349	57	23707	77	24190	104319
UNKNOWN	255	A	0.988673005374	G	0.00768912773874	23916	53	186	35	24190	104319
UNKNOWN	256	C	0.99313766019	A	0.00314179412981	76	24024	27	63	24190	104319
UNKNOWN	257	A	0.982430756511	G	0.0112856552294	23765	90	273	62	24190	104319
UNKNOWN	258	C	0.952749069864	A	0.0401818933444	972	23047	107	64	24190	104319
UNKNOWN	259	C	0.991318726747	T	0.00545680033072	46	23980	32	132	24190	104319
UNKNOWN	260	T	0.984580405126	G	0.00690367920628	61	145	167	23817	24190	104319
UNKNOWN	261	G	0.992145514675	A	0.00508474576271	123	26	24000	41	24190	104319
UNKNOWN	262	A	0.990657296403	G	0.00620090946672	23964	61	150	15	24190	104319
UNKNOWN	263	G	0.962381149235	A	0.0194295163291	470	344	23280	96	24190	104319
UNKNOWN	264	G	0.989913187267	A	0.00690367920628	167	18	23946	59	24190	104319
UNKNOWN	265	A	0.990243902439	C	0.00570483670938	23954	138	72	26	24190	104319
UNKNOWN	266	C	0.981934683754	T	0.00859859446052	175	23753	54	208	24190	104319
UNKNOWN	267	A	0.985324514262	G	0.00768912773874	23835	56	186	113	24190	104319
UNKNOWN	268	C	0.991484084332	G	0.00372054568003	74	23984	90	42	24190	104319
UNKNOWN	269	G	0.779661016949	A	0.213352625052	5161	99	18860	70	24190	104319
UNKNOWN	270	G	0.990863993386	A	0.00334849111203	81	64	23969	76	24190	104319
UNKNOWN	271	C	0.990367920628	A	0.00463001240182	112	23957	98	23	24190	104319
UNKNOWN	272	C	0.991070690368	A	0.00504340636627	122	23974	49	45	24190	104319
UNKNOWN	273	A	0.989169078131	G	0.0063662670525	23928	54	154	54	24190	104319
UNKNOWN	274	C	0.988879702356	A	0.0047953699876	116	23921	60	93	24190	104319
UNKNOWN	275	A	0.972840016536	G	0.0126911947086	23533	199	307	151	24190	104319
UNKNOWN	276	T	0.992848284415	G	0.00305911533692	69	30	74	24017	24190	104319
UNKNOWN	277	A	0.992104175279	C	0.00450599421248	23999	109	52	30	24190	104319
UNKNOWN	278	C	0.962215791649	T	0.0357999173212	37	23276	11	866	24190	104319
UNKNOWN	279	T	0.986316659777	C	0.0071930549814	88	174	69	23859	24190	104319
UNKNOWN	280	A	0.976105828855	C	0.012732534105	23612	308	95	175	24190	104319
UNKNOWN	281	C	0.97941298057	T	0.0181066556428	29	23692	31	438	24190	104319
UNKNOWN	282	T	0.989127738735	G	0.00723439437784	68	20	175	23927	24190	104319
