Type	Position	Nucl1	Freq1	Nucl2	Freq2	NumAs	NumCs	NumGs	NumTs	NumAligned	NumNaive
UNKNOWN	0	C	1.0	A	0.0	0	12724	0	0	12724	104319
UNKNOWN	1	A	1.0	C	0.0	12724	0	0	0	12724	104319
UNKNOWN	2	G	1.0	A	0.0	0	0	12724	0	12724	104319
UNKNOWN	3	G	1.0	A	0.0	0	0	12724	0	12724	104319
UNKNOWN	4	T	1.0	A	0.0	0	0	0	12724	12724	104319
UNKNOWN	5	G	1.0	A	0.0	0	0	12724	0	12724	104319
UNKNOWN	6	C	1.0	A	0.0	0	12724	0	0	12724	104319
UNKNOWN	7	A	0.997327884313	G	0.00165042439484	12690	1	21	12	12724	104319
UNKNOWN	8	G	0.99049041182	A	0.00597296447658	76	37	12603	8	12724	104319
UNKNOWN	9	C	0.997249292675	T	0.00204338258409	2	12689	7	26	12724	104319
UNKNOWN	10	T	0.998506758881	C	0.00117887456775	1	15	3	12705	12724	104319
UNKNOWN	11	G	0.998506758881	A	0.0014146494813	18	1	12705	0	12724	104319
UNKNOWN	12	C	0.999292675259	T	0.000314366551399	3	12715	2	4	12724	104319
UNKNOWN	13	G	0.998821125432	A	0.000864508016347	11	0	12709	4	12724	104319
UNKNOWN	14	G	0.536780886514	C	0.459761081421	39	5850	6830	5	12724	104319
UNKNOWN	15	G	0.999371266897	A	0.000235774913549	3	3	12716	2	12724	104319
UNKNOWN	16	A	0.997878025778	G	0.00180760767054	12697	3	23	1	12724	104319
UNKNOWN	17	G	0.997485067589	A	0.00227915749764	29	2	12692	1	12724	104319
UNKNOWN	18	T	0.997878025778	C	0.000943099654197	5	12	10	12697	12724	104319
UNKNOWN	19	C	0.999607041811	A	0.000157183275699	2	12719	1	2	12724	104319
UNKNOWN	20	G	0.998035209054	A	0.00102169129205	13	4	12699	8	12724	104319
UNKNOWN	21	G	0.999449858535	C	0.000314366551399	2	4	12717	1	12724	104319
UNKNOWN	22	G	0.999214083622	A	0.000471549827098	6	4	12714	0	12724	104319
UNKNOWN	23	C	0.999214083622	T	0.000392958189249	2	12714	3	5	12724	104319
UNKNOWN	24	C	0.99889971707	T	0.000707324740648	3	12710	2	9	12724	104319
UNKNOWN	25	C	0.999449858535	A	0.000314366551399	4	12717	0	3	12724	104319
UNKNOWN	26	C	0.998663942157	A	0.000628733102798	8	12707	1	8	12724	104319
UNKNOWN	27	A	0.996384784659	G	0.00322225715184	12678	4	41	1	12724	104319
UNKNOWN	28	G	0.997720842502	A	0.00165042439484	21	8	12695	0	12724	104319
UNKNOWN	29	C	0.998821125432	T	0.000864508016347	2	12709	2	11	12724	104319
UNKNOWN	30	C	0.999135491984	T	0.000785916378497	0	12713	1	10	12724	104319
UNKNOWN	31	T	0.997956617416	C	0.00117887456775	3	15	8	12698	12724	104319
UNKNOWN	32	G	0.997013517762	A	0.00196479094624	25	12	12686	1	12724	104319
UNKNOWN	33	G	0.998270983967	A	0.000864508016347	11	3	12702	8	12724	104319
UNKNOWN	34	T	0.998113800692	C	0.00133605784345	1	17	6	12700	12724	104319
UNKNOWN	35	G	0.998349575605	A	0.000864508016347	11	8	12703	2	12724	104319
UNKNOWN	36	A	0.998821125432	G	0.000707324740648	12709	3	9	3	12724	104319
UNKNOWN	37	A	0.993712668972	G	0.00558000628733	12644	6	71	3	12724	104319
UNKNOWN	38	G	0.996306193021	A	0.00290789060044	37	8	12677	2	12724	104319
UNKNOWN	39	C	0.998663942157	T	0.000864508016347	3	12707	3	11	12724	104319
UNKNOWN	40	C	0.99889971707	G	0.000550141464948	3	12710	7	4	12724	104319
UNKNOWN	41	G	0.918814838101	C	0.0769412134549	43	979	11691	11	12724	104319
UNKNOWN	42	T	0.996777742848	C	0.00275070732474	5	35	1	12683	12724	104319
UNKNOWN	43	C	0.997485067589	T	0.00165042439484	10	12692	1	21	12724	104319
UNKNOWN	44	A	0.997170701037	G	0.00133605784345	12688	16	17	3	12724	104319
UNKNOWN	45	C	0.998506758881	A	0.000785916378497	10	12705	4	5	12724	104319
UNKNOWN	46	A	0.997485067589	G	0.0014146494813	12692	10	18	4	12724	104319
UNKNOWN	47	G	0.998035209054	A	0.00165042439484	21	3	12699	1	12724	104319
UNKNOWN	48	A	0.997013517762	G	0.00212197422194	12686	8	27	3	12724	104319
UNKNOWN	49	C	0.998270983967	G	0.0011002829299	0	12702	14	8	12724	104319
UNKNOWN	50	C	0.998663942157	T	0.000785916378497	3	12707	4	10	12724	104319
UNKNOWN	51	C	0.999214083622	T	0.000628733102798	1	12714	1	8	12724	104319
UNKNOWN	52	T	0.997170701037	C	0.00282929896259	0	36	0	12688	12724	104319
UNKNOWN	53	C	0.998349575605	T	0.0014146494813	1	12703	2	18	12724	104319
UNKNOWN	54	T	0.998192392329	C	0.00157183275699	1	20	2	12701	12724	104319
UNKNOWN	55	C	0.99889971707	G	0.000628733102798	4	12710	8	2	12724	104319
UNKNOWN	56	G	0.902232002515	C	0.0965105312795	9	1228	11480	7	12724	104319
UNKNOWN	57	C	0.997485067589	T	0.00196479094624	3	12692	4	25	12724	104319
UNKNOWN	58	T	0.996227601383	C	0.00330084878969	5	42	1	12676	12724	104319
UNKNOWN	59	C	0.998585350519	A	0.000943099654197	12	12706	1	5	12724	104319
UNKNOWN	60	A	0.996149009745	G	0.00172901603269	12675	17	22	10	12724	104319
UNKNOWN	61	C	0.999607041811	T	0.000235774913549	1	12719	1	3	12724	104319
UNKNOWN	62	C	0.998506758881	T	0.00117887456775	2	12705	2	15	12724	104319
UNKNOWN	63	T	0.998035209054	C	0.0012574662056	0	16	9	12699	12724	104319
UNKNOWN	64	G	0.998585350519	C	0.000785916378497	7	10	12706	1	12724	104319
UNKNOWN	65	C	0.998035209054	T	0.00102169129205	12	12699	0	13	12724	104319
UNKNOWN	66	A	0.995205910091	G	0.00298648223829	12663	13	38	10	12724	104319
UNKNOWN	67	C	0.997563659227	T	0.00149324111914	0	12693	12	19	12724	104319
UNKNOWN	68	G	0.997013517762	A	0.00267211568689	34	3	12686	1	12724	104319
UNKNOWN	69	G	0.984910405533	A	0.0140679031751	179	12	12532	1	12724	104319
UNKNOWN	70	C	0.954966991512	T	0.0447186419365	1	12151	3	569	12724	104319
UNKNOWN	71	C	0.995284501729	G	0.00251493241119	3	12664	32	25	12724	104319
UNKNOWN	72	T	0.998113800692	C	0.00165042439484	0	21	3	12700	12724	104319
UNKNOWN	73	C	0.998663942157	T	0.000785916378497	4	12707	3	10	12724	104319
UNKNOWN	74	T	0.99599182647	C	0.00157183275699	15	20	16	12673	12724	104319
UNKNOWN	75	G	0.995913234832	A	0.00369380697894	47	1	12672	4	12724	104319
UNKNOWN	76	G	0.993555485696	A	0.00534423137378	68	8	12642	6	12724	104319
UNKNOWN	77	A	0.993476894058	C	0.00400817353034	12641	51	16	16	12724	104319
UNKNOWN	78	T	0.768704809808	C	0.134391700723	29	1710	1204	9781	12724	104319
UNKNOWN	79	T	0.761867337315	G	0.16850047155	429	457	2144	9694	12724	104319
UNKNOWN	80	C	0.989940270355	T	0.00463690663313	19	12596	50	59	12724	104319
UNKNOWN	81	T	0.996463376297	C	0.00282929896259	5	36	4	12679	12724	104319
UNKNOWN	82	C	0.99779943414	T	0.00102169129205	12	12696	3	13	12724	104319
UNKNOWN	83	A	0.996620559572	T	0.00157183275699	12681	6	17	20	12724	104319
UNKNOWN	84	T	0.994970135178	C	0.00416535680604	8	53	3	12660	12724	104319
UNKNOWN	85	T	0.997249292675	C	0.0011002829299	7	14	14	12689	12724	104319
UNKNOWN	86	A	0.502829298963	G	0.494262810437	6398	24	6289	13	12724	104319
UNKNOWN	87	A	0.986325055014	C	0.00620873939013	12550	79	78	17	12724	104319
UNKNOWN	88	G	0.981059415278	A	0.0106098711097	135	87	12483	19	12724	104319
UNKNOWN	89	C	0.985539138636	G	0.00833071361207	11	12540	106	67	12724	104319
UNKNOWN	90	G	0.973514618045	A	0.0227915749764	290	42	12387	5	12724	104319
UNKNOWN	91	A	0.978151524678	G	0.018311851619	12446	38	233	7	12724	104319
UNKNOWN	92	C	0.983888714241	T	0.00762338887142	32	12519	76	97	12724	104319
UNKNOWN	93	A	0.980823640365	T	0.0132819867966	12480	20	55	169	12724	104319
UNKNOWN	94	A	0.991433511474	G	0.00699465576863	12615	14	89	6	12724	104319
UNKNOWN	95	G	0.959603898145	T	0.0347375039296	37	35	12210	442	12724	104319
UNKNOWN	96	G	0.96235460547	A	0.0331656711726	422	42	12245	15	12724	104319
UNKNOWN	97	C	0.990411820182	T	0.00353662370324	40	12602	37	45	12724	104319
UNKNOWN	98	T	0.995441685005	G	0.00235774913549	10	18	30	12666	12724	104319
UNKNOWN	99	G	0.989625903804	A	0.00880226343917	112	2	12592	18	12724	104319
UNKNOWN	100	T	0.998192392329	A	0.000785916378497	10	8	5	12701	12724	104319
UNKNOWN	101	A	0.986560829928	G	0.00660169757938	12553	18	84	69	12724	104319
UNKNOWN	102	G	0.986639421566	A	0.0114743791261	146	12	12554	12	12724	104319
UNKNOWN	103	G	0.978151524678	A	0.0155611442942	198	54	12446	26	12724	104319
UNKNOWN	104	C	0.991983652939	G	0.00361521534109	17	12622	46	39	12724	104319
UNKNOWN	105	T	0.996856334486	G	0.00157183275699	1	19	20	12684	12724	104319
UNKNOWN	106	G	0.998349575605	A	0.000864508016347	11	3	12703	7	12724	104319
UNKNOWN	107	G	0.998192392329	C	0.00102169129205	5	13	12701	5	12724	104319
UNKNOWN	108	G	0.990411820182	A	0.00652310594153	83	16	12602	23	12724	104319
UNKNOWN	109	T	0.996541967935	C	0.00275070732474	1	35	8	12680	12724	104319
UNKNOWN	110	C	0.999135491984	A	0.000392958189249	5	12713	2	4	12724	104319
UNKNOWN	111	C	0.998585350519	G	0.000864508016347	1	12706	11	6	12724	104319
UNKNOWN	112	G	0.998585350519	C	0.00102169129205	4	13	12706	1	12724	104319
UNKNOWN	113	C	0.996306193021	A	0.00235774913549	30	12677	3	14	12724	104319
UNKNOWN	114	C	0.997956617416	A	0.0012574662056	16	12698	9	1	12724	104319
UNKNOWN	115	A	0.992376611129	G	0.00526563973593	12627	25	67	5	12724	104319
UNKNOWN	116	G	0.998978308708	C	0.000392958189249	4	5	12711	4	12724	104319
UNKNOWN	117	G	0.995205910091	A	0.00267211568689	34	19	12663	8	12724	104319
UNKNOWN	118	C	0.995677459918	T	0.00243634077334	11	12669	13	31	12724	104319
UNKNOWN	119	T	0.993869852248	C	0.00495127318453	3	63	12	12646	12724	104319
UNKNOWN	120	C	0.996384784659	G	0.00133605784345	16	12678	17	13	12724	104319
UNKNOWN	121	C	0.997642250865	A	0.00149324111914	19	12694	8	3	12724	104319
UNKNOWN	122	A	0.986953788117	G	0.00935240490412	12558	23	119	24	12724	104319
UNKNOWN	123	G	0.996541967935	A	0.00180760767054	23	21	12680	0	12724	104319
UNKNOWN	124	G	0.99779943414	A	0.00212197422194	27	0	12696	1	12724	104319
UNKNOWN	125	G	0.514932411191	A	0.48428167243	6162	8	6552	2	12724	104319
UNKNOWN	126	A	0.991983652939	C	0.00361521534109	12622	46	44	12	12724	104319
UNKNOWN	127	A	0.990961961647	G	0.00683747249293	12609	26	87	2	12724	104319
UNKNOWN	128	G	0.997406475951	A	0.00157183275699	20	4	12691	9	12724	104319
UNKNOWN	129	G	0.975243634077	A	0.0213769254951	272	38	12409	5	12724	104319
UNKNOWN	130	C	0.997013517762	G	0.00149324111914	4	12686	19	15	12724	104319
UNKNOWN	131	G	0.988839987425	A	0.00793775542282	101	24	12582	17	12724	104319
UNKNOWN	132	C	0.995127318453	T	0.00330084878969	12	12662	8	42	12724	104319
UNKNOWN	133	T	0.995441685005	G	0.00220056585979	6	24	28	12666	12724	104319
UNKNOWN	134	G	0.985696321911	A	0.0116315624018	148	5	12542	29	12724	104319
UNKNOWN	135	G	0.988997170701	A	0.00990254636907	126	8	12584	6	12724	104319
UNKNOWN	136	A	0.984753222257	G	0.0127318453317	12530	25	162	7	12724	104319
UNKNOWN	137	G	0.98868280415	A	0.00998113800692	127	1	12580	16	12724	104319
UNKNOWN	138	T	0.996306193021	C	0.00196479094624	1	25	21	12677	12724	104319
UNKNOWN	139	G	0.999056900346	T	0.000550141464948	2	3	12712	7	12724	104319
UNKNOWN	140	G	0.991119144923	C	0.00683747249293	9	87	12611	17	12724	104319
UNKNOWN	141	C	0.988368437598	G	0.00785916378497	12	12576	100	36	12724	104319
UNKNOWN	142	T	0.995834643194	C	0.00298648223829	4	38	11	12671	12724	104319
UNKNOWN	143	C	0.989704495442	T	0.00573718956303	17	12593	41	73	12724	104319
UNKNOWN	144	G	0.997720842502	A	0.00133605784345	17	3	12695	9	12724	104319
UNKNOWN	145	G	0.996934926124	T	0.00133605784345	7	15	12685	17	12724	104319
UNKNOWN	146	T	0.986167871738	C	0.00558000628733	46	71	59	12548	12724	104319
UNKNOWN	147	A	0.570260924238	G	0.420072304307	7256	33	5345	90	12724	104319
UNKNOWN	148	G	0.934611757309	A	0.0337944042754	430	263	11892	139	12724	104319
UNKNOWN	149	T	0.988132662685	C	0.00550141464948	27	70	54	12573	12724	104319
UNKNOWN	150	A	0.95064445143	G	0.0427538509903	12096	33	544	51	12724	104319
UNKNOWN	151	T	0.99559886828	A	0.00165042439484	21	21	14	12668	12724	104319
UNKNOWN	152	A	0.979094624332	G	0.00982395473122	12458	105	125	36	12724	104319
UNKNOWN	153	G	0.969742219428	A	0.0189405847218	241	56	12339	88	12724	104319
UNKNOWN	154	A	0.974614900975	G	0.0191763596353	12401	67	244	12	12724	104319
UNKNOWN	155	C	0.971785602012	T	0.0195693178246	81	12365	29	249	12724	104319
UNKNOWN	156	A	0.969820811066	G	0.0239704495442	12340	42	305	37	12724	104319
UNKNOWN	157	C	0.92801005973	G	0.0404746934926	86	11808	515	315	12724	104319
UNKNOWN	158	T	0.987661112858	C	0.00581578120088	10	74	73	12567	12724	104319
UNKNOWN	159	G	0.947265011003	A	0.0451901917636	575	60	12053	36	12724	104319
UNKNOWN	160	G	0.94262810437	A	0.0310436969506	395	286	11994	49	12724	104319
UNKNOWN	161	T	0.972650110028	C	0.0105312794719	112	134	102	12376	12724	104319
UNKNOWN	162	G	0.992219427853	A	0.00518704809808	66	12	12625	21	12724	104319
UNKNOWN	163	G	0.990097453631	A	0.00888085507702	113	8	12598	5	12724	104319
UNKNOWN	164	A	0.987110971393	G	0.00770198050927	12560	56	98	10	12724	104319
UNKNOWN	165	A	0.982395473122	G	0.0132819867966	12500	48	169	7	12724	104319
UNKNOWN	166	G	0.834407419051	A	0.108377868595	1379	496	10617	232	12724	104319
UNKNOWN	167	C	0.95394530022	T	0.024049041182	181	12138	99	306	12724	104319
UNKNOWN	168	A	0.979487582521	G	0.0153253693807	12463	49	195	17	12724	104319
UNKNOWN	169	C	0.987975479409	T	0.00628733102798	50	12571	23	80	12724	104319
UNKNOWN	170	A	0.983810122603	G	0.0103740961962	12518	33	132	41	12724	104319
UNKNOWN	171	G	0.9802734989	A	0.0102169129205	130	58	12473	63	12724	104319
UNKNOWN	172	G	0.92801005973	A	0.0546997799434	696	130	11808	90	12724	104319
UNKNOWN	173	C	0.985774913549	T	0.00683747249293	29	12543	65	87	12724	104319
UNKNOWN	174	T	0.990804778372	C	0.00510845646023	27	65	25	12607	12724	104319
UNKNOWN	175	A	0.991433511474	T	0.00502986482238	12615	26	19	64	12724	104319
UNKNOWN	176	T	0.984674630619	C	0.0130462118831	24	166	5	12529	12724	104319
UNKNOWN	177	A	0.991197736561	C	0.00699465576863	12612	89	19	4	12724	104319
UNKNOWN	178	A	0.984360264068	G	0.00848789688777	12525	84	108	7	12724	104319
UNKNOWN	179	C	0.950723043068	T	0.0374096196165	40	12097	111	476	12724	104319
UNKNOWN	180	C	0.983731530965	T	0.00848789688777	32	12517	67	108	12724	104319
UNKNOWN	181	C	0.988604212512	A	0.00628733102798	80	12579	25	40	12724	104319
UNKNOWN	182	A	0.944828670229	G	0.0494341402075	12022	61	629	12	12724	104319
UNKNOWN	183	G	0.996463376297	A	0.00180760767054	23	16	12679	6	12724	104319
UNKNOWN	184	G	0.952294875825	C	0.0379597610814	83	483	12117	41	12724	104319
UNKNOWN	185	C	0.995363093367	G	0.00220056585979	15	12665	28	16	12724	104319
UNKNOWN	186	C	0.994734360264	T	0.00361521534109	12	12657	9	46	12724	104319
UNKNOWN	187	T	0.994105627161	G	0.00290789060044	14	24	37	12649	12724	104319
UNKNOWN	188	G	0.98868280415	A	0.00707324740648	90	21	12580	33	12724	104319
UNKNOWN	189	A	0.988997170701	G	0.00558000628733	12584	55	71	14	12724	104319
UNKNOWN	190	A	0.989075762339	C	0.00723043068218	12585	92	23	24	12724	104319
UNKNOWN	191	A	0.987661112858	G	0.00550141464948	12567	54	70	33	12724	104319
UNKNOWN	192	T	0.990726186734	C	0.00589437283873	12	75	31	12606	12724	104319
UNKNOWN	193	C	0.992926752594	A	0.00330084878969	42	12634	11	37	12724	104319
UNKNOWN	194	C	0.990254636907	T	0.00455831499528	35	12600	31	58	12724	104319
UNKNOWN	195	C	0.994655768626	G	0.00227915749764	24	12656	29	15	12724	104319
UNKNOWN	196	G	0.994734360264	A	0.00235774913549	30	25	12657	12	12724	104319
UNKNOWN	197	G	0.943414020748	A	0.0386670858221	492	172	12004	56	12724	104319
UNKNOWN	198	C	0.98978308708	T	0.00385099025464	40	12594	41	49	12724	104319
UNKNOWN	199	T	0.992455202766	C	0.00447972335743	11	57	28	12628	12724	104319
UNKNOWN	200	C	0.991354919837	A	0.00432254008174	55	12614	11	44	12724	104319
UNKNOWN	201	A	0.986796604841	C	0.00715183904433	12556	91	72	5	12724	104319
UNKNOWN	202	G	0.976736875196	C	0.0176831185162	29	225	12428	42	12724	104319
UNKNOWN	203	C	0.973514618045	T	0.0190977679975	60	12387	34	243	12724	104319
UNKNOWN	204	A	0.984910405533	G	0.00880226343917	12532	44	112	36	12724	104319
UNKNOWN	205	T	0.994262810437	C	0.00408676516819	13	52	8	12651	12724	104319
UNKNOWN	206	C	0.98758252122	A	0.00691606413078	88	12566	17	53	12724	104319
UNKNOWN	207	A	0.983731530965	C	0.00573718956303	12517	73	69	65	12724	104319
UNKNOWN	208	C	0.988604212512	G	0.00605155611443	33	12579	77	35	12724	104319
UNKNOWN	209	C	0.975479408991	T	0.0114743791261	84	12412	82	146	12724	104319
UNKNOWN	210	A	0.99049041182	G	0.00487268154668	12603	54	62	5	12724	104319
UNKNOWN	211	A	0.982788431311	G	0.0133605784345	12505	37	170	12	12724	104319
UNKNOWN	212	G	0.989075762339	A	0.00738761395787	94	24	12585	21	12724	104319
UNKNOWN	213	G	0.987032379755	A	0.0100597296448	128	18	12559	19	12724	104319
UNKNOWN	214	A	0.988604212512	C	0.00550141464948	12579	70	59	16	12724	104319
UNKNOWN	215	C	0.984438855706	T	0.00793775542282	52	12526	45	101	12724	104319
UNKNOWN	216	A	0.98868280415	G	0.00605155611443	12580	45	77	22	12724	104319
UNKNOWN	217	A	0.967698836844	G	0.019883684376	12313	135	253	23	12724	104319
UNKNOWN	218	C	0.978387299591	T	0.0139893115373	18	12449	79	178	12724	104319
UNKNOWN	219	T	0.991826469664	C	0.00455831499528	23	58	23	12620	12724	104319
UNKNOWN	220	C	0.993319710783	A	0.00377239861679	48	12639	5	32	12724	104319
UNKNOWN	221	C	0.991119144923	A	0.00314366551399	40	12611	38	35	12724	104319
UNKNOWN	222	A	0.987425337944	G	0.00746620559572	12564	60	95	5	12724	104319
UNKNOWN	223	A	0.984360264068	G	0.0126532536938	12525	9	161	29	12724	104319
UNKNOWN	224	G	0.985696321911	C	0.00770198050927	67	98	12542	17	12724	104319
UNKNOWN	225	A	0.98538195536	G	0.00903803835272	12538	63	115	8	12724	104319
UNKNOWN	226	G	0.97076391072	A	0.016740018862	213	141	12352	18	12724	104319
UNKNOWN	227	C	0.967070103741	T	0.0275070732474	41	12305	28	350	12724	104319
UNKNOWN	228	C	0.991747878026	A	0.00432254008174	55	12619	43	7	12724	104319
UNKNOWN	229	A	0.994655768626	G	0.00259352404904	12656	19	33	16	12724	104319
UNKNOWN	230	A	0.974457717699	G	0.0229487582521	12399	27	292	6	12724	104319
UNKNOWN	231	G	0.983495756052	A	0.00974536309337	124	32	12514	54	12724	104319
UNKNOWN	232	T	0.988918579063	C	0.0100597296448	6	128	7	12583	12724	104319
UNKNOWN	233	C	0.977915749764	G	0.00974536309337	44	12443	124	113	12724	104319
UNKNOWN	234	T	0.990097453631	C	0.00479408990883	15	61	50	12598	12724	104319
UNKNOWN	235	C	0.992533794404	T	0.00550141464948	23	12629	2	70	12724	104319
UNKNOWN	236	T	0.985146180446	C	0.00864508016347	19	110	60	12535	12724	104319
UNKNOWN	237	C	0.993162527507	T	0.00361521534109	19	12637	22	46	12724	104319
UNKNOWN	238	T	0.995756051556	G	0.00235774913549	3	21	30	12670	12724	104319
UNKNOWN	239	G	0.955595724615	A	0.0302577805721	385	46	12159	134	12724	104319
UNKNOWN	240	T	0.984438855706	A	0.00628733102798	80	45	73	12526	12724	104319
UNKNOWN	241	C	0.990411820182	T	0.00565859792518	41	12602	9	72	12724	104319
UNKNOWN	242	A	0.97988054071	G	0.0102955045583	12468	92	131	33	12724	104319
UNKNOWN	243	G	0.937991197737	C	0.0290789060044	339	370	11935	80	12724	104319
UNKNOWN	244	T	0.992219427853	C	0.00408676516819	12	52	35	12625	12724	104319
UNKNOWN	245	G	0.976736875196	A	0.0127318453317	162	50	12428	84	12724	104319
UNKNOWN	246	A	0.985539138636	G	0.0106098711097	12540	43	135	6	12724	104319
UNKNOWN	247	G	0.950565859793	A	0.029314680918	373	216	12095	40	12724	104319
UNKNOWN	248	C	0.974693492612	T	0.0164256523106	74	12402	39	209	12724	104319
UNKNOWN	249	A	0.984045897517	G	0.0128104369695	12521	28	163	12	12724	104319
UNKNOWN	250	G	0.991119144923	C	0.00526563973593	33	67	12611	13	12724	104319
UNKNOWN	251	C	0.988447029236	T	0.00707324740648	17	12577	40	90	12724	104319
UNKNOWN	252	G	0.98939012889	A	0.00691606413078	88	10	12589	37	12724	104319
UNKNOWN	253	T	0.991512103112	C	0.00495127318453	12	63	33	12616	12724	104319
UNKNOWN	254	G	0.956617415907	A	0.0305721471235	389	56	12172	107	12724	104319
UNKNOWN	255	A	0.982002514932	G	0.0134391700723	12495	33	171	25	12724	104319
UNKNOWN	256	C	0.984438855706	G	0.00597296447658	75	12526	76	47	12724	104319
UNKNOWN	257	A	0.955359949701	G	0.026171015404	12156	189	333	46	12724	104319
UNKNOWN	258	A	0.864743791261	C	0.108377868595	11003	1379	291	51	12724	104319
UNKNOWN	259	C	0.962590380384	G	0.0186262181704	50	12248	237	189	12724	104319
UNKNOWN	260	T	0.983574347689	G	0.010452687834	33	43	133	12515	12724	104319
UNKNOWN	261	G	0.989940270355	A	0.00620873939013	79	4	12596	45	12724	104319
UNKNOWN	262	A	0.98978308708	G	0.00628733102798	12594	30	80	20	12724	104319
UNKNOWN	263	G	0.952687834014	A	0.0291574976423	371	144	12122	87	12724	104319
UNKNOWN	264	G	0.985853505187	A	0.00730902232003	93	20	12544	67	12724	104319
UNKNOWN	265	A	0.986875196479	C	0.00550141464948	12557	70	59	38	12724	104319
UNKNOWN	266	C	0.981295190192	T	0.0102955045583	69	12486	38	131	12724	104319
UNKNOWN	267	T	0.830006287331	A	0.15458975165	1967	46	150	10561	12724	104319
UNKNOWN	268	C	0.992062244577	G	0.00377239861679	32	12623	48	21	12724	104319
UNKNOWN	269	G	0.965891229173	A	0.0264853819554	337	54	12290	43	12724	104319
UNKNOWN	270	G	0.989547312166	A	0.00400817353034	51	47	12591	35	12724	104319
UNKNOWN	271	C	0.987032379755	A	0.00589437283873	75	12559	69	21	12724	104319
UNKNOWN	272	C	0.989625903804	A	0.00668028921723	85	12592	23	24	12724	104319
UNKNOWN	273	A	0.982631248035	G	0.0117101540396	12503	38	149	34	12724	104319
UNKNOWN	274	C	0.982709839673	A	0.00974536309337	124	12504	31	65	12724	104319
UNKNOWN	275	A	0.973121659855	G	0.0117887456775	12382	134	150	58	12724	104319
UNKNOWN	276	T	0.990176045269	A	0.00385099025464	49	27	49	12599	12724	104319
UNKNOWN	277	A	0.988447029236	C	0.00558000628733	12577	71	40	36	12724	104319
UNKNOWN	278	C	0.958739390129	T	0.0367808865137	28	12199	29	468	12724	104319
UNKNOWN	279	T	0.977287016661	C	0.0107670543854	69	137	83	12435	12724	104319
UNKNOWN	280	A	0.973750392958	T	0.0148538195536	12390	72	73	189	12724	104319
UNKNOWN	281	C	0.969270669601	T	0.0271141150582	18	12333	28	345	12724	104319
UNKNOWN	282	T	0.983495756052	G	0.00848789688777	73	29	108	12514	12724	104319
UNKNOWN	283	G	0.989154353977	T	0.00628733102798	43	15	12586	80	12724	104319
UNKNOWN	284	T	0.95685319082	C	0.0357591952216	40	455	54	12175	12724	104319
UNKNOWN	285	A	0.723278843131	G	0.242612386042	9203	90	3087	344	12724	104319
UNKNOWN	286	C	0.870009430997	G	0.0693178245835	125	11070	882	647	12724	104319
UNKNOWN	287	T	0.719192077963	A	0.127711411506	1625	559	1389	9151	12724	104319
UNKNOWN	288	A	0.921644137064	G	0.0513989311537	11727	134	654	209	12724	104319
UNKNOWN	289	C	0.770198050927	A	0.14217227287	1809	9800	841	274	12724	104319
UNKNOWN	290	T	0.766111285759	A	0.122524363408	1559	304	1113	9748	12724	104319
