Type	Position	Nucl1	Freq1	Nucl2	Freq2	NumAs	NumCs	NumGs	NumTs	NumAligned	NumNaive
UNKNOWN	0	A	1.0	C	0.0	824	0	0	0	824	104319
UNKNOWN	1	A	1.0	C	0.0	824	0	0	0	824	104319
UNKNOWN	2	G	1.0	A	0.0	0	0	824	0	824	104319
UNKNOWN	3	G	1.0	A	0.0	0	0	824	0	824	104319
UNKNOWN	4	T	1.0	A	0.0	0	0	0	824	824	104319
UNKNOWN	5	G	1.0	A	0.0	0	0	824	0	824	104319
UNKNOWN	6	C	1.0	A	0.0	0	824	0	0	824	104319
UNKNOWN	7	A	1.0	C	0.0	824	0	0	0	824	104319
UNKNOWN	8	G	0.998786407767	A	0.00121359223301	1	0	823	0	824	104319
UNKNOWN	9	C	0.998786407767	T	0.00121359223301	0	823	0	1	824	104319
UNKNOWN	10	T	0.998786407767	A	0.00121359223301	1	0	0	823	824	104319
UNKNOWN	11	G	0.997572815534	C	0.00242718446602	0	2	822	0	824	104319
UNKNOWN	12	C	1.0	A	0.0	0	824	0	0	824	104319
UNKNOWN	13	A	0.581310679612	G	0.418689320388	479	0	345	0	824	104319
UNKNOWN	14	G	0.974514563107	C	0.0254854368932	0	21	803	0	824	104319
UNKNOWN	15	G	0.998786407767	T	0.00121359223301	0	0	823	1	824	104319
UNKNOWN	16	A	0.996359223301	G	0.00242718446602	821	0	2	1	824	104319
UNKNOWN	17	G	0.998786407767	A	0.00121359223301	1	0	823	0	824	104319
UNKNOWN	18	T	0.998786407767	C	0.00121359223301	0	1	0	823	824	104319
UNKNOWN	19	C	1.0	A	0.0	0	824	0	0	824	104319
UNKNOWN	20	G	0.684466019417	A	0.315533980583	260	0	564	0	824	104319
UNKNOWN	21	G	1.0	A	0.0	0	0	824	0	824	104319
UNKNOWN	22	G	0.998786407767	C	0.00121359223301	0	1	823	0	824	104319
UNKNOWN	23	C	0.969660194175	T	0.0291262135922	1	799	0	24	824	104319
UNKNOWN	24	C	0.997572815534	A	0.00121359223301	1	822	0	1	824	104319
UNKNOWN	25	C	1.0	A	0.0	0	824	0	0	824	104319
UNKNOWN	26	C	1.0	A	0.0	0	824	0	0	824	104319
UNKNOWN	27	A	0.998786407767	G	0.00121359223301	823	0	1	0	824	104319
UNKNOWN	28	G	0.998786407767	A	0.00121359223301	1	0	823	0	824	104319
UNKNOWN	29	C	0.998786407767	T	0.00121359223301	0	823	0	1	824	104319
UNKNOWN	30	C	1.0	A	0.0	0	824	0	0	824	104319
UNKNOWN	31	T	1.0	A	0.0	0	0	0	824	824	104319
UNKNOWN	32	G	0.996359223301	A	0.00364077669903	3	0	821	0	824	104319
UNKNOWN	33	G	0.996359223301	C	0.00242718446602	1	2	821	0	824	104319
UNKNOWN	34	T	0.998786407767	C	0.00121359223301	0	1	0	823	824	104319
UNKNOWN	35	G	1.0	A	0.0	0	0	824	0	824	104319
UNKNOWN	36	A	0.998786407767	C	0.00121359223301	823	1	0	0	824	104319
UNKNOWN	37	A	0.998786407767	G	0.00121359223301	823	0	1	0	824	104319
UNKNOWN	38	G	0.998786407767	A	0.00121359223301	1	0	823	0	824	104319
UNKNOWN	39	C	1.0	A	0.0	0	824	0	0	824	104319
UNKNOWN	40	C	1.0	A	0.0	0	824	0	0	824	104319
UNKNOWN	41	C	0.998786407767	G	0.00121359223301	0	823	1	0	824	104319
UNKNOWN	42	T	0.995145631068	C	0.00485436893204	0	4	0	820	824	104319
UNKNOWN	43	C	1.0	A	0.0	0	824	0	0	824	104319
UNKNOWN	44	A	0.993932038835	G	0.00606796116505	819	0	5	0	824	104319
UNKNOWN	45	C	0.997572815534	A	0.00121359223301	1	822	0	1	824	104319
UNKNOWN	46	A	0.993932038835	C	0.00485436893204	819	4	1	0	824	104319
UNKNOWN	47	G	1.0	A	0.0	0	0	824	0	824	104319
UNKNOWN	48	A	1.0	C	0.0	824	0	0	0	824	104319
UNKNOWN	49	C	0.998786407767	T	0.00121359223301	0	823	0	1	824	104319
UNKNOWN	50	C	0.996359223301	G	0.00242718446602	0	821	2	1	824	104319
UNKNOWN	51	C	1.0	A	0.0	0	824	0	0	824	104319
UNKNOWN	52	T	0.998786407767	C	0.00121359223301	0	1	0	823	824	104319
UNKNOWN	53	C	1.0	A	0.0	0	824	0	0	824	104319
UNKNOWN	54	T	0.998786407767	C	0.00121359223301	0	1	0	823	824	104319
UNKNOWN	55	C	1.0	A	0.0	0	824	0	0	824	104319
UNKNOWN	56	C	0.995145631068	G	0.00485436893204	0	820	4	0	824	104319
UNKNOWN	57	C	1.0	A	0.0	0	824	0	0	824	104319
UNKNOWN	58	T	0.998786407767	C	0.00121359223301	0	1	0	823	824	104319
UNKNOWN	59	C	1.0	A	0.0	0	824	0	0	824	104319
UNKNOWN	60	A	0.997572815534	C	0.00121359223301	822	1	1	0	824	104319
UNKNOWN	61	C	1.0	A	0.0	0	824	0	0	824	104319
UNKNOWN	62	C	1.0	A	0.0	0	824	0	0	824	104319
UNKNOWN	63	T	1.0	A	0.0	0	0	0	824	824	104319
UNKNOWN	64	G	0.998786407767	A	0.00121359223301	1	0	823	0	824	104319
UNKNOWN	65	C	1.0	A	0.0	0	824	0	0	824	104319
UNKNOWN	66	A	0.997572815534	C	0.00121359223301	822	1	1	0	824	104319
UNKNOWN	67	C	0.928398058252	T	0.0716019417476	0	765	0	59	824	104319
UNKNOWN	68	G	0.996359223301	C	0.00242718446602	1	2	821	0	824	104319
UNKNOWN	69	A	0.983009708738	G	0.0169902912621	810	0	14	0	824	104319
UNKNOWN	70	C	0.990291262136	T	0.00970873786408	0	816	0	8	824	104319
UNKNOWN	71	C	1.0	A	0.0	0	824	0	0	824	104319
UNKNOWN	72	T	0.998786407767	C	0.00121359223301	0	1	0	823	824	104319
UNKNOWN	73	C	1.0	A	0.0	0	824	0	0	824	104319
UNKNOWN	74	T	0.996359223301	C	0.00242718446602	1	2	0	821	824	104319
UNKNOWN	75	G	0.998786407767	C	0.00121359223301	0	1	823	0	824	104319
UNKNOWN	76	G	1.0	A	0.0	0	0	824	0	824	104319
UNKNOWN	77	A	0.986650485437	C	0.00849514563107	813	7	0	4	824	104319
UNKNOWN	78	T	0.797330097087	C	0.118932038835	2	98	67	657	824	104319
UNKNOWN	79	T	0.808252427184	G	0.140776699029	20	22	116	666	824	104319
UNKNOWN	80	C	1.0	A	0.0	0	824	0	0	824	104319
UNKNOWN	81	T	0.991504854369	C	0.00849514563107	0	7	0	817	824	104319
UNKNOWN	82	C	0.998786407767	T	0.00121359223301	0	823	0	1	824	104319
UNKNOWN	83	A	0.997572815534	G	0.00242718446602	822	0	2	0	824	104319
UNKNOWN	84	T	0.997572815534	C	0.00121359223301	0	1	1	822	824	104319
UNKNOWN	85	T	1.0	A	0.0	0	0	0	824	824	104319
UNKNOWN	86	G	0.978155339806	A	0.0218446601942	18	0	806	0	824	104319
UNKNOWN	87	A	0.997572815534	G	0.00242718446602	822	0	2	0	824	104319
UNKNOWN	88	C	0.962378640777	G	0.0242718446602	2	793	20	9	824	104319
UNKNOWN	89	C	0.989077669903	T	0.00849514563107	0	815	2	7	824	104319
UNKNOWN	90	A	0.997572815534	C	0.00121359223301	822	1	1	0	824	104319
UNKNOWN	91	G	0.927184466019	C	0.0497572815534	19	41	764	0	824	104319
UNKNOWN	92	C	0.981796116505	T	0.0169902912621	1	809	0	14	824	104319
UNKNOWN	93	T	0.992718446602	A	0.00485436893204	4	2	0	818	824	104319
UNKNOWN	94	A	0.997572815534	G	0.00242718446602	822	0	2	0	824	104319
UNKNOWN	95	T	0.997572815534	C	0.00121359223301	0	1	1	822	824	104319
UNKNOWN	96	G	0.991504854369	A	0.00606796116505	5	1	817	1	824	104319
UNKNOWN	97	G	0.946601941748	C	0.0291262135922	16	24	780	4	824	104319
UNKNOWN	98	T	0.992718446602	C	0.00728155339806	0	6	0	818	824	104319
UNKNOWN	99	G	0.930825242718	A	0.0691747572816	57	0	767	0	824	104319
UNKNOWN	100	T	1.0	A	0.0	0	0	0	824	824	104319
UNKNOWN	101	A	0.976941747573	G	0.0182038834951	805	3	15	1	824	104319
UNKNOWN	102	A	0.981796116505	G	0.0169902912621	809	0	14	1	824	104319
UNKNOWN	103	G	0.853155339806	A	0.114077669903	94	22	703	5	824	104319
UNKNOWN	104	C	1.0	A	0.0	0	824	0	0	824	104319
UNKNOWN	105	T	0.997572815534	C	0.00121359223301	0	1	1	822	824	104319
UNKNOWN	106	G	1.0	A	0.0	0	0	824	0	824	104319
UNKNOWN	107	G	1.0	A	0.0	0	0	824	0	824	104319
UNKNOWN	108	G	0.996359223301	A	0.00242718446602	2	0	821	1	824	104319
UNKNOWN	109	T	0.996359223301	A	0.00242718446602	2	1	0	821	824	104319
UNKNOWN	110	C	0.997572815534	G	0.00242718446602	0	822	2	0	824	104319
UNKNOWN	111	C	1.0	A	0.0	0	824	0	0	824	104319
UNKNOWN	112	G	1.0	A	0.0	0	0	824	0	824	104319
UNKNOWN	113	C	1.0	A	0.0	0	824	0	0	824	104319
UNKNOWN	114	C	1.0	A	0.0	0	824	0	0	824	104319
UNKNOWN	115	A	0.997572815534	C	0.00242718446602	822	2	0	0	824	104319
UNKNOWN	116	G	1.0	A	0.0	0	0	824	0	824	104319
UNKNOWN	117	G	1.0	A	0.0	0	0	824	0	824	104319
UNKNOWN	118	C	0.998786407767	G	0.00121359223301	0	823	1	0	824	104319
UNKNOWN	119	T	1.0	A	0.0	0	0	0	824	824	104319
UNKNOWN	120	C	0.998786407767	A	0.00121359223301	1	823	0	0	824	104319
UNKNOWN	121	C	1.0	A	0.0	0	824	0	0	824	104319
UNKNOWN	122	A	0.995145631068	G	0.00364077669903	820	1	3	0	824	104319
UNKNOWN	123	G	0.998786407767	A	0.00121359223301	1	0	823	0	824	104319
UNKNOWN	124	G	0.998786407767	A	0.00121359223301	1	0	823	0	824	104319
UNKNOWN	125	A	0.597087378641	G	0.39927184466	492	2	329	1	824	104319
UNKNOWN	126	A	0.997572815534	G	0.00242718446602	822	0	2	0	824	104319
UNKNOWN	127	A	0.998786407767	G	0.00121359223301	823	0	1	0	824	104319
UNKNOWN	128	G	1.0	A	0.0	0	0	824	0	824	104319
UNKNOWN	129	G	1.0	A	0.0	0	0	824	0	824	104319
UNKNOWN	130	C	0.998786407767	T	0.00121359223301	0	823	0	1	824	104319
UNKNOWN	131	G	0.997572815534	A	0.00242718446602	2	0	822	0	824	104319
UNKNOWN	132	C	0.98786407767	T	0.0121359223301	0	814	0	10	824	104319
UNKNOWN	133	T	0.989077669903	G	0.00970873786408	1	0	8	815	824	104319
UNKNOWN	134	G	0.998786407767	A	0.00121359223301	1	0	823	0	824	104319
UNKNOWN	135	G	0.997572815534	A	0.00242718446602	2	0	822	0	824	104319
UNKNOWN	136	A	0.986650485437	G	0.0121359223301	813	0	10	1	824	104319
UNKNOWN	137	G	0.995145631068	A	0.00364077669903	3	0	820	1	824	104319
UNKNOWN	138	T	0.998786407767	G	0.00121359223301	0	0	1	823	824	104319
UNKNOWN	139	G	1.0	A	0.0	0	0	824	0	824	104319
UNKNOWN	140	G	0.985436893204	C	0.0133495145631	0	11	812	1	824	104319
UNKNOWN	141	C	0.992718446602	A	0.00242718446602	2	818	2	2	824	104319
UNKNOWN	142	T	0.996359223301	C	0.00242718446602	1	2	0	821	824	104319
UNKNOWN	143	C	0.993932038835	T	0.00364077669903	0	819	2	3	824	104319
UNKNOWN	144	G	0.993932038835	A	0.00606796116505	5	0	819	0	824	104319
UNKNOWN	145	G	0.996359223301	A	0.00242718446602	2	0	821	1	824	104319
UNKNOWN	146	T	0.996359223301	C	0.00242718446602	0	2	1	821	824	104319
UNKNOWN	147	G	0.941747572816	A	0.0570388349515	47	0	776	1	824	104319
UNKNOWN	148	G	0.902912621359	C	0.0400485436893	21	33	744	26	824	104319
UNKNOWN	149	T	0.966019417476	A	0.0303398058252	25	0	3	796	824	104319
UNKNOWN	150	A	0.991504854369	G	0.00728155339806	817	0	6	1	824	104319
UNKNOWN	151	T	0.998786407767	A	0.00121359223301	1	0	0	823	824	104319
UNKNOWN	152	A	0.936893203883	G	0.0558252427184	772	2	46	4	824	104319
UNKNOWN	153	G	0.877427184466	A	0.0922330097087	76	21	723	4	824	104319
UNKNOWN	154	A	0.944174757282	G	0.0449029126214	778	8	37	1	824	104319
UNKNOWN	155	T	0.945388349515	C	0.0351941747573	7	29	9	779	824	104319
UNKNOWN	156	A	0.91140776699	G	0.0837378640777	751	4	69	0	824	104319
UNKNOWN	157	G	0.967233009709	C	0.0194174757282	10	16	797	1	824	104319
UNKNOWN	158	T	0.993932038835	G	0.00364077669903	2	0	3	819	824	104319
UNKNOWN	159	G	0.925970873786	A	0.0618932038835	51	9	763	1	824	104319
UNKNOWN	160	G	0.956310679612	A	0.0400485436893	33	1	788	2	824	104319
UNKNOWN	161	T	0.983009708738	C	0.0121359223301	2	10	2	810	824	104319
UNKNOWN	162	G	1.0	A	0.0	0	0	824	0	824	104319
UNKNOWN	163	G	0.996359223301	C	0.00242718446602	1	2	821	0	824	104319
UNKNOWN	164	A	0.989077669903	C	0.00728155339806	815	6	3	0	824	104319
UNKNOWN	165	A	0.979368932039	G	0.00970873786408	807	5	8	4	824	104319
UNKNOWN	166	G	0.922330097087	A	0.0533980582524	44	4	760	16	824	104319
UNKNOWN	167	C	0.942961165049	T	0.0266990291262	15	777	10	22	824	104319
UNKNOWN	168	A	0.992718446602	G	0.00485436893204	818	2	4	0	824	104319
UNKNOWN	169	C	0.979368932039	T	0.0169902912621	2	807	1	14	824	104319
UNKNOWN	170	A	0.993932038835	G	0.00485436893204	819	0	4	1	824	104319
UNKNOWN	171	G	0.921116504854	A	0.0703883495146	58	3	759	4	824	104319
UNKNOWN	172	G	0.928398058252	A	0.0424757281553	35	22	765	2	824	104319
UNKNOWN	173	C	0.934466019417	G	0.0618932038835	2	770	51	1	824	104319
UNKNOWN	174	T	0.997572815534	C	0.00242718446602	0	2	0	822	824	104319
UNKNOWN	175	A	0.995145631068	C	0.00242718446602	820	2	0	2	824	104319
UNKNOWN	176	T	0.996359223301	C	0.00242718446602	1	2	0	821	824	104319
UNKNOWN	177	A	0.98786407767	G	0.0121359223301	814	0	10	0	824	104319
UNKNOWN	178	A	0.995145631068	C	0.00242718446602	820	2	2	0	824	104319
UNKNOWN	179	C	0.970873786408	T	0.0291262135922	0	800	0	24	824	104319
UNKNOWN	180	C	0.947815533981	T	0.0461165048544	5	781	0	38	824	104319
UNKNOWN	181	C	0.998786407767	A	0.00121359223301	1	823	0	0	824	104319
UNKNOWN	182	A	0.995145631068	G	0.00364077669903	820	1	3	0	824	104319
UNKNOWN	183	G	0.997572815534	C	0.00121359223301	0	1	822	1	824	104319
UNKNOWN	184	G	0.928398058252	C	0.0679611650485	3	56	765	0	824	104319
UNKNOWN	185	C	0.996359223301	A	0.00364077669903	3	821	0	0	824	104319
UNKNOWN	186	C	0.996359223301	T	0.00242718446602	0	821	1	2	824	104319
UNKNOWN	187	T	0.995145631068	C	0.00242718446602	1	2	1	820	824	104319
UNKNOWN	188	G	0.996359223301	A	0.00364077669903	3	0	821	0	824	104319
UNKNOWN	189	A	0.998786407767	C	0.00121359223301	823	1	0	0	824	104319
UNKNOWN	190	A	0.997572815534	C	0.00121359223301	822	1	1	0	824	104319
UNKNOWN	191	A	0.991504854369	T	0.00485436893204	817	1	2	4	824	104319
UNKNOWN	192	T	0.638349514563	C	0.360436893204	1	297	0	526	824	104319
UNKNOWN	193	C	0.995145631068	A	0.00242718446602	2	820	1	1	824	104319
UNKNOWN	194	C	0.997572815534	A	0.00121359223301	1	822	0	1	824	104319
UNKNOWN	195	A	0.885922330097	C	0.108009708738	730	89	5	0	824	104319
UNKNOWN	196	G	0.998786407767	A	0.00121359223301	1	0	823	0	824	104319
UNKNOWN	197	G	0.995145631068	C	0.00364077669903	1	3	820	0	824	104319
UNKNOWN	198	C	0.98786407767	G	0.00728155339806	3	814	6	1	824	104319
UNKNOWN	199	T	0.998786407767	C	0.00121359223301	0	1	0	823	824	104319
UNKNOWN	200	C	0.995145631068	A	0.00364077669903	3	820	0	1	824	104319
UNKNOWN	201	A	0.998786407767	G	0.00121359223301	823	0	1	0	824	104319
UNKNOWN	202	G	0.990291262136	T	0.00849514563107	1	0	816	7	824	104319
UNKNOWN	203	C	0.554611650485	T	0.436893203883	4	457	3	360	824	104319
UNKNOWN	204	A	0.992718446602	G	0.00485436893204	818	0	4	2	824	104319
UNKNOWN	205	T	0.996359223301	C	0.00242718446602	0	2	1	821	824	104319
UNKNOWN	206	C	0.981796116505	T	0.00970873786408	5	809	2	8	824	104319
UNKNOWN	207	A	0.995145631068	C	0.00364077669903	820	3	1	0	824	104319
UNKNOWN	208	C	0.996359223301	A	0.00242718446602	2	821	1	0	824	104319
UNKNOWN	209	C	0.993932038835	T	0.00364077669903	2	819	0	3	824	104319
UNKNOWN	210	A	0.996359223301	G	0.00242718446602	821	1	2	0	824	104319
UNKNOWN	211	G	0.853155339806	A	0.146844660194	121	0	703	0	824	104319
UNKNOWN	212	G	0.995145631068	A	0.00485436893204	4	0	820	0	824	104319
UNKNOWN	213	G	0.996359223301	A	0.00121359223301	1	1	821	1	824	104319
UNKNOWN	214	A	0.98786407767	G	0.00849514563107	814	3	7	0	824	104319
UNKNOWN	215	C	0.964805825243	T	0.0266990291262	4	795	3	22	824	104319
UNKNOWN	216	A	0.997572815534	G	0.00242718446602	822	0	2	0	824	104319
UNKNOWN	217	A	0.961165048544	G	0.0230582524272	792	12	19	1	824	104319
UNKNOWN	218	C	0.983009708738	T	0.0157766990291	0	810	1	13	824	104319
UNKNOWN	219	T	0.995145631068	C	0.00364077669903	1	3	0	820	824	104319
UNKNOWN	220	C	0.998786407767	T	0.00121359223301	0	823	0	1	824	104319
UNKNOWN	221	C	0.996359223301	T	0.00242718446602	1	821	0	2	824	104319
UNKNOWN	222	A	0.993932038835	G	0.00364077669903	819	2	3	0	824	104319
UNKNOWN	223	A	0.991504854369	G	0.00606796116505	817	2	5	0	824	104319
UNKNOWN	224	G	0.997572815534	A	0.00242718446602	2	0	822	0	824	104319
UNKNOWN	225	A	0.983009708738	G	0.0145631067961	810	2	12	0	824	104319
UNKNOWN	226	G	0.986650485437	A	0.00728155339806	6	5	813	0	824	104319
UNKNOWN	227	C	0.98786407767	T	0.0109223300971	0	814	1	9	824	104319
UNKNOWN	228	C	0.996359223301	A	0.00364077669903	3	821	0	0	824	104319
UNKNOWN	229	A	0.993932038835	G	0.00364077669903	819	1	3	1	824	104319
UNKNOWN	230	A	0.990291262136	G	0.00970873786408	816	0	8	0	824	104319
UNKNOWN	231	G	0.980582524272	A	0.0133495145631	11	3	808	2	824	104319
UNKNOWN	232	T	0.996359223301	C	0.00364077669903	0	3	0	821	824	104319
UNKNOWN	233	C	0.98786407767	T	0.00728155339806	0	814	4	6	824	104319
UNKNOWN	234	T	0.997572815534	C	0.00242718446602	0	2	0	822	824	104319
UNKNOWN	235	C	0.992718446602	T	0.00364077669903	0	818	3	3	824	104319
UNKNOWN	236	T	0.989077669903	C	0.00728155339806	2	6	1	815	824	104319
UNKNOWN	237	C	0.997572815534	T	0.00121359223301	0	822	1	1	824	104319
UNKNOWN	238	T	0.998786407767	G	0.00121359223301	0	0	1	823	824	104319
UNKNOWN	239	G	0.978155339806	A	0.0157766990291	13	1	806	4	824	104319
UNKNOWN	240	T	0.991504854369	C	0.00485436893204	0	4	3	817	824	104319
UNKNOWN	241	C	0.98786407767	T	0.00970873786408	1	814	1	8	824	104319
UNKNOWN	242	A	0.991504854369	G	0.00728155339806	817	0	6	1	824	104319
UNKNOWN	243	G	0.959951456311	C	0.0182038834951	14	15	791	4	824	104319
UNKNOWN	244	T	0.995145631068	C	0.00242718446602	0	2	2	820	824	104319
UNKNOWN	245	G	0.981796116505	A	0.0169902912621	14	1	809	0	824	104319
UNKNOWN	246	A	0.98786407767	G	0.0121359223301	814	0	10	0	824	104319
UNKNOWN	247	G	0.959951456311	A	0.0206310679612	17	11	791	5	824	104319
UNKNOWN	248	C	0.985436893204	T	0.0121359223301	1	812	1	10	824	104319
UNKNOWN	249	A	0.990291262136	G	0.00606796116505	816	3	5	0	824	104319
UNKNOWN	250	G	0.995145631068	A	0.00364077669903	3	1	820	0	824	104319
UNKNOWN	251	C	0.993932038835	A	0.00242718446602	2	819	1	2	824	104319
UNKNOWN	252	G	0.996359223301	A	0.00121359223301	1	1	821	1	824	104319
UNKNOWN	253	T	0.992718446602	C	0.00606796116505	0	5	1	818	824	104319
UNKNOWN	254	G	0.991504854369	A	0.00728155339806	6	0	817	1	824	104319
UNKNOWN	255	A	0.989077669903	G	0.00849514563107	815	2	7	0	824	104319
UNKNOWN	256	C	0.998786407767	A	0.00121359223301	1	823	0	0	824	104319
UNKNOWN	257	A	0.992718446602	G	0.00364077669903	818	2	3	1	824	104319
UNKNOWN	258	C	0.864077669903	A	0.126213592233	104	712	8	0	824	104319
UNKNOWN	259	C	0.992718446602	T	0.00485436893204	1	818	1	4	824	104319
UNKNOWN	260	T	0.991504854369	C	0.00364077669903	1	3	3	817	824	104319
UNKNOWN	261	G	0.992718446602	A	0.00364077669903	3	1	818	2	824	104319
UNKNOWN	262	A	0.995145631068	G	0.00364077669903	820	0	3	1	824	104319
UNKNOWN	263	G	0.976941747573	A	0.0145631067961	12	5	805	2	824	104319
UNKNOWN	264	G	0.996359223301	A	0.00242718446602	2	0	821	1	824	104319
UNKNOWN	265	A	0.995145631068	C	0.00364077669903	820	3	1	0	824	104319
UNKNOWN	266	C	0.989077669903	A	0.00485436893204	4	815	1	4	824	104319
UNKNOWN	267	A	0.986650485437	T	0.00970873786408	813	1	2	8	824	104319
UNKNOWN	268	C	0.996359223301	A	0.00364077669903	3	821	0	0	824	104319
UNKNOWN	269	G	0.949029126214	A	0.0436893203883	36	3	782	3	824	104319
UNKNOWN	270	G	0.991504854369	T	0.00485436893204	2	1	817	4	824	104319
UNKNOWN	271	C	0.997572815534	A	0.00242718446602	2	822	0	0	824	104319
UNKNOWN	272	C	0.996359223301	A	0.00364077669903	3	821	0	0	824	104319
UNKNOWN	273	G	0.51213592233	A	0.476941747573	393	2	422	7	824	104319
UNKNOWN	274	T	0.550970873786	C	0.444174757282	1	366	3	454	824	104319
UNKNOWN	275	A	0.567961165049	G	0.413834951456	468	10	341	5	824	104319
UNKNOWN	276	T	0.996359223301	A	0.00121359223301	1	1	1	821	824	104319
UNKNOWN	277	A	0.995145631068	C	0.00242718446602	820	2	1	1	824	104319
UNKNOWN	278	C	0.959951456311	T	0.0376213592233	1	791	1	31	824	104319
UNKNOWN	279	T	0.990291262136	C	0.00606796116505	2	5	1	816	824	104319
UNKNOWN	280	A	0.986650485437	C	0.00606796116505	813	5	1	5	824	104319
UNKNOWN	281	C	0.981796116505	T	0.0157766990291	1	809	1	13	824	104319
UNKNOWN	282	T	0.998786407767	G	0.00121359223301	0	0	1	823	824	104319
