Type	Position	Nucl1	Freq1	Nucl2	Freq2	NumAs	NumCs	NumGs	NumTs	NumAligned	NumNaive
UNKNOWN	0	A	1.0	C	0.0	1072	0	0	0	1072	128165
UNKNOWN	1	A	1.0	C	0.0	1072	0	0	0	1072	128165
UNKNOWN	2	G	1.0	A	0.0	0	0	1072	0	1072	128165
UNKNOWN	3	G	1.0	A	0.0	0	0	1072	0	1072	128165
UNKNOWN	4	T	1.0	A	0.0	0	0	0	1072	1072	128165
UNKNOWN	5	G	1.0	A	0.0	0	0	1072	0	1072	128165
UNKNOWN	6	C	1.0	A	0.0	0	1072	0	0	1072	128165
UNKNOWN	7	A	0.998134328358	G	0.00186567164179	1070	0	2	0	1072	128165
UNKNOWN	8	G	0.998134328358	A	0.000932835820896	1	1	1070	0	1072	128165
UNKNOWN	9	C	0.998134328358	G	0.00186567164179	0	1070	2	0	1072	128165
UNKNOWN	10	T	0.999067164179	C	0.000932835820896	0	1	0	1071	1072	128165
UNKNOWN	11	G	0.999067164179	A	0.000932835820896	1	0	1071	0	1072	128165
UNKNOWN	12	C	1.0	A	0.0	0	1072	0	0	1072	128165
UNKNOWN	13	A	0.875932835821	G	0.124067164179	939	0	133	0	1072	128165
UNKNOWN	14	G	0.936567164179	C	0.0625	1	67	1004	0	1072	128165
UNKNOWN	15	G	1.0	A	0.0	0	0	1072	0	1072	128165
UNKNOWN	16	A	0.996268656716	G	0.00373134328358	1068	0	4	0	1072	128165
UNKNOWN	17	G	0.999067164179	A	0.000932835820896	1	0	1071	0	1072	128165
UNKNOWN	18	T	0.999067164179	A	0.000932835820896	1	0	0	1071	1072	128165
UNKNOWN	19	C	1.0	A	0.0	0	1072	0	0	1072	128165
UNKNOWN	20	G	0.999067164179	A	0.000932835820896	1	0	1071	0	1072	128165
UNKNOWN	21	G	0.994402985075	T	0.00373134328358	0	2	1066	4	1072	128165
UNKNOWN	22	G	1.0	A	0.0	0	0	1072	0	1072	128165
UNKNOWN	23	C	0.973880597015	T	0.0261194029851	0	1044	0	28	1072	128165
UNKNOWN	24	C	0.996268656716	A	0.00186567164179	2	1068	0	2	1072	128165
UNKNOWN	25	C	0.993470149254	A	0.00652985074627	7	1065	0	0	1072	128165
UNKNOWN	26	C	0.998134328358	A	0.000932835820896	1	1070	0	1	1072	128165
UNKNOWN	27	A	0.996268656716	G	0.00373134328358	1068	0	4	0	1072	128165
UNKNOWN	28	G	0.997201492537	A	0.000932835820896	1	1	1069	1	1072	128165
UNKNOWN	29	C	0.999067164179	T	0.000932835820896	0	1071	0	1	1072	128165
UNKNOWN	30	C	0.999067164179	T	0.000932835820896	0	1071	0	1	1072	128165
UNKNOWN	31	T	0.997201492537	G	0.00279850746269	0	0	3	1069	1072	128165
UNKNOWN	32	G	0.998134328358	T	0.00186567164179	0	0	1070	2	1072	128165
UNKNOWN	33	G	0.999067164179	T	0.000932835820896	0	0	1071	1	1072	128165
UNKNOWN	34	T	0.998134328358	C	0.000932835820896	0	1	1	1070	1072	128165
UNKNOWN	35	G	0.998134328358	A	0.00186567164179	2	0	1070	0	1072	128165
UNKNOWN	36	A	0.999067164179	G	0.000932835820896	1071	0	1	0	1072	128165
UNKNOWN	37	A	0.995335820896	G	0.00373134328358	1067	1	4	0	1072	128165
UNKNOWN	38	G	0.997201492537	A	0.00186567164179	2	1	1069	0	1072	128165
UNKNOWN	39	C	0.999067164179	T	0.000932835820896	0	1071	0	1	1072	128165
UNKNOWN	40	C	0.995335820896	A	0.00186567164179	2	1067	1	2	1072	128165
UNKNOWN	41	C	0.998134328358	T	0.000932835820896	0	1070	1	1	1072	128165
UNKNOWN	42	T	0.994402985075	C	0.00559701492537	0	6	0	1066	1072	128165
UNKNOWN	43	C	0.997201492537	T	0.00186567164179	1	1069	0	2	1072	128165
UNKNOWN	44	A	0.998134328358	C	0.000932835820896	1070	1	1	0	1072	128165
UNKNOWN	45	C	0.994402985075	G	0.00373134328358	2	1066	4	0	1072	128165
UNKNOWN	46	A	0.998134328358	G	0.00186567164179	1070	0	2	0	1072	128165
UNKNOWN	47	G	0.999067164179	A	0.000932835820896	1	0	1071	0	1072	128165
UNKNOWN	48	A	0.991604477612	G	0.00746268656716	1063	1	8	0	1072	128165
UNKNOWN	49	C	0.998134328358	T	0.000932835820896	0	1070	1	1	1072	128165
UNKNOWN	50	C	0.990671641791	T	0.00559701492537	4	1062	0	6	1072	128165
UNKNOWN	51	C	0.999067164179	T	0.000932835820896	0	1071	0	1	1072	128165
UNKNOWN	52	T	0.999067164179	C	0.000932835820896	0	1	0	1071	1072	128165
UNKNOWN	53	C	0.998134328358	A	0.000932835820896	1	1070	0	1	1072	128165
UNKNOWN	54	T	0.997201492537	C	0.00279850746269	0	3	0	1069	1072	128165
UNKNOWN	55	C	0.994402985075	A	0.00466417910448	5	1066	1	0	1072	128165
UNKNOWN	56	C	0.992537313433	A	0.00373134328358	4	1064	2	2	1072	128165
UNKNOWN	57	C	0.993470149254	G	0.00466417910448	1	1065	5	1	1072	128165
UNKNOWN	58	T	0.993470149254	C	0.00559701492537	1	6	0	1065	1072	128165
UNKNOWN	59	C	0.999067164179	A	0.000932835820896	1	1071	0	0	1072	128165
UNKNOWN	60	A	0.997201492537	G	0.00186567164179	1069	1	2	0	1072	128165
UNKNOWN	61	C	0.997201492537	A	0.000932835820896	1	1069	1	1	1072	128165
UNKNOWN	62	C	0.995335820896	A	0.00279850746269	3	1067	1	1	1072	128165
UNKNOWN	63	T	0.997201492537	C	0.00186567164179	0	2	1	1069	1072	128165
UNKNOWN	64	G	0.998134328358	A	0.000932835820896	1	1	1070	0	1072	128165
UNKNOWN	65	C	0.999067164179	A	0.000932835820896	1	1071	0	0	1072	128165
UNKNOWN	66	A	0.999067164179	C	0.000932835820896	1071	1	0	0	1072	128165
UNKNOWN	67	C	0.991604477612	G	0.00373134328358	2	1063	4	3	1072	128165
UNKNOWN	68	G	0.997201492537	A	0.00186567164179	2	1	1069	0	1072	128165
UNKNOWN	69	A	0.984141791045	G	0.0149253731343	1055	1	16	0	1072	128165
UNKNOWN	70	C	0.977611940299	T	0.0186567164179	0	1048	4	20	1072	128165
UNKNOWN	71	C	0.98973880597	G	0.00559701492537	0	1061	6	5	1072	128165
UNKNOWN	72	T	0.996268656716	C	0.00373134328358	0	4	0	1068	1072	128165
UNKNOWN	73	C	0.999067164179	T	0.000932835820896	0	1071	0	1	1072	128165
UNKNOWN	74	T	0.997201492537	C	0.00186567164179	0	2	1	1069	1072	128165
UNKNOWN	75	G	1.0	A	0.0	0	0	1072	0	1072	128165
UNKNOWN	76	G	0.997201492537	A	0.00186567164179	2	1	1069	0	1072	128165
UNKNOWN	77	A	0.992537313433	C	0.00466417910448	1064	5	0	3	1072	128165
UNKNOWN	78	T	0.998134328358	A	0.00186567164179	2	0	0	1070	1072	128165
UNKNOWN	79	T	0.995335820896	C	0.00186567164179	1	2	2	1067	1072	128165
UNKNOWN	80	C	0.984141791045	T	0.00652985074627	4	1055	6	7	1072	128165
UNKNOWN	81	T	0.992537313433	C	0.00466417910448	0	5	3	1064	1072	128165
UNKNOWN	82	C	0.995335820896	T	0.00279850746269	2	1067	0	3	1072	128165
UNKNOWN	83	A	0.994402985075	G	0.00466417910448	1066	0	5	1	1072	128165
UNKNOWN	84	T	0.998134328358	C	0.000932835820896	0	1	1	1070	1072	128165
UNKNOWN	85	T	0.990671641791	G	0.00746268656716	0	2	8	1062	1072	128165
UNKNOWN	86	G	0.990671641791	A	0.00839552238806	9	0	1062	1	1072	128165
UNKNOWN	87	A	0.995335820896	C	0.00186567164179	1067	2	2	1	1072	128165
UNKNOWN	88	C	0.961753731343	G	0.0261194029851	8	1031	28	5	1072	128165
UNKNOWN	89	C	0.98973880597	A	0.00652985074627	7	1061	2	2	1072	128165
UNKNOWN	90	A	0.996268656716	G	0.00373134328358	1068	0	4	0	1072	128165
UNKNOWN	91	G	0.95802238806	A	0.0261194029851	28	13	1027	4	1072	128165
UNKNOWN	92	C	0.980410447761	T	0.0158582089552	4	1051	0	17	1072	128165
UNKNOWN	93	T	0.985074626866	G	0.0111940298507	3	1	12	1056	1072	128165
UNKNOWN	94	A	0.964552238806	C	0.0251865671642	1034	27	0	11	1072	128165
UNKNOWN	95	T	0.998134328358	C	0.000932835820896	0	1	1	1070	1072	128165
UNKNOWN	96	G	0.975746268657	A	0.0214552238806	23	1	1046	2	1072	128165
UNKNOWN	97	G	0.944029850746	C	0.0298507462687	26	32	1012	2	1072	128165
UNKNOWN	98	T	0.993470149254	C	0.00373134328358	0	4	3	1065	1072	128165
UNKNOWN	99	G	0.982276119403	A	0.0130597014925	14	2	1053	3	1072	128165
UNKNOWN	100	T	0.999067164179	A	0.000932835820896	1	0	0	1071	1072	128165
UNKNOWN	101	A	0.977611940299	G	0.017723880597	1048	4	19	1	1072	128165
UNKNOWN	102	A	0.981343283582	G	0.0121268656716	1052	2	13	5	1072	128165
UNKNOWN	103	G	0.887126865672	A	0.0680970149254	73	41	951	7	1072	128165
UNKNOWN	104	C	0.986940298507	T	0.0111940298507	2	1058	0	12	1072	128165
UNKNOWN	105	T	0.997201492537	C	0.00186567164179	0	2	1	1069	1072	128165
UNKNOWN	106	G	1.0	A	0.0	0	0	1072	0	1072	128165
UNKNOWN	107	G	0.999067164179	T	0.000932835820896	0	0	1071	1	1072	128165
UNKNOWN	108	G	0.984141791045	A	0.0139925373134	15	1	1055	1	1072	128165
UNKNOWN	109	T	0.998134328358	C	0.00186567164179	0	2	0	1070	1072	128165
UNKNOWN	110	C	1.0	A	0.0	0	1072	0	0	1072	128165
UNKNOWN	111	C	0.999067164179	G	0.000932835820896	0	1071	1	0	1072	128165
UNKNOWN	112	G	0.996268656716	A	0.00186567164179	2	1	1068	1	1072	128165
UNKNOWN	113	C	0.999067164179	A	0.000932835820896	1	1071	0	0	1072	128165
UNKNOWN	114	C	0.999067164179	A	0.000932835820896	1	1071	0	0	1072	128165
UNKNOWN	115	A	0.994402985075	G	0.00466417910448	1066	1	5	0	1072	128165
UNKNOWN	116	G	1.0	A	0.0	0	0	1072	0	1072	128165
UNKNOWN	117	G	0.996268656716	T	0.00279850746269	0	1	1068	3	1072	128165
UNKNOWN	118	C	0.990671641791	T	0.00932835820896	0	1062	0	10	1072	128165
UNKNOWN	119	T	0.997201492537	C	0.00186567164179	0	2	1	1069	1072	128165
UNKNOWN	120	C	0.998134328358	T	0.000932835820896	0	1070	1	1	1072	128165
UNKNOWN	121	C	0.999067164179	A	0.000932835820896	1	1071	0	0	1072	128165
UNKNOWN	122	A	0.999067164179	G	0.000932835820896	1071	0	1	0	1072	128165
UNKNOWN	123	G	0.992537313433	A	0.00466417910448	5	2	1064	1	1072	128165
UNKNOWN	124	G	0.998134328358	A	0.00186567164179	2	0	1070	0	1072	128165
UNKNOWN	125	A	0.948694029851	G	0.0457089552239	1017	6	49	0	1072	128165
UNKNOWN	126	A	0.996268656716	C	0.00279850746269	1068	3	0	1	1072	128165
UNKNOWN	127	A	0.991604477612	G	0.00652985074627	1063	2	7	0	1072	128165
UNKNOWN	128	G	0.991604477612	T	0.00839552238806	0	0	1063	9	1072	128165
UNKNOWN	129	G	0.991604477612	A	0.00466417910448	5	3	1063	1	1072	128165
UNKNOWN	130	C	0.996268656716	G	0.00279850746269	1	1068	3	0	1072	128165
UNKNOWN	131	G	0.994402985075	A	0.00279850746269	3	3	1066	0	1072	128165
UNKNOWN	132	C	0.997201492537	T	0.00279850746269	0	1069	0	3	1072	128165
UNKNOWN	133	T	0.994402985075	G	0.00373134328358	1	1	4	1066	1072	128165
UNKNOWN	134	G	0.994402985075	A	0.00559701492537	6	0	1066	0	1072	128165
UNKNOWN	135	G	0.996268656716	A	0.00279850746269	3	0	1068	1	1072	128165
UNKNOWN	136	A	0.986940298507	G	0.0121268656716	1058	0	13	1	1072	128165
UNKNOWN	137	G	0.996268656716	T	0.00373134328358	0	0	1068	4	1072	128165
UNKNOWN	138	T	0.995335820896	G	0.00466417910448	0	0	5	1067	1072	128165
UNKNOWN	139	G	0.997201492537	T	0.00279850746269	0	0	1069	3	1072	128165
UNKNOWN	140	G	0.975746268657	C	0.0233208955224	1	25	1046	0	1072	128165
UNKNOWN	141	C	0.990671641791	T	0.00466417910448	1	1062	4	5	1072	128165
UNKNOWN	142	T	0.993470149254	C	0.00466417910448	0	5	2	1065	1072	128165
UNKNOWN	143	C	0.98973880597	G	0.00466417910448	3	1061	5	3	1072	128165
UNKNOWN	144	G	0.998134328358	T	0.00186567164179	0	0	1070	2	1072	128165
UNKNOWN	145	G	0.995335820896	T	0.00373134328358	0	1	1067	4	1072	128165
UNKNOWN	146	T	0.991604477612	G	0.00652985074627	1	1	7	1063	1072	128165
UNKNOWN	147	G	0.887126865672	A	0.108208955224	116	1	951	4	1072	128165
UNKNOWN	148	G	0.971082089552	A	0.0195895522388	21	4	1041	6	1072	128165
UNKNOWN	149	T	0.977611940299	G	0.00839552238806	7	8	9	1048	1072	128165
UNKNOWN	150	A	0.983208955224	G	0.00932835820896	1054	2	10	6	1072	128165
UNKNOWN	151	T	0.991604477612	A	0.00466417910448	5	3	1	1063	1072	128165
UNKNOWN	152	A	0.990671641791	G	0.00652985074627	1062	1	7	2	1072	128165
UNKNOWN	153	G	0.951492537313	A	0.0363805970149	39	11	1020	2	1072	128165
UNKNOWN	154	A	0.962686567164	G	0.0251865671642	1032	5	27	8	1072	128165
UNKNOWN	155	T	0.952425373134	C	0.0307835820896	14	33	4	1021	1072	128165
UNKNOWN	156	A	0.954291044776	G	0.0410447761194	1023	2	44	3	1072	128165
UNKNOWN	157	G	0.952425373134	A	0.0214552238806	23	17	1021	11	1072	128165
UNKNOWN	158	T	0.98973880597	G	0.00746268656716	0	3	8	1061	1072	128165
UNKNOWN	159	G	0.959888059701	A	0.0242537313433	26	13	1029	4	1072	128165
UNKNOWN	160	G	0.961753731343	A	0.0186567164179	20	8	1031	13	1072	128165
UNKNOWN	161	T	0.987873134328	G	0.00652985074627	2	4	7	1059	1072	128165
UNKNOWN	162	G	0.998134328358	A	0.000932835820896	1	1	1070	0	1072	128165
UNKNOWN	163	G	0.97947761194	A	0.0102611940299	11	9	1050	2	1072	128165
UNKNOWN	164	A	0.995335820896	G	0.00279850746269	1067	1	3	1	1072	128165
UNKNOWN	165	A	0.973880597015	G	0.0186567164179	1044	8	20	0	1072	128165
UNKNOWN	166	G	0.897388059701	A	0.0652985074627	70	33	962	7	1072	128165
UNKNOWN	167	C	0.972014925373	A	0.0111940298507	12	1042	7	11	1072	128165
UNKNOWN	168	A	0.982276119403	C	0.0111940298507	1053	12	7	0	1072	128165
UNKNOWN	169	C	0.982276119403	A	0.0102611940299	11	1053	4	4	1072	128165
UNKNOWN	170	A	0.985074626866	G	0.0149253731343	1056	0	16	0	1072	128165
UNKNOWN	171	G	0.986007462687	A	0.00746268656716	8	0	1057	7	1072	128165
UNKNOWN	172	G	0.934701492537	A	0.0391791044776	42	24	1002	4	1072	128165
UNKNOWN	173	C	0.975746268657	T	0.017723880597	6	1046	1	19	1072	128165
UNKNOWN	174	T	0.98973880597	A	0.00932835820896	10	1	0	1061	1072	128165
UNKNOWN	175	A	0.985074626866	T	0.0111940298507	1056	4	0	12	1072	128165
UNKNOWN	176	T	0.988805970149	A	0.00746268656716	8	4	0	1060	1072	128165
UNKNOWN	177	A	0.995335820896	G	0.00466417910448	1067	0	5	0	1072	128165
UNKNOWN	178	A	0.981343283582	C	0.00932835820896	1052	10	9	1	1072	128165
UNKNOWN	179	C	0.964552238806	T	0.0307835820896	1	1034	4	33	1072	128165
UNKNOWN	180	C	0.980410447761	T	0.00932835820896	7	1051	4	10	1072	128165
UNKNOWN	181	C	0.986940298507	A	0.0102611940299	11	1058	0	3	1072	128165
UNKNOWN	182	A	0.98973880597	G	0.0102611940299	1061	0	11	0	1072	128165
UNKNOWN	183	G	0.991604477612	A	0.00652985074627	7	1	1063	1	1072	128165
UNKNOWN	184	G	0.908582089552	C	0.0867537313433	2	93	974	3	1072	128165
UNKNOWN	185	C	0.997201492537	A	0.00186567164179	2	1069	0	1	1072	128165
UNKNOWN	186	C	0.990671641791	T	0.00932835820896	0	1062	0	10	1072	128165
UNKNOWN	187	T	0.991604477612	G	0.00746268656716	1	0	8	1063	1072	128165
UNKNOWN	188	G	0.988805970149	A	0.00839552238806	9	1	1060	2	1072	128165
UNKNOWN	189	A	0.994402985075	C	0.00466417910448	1066	5	1	0	1072	128165
UNKNOWN	190	A	0.991604477612	G	0.00466417910448	1063	4	5	0	1072	128165
UNKNOWN	191	A	0.986007462687	T	0.00932835820896	1057	2	3	10	1072	128165
UNKNOWN	192	T	0.983208955224	C	0.0102611940299	0	11	7	1054	1072	128165
UNKNOWN	193	C	0.991604477612	A	0.00559701492537	6	1063	0	3	1072	128165
UNKNOWN	194	C	0.981343283582	A	0.0158582089552	17	1052	0	3	1072	128165
UNKNOWN	195	A	0.861007462687	C	0.130597014925	923	140	9	0	1072	128165
UNKNOWN	196	G	0.998134328358	T	0.00186567164179	0	0	1070	2	1072	128165
UNKNOWN	197	G	0.972014925373	A	0.0149253731343	16	11	1042	3	1072	128165
UNKNOWN	198	C	0.990671641791	T	0.00839552238806	1	1062	0	9	1072	128165
UNKNOWN	199	T	0.986007462687	C	0.0111940298507	2	12	1	1057	1072	128165
UNKNOWN	200	C	0.986940298507	A	0.0102611940299	11	1058	0	3	1072	128165
UNKNOWN	201	A	0.987873134328	G	0.0111940298507	1059	0	12	1	1072	128165
UNKNOWN	202	G	0.986007462687	T	0.0102611940299	1	3	1057	11	1072	128165
UNKNOWN	203	T	0.816231343284	C	0.169776119403	11	182	4	875	1072	128165
UNKNOWN	204	A	0.960820895522	G	0.0307835820896	1030	0	33	9	1072	128165
UNKNOWN	205	T	0.985074626866	C	0.0111940298507	3	12	1	1056	1072	128165
UNKNOWN	206	C	0.97947761194	A	0.0102611940299	11	1050	6	5	1072	128165
UNKNOWN	207	A	0.984141791045	C	0.0102611940299	1055	11	5	1	1072	128165
UNKNOWN	208	C	0.892723880597	T	0.102611940299	3	957	2	110	1072	128165
UNKNOWN	209	C	0.97947761194	A	0.0111940298507	12	1050	3	7	1072	128165
UNKNOWN	210	A	0.98973880597	G	0.0102611940299	1061	0	11	0	1072	128165
UNKNOWN	211	G	0.821828358209	A	0.176305970149	189	1	881	1	1072	128165
UNKNOWN	212	G	0.990671641791	A	0.00466417910448	5	2	1062	3	1072	128165
UNKNOWN	213	G	0.981343283582	A	0.0167910447761	18	0	1052	2	1072	128165
UNKNOWN	214	A	0.98973880597	C	0.00932835820896	1061	10	1	0	1072	128165
UNKNOWN	215	C	0.981343283582	A	0.00932835820896	10	1052	6	4	1072	128165
UNKNOWN	216	A	0.995335820896	G	0.00466417910448	1067	0	5	0	1072	128165
UNKNOWN	217	A	0.983208955224	C	0.00932835820896	1054	10	7	1	1072	128165
UNKNOWN	218	C	0.972947761194	T	0.0195895522388	2	1043	6	21	1072	128165
UNKNOWN	219	T	0.986007462687	C	0.0111940298507	3	12	0	1057	1072	128165
UNKNOWN	220	C	0.996268656716	A	0.00186567164179	2	1068	1	1	1072	128165
UNKNOWN	221	C	0.984141791045	A	0.0111940298507	12	1055	2	3	1072	128165
UNKNOWN	222	A	0.992537313433	G	0.00652985074627	1064	1	7	0	1072	128165
UNKNOWN	223	A	0.986940298507	G	0.0121268656716	1058	1	13	0	1072	128165
UNKNOWN	224	G	0.983208955224	A	0.0121268656716	13	5	1054	0	1072	128165
UNKNOWN	225	A	0.984141791045	G	0.0139925373134	1055	1	15	1	1072	128165
UNKNOWN	226	G	0.920708955224	A	0.0662313432836	71	14	987	0	1072	128165
UNKNOWN	227	C	0.939365671642	G	0.0391791044776	1	1007	42	22	1072	128165
UNKNOWN	228	C	0.986940298507	A	0.0121268656716	13	1058	0	1	1072	128165
UNKNOWN	229	A	0.997201492537	C	0.000932835820896	1069	1	1	1	1072	128165
UNKNOWN	230	A	0.981343283582	G	0.0167910447761	1052	1	18	1	1072	128165
UNKNOWN	231	G	0.966417910448	T	0.0195895522388	14	1	1036	21	1072	128165
UNKNOWN	232	T	0.987873134328	C	0.0121268656716	0	13	0	1059	1072	128165
UNKNOWN	233	C	0.975746268657	T	0.0186567164179	3	1046	3	20	1072	128165
UNKNOWN	234	T	0.986007462687	C	0.0121268656716	1	13	1	1057	1072	128165
UNKNOWN	235	C	0.978544776119	T	0.0205223880597	1	1049	0	22	1072	128165
UNKNOWN	236	T	0.980410447761	C	0.0149253731343	1	16	4	1051	1072	128165
UNKNOWN	237	C	0.988805970149	T	0.0111940298507	0	1060	0	12	1072	128165
UNKNOWN	238	T	0.986940298507	G	0.0111940298507	0	2	12	1058	1072	128165
UNKNOWN	239	G	0.954291044776	A	0.0289179104478	31	4	1023	14	1072	128165
UNKNOWN	240	T	0.986940298507	C	0.0130597014925	0	14	0	1058	1072	128165
UNKNOWN	241	C	0.973880597015	A	0.0130597014925	14	1044	0	14	1072	128165
UNKNOWN	242	A	0.976679104478	G	0.0186567164179	1047	4	20	1	1072	128165
UNKNOWN	243	G	0.926305970149	C	0.0335820895522	27	36	993	16	1072	128165
UNKNOWN	244	T	0.986007462687	G	0.0121268656716	0	2	13	1057	1072	128165
UNKNOWN	245	G	0.960820895522	A	0.0233208955224	25	3	1030	14	1072	128165
UNKNOWN	246	A	0.975746268657	G	0.0195895522388	1046	5	21	0	1072	128165
UNKNOWN	247	G	0.941231343284	A	0.0326492537313	35	20	1009	8	1072	128165
UNKNOWN	248	C	0.954291044776	T	0.0261194029851	14	1023	7	28	1072	128165
UNKNOWN	249	A	0.981343283582	G	0.017723880597	1052	1	19	0	1072	128165
UNKNOWN	250	G	0.971082089552	A	0.0139925373134	15	15	1041	1	1072	128165
UNKNOWN	251	C	0.97947761194	G	0.0121268656716	2	1050	13	7	1072	128165
UNKNOWN	252	G	0.978544776119	T	0.0130597014925	6	3	1049	14	1072	128165
UNKNOWN	253	T	0.985074626866	G	0.0111940298507	0	4	12	1056	1072	128165
UNKNOWN	254	G	0.965485074627	A	0.0289179104478	31	1	1035	5	1072	128165
UNKNOWN	255	A	0.977611940299	C	0.0121268656716	1048	13	8	3	1072	128165
UNKNOWN	256	C	0.982276119403	A	0.0130597014925	14	1053	2	3	1072	128165
UNKNOWN	257	A	0.973880597015	C	0.0121268656716	1044	13	10	5	1072	128165
UNKNOWN	258	C	0.950559701493	A	0.0391791044776	42	1019	4	7	1072	128165
UNKNOWN	259	C	0.983208955224	T	0.0139925373134	2	1054	1	15	1072	128165
UNKNOWN	260	T	0.978544776119	G	0.0158582089552	2	4	17	1049	1072	128165
UNKNOWN	261	G	0.986007462687	A	0.0139925373134	15	0	1057	0	1072	128165
UNKNOWN	262	A	0.983208955224	G	0.0149253731343	1054	1	16	1	1072	128165
UNKNOWN	263	G	0.951492537313	A	0.0261194029851	28	13	1020	11	1072	128165
UNKNOWN	264	G	0.986940298507	A	0.0111940298507	12	0	1058	2	1072	128165
UNKNOWN	265	A	0.986940298507	C	0.0111940298507	1058	12	1	1	1072	128165
UNKNOWN	266	C	0.967350746269	T	0.017723880597	14	1037	2	19	1072	128165
UNKNOWN	267	A	0.96921641791	T	0.0167910447761	1039	12	3	18	1072	128165
UNKNOWN	268	C	0.986007462687	G	0.0102611940299	2	1057	11	2	1072	128165
UNKNOWN	269	G	0.918843283582	A	0.0783582089552	84	2	985	1	1072	128165
UNKNOWN	270	G	0.986940298507	C	0.0111940298507	0	12	1058	2	1072	128165
UNKNOWN	271	C	0.997201492537	G	0.00186567164179	0	1069	2	1	1072	128165
UNKNOWN	272	C	0.984141791045	A	0.00746268656716	8	1055	8	1	1072	128165
UNKNOWN	273	A	0.513992537313	G	0.463619402985	551	16	497	8	1072	128165
UNKNOWN	274	C	0.496268656716	T	0.488805970149	8	532	8	524	1072	128165
UNKNOWN	275	A	0.504664179104	G	0.467350746269	541	9	501	21	1072	128165
UNKNOWN	276	T	0.986007462687	A	0.0111940298507	12	3	0	1057	1072	128165
UNKNOWN	277	A	0.982276119403	C	0.0121268656716	1053	13	3	3	1072	128165
UNKNOWN	278	C	0.944962686567	T	0.0541044776119	1	1013	0	58	1072	128165
UNKNOWN	279	T	0.982276119403	A	0.0130597014925	14	4	1	1053	1072	128165
UNKNOWN	280	A	0.976679104478	C	0.0121268656716	1047	13	1	11	1072	128165
UNKNOWN	281	C	0.970149253731	T	0.0279850746269	1	1040	1	30	1072	128165
UNKNOWN	282	T	0.987873134328	G	0.0111940298507	0	1	12	1059	1072	128165
