Type	Position	Nucl1	Freq1	Nucl2	Freq2	NumAs	NumCs	NumGs	NumTs	NumAligned	NumNaive
UNKNOWN	0	C	1.0	A	0.0	0	31517	0	0	31517	128414
UNKNOWN	1	A	1.0	C	0.0	31517	0	0	0	31517	128414
UNKNOWN	2	G	1.0	A	0.0	0	0	31517	0	31517	128414
UNKNOWN	3	G	1.0	A	0.0	0	0	31517	0	31517	128414
UNKNOWN	4	T	1.0	A	0.0	0	0	0	31517	31517	128414
UNKNOWN	5	G	1.0	A	0.0	0	0	31517	0	31517	128414
UNKNOWN	6	C	1.0	A	0.0	0	31517	0	0	31517	128414
UNKNOWN	7	A	0.995906970841	G	0.00237966811562	31388	30	75	24	31517	128414
UNKNOWN	8	G	0.984611479519	A	0.00916965447219	289	138	31032	58	31517	128414
UNKNOWN	9	C	0.996192531015	T	0.00241139702383	2	31397	42	76	31517	128414
UNKNOWN	10	T	0.998889488213	C	0.000983596154456	1	31	3	31482	31517	128414
UNKNOWN	11	G	0.997620331884	A	0.00171336104325	54	6	31442	15	31517	128414
UNKNOWN	12	C	0.998952946029	T	0.000698035980582	9	31484	2	22	31517	128414
UNKNOWN	13	G	0.997588602976	A	0.0019037344925	60	2	31441	14	31517	128414
UNKNOWN	14	G	0.916362597963	C	0.0802106799505	94	2528	28881	14	31517	128414
UNKNOWN	15	G	0.998572199131	T	0.00072976488879	9	13	31472	23	31517	128414
UNKNOWN	16	A	0.990988990069	C	0.00698035980582	31233	220	59	5	31517	128414
UNKNOWN	17	G	0.993781133991	A	0.00539391439541	170	7	31321	19	31517	128414
UNKNOWN	18	T	0.998254910049	C	0.0011422406955	8	36	11	31462	31517	128414
UNKNOWN	19	C	0.999524066377	T	0.000285560173874	4	31502	2	9	31517	128414
UNKNOWN	20	G	0.990703429895	A	0.00628232382524	198	14	31224	81	31517	128414
UNKNOWN	21	G	0.994606085605	T	0.00304597518799	11	63	31347	96	31517	128414
UNKNOWN	22	G	0.998127994416	T	0.00092013833804	10	20	31458	29	31517	128414
UNKNOWN	23	C	0.999365421836	T	0.000412475806707	1	31497	6	13	31517	128414
UNKNOWN	24	C	0.999333692928	T	0.000412475806707	6	31496	2	13	31517	128414
UNKNOWN	25	C	0.997747247517	T	0.00212583684995	3	31446	1	67	31517	128414
UNKNOWN	26	C	0.999048132754	A	0.000475933623124	15	31487	1	14	31517	128414
UNKNOWN	27	A	0.993685947267	C	0.00377574007678	31318	119	68	12	31517	128414
UNKNOWN	28	G	0.990639972079	A	0.00682171526478	215	65	31222	15	31517	128414
UNKNOWN	29	C	0.997842434242	T	0.0019037344925	4	31449	4	60	31517	128414
UNKNOWN	30	C	0.999365421836	T	0.000602849255957	1	31497	0	19	31517	128414
UNKNOWN	31	T	0.996509820097	C	0.00203065012533	18	64	28	31407	31517	128414
UNKNOWN	32	G	0.994606085605	A	0.00412475806707	130	19	31347	21	31517	128414
UNKNOWN	33	G	0.994923374687	T	0.00215756575816	42	50	31357	68	31517	128414
UNKNOWN	34	T	0.995716597392	C	0.00310943300441	1	98	36	31382	31517	128414
UNKNOWN	35	G	0.993908049624	A	0.00437858933274	138	14	31325	40	31517	128414
UNKNOWN	36	A	0.984389377162	C	0.0140876352445	31025	444	44	4	31517	128414
UNKNOWN	37	A	0.988069930514	C	0.0084398895834	31141	266	105	5	31517	128414
UNKNOWN	38	G	0.996541549005	A	0.00247485484024	78	18	31408	13	31517	128414
UNKNOWN	39	C	0.990354411905	T	0.00618713710061	3	31213	106	195	31517	128414
UNKNOWN	40	C	0.999555795285	T	0.000317289082083	2	31503	2	10	31517	128414
UNKNOWN	41	C	0.997683789701	G	0.00120569851191	2	31444	38	33	31517	128414
UNKNOWN	42	T	0.996255988831	C	0.00317289082083	9	100	9	31399	31517	128414
UNKNOWN	43	C	0.998318367865	T	0.000983596154456	21	31464	1	31	31517	128414
UNKNOWN	44	A	0.986927689818	C	0.0104705397087	31105	330	78	4	31517	128414
UNKNOWN	45	C	0.994986832503	G	0.00399784243424	19	31359	126	13	31517	128414
UNKNOWN	46	A	0.990671700987	C	0.00751975124536	31223	237	53	4	31517	128414
UNKNOWN	47	G	0.996478091189	A	0.00234793920741	74	27	31406	10	31517	128414
UNKNOWN	48	A	0.989212171209	C	0.00840816067519	31177	265	59	16	31517	128414
UNKNOWN	49	C	0.998730843672	G	0.000666307072374	4	31477	21	15	31517	128414
UNKNOWN	50	C	0.9957483263	T	0.00339499317828	11	31383	16	107	31517	128414
UNKNOWN	51	C	0.999016403846	T	0.000824951613415	1	31486	4	26	31517	128414
UNKNOWN	52	T	0.995843513025	C	0.00374401116858	6	118	7	31386	31517	128414
UNKNOWN	53	C	0.99876257258	T	0.00101532506266	2	31478	5	32	31517	128414
UNKNOWN	54	T	0.995938699749	C	0.00298251737158	13	94	21	31389	31517	128414
UNKNOWN	55	C	0.998445283498	T	0.00092013833804	12	31468	8	29	31517	128414
UNKNOWN	56	C	0.994415712155	G	0.00285560173874	15	31341	90	71	31517	128414
UNKNOWN	57	C	0.996922295904	G	0.00177681885966	5	31420	56	36	31517	128414
UNKNOWN	58	T	0.996129073199	C	0.00336326427008	11	106	5	31395	31517	128414
UNKNOWN	59	C	0.997715518609	A	0.000983596154456	31	31445	15	26	31517	128414
UNKNOWN	60	A	0.988101659422	C	0.00970904591173	31142	306	61	8	31517	128414
UNKNOWN	61	C	0.99752514516	T	0.0019037344925	3	31439	15	60	31517	128414
UNKNOWN	62	C	0.993908049624	T	0.00339499317828	26	31325	59	107	31517	128414
UNKNOWN	63	T	0.996890566996	C	0.00180854776787	5	57	36	31419	31517	128414
UNKNOWN	64	G	0.997429958435	C	0.00123742742012	20	39	31436	22	31517	128414
UNKNOWN	65	C	0.99609734429	T	0.00295078846337	30	31394	0	93	31517	128414
UNKNOWN	66	A	0.984040359171	C	0.0127232921915	31014	401	80	22	31517	128414
UNKNOWN	67	C	0.993908049624	T	0.00323634863724	22	31325	68	102	31517	128414
UNKNOWN	68	G	0.991052447885	A	0.00590157692674	186	56	31235	40	31517	128414
UNKNOWN	69	G	0.688644223752	A	0.290636799188	9160	571	21704	82	31517	128414
UNKNOWN	70	T	0.988260303963	C	0.0101532506266	14	320	36	31147	31517	128414
UNKNOWN	71	C	0.983151949741	G	0.00812260050132	39	30986	256	236	31517	128414
UNKNOWN	72	T	0.993908049624	C	0.00409302915887	12	129	51	31325	31517	128414
UNKNOWN	73	C	0.998254910049	T	0.00149125868579	5	31462	3	47	31517	128414
UNKNOWN	74	T	0.989878478282	C	0.00618713710061	31	195	93	31198	31517	128414
UNKNOWN	75	G	0.995716597392	A	0.0038391978932	121	6	31382	8	31517	128414
UNKNOWN	76	G	0.987657454707	A	0.0053621854872	169	90	31128	130	31517	128414
UNKNOWN	77	A	0.980454992544	C	0.012183900752	30901	384	124	108	31517	128414
UNKNOWN	78	T	0.993908049624	C	0.00349017990291	15	110	67	31325	31517	128414
UNKNOWN	79	T	0.993210013643	C	0.0057429323857	12	181	21	31303	31517	128414
UNKNOWN	80	C	0.993241742552	T	0.00456896278199	10	31304	59	144	31517	128414
UNKNOWN	81	T	0.992258146397	C	0.00520354094616	22	164	58	31273	31517	128414
UNKNOWN	82	C	0.996382904464	T	0.00184027667608	50	31403	6	58	31517	128414
UNKNOWN	83	A	0.979979058921	C	0.012945394549	30886	408	137	86	31517	128414
UNKNOWN	84	T	0.992480248755	C	0.00523526985436	22	165	50	31280	31517	128414
UNKNOWN	85	T	0.994542627788	C	0.00317289082083	7	100	65	31345	31517	128414
UNKNOWN	86	G	0.9829933052	A	0.0137703461624	434	48	30981	54	31517	128414
UNKNOWN	87	A	0.985404702224	C	0.0072976488879	31057	230	199	31	31517	128414
UNKNOWN	88	G	0.953009486944	A	0.028492559571	898	457	30036	126	31517	128414
UNKNOWN	89	C	0.966652917473	T	0.020877621601	222	30466	171	658	31517	128414
UNKNOWN	90	A	0.976298505568	G	0.017070152616	30770	192	538	17	31517	128414
UNKNOWN	91	G	0.85956785227	A	0.0963289653203	3036	1036	27091	354	31517	128414
UNKNOWN	92	C	0.960402322556	T	0.0223371513786	175	30269	369	704	31517	128414
UNKNOWN	93	T	0.96954024812	A	0.012342545293	389	226	345	30557	31517	128414
UNKNOWN	94	A	0.964780911889	C	0.0143731954183	30407	453	232	425	31517	128414
UNKNOWN	95	T	0.985023955326	C	0.0072976488879	50	230	192	31045	31517	128414
UNKNOWN	96	G	0.896119554526	A	0.0731351334201	2305	479	28243	490	31517	128414
UNKNOWN	97	C	0.919091284069	G	0.0375035695022	672	28967	1182	696	31517	128414
UNKNOWN	98	T	0.990322682996	G	0.00444204714916	50	115	140	31212	31517	128414
UNKNOWN	99	G	0.972142018593	A	0.0200209410794	631	56	30639	191	31517	128414
UNKNOWN	100	T	0.994891645778	C	0.00323634863724	32	102	27	31356	31517	128414
UNKNOWN	101	A	0.972332392042	G	0.0160865564616	30645	262	507	103	31517	128414
UNKNOWN	102	G	0.935082653806	A	0.048450042834	1527	465	29471	54	31517	128414
UNKNOWN	103	G	0.8604562617	A	0.0981375130882	3093	935	27119	370	31517	128414
UNKNOWN	104	C	0.9872449789	T	0.00663134181553	44	31115	149	209	31517	128414
UNKNOWN	105	T	0.995494495034	G	0.0023162102992	3	66	73	31375	31517	128414
UNKNOWN	106	G	0.996541549005	T	0.00310943300441	9	2	31408	98	31517	128414
UNKNOWN	107	G	0.993495573817	T	0.00396611352603	15	65	31312	125	31517	128414
UNKNOWN	108	G	0.977535932989	A	0.0126915632833	400	68	30809	240	31517	128414
UNKNOWN	109	T	0.992829266745	C	0.00599676365136	9	189	28	31291	31517	128414
UNKNOWN	110	C	0.997334771711	T	0.00164990322683	9	31433	23	52	31517	128414
UNKNOWN	111	C	0.997969349875	G	0.00123742742012	1	31453	39	24	31517	128414
UNKNOWN	112	G	0.996509820097	C	0.00161817431862	24	51	31407	35	31517	128414
UNKNOWN	113	C	0.997429958435	T	0.00155471650221	18	31436	14	49	31517	128414
UNKNOWN	114	C	0.99752514516	A	0.001522987594	48	31439	13	17	31517	128414
UNKNOWN	115	A	0.987213249992	C	0.00659961290732	31114	208	178	17	31517	128414
UNKNOWN	116	G	0.995145477044	A	0.00279214392233	88	21	31364	44	31517	128414
UNKNOWN	117	G	0.983564425548	A	0.0117714249453	371	86	30999	61	31517	128414
UNKNOWN	118	C	0.996605006822	T	0.00263349938129	4	31410	20	83	31517	128414
UNKNOWN	119	T	0.991179363518	C	0.00510835422153	10	161	107	31239	31517	128414
UNKNOWN	120	C	0.996160802107	T	0.00199892121712	26	31396	32	63	31517	128414
UNKNOWN	121	C	0.997049211537	G	0.00174508995145	11	31424	55	27	31517	128414
UNKNOWN	122	G	0.985150870959	A	0.0135482438049	427	16	31049	25	31517	128414
UNKNOWN	123	G	0.997144398261	T	0.00136434305296	29	18	31427	43	31517	128414
UNKNOWN	124	G	0.99273408002	T	0.00377574007678	66	44	31288	119	31517	128414
UNKNOWN	125	G	0.97537836723	A	0.0202430434369	638	23	30741	115	31517	128414
UNKNOWN	126	A	0.992638893296	C	0.00475933623124	31285	150	74	8	31517	128414
UNKNOWN	127	A	0.989180442301	G	0.00637751054986	31176	136	201	4	31517	128414
UNKNOWN	128	G	0.998572199131	A	0.000856680521623	27	6	31472	12	31517	128414
UNKNOWN	129	G	0.988799695402	A	0.00631405273345	199	136	31164	18	31517	128414
UNKNOWN	130	C	0.994542627788	G	0.00276041501412	6	31345	87	79	31517	128414
UNKNOWN	131	G	0.979027191674	A	0.0166576768093	525	76	30856	60	31517	128414
UNKNOWN	132	C	0.992607164387	T	0.00561601675286	28	31284	28	177	31517	128414
UNKNOWN	133	T	0.986959418726	C	0.0072976488879	27	230	154	31106	31517	128414
UNKNOWN	134	G	0.970111368468	A	0.0233842053495	737	56	30575	149	31517	128414
UNKNOWN	135	G	0.994098423073	A	0.00329980645366	104	44	31331	38	31517	128414
UNKNOWN	136	A	0.991909128407	G	0.00510835422153	31262	81	161	13	31517	128414
UNKNOWN	137	G	0.967668242536	A	0.0271282165181	855	83	30498	81	31517	128414
UNKNOWN	138	T	0.995621410667	G	0.00336326427008	3	29	106	31379	31517	128414
UNKNOWN	139	G	0.995875241933	T	0.00247485484024	29	23	31387	78	31517	128414
UNKNOWN	140	G	0.989085255576	T	0.00545737221182	24	148	31173	172	31517	128414
UNKNOWN	141	G	0.901100993115	A	0.0763397531491	2406	604	28400	107	31517	128414
UNKNOWN	142	T	0.996319446648	G	0.00222102357458	8	38	70	31401	31517	128414
UNKNOWN	143	T	0.976710981375	C	0.0117396960371	35	370	329	30783	31517	128414
UNKNOWN	144	G	0.992702351112	A	0.00510835422153	161	14	31287	55	31517	128414
UNKNOWN	145	G	0.985341244408	C	0.0118983405781	11	375	31055	76	31517	128414
UNKNOWN	146	T	0.971570898245	G	0.0109782022401	213	337	346	30621	31517	128414
UNKNOWN	147	G	0.810990893803	A	0.162769299108	5130	173	25560	654	31517	128414
UNKNOWN	148	G	0.823460354729	A	0.0962972364121	3035	1362	25953	1167	31517	128414
UNKNOWN	149	T	0.917314465209	G	0.0348700701209	895	612	1099	28911	31517	128414
UNKNOWN	150	A	0.944664784085	G	0.0467366817908	29773	114	1473	157	31517	128414
UNKNOWN	151	T	0.987371894533	C	0.00599676365136	87	189	122	31119	31517	128414
UNKNOWN	152	A	0.931560744995	G	0.0309356855031	29360	439	975	743	31517	128414
UNKNOWN	153	A	0.918107687914	G	0.0637751054986	28936	323	2010	248	31517	128414
UNKNOWN	154	G	0.83123393724	A	0.101913253165	3212	1617	26198	490	31517	128414
UNKNOWN	155	T	0.926801408764	C	0.0363613288067	498	1146	663	29210	31517	128414
UNKNOWN	156	A	0.825966938478	G	0.145889519942	26032	698	4598	189	31517	128414
UNKNOWN	157	G	0.8457657772	A	0.0628866960688	1982	1956	26656	923	31517	128414
UNKNOWN	158	T	0.951010565726	G	0.0247168194942	364	401	779	29973	31517	128414
UNKNOWN	159	G	0.748865691532	A	0.192753117365	6075	1334	23602	506	31517	128414
UNKNOWN	160	G	0.805152774693	A	0.109115715328	3439	1932	25376	770	31517	128414
UNKNOWN	161	T	0.939778532221	G	0.0262715359964	619	451	828	29619	31517	128414
UNKNOWN	162	G	0.985182599867	A	0.0102484373513	323	84	31050	60	31517	128414
UNKNOWN	163	G	0.981692419964	A	0.0116762382206	368	82	30940	127	31517	128414
UNKNOWN	164	A	0.962781990672	G	0.0240187835137	30344	232	757	184	31517	128414
UNKNOWN	165	A	0.947742488181	G	0.0380429609417	29870	307	1199	141	31517	128414
UNKNOWN	166	G	0.766538693404	A	0.115683599327	3646	2689	24159	1023	31517	128414
UNKNOWN	167	C	0.88542691246	G	0.0443887425834	1087	27906	1399	1125	31517	128414
UNKNOWN	168	A	0.970460386458	G	0.0169749658914	30586	267	535	129	31517	128414
UNKNOWN	169	C	0.968842212139	T	0.0221785068376	186	30535	97	699	31517	128414
UNKNOWN	170	A	0.986578671828	G	0.00564774566107	31094	135	178	110	31517	128414
UNKNOWN	171	T	0.974363042168	G	0.0158009962877	157	153	498	30709	31517	128414
UNKNOWN	172	G	0.971570898245	A	0.0197353809055	622	118	30621	156	31517	128414
UNKNOWN	173	C	0.976044674303	T	0.0164038455437	39	30762	199	517	31517	128414
UNKNOWN	174	C	0.969920995019	T	0.0221467779294	155	30569	95	698	31517	128414
UNKNOWN	175	T	0.968429736333	A	0.0173239838817	546	229	220	30522	31517	128414
UNKNOWN	176	T	0.96068788273	C	0.0145001110512	415	457	367	30278	31517	128414
UNKNOWN	177	A	0.984135545896	C	0.00840816067519	31017	265	210	25	31517	128414
UNKNOWN	178	A	0.989941936098	C	0.00609195037599	31200	192	101	24	31517	128414
UNKNOWN	179	C	0.876320715804	T	0.106387029222	147	27619	398	3353	31517	128414
UNKNOWN	180	C	0.932227052067	T	0.040073611067	272	29381	601	1263	31517	128414
UNKNOWN	181	C	0.989592918108	A	0.0042199447917	133	31189	76	119	31517	128414
UNKNOWN	182	A	0.983247136466	C	0.00758320906178	30989	239	226	63	31517	128414
UNKNOWN	183	G	0.978075324428	A	0.015388520481	485	128	30826	78	31517	128414
UNKNOWN	184	C	0.982549100485	T	0.00970904591173	108	30967	136	306	31517	128414
UNKNOWN	185	C	0.995526223943	T	0.00215756575816	48	31376	25	68	31517	128414
UNKNOWN	186	C	0.992987911286	T	0.00415648697528	50	31296	40	131	31517	128414
UNKNOWN	187	T	0.993495573817	G	0.00320461972904	52	52	101	31312	31517	128414
UNKNOWN	188	G	0.978836818225	A	0.0149125868579	470	71	30850	126	31517	128414
UNKNOWN	189	A	0.988545864137	G	0.00742456452073	31156	101	234	26	31517	128414
UNKNOWN	190	A	0.984548021703	G	0.0072976488879	31030	227	230	30	31517	128414
UNKNOWN	191	A	0.984960497509	C	0.00748802233715	31043	236	116	122	31517	128414
UNKNOWN	192	T	0.988577593045	C	0.00739283561253	62	233	65	31157	31517	128414
UNKNOWN	193	C	0.99609734429	A	0.0019354634007	61	31394	23	39	31517	128414
UNKNOWN	194	C	0.989624647016	T	0.00606022146778	64	31190	72	191	31517	128414
UNKNOWN	195	C	0.994637814513	G	0.00250658374845	61	31348	79	29	31517	128414
UNKNOWN	196	G	0.993749405083	A	0.00272868610591	86	50	31320	61	31517	128414
UNKNOWN	197	G	0.936637370308	A	0.0451819652886	1424	354	29520	219	31517	128414
UNKNOWN	198	C	0.982231811403	T	0.0105657264334	72	30957	155	333	31517	128414
UNKNOWN	199	T	0.989751562649	C	0.00463242059841	65	146	112	31194	31517	128414
UNKNOWN	200	C	0.990290954088	A	0.00472760732303	149	31211	47	110	31517	128414
UNKNOWN	201	A	0.991623568233	G	0.00564774566107	31253	81	178	5	31517	128414
UNKNOWN	202	G	0.971634356062	C	0.0189738871085	116	598	30623	180	31517	128414
UNKNOWN	203	C	0.948852999968	T	0.0383602500238	279	29905	124	1209	31517	128414
UNKNOWN	204	A	0.982136624679	G	0.010819557699	30954	124	341	98	31517	128414
UNKNOWN	205	T	0.991687026049	C	0.00501316749691	49	158	55	31255	31517	128414
UNKNOWN	206	C	0.985277786591	T	0.00878890757369	150	31053	37	277	31517	128414
UNKNOWN	207	A	0.984452834978	G	0.00647269727449	31027	178	204	108	31517	128414
UNKNOWN	208	C	0.978582986959	T	0.00948694355427	213	30842	163	299	31517	128414
UNKNOWN	209	C	0.959831202208	T	0.0172605260653	234	30251	488	544	31517	128414
UNKNOWN	210	A	0.990703429895	C	0.00444204714916	31224	140	133	20	31517	128414
UNKNOWN	211	A	0.987911285973	G	0.00894755211473	31136	73	282	26	31517	128414
UNKNOWN	212	G	0.986261382746	A	0.0107560998826	339	85	31084	9	31517	128414
UNKNOWN	213	G	0.989402544658	A	0.00828124504236	261	36	31183	37	31517	128414
UNKNOWN	214	A	0.985944093664	C	0.00872544975727	31074	275	112	56	31517	128414
UNKNOWN	215	C	0.981914522321	T	0.00942348573786	112	30947	161	297	31517	128414
UNKNOWN	216	A	0.984833581876	G	0.00764666687819	31039	173	241	64	31517	128414
UNKNOWN	217	A	0.982200082495	C	0.00828124504236	30956	261	241	59	31517	128414
UNKNOWN	218	C	0.974870704699	T	0.0157692673795	27	30725	268	497	31517	128414
UNKNOWN	219	T	0.984484563886	C	0.00548910112003	169	173	147	31028	31517	128414
UNKNOWN	220	C	0.990164038455	A	0.00618713710061	195	31207	22	93	31517	128414
UNKNOWN	221	C	0.989815020465	A	0.00456896278199	144	31196	61	116	31517	128414
UNKNOWN	222	A	0.981914522321	G	0.00910619665577	30947	265	287	18	31517	128414
UNKNOWN	223	A	0.983500967732	G	0.0118031538535	30997	90	372	58	31517	128414
UNKNOWN	224	G	0.985150870959	A	0.00701208871403	221	220	31049	27	31517	128414
UNKNOWN	225	A	0.979312751848	G	0.0135165148967	30865	186	426	40	31517	128414
UNKNOWN	226	G	0.954183456547	A	0.0379160453089	1195	200	30073	49	31517	128414
UNKNOWN	227	C	0.966779833106	T	0.0269378430688	94	30470	104	849	31517	128414
UNKNOWN	228	C	0.9872449789	A	0.00640923945807	202	31115	172	28	31517	128414
UNKNOWN	229	A	0.990005393914	C	0.0042199447917	31202	133	102	80	31517	128414
UNKNOWN	230	A	0.98175587778	G	0.0135165148967	30942	127	426	22	31517	128414
UNKNOWN	231	G	0.955992004315	A	0.0253196687502	798	247	30130	342	31517	128414
UNKNOWN	232	T	0.989688104832	C	0.00644096836628	38	203	84	31192	31517	128414
UNKNOWN	233	C	0.96563759241	T	0.0201795856205	70	30434	377	636	31517	128414
UNKNOWN	234	T	0.989243900117	C	0.00637751054986	66	201	72	31178	31517	128414
UNKNOWN	235	C	0.988736237586	T	0.00951867246248	45	31162	10	300	31517	128414
UNKNOWN	236	T	0.980105974553	C	0.00970904591173	55	306	266	30890	31517	128414
UNKNOWN	237	C	0.98991020719	T	0.00682171526478	57	31199	46	215	31517	128414
UNKNOWN	238	T	0.992480248755	G	0.00374401116858	19	100	118	31280	31517	128414
UNKNOWN	239	G	0.939334327506	A	0.0457848145445	1443	288	29605	181	31517	128414
UNKNOWN	240	T	0.981121299616	A	0.00707554653044	223	166	206	30922	31517	128414
UNKNOWN	241	C	0.979122378399	T	0.0157058095631	119	30859	44	495	31517	128414
UNKNOWN	242	A	0.97715518609	G	0.0145001110512	30797	197	457	66	31517	128414
UNKNOWN	243	G	0.889742043976	C	0.0595234317987	1334	1876	28042	265	31517	128414
UNKNOWN	244	T	0.991813941682	G	0.00463242059841	45	67	146	31259	31517	128414
UNKNOWN	245	G	0.969984452835	A	0.019354634007	610	206	30571	130	31517	128414
UNKNOWN	246	A	0.975663927404	G	0.0151664181236	30750	238	478	51	31517	128414
UNKNOWN	247	G	0.931529016087	A	0.0418187010185	1318	597	29359	243	31517	128414
UNKNOWN	248	C	0.955801630866	T	0.0304280229717	233	30124	201	959	31517	128414
UNKNOWN	249	A	0.983786527906	G	0.0120252562109	31006	111	379	21	31517	128414
UNKNOWN	250	G	0.982231811403	A	0.00967731700352	305	180	30957	75	31517	128414
UNKNOWN	251	C	0.9810578418	T	0.0114858647714	53	30920	182	362	31517	128414
UNKNOWN	252	G	0.983374052099	A	0.0105657264334	333	79	30993	112	31517	128414
UNKNOWN	253	T	0.989180442301	C	0.00631405273345	26	199	116	31176	31517	128414
UNKNOWN	254	G	0.956912142653	A	0.0313481613098	988	192	30159	178	31517	128414
UNKNOWN	255	A	0.982073166862	G	0.0112637624139	30952	133	355	77	31517	128414
UNKNOWN	256	C	0.989243900117	A	0.00456896278199	144	31178	67	128	31517	128414
UNKNOWN	257	A	0.97112669353	G	0.0150712313989	30607	296	475	139	31517	128414
UNKNOWN	258	C	0.620268426563	A	0.358536662753	11300	19549	441	227	31517	128414
UNKNOWN	259	C	0.961005171812	T	0.0177681885966	223	30288	446	560	31517	128414
UNKNOWN	260	T	0.964971285338	C	0.0166576768093	96	525	483	30413	31517	128414
UNKNOWN	261	G	0.98743535235	A	0.00850334739982	268	36	31121	92	31517	128414
UNKNOWN	262	A	0.983278865374	G	0.0105022686169	30990	163	331	33	31517	128414
UNKNOWN	263	G	0.938794936066	A	0.0368372624298	1161	574	29588	194	31517	128414
UNKNOWN	264	G	0.98654694292	A	0.00840816067519	265	38	31093	121	31517	128414
UNKNOWN	265	A	0.985848906939	C	0.00815432940953	31071	257	136	53	31517	128414
UNKNOWN	266	C	0.975600469588	T	0.0106926420662	294	30748	138	337	31517	128414
UNKNOWN	267	A	0.976012945395	G	0.0120887140274	30761	109	381	266	31517	128414
UNKNOWN	268	C	0.988006472697	G	0.00434686042453	132	31139	137	109	31517	128414
UNKNOWN	269	G	0.951327854809	A	0.0407399181394	1284	155	29983	95	31517	128414
UNKNOWN	270	G	0.987625725799	A	0.00507662531332	160	104	31127	126	31517	128414
UNKNOWN	271	C	0.988323761779	A	0.00593330583495	187	31149	132	49	31517	128414
UNKNOWN	272	C	0.986832503094	A	0.00736110670432	232	31102	88	95	31517	128414
UNKNOWN	273	A	0.985880635847	G	0.00720246216328	31072	97	227	121	31517	128414
UNKNOWN	274	C	0.980962655075	A	0.00904273883936	285	30917	76	239	31517	128414
UNKNOWN	275	A	0.97433131326	G	0.0130723101818	30708	235	412	162	31517	128414
UNKNOWN	276	T	0.987371894533	G	0.00599676365136	138	71	189	31119	31517	128414
UNKNOWN	277	A	0.987467081258	C	0.00698035980582	31122	220	95	80	31517	128414
UNKNOWN	278	C	0.9470444522	T	0.0487990608243	80	29848	51	1538	31517	128414
UNKNOWN	279	T	0.980740552718	G	0.00856680521623	168	169	270	30910	31517	128414
UNKNOWN	280	A	0.96988926611	C	0.0125646476505	30568	396	232	321	31517	128414
UNKNOWN	281	C	0.96528857442	T	0.0308404987784	50	30423	72	972	31517	128414
UNKNOWN	282	T	0.980359805819	G	0.0138020750706	131	53	435	30898	31517	128414
