Type	Position	Nucl1	Freq1	Nucl2	Freq2	NumAs	NumCs	NumGs	NumTs	NumAligned	NumNaive
UNKNOWN	0	A	1.0	C	0.0	672	0	0	0	672	125755
UNKNOWN	1	A	1.0	C	0.0	672	0	0	0	672	125755
UNKNOWN	2	G	1.0	A	0.0	0	0	672	0	672	125755
UNKNOWN	3	G	1.0	A	0.0	0	0	672	0	672	125755
UNKNOWN	4	T	1.0	A	0.0	0	0	0	672	672	125755
UNKNOWN	5	G	1.0	A	0.0	0	0	672	0	672	125755
UNKNOWN	6	C	1.0	A	0.0	0	672	0	0	672	125755
UNKNOWN	7	A	0.998511904762	T	0.0014880952381	671	0	0	1	672	125755
UNKNOWN	8	G	0.997023809524	A	0.0014880952381	1	1	670	0	672	125755
UNKNOWN	9	C	1.0	A	0.0	0	672	0	0	672	125755
UNKNOWN	10	T	0.998511904762	C	0.0014880952381	0	1	0	671	672	125755
UNKNOWN	11	G	0.997023809524	C	0.0014880952381	0	1	670	1	672	125755
UNKNOWN	12	C	1.0	A	0.0	0	672	0	0	672	125755
UNKNOWN	13	A	0.549107142857	G	0.443452380952	369	5	298	0	672	125755
UNKNOWN	14	G	0.980654761905	C	0.0193452380952	0	13	659	0	672	125755
UNKNOWN	15	G	1.0	A	0.0	0	0	672	0	672	125755
UNKNOWN	16	A	0.997023809524	C	0.0014880952381	670	1	1	0	672	125755
UNKNOWN	17	G	0.998511904762	C	0.0014880952381	0	1	671	0	672	125755
UNKNOWN	18	T	0.995535714286	C	0.00297619047619	0	2	1	669	672	125755
UNKNOWN	19	C	1.0	A	0.0	0	672	0	0	672	125755
UNKNOWN	20	G	0.690476190476	A	0.30505952381	205	3	464	0	672	125755
UNKNOWN	21	G	0.998511904762	C	0.0014880952381	0	1	671	0	672	125755
UNKNOWN	22	G	1.0	A	0.0	0	0	672	0	672	125755
UNKNOWN	23	C	0.964285714286	T	0.0357142857143	0	648	0	24	672	125755
UNKNOWN	24	C	0.998511904762	T	0.0014880952381	0	671	0	1	672	125755
UNKNOWN	25	C	0.998511904762	T	0.0014880952381	0	671	0	1	672	125755
UNKNOWN	26	C	1.0	A	0.0	0	672	0	0	672	125755
UNKNOWN	27	A	0.997023809524	G	0.00297619047619	670	0	2	0	672	125755
UNKNOWN	28	G	1.0	A	0.0	0	0	672	0	672	125755
UNKNOWN	29	C	0.998511904762	T	0.0014880952381	0	671	0	1	672	125755
UNKNOWN	30	C	1.0	A	0.0	0	672	0	0	672	125755
UNKNOWN	31	T	0.998511904762	C	0.0014880952381	0	1	0	671	672	125755
UNKNOWN	32	G	0.998511904762	C	0.0014880952381	0	1	671	0	672	125755
UNKNOWN	33	G	0.998511904762	C	0.0014880952381	0	1	671	0	672	125755
UNKNOWN	34	T	0.995535714286	C	0.00446428571429	0	3	0	669	672	125755
UNKNOWN	35	G	1.0	A	0.0	0	0	672	0	672	125755
UNKNOWN	36	A	1.0	C	0.0	672	0	0	0	672	125755
UNKNOWN	37	A	0.99255952381	G	0.00446428571429	667	2	3	0	672	125755
UNKNOWN	38	G	0.998511904762	C	0.0014880952381	0	1	671	0	672	125755
UNKNOWN	39	C	0.995535714286	T	0.00446428571429	0	669	0	3	672	125755
UNKNOWN	40	C	1.0	A	0.0	0	672	0	0	672	125755
UNKNOWN	41	C	0.997023809524	G	0.00297619047619	0	670	2	0	672	125755
UNKNOWN	42	T	0.997023809524	A	0.0014880952381	1	1	0	670	672	125755
UNKNOWN	43	C	0.998511904762	T	0.0014880952381	0	671	0	1	672	125755
UNKNOWN	44	A	0.998511904762	G	0.0014880952381	671	0	1	0	672	125755
UNKNOWN	45	C	1.0	A	0.0	0	672	0	0	672	125755
UNKNOWN	46	A	0.998511904762	G	0.0014880952381	671	0	1	0	672	125755
UNKNOWN	47	G	1.0	A	0.0	0	0	672	0	672	125755
UNKNOWN	48	A	0.994047619048	G	0.00595238095238	668	0	4	0	672	125755
UNKNOWN	49	C	1.0	A	0.0	0	672	0	0	672	125755
UNKNOWN	50	C	0.998511904762	G	0.0014880952381	0	671	1	0	672	125755
UNKNOWN	51	C	1.0	A	0.0	0	672	0	0	672	125755
UNKNOWN	52	T	0.997023809524	C	0.0014880952381	0	1	1	670	672	125755
UNKNOWN	53	C	1.0	A	0.0	0	672	0	0	672	125755
UNKNOWN	54	T	1.0	A	0.0	0	0	0	672	672	125755
UNKNOWN	55	C	1.0	A	0.0	0	672	0	0	672	125755
UNKNOWN	56	C	0.998511904762	G	0.0014880952381	0	671	1	0	672	125755
UNKNOWN	57	C	1.0	A	0.0	0	672	0	0	672	125755
UNKNOWN	58	T	1.0	A	0.0	0	0	0	672	672	125755
UNKNOWN	59	C	0.998511904762	T	0.0014880952381	0	671	0	1	672	125755
UNKNOWN	60	A	0.998511904762	G	0.0014880952381	671	0	1	0	672	125755
UNKNOWN	61	C	1.0	A	0.0	0	672	0	0	672	125755
UNKNOWN	62	C	1.0	A	0.0	0	672	0	0	672	125755
UNKNOWN	63	T	0.994047619048	C	0.00446428571429	0	3	1	668	672	125755
UNKNOWN	64	G	1.0	A	0.0	0	0	672	0	672	125755
UNKNOWN	65	C	0.998511904762	T	0.0014880952381	0	671	0	1	672	125755
UNKNOWN	66	A	0.997023809524	T	0.0014880952381	670	0	1	1	672	125755
UNKNOWN	67	C	0.983630952381	T	0.016369047619	0	661	0	11	672	125755
UNKNOWN	68	G	0.994047619048	C	0.00446428571429	1	3	668	0	672	125755
UNKNOWN	69	A	0.985119047619	G	0.0133928571429	662	1	9	0	672	125755
UNKNOWN	70	C	0.980654761905	T	0.0193452380952	0	659	0	13	672	125755
UNKNOWN	71	C	0.997023809524	T	0.0014880952381	0	670	1	1	672	125755
UNKNOWN	72	T	0.995535714286	C	0.00446428571429	0	3	0	669	672	125755
UNKNOWN	73	C	0.998511904762	T	0.0014880952381	0	671	0	1	672	125755
UNKNOWN	74	T	0.995535714286	C	0.00297619047619	0	2	1	669	672	125755
UNKNOWN	75	G	0.995535714286	A	0.00446428571429	3	0	669	0	672	125755
UNKNOWN	76	G	0.99255952381	A	0.00595238095238	4	1	667	0	672	125755
UNKNOWN	77	A	0.998511904762	C	0.0014880952381	671	1	0	0	672	125755
UNKNOWN	78	T	0.995535714286	C	0.00297619047619	1	2	0	669	672	125755
UNKNOWN	79	T	0.994047619048	C	0.00446428571429	0	3	1	668	672	125755
UNKNOWN	80	C	0.994047619048	T	0.00446428571429	0	668	1	3	672	125755
UNKNOWN	81	T	1.0	A	0.0	0	0	0	672	672	125755
UNKNOWN	82	C	0.99255952381	T	0.00744047619048	0	667	0	5	672	125755
UNKNOWN	83	A	0.995535714286	C	0.00297619047619	669	2	0	1	672	125755
UNKNOWN	84	T	0.998511904762	C	0.0014880952381	0	1	0	671	672	125755
UNKNOWN	85	T	0.99255952381	G	0.00595238095238	0	1	4	667	672	125755
UNKNOWN	86	G	0.991071428571	A	0.00595238095238	4	1	666	1	672	125755
UNKNOWN	87	A	0.995535714286	C	0.0014880952381	669	1	1	1	672	125755
UNKNOWN	88	C	0.962797619048	G	0.0267857142857	4	647	18	3	672	125755
UNKNOWN	89	C	0.994047619048	T	0.00446428571429	0	668	1	3	672	125755
UNKNOWN	90	A	0.985119047619	G	0.0119047619048	662	2	8	0	672	125755
UNKNOWN	91	G	0.959821428571	A	0.0238095238095	16	9	645	2	672	125755
UNKNOWN	92	C	0.985119047619	T	0.0119047619048	0	662	2	8	672	125755
UNKNOWN	93	T	0.980654761905	G	0.00892857142857	4	3	6	659	672	125755
UNKNOWN	94	A	0.994047619048	C	0.00446428571429	668	3	1	0	672	125755
UNKNOWN	95	T	0.997023809524	C	0.0014880952381	0	1	1	670	672	125755
UNKNOWN	96	G	0.971726190476	C	0.0193452380952	6	13	653	0	672	125755
UNKNOWN	97	G	0.964285714286	C	0.0252976190476	5	17	648	2	672	125755
UNKNOWN	98	T	0.998511904762	C	0.0014880952381	0	1	0	671	672	125755
UNKNOWN	99	G	0.991071428571	A	0.00744047619048	5	0	666	1	672	125755
UNKNOWN	100	T	0.995535714286	C	0.00446428571429	0	3	0	669	672	125755
UNKNOWN	101	A	0.991071428571	G	0.00446428571429	666	2	3	1	672	125755
UNKNOWN	102	A	0.982142857143	G	0.014880952381	660	2	10	0	672	125755
UNKNOWN	103	G	0.760416666667	A	0.157738095238	106	44	511	11	672	125755
UNKNOWN	104	C	0.989583333333	T	0.0104166666667	0	665	0	7	672	125755
UNKNOWN	105	T	1.0	A	0.0	0	0	0	672	672	125755
UNKNOWN	106	G	1.0	A	0.0	0	0	672	0	672	125755
UNKNOWN	107	G	1.0	A	0.0	0	0	672	0	672	125755
UNKNOWN	108	G	0.994047619048	A	0.00595238095238	4	0	668	0	672	125755
UNKNOWN	109	T	0.998511904762	C	0.0014880952381	0	1	0	671	672	125755
UNKNOWN	110	C	0.998511904762	A	0.0014880952381	1	671	0	0	672	125755
UNKNOWN	111	C	1.0	A	0.0	0	672	0	0	672	125755
UNKNOWN	112	G	0.998511904762	T	0.0014880952381	0	0	671	1	672	125755
UNKNOWN	113	C	0.997023809524	T	0.00297619047619	0	670	0	2	672	125755
UNKNOWN	114	C	1.0	A	0.0	0	672	0	0	672	125755
UNKNOWN	115	A	0.997023809524	C	0.0014880952381	670	1	1	0	672	125755
UNKNOWN	116	G	1.0	A	0.0	0	0	672	0	672	125755
UNKNOWN	117	G	0.997023809524	A	0.0014880952381	1	1	670	0	672	125755
UNKNOWN	118	C	0.998511904762	G	0.0014880952381	0	671	1	0	672	125755
UNKNOWN	119	T	1.0	A	0.0	0	0	0	672	672	125755
UNKNOWN	120	C	1.0	A	0.0	0	672	0	0	672	125755
UNKNOWN	121	C	0.998511904762	A	0.0014880952381	1	671	0	0	672	125755
UNKNOWN	122	A	1.0	C	0.0	672	0	0	0	672	125755
UNKNOWN	123	G	0.998511904762	A	0.0014880952381	1	0	671	0	672	125755
UNKNOWN	124	G	0.994047619048	C	0.00297619047619	1	2	668	1	672	125755
UNKNOWN	125	A	0.581845238095	G	0.416666666667	391	1	280	0	672	125755
UNKNOWN	126	A	0.998511904762	G	0.0014880952381	671	0	1	0	672	125755
UNKNOWN	127	A	0.997023809524	G	0.00297619047619	670	0	2	0	672	125755
UNKNOWN	128	G	1.0	A	0.0	0	0	672	0	672	125755
UNKNOWN	129	G	0.998511904762	C	0.0014880952381	0	1	671	0	672	125755
UNKNOWN	130	C	1.0	A	0.0	0	672	0	0	672	125755
UNKNOWN	131	G	0.998511904762	A	0.0014880952381	1	0	671	0	672	125755
UNKNOWN	132	C	1.0	A	0.0	0	672	0	0	672	125755
UNKNOWN	133	T	0.998511904762	A	0.0014880952381	1	0	0	671	672	125755
UNKNOWN	134	G	0.998511904762	A	0.0014880952381	1	0	671	0	672	125755
UNKNOWN	135	G	1.0	A	0.0	0	0	672	0	672	125755
UNKNOWN	136	A	0.994047619048	C	0.00297619047619	668	2	2	0	672	125755
UNKNOWN	137	G	0.983630952381	A	0.016369047619	11	0	661	0	672	125755
UNKNOWN	138	T	1.0	A	0.0	0	0	0	672	672	125755
UNKNOWN	139	G	1.0	A	0.0	0	0	672	0	672	125755
UNKNOWN	140	G	0.988095238095	C	0.0104166666667	1	7	664	0	672	125755
UNKNOWN	141	C	0.994047619048	G	0.00446428571429	1	668	3	0	672	125755
UNKNOWN	142	T	0.997023809524	C	0.00297619047619	0	2	0	670	672	125755
UNKNOWN	143	C	0.994047619048	T	0.00595238095238	0	668	0	4	672	125755
UNKNOWN	144	G	0.997023809524	A	0.0014880952381	1	0	670	1	672	125755
UNKNOWN	145	G	1.0	A	0.0	0	0	672	0	672	125755
UNKNOWN	146	T	0.994047619048	G	0.00446428571429	0	1	3	668	672	125755
UNKNOWN	147	G	0.952380952381	A	0.0342261904762	23	8	640	1	672	125755
UNKNOWN	148	G	0.891369047619	A	0.0595238095238	40	30	599	3	672	125755
UNKNOWN	149	T	0.977678571429	C	0.0133928571429	4	9	2	657	672	125755
UNKNOWN	150	A	0.964285714286	T	0.016369047619	648	3	10	11	672	125755
UNKNOWN	151	T	0.997023809524	A	0.0014880952381	1	1	0	670	672	125755
UNKNOWN	152	A	0.985119047619	G	0.0119047619048	662	0	8	2	672	125755
UNKNOWN	153	G	0.97619047619	A	0.0208333333333	14	0	656	2	672	125755
UNKNOWN	154	A	0.924107142857	G	0.0684523809524	621	3	46	2	672	125755
UNKNOWN	155	T	0.97619047619	C	0.0193452380952	2	13	1	656	672	125755
UNKNOWN	156	A	0.877976190476	G	0.0833333333333	590	26	56	0	672	125755
UNKNOWN	157	G	0.940476190476	C	0.0297619047619	19	20	632	1	672	125755
UNKNOWN	158	T	0.991071428571	G	0.00744047619048	0	1	5	666	672	125755
UNKNOWN	159	G	0.931547619048	A	0.0565476190476	38	4	626	4	672	125755
UNKNOWN	160	G	0.854166666667	A	0.120535714286	81	11	574	6	672	125755
UNKNOWN	161	T	0.982142857143	C	0.0104166666667	1	7	4	660	672	125755
UNKNOWN	162	G	0.995535714286	A	0.00446428571429	3	0	669	0	672	125755
UNKNOWN	163	G	0.997023809524	A	0.0014880952381	1	1	670	0	672	125755
UNKNOWN	164	A	0.983630952381	G	0.0133928571429	661	1	9	1	672	125755
UNKNOWN	165	A	0.970238095238	G	0.0297619047619	652	0	20	0	672	125755
UNKNOWN	166	G	0.837797619048	A	0.130952380952	88	16	563	5	672	125755
UNKNOWN	167	C	0.946428571429	A	0.0208333333333	14	636	9	13	672	125755
UNKNOWN	168	A	0.995535714286	C	0.00446428571429	669	3	0	0	672	125755
UNKNOWN	169	C	0.995535714286	T	0.00297619047619	1	669	0	2	672	125755
UNKNOWN	170	A	0.982142857143	C	0.0119047619048	660	8	4	0	672	125755
UNKNOWN	171	G	0.99255952381	A	0.00595238095238	4	0	667	1	672	125755
UNKNOWN	172	G	0.909226190476	A	0.0654761904762	44	16	611	1	672	125755
UNKNOWN	173	C	0.988095238095	T	0.00892857142857	0	664	2	6	672	125755
UNKNOWN	174	T	0.994047619048	A	0.00297619047619	2	2	0	668	672	125755
UNKNOWN	175	A	0.995535714286	T	0.00446428571429	669	0	0	3	672	125755
UNKNOWN	176	T	0.995535714286	C	0.00297619047619	1	2	0	669	672	125755
UNKNOWN	177	A	0.997023809524	C	0.0014880952381	670	1	1	0	672	125755
UNKNOWN	178	A	0.995535714286	C	0.00297619047619	669	2	1	0	672	125755
UNKNOWN	179	C	0.971726190476	T	0.0223214285714	1	653	3	15	672	125755
UNKNOWN	180	C	1.0	A	0.0	0	672	0	0	672	125755
UNKNOWN	181	C	0.995535714286	A	0.0014880952381	1	669	1	1	672	125755
UNKNOWN	182	A	0.997023809524	G	0.00297619047619	670	0	2	0	672	125755
UNKNOWN	183	G	0.998511904762	A	0.0014880952381	1	0	671	0	672	125755
UNKNOWN	184	G	0.958333333333	C	0.0372023809524	2	25	644	1	672	125755
UNKNOWN	185	C	1.0	A	0.0	0	672	0	0	672	125755
UNKNOWN	186	C	0.998511904762	T	0.0014880952381	0	671	0	1	672	125755
UNKNOWN	187	T	0.997023809524	C	0.0014880952381	0	1	1	670	672	125755
UNKNOWN	188	G	0.991071428571	A	0.00892857142857	6	0	666	0	672	125755
UNKNOWN	189	A	1.0	C	0.0	672	0	0	0	672	125755
UNKNOWN	190	A	1.0	C	0.0	672	0	0	0	672	125755
UNKNOWN	191	A	0.995535714286	G	0.00297619047619	669	0	2	1	672	125755
UNKNOWN	192	T	0.662202380952	C	0.328869047619	1	221	5	445	672	125755
UNKNOWN	193	C	0.995535714286	A	0.0014880952381	1	669	1	1	672	125755
UNKNOWN	194	C	0.995535714286	T	0.00297619047619	1	669	0	2	672	125755
UNKNOWN	195	A	0.90625	C	0.0877976190476	609	59	2	2	672	125755
UNKNOWN	196	G	0.998511904762	A	0.0014880952381	1	0	671	0	672	125755
UNKNOWN	197	G	0.988095238095	A	0.00744047619048	5	3	664	0	672	125755
UNKNOWN	198	C	0.997023809524	T	0.00297619047619	0	670	0	2	672	125755
UNKNOWN	199	T	0.994047619048	C	0.00595238095238	0	4	0	668	672	125755
UNKNOWN	200	C	0.99255952381	T	0.00446428571429	2	667	0	3	672	125755
UNKNOWN	201	A	0.991071428571	G	0.00744047619048	666	1	5	0	672	125755
UNKNOWN	202	G	0.980654761905	C	0.00892857142857	1	6	659	6	672	125755
UNKNOWN	203	T	0.502976190476	C	0.485119047619	6	326	2	338	672	125755
UNKNOWN	204	A	0.986607142857	T	0.00744047619048	663	0	4	5	672	125755
UNKNOWN	205	T	0.995535714286	C	0.00446428571429	0	3	0	669	672	125755
UNKNOWN	206	C	0.980654761905	G	0.0104166666667	5	659	7	1	672	125755
UNKNOWN	207	A	0.997023809524	C	0.0014880952381	670	1	1	0	672	125755
UNKNOWN	208	C	0.994047619048	T	0.00446428571429	1	668	0	3	672	125755
UNKNOWN	209	C	0.985119047619	T	0.00892857142857	2	662	2	6	672	125755
UNKNOWN	210	A	0.995535714286	G	0.00446428571429	669	0	3	0	672	125755
UNKNOWN	211	G	0.91369047619	A	0.0833333333333	56	2	614	0	672	125755
UNKNOWN	212	G	0.997023809524	A	0.0014880952381	1	1	670	0	672	125755
UNKNOWN	213	G	0.995535714286	A	0.00446428571429	3	0	669	0	672	125755
UNKNOWN	214	A	0.994047619048	C	0.00297619047619	668	2	2	0	672	125755
UNKNOWN	215	C	0.982142857143	T	0.0119047619048	2	660	2	8	672	125755
UNKNOWN	216	A	0.997023809524	G	0.00297619047619	670	0	2	0	672	125755
UNKNOWN	217	A	0.989583333333	C	0.00744047619048	665	5	2	0	672	125755
UNKNOWN	218	C	0.96875	T	0.014880952381	1	651	10	10	672	125755
UNKNOWN	219	T	0.99255952381	A	0.00446428571429	3	2	0	667	672	125755
UNKNOWN	220	C	0.997023809524	A	0.0014880952381	1	670	0	1	672	125755
UNKNOWN	221	C	0.99255952381	T	0.00446428571429	2	667	0	3	672	125755
UNKNOWN	222	A	0.989583333333	C	0.00892857142857	665	6	0	1	672	125755
UNKNOWN	223	A	0.989583333333	G	0.00892857142857	665	1	6	0	672	125755
UNKNOWN	224	G	0.99255952381	A	0.00744047619048	5	0	667	0	672	125755
UNKNOWN	225	A	0.991071428571	G	0.00595238095238	666	2	4	0	672	125755
UNKNOWN	226	G	0.973214285714	A	0.0223214285714	15	3	654	0	672	125755
UNKNOWN	227	C	0.979166666667	T	0.0193452380952	1	658	0	13	672	125755
UNKNOWN	228	C	0.991071428571	A	0.00446428571429	3	666	3	0	672	125755
UNKNOWN	229	A	0.998511904762	G	0.0014880952381	671	0	1	0	672	125755
UNKNOWN	230	A	0.986607142857	G	0.0104166666667	663	2	7	0	672	125755
UNKNOWN	231	G	0.97619047619	A	0.0119047619048	8	1	656	7	672	125755
UNKNOWN	232	T	0.997023809524	C	0.00297619047619	0	2	0	670	672	125755
UNKNOWN	233	C	0.974702380952	G	0.016369047619	1	655	11	5	672	125755
UNKNOWN	234	T	0.99255952381	C	0.00297619047619	1	2	2	667	672	125755
UNKNOWN	235	C	0.995535714286	T	0.00446428571429	0	669	0	3	672	125755
UNKNOWN	236	T	0.988095238095	C	0.00744047619048	0	5	3	664	672	125755
UNKNOWN	237	C	0.997023809524	T	0.00297619047619	0	670	0	2	672	125755
UNKNOWN	238	T	0.99255952381	G	0.00595238095238	0	1	4	667	672	125755
UNKNOWN	239	G	0.977678571429	A	0.0178571428571	12	1	657	2	672	125755
UNKNOWN	240	T	0.986607142857	C	0.00595238095238	2	4	3	663	672	125755
UNKNOWN	241	C	0.99255952381	T	0.00446428571429	2	667	0	3	672	125755
UNKNOWN	242	A	0.99255952381	G	0.00744047619048	667	0	5	0	672	125755
UNKNOWN	243	G	0.949404761905	A	0.0267857142857	18	11	638	5	672	125755
UNKNOWN	244	T	0.994047619048	C	0.00297619047619	0	2	2	668	672	125755
UNKNOWN	245	G	0.983630952381	A	0.014880952381	10	0	661	1	672	125755
UNKNOWN	246	A	0.977678571429	G	0.0208333333333	657	1	14	0	672	125755
UNKNOWN	247	G	0.955357142857	A	0.0327380952381	22	6	642	2	672	125755
UNKNOWN	248	C	0.982142857143	T	0.00892857142857	2	660	4	6	672	125755
UNKNOWN	249	A	0.994047619048	G	0.00595238095238	668	0	4	0	672	125755
UNKNOWN	250	G	0.986607142857	A	0.00892857142857	6	3	663	0	672	125755
UNKNOWN	251	C	0.99255952381	T	0.00297619047619	1	667	2	2	672	125755
UNKNOWN	252	G	0.989583333333	T	0.00446428571429	2	2	665	3	672	125755
UNKNOWN	253	T	0.989583333333	C	0.00595238095238	0	4	3	665	672	125755
UNKNOWN	254	G	0.980654761905	A	0.0178571428571	12	1	659	0	672	125755
UNKNOWN	255	A	0.99255952381	C	0.00446428571429	667	3	2	0	672	125755
UNKNOWN	256	C	0.99255952381	A	0.00595238095238	4	667	0	1	672	125755
UNKNOWN	257	A	0.979166666667	C	0.0104166666667	658	7	6	1	672	125755
UNKNOWN	258	C	0.90625	A	0.0907738095238	61	609	0	2	672	125755
UNKNOWN	259	C	0.99255952381	T	0.00446428571429	0	667	2	3	672	125755
UNKNOWN	260	T	0.980654761905	G	0.00892857142857	2	5	6	659	672	125755
UNKNOWN	261	G	0.989583333333	A	0.00892857142857	6	0	665	1	672	125755
UNKNOWN	262	A	0.988095238095	G	0.00744047619048	664	2	5	1	672	125755
UNKNOWN	263	G	0.952380952381	A	0.0252976190476	17	8	640	7	672	125755
UNKNOWN	264	G	0.99255952381	A	0.00595238095238	4	0	667	1	672	125755
UNKNOWN	265	A	0.991071428571	G	0.00595238095238	666	2	4	0	672	125755
UNKNOWN	266	C	0.974702380952	T	0.0133928571429	4	655	4	9	672	125755
UNKNOWN	267	A	0.970238095238	T	0.016369047619	652	2	7	11	672	125755
UNKNOWN	268	C	0.991071428571	G	0.00744047619048	1	666	5	0	672	125755
UNKNOWN	269	G	0.9375	A	0.0550595238095	37	4	630	1	672	125755
UNKNOWN	270	G	0.991071428571	C	0.00595238095238	2	4	666	0	672	125755
UNKNOWN	271	C	0.983630952381	G	0.0119047619048	2	661	8	1	672	125755
UNKNOWN	272	C	0.97619047619	T	0.0133928571429	5	656	2	9	672	125755
UNKNOWN	273	G	0.604166666667	A	0.376488095238	253	9	406	4	672	125755
UNKNOWN	274	T	0.638392857143	C	0.355654761905	2	239	2	429	672	125755
UNKNOWN	275	G	0.577380952381	A	0.400297619048	269	6	388	9	672	125755
UNKNOWN	276	T	0.99255952381	A	0.00297619047619	2	2	1	667	672	125755
UNKNOWN	277	A	0.991071428571	C	0.00446428571429	666	3	1	2	672	125755
UNKNOWN	278	C	0.958333333333	T	0.0372023809524	3	644	0	25	672	125755
UNKNOWN	279	T	0.989583333333	A	0.00446428571429	3	2	2	665	672	125755
UNKNOWN	280	A	0.985119047619	T	0.00744047619048	662	3	2	5	672	125755
UNKNOWN	281	C	0.959821428571	T	0.03125	2	645	4	21	672	125755
UNKNOWN	282	T	0.988095238095	G	0.00892857142857	0	2	6	664	672	125755
