Type	Position	Nucl1	Freq1	Nucl2	Freq2	NumAs	NumCs	NumGs	NumTs	NumAligned	NumNaive
UNKNOWN	0	C	1.0	A	0.0	0	9689	0	0	9689	125755
UNKNOWN	1	A	1.0	C	0.0	9689	0	0	0	9689	125755
UNKNOWN	2	G	1.0	A	0.0	0	0	9689	0	9689	125755
UNKNOWN	3	G	1.0	A	0.0	0	0	9689	0	9689	125755
UNKNOWN	4	T	1.0	A	0.0	0	0	0	9689	9689	125755
UNKNOWN	5	G	1.0	A	0.0	0	0	9689	0	9689	125755
UNKNOWN	6	C	1.0	A	0.0	0	9689	0	0	9689	125755
UNKNOWN	7	A	0.998451852616	G	0.00103209825575	9674	1	10	4	9689	125755
UNKNOWN	8	G	0.977190628548	A	0.0202291258128	196	22	9468	3	9689	125755
UNKNOWN	9	C	0.988646919187	T	0.00990814325524	5	9579	9	96	9689	125755
UNKNOWN	10	T	0.998451852616	C	0.00134172773248	1	13	1	9674	9689	125755
UNKNOWN	11	G	0.99814222314	A	0.00113530808133	11	1	9671	6	9689	125755
UNKNOWN	12	C	0.999380741047	T	0.000619258953452	0	9683	0	6	9689	125755
UNKNOWN	13	G	0.998245432965	A	0.00165135720921	16	0	9672	1	9689	125755
UNKNOWN	14	G	0.94447311384	C	0.0491278769739	58	476	9151	4	9689	125755
UNKNOWN	15	G	0.999174321395	A	0.000619258953452	6	2	9681	0	9689	125755
UNKNOWN	16	A	0.997419754361	G	0.00134172773248	9664	9	13	3	9689	125755
UNKNOWN	17	G	0.994942718547	A	0.00454123232532	44	5	9640	0	9689	125755
UNKNOWN	18	T	0.997110124884	C	0.00175456703478	6	17	5	9661	9689	125755
UNKNOWN	19	C	0.999174321395	T	0.000516049127877	1	9681	2	5	9689	125755
UNKNOWN	20	G	0.997626174012	A	0.00196098668593	19	2	9666	2	9689	125755
UNKNOWN	21	G	0.99907111157	C	0.000825678604603	1	8	9680	0	9689	125755
UNKNOWN	22	G	0.99907111157	C	0.000619258953452	3	6	9680	0	9689	125755
UNKNOWN	23	C	0.999277531221	T	0.000619258953452	0	9682	1	6	9689	125755
UNKNOWN	24	C	0.999277531221	T	0.000516049127877	2	9682	0	5	9689	125755
UNKNOWN	25	C	0.999380741047	T	0.000516049127877	0	9683	1	5	9689	125755
UNKNOWN	26	C	0.999483950872	T	0.000309629476726	2	9684	0	3	9689	125755
UNKNOWN	27	A	0.996903705233	G	0.00278666529054	9659	2	27	1	9689	125755
UNKNOWN	28	G	0.988853338838	A	0.00835999587161	81	25	9581	2	9689	125755
UNKNOWN	29	C	0.989369387966	T	0.0104241923831	1	9586	1	101	9689	125755
UNKNOWN	30	C	0.999483950872	T	0.000412839302302	0	9684	1	4	9689	125755
UNKNOWN	31	T	0.997522964186	C	0.00196098668593	2	19	3	9665	9689	125755
UNKNOWN	32	G	0.993084941686	A	0.00598616988337	58	7	9622	2	9689	125755
UNKNOWN	33	G	0.99463308907	A	0.00288987511611	28	20	9637	4	9689	125755
UNKNOWN	34	T	0.995871606977	C	0.00361234389514	1	35	4	9649	9689	125755
UNKNOWN	35	G	0.991536794303	A	0.00516049127877	50	4	9607	28	9689	125755
UNKNOWN	36	A	0.996903705233	C	0.00154814738363	9659	15	14	1	9689	125755
UNKNOWN	37	A	0.9955619775	G	0.00350913406956	9646	9	34	0	9689	125755
UNKNOWN	38	G	0.997522964186	A	0.0012385179069	12	10	9665	2	9689	125755
UNKNOWN	39	C	0.994220249768	A	0.00247703581381	24	9633	11	21	9689	125755
UNKNOWN	40	C	0.999483950872	T	0.000412839302302	1	9684	0	4	9689	125755
UNKNOWN	41	C	0.996387656105	G	0.00278666529054	1	9654	27	7	9689	125755
UNKNOWN	42	T	0.996078026628	C	0.00350913406956	1	34	3	9651	9689	125755
UNKNOWN	43	C	0.999380741047	A	0.000309629476726	3	9683	0	3	9689	125755
UNKNOWN	44	A	0.997419754361	G	0.00206419651151	9664	5	20	0	9689	125755
UNKNOWN	45	C	0.997729383837	T	0.00103209825575	5	9667	7	10	9689	125755
UNKNOWN	46	A	0.996903705233	G	0.00154814738363	9659	4	15	11	9689	125755
UNKNOWN	47	G	0.99019506657	A	0.00805036639488	78	14	9594	3	9689	125755
UNKNOWN	48	A	0.994529879245	G	0.00381876354629	9636	10	37	6	9689	125755
UNKNOWN	49	C	0.997110124884	G	0.00144493755806	1	9661	14	13	9689	125755
UNKNOWN	50	C	0.998245432965	T	0.00154814738363	1	9672	1	15	9689	125755
UNKNOWN	51	C	0.999174321395	T	0.000722468779028	0	9681	1	7	9689	125755
UNKNOWN	52	T	0.996697285582	C	0.00299308494169	2	29	1	9657	9689	125755
UNKNOWN	53	C	0.998245432965	G	0.00113530808133	1	9672	11	5	9689	125755
UNKNOWN	54	T	0.995974816803	C	0.00319950459284	3	31	5	9650	9689	125755
UNKNOWN	55	C	0.998761482093	T	0.000722468779028	4	9677	1	7	9689	125755
UNKNOWN	56	C	0.989988646919	T	0.00815357622046	1	9592	17	79	9689	125755
UNKNOWN	57	C	0.995252348024	G	0.00371555372071	3	9643	36	7	9689	125755
UNKNOWN	58	T	0.997006915058	C	0.00258024563938	2	25	2	9660	9689	125755
UNKNOWN	59	C	0.997316544535	T	0.00175456703478	6	9663	3	17	9689	125755
UNKNOWN	60	A	0.997110124884	G	0.00185777686036	9661	8	18	2	9689	125755
UNKNOWN	61	C	0.991330374652	T	0.00608937970895	2	9605	23	59	9689	125755
UNKNOWN	62	C	0.989059758489	T	0.00681184848798	2	9583	38	66	9689	125755
UNKNOWN	63	T	0.997626174012	C	0.00185777686036	1	18	4	9666	9689	125755
UNKNOWN	64	G	0.998967901744	C	0.000722468779028	2	7	9679	1	9689	125755
UNKNOWN	65	C	0.997935803488	T	0.00154814738363	5	9669	0	15	9689	125755
UNKNOWN	66	A	0.992052843431	G	0.00577975023222	9612	12	56	9	9689	125755
UNKNOWN	67	C	0.993497780989	T	0.0058829600578	1	9626	5	57	9689	125755
UNKNOWN	68	G	0.983796057385	A	0.0137269068015	133	22	9532	2	9689	125755
UNKNOWN	69	G	0.951697801631	A	0.0419031891836	406	36	9221	26	9689	125755
UNKNOWN	70	T	0.987098771803	C	0.0115595004644	2	112	11	9564	9689	125755
UNKNOWN	71	C	0.967488904944	G	0.0215708535453	12	9374	209	94	9689	125755
UNKNOWN	72	T	0.993084941686	C	0.00350913406956	4	34	29	9622	9689	125755
UNKNOWN	73	C	0.996903705233	T	0.00206419651151	6	9659	4	20	9689	125755
UNKNOWN	74	T	0.9955619775	C	0.00258024563938	0	25	18	9646	9689	125755
UNKNOWN	75	G	0.996181236454	A	0.00330271441841	32	5	9652	0	9689	125755
UNKNOWN	76	G	0.992362472907	A	0.00454123232532	44	20	9615	10	9689	125755
UNKNOWN	77	A	0.990917535349	G	0.00505728145319	9601	29	49	10	9689	125755
UNKNOWN	78	T	0.988440499536	C	0.00681184848798	19	66	27	9577	9689	125755
UNKNOWN	79	T	0.991433584477	C	0.00536691092992	1	52	30	9606	9689	125755
UNKNOWN	80	C	0.98204149035	T	0.00887604499948	6	9515	82	86	9689	125755
UNKNOWN	81	T	0.99184642378	C	0.00454123232532	1	44	34	9610	9689	125755
UNKNOWN	82	C	0.996387656105	T	0.00247703581381	8	9654	3	24	9689	125755
UNKNOWN	83	A	0.993497780989	G	0.00412839302302	9626	11	40	12	9689	125755
UNKNOWN	84	T	0.977087418722	C	0.0206419651151	6	200	16	9467	9689	125755
UNKNOWN	85	T	0.997419754361	C	0.00144493755806	2	14	9	9664	9689	125755
UNKNOWN	86	G	0.97037878006	A	0.0246671483125	239	35	9402	13	9689	125755
UNKNOWN	87	A	0.986066673547	G	0.0111466611621	9554	23	108	4	9689	125755
UNKNOWN	88	G	0.913613375993	A	0.0525338012179	509	271	8852	57	9689	125755
UNKNOWN	89	C	0.947362988957	T	0.0373619568583	59	9179	89	362	9689	125755
UNKNOWN	90	A	0.967901744246	G	0.02869233151	9378	16	278	17	9689	125755
UNKNOWN	91	G	0.86448549902	A	0.0881411910414	854	263	8376	196	9689	125755
UNKNOWN	92	C	0.945711631747	T	0.0288987511611	87	9163	159	280	9689	125755
UNKNOWN	93	A	0.858499329136	T	0.070492310868	8318	84	604	683	9689	125755
UNKNOWN	94	A	0.932707193725	G	0.0454123232532	9037	91	440	121	9689	125755
UNKNOWN	95	T	0.967076065641	G	0.0154814738363	42	127	150	9370	9689	125755
UNKNOWN	96	G	0.890391165239	A	0.0987718030757	957	85	8627	20	9689	125755
UNKNOWN	97	G	0.634121168335	A	0.194137681907	1881	1537	6144	127	9689	125755
UNKNOWN	98	T	0.985550624419	C	0.0062957993601	37	61	42	9549	9689	125755
UNKNOWN	99	G	0.95778718134	A	0.0390133140675	378	7	9280	24	9689	125755
UNKNOWN	100	T	0.996078026628	C	0.00288987511611	7	28	3	9651	9689	125755
UNKNOWN	101	A	0.962947672618	G	0.0204355454639	9330	73	198	88	9689	125755
UNKNOWN	102	G	0.730828774899	A	0.141603880689	1372	1063	7081	173	9689	125755
UNKNOWN	103	T	0.91650325111	G	0.0530498503458	136	159	514	8880	9689	125755
UNKNOWN	104	C	0.933945711632	G	0.0323046754051	67	9049	313	260	9689	125755
UNKNOWN	105	T	0.996800495407	G	0.00165135720921	2	13	16	9658	9689	125755
UNKNOWN	106	G	0.999690370523	T	0.000309629476726	0	0	9686	3	9689	125755
UNKNOWN	107	G	0.998555062442	T	0.000722468779028	1	6	9675	7	9689	125755
UNKNOWN	108	G	0.966043967386	A	0.0243575188358	236	62	9360	31	9689	125755
UNKNOWN	109	T	0.995355557849	C	0.00423160284859	1	41	3	9644	9689	125755
UNKNOWN	110	C	0.99463308907	T	0.00423160284859	1	9637	10	41	9689	125755
UNKNOWN	111	C	0.998451852616	G	0.00103209825575	2	9674	10	3	9689	125755
UNKNOWN	112	G	0.99814222314	C	0.00134172773248	5	13	9671	0	9689	125755
UNKNOWN	113	C	0.997729383837	T	0.00134172773248	8	9667	1	13	9689	125755
UNKNOWN	114	C	0.997935803488	A	0.00134172773248	13	9669	2	5	9689	125755
UNKNOWN	115	A	0.992981731861	G	0.00619258953452	9621	3	60	5	9689	125755
UNKNOWN	116	G	0.997213334709	A	0.00144493755806	14	13	9662	0	9689	125755
UNKNOWN	117	G	0.965837547735	A	0.0276602332542	268	49	9358	14	9689	125755
UNKNOWN	118	C	0.99370420064	T	0.00371555372071	2	9628	23	36	9689	125755
UNKNOWN	119	T	0.994839508721	C	0.00299308494169	4	29	17	9639	9689	125755
UNKNOWN	120	C	0.997626174012	G	0.00134172773248	5	9666	13	5	9689	125755
UNKNOWN	121	C	0.996800495407	A	0.00165135720921	16	9658	7	8	9689	125755
UNKNOWN	122	A	0.992259263082	G	0.00701826813913	9614	5	68	2	9689	125755
UNKNOWN	123	G	0.998348642791	A	0.000928888430179	9	6	9673	1	9689	125755
UNKNOWN	124	G	0.994736298896	A	0.00474765197647	46	4	9638	1	9689	125755
UNKNOWN	125	G	0.98389926721	A	0.0130044380225	126	28	9533	2	9689	125755
UNKNOWN	126	A	0.993910620291	G	0.00474765197647	9630	11	46	2	9689	125755
UNKNOWN	127	A	0.992672102384	G	0.00608937970895	9618	9	59	3	9689	125755
UNKNOWN	128	G	0.992672102384	A	0.0067086386624	65	3	9618	3	9689	125755
UNKNOWN	129	G	0.971410878316	A	0.0185777686036	180	74	9412	23	9689	125755
UNKNOWN	130	C	0.992259263082	G	0.00454123232532	0	9614	44	31	9689	125755
UNKNOWN	131	G	0.981319021571	A	0.0119723397667	116	16	9508	49	9689	125755
UNKNOWN	132	C	0.99277531221	T	0.00433481267417	14	9619	14	42	9689	125755
UNKNOWN	133	T	0.985550624419	C	0.00908246465063	23	88	29	9549	9689	125755
UNKNOWN	134	G	0.973062235525	A	0.0194034472082	188	13	9428	60	9689	125755
UNKNOWN	135	G	0.993291361338	A	0.00371555372071	36	28	9624	1	9689	125755
UNKNOWN	136	A	0.996181236454	G	0.00330271441841	9652	2	32	3	9689	125755
UNKNOWN	137	G	0.962225203839	A	0.034265662091	332	20	9323	14	9689	125755
UNKNOWN	138	T	0.996181236454	C	0.00206419651151	2	20	15	9652	9689	125755
UNKNOWN	139	G	0.997626174012	A	0.00165135720921	16	2	9666	5	9689	125755
UNKNOWN	140	G	0.972855815874	C	0.02332542058	11	226	9426	26	9689	125755
UNKNOWN	141	C	0.963257302095	G	0.0310661574982	26	9333	301	29	9689	125755
UNKNOWN	142	T	0.996903705233	C	0.00268345546496	2	26	2	9659	9689	125755
UNKNOWN	143	C	0.983796057385	T	0.0126948085458	10	9532	24	123	9689	125755
UNKNOWN	144	G	0.99184642378	A	0.00774073691815	75	2	9610	2	9689	125755
UNKNOWN	145	G	0.986376303024	C	0.00990814325524	3	96	9557	33	9689	125755
UNKNOWN	146	T	0.971514088141	C	0.0110434513366	97	107	72	9413	9689	125755
UNKNOWN	147	G	0.710496439261	A	0.245329755393	2377	130	6884	298	9689	125755
UNKNOWN	148	G	0.765300856642	A	0.118794509237	1151	735	7415	388	9689	125755
UNKNOWN	149	T	0.928578800702	A	0.0402518319744	390	107	195	8997	9689	125755
UNKNOWN	150	A	0.897306223552	G	0.0918567447621	8694	38	890	67	9689	125755
UNKNOWN	151	T	0.977190628548	C	0.013623696976	24	132	65	9468	9689	125755
UNKNOWN	152	A	0.920322014656	G	0.0377747961606	8917	144	366	262	9689	125755
UNKNOWN	153	T	0.953555578491	A	0.0291051708123	282	35	133	9239	9689	125755
UNKNOWN	154	G	0.980493342966	A	0.00908246465063	88	48	9500	53	9689	125755
UNKNOWN	155	C	0.877799566519	T	0.118072040458	19	8505	21	1144	9689	125755
UNKNOWN	156	A	0.911549179482	G	0.0792651460419	8832	55	768	34	9689	125755
UNKNOWN	157	G	0.900712147796	A	0.0456187429043	442	300	8727	220	9689	125755
UNKNOWN	158	T	0.960470636805	G	0.0190938177314	113	85	185	9306	9689	125755
UNKNOWN	159	G	0.785426772629	A	0.190731757663	1848	147	7610	84	9689	125755
UNKNOWN	160	G	0.827020332336	A	0.135204871504	1310	302	8013	64	9689	125755
UNKNOWN	161	T	0.965424708432	G	0.0182681391268	81	77	177	9354	9689	125755
UNKNOWN	162	G	0.988853338838	A	0.00949530395294	92	10	9581	6	9689	125755
UNKNOWN	163	G	0.976261740118	A	0.0159975229642	155	51	9459	24	9689	125755
UNKNOWN	164	A	0.967695324595	G	0.0215708535453	9376	57	209	47	9689	125755
UNKNOWN	165	A	0.928578800702	G	0.0633708329033	8997	46	614	32	9689	125755
UNKNOWN	166	G	0.824543296522	C	0.0870058829601	435	843	7989	422	9689	125755
UNKNOWN	167	C	0.886985240995	T	0.0571782433688	179	8594	362	554	9689	125755
UNKNOWN	168	A	0.98111260192	G	0.0124883888946	9506	49	121	13	9689	125755
UNKNOWN	169	C	0.972546186397	T	0.0147590050573	44	9423	79	143	9689	125755
UNKNOWN	170	A	0.962018784188	G	0.0222933223243	9321	92	216	60	9689	125755
UNKNOWN	171	A	0.884921044483	G	0.0943337805759	8574	88	914	113	9689	125755
UNKNOWN	172	G	0.713695943854	A	0.199711012488	1935	636	6915	203	9689	125755
UNKNOWN	173	C	0.883166477449	T	0.0559397254619	137	8557	453	542	9689	125755
UNKNOWN	174	T	0.98297037878	C	0.0071214779647	35	69	61	9524	9689	125755
UNKNOWN	175	T	0.946330890701	A	0.0407678811023	395	75	50	9169	9689	125755
UNKNOWN	176	T	0.942924966457	C	0.0357105996491	78	346	129	9136	9689	125755
UNKNOWN	177	A	0.987511611105	G	0.0067086386624	9568	45	65	11	9689	125755
UNKNOWN	178	A	0.984002477036	C	0.00949530395294	9534	92	58	5	9689	125755
UNKNOWN	179	C	0.893384250181	T	0.0881411910414	16	8656	163	854	9689	125755
UNKNOWN	180	C	0.93095262669	G	0.034265662091	27	9020	332	310	9689	125755
UNKNOWN	181	C	0.987821240582	T	0.00526370110435	41	9571	26	51	9689	125755
UNKNOWN	182	A	0.988027660233	G	0.00660542883683	9573	44	64	8	9689	125755
UNKNOWN	183	G	0.975126432036	A	0.0174424605222	169	42	9448	30	9689	125755
UNKNOWN	184	C	0.982557539478	T	0.00794715656931	42	9520	50	77	9689	125755
UNKNOWN	185	C	0.996903705233	T	0.00185777686036	8	9659	4	18	9689	125755
UNKNOWN	186	C	0.992878522035	T	0.00350913406956	5	9620	30	34	9689	125755
UNKNOWN	187	T	0.994220249768	G	0.00206419651151	19	17	20	9633	9689	125755
UNKNOWN	188	G	0.963257302095	A	0.0216740633708	210	32	9333	114	9689	125755
UNKNOWN	189	A	0.987511611105	G	0.00959851377851	9568	26	93	2	9689	125755
UNKNOWN	190	A	0.994736298896	C	0.00278666529054	9638	27	20	4	9689	125755
UNKNOWN	191	A	0.990504696047	G	0.00371555372071	9597	25	36	31	9689	125755
UNKNOWN	192	T	0.991949633605	C	0.00495407162762	13	48	17	9611	9689	125755
UNKNOWN	193	C	0.997213334709	T	0.00237382598823	3	9662	1	23	9689	125755
UNKNOWN	194	C	0.984415316338	T	0.0118691299412	4	9538	32	115	9689	125755
UNKNOWN	195	C	0.996181236454	G	0.00299308494169	5	9652	29	3	9689	125755
UNKNOWN	196	G	0.994013830117	A	0.00485086180204	47	3	9631	8	9689	125755
UNKNOWN	197	G	0.897306223552	A	0.0732789761585	710	154	8694	131	9689	125755
UNKNOWN	198	C	0.991330374652	T	0.00433481267417	18	9605	24	42	9689	125755
UNKNOWN	199	T	0.995149138198	C	0.00340592424399	5	33	9	9642	9689	125755
UNKNOWN	200	C	0.984518526164	T	0.010217772732	35	9539	16	99	9689	125755
UNKNOWN	201	A	0.988646919187	G	0.00918567447621	9579	16	89	5	9689	125755
UNKNOWN	202	G	0.966972855816	C	0.0193002373826	49	187	9369	84	9689	125755
UNKNOWN	203	C	0.932294354423	T	0.0570750335432	53	9033	50	553	9689	125755
UNKNOWN	204	A	0.983280008257	G	0.0104241923831	9527	19	101	42	9689	125755
UNKNOWN	205	T	0.991640004128	C	0.00567654040665	4	55	22	9608	9689	125755
UNKNOWN	206	C	0.983176798431	T	0.00918567447621	59	9526	15	89	9689	125755
UNKNOWN	207	A	0.99019506657	G	0.0062957993601	9594	24	61	10	9689	125755
UNKNOWN	208	C	0.973371865002	G	0.0115595004644	43	9431	112	103	9689	125755
UNKNOWN	209	C	0.961812364537	T	0.018474558778	79	9319	112	179	9689	125755
UNKNOWN	210	A	0.98389926721	G	0.00835999587161	9533	71	81	4	9689	125755
UNKNOWN	211	A	0.973681494478	G	0.021158014243	9434	35	205	15	9689	125755
UNKNOWN	212	G	0.979151615234	A	0.0132108576737	128	65	9487	9	9689	125755
UNKNOWN	213	G	0.992672102384	A	0.0062957993601	61	5	9618	5	9689	125755
UNKNOWN	214	A	0.992052843431	C	0.00474765197647	9612	46	27	4	9689	125755
UNKNOWN	215	C	0.975126432036	T	0.0114562906389	37	9448	93	111	9689	125755
UNKNOWN	216	A	0.98018371349	G	0.0152750541852	9497	19	148	25	9689	125755
UNKNOWN	217	A	0.98018371349	G	0.00949530395294	9497	78	92	22	9689	125755
UNKNOWN	218	C	0.966972855816	T	0.026731344824	9	9369	52	259	9689	125755
UNKNOWN	219	T	0.989885437094	C	0.00464444215089	18	45	35	9591	9689	125755
UNKNOWN	220	C	0.994426669419	T	0.00474765197647	8	9635	0	46	9689	125755
UNKNOWN	221	C	0.987821240582	T	0.00619258953452	30	9571	28	60	9689	125755
UNKNOWN	222	A	0.986066673547	C	0.00691505831355	9554	67	66	2	9689	125755
UNKNOWN	223	A	0.987718030757	G	0.0110434513366	9570	9	107	3	9689	125755
UNKNOWN	224	G	0.985653834245	A	0.00805036639488	78	57	9550	4	9689	125755
UNKNOWN	225	A	0.989782227268	G	0.00722468779028	9590	24	70	5	9689	125755
UNKNOWN	226	G	0.955103725875	A	0.0343688719166	333	93	9254	9	9689	125755
UNKNOWN	227	C	0.961605944886	T	0.0232222107545	22	9317	125	225	9689	125755
UNKNOWN	228	C	0.987718030757	G	0.00877283517391	32	9570	85	2	9689	125755
UNKNOWN	229	A	0.993910620291	G	0.00278666529054	9630	13	27	19	9689	125755
UNKNOWN	230	A	0.983383218082	G	0.0131076478481	9528	28	127	6	9689	125755
UNKNOWN	231	G	0.95427804727	A	0.0337496129632	327	35	9246	81	9689	125755
UNKNOWN	232	T	0.990401486221	C	0.007534317267	5	73	15	9596	9689	125755
UNKNOWN	233	C	0.953968417793	T	0.0240478893591	21	9243	192	233	9689	125755
UNKNOWN	234	T	0.990091856745	C	0.00433481267417	23	42	31	9593	9689	125755
UNKNOWN	235	C	0.990504696047	T	0.00846320569718	9	9597	1	82	9689	125755
UNKNOWN	236	T	0.977913097327	C	0.014346165755	20	139	55	9475	9689	125755
UNKNOWN	237	C	0.992362472907	T	0.0062957993601	4	9615	9	61	9689	125755
UNKNOWN	238	T	0.995355557849	G	0.00278666529054	3	15	27	9644	9689	125755
UNKNOWN	239	G	0.944163484364	A	0.0375683765094	364	91	9148	86	9689	125755
UNKNOWN	240	T	0.98018371349	G	0.00794715656931	71	44	77	9497	9689	125755
UNKNOWN	241	C	0.981422231396	T	0.0153782640107	25	9509	6	149	9689	125755
UNKNOWN	242	A	0.974610382908	G	0.0145525854061	9443	70	141	35	9689	125755
UNKNOWN	243	G	0.883785736402	C	0.0524305913923	478	508	8563	140	9689	125755
UNKNOWN	244	T	0.993497780989	G	0.00288987511611	10	25	28	9626	9689	125755
UNKNOWN	245	G	0.95427804727	A	0.0320982557539	311	88	9246	44	9689	125755
UNKNOWN	246	A	0.979770874187	G	0.0131076478481	9493	59	127	10	9689	125755
UNKNOWN	247	G	0.895138817215	A	0.0524305913923	508	411	8673	97	9689	125755
UNKNOWN	248	C	0.961193105584	T	0.0278666529054	61	9313	45	270	9689	125755
UNKNOWN	249	A	0.98833728971	G	0.00990814325524	9576	14	96	3	9689	125755
UNKNOWN	250	G	0.972959025699	A	0.0155846836619	151	101	9427	10	9689	125755
UNKNOWN	251	C	0.980390133141	T	0.0156878934875	9	9499	29	152	9689	125755
UNKNOWN	252	G	0.978841985757	A	0.00887604499948	86	50	9484	69	9689	125755
UNKNOWN	253	T	0.990814325524	C	0.00454123232532	4	44	41	9600	9689	125755
UNKNOWN	254	G	0.953245949014	A	0.0331303540097	321	77	9236	55	9689	125755
UNKNOWN	255	A	0.978016307152	G	0.0147590050573	9476	33	143	37	9689	125755
UNKNOWN	256	C	0.988750129012	T	0.00536691092992	40	9580	17	52	9689	125755
UNKNOWN	257	A	0.973371865002	G	0.013623696976	9431	64	132	62	9689	125755
UNKNOWN	258	C	0.924553617504	A	0.0476829394158	462	8958	217	52	9689	125755
UNKNOWN	259	C	0.987924450408	T	0.00805036639488	11	9572	28	78	9689	125755
UNKNOWN	260	T	0.961605944886	C	0.0241510991846	47	234	91	9317	9689	125755
UNKNOWN	261	G	0.988853338838	A	0.00887604499948	86	9	9581	13	9689	125755
UNKNOWN	262	A	0.985757044071	G	0.0114562906389	9551	18	111	9	9689	125755
UNKNOWN	263	G	0.936525957271	A	0.0388068944163	376	203	9074	36	9689	125755
UNKNOWN	264	G	0.986685932501	A	0.00835999587161	81	15	9560	33	9689	125755
UNKNOWN	265	A	0.985447414594	C	0.0071214779647	9548	69	50	22	9689	125755
UNKNOWN	266	C	0.974610382908	T	0.0100113530808	96	9443	53	97	9689	125755
UNKNOWN	267	A	0.973578284653	G	0.0151718443596	9433	34	147	75	9689	125755
UNKNOWN	268	C	0.986582722675	A	0.00619258953452	60	9559	47	23	9689	125755
UNKNOWN	269	G	0.960677056456	A	0.0318918361028	309	43	9308	29	9689	125755
UNKNOWN	270	G	0.987821240582	A	0.00526370110435	51	35	9571	32	9689	125755
UNKNOWN	271	C	0.987718030757	A	0.00681184848798	66	9570	38	15	9689	125755
UNKNOWN	272	C	0.987098771803	A	0.00701826813913	68	9564	25	32	9689	125755
UNKNOWN	273	A	0.988027660233	G	0.00660542883683	9573	29	64	23	9689	125755
UNKNOWN	274	C	0.980080503664	A	0.00815357622046	79	9496	43	71	9689	125755
UNKNOWN	275	A	0.966766436165	G	0.0202291258128	9367	57	196	69	9689	125755
UNKNOWN	276	T	0.989162968315	G	0.00567654040665	36	14	55	9584	9689	125755
UNKNOWN	277	A	0.985653834245	C	0.00722468779028	9550	70	39	30	9689	125755
UNKNOWN	278	C	0.924760037156	T	0.0703891010424	30	8960	17	682	9689	125755
UNKNOWN	279	T	0.981215811745	G	0.00722468779028	50	62	70	9507	9689	125755
UNKNOWN	280	A	0.966972855816	C	0.0132108576737	9369	128	80	112	9689	125755
UNKNOWN	281	C	0.960883476107	T	0.0344720817422	29	9310	16	334	9689	125755
UNKNOWN	282	T	0.982351119827	G	0.01166271029	38	20	113	9518	9689	125755
