Type	Position	Nucl1	Freq1	Nucl2	Freq2	NumAs	NumCs	NumGs	NumTs	NumAligned	NumNaive
UNKNOWN	0	C	1.0	A	0.0	0	5802	0	0	5802	69309
UNKNOWN	1	A	1.0	C	0.0	5802	0	0	0	5802	69309
UNKNOWN	2	G	1.0	A	0.0	0	0	5802	0	5802	69309
UNKNOWN	3	G	1.0	A	0.0	0	0	5802	0	5802	69309
UNKNOWN	4	T	1.0	A	0.0	0	0	0	5802	5802	69309
UNKNOWN	5	G	1.0	A	0.0	0	0	5802	0	5802	69309
UNKNOWN	6	C	1.0	A	0.0	0	5802	0	0	5802	69309
UNKNOWN	7	A	0.997414684592	G	0.00155118924509	5787	2	9	4	5802	69309
UNKNOWN	8	G	0.993622888659	A	0.00482592209583	28	6	5765	3	5802	69309
UNKNOWN	9	C	0.996725267149	T	0.00189589796622	0	5783	8	11	5802	69309
UNKNOWN	10	T	0.998965873837	C	0.000861771802827	1	5	0	5796	5802	69309
UNKNOWN	11	G	0.998276456394	A	0.00120648052396	7	3	5792	0	5802	69309
UNKNOWN	12	C	0.999138228197	T	0.000689417442261	1	5797	0	4	5802	69309
UNKNOWN	13	G	0.999655291279	A	0.000344708721131	2	0	5800	0	5802	69309
UNKNOWN	14	G	0.979834539814	C	0.0194760427439	3	113	5685	1	5802	69309
UNKNOWN	15	G	0.999827645639	C	0.000172354360565	0	1	5801	0	5802	69309
UNKNOWN	16	A	0.998104102034	G	0.00137883488452	5791	3	8	0	5802	69309
UNKNOWN	17	G	0.997759393313	A	0.00189589796622	11	2	5789	0	5802	69309
UNKNOWN	18	T	0.998793519476	C	0.00103412616339	0	6	1	5795	5802	69309
UNKNOWN	19	C	0.999827645639	T	0.000172354360565	0	5801	0	1	5802	69309
UNKNOWN	20	G	0.917097552568	A	0.0823853843502	478	1	5321	2	5802	69309
UNKNOWN	21	G	0.999138228197	A	0.000517063081696	3	2	5797	0	5802	69309
UNKNOWN	22	G	0.999655291279	A	0.000172354360565	1	0	5800	1	5802	69309
UNKNOWN	23	C	0.999138228197	T	0.000689417442261	0	5797	1	4	5802	69309
UNKNOWN	24	C	1.0	A	0.0	0	5802	0	0	5802	69309
UNKNOWN	25	C	0.999827645639	T	0.000172354360565	0	5801	0	1	5802	69309
UNKNOWN	26	C	0.999138228197	T	0.000517063081696	1	5797	1	3	5802	69309
UNKNOWN	27	A	0.998104102034	G	0.00103412616339	5791	5	6	0	5802	69309
UNKNOWN	28	G	0.995001723544	A	0.00430885901413	25	3	5773	1	5802	69309
UNKNOWN	29	C	0.998104102034	T	0.00189589796622	0	5791	0	11	5802	69309
UNKNOWN	30	C	0.999310582558	T	0.000689417442261	0	5798	0	4	5802	69309
UNKNOWN	31	T	0.998621165115	C	0.000689417442261	3	4	1	5794	5802	69309
UNKNOWN	32	G	0.99706997587	A	0.00224060668735	13	3	5785	1	5802	69309
UNKNOWN	33	G	0.997759393313	A	0.00120648052396	7	4	5789	2	5802	69309
UNKNOWN	34	T	0.998276456394	C	0.00103412616339	0	6	4	5792	5802	69309
UNKNOWN	35	G	0.996552912789	A	0.00310237849018	18	2	5782	0	5802	69309
UNKNOWN	36	A	0.997242330231	G	0.00189589796622	5786	4	11	1	5802	69309
UNKNOWN	37	A	0.997242330231	G	0.00258531540848	5786	1	15	0	5802	69309
UNKNOWN	38	G	0.998276456394	A	0.00137883488452	8	1	5792	1	5802	69309
UNKNOWN	39	C	0.998104102034	T	0.000861771802827	1	5791	5	5	5802	69309
UNKNOWN	40	C	0.999827645639	G	0.000172354360565	0	5801	1	0	5802	69309
UNKNOWN	41	C	0.998621165115	G	0.00103412616339	1	5794	6	1	5802	69309
UNKNOWN	42	T	0.997414684592	C	0.00224060668735	2	13	0	5787	5802	69309
UNKNOWN	43	C	0.999482936918	A	0.000344708721131	2	5799	0	1	5802	69309
UNKNOWN	44	A	0.996380558428	G	0.00310237849018	5781	3	18	0	5802	69309
UNKNOWN	45	C	0.999310582558	A	0.000344708721131	2	5798	2	0	5802	69309
UNKNOWN	46	A	0.998448810755	G	0.00103412616339	5793	3	6	0	5802	69309
UNKNOWN	47	G	0.998448810755	A	0.00120648052396	7	2	5793	0	5802	69309
UNKNOWN	48	A	0.997759393313	G	0.00155118924509	5789	4	9	0	5802	69309
UNKNOWN	49	C	0.998448810755	G	0.00120648052396	1	5793	7	1	5802	69309
UNKNOWN	50	C	0.998793519476	T	0.00103412616339	0	5795	1	6	5802	69309
UNKNOWN	51	C	0.999310582558	T	0.000689417442261	0	5798	0	4	5802	69309
UNKNOWN	52	T	0.997242330231	C	0.00275766976905	0	16	0	5786	5802	69309
UNKNOWN	53	C	0.997759393313	G	0.00137883488452	1	5789	8	4	5802	69309
UNKNOWN	54	T	0.998448810755	C	0.00137883488452	0	8	1	5793	5802	69309
UNKNOWN	55	C	0.999655291279	T	0.000344708721131	0	5800	0	2	5802	69309
UNKNOWN	56	C	0.998448810755	T	0.000689417442261	1	5793	4	4	5802	69309
UNKNOWN	57	C	0.996725267149	G	0.00258531540848	0	5783	15	4	5802	69309
UNKNOWN	58	T	0.998276456394	C	0.00137883488452	2	8	0	5792	5802	69309
UNKNOWN	59	C	0.999655291279	A	0.000172354360565	1	5800	0	1	5802	69309
UNKNOWN	60	A	0.998104102034	G	0.00120648052396	5791	3	7	1	5802	69309
UNKNOWN	61	C	0.998965873837	G	0.000861771802827	1	5796	5	0	5802	69309
UNKNOWN	62	C	0.997414684592	G	0.00137883488452	0	5787	8	7	5802	69309
UNKNOWN	63	T	0.998621165115	C	0.00103412616339	0	6	2	5794	5802	69309
UNKNOWN	64	G	0.999655291279	C	0.000344708721131	0	2	5800	0	5802	69309
UNKNOWN	65	C	0.997759393313	T	0.00206825232678	1	5789	0	12	5802	69309
UNKNOWN	66	A	0.995863495346	G	0.00327473285074	5778	2	19	3	5802	69309
UNKNOWN	67	C	0.997931747673	T	0.00137883488452	1	5790	3	8	5802	69309
UNKNOWN	68	G	0.995691140986	A	0.00310237849018	18	6	5777	1	5802	69309
UNKNOWN	69	G	0.778524646674	A	0.213202344019	1237	10	4517	38	5802	69309
UNKNOWN	70	T	0.815753188556	C	0.183212685281	1	1063	5	4733	5802	69309
UNKNOWN	71	C	0.99379524302	G	0.00413650465357	1	5766	24	11	5802	69309
UNKNOWN	72	T	0.997759393313	C	0.00206825232678	1	12	0	5789	5802	69309
UNKNOWN	73	C	0.998448810755	T	0.00155118924509	0	5793	0	9	5802	69309
UNKNOWN	74	T	0.997759393313	G	0.00137883488452	1	4	8	5789	5802	69309
UNKNOWN	75	G	0.998276456394	A	0.00137883488452	8	2	5792	0	5802	69309
UNKNOWN	76	G	0.99689762151	A	0.00258531540848	15	2	5784	1	5802	69309
UNKNOWN	77	A	0.995863495346	G	0.00258531540848	5778	7	15	2	5802	69309
UNKNOWN	78	T	0.997931747673	C	0.00120648052396	0	7	5	5790	5802	69309
UNKNOWN	79	T	0.998104102034	C	0.00155118924509	1	9	1	5791	5802	69309
UNKNOWN	80	C	0.995001723544	T	0.00379179593244	2	5773	5	22	5802	69309
UNKNOWN	81	T	0.998276456394	C	0.00137883488452	2	8	0	5792	5802	69309
UNKNOWN	82	C	0.997931747673	T	0.00172354360565	1	5790	1	10	5802	69309
UNKNOWN	83	A	0.99689762151	G	0.00189589796622	5784	3	11	4	5802	69309
UNKNOWN	84	C	0.67080317132	T	0.327128576353	5	3892	7	1898	5802	69309
UNKNOWN	85	T	0.998276456394	C	0.000861771802827	0	5	5	5792	5802	69309
UNKNOWN	86	G	0.991209927611	A	0.00810065494657	47	3	5751	1	5802	69309
UNKNOWN	87	A	0.992933471217	G	0.00534298517752	5761	8	31	2	5802	69309
UNKNOWN	88	G	0.976559806963	A	0.0163736642537	95	31	5666	10	5802	69309
UNKNOWN	89	C	0.976559806963	T	0.0146501206481	24	5666	27	85	5802	69309
UNKNOWN	90	A	0.991726990693	G	0.00620475698035	5754	11	36	1	5802	69309
UNKNOWN	91	G	0.953809031368	A	0.0301620130989	175	67	5534	26	5802	69309
UNKNOWN	92	C	0.973802137194	T	0.0163736642537	40	5650	17	95	5802	69309
UNKNOWN	93	T	0.90554981041	A	0.0711823509135	413	89	46	5254	5802	69309
UNKNOWN	94	A	0.978455704929	G	0.00913478110996	5677	23	53	49	5802	69309
UNKNOWN	95	T	0.986901068597	C	0.00879007238883	14	51	11	5726	5802	69309
UNKNOWN	96	G	0.931920027577	A	0.0456739055498	265	76	5407	54	5802	69309
UNKNOWN	97	C	0.739572561186	G	0.210789382971	184	4291	1223	104	5802	69309
UNKNOWN	98	T	0.991037573251	C	0.00672182006205	6	39	7	5750	5802	69309
UNKNOWN	99	G	0.983626335746	A	0.0153395380903	89	2	5707	4	5802	69309
UNKNOWN	100	T	0.997759393313	C	0.00172354360565	2	10	1	5789	5802	69309
UNKNOWN	101	A	0.987073422958	G	0.00775594622544	5727	17	45	13	5802	69309
UNKNOWN	102	G	0.882281971734	A	0.11289210617	655	18	5119	10	5802	69309
UNKNOWN	103	G	0.83833160979	T	0.0996208204068	293	67	4864	578	5802	69309
UNKNOWN	104	C	0.986901068597	G	0.00723888314374	17	5726	42	17	5802	69309
UNKNOWN	105	T	0.998965873837	C	0.000517063081696	0	3	3	5796	5802	69309
UNKNOWN	106	G	0.999655291279	A	0.000344708721131	2	0	5800	0	5802	69309
UNKNOWN	107	G	0.999655291279	A	0.000344708721131	2	0	5800	0	5802	69309
UNKNOWN	108	G	0.992588762496	A	0.00637711134092	37	5	5759	1	5802	69309
UNKNOWN	109	T	0.997414684592	C	0.00224060668735	0	13	2	5787	5802	69309
UNKNOWN	110	C	0.998448810755	T	0.00120648052396	2	5793	0	7	5802	69309
UNKNOWN	111	C	0.999138228197	T	0.000517063081696	1	5797	1	3	5802	69309
UNKNOWN	112	G	0.999655291279	A	0.000172354360565	1	1	5800	0	5802	69309
UNKNOWN	113	C	0.999138228197	T	0.000517063081696	2	5797	0	3	5802	69309
UNKNOWN	114	C	0.999655291279	A	0.000172354360565	1	5800	0	1	5802	69309
UNKNOWN	115	A	0.997242330231	G	0.00206825232678	5786	3	12	1	5802	69309
UNKNOWN	116	G	0.999482936918	A	0.000344708721131	2	0	5799	1	5802	69309
UNKNOWN	117	G	0.995863495346	A	0.00379179593244	22	2	5778	0	5802	69309
UNKNOWN	118	C	0.998276456394	G	0.00103412616339	0	5792	6	4	5802	69309
UNKNOWN	119	T	0.99706997587	C	0.00155118924509	1	9	7	5785	5802	69309
UNKNOWN	120	C	0.997587038952	T	0.00224060668735	0	5788	1	13	5802	69309
UNKNOWN	121	C	0.999655291279	A	0.000172354360565	1	5800	0	1	5802	69309
UNKNOWN	122	A	0.65546363323	G	0.344019303688	3803	0	1996	3	5802	69309
UNKNOWN	123	G	0.998965873837	A	0.000861771802827	5	1	5796	0	5802	69309
UNKNOWN	124	G	0.997931747673	A	0.00206825232678	12	0	5790	0	5802	69309
UNKNOWN	125	G	0.891933815926	A	0.107549120993	624	3	5175	0	5802	69309
UNKNOWN	126	A	0.998104102034	G	0.00137883488452	5791	3	8	0	5802	69309
UNKNOWN	127	A	0.99689762151	G	0.00293002412961	5784	1	17	0	5802	69309
UNKNOWN	128	G	0.997587038952	A	0.00224060668735	13	0	5788	1	5802	69309
UNKNOWN	129	G	0.991037573251	A	0.00689417442261	40	8	5750	4	5802	69309
UNKNOWN	130	C	0.996208204068	T	0.00275766976905	0	5780	6	16	5802	69309
UNKNOWN	131	G	0.915201654602	A	0.0810065494657	470	11	5310	11	5802	69309
UNKNOWN	132	C	0.995174077904	T	0.00293002412961	4	5774	7	17	5802	69309
UNKNOWN	133	T	0.994139951741	C	0.003964150293	3	23	8	5768	5802	69309
UNKNOWN	134	G	0.994657014822	A	0.00361944157187	21	3	5771	7	5802	69309
UNKNOWN	135	G	0.998448810755	A	0.00120648052396	7	1	5793	1	5802	69309
UNKNOWN	136	A	0.996380558428	G	0.00293002412961	5781	2	17	2	5802	69309
UNKNOWN	137	G	0.976904515684	A	0.0201654601861	117	14	5668	3	5802	69309
UNKNOWN	138	T	0.998448810755	C	0.000689417442261	1	4	4	5793	5802	69309
UNKNOWN	139	G	0.998793519476	A	0.000689417442261	4	2	5795	1	5802	69309
UNKNOWN	140	G	0.995346432265	T	0.00189589796622	6	10	5775	11	5802	69309
UNKNOWN	141	G	0.955187866253	A	0.0310237849018	180	66	5542	14	5802	69309
UNKNOWN	142	T	0.995346432265	C	0.00258531540848	1	15	11	5775	5802	69309
UNKNOWN	143	T	0.989314029645	C	0.00586004825922	5	34	23	5740	5802	69309
UNKNOWN	144	G	0.991554636332	A	0.00637711134092	37	0	5753	12	5802	69309
UNKNOWN	145	G	0.981385729059	C	0.0168907273354	3	98	5694	7	5802	69309
UNKNOWN	146	T	0.986901068597	C	0.00586004825922	19	34	23	5726	5802	69309
UNKNOWN	147	G	0.815063771113	A	0.164081351258	952	32	4729	89	5802	69309
UNKNOWN	148	G	0.825232678387	A	0.118579800069	688	226	4788	100	5802	69309
UNKNOWN	149	T	0.979489831093	A	0.00827300930714	48	36	35	5683	5802	69309
UNKNOWN	150	A	0.955187866253	G	0.0403309203723	5542	7	234	19	5802	69309
UNKNOWN	151	T	0.99379524302	C	0.00310237849018	12	18	6	5766	5802	69309
UNKNOWN	152	A	0.967942088935	G	0.0224060668735	5616	14	130	42	5802	69309
UNKNOWN	153	G	0.95725611858	A	0.0342985177525	199	30	5554	19	5802	69309
UNKNOWN	154	A	0.962599103757	G	0.0308514305412	5585	29	179	9	5802	69309
UNKNOWN	155	T	0.926059979317	G	0.0389520854878	103	100	226	5373	5802	69309
UNKNOWN	156	A	0.81695966908	G	0.128403998621	4740	56	745	261	5802	69309
UNKNOWN	157	A	0.894002068252	G	0.0675629093416	5187	131	392	92	5802	69309
UNKNOWN	158	T	0.972940365391	G	0.013098931403	54	27	76	5645	5802	69309
UNKNOWN	159	G	0.928817649087	A	0.0513615994485	298	25	5389	90	5802	69309
UNKNOWN	160	A	0.972250947949	G	0.0163736642537	5641	27	95	39	5802	69309
UNKNOWN	161	T	0.987073422958	G	0.00517063081696	17	28	30	5727	5802	69309
UNKNOWN	162	G	0.991726990693	A	0.00775594622544	45	3	5754	0	5802	69309
UNKNOWN	163	G	0.978455704929	A	0.017063081696	99	25	5677	1	5802	69309
UNKNOWN	164	A	0.985866942434	G	0.00775594622544	5720	30	45	7	5802	69309
UNKNOWN	165	G	0.823336780421	T	0.0972078593588	406	55	4777	564	5802	69309
UNKNOWN	166	A	0.96346087556	G	0.0230954843158	5590	35	134	43	5802	69309
UNKNOWN	167	C	0.955532574974	T	0.0215442950707	57	5544	76	125	5802	69309
UNKNOWN	168	A	0.985177524991	G	0.00930713547053	5716	21	54	11	5802	69309
UNKNOWN	169	C	0.955704929335	T	0.0263702171665	61	5545	43	153	5802	69309
UNKNOWN	170	A	0.981213374698	G	0.00879007238883	5693	34	51	24	5802	69309
UNKNOWN	171	T	0.808341951051	A	0.107376766632	623	109	380	4690	5802	69309
UNKNOWN	172	A	0.614960358497	G	0.357635298173	3568	89	2075	70	5802	69309
UNKNOWN	173	C	0.902619786281	G	0.0661840744571	87	5237	384	94	5802	69309
UNKNOWN	174	T	0.992933471217	C	0.00482592209583	12	28	1	5761	5802	69309
UNKNOWN	175	A	0.988279903482	C	0.00586004825922	5734	34	14	20	5802	69309
UNKNOWN	176	T	0.98793519476	C	0.00999655291279	8	58	4	5732	5802	69309
UNKNOWN	177	A	0.98173043778	C	0.0084453636677	5696	49	48	9	5802	69309
UNKNOWN	178	A	0.992244053775	G	0.00620475698035	5757	8	36	1	5802	69309
UNKNOWN	179	C	0.925370561875	T	0.0648052395726	18	5369	39	376	5802	69309
UNKNOWN	180	C	0.970872113064	T	0.0156842468114	17	5633	61	91	5802	69309
UNKNOWN	181	C	0.984143398828	G	0.00930713547053	18	5710	54	20	5802	69309
UNKNOWN	182	A	0.994139951741	G	0.00361944157187	5768	5	21	8	5802	69309
UNKNOWN	183	G	0.979662185453	A	0.00999655291279	58	16	5684	44	5802	69309
UNKNOWN	184	C	0.987245777318	T	0.00947948983109	7	5728	12	55	5802	69309
UNKNOWN	185	C	0.996725267149	T	0.00293002412961	2	5783	0	17	5802	69309
UNKNOWN	186	C	0.995518786625	T	0.00310237849018	0	5776	8	18	5802	69309
UNKNOWN	187	T	0.99706997587	G	0.00137883488452	5	4	8	5785	5802	69309
UNKNOWN	188	G	0.976904515684	A	0.0194760427439	113	8	5668	13	5802	69309
UNKNOWN	189	A	0.995691140986	G	0.00379179593244	5777	3	22	0	5802	69309
UNKNOWN	190	A	0.996725267149	G	0.00189589796622	5783	4	11	4	5802	69309
UNKNOWN	191	A	0.992416408135	G	0.00568769389866	5758	3	33	8	5802	69309
UNKNOWN	192	T	0.996552912789	C	0.00189589796622	4	11	5	5782	5802	69309
UNKNOWN	193	C	0.997931747673	T	0.00120648052396	4	5790	1	7	5802	69309
UNKNOWN	194	C	0.994484660462	G	0.00258531540848	7	5770	15	10	5802	69309
UNKNOWN	195	C	0.997414684592	G	0.00189589796622	4	5787	11	0	5802	69309
UNKNOWN	196	G	0.997759393313	A	0.00137883488452	8	3	5789	2	5802	69309
UNKNOWN	197	G	0.968459152017	A	0.0215442950707	125	36	5619	22	5802	69309
UNKNOWN	198	C	0.991382281972	T	0.00499827645639	3	5752	18	29	5802	69309
UNKNOWN	199	T	0.996035849707	C	0.00258531540848	3	15	5	5779	5802	69309
UNKNOWN	200	C	0.996035849707	A	0.00206825232678	12	5779	5	6	5802	69309
UNKNOWN	201	A	0.992071699414	G	0.00465356773526	5756	19	27	0	5802	69309
UNKNOWN	202	G	0.988624612203	C	0.00827300930714	6	48	5736	12	5802	69309
UNKNOWN	203	C	0.982419855222	T	0.0101689072734	19	5700	24	59	5802	69309
UNKNOWN	204	A	0.989486384006	G	0.00775594622544	5741	7	45	9	5802	69309
UNKNOWN	205	T	0.995863495346	C	0.00310237849018	4	18	2	5778	5802	69309
UNKNOWN	206	C	0.994829369183	T	0.00344708721131	10	5772	0	20	5802	69309
UNKNOWN	207	A	0.99379524302	G	0.00361944157187	5766	10	21	5	5802	69309
UNKNOWN	208	C	0.99086521889	G	0.00586004825922	5	5749	34	14	5802	69309
UNKNOWN	209	C	0.986901068597	T	0.00741123750431	14	5726	19	43	5802	69309
UNKNOWN	210	A	0.992588762496	G	0.00568769389866	5759	10	33	0	5802	69309
UNKNOWN	211	A	0.660117200965	G	0.337469837987	3830	9	1958	5	5802	69309
UNKNOWN	212	G	0.995174077904	A	0.0044812133747	26	1	5774	1	5802	69309
UNKNOWN	213	G	0.994312306101	A	0.003964150293	23	6	5769	4	5802	69309
UNKNOWN	214	A	0.996208204068	C	0.00172354360565	5780	10	10	2	5802	69309
UNKNOWN	215	C	0.993278179938	T	0.00344708721131	10	5763	9	20	5802	69309
UNKNOWN	216	A	0.992588762496	G	0.00534298517752	5759	10	31	2	5802	69309
UNKNOWN	217	A	0.671320234402	C	0.320751465012	3895	1861	33	13	5802	69309
UNKNOWN	218	C	0.9877628404	T	0.00620475698035	2	5731	33	36	5802	69309
UNKNOWN	219	T	0.995518786625	C	0.00258531540848	7	15	4	5776	5802	69309
UNKNOWN	220	C	0.99706997587	T	0.00155118924509	8	5785	0	9	5802	69309
UNKNOWN	221	C	0.996552912789	A	0.00172354360565	10	5782	2	8	5802	69309
UNKNOWN	222	A	0.992761116856	G	0.00465356773526	5760	14	27	1	5802	69309
UNKNOWN	223	A	0.990175801448	G	0.0089624267494	5745	3	52	2	5802	69309
UNKNOWN	224	G	0.993278179938	A	0.00293002412961	17	17	5763	5	5802	69309
UNKNOWN	225	A	0.992761116856	G	0.00586004825922	5760	7	34	1	5802	69309
UNKNOWN	226	G	0.972250947949	A	0.0201654601861	117	38	5641	6	5802	69309
UNKNOWN	227	C	0.982075146501	T	0.0139607032058	4	5698	19	81	5802	69309
UNKNOWN	228	C	0.996725267149	A	0.00172354360565	10	5783	8	1	5802	69309
UNKNOWN	229	A	0.991209927611	G	0.00672182006205	5751	6	39	6	5802	69309
UNKNOWN	230	A	0.981385729059	G	0.0179248534988	5694	2	104	2	5802	69309
UNKNOWN	231	G	0.976904515684	A	0.0141330575664	82	31	5668	21	5802	69309
UNKNOWN	232	T	0.995174077904	C	0.00430885901413	0	25	3	5774	5802	69309
UNKNOWN	233	C	0.987073422958	G	0.00775594622544	4	5727	45	26	5802	69309
UNKNOWN	234	T	0.995346432265	C	0.00293002412961	2	17	8	5775	5802	69309
UNKNOWN	235	C	0.996208204068	T	0.00361944157187	1	5780	0	21	5802	69309
UNKNOWN	236	T	0.99086521889	C	0.00568769389866	8	33	12	5749	5802	69309
UNKNOWN	237	C	0.997414684592	T	0.00155118924509	3	5787	3	9	5802	69309
UNKNOWN	238	T	0.996725267149	G	0.00189589796622	3	5	11	5783	5802	69309
UNKNOWN	239	G	0.978283350569	A	0.0132712857635	77	14	5676	35	5802	69309
UNKNOWN	240	T	0.993450534299	C	0.00258531540848	10	15	13	5764	5802	69309
UNKNOWN	241	C	0.991037573251	T	0.00689417442261	9	5750	3	40	5802	69309
UNKNOWN	242	A	0.97569803516	G	0.0149948293692	5661	19	87	35	5802	69309
UNKNOWN	243	G	0.958807307825	C	0.0172354360565	90	100	5563	49	5802	69309
UNKNOWN	244	T	0.995174077904	G	0.00224060668735	7	8	13	5774	5802	69309
UNKNOWN	245	G	0.986901068597	A	0.00827300930714	48	16	5726	12	5802	69309
UNKNOWN	246	A	0.988452257842	G	0.007928300586	5735	17	46	4	5802	69309
UNKNOWN	247	G	0.974146845915	A	0.0163736642537	95	39	5652	16	5802	69309
UNKNOWN	248	C	0.97880041365	T	0.0148224750086	17	5679	20	86	5802	69309
UNKNOWN	249	A	0.988279903482	G	0.0103412616339	5734	7	60	1	5802	69309
UNKNOWN	250	G	0.987245777318	C	0.00930713547053	19	54	5728	1	5802	69309
UNKNOWN	251	C	0.989314029645	T	0.00654946570148	1	5740	23	38	5802	69309
UNKNOWN	252	G	0.992588762496	A	0.003964150293	23	5	5759	15	5802	69309
UNKNOWN	253	T	0.994657014822	C	0.00327473285074	3	19	9	5771	5802	69309
UNKNOWN	254	G	0.97880041365	A	0.0162013098931	94	20	5679	9	5802	69309
UNKNOWN	255	A	0.985177524991	G	0.0108583247156	5716	12	63	11	5802	69309
UNKNOWN	256	C	0.993450534299	T	0.00224060668735	12	5764	13	13	5802	69309
UNKNOWN	257	A	0.968976215098	G	0.0268872802482	5622	15	156	9	5802	69309
UNKNOWN	258	A	0.614098586694	C	0.361771802827	3563	2099	122	18	5802	69309
UNKNOWN	259	C	0.986556359876	T	0.00758359186487	5	5724	29	44	5802	69309
UNKNOWN	260	T	0.981213374698	C	0.0084453636677	11	49	49	5693	5802	69309
UNKNOWN	261	G	0.993278179938	A	0.00344708721131	20	10	5763	9	5802	69309
UNKNOWN	262	A	0.990520510169	G	0.00758359186487	5747	11	44	0	5802	69309
UNKNOWN	263	G	0.973974491555	A	0.0153395380903	89	47	5651	15	5802	69309
UNKNOWN	264	G	0.996035849707	A	0.00241296104791	14	3	5779	6	5802	69309
UNKNOWN	265	A	0.994312306101	C	0.00293002412961	5769	17	11	5	5802	69309
UNKNOWN	266	C	0.986384005515	T	0.00913478110996	18	5723	8	53	5802	69309
UNKNOWN	267	A	0.978455704929	G	0.0103412616339	5677	12	60	53	5802	69309
UNKNOWN	268	C	0.994829369183	G	0.00293002412961	7	5772	17	6	5802	69309
UNKNOWN	269	G	0.995174077904	A	0.00241296104791	14	5	5774	9	5802	69309
UNKNOWN	270	G	0.994829369183	A	0.00224060668735	13	12	5772	5	5802	69309
UNKNOWN	271	C	0.995174077904	A	0.00224060668735	13	5774	12	3	5802	69309
UNKNOWN	272	C	0.99396759738	A	0.00344708721131	20	5767	3	12	5802	69309
UNKNOWN	273	A	0.994139951741	G	0.00241296104791	5768	12	14	8	5802	69309
UNKNOWN	274	C	0.991726990693	A	0.00413650465357	24	5754	6	18	5802	69309
UNKNOWN	275	A	0.976215098242	G	0.0149948293692	5664	30	87	21	5802	69309
UNKNOWN	276	T	0.994484660462	A	0.00206825232678	12	8	12	5770	5802	69309
UNKNOWN	277	A	0.994829369183	C	0.00275766976905	5772	16	8	6	5802	69309
UNKNOWN	278	C	0.970872113064	T	0.0279214064116	4	5633	3	162	5802	69309
UNKNOWN	279	T	0.991554636332	C	0.00413650465357	15	24	10	5753	5802	69309
UNKNOWN	280	A	0.989141675284	C	0.00586004825922	5739	34	9	20	5802	69309
UNKNOWN	281	C	0.986901068597	T	0.0113753877973	2	5726	8	66	5802	69309
UNKNOWN	282	T	0.992933471217	G	0.0044812133747	8	7	26	5761	5802	69309
