Type	Position	Nucl1	Freq1	Nucl2	Freq2	NumAs	NumCs	NumGs	NumTs	NumAligned	NumNaive
UNKNOWN	0	C	1.0	A	0.0	0	483	0	0	483	102094
UNKNOWN	1	A	1.0	C	0.0	483	0	0	0	483	102094
UNKNOWN	2	G	1.0	A	0.0	0	0	483	0	483	102094
UNKNOWN	3	G	1.0	A	0.0	0	0	483	0	483	102094
UNKNOWN	4	T	1.0	A	0.0	0	0	0	483	483	102094
UNKNOWN	5	G	1.0	A	0.0	0	0	483	0	483	102094
UNKNOWN	6	C	1.0	A	0.0	0	483	0	0	483	102094
UNKNOWN	7	A	0.997929606625	G	0.00207039337474	482	0	1	0	483	102094
UNKNOWN	8	G	0.993788819876	A	0.00414078674948	2	1	480	0	483	102094
UNKNOWN	9	C	0.987577639752	G	0.0124223602484	0	477	6	0	483	102094
UNKNOWN	10	T	0.997929606625	C	0.00207039337474	0	1	0	482	483	102094
UNKNOWN	11	G	1.0	A	0.0	0	0	483	0	483	102094
UNKNOWN	12	C	1.0	A	0.0	0	483	0	0	483	102094
UNKNOWN	13	G	1.0	A	0.0	0	0	483	0	483	102094
UNKNOWN	14	C	0.581780538302	G	0.416149068323	0	281	201	1	483	102094
UNKNOWN	15	G	1.0	A	0.0	0	0	483	0	483	102094
UNKNOWN	16	A	1.0	C	0.0	483	0	0	0	483	102094
UNKNOWN	17	G	1.0	A	0.0	0	0	483	0	483	102094
UNKNOWN	18	T	0.997929606625	A	0.00207039337474	1	0	0	482	483	102094
UNKNOWN	19	C	0.997929606625	T	0.00207039337474	0	482	0	1	483	102094
UNKNOWN	20	G	0.923395445135	A	0.0766045548654	37	0	446	0	483	102094
UNKNOWN	21	G	1.0	A	0.0	0	0	483	0	483	102094
UNKNOWN	22	G	1.0	A	0.0	0	0	483	0	483	102094
UNKNOWN	23	C	0.993788819876	T	0.00621118012422	0	480	0	3	483	102094
UNKNOWN	24	C	0.997929606625	T	0.00207039337474	0	482	0	1	483	102094
UNKNOWN	25	C	1.0	A	0.0	0	483	0	0	483	102094
UNKNOWN	26	C	1.0	A	0.0	0	483	0	0	483	102094
UNKNOWN	27	A	0.997929606625	G	0.00207039337474	482	0	1	0	483	102094
UNKNOWN	28	G	1.0	A	0.0	0	0	483	0	483	102094
UNKNOWN	29	C	0.997929606625	T	0.00207039337474	0	482	0	1	483	102094
UNKNOWN	30	C	1.0	A	0.0	0	483	0	0	483	102094
UNKNOWN	31	T	1.0	A	0.0	0	0	0	483	483	102094
UNKNOWN	32	G	0.997929606625	A	0.00207039337474	1	0	482	0	483	102094
UNKNOWN	33	G	1.0	A	0.0	0	0	483	0	483	102094
UNKNOWN	34	T	0.997929606625	C	0.00207039337474	0	1	0	482	483	102094
UNKNOWN	35	G	1.0	A	0.0	0	0	483	0	483	102094
UNKNOWN	36	A	0.997929606625	C	0.00207039337474	482	1	0	0	483	102094
UNKNOWN	37	A	0.997929606625	C	0.00207039337474	482	1	0	0	483	102094
UNKNOWN	38	G	0.997929606625	A	0.00207039337474	1	0	482	0	483	102094
UNKNOWN	39	C	1.0	A	0.0	0	483	0	0	483	102094
UNKNOWN	40	C	1.0	A	0.0	0	483	0	0	483	102094
UNKNOWN	41	C	0.997929606625	G	0.00207039337474	0	482	1	0	483	102094
UNKNOWN	42	T	1.0	A	0.0	0	0	0	483	483	102094
UNKNOWN	43	C	1.0	A	0.0	0	483	0	0	483	102094
UNKNOWN	44	A	1.0	C	0.0	483	0	0	0	483	102094
UNKNOWN	45	C	1.0	A	0.0	0	483	0	0	483	102094
UNKNOWN	46	A	1.0	C	0.0	483	0	0	0	483	102094
UNKNOWN	47	G	0.995859213251	A	0.00414078674948	2	0	481	0	483	102094
UNKNOWN	48	A	0.995859213251	C	0.00414078674948	481	2	0	0	483	102094
UNKNOWN	49	C	0.997929606625	A	0.00207039337474	1	482	0	0	483	102094
UNKNOWN	50	C	1.0	A	0.0	0	483	0	0	483	102094
UNKNOWN	51	C	1.0	A	0.0	0	483	0	0	483	102094
UNKNOWN	52	T	1.0	A	0.0	0	0	0	483	483	102094
UNKNOWN	53	C	1.0	A	0.0	0	483	0	0	483	102094
UNKNOWN	54	T	1.0	A	0.0	0	0	0	483	483	102094
UNKNOWN	55	C	1.0	A	0.0	0	483	0	0	483	102094
UNKNOWN	56	C	1.0	A	0.0	0	483	0	0	483	102094
UNKNOWN	57	C	0.993788819876	G	0.00621118012422	0	480	3	0	483	102094
UNKNOWN	58	T	0.997929606625	A	0.00207039337474	1	0	0	482	483	102094
UNKNOWN	59	C	0.997929606625	A	0.00207039337474	1	482	0	0	483	102094
UNKNOWN	60	A	1.0	C	0.0	483	0	0	0	483	102094
UNKNOWN	61	C	0.997929606625	T	0.00207039337474	0	482	0	1	483	102094
UNKNOWN	62	C	0.995859213251	G	0.00414078674948	0	481	2	0	483	102094
UNKNOWN	63	T	1.0	A	0.0	0	0	0	483	483	102094
UNKNOWN	64	G	1.0	A	0.0	0	0	483	0	483	102094
UNKNOWN	65	C	1.0	A	0.0	0	483	0	0	483	102094
UNKNOWN	66	A	0.989648033126	G	0.0103519668737	478	0	5	0	483	102094
UNKNOWN	67	C	0.997929606625	T	0.00207039337474	0	482	0	1	483	102094
UNKNOWN	68	G	0.993788819876	A	0.00414078674948	2	1	480	0	483	102094
UNKNOWN	69	G	0.971014492754	A	0.0289855072464	14	0	469	0	483	102094
UNKNOWN	70	T	1.0	A	0.0	0	0	0	483	483	102094
UNKNOWN	71	C	0.989648033126	G	0.00621118012422	0	478	3	2	483	102094
UNKNOWN	72	T	1.0	A	0.0	0	0	0	483	483	102094
UNKNOWN	73	C	1.0	A	0.0	0	483	0	0	483	102094
UNKNOWN	74	T	0.997929606625	A	0.00207039337474	1	0	0	482	483	102094
UNKNOWN	75	G	0.997929606625	A	0.00207039337474	1	0	482	0	483	102094
UNKNOWN	76	G	0.997929606625	A	0.00207039337474	1	0	482	0	483	102094
UNKNOWN	77	A	1.0	C	0.0	483	0	0	0	483	102094
UNKNOWN	78	T	0.931677018634	C	0.0621118012422	0	30	3	450	483	102094
UNKNOWN	79	T	0.989648033126	G	0.00828157349896	0	1	4	478	483	102094
UNKNOWN	80	C	0.995859213251	A	0.00207039337474	1	481	0	1	483	102094
UNKNOWN	81	T	0.997929606625	C	0.00207039337474	0	1	0	482	483	102094
UNKNOWN	82	C	0.995859213251	A	0.00207039337474	1	481	0	1	483	102094
UNKNOWN	83	A	0.997929606625	G	0.00207039337474	482	0	1	0	483	102094
UNKNOWN	84	T	1.0	A	0.0	0	0	0	483	483	102094
UNKNOWN	85	T	1.0	A	0.0	0	0	0	483	483	102094
UNKNOWN	86	G	0.995859213251	A	0.00414078674948	2	0	481	0	483	102094
UNKNOWN	87	A	0.993788819876	G	0.00414078674948	480	1	2	0	483	102094
UNKNOWN	88	G	0.971014492754	A	0.0227743271222	11	3	469	0	483	102094
UNKNOWN	89	C	0.979296066253	T	0.0186335403727	0	473	1	9	483	102094
UNKNOWN	90	A	0.987577639752	G	0.0124223602484	477	0	6	0	483	102094
UNKNOWN	91	G	0.910973084886	A	0.0393374741201	19	11	440	13	483	102094
UNKNOWN	92	C	0.981366459627	T	0.0103519668737	3	474	1	5	483	102094
UNKNOWN	93	T	0.985507246377	A	0.0103519668737	5	0	2	476	483	102094
UNKNOWN	94	A	0.997929606625	C	0.00207039337474	482	1	0	0	483	102094
UNKNOWN	95	T	1.0	A	0.0	0	0	0	483	483	102094
UNKNOWN	96	G	0.96066252588	A	0.0289855072464	14	3	464	2	483	102094
UNKNOWN	97	G	0.610766045549	C	0.308488612836	14	149	295	25	483	102094
UNKNOWN	98	T	0.993788819876	A	0.00414078674948	2	0	1	480	483	102094
UNKNOWN	99	G	0.979296066253	A	0.0207039337474	10	0	473	0	483	102094
UNKNOWN	100	T	1.0	A	0.0	0	0	0	483	483	102094
UNKNOWN	101	A	0.958592132505	G	0.0269151138716	463	6	13	1	483	102094
UNKNOWN	102	A	0.71635610766	G	0.275362318841	346	3	133	1	483	102094
UNKNOWN	103	G	0.863354037267	A	0.0952380952381	46	18	417	2	483	102094
UNKNOWN	104	C	0.989648033126	T	0.00621118012422	1	478	1	3	483	102094
UNKNOWN	105	T	1.0	A	0.0	0	0	0	483	483	102094
UNKNOWN	106	G	1.0	A	0.0	0	0	483	0	483	102094
UNKNOWN	107	G	1.0	A	0.0	0	0	483	0	483	102094
UNKNOWN	108	G	0.993788819876	A	0.00414078674948	2	0	480	1	483	102094
UNKNOWN	109	T	0.997929606625	C	0.00207039337474	0	1	0	482	483	102094
UNKNOWN	110	C	0.995859213251	A	0.00207039337474	1	481	0	1	483	102094
UNKNOWN	111	C	1.0	A	0.0	0	483	0	0	483	102094
UNKNOWN	112	G	0.997929606625	C	0.00207039337474	0	1	482	0	483	102094
UNKNOWN	113	C	0.995859213251	T	0.00414078674948	0	481	0	2	483	102094
UNKNOWN	114	C	0.997929606625	A	0.00207039337474	1	482	0	0	483	102094
UNKNOWN	115	A	1.0	C	0.0	483	0	0	0	483	102094
UNKNOWN	116	G	1.0	A	0.0	0	0	483	0	483	102094
UNKNOWN	117	G	0.968944099379	A	0.0310559006211	15	0	468	0	483	102094
UNKNOWN	118	C	1.0	A	0.0	0	483	0	0	483	102094
UNKNOWN	119	T	0.997929606625	C	0.00207039337474	0	1	0	482	483	102094
UNKNOWN	120	C	1.0	A	0.0	0	483	0	0	483	102094
UNKNOWN	121	C	1.0	A	0.0	0	483	0	0	483	102094
UNKNOWN	122	A	0.933747412008	G	0.064182194617	451	1	31	0	483	102094
UNKNOWN	123	G	1.0	A	0.0	0	0	483	0	483	102094
UNKNOWN	124	G	0.997929606625	C	0.00207039337474	0	1	482	0	483	102094
UNKNOWN	125	G	0.991718426501	A	0.00621118012422	3	0	479	1	483	102094
UNKNOWN	126	A	0.995859213251	C	0.00207039337474	481	1	1	0	483	102094
UNKNOWN	127	A	1.0	C	0.0	483	0	0	0	483	102094
UNKNOWN	128	G	1.0	A	0.0	0	0	483	0	483	102094
UNKNOWN	129	G	0.993788819876	A	0.00621118012422	3	0	480	0	483	102094
UNKNOWN	130	C	0.993788819876	T	0.00621118012422	0	480	0	3	483	102094
UNKNOWN	131	G	0.954451345756	A	0.0414078674948	20	2	461	0	483	102094
UNKNOWN	132	C	1.0	A	0.0	0	483	0	0	483	102094
UNKNOWN	133	T	0.997929606625	C	0.00207039337474	0	1	0	482	483	102094
UNKNOWN	134	G	0.997929606625	A	0.00207039337474	1	0	482	0	483	102094
UNKNOWN	135	G	1.0	A	0.0	0	0	483	0	483	102094
UNKNOWN	136	A	0.995859213251	G	0.00414078674948	481	0	2	0	483	102094
UNKNOWN	137	G	0.993788819876	A	0.00621118012422	3	0	480	0	483	102094
UNKNOWN	138	T	1.0	A	0.0	0	0	0	483	483	102094
UNKNOWN	139	G	0.997929606625	A	0.00207039337474	1	0	482	0	483	102094
UNKNOWN	140	C	0.734989648033	T	0.163561076605	1	355	48	79	483	102094
UNKNOWN	141	C	0.910973084886	G	0.0766045548654	6	440	37	0	483	102094
UNKNOWN	142	T	1.0	A	0.0	0	0	0	483	483	102094
UNKNOWN	143	C	0.786749482402	T	0.211180124224	1	380	0	102	483	102094
UNKNOWN	144	G	0.997929606625	A	0.00207039337474	1	0	482	0	483	102094
UNKNOWN	145	G	0.997929606625	C	0.00207039337474	0	1	482	0	483	102094
UNKNOWN	146	T	0.983436853002	C	0.00828157349896	3	4	1	475	483	102094
UNKNOWN	147	G	0.942028985507	A	0.0496894409938	24	0	455	4	483	102094
UNKNOWN	148	G	0.973084886128	C	0.0165631469979	3	8	470	2	483	102094
UNKNOWN	149	T	0.981366459627	G	0.0165631469979	0	1	8	474	483	102094
UNKNOWN	150	A	0.995859213251	G	0.00414078674948	481	0	2	0	483	102094
UNKNOWN	151	T	1.0	A	0.0	0	0	0	483	483	102094
UNKNOWN	152	A	0.979296066253	T	0.0144927536232	473	0	3	7	483	102094
UNKNOWN	153	A	0.971014492754	G	0.0227743271222	469	3	11	0	483	102094
UNKNOWN	154	G	0.942028985507	A	0.0351966873706	17	11	455	0	483	102094
UNKNOWN	155	T	0.600414078675	C	0.366459627329	5	177	11	290	483	102094
UNKNOWN	156	A	0.958592132505	G	0.0331262939959	463	3	16	1	483	102094
UNKNOWN	157	G	0.942028985507	A	0.0434782608696	21	7	455	0	483	102094
UNKNOWN	158	T	0.991718426501	A	0.00414078674948	2	1	1	479	483	102094
UNKNOWN	159	G	0.855072463768	A	0.107660455487	52	14	413	4	483	102094
UNKNOWN	160	G	0.937888198758	A	0.0434782608696	21	9	453	0	483	102094
UNKNOWN	161	T	0.983436853002	C	0.00828157349896	1	4	3	475	483	102094
UNKNOWN	162	G	0.989648033126	A	0.00828157349896	4	0	478	1	483	102094
UNKNOWN	163	G	0.991718426501	A	0.00828157349896	4	0	479	0	483	102094
UNKNOWN	164	A	0.973084886128	G	0.0144927536232	470	3	7	3	483	102094
UNKNOWN	165	A	0.935817805383	G	0.0600414078675	452	2	29	0	483	102094
UNKNOWN	166	G	0.751552795031	A	0.132505175983	64	36	363	20	483	102094
UNKNOWN	167	C	0.894409937888	T	0.0579710144928	10	432	13	28	483	102094
UNKNOWN	168	A	0.981366459627	G	0.0165631469979	474	0	8	1	483	102094
UNKNOWN	169	C	0.968944099379	A	0.0165631469979	8	468	0	7	483	102094
UNKNOWN	170	A	0.995859213251	G	0.00414078674948	481	0	2	0	483	102094
UNKNOWN	171	G	0.950310559006	T	0.0414078674948	4	0	459	20	483	102094
UNKNOWN	172	G	0.861283643892	A	0.12215320911	59	5	416	3	483	102094
UNKNOWN	173	C	0.993788819876	G	0.00414078674948	0	480	2	1	483	102094
UNKNOWN	174	T	0.981366459627	C	0.0165631469979	0	8	1	474	483	102094
UNKNOWN	175	A	0.995859213251	T	0.00414078674948	481	0	0	2	483	102094
UNKNOWN	176	T	0.987577639752	C	0.00828157349896	2	4	0	477	483	102094
UNKNOWN	177	A	0.979296066253	C	0.0165631469979	473	8	2	0	483	102094
UNKNOWN	178	A	0.989648033126	G	0.00828157349896	478	0	4	1	483	102094
UNKNOWN	179	C	0.937888198758	T	0.0579710144928	0	453	2	28	483	102094
UNKNOWN	180	C	0.977225672878	T	0.0124223602484	0	472	5	6	483	102094
UNKNOWN	181	C	0.991718426501	A	0.00414078674948	2	479	0	2	483	102094
UNKNOWN	182	A	0.991718426501	G	0.00414078674948	479	1	2	1	483	102094
UNKNOWN	183	G	0.993788819876	A	0.00621118012422	3	0	480	0	483	102094
UNKNOWN	184	C	0.993788819876	G	0.00414078674948	0	480	2	1	483	102094
UNKNOWN	185	C	1.0	A	0.0	0	483	0	0	483	102094
UNKNOWN	186	C	1.0	A	0.0	0	483	0	0	483	102094
UNKNOWN	187	T	1.0	A	0.0	0	0	0	483	483	102094
UNKNOWN	188	G	0.995859213251	A	0.00414078674948	2	0	481	0	483	102094
UNKNOWN	189	A	0.997929606625	G	0.00207039337474	482	0	1	0	483	102094
UNKNOWN	190	A	0.995859213251	G	0.00414078674948	481	0	2	0	483	102094
UNKNOWN	191	A	0.997929606625	C	0.00207039337474	482	1	0	0	483	102094
UNKNOWN	192	T	0.997929606625	G	0.00207039337474	0	0	1	482	483	102094
UNKNOWN	193	C	0.985507246377	A	0.0124223602484	6	476	0	1	483	102094
UNKNOWN	194	C	1.0	A	0.0	0	483	0	0	483	102094
UNKNOWN	195	C	1.0	A	0.0	0	483	0	0	483	102094
UNKNOWN	196	G	1.0	A	0.0	0	0	483	0	483	102094
UNKNOWN	197	G	0.987577639752	A	0.0103519668737	5	0	477	1	483	102094
UNKNOWN	198	C	1.0	A	0.0	0	483	0	0	483	102094
UNKNOWN	199	T	0.997929606625	C	0.00207039337474	0	1	0	482	483	102094
UNKNOWN	200	C	1.0	A	0.0	0	483	0	0	483	102094
UNKNOWN	201	A	0.997929606625	G	0.00207039337474	482	0	1	0	483	102094
UNKNOWN	202	G	0.958592132505	C	0.0393374741201	1	19	463	0	483	102094
UNKNOWN	203	C	0.942028985507	T	0.055900621118	1	455	0	27	483	102094
UNKNOWN	204	A	0.995859213251	G	0.00414078674948	481	0	2	0	483	102094
UNKNOWN	205	T	1.0	A	0.0	0	0	0	483	483	102094
UNKNOWN	206	C	0.987577639752	T	0.0103519668737	0	477	1	5	483	102094
UNKNOWN	207	A	1.0	C	0.0	483	0	0	0	483	102094
UNKNOWN	208	C	0.997929606625	G	0.00207039337474	0	482	1	0	483	102094
UNKNOWN	209	C	0.991718426501	A	0.00414078674948	2	479	0	2	483	102094
UNKNOWN	210	A	1.0	C	0.0	483	0	0	0	483	102094
UNKNOWN	211	A	0.985507246377	T	0.00828157349896	476	0	3	4	483	102094
UNKNOWN	212	G	0.995859213251	A	0.00207039337474	1	1	481	0	483	102094
UNKNOWN	213	G	1.0	A	0.0	0	0	483	0	483	102094
UNKNOWN	214	A	0.997929606625	T	0.00207039337474	482	0	0	1	483	102094
UNKNOWN	215	C	0.981366459627	T	0.0186335403727	0	474	0	9	483	102094
UNKNOWN	216	A	0.991718426501	G	0.00828157349896	479	0	4	0	483	102094
UNKNOWN	217	A	0.971014492754	G	0.0289855072464	469	0	14	0	483	102094
UNKNOWN	218	C	0.997929606625	T	0.00207039337474	0	482	0	1	483	102094
UNKNOWN	219	T	1.0	A	0.0	0	0	0	483	483	102094
UNKNOWN	220	C	0.995859213251	T	0.00414078674948	0	481	0	2	483	102094
UNKNOWN	221	C	1.0	A	0.0	0	483	0	0	483	102094
UNKNOWN	222	A	0.997929606625	G	0.00207039337474	482	0	1	0	483	102094
UNKNOWN	223	A	0.993788819876	C	0.00207039337474	480	1	1	1	483	102094
UNKNOWN	224	G	0.987577639752	A	0.00621118012422	3	3	477	0	483	102094
UNKNOWN	225	A	0.997929606625	G	0.00207039337474	482	0	1	0	483	102094
UNKNOWN	226	G	0.977225672878	A	0.0186335403727	9	2	472	0	483	102094
UNKNOWN	227	C	0.981366459627	T	0.0165631469979	1	474	0	8	483	102094
UNKNOWN	228	C	1.0	A	0.0	0	483	0	0	483	102094
UNKNOWN	229	A	0.997929606625	T	0.00207039337474	482	0	0	1	483	102094
UNKNOWN	230	A	0.987577639752	G	0.0124223602484	477	0	6	0	483	102094
UNKNOWN	231	G	0.989648033126	A	0.00414078674948	2	1	478	2	483	102094
UNKNOWN	232	T	0.995859213251	C	0.00414078674948	0	2	0	481	483	102094
UNKNOWN	233	C	0.997929606625	T	0.00207039337474	0	482	0	1	483	102094
UNKNOWN	234	T	0.989648033126	A	0.00414078674948	2	2	1	478	483	102094
UNKNOWN	235	C	0.995859213251	A	0.00207039337474	1	481	0	1	483	102094
UNKNOWN	236	T	0.993788819876	C	0.00414078674948	0	2	1	480	483	102094
UNKNOWN	237	C	1.0	A	0.0	0	483	0	0	483	102094
UNKNOWN	238	T	1.0	A	0.0	0	0	0	483	483	102094
UNKNOWN	239	G	0.908902691511	A	0.0869565217391	42	2	439	0	483	102094
UNKNOWN	240	T	1.0	A	0.0	0	0	0	483	483	102094
UNKNOWN	241	C	0.995859213251	T	0.00414078674948	0	481	0	2	483	102094
UNKNOWN	242	A	0.991718426501	G	0.00828157349896	479	0	4	0	483	102094
UNKNOWN	243	G	0.695652173913	C	0.248447204969	21	120	336	6	483	102094
UNKNOWN	244	T	1.0	A	0.0	0	0	0	483	483	102094
UNKNOWN	245	G	0.993788819876	A	0.00621118012422	3	0	480	0	483	102094
UNKNOWN	246	A	0.997929606625	G	0.00207039337474	482	0	1	0	483	102094
UNKNOWN	247	G	0.979296066253	A	0.0124223602484	6	3	473	1	483	102094
UNKNOWN	248	C	0.985507246377	T	0.00621118012422	1	476	3	3	483	102094
UNKNOWN	249	A	0.997929606625	G	0.00207039337474	482	0	1	0	483	102094
UNKNOWN	250	G	0.991718426501	A	0.00621118012422	3	0	479	1	483	102094
UNKNOWN	251	C	0.997929606625	T	0.00207039337474	0	482	0	1	483	102094
UNKNOWN	252	G	1.0	A	0.0	0	0	483	0	483	102094
UNKNOWN	253	T	0.993788819876	C	0.00621118012422	0	3	0	480	483	102094
UNKNOWN	254	G	0.987577639752	A	0.00828157349896	4	0	477	2	483	102094
UNKNOWN	255	A	0.997929606625	G	0.00207039337474	482	0	1	0	483	102094
UNKNOWN	256	C	0.993788819876	G	0.00414078674948	0	480	2	1	483	102094
UNKNOWN	257	A	0.995859213251	G	0.00414078674948	481	0	2	0	483	102094
UNKNOWN	258	C	0.766045548654	A	0.219461697723	106	370	2	5	483	102094
UNKNOWN	259	C	0.991718426501	T	0.00414078674948	0	479	2	2	483	102094
UNKNOWN	260	T	0.993788819876	G	0.00414078674948	0	1	2	480	483	102094
UNKNOWN	261	G	1.0	A	0.0	0	0	483	0	483	102094
UNKNOWN	262	A	1.0	C	0.0	483	0	0	0	483	102094
UNKNOWN	263	G	0.981366459627	A	0.0144927536232	7	2	474	0	483	102094
UNKNOWN	264	G	0.995859213251	A	0.00207039337474	1	0	481	1	483	102094
UNKNOWN	265	A	0.993788819876	C	0.00207039337474	480	1	1	1	483	102094
UNKNOWN	266	C	0.989648033126	A	0.00414078674948	2	478	1	2	483	102094
UNKNOWN	267	A	0.985507246377	T	0.00828157349896	476	0	3	4	483	102094
UNKNOWN	268	C	0.997929606625	A	0.00207039337474	1	482	0	0	483	102094
UNKNOWN	269	G	0.971014492754	A	0.0289855072464	14	0	469	0	483	102094
UNKNOWN	270	G	0.995859213251	T	0.00414078674948	0	0	481	2	483	102094
UNKNOWN	271	C	0.995859213251	A	0.00207039337474	1	481	1	0	483	102094
UNKNOWN	272	C	0.995859213251	T	0.00414078674948	0	481	0	2	483	102094
UNKNOWN	273	A	0.995859213251	G	0.00414078674948	481	0	2	0	483	102094
UNKNOWN	274	C	0.991718426501	T	0.00414078674948	1	479	1	2	483	102094
UNKNOWN	275	A	0.987577639752	G	0.00828157349896	477	1	4	1	483	102094
UNKNOWN	276	T	0.997929606625	A	0.00207039337474	1	0	0	482	483	102094
UNKNOWN	277	A	0.997929606625	G	0.00207039337474	482	0	1	0	483	102094
UNKNOWN	278	C	0.983436853002	T	0.0144927536232	1	475	0	7	483	102094
UNKNOWN	279	T	1.0	A	0.0	0	0	0	483	483	102094
UNKNOWN	280	A	0.997929606625	G	0.00207039337474	482	0	1	0	483	102094
UNKNOWN	281	C	0.987577639752	T	0.0124223602484	0	477	0	6	483	102094
UNKNOWN	282	T	0.997929606625	G	0.00207039337474	0	0	1	482	483	102094
