Type	Position	Nucl1	Freq1	Nucl2	Freq2	NumAs	NumCs	NumGs	NumTs	NumAligned	NumNaive
UNKNOWN	0	C	1.0	A	0.0	0	3099	0	0	3099	102094
UNKNOWN	1	A	1.0	C	0.0	3099	0	0	0	3099	102094
UNKNOWN	2	G	1.0	A	0.0	0	0	3099	0	3099	102094
UNKNOWN	3	G	1.0	A	0.0	0	0	3099	0	3099	102094
UNKNOWN	4	T	1.0	A	0.0	0	0	0	3099	3099	102094
UNKNOWN	5	G	1.0	A	0.0	0	0	3099	0	3099	102094
UNKNOWN	6	C	1.0	A	0.0	0	3099	0	0	3099	102094
UNKNOWN	7	A	0.996450467893	G	0.00290416263311	3088	1	9	1	3099	102094
UNKNOWN	8	G	0.983865763149	A	0.0138754436915	43	5	3049	2	3099	102094
UNKNOWN	9	C	0.993868989997	T	0.00354953210713	1	3080	7	11	3099	102094
UNKNOWN	10	T	0.999031945789	C	0.000645369474024	0	2	1	3096	3099	102094
UNKNOWN	11	G	0.999354630526	A	0.000645369474024	2	0	3097	0	3099	102094
UNKNOWN	12	C	0.999031945789	T	0.000968054211036	0	3096	0	3	3099	102094
UNKNOWN	13	G	0.997741206841	A	0.00225879315908	7	0	3092	0	3099	102094
UNKNOWN	14	G	0.935140367861	C	0.0642142626654	1	199	2898	1	3099	102094
UNKNOWN	15	G	0.999677315263	A	0.000322684737012	1	0	3098	0	3099	102094
UNKNOWN	16	A	0.999031945789	G	0.000968054211036	3096	0	3	0	3099	102094
UNKNOWN	17	G	0.963859309455	A	0.0351726363343	109	3	2987	0	3099	102094
UNKNOWN	18	T	0.998063891578	C	0.00161342368506	1	5	0	3093	3099	102094
UNKNOWN	19	C	0.998386576315	G	0.000968054211036	0	3094	3	2	3099	102094
UNKNOWN	20	G	0.952565343659	A	0.0474346563408	147	0	2952	0	3099	102094
UNKNOWN	21	G	0.998709261052	A	0.000968054211036	3	1	3095	0	3099	102094
UNKNOWN	22	G	0.999354630526	C	0.000645369474024	0	2	3097	0	3099	102094
UNKNOWN	23	C	0.997418522104	T	0.00161342368506	1	3091	2	5	3099	102094
UNKNOWN	24	C	0.995482413682	A	0.00290416263311	9	3085	2	3	3099	102094
UNKNOWN	25	C	0.998709261052	A	0.00129073894805	4	3095	0	0	3099	102094
UNKNOWN	26	C	0.998709261052	T	0.000968054211036	0	3095	1	3	3099	102094
UNKNOWN	27	A	0.996450467893	G	0.0025814778961	3088	1	8	2	3099	102094
UNKNOWN	28	G	0.991287512101	A	0.00613101000323	19	8	3072	0	3099	102094
UNKNOWN	29	C	0.997418522104	T	0.00161342368506	3	3091	0	5	3099	102094
UNKNOWN	30	C	0.999354630526	T	0.000645369474024	0	3097	0	2	3099	102094
UNKNOWN	31	T	0.998386576315	C	0.000968054211036	0	3	2	3094	3099	102094
UNKNOWN	32	G	0.990642142627	A	0.00871248789932	27	0	3070	2	3099	102094
UNKNOWN	33	G	0.997418522104	A	0.00225879315908	7	1	3091	0	3099	102094
UNKNOWN	34	T	0.998386576315	C	0.000968054211036	0	3	2	3094	3099	102094
UNKNOWN	35	G	0.996450467893	A	0.00290416263311	9	1	3088	1	3099	102094
UNKNOWN	36	A	0.997741206841	G	0.00129073894805	3092	2	4	1	3099	102094
UNKNOWN	37	A	0.997741206841	G	0.00129073894805	3092	2	4	1	3099	102094
UNKNOWN	38	G	0.999354630526	A	0.000322684737012	1	1	3097	0	3099	102094
UNKNOWN	39	C	0.998709261052	T	0.000645369474024	0	3095	2	2	3099	102094
UNKNOWN	40	C	0.997095837367	G	0.00193610842207	3	3090	6	0	3099	102094
UNKNOWN	41	C	0.995805098419	G	0.00419490158116	0	3086	13	0	3099	102094
UNKNOWN	42	T	0.996450467893	C	0.00290416263311	0	9	2	3088	3099	102094
UNKNOWN	43	C	0.999677315263	A	0.000322684737012	1	3098	0	0	3099	102094
UNKNOWN	44	A	0.995159728945	G	0.0025814778961	3084	5	8	2	3099	102094
UNKNOWN	45	C	0.997741206841	G	0.000968054211036	2	3092	3	2	3099	102094
UNKNOWN	46	A	0.998386576315	C	0.000645369474024	3094	2	2	1	3099	102094
UNKNOWN	47	G	0.999031945789	C	0.000968054211036	0	3	3096	0	3099	102094
UNKNOWN	48	A	0.997741206841	G	0.00161342368506	3092	1	5	1	3099	102094
UNKNOWN	49	C	0.998386576315	T	0.00161342368506	0	3094	0	5	3099	102094
UNKNOWN	50	C	0.998709261052	T	0.000968054211036	1	3095	0	3	3099	102094
UNKNOWN	51	C	0.997741206841	G	0.00161342368506	0	3092	5	2	3099	102094
UNKNOWN	52	T	0.995805098419	C	0.00419490158116	0	13	0	3086	3099	102094
UNKNOWN	53	C	0.999354630526	A	0.000322684737012	1	3097	0	1	3099	102094
UNKNOWN	54	T	0.997418522104	C	0.00161342368506	3	5	0	3091	3099	102094
UNKNOWN	55	C	0.999031945789	A	0.000322684737012	1	3096	1	1	3099	102094
UNKNOWN	56	C	0.996127783156	G	0.00193610842207	2	3087	6	4	3099	102094
UNKNOWN	57	C	0.998063891578	A	0.000968054211036	3	3093	2	1	3099	102094
UNKNOWN	58	T	0.997741206841	C	0.00225879315908	0	7	0	3092	3099	102094
UNKNOWN	59	C	0.999677315263	T	0.000322684737012	0	3098	0	1	3099	102094
UNKNOWN	60	A	0.997095837367	G	0.00161342368506	3090	1	5	3	3099	102094
UNKNOWN	61	C	0.998063891578	T	0.00129073894805	0	3093	2	4	3099	102094
UNKNOWN	62	C	0.998709261052	T	0.000645369474024	1	3095	1	2	3099	102094
UNKNOWN	63	T	0.998386576315	C	0.00161342368506	0	5	0	3094	3099	102094
UNKNOWN	64	G	0.999354630526	A	0.000645369474024	2	0	3097	0	3099	102094
UNKNOWN	65	C	0.997418522104	T	0.00193610842207	2	3091	0	6	3099	102094
UNKNOWN	66	A	0.99677315263	G	0.0025814778961	3089	1	8	1	3099	102094
UNKNOWN	67	C	0.997095837367	T	0.00225879315908	1	3090	1	7	3099	102094
UNKNOWN	68	G	0.995482413682	A	0.00354953210713	11	2	3085	1	3099	102094
UNKNOWN	69	G	0.89093255889	A	0.0997095837367	309	4	2761	25	3099	102094
UNKNOWN	70	T	0.902549209422	C	0.0971281058406	1	301	0	2797	3099	102094
UNKNOWN	71	C	0.981284285253	T	0.00903517263633	7	3041	23	28	3099	102094
UNKNOWN	72	T	0.995159728945	C	0.0025814778961	0	8	7	3084	3099	102094
UNKNOWN	73	C	0.99677315263	A	0.0025814778961	8	3089	0	2	3099	102094
UNKNOWN	74	T	0.994514359471	G	0.0025814778961	2	7	8	3082	3099	102094
UNKNOWN	75	G	0.997095837367	A	0.00290416263311	9	0	3090	0	3099	102094
UNKNOWN	76	G	0.993868989997	A	0.00451758631817	14	5	3080	0	3099	102094
UNKNOWN	77	A	0.988383349468	G	0.00613101000323	3063	13	19	4	3099	102094
UNKNOWN	78	T	0.920296869958	C	0.0719586963537	2	223	22	2852	3099	102094
UNKNOWN	79	T	0.973217166828	G	0.0225879315908	2	11	70	3016	3099	102094
UNKNOWN	80	C	0.992900935786	T	0.00451758631817	3	3077	5	14	3099	102094
UNKNOWN	81	T	0.994514359471	C	0.00451758631817	1	14	2	3082	3099	102094
UNKNOWN	82	C	0.996127783156	T	0.00225879315908	2	3087	3	7	3099	102094
UNKNOWN	83	A	0.996450467893	G	0.00290416263311	3088	2	9	0	3099	102094
UNKNOWN	84	T	0.902871894159	C	0.0945466279445	0	293	8	2798	3099	102094
UNKNOWN	85	T	0.99354630526	C	0.00354953210713	0	11	9	3079	3099	102094
UNKNOWN	86	G	0.984511132623	A	0.0132300742175	41	4	3051	3	3099	102094
UNKNOWN	87	A	0.990964827364	G	0.0080671184253	3071	3	25	0	3099	102094
UNKNOWN	88	G	0.952565343659	A	0.0251694094869	78	42	2952	27	3099	102094
UNKNOWN	89	C	0.964504678929	T	0.0187157147467	10	2989	42	58	3099	102094
UNKNOWN	90	A	0.987737979994	G	0.00935785737335	3061	8	29	1	3099	102094
UNKNOWN	91	G	0.907712165215	A	0.0574378831881	178	79	2813	29	3099	102094
UNKNOWN	92	C	0.960309777348	T	0.0174249757986	27	2976	42	54	3099	102094
UNKNOWN	93	A	0.6608583414	T	0.314940303324	2048	27	48	976	3099	102094
UNKNOWN	94	A	0.956437560503	G	0.026460148435	2964	21	82	32	3099	102094
UNKNOWN	95	T	0.980638915779	G	0.0119393352694	9	14	37	3039	3099	102094
UNKNOWN	96	G	0.938367215231	A	0.0487253952888	151	15	2908	25	3099	102094
UNKNOWN	97	G	0.522103904485	C	0.315585672798	435	978	1618	68	3099	102094
UNKNOWN	98	T	0.989674088416	C	0.00419490158116	7	13	12	3067	3099	102094
UNKNOWN	99	G	0.97192642788	A	0.0245240400129	76	5	3012	6	3099	102094
UNKNOWN	100	T	0.995482413682	C	0.00354953210713	1	11	2	3085	3099	102094
UNKNOWN	101	A	0.967731526299	G	0.0235559858019	2999	18	73	9	3099	102094
UNKNOWN	102	G	0.841561794127	A	0.146176185866	453	15	2608	23	3099	102094
UNKNOWN	103	G	0.797676669894	A	0.102291061633	317	211	2472	99	3099	102094
UNKNOWN	104	C	0.983220393675	T	0.00871248789932	4	3047	21	27	3099	102094
UNKNOWN	105	T	0.99677315263	C	0.00161342368506	0	5	5	3089	3099	102094
UNKNOWN	106	G	0.999677315263	T	0.000322684737012	0	0	3098	1	3099	102094
UNKNOWN	107	G	0.997418522104	C	0.000968054211036	2	3	3091	3	3099	102094
UNKNOWN	108	G	0.989028718942	A	0.00968054211036	30	3	3065	1	3099	102094
UNKNOWN	109	T	0.998709261052	C	0.000968054211036	0	3	1	3095	3099	102094
UNKNOWN	110	C	0.997418522104	G	0.00161342368506	2	3091	5	1	3099	102094
UNKNOWN	111	C	0.999031945789	T	0.000968054211036	0	3096	0	3	3099	102094
UNKNOWN	112	G	0.999031945789	A	0.000645369474024	2	0	3096	1	3099	102094
UNKNOWN	113	C	0.994837044208	G	0.0025814778961	4	3083	8	4	3099	102094
UNKNOWN	114	C	0.997095837367	A	0.00129073894805	4	3090	1	4	3099	102094
UNKNOWN	115	A	0.993868989997	G	0.00484027105518	3080	3	15	1	3099	102094
UNKNOWN	116	G	0.997418522104	A	0.00225879315908	7	0	3091	1	3099	102094
UNKNOWN	117	G	0.990964827364	A	0.00838980316231	26	2	3071	0	3099	102094
UNKNOWN	118	C	0.998386576315	A	0.000968054211036	3	3094	1	1	3099	102094
UNKNOWN	119	T	0.995805098419	C	0.0025814778961	3	8	2	3086	3099	102094
UNKNOWN	120	C	0.994514359471	T	0.00290416263311	2	3082	6	9	3099	102094
UNKNOWN	121	C	0.998709261052	T	0.000645369474024	1	3095	1	2	3099	102094
UNKNOWN	122	A	0.84446595676	G	0.154888673766	2617	1	480	1	3099	102094
UNKNOWN	123	G	0.997418522104	A	0.00193610842207	6	2	3091	0	3099	102094
UNKNOWN	124	G	0.998386576315	A	0.00161342368506	5	0	3094	0	3099	102094
UNKNOWN	125	G	0.970635688932	A	0.027105517909	84	7	3008	0	3099	102094
UNKNOWN	126	A	0.994837044208	G	0.00387221684414	3083	2	12	2	3099	102094
UNKNOWN	127	A	0.989996773153	G	0.00709906421426	3068	9	22	0	3099	102094
UNKNOWN	128	G	0.999354630526	T	0.000645369474024	0	0	3097	2	3099	102094
UNKNOWN	129	G	0.990964827364	C	0.00580832526621	9	18	3071	1	3099	102094
UNKNOWN	130	C	0.998386576315	A	0.000645369474024	2	3094	1	2	3099	102094
UNKNOWN	131	G	0.971603743143	A	0.027105517909	84	2	3011	2	3099	102094
UNKNOWN	132	C	0.987737979994	T	0.0103259115844	3	3061	3	32	3099	102094
UNKNOWN	133	T	0.990642142627	C	0.0080671184253	1	25	3	3070	3099	102094
UNKNOWN	134	G	0.989028718942	A	0.00742174895127	23	4	3065	7	3099	102094
UNKNOWN	135	G	0.995482413682	C	0.00354953210713	1	11	3085	2	3099	102094
UNKNOWN	136	A	0.992900935786	G	0.00516295579219	3077	2	16	4	3099	102094
UNKNOWN	137	G	0.973862536302	A	0.0242013552759	75	5	3018	1	3099	102094
UNKNOWN	138	T	0.998063891578	C	0.000968054211036	0	3	3	3093	3099	102094
UNKNOWN	139	G	0.993223620523	A	0.00516295579219	16	1	3078	4	3099	102094
UNKNOWN	140	G	0.990642142627	C	0.00613101000323	2	19	3070	8	3099	102094
UNKNOWN	141	G	0.918683446273	A	0.0622781542433	193	53	2847	6	3099	102094
UNKNOWN	142	T	0.997418522104	C	0.00161342368506	2	5	1	3091	3099	102094
UNKNOWN	143	T	0.985801871571	C	0.00935785737335	2	29	13	3055	3099	102094
UNKNOWN	144	G	0.99354630526	A	0.00484027105518	15	0	3079	5	3099	102094
UNKNOWN	145	G	0.987415295257	C	0.0103259115844	1	32	3060	6	3099	102094
UNKNOWN	146	T	0.982252339464	A	0.00935785737335	29	19	7	3044	3099	102094
UNKNOWN	147	G	0.798322039368	A	0.168118747983	521	24	2474	80	3099	102094
UNKNOWN	148	G	0.791222975153	A	0.126815101646	393	171	2452	83	3099	102094
UNKNOWN	149	T	0.983220393675	C	0.00645369474024	14	20	18	3047	3099	102094
UNKNOWN	150	A	0.960955146822	G	0.0300096805421	2978	11	93	17	3099	102094
UNKNOWN	151	T	0.991287512101	A	0.00451758631817	14	7	6	3072	3099	102094
UNKNOWN	152	A	0.960955146822	G	0.0216198773798	2978	40	67	14	3099	102094
UNKNOWN	153	G	0.90609874153	A	0.0793804453049	246	22	2808	23	3099	102094
UNKNOWN	154	A	0.920619554695	G	0.0464666021297	2853	83	144	19	3099	102094
UNKNOWN	155	T	0.86608583414	G	0.053242981607	96	154	165	2684	3099	102094
UNKNOWN	156	A	0.713133268796	G	0.211358502743	2210	43	655	191	3099	102094
UNKNOWN	157	A	0.821232655695	G	0.116811874798	2545	118	362	74	3099	102094
UNKNOWN	158	T	0.943530171023	G	0.026137463698	33	61	81	2924	3099	102094
UNKNOWN	159	G	0.861568247822	A	0.081639238464	253	49	2670	127	3099	102094
UNKNOWN	160	A	0.959341723136	G	0.0290416263311	2973	24	90	12	3099	102094
UNKNOWN	161	T	0.977734753146	G	0.0135527589545	17	10	42	3030	3099	102094
UNKNOWN	162	G	0.993868989997	A	0.0054856405292	17	1	3080	1	3099	102094
UNKNOWN	163	G	0.967731526299	A	0.02807357212	87	8	2999	5	3099	102094
UNKNOWN	164	A	0.959664407874	G	0.0187157147467	2974	45	58	22	3099	102094
UNKNOWN	165	G	0.802516940949	A	0.108422071636	336	104	2487	172	3099	102094
UNKNOWN	166	A	0.944175540497	G	0.0306550500161	2926	49	95	29	3099	102094
UNKNOWN	167	C	0.938367215231	T	0.026460148435	39	2908	70	82	3099	102094
UNKNOWN	168	A	0.980638915779	G	0.0100032268474	3039	18	31	11	3099	102094
UNKNOWN	169	C	0.969990319458	T	0.0177476605357	14	3006	24	55	3099	102094
UNKNOWN	170	A	0.977734753146	G	0.0125847047435	3030	20	39	10	3099	102094
UNKNOWN	171	T	0.896740884156	A	0.0377541142304	117	109	94	2779	3099	102094
UNKNOWN	172	A	0.833171990965	G	0.142949338496	2582	28	443	46	3099	102094
UNKNOWN	173	C	0.945466279445	T	0.026460148435	17	2930	70	82	3099	102094
UNKNOWN	174	T	0.993223620523	C	0.00322684737012	3	10	8	3078	3099	102094
UNKNOWN	175	A	0.986447241045	C	0.00742174895127	3057	23	6	13	3099	102094
UNKNOWN	176	T	0.983543078412	C	0.0148434979025	3	46	2	3048	3099	102094
UNKNOWN	177	A	0.98483381736	G	0.0080671184253	3052	19	25	3	3099	102094
UNKNOWN	178	A	0.974507905776	G	0.0196837689577	3020	17	61	1	3099	102094
UNKNOWN	179	C	0.879315908358	T	0.106485963214	3	2725	41	330	3099	102094
UNKNOWN	180	C	0.946434333656	T	0.027428202646	8	2933	73	85	3099	102094
UNKNOWN	181	C	0.968376895773	T	0.0216198773798	20	3001	11	67	3099	102094
UNKNOWN	182	A	0.974830590513	G	0.0148434979025	3021	10	46	22	3099	102094
UNKNOWN	183	G	0.972249112617	A	0.0164569215876	51	5	3013	30	3099	102094
UNKNOWN	184	C	0.973539851565	T	0.0112939657954	23	3017	24	35	3099	102094
UNKNOWN	185	C	0.998063891578	A	0.000968054211036	3	3093	1	2	3099	102094
UNKNOWN	186	C	0.994837044208	T	0.00354953210713	4	3083	1	11	3099	102094
UNKNOWN	187	T	0.99677315263	C	0.00161342368506	1	5	4	3089	3099	102094
UNKNOWN	188	G	0.984511132623	A	0.0122620200065	38	5	3051	5	3099	102094
UNKNOWN	189	A	0.984511132623	G	0.00968054211036	3051	17	30	1	3099	102094
UNKNOWN	190	A	0.97192642788	T	0.0138754436915	3012	9	35	43	3099	102094
UNKNOWN	191	A	0.989996773153	C	0.00451758631817	3068	14	13	4	3099	102094
UNKNOWN	192	T	0.995805098419	C	0.00225879315908	3	7	3	3086	3099	102094
UNKNOWN	193	C	0.99677315263	T	0.00161342368506	4	3089	1	5	3099	102094
UNKNOWN	194	C	0.994514359471	T	0.00451758631817	0	3082	3	14	3099	102094
UNKNOWN	195	C	0.998386576315	G	0.000968054211036	2	3094	3	0	3099	102094
UNKNOWN	196	G	0.998386576315	T	0.000968054211036	0	2	3094	3	3099	102094
UNKNOWN	197	G	0.945788964182	A	0.0390448531784	121	24	2931	23	3099	102094
UNKNOWN	198	C	0.988383349468	T	0.00516295579219	13	3063	7	16	3099	102094
UNKNOWN	199	T	0.995482413682	A	0.00225879315908	7	6	1	3085	3099	102094
UNKNOWN	200	C	0.986447241045	T	0.0125847047435	3	3057	0	39	3099	102094
UNKNOWN	201	A	0.996127783156	C	0.00193610842207	3087	6	5	1	3099	102094
UNKNOWN	202	G	0.988383349468	C	0.0080671184253	3	25	3063	8	3099	102094
UNKNOWN	203	C	0.959019038399	T	0.025814778961	20	2972	27	80	3099	102094
UNKNOWN	204	A	0.989028718942	G	0.00451758631817	3065	12	14	8	3099	102094
UNKNOWN	205	T	0.996127783156	C	0.00290416263311	1	9	2	3087	3099	102094
UNKNOWN	206	C	0.965795417877	T	0.0235559858019	32	2993	1	73	3099	102094
UNKNOWN	207	A	0.990964827364	G	0.00387221684414	3071	8	12	8	3099	102094
UNKNOWN	208	C	0.984188447886	T	0.0080671184253	9	3050	15	25	3099	102094
UNKNOWN	209	C	0.979348176831	T	0.0119393352694	11	3035	16	37	3099	102094
UNKNOWN	210	A	0.985801871571	G	0.0103259115844	3055	10	32	2	3099	102094
UNKNOWN	211	A	0.974830590513	G	0.0196837689577	3021	6	61	11	3099	102094
UNKNOWN	212	G	0.988383349468	A	0.0080671184253	25	8	3063	3	3099	102094
UNKNOWN	213	G	0.98709261052	A	0.0109712810584	34	2	3059	4	3099	102094
UNKNOWN	214	A	0.99031945789	C	0.00354953210713	3069	11	10	9	3099	102094
UNKNOWN	215	C	0.98483381736	T	0.0100032268474	10	3052	6	31	3099	102094
UNKNOWN	216	A	0.983543078412	G	0.0122620200065	3048	5	38	8	3099	102094
UNKNOWN	217	A	0.978057437883	C	0.0109712810584	3031	34	28	6	3099	102094
UNKNOWN	218	C	0.975475959987	T	0.0158115521136	5	3023	22	49	3099	102094
UNKNOWN	219	T	0.988706034205	C	0.00677637947725	9	21	5	3064	3099	102094
UNKNOWN	220	C	0.992900935786	T	0.00419490158116	7	3077	2	13	3099	102094
UNKNOWN	221	C	0.995159728945	A	0.00225879315908	7	3084	4	4	3099	102094
UNKNOWN	222	A	0.990964827364	G	0.00580832526621	3071	10	18	0	3099	102094
UNKNOWN	223	A	0.976766698935	G	0.0206518231688	3027	5	64	3	3099	102094
UNKNOWN	224	G	0.989028718942	C	0.0054856405292	14	17	3065	3	3099	102094
UNKNOWN	225	A	0.991932881575	G	0.00516295579219	3074	7	16	2	3099	102094
UNKNOWN	226	G	0.954824136818	A	0.0348499515973	108	31	2959	1	3099	102094
UNKNOWN	227	C	0.976766698935	T	0.0203291384318	6	3027	3	63	3099	102094
UNKNOWN	228	C	0.985801871571	G	0.0103259115844	12	3055	32	0	3099	102094
UNKNOWN	229	A	0.996127783156	G	0.00225879315908	3087	2	7	3	3099	102094
UNKNOWN	230	A	0.974507905776	G	0.0177476605357	3020	21	55	3	3099	102094
UNKNOWN	231	G	0.970635688932	A	0.0154888673766	48	21	3008	22	3099	102094
UNKNOWN	232	T	0.990642142627	C	0.00645369474024	9	20	0	3070	3099	102094
UNKNOWN	233	C	0.98160696999	G	0.00935785737335	1	3042	29	27	3099	102094
UNKNOWN	234	T	0.993868989997	C	0.00419490158116	2	13	4	3080	3099	102094
UNKNOWN	235	C	0.994514359471	T	0.00322684737012	7	3082	0	10	3099	102094
UNKNOWN	236	T	0.983865763149	C	0.00903517263633	3	28	19	3049	3099	102094
UNKNOWN	237	C	0.995805098419	T	0.0025814778961	4	3086	1	8	3099	102094
UNKNOWN	238	T	0.997095837367	C	0.00129073894805	1	4	4	3090	3099	102094
UNKNOWN	239	G	0.958696353662	A	0.0200064536947	62	14	2971	52	3099	102094
UNKNOWN	240	T	0.990642142627	A	0.00451758631817	14	10	5	3070	3099	102094
UNKNOWN	241	C	0.983543078412	T	0.0122620200065	11	3048	2	38	3099	102094
UNKNOWN	242	A	0.985801871571	G	0.0103259115844	3055	11	32	1	3099	102094
UNKNOWN	243	G	0.916101968377	C	0.0435624394966	74	135	2839	51	3099	102094
UNKNOWN	244	T	0.992255566312	C	0.00451758631817	2	14	8	3075	3099	102094
UNKNOWN	245	G	0.973539851565	A	0.0122620200065	38	24	3017	20	3099	102094
UNKNOWN	246	A	0.981284285253	G	0.0138754436915	3041	11	43	4	3099	102094
UNKNOWN	247	G	0.939657954179	A	0.0354953210713	110	55	2912	22	3099	102094
UNKNOWN	248	C	0.979670861568	T	0.0122620200065	14	3036	11	38	3099	102094
UNKNOWN	249	A	0.985479186834	G	0.0125847047435	3054	4	39	2	3099	102094
UNKNOWN	250	G	0.98160696999	C	0.00838980316231	25	26	3042	6	3099	102094
UNKNOWN	251	C	0.989996773153	T	0.00613101000323	6	3068	6	19	3099	102094
UNKNOWN	252	G	0.988060664731	A	0.00645369474024	20	10	3062	7	3099	102094
UNKNOWN	253	T	0.993868989997	C	0.00387221684414	1	12	6	3080	3099	102094
UNKNOWN	254	G	0.980638915779	A	0.0135527589545	42	7	3039	11	3099	102094
UNKNOWN	255	A	0.982897708938	G	0.0138754436915	3046	7	43	3	3099	102094
UNKNOWN	256	C	0.981929654727	T	0.0109712810584	17	3043	5	34	3099	102094
UNKNOWN	257	A	0.970958373669	G	0.0193610842207	3009	17	60	13	3099	102094
UNKNOWN	258	C	0.857373346241	A	0.127783155857	396	2657	29	17	3099	102094
UNKNOWN	259	C	0.983543078412	T	0.00677637947725	12	3048	18	21	3099	102094
UNKNOWN	260	T	0.97838012262	G	0.00903517263633	12	27	28	3032	3099	102094
UNKNOWN	261	G	0.988383349468	A	0.00742174895127	23	3	3063	10	3099	102094
UNKNOWN	262	A	0.988706034205	G	0.00613101000323	3064	12	19	4	3099	102094
UNKNOWN	263	G	0.958696353662	A	0.0180703452727	56	54	2971	18	3099	102094
UNKNOWN	264	G	0.989996773153	A	0.00645369474024	20	1	3068	10	3099	102094
UNKNOWN	265	A	0.989351403679	C	0.00613101000323	3066	19	13	1	3099	102094
UNKNOWN	266	C	0.980638915779	T	0.00968054211036	23	3039	7	30	3099	102094
UNKNOWN	267	A	0.972571797354	G	0.0151661826396	3014	7	47	31	3099	102094
UNKNOWN	268	C	0.993223620523	A	0.00290416263311	9	3078	9	3	3099	102094
UNKNOWN	269	G	0.916424653114	A	0.0774443368829	240	10	2840	9	3099	102094
UNKNOWN	270	G	0.984188447886	T	0.00871248789932	16	6	3050	27	3099	102094
UNKNOWN	271	C	0.992255566312	A	0.00451758631817	14	3075	8	2	3099	102094
UNKNOWN	272	C	0.989028718942	A	0.0054856405292	17	3065	8	9	3099	102094
UNKNOWN	273	A	0.992255566312	G	0.00322684737012	3075	5	10	9	3099	102094
UNKNOWN	274	C	0.980316231042	T	0.00774443368829	19	3038	18	24	3099	102094
UNKNOWN	275	A	0.964504678929	G	0.0225879315908	2989	22	70	18	3099	102094
UNKNOWN	276	T	0.994514359471	A	0.00290416263311	9	5	3	3082	3099	102094
UNKNOWN	277	A	0.988383349468	C	0.00484027105518	3063	15	15	6	3099	102094
UNKNOWN	278	C	0.952565343659	T	0.0451758631817	6	2952	1	140	3099	102094
UNKNOWN	279	T	0.98709261052	A	0.00484027105518	15	15	10	3059	3099	102094
UNKNOWN	280	A	0.982575024201	T	0.00645369474024	3045	19	15	20	3099	102094
UNKNOWN	281	C	0.974830590513	T	0.0238786705389	3	3021	1	74	3099	102094
UNKNOWN	282	T	0.989996773153	G	0.00613101000323	8	4	19	3068	3099	102094
