Type	Position	Nucl1	Freq1	Nucl2	Freq2	NumAs	NumCs	NumGs	NumTs	NumAligned	NumNaive
UNKNOWN	0	C	1.0	A	0.0	0	7730	0	0	7730	102094
UNKNOWN	1	A	1.0	C	0.0	7730	0	0	0	7730	102094
UNKNOWN	2	G	1.0	A	0.0	0	0	7730	0	7730	102094
UNKNOWN	3	G	1.0	A	0.0	0	0	7730	0	7730	102094
UNKNOWN	4	T	1.0	A	0.0	0	0	0	7730	7730	102094
UNKNOWN	5	G	1.0	A	0.0	0	0	7730	0	7730	102094
UNKNOWN	6	C	1.0	A	0.0	0	7730	0	0	7730	102094
UNKNOWN	7	A	0.991979301423	G	0.00698576972833	7668	3	54	5	7730	102094
UNKNOWN	8	G	0.98020698577	A	0.0115135834411	89	62	7577	2	7730	102094
UNKNOWN	9	C	0.992496765847	T	0.00711513583441	0	7672	3	55	7730	102094
UNKNOWN	10	T	0.998835705045	C	0.000905562742561	0	7	2	7721	7730	102094
UNKNOWN	11	G	0.998706338939	A	0.00116429495472	9	0	7720	1	7730	102094
UNKNOWN	12	C	0.99935316947	T	0.000388098318241	2	7725	0	3	7730	102094
UNKNOWN	13	G	0.998447606727	A	0.00155239327296	12	0	7718	0	7730	102094
UNKNOWN	14	G	0.938163001294	C	0.0597671410091	12	462	7252	4	7730	102094
UNKNOWN	15	G	0.998835705045	C	0.000646830530401	2	5	7721	2	7730	102094
UNKNOWN	16	A	0.998188874515	T	0.00103492884864	7716	1	5	8	7730	102094
UNKNOWN	17	G	0.997800776197	A	0.00219922380336	17	0	7713	0	7730	102094
UNKNOWN	18	T	0.998576972833	C	0.000905562742561	1	7	3	7719	7730	102094
UNKNOWN	19	C	0.999094437257	T	0.000517464424321	3	7723	0	4	7730	102094
UNKNOWN	20	G	0.982664941785	A	0.0168175937904	130	2	7596	2	7730	102094
UNKNOWN	21	G	0.99935316947	C	0.00025873221216	1	2	7725	2	7730	102094
UNKNOWN	22	G	0.99935316947	C	0.00025873221216	1	2	7725	2	7730	102094
UNKNOWN	23	C	0.998965071151	T	0.000517464424321	3	7722	1	4	7730	102094
UNKNOWN	24	C	0.996895213454	A	0.00168175937904	13	7706	1	10	7730	102094
UNKNOWN	25	C	0.998188874515	A	0.00103492884864	8	7716	2	4	7730	102094
UNKNOWN	26	C	0.999094437257	A	0.000646830530401	5	7723	0	2	7730	102094
UNKNOWN	27	A	0.997542043984	G	0.00232858990944	7711	1	18	0	7730	102094
UNKNOWN	28	G	0.994178525226	A	0.00413971539457	32	12	7685	1	7730	102094
UNKNOWN	29	C	0.99340232859	T	0.00595084087969	5	7679	0	46	7730	102094
UNKNOWN	30	C	0.997283311772	G	0.00142302716688	1	7709	11	9	7730	102094
UNKNOWN	31	T	0.99637774903	C	0.00271668822768	2	21	5	7702	7730	102094
UNKNOWN	32	G	0.992108667529	A	0.00608020698577	47	8	7669	6	7730	102094
UNKNOWN	33	G	0.992496765847	C	0.00465717981889	18	36	7672	4	7730	102094
UNKNOWN	34	T	0.998188874515	C	0.0012936610608	1	10	3	7716	7730	102094
UNKNOWN	35	G	0.995730918499	A	0.00310478654592	24	9	7697	0	7730	102094
UNKNOWN	36	A	0.998188874515	G	0.000905562742561	7716	4	7	3	7730	102094
UNKNOWN	37	A	0.995730918499	G	0.00245795601552	7697	12	19	2	7730	102094
UNKNOWN	38	G	0.997153945666	A	0.00245795601552	19	3	7708	0	7730	102094
UNKNOWN	39	C	0.99404915912	T	0.00297542043984	15	7684	8	23	7730	102094
UNKNOWN	40	C	0.998318240621	A	0.000776196636481	6	7717	2	5	7730	102094
UNKNOWN	41	C	0.993919793014	G	0.00517464424321	1	7683	40	6	7730	102094
UNKNOWN	42	T	0.995472186287	C	0.00401034928849	3	31	1	7695	7730	102094
UNKNOWN	43	C	0.996895213454	T	0.00181112548512	10	7706	0	14	7730	102094
UNKNOWN	44	A	0.994566623545	T	0.00245795601552	7688	4	19	19	7730	102094
UNKNOWN	45	C	0.995730918499	G	0.00219922380336	14	7697	17	2	7730	102094
UNKNOWN	46	A	0.997412677878	G	0.00206985769728	7710	3	16	1	7730	102094
UNKNOWN	47	G	0.989003880983	A	0.00802069857697	62	23	7645	0	7730	102094
UNKNOWN	48	A	0.993790426908	G	0.00219922380336	7682	15	17	16	7730	102094
UNKNOWN	49	C	0.995730918499	T	0.00232858990944	7	7697	8	18	7730	102094
UNKNOWN	50	C	0.993661060802	T	0.00517464424321	8	7681	1	40	7730	102094
UNKNOWN	51	C	0.998835705045	T	0.000517464424321	3	7721	2	4	7730	102094
UNKNOWN	52	T	0.99637774903	C	0.00323415265201	0	25	3	7702	7730	102094
UNKNOWN	53	C	0.999482535576	T	0.000517464424321	0	7726	0	4	7730	102094
UNKNOWN	54	T	0.995342820181	C	0.00401034928849	0	31	5	7694	7730	102094
UNKNOWN	55	C	0.996507115136	T	0.00168175937904	10	7703	4	13	7730	102094
UNKNOWN	56	C	0.988874514877	T	0.00698576972833	3	7644	29	54	7730	102094
UNKNOWN	57	C	0.995989650712	G	0.00271668822768	2	7699	21	8	7730	102094
UNKNOWN	58	T	0.995860284605	C	0.00375161707633	3	29	0	7698	7730	102094
UNKNOWN	59	C	0.997542043984	A	0.00142302716688	11	7711	3	5	7730	102094
UNKNOWN	60	A	0.995730918499	G	0.0025873221216	7697	13	20	0	7730	102094
UNKNOWN	61	C	0.997283311772	G	0.0012936610608	2	7709	10	9	7730	102094
UNKNOWN	62	C	0.993014230272	T	0.00595084087969	2	7676	6	46	7730	102094
UNKNOWN	63	T	0.997412677878	C	0.00155239327296	0	12	8	7710	7730	102094
UNKNOWN	64	G	0.998188874515	C	0.00103492884864	5	8	7716	1	7730	102094
UNKNOWN	65	C	0.995989650712	T	0.00219922380336	14	7699	0	17	7730	102094
UNKNOWN	66	A	0.99275549806	G	0.00543337645537	7674	13	42	1	7730	102094
UNKNOWN	67	C	0.99404915912	T	0.00349288486417	6	7684	13	27	7730	102094
UNKNOWN	68	G	0.978783958603	A	0.019275549806	149	5	7566	10	7730	102094
UNKNOWN	69	G	0.96765847348	A	0.0266494178525	206	25	7480	19	7730	102094
UNKNOWN	70	T	0.990168175938	C	0.00918499353169	2	71	3	7654	7730	102094
UNKNOWN	71	C	0.979430789133	G	0.0138421733506	4	7571	107	48	7730	102094
UNKNOWN	72	T	0.995860284605	C	0.00349288486417	0	27	5	7698	7730	102094
UNKNOWN	73	C	0.99275549806	T	0.00620957309185	5	7674	3	48	7730	102094
UNKNOWN	74	T	0.993143596378	C	0.00362225097025	3	28	22	7677	7730	102094
UNKNOWN	75	G	0.994437257439	A	0.00543337645537	42	1	7687	0	7730	102094
UNKNOWN	76	G	0.989391979301	A	0.00802069857697	62	11	7648	9	7730	102094
UNKNOWN	77	A	0.993272962484	C	0.00297542043984	7678	23	20	9	7730	102094
UNKNOWN	78	T	0.924191461837	C	0.059637774903	9	461	116	7144	7730	102094
UNKNOWN	79	T	0.967917205692	G	0.0214747736093	9	73	166	7482	7730	102094
UNKNOWN	80	C	0.989262613195	T	0.00646830530401	5	7647	28	50	7730	102094
UNKNOWN	81	T	0.995472186287	C	0.00336351875809	3	26	6	7695	7730	102094
UNKNOWN	82	C	0.994566623545	A	0.00297542043984	23	7688	1	18	7730	102094
UNKNOWN	83	A	0.993790426908	G	0.00375161707633	7682	10	29	9	7730	102094
UNKNOWN	84	T	0.993790426908	C	0.00608020698577	1	47	0	7682	7730	102094
UNKNOWN	85	T	0.996507115136	C	0.00155239327296	3	12	12	7703	7730	102094
UNKNOWN	86	G	0.96468305304	A	0.0333764553687	258	11	7457	4	7730	102094
UNKNOWN	87	A	0.985510996119	G	0.0100905562743	7618	29	78	5	7730	102094
UNKNOWN	88	G	0.924708926261	A	0.0399741267788	309	196	7148	77	7730	102094
UNKNOWN	89	C	0.947606727038	G	0.0244501940492	47	7325	189	169	7730	102094
UNKNOWN	90	A	0.981371280724	G	0.0172056921087	7586	7	133	4	7730	102094
UNKNOWN	91	G	0.889262613195	A	0.0759379042691	587	191	6874	78	7730	102094
UNKNOWN	92	C	0.952393272962	T	0.0302716688228	39	7362	95	234	7730	102094
UNKNOWN	93	A	0.887580853816	T	0.0558861578266	6861	43	394	432	7730	102094
UNKNOWN	94	A	0.960155239327	G	0.0294954721863	7422	49	228	31	7730	102094
UNKNOWN	95	T	0.975937904269	G	0.01617076326	8	53	125	7544	7730	102094
UNKNOWN	96	G	0.934023285899	A	0.0552393272962	427	61	7220	22	7730	102094
UNKNOWN	97	G	0.603492884864	A	0.213583441138	1651	1265	4665	149	7730	102094
UNKNOWN	98	T	0.985252263907	C	0.00827943078913	8	64	42	7616	7730	102094
UNKNOWN	99	G	0.966364812419	A	0.0284605433376	220	8	7470	32	7730	102094
UNKNOWN	100	T	0.995472186287	C	0.00310478654592	10	24	1	7695	7730	102094
UNKNOWN	101	A	0.960672703752	G	0.0221216041397	7426	79	171	54	7730	102094
UNKNOWN	102	G	0.748382923674	A	0.130659767141	1010	693	5785	242	7730	102094
UNKNOWN	103	T	0.921604139715	G	0.0411384217335	128	160	318	7124	7730	102094
UNKNOWN	104	C	0.922509702458	T	0.0490297542044	31	7131	189	379	7730	102094
UNKNOWN	105	T	0.996248382924	C	0.0019404915912	1	15	13	7701	7730	102094
UNKNOWN	106	G	0.998576972833	T	0.000646830530401	3	3	7719	5	7730	102094
UNKNOWN	107	G	0.998059508409	C	0.00103492884864	5	8	7715	2	7730	102094
UNKNOWN	108	G	0.956015523933	A	0.0240620957309	186	104	7390	50	7730	102094
UNKNOWN	109	T	0.993790426908	C	0.00426908150065	11	33	4	7682	7730	102094
UNKNOWN	110	C	0.988357050453	T	0.00970245795602	14	7640	1	75	7730	102094
UNKNOWN	111	C	0.997283311772	G	0.00181112548512	1	7709	14	6	7730	102094
UNKNOWN	112	G	0.997412677878	C	0.00181112548512	5	14	7710	1	7730	102094
UNKNOWN	113	C	0.992884864166	T	0.00439844760673	15	7675	6	34	7730	102094
UNKNOWN	114	C	0.997283311772	A	0.00206985769728	16	7709	2	3	7730	102094
UNKNOWN	115	A	0.990815006468	G	0.00789133247089	7659	7	61	3	7730	102094
UNKNOWN	116	G	0.998706338939	A	0.000517464424321	4	4	7720	2	7730	102094
UNKNOWN	117	G	0.979042690815	A	0.01617076326	125	30	7568	7	7730	102094
UNKNOWN	118	C	0.988486416559	G	0.00543337645537	6	7641	42	41	7730	102094
UNKNOWN	119	T	0.992496765847	C	0.00582147477361	7	45	6	7672	7730	102094
UNKNOWN	120	C	0.995084087969	G	0.00336351875809	8	7692	26	4	7730	102094
UNKNOWN	121	C	0.995213454075	A	0.00362225097025	28	7693	3	6	7730	102094
UNKNOWN	122	A	0.990556274256	G	0.00815006468305	7657	9	63	1	7730	102094
UNKNOWN	123	G	0.998188874515	C	0.00116429495472	2	9	7716	3	7730	102094
UNKNOWN	124	G	0.995860284605	A	0.00297542043984	23	7	7698	2	7730	102094
UNKNOWN	125	G	0.969987063389	A	0.0288486416559	223	7	7498	2	7730	102094
UNKNOWN	126	A	0.989521345408	G	0.00711513583441	7649	18	55	8	7730	102094
UNKNOWN	127	A	0.985252263907	G	0.0128072445019	7616	9	99	6	7730	102094
UNKNOWN	128	G	0.999223803364	A	0.000388098318241	3	1	7724	2	7730	102094
UNKNOWN	129	G	0.973738680466	A	0.0191461836999	148	53	7527	2	7730	102094
UNKNOWN	130	C	0.991591203105	G	0.00491591203105	2	7665	38	25	7730	102094
UNKNOWN	131	G	0.986934023286	A	0.00776196636481	60	28	7629	13	7730	102094
UNKNOWN	132	C	0.988486416559	T	0.0102199223803	3	7641	7	79	7730	102094
UNKNOWN	133	T	0.987839586028	C	0.00620957309185	15	48	31	7636	7730	102094
UNKNOWN	134	G	0.977490297542	A	0.017723156533	137	13	7556	24	7730	102094
UNKNOWN	135	G	0.995342820181	A	0.00271668822768	21	11	7694	4	7730	102094
UNKNOWN	136	A	0.989650711514	G	0.00763260025873	7650	13	59	8	7730	102094
UNKNOWN	137	G	0.980595084088	A	0.0165588615783	128	3	7580	19	7730	102094
UNKNOWN	138	T	0.995084087969	G	0.00310478654592	1	13	24	7692	7730	102094
UNKNOWN	139	G	0.99275549806	A	0.00620957309185	48	3	7674	5	7730	102094
UNKNOWN	140	G	0.961190168176	C	0.0363518758085	5	281	7430	14	7730	102094
UNKNOWN	141	C	0.978525226391	G	0.0168175937904	16	7564	130	20	7730	102094
UNKNOWN	142	T	0.995472186287	C	0.00362225097025	2	28	5	7695	7730	102094
UNKNOWN	143	C	0.98447606727	T	0.00918499353169	22	7610	27	71	7730	102094
UNKNOWN	144	G	0.986934023286	A	0.0100905562743	78	1	7629	22	7730	102094
UNKNOWN	145	G	0.991720569211	C	0.00543337645537	7	42	7666	15	7730	102094
UNKNOWN	146	T	0.969081500647	C	0.0122897800776	55	95	89	7491	7730	102094
UNKNOWN	147	G	0.73234152652	A	0.215394566624	1665	225	5661	179	7730	102094
UNKNOWN	148	G	0.736610608021	A	0.148253557568	1146	661	5694	229	7730	102094
UNKNOWN	149	T	0.926649417853	C	0.0328589909444	119	254	194	7163	7730	102094
UNKNOWN	150	A	0.914618369987	G	0.0723156532988	7070	17	559	84	7730	102094
UNKNOWN	151	T	0.97723156533	C	0.0113842173351	28	88	60	7554	7730	102094
UNKNOWN	152	A	0.945407503234	G	0.0238033635188	7308	101	184	137	7730	102094
UNKNOWN	153	T	0.944372574386	A	0.0362225097025	280	27	123	7300	7730	102094
UNKNOWN	154	G	0.984346701164	A	0.00996119016818	77	24	7609	20	7730	102094
UNKNOWN	155	C	0.897283311772	T	0.0970245795602	29	6936	15	750	7730	102094
UNKNOWN	156	A	0.895989650712	G	0.0840879689521	6926	122	650	32	7730	102094
UNKNOWN	157	G	0.840879689521	A	0.098318240621	760	232	6500	238	7730	102094
UNKNOWN	158	T	0.961319534282	G	0.0186287192755	84	71	144	7431	7730	102094
UNKNOWN	159	G	0.786934023286	A	0.194566623545	1504	116	6083	27	7730	102094
UNKNOWN	160	G	0.83531694696	A	0.113065976714	874	310	6457	89	7730	102094
UNKNOWN	161	T	0.965329883571	G	0.0153945666235	68	81	119	7462	7730	102094
UNKNOWN	162	G	0.982923673997	A	0.0108667529107	84	32	7598	16	7730	102094
UNKNOWN	163	G	0.978913324709	A	0.0172056921087	133	21	7567	9	7730	102094
UNKNOWN	164	A	0.959120310479	G	0.0314359637775	7414	46	243	27	7730	102094
UNKNOWN	165	A	0.943337645537	G	0.048382923674	7292	34	374	30	7730	102094
UNKNOWN	166	G	0.857309184994	C	0.077360931436	320	598	6627	185	7730	102094
UNKNOWN	167	C	0.877102199224	T	0.0539456662354	228	6780	305	417	7730	102094
UNKNOWN	168	A	0.970116429495	G	0.0206985769728	7499	40	160	31	7730	102094
UNKNOWN	169	C	0.96765847348	T	0.0156532988357	64	7480	65	121	7730	102094
UNKNOWN	170	A	0.971927554981	G	0.0137128072445	7513	63	106	48	7730	102094
UNKNOWN	171	A	0.898188874515	G	0.0728331177232	6943	46	563	178	7730	102094
UNKNOWN	172	G	0.747606727038	A	0.161319534282	1247	478	5779	226	7730	102094
UNKNOWN	173	C	0.921345407503	G	0.0376455368693	83	7122	291	234	7730	102094
UNKNOWN	174	T	0.982406209573	C	0.00931435963777	26	72	38	7594	7730	102094
UNKNOWN	175	T	0.933247089263	A	0.0507115135834	392	66	58	7214	7730	102094
UNKNOWN	176	T	0.960155239327	A	0.0156532988357	121	77	110	7422	7730	102094
UNKNOWN	177	A	0.985252263907	C	0.00685640362225	7616	53	50	11	7730	102094
UNKNOWN	178	A	0.983053040103	C	0.00866752910737	7599	67	58	6	7730	102094
UNKNOWN	179	C	0.894437257439	T	0.0830530401035	16	6914	158	642	7730	102094
UNKNOWN	180	C	0.941138421734	T	0.0296248382924	36	7275	190	229	7730	102094
UNKNOWN	181	C	0.990297542044	T	0.00517464424321	30	7655	5	40	7730	102094
UNKNOWN	182	A	0.985122897801	G	0.00853816300129	7615	41	66	8	7730	102094
UNKNOWN	183	G	0.97490297542	A	0.0152652005175	118	52	7536	24	7730	102094
UNKNOWN	184	C	0.979172056921	T	0.0108667529107	20	7569	57	84	7730	102094
UNKNOWN	185	C	0.99404915912	G	0.00362225097025	11	7684	28	7	7730	102094
UNKNOWN	186	C	0.992238033635	T	0.00569210866753	5	7670	11	44	7730	102094
UNKNOWN	187	T	0.994437257439	G	0.00297542043984	10	10	23	7687	7730	102094
UNKNOWN	188	G	0.961190168176	A	0.0276843467012	214	26	7430	60	7730	102094
UNKNOWN	189	A	0.984993531695	G	0.0107373868047	7614	19	83	14	7730	102094
UNKNOWN	190	A	0.984087968952	C	0.0115135834411	7607	89	21	13	7730	102094
UNKNOWN	191	A	0.977619663648	C	0.0104786545925	7557	81	53	39	7730	102094
UNKNOWN	192	T	0.987839586028	G	0.00633893919793	8	37	49	7636	7730	102094
UNKNOWN	193	C	0.996895213454	A	0.00142302716688	11	7706	4	9	7730	102094
UNKNOWN	194	C	0.980724450194	T	0.0124191461837	21	7581	32	96	7730	102094
UNKNOWN	195	C	0.994954721863	G	0.00271668822768	8	7691	21	10	7730	102094
UNKNOWN	196	G	0.995213454075	A	0.00206985769728	16	7	7693	14	7730	102094
UNKNOWN	197	G	0.92212160414	A	0.0615782664942	476	84	7128	42	7730	102094
UNKNOWN	198	C	0.98745148771	T	0.00685640362225	16	7633	28	53	7730	102094
UNKNOWN	199	T	0.992496765847	C	0.00491591203105	5	38	15	7672	7730	102094
UNKNOWN	200	C	0.987063389392	T	0.00646830530401	41	7630	9	50	7730	102094
UNKNOWN	201	A	0.984993531695	G	0.012936610608	7614	16	100	0	7730	102094
UNKNOWN	202	G	0.975161707633	C	0.0191461836999	21	148	7538	23	7730	102094
UNKNOWN	203	C	0.934799482536	T	0.0432082794308	100	7226	70	334	7730	102094
UNKNOWN	204	A	0.981371280724	G	0.0116429495472	7586	15	90	39	7730	102094
UNKNOWN	205	T	0.991332470893	C	0.00685640362225	3	53	11	7663	7730	102094
UNKNOWN	206	C	0.987710219922	T	0.00789133247089	31	7635	3	61	7730	102094
UNKNOWN	207	A	0.987710219922	G	0.00737386804657	7635	29	57	9	7730	102094
UNKNOWN	208	C	0.981241914618	G	0.00905562742561	27	7585	70	48	7730	102094
UNKNOWN	209	C	0.947347994825	T	0.0307891332471	72	7323	97	238	7730	102094
UNKNOWN	210	A	0.983958602846	G	0.00737386804657	7606	43	57	24	7730	102094
UNKNOWN	211	A	0.980983182406	G	0.0157826649418	7583	17	122	8	7730	102094
UNKNOWN	212	G	0.970763260026	A	0.0219922380336	170	48	7504	8	7730	102094
UNKNOWN	213	G	0.989521345408	A	0.00776196636481	60	5	7649	16	7730	102094
UNKNOWN	214	A	0.989262613195	C	0.00413971539457	7647	32	26	25	7730	102094
UNKNOWN	215	C	0.971668822768	T	0.011254851229	50	7511	82	87	7730	102094
UNKNOWN	216	A	0.979818887451	G	0.0122897800776	7574	48	95	13	7730	102094
UNKNOWN	217	A	0.976455368693	G	0.0135834411384	7548	47	105	30	7730	102094
UNKNOWN	218	C	0.972703751617	T	0.020957309185	4	7519	45	162	7730	102094
UNKNOWN	219	T	0.989391979301	C	0.00556274256145	16	43	23	7648	7730	102094
UNKNOWN	220	C	0.993661060802	A	0.00388098318241	30	7681	1	18	7730	102094
UNKNOWN	221	C	0.989003880983	A	0.00426908150065	33	7645	30	22	7730	102094
UNKNOWN	222	A	0.983053040103	C	0.00944372574386	7599	73	51	7	7730	102094
UNKNOWN	223	A	0.985640362225	G	0.0104786545925	7619	11	81	19	7730	102094
UNKNOWN	224	G	0.989003880983	A	0.00595084087969	46	27	7645	12	7730	102094
UNKNOWN	225	A	0.988098318241	G	0.00840879689521	7638	16	65	11	7730	102094
UNKNOWN	226	G	0.962613195343	A	0.0280724450194	217	62	7441	10	7730	102094
UNKNOWN	227	C	0.971021992238	T	0.0228978007762	32	7506	15	177	7730	102094
UNKNOWN	228	C	0.989521345408	G	0.00556274256145	37	7649	43	1	7730	102094
UNKNOWN	229	A	0.994437257439	T	0.00232858990944	7687	8	17	18	7730	102094
UNKNOWN	230	A	0.962095730918	G	0.0326002587322	7437	33	252	8	7730	102094
UNKNOWN	231	G	0.96830530401	A	0.0187580853816	145	57	7485	43	7730	102094
UNKNOWN	232	T	0.991849935317	C	0.00672703751617	4	52	7	7667	7730	102094
UNKNOWN	233	C	0.94553686934	T	0.0323415265201	15	7309	156	250	7730	102094
UNKNOWN	234	T	0.989391979301	C	0.00595084087969	9	46	27	7648	7730	102094
UNKNOWN	235	C	0.986287192755	T	0.0104786545925	22	7624	3	81	7730	102094
UNKNOWN	236	T	0.981888745149	C	0.00996119016818	20	77	43	7590	7730	102094
UNKNOWN	237	C	0.986028460543	T	0.00543337645537	29	7622	37	42	7730	102094
UNKNOWN	238	T	0.994437257439	G	0.00349288486417	2	14	27	7687	7730	102094
UNKNOWN	239	G	0.958344113842	A	0.0252263906856	195	74	7408	53	7730	102094
UNKNOWN	240	T	0.985769728331	C	0.00543337645537	39	42	29	7620	7730	102094
UNKNOWN	241	C	0.986287192755	T	0.00879689521345	35	7624	3	68	7730	102094
UNKNOWN	242	A	0.973091849935	G	0.0159120310479	7522	65	123	20	7730	102094
UNKNOWN	243	G	0.897671410091	C	0.0469598965071	330	363	6939	98	7730	102094
UNKNOWN	244	T	0.990685640362	G	0.00504527813713	5	28	39	7658	7730	102094
UNKNOWN	245	G	0.970763260026	A	0.0203104786546	157	38	7504	31	7730	102094
UNKNOWN	246	A	0.976067270375	G	0.0133247089263	7545	71	103	11	7730	102094
UNKNOWN	247	G	0.901423027167	A	0.0655886157827	507	187	6968	68	7730	102094
UNKNOWN	248	C	0.966106080207	T	0.0216041397154	53	7468	42	167	7730	102094
UNKNOWN	249	A	0.984217335058	G	0.0115135834411	7608	30	89	3	7730	102094
UNKNOWN	250	G	0.968822768435	A	0.0205692108668	159	59	7489	23	7730	102094
UNKNOWN	251	C	0.98382923674	T	0.00659767141009	37	7605	37	51	7730	102094
UNKNOWN	252	G	0.981630012937	A	0.0121604139715	94	14	7588	34	7730	102094
UNKNOWN	253	T	0.990815006468	C	0.00530401034929	4	41	26	7659	7730	102094
UNKNOWN	254	G	0.961836998706	A	0.0271668822768	210	41	7435	44	7730	102094
UNKNOWN	255	A	0.986157826649	G	0.00776196636481	7623	34	60	13	7730	102094
UNKNOWN	256	C	0.985640362225	A	0.00556274256145	43	7619	35	33	7730	102094
UNKNOWN	257	A	0.960413971539	G	0.0210866752911	7424	43	163	100	7730	102094
UNKNOWN	258	C	0.945019404916	A	0.0345407503234	267	7305	108	50	7730	102094
UNKNOWN	259	C	0.982406209573	T	0.0104786545925	24	7594	31	81	7730	102094
UNKNOWN	260	T	0.979560155239	G	0.0103492884864	32	46	80	7572	7730	102094
UNKNOWN	261	G	0.989521345408	A	0.00698576972833	54	6	7649	21	7730	102094
UNKNOWN	262	A	0.986416558862	G	0.0104786545925	7625	22	81	2	7730	102094
UNKNOWN	263	G	0.947736093144	A	0.0301423027167	233	130	7326	41	7730	102094
UNKNOWN	264	G	0.986287192755	A	0.00879689521345	68	8	7624	30	7730	102094
UNKNOWN	265	A	0.988227684347	C	0.00646830530401	7639	50	27	14	7730	102094
UNKNOWN	266	C	0.976584734799	T	0.00918499353169	61	7549	49	71	7730	102094
UNKNOWN	267	A	0.968693402329	T	0.0188874514877	7488	24	72	146	7730	102094
UNKNOWN	268	C	0.99042690815	G	0.00439844760673	29	7656	34	11	7730	102094
UNKNOWN	269	G	0.958602846054	A	0.0337645536869	261	31	7410	28	7730	102094
UNKNOWN	270	G	0.986675291074	A	0.00633893919793	49	25	7627	29	7730	102094
UNKNOWN	271	C	0.99275549806	A	0.00413971539457	32	7674	12	12	7730	102094
UNKNOWN	272	C	0.988615782665	A	0.00633893919793	49	7642	11	28	7730	102094
UNKNOWN	273	A	0.991203104787	G	0.00375161707633	7662	24	29	15	7730	102094
UNKNOWN	274	C	0.983958602846	A	0.00763260025873	59	7606	20	45	7730	102094
UNKNOWN	275	A	0.96765847348	G	0.019404915912	7480	44	150	56	7730	102094
UNKNOWN	276	T	0.990815006468	G	0.00375161707633	27	15	29	7659	7730	102094
UNKNOWN	277	A	0.989391979301	C	0.00582147477361	7648	45	21	16	7730	102094
UNKNOWN	278	C	0.94851228978	T	0.0491591203105	16	7332	2	380	7730	102094
UNKNOWN	279	T	0.981371280724	C	0.00866752910737	50	67	27	7586	7730	102094
UNKNOWN	280	A	0.972186287193	T	0.0134540750323	7515	66	45	104	7730	102094
UNKNOWN	281	C	0.955886157827	T	0.0423027166882	7	7389	7	327	7730	102094
UNKNOWN	282	T	0.987710219922	G	0.00776196636481	21	14	60	7635	7730	102094
