Type	Position	Nucl1	Freq1	Nucl2	Freq2	NumAs	NumCs	NumGs	NumTs	NumAligned	NumNaive
UNKNOWN	0	C	1.0	A	0.0	0	17441	0	0	17441	190972
UNKNOWN	1	A	1.0	C	0.0	17441	0	0	0	17441	190972
UNKNOWN	2	G	1.0	A	0.0	0	0	17441	0	17441	190972
UNKNOWN	3	G	1.0	A	0.0	0	0	17441	0	17441	190972
UNKNOWN	4	T	1.0	A	0.0	0	0	0	17441	17441	190972
UNKNOWN	5	G	1.0	A	0.0	0	0	17441	0	17441	190972
UNKNOWN	6	C	1.0	A	0.0	0	17441	0	0	17441	190972
UNKNOWN	7	A	0.997247864228	G	0.00217877415286	17393	8	38	2	17441	190972
UNKNOWN	8	G	0.992259618141	A	0.00538959922023	94	34	17306	7	17441	190972
UNKNOWN	9	C	0.997477208876	T	0.00212143799094	0	17397	7	37	17441	190972
UNKNOWN	10	T	0.998337251304	C	0.00149074020985	3	26	0	17412	17441	190972
UNKNOWN	11	G	0.998394587466	A	0.00120405940026	21	3	17413	4	17441	190972
UNKNOWN	12	C	0.9987959406	T	0.000917378590677	3	17420	2	16	17441	190972
UNKNOWN	13	G	0.998738604438	A	0.00108938707643	19	2	17419	1	17441	190972
UNKNOWN	14	G	0.958316610286	C	0.0397339602087	23	693	16714	11	17441	190972
UNKNOWN	15	G	0.999139957571	C	0.000401353133421	5	7	17426	3	17441	190972
UNKNOWN	16	A	0.996502494123	G	0.00269479961011	17380	10	47	4	17441	190972
UNKNOWN	17	G	0.996330485637	A	0.00286680809587	50	11	17377	3	17441	190972
UNKNOWN	18	T	0.997878562009	C	0.00160541253368	5	28	4	17404	17441	190972
UNKNOWN	19	C	0.999025285247	T	0.000688033943008	0	17424	5	12	17441	190972
UNKNOWN	20	G	0.996846511095	A	0.00269479961011	47	2	17386	6	17441	190972
UNKNOWN	21	G	0.999369302219	C	0.000458689295339	2	8	17430	1	17441	190972
UNKNOWN	22	G	0.998451923628	C	0.00086004242876	9	15	17414	3	17441	190972
UNKNOWN	23	C	0.999254629895	T	0.000745370104925	0	17428	0	13	17441	190972
UNKNOWN	24	C	0.999655983028	T	0.000286680809587	0	17435	1	5	17441	190972
UNKNOWN	25	C	0.999483974543	T	0.000344016971504	1	17432	2	6	17441	190972
UNKNOWN	26	C	0.998394587466	A	0.00086004242876	15	17413	1	12	17441	190972
UNKNOWN	27	A	0.996445157961	G	0.00275213577203	17379	12	48	2	17441	190972
UNKNOWN	28	G	0.994897081589	A	0.00349750587696	61	28	17352	0	17441	190972
UNKNOWN	29	C	0.998279915142	T	0.00160541253368	1	17411	1	28	17441	190972
UNKNOWN	30	C	0.998165242819	T	0.00172008485752	0	17409	2	30	17441	190972
UNKNOWN	31	T	0.997477208876	C	0.00120405940026	2	21	21	17397	17441	190972
UNKNOWN	32	G	0.996445157961	A	0.00292414425778	51	4	17379	7	17441	190972
UNKNOWN	33	G	0.996789174933	C	0.00149074020985	12	26	17385	18	17441	190972
UNKNOWN	34	T	0.996559830285	C	0.00206410182902	7	36	17	17381	17441	190972
UNKNOWN	35	G	0.996502494123	A	0.00212143799094	37	7	17380	17	17441	190972
UNKNOWN	36	A	0.997935898171	G	0.00137606788602	17405	11	24	1	17441	190972
UNKNOWN	37	A	0.995699787856	G	0.00366951436271	17366	10	64	1	17441	190972
UNKNOWN	38	G	0.997247864228	C	0.00143340404793	20	25	17393	3	17441	190972
UNKNOWN	39	C	0.997706553523	T	0.00172008485752	2	17401	8	30	17441	190972
UNKNOWN	40	C	0.997993234333	G	0.00103205091451	2	17406	18	15	17441	190972
UNKNOWN	41	G	0.897826959463	C	0.098503526174	30	1718	15659	34	17441	190972
UNKNOWN	42	T	0.994725073104	C	0.00418553981996	14	73	5	17349	17441	190972
UNKNOWN	43	C	0.996789174933	A	0.00177742101944	31	17385	0	25	17441	190972
UNKNOWN	44	A	0.995585115532	C	0.00240811880053	17364	42	30	5	17441	190972
UNKNOWN	45	C	0.997706553523	A	0.00114672323835	20	17401	8	12	17441	190972
UNKNOWN	46	A	0.996215813313	G	0.00286680809587	17375	14	50	2	17441	190972
UNKNOWN	47	G	0.994725073104	A	0.00452955679147	79	9	17349	4	17441	190972
UNKNOWN	48	A	0.996273149475	G	0.00200676566711	17376	29	35	1	17441	190972
UNKNOWN	49	C	0.999082621409	T	0.000688033943008	2	17425	2	12	17441	190972
UNKNOWN	50	C	0.99730520039	T	0.00206410182902	6	17394	5	36	17441	190972
UNKNOWN	51	C	0.997190528066	T	0.00269479961011	1	17392	1	47	17441	190972
UNKNOWN	52	T	0.995871796342	C	0.0039561951723	3	69	0	17369	17441	190972
UNKNOWN	53	C	0.991514248036	G	0.00665099478241	1	17293	116	31	17441	190972
UNKNOWN	54	T	0.995470443209	C	0.00361217820079	3	63	13	17362	17441	190972
UNKNOWN	55	C	0.998279915142	T	0.000688033943008	10	17411	8	12	17441	190972
UNKNOWN	56	C	0.711828450204	G	0.28559142251	23	12415	4981	22	17441	190972
UNKNOWN	57	C	0.996789174933	T	0.00269479961011	1	17385	8	47	17441	190972
UNKNOWN	58	T	0.996445157961	C	0.00309615274354	6	54	2	17379	17441	190972
UNKNOWN	59	C	0.998279915142	A	0.00143340404793	25	17411	1	4	17441	190972
UNKNOWN	60	A	0.995585115532	G	0.00223611031478	17364	34	39	4	17441	190972
UNKNOWN	61	C	0.998394587466	T	0.00126139556218	0	17413	6	22	17441	190972
UNKNOWN	62	C	0.995585115532	T	0.00258012728628	5	17364	27	45	17441	190972
UNKNOWN	63	T	0.996158477152	C	0.00223611031478	3	39	25	17374	17441	190972
UNKNOWN	64	G	0.997190528066	C	0.00143340404793	21	25	17392	3	17441	190972
UNKNOWN	65	C	0.996330485637	T	0.00235078263861	23	17377	0	41	17441	190972
UNKNOWN	66	A	0.993865030675	G	0.00344016971504	17334	35	60	12	17441	190972
UNKNOWN	67	C	0.994839745427	T	0.00235078263861	16	17351	33	41	17441	190972
UNKNOWN	68	G	0.994839745427	A	0.00441488446763	77	8	17351	5	17441	190972
UNKNOWN	69	G	0.981423083539	A	0.0164554784703	287	18	17117	19	17441	190972
UNKNOWN	70	T	0.699386503067	C	0.29963878218	4	5226	13	12198	17441	190972
UNKNOWN	71	C	0.992546298951	T	0.00527492689639	2	17311	36	92	17441	190972
UNKNOWN	72	T	0.99552777937	C	0.00372685052463	3	65	10	17363	17441	190972
UNKNOWN	73	C	0.997477208876	T	0.00229344647669	0	17397	4	40	17441	190972
UNKNOWN	74	T	0.99461040078	G	0.00252279112436	7	43	44	17347	17441	190972
UNKNOWN	75	G	0.995011753913	A	0.00452955679147	79	5	17354	3	17441	190972
UNKNOWN	76	G	0.991743592684	A	0.00636431397282	111	22	17297	11	17441	190972
UNKNOWN	77	A	0.993750358351	T	0.00217877415286	17332	34	37	38	17441	190972
UNKNOWN	78	T	0.994094375323	C	0.0033254973912	16	58	29	17338	17441	190972
UNKNOWN	79	T	0.994553064618	C	0.00504558224872	4	88	3	17346	17441	190972
UNKNOWN	80	C	0.990768877931	T	0.00573361619173	5	17280	56	100	17441	190972
UNKNOWN	81	T	0.994151711484	C	0.00407086749613	12	71	19	17339	17441	190972
UNKNOWN	82	C	0.996043804828	A	0.00212143799094	37	17372	5	27	17441	190972
UNKNOWN	83	A	0.995069090075	T	0.00275213577203	17355	16	22	48	17441	190972
UNKNOWN	84	T	0.993979702999	C	0.00355484203887	27	62	16	17336	17441	190972
UNKNOWN	85	T	0.99610114099	C	0.00154807637177	17	27	24	17373	17441	190972
UNKNOWN	86	G	0.691703457371	A	0.304971045238	5319	30	12064	28	17441	190972
UNKNOWN	87	A	0.992431626627	G	0.00538959922023	17309	33	94	5	17441	190972
UNKNOWN	88	G	0.975918811995	A	0.0169715039275	296	102	17021	22	17441	190972
UNKNOWN	89	C	0.986927355083	T	0.00653632245857	21	17213	93	114	17441	190972
UNKNOWN	90	G	0.965254285878	A	0.0317642337022	554	37	16835	15	17441	190972
UNKNOWN	91	A	0.969554498022	G	0.0248838942721	16910	80	434	17	17441	190972
UNKNOWN	92	C	0.981251075053	T	0.0109512069262	46	17114	90	191	17441	190972
UNKNOWN	93	A	0.966630353764	T	0.0236224987099	16859	55	115	412	17441	190972
UNKNOWN	94	A	0.98503526174	G	0.0102058368213	17180	59	178	24	17441	190972
UNKNOWN	95	G	0.952582994094	T	0.0405366664755	72	48	16614	707	17441	190972
UNKNOWN	96	G	0.936758213405	A	0.0525199243163	916	103	16338	84	17441	190972
UNKNOWN	97	C	0.979702998681	T	0.0086004242876	79	17087	125	150	17441	190972
UNKNOWN	98	T	0.993693022189	C	0.0029814804197	6	52	52	17331	17441	190972
UNKNOWN	99	G	0.982111117482	A	0.014563385127	254	16	17129	42	17441	190972
UNKNOWN	100	T	0.996043804828	C	0.00189209334327	30	33	6	17372	17441	190972
UNKNOWN	101	A	0.983143168396	G	0.010377845307	17147	47	181	66	17441	190972
UNKNOWN	102	G	0.983888538501	A	0.0127859641076	223	52	17160	6	17441	190972
UNKNOWN	103	G	0.970930565908	A	0.0162834699845	284	119	16934	104	17441	190972
UNKNOWN	104	C	0.993463677541	T	0.00435754830572	15	17327	23	76	17441	190972
UNKNOWN	105	T	0.995871796342	G	0.00235078263861	3	28	41	17369	17441	190972
UNKNOWN	106	G	0.998738604438	A	0.000573361619173	10	2	17419	10	17441	190972
UNKNOWN	107	G	0.9987959406	T	0.000745370104925	7	1	17420	13	17441	190972
UNKNOWN	108	G	0.98623932114	A	0.010377845307	181	14	17201	45	17441	190972
UNKNOWN	109	T	0.995355770885	C	0.00401353133421	5	70	6	17360	17441	190972
UNKNOWN	110	C	0.997763889685	T	0.00149074020985	9	17402	4	26	17441	190972
UNKNOWN	111	C	0.99730520039	G	0.00189209334327	3	17394	33	11	17441	190972
UNKNOWN	112	G	0.996903847256	C	0.00229344647669	12	40	17387	2	17441	190972
UNKNOWN	113	C	0.997419872714	T	0.00114672323835	16	17396	9	20	17441	190972
UNKNOWN	114	C	0.997419872714	A	0.00217877415286	38	17396	5	2	17441	190972
UNKNOWN	115	A	0.992087609655	G	0.00653632245857	17303	16	114	8	17441	190972
UNKNOWN	116	G	0.99610114099	C	0.00309615274354	12	54	17373	2	17441	190972
UNKNOWN	117	G	0.989450146207	A	0.00665099478241	116	56	17257	12	17441	190972
UNKNOWN	118	C	0.994438392294	T	0.00481623760105	1	17344	12	84	17441	190972
UNKNOWN	119	T	0.994553064618	C	0.00470156527722	5	82	8	17346	17441	190972
UNKNOWN	120	C	0.996559830285	T	0.00160541253368	13	17381	19	28	17441	190972
UNKNOWN	121	C	0.995986468666	A	0.00275213577203	48	17371	4	18	17441	190972
UNKNOWN	122	A	0.992546298951	G	0.00642165013474	17311	16	112	2	17441	190972
UNKNOWN	123	G	0.998222578981	A	0.00126139556218	22	6	17410	3	17441	190972
UNKNOWN	124	G	0.994667736942	A	0.0046442291153	81	9	17348	3	17441	190972
UNKNOWN	125	G	0.690327389485	A	0.308411214953	5379	12	12040	10	17441	190972
UNKNOWN	126	A	0.99730520039	G	0.00149074020985	17394	17	26	4	17441	190972
UNKNOWN	127	A	0.993176996732	G	0.00573361619173	17322	16	100	3	17441	190972
UNKNOWN	128	G	0.998623932114	A	0.00086004242876	15	8	17417	1	17441	190972
UNKNOWN	129	G	0.989851499341	C	0.0056189438679	70	98	17264	9	17441	190972
UNKNOWN	130	C	0.995413107047	G	0.00303881658162	3	17361	53	24	17441	190972
UNKNOWN	131	G	0.98922080156	A	0.00716702023967	125	51	17253	12	17441	190972
UNKNOWN	132	C	0.993234332894	T	0.00498824608681	14	17323	17	87	17441	190972
UNKNOWN	133	T	0.993234332894	G	0.0039561951723	3	46	69	17323	17441	190972
UNKNOWN	134	G	0.985780631845	A	0.0120405940026	210	9	17193	29	17441	190972
UNKNOWN	135	G	0.995413107047	A	0.00338283355312	59	19	17361	2	17441	190972
UNKNOWN	136	A	0.994209047646	G	0.0046442291153	17340	11	81	9	17441	190972
UNKNOWN	137	G	0.988131414483	A	0.00831374347801	145	10	17234	52	17441	190972
UNKNOWN	138	T	0.994667736942	G	0.0033254973912	2	33	58	17348	17441	190972
UNKNOWN	139	G	0.998910612924	T	0.000573361619173	3	6	17422	10	17441	190972
UNKNOWN	140	G	0.987902069835	C	0.00871509661143	11	152	17230	48	17441	190972
UNKNOWN	141	C	0.988303422969	G	0.0072816925635	17	17237	127	60	17441	190972
UNKNOWN	142	T	0.994381056132	C	0.0043002121438	3	75	20	17343	17441	190972
UNKNOWN	143	C	0.989450146207	T	0.00705234791583	7	17257	54	123	17441	190972
UNKNOWN	144	G	0.997362536552	A	0.00194942950519	34	1	17395	11	17441	190972
UNKNOWN	145	G	0.99461040078	T	0.00309615274354	14	26	17347	54	17441	190972
UNKNOWN	146	T	0.985264606387	G	0.00533226305831	85	79	93	17184	17441	190972
UNKNOWN	147	G	0.509374462473	A	0.481279743134	8394	71	8884	92	17441	190972
UNKNOWN	148	G	0.890889283871	A	0.0751103721117	1310	440	15538	153	17441	190972
UNKNOWN	149	T	0.981251075053	C	0.00745370104925	104	130	93	17114	17441	190972
UNKNOWN	150	A	0.952927011066	G	0.0404793303136	16620	30	706	85	17441	190972
UNKNOWN	151	T	0.990080843988	C	0.00475890143914	61	83	29	17268	17441	190972
UNKNOWN	152	A	0.973912046328	G	0.01525141907	16986	72	266	117	17441	190972
UNKNOWN	153	G	0.941115761711	A	0.0422567513331	737	128	16414	162	17441	190972
UNKNOWN	154	A	0.972822659251	G	0.0181755633278	16967	124	317	33	17441	190972
UNKNOWN	155	C	0.963591537183	T	0.0241958603291	131	16806	82	422	17441	190972
UNKNOWN	156	A	0.97070122126	G	0.0192649504042	16930	140	336	35	17441	190972
UNKNOWN	157	C	0.933375379852	G	0.0391032624276	124	16279	682	356	17441	190972
UNKNOWN	158	T	0.984576572444	G	0.00865776044952	27	91	151	17172	17441	190972
UNKNOWN	159	G	0.935840834815	A	0.054813370793	956	112	16322	51	17441	190972
UNKNOWN	160	G	0.926265695774	A	0.0482770483344	842	316	16155	128	17441	190972
UNKNOWN	161	T	0.980964394243	G	0.00997649217361	47	111	174	17109	17441	190972
UNKNOWN	162	G	0.990080843988	A	0.00774038185884	135	29	17268	9	17441	190972
UNKNOWN	163	G	0.973912046328	A	0.0228197924431	398	44	16986	13	17441	190972
UNKNOWN	164	A	0.968923800241	G	0.0247692219483	16899	82	432	28	17441	190972
UNKNOWN	165	A	0.978957628576	G	0.0158247806892	17074	67	276	24	17441	190972
UNKNOWN	166	G	0.791181698297	A	0.138352158706	2413	917	13799	312	17441	190972
UNKNOWN	167	C	0.932171320452	T	0.0410526919328	271	16258	196	716	17441	190972
UNKNOWN	168	A	0.977638896852	G	0.0149074020985	17051	107	260	23	17441	190972
UNKNOWN	169	C	0.980391032624	T	0.0086004242876	119	17099	73	150	17441	190972
UNKNOWN	170	A	0.979473654034	G	0.0135313342125	17083	69	236	53	17441	190972
UNKNOWN	171	G	0.978441603119	A	0.0130153087552	227	52	17065	97	17441	190972
UNKNOWN	172	G	0.892781377215	A	0.0720142193682	1256	335	15571	279	17441	190972
UNKNOWN	173	C	0.977638896852	T	0.0108938707643	49	17051	151	190	17441	190972
UNKNOWN	174	T	0.990826214093	A	0.00435754830572	76	48	36	17281	17441	190972
UNKNOWN	175	A	0.988418095293	T	0.00636431397282	17239	38	53	111	17441	190972
UNKNOWN	176	T	0.983773866177	C	0.0119832578407	60	209	14	17158	17441	190972
UNKNOWN	177	A	0.989679490855	C	0.00584828851557	17261	102	56	22	17441	190972
UNKNOWN	178	A	0.988074078321	G	0.00579095235365	17233	99	101	8	17441	190972
UNKNOWN	179	C	0.952927011066	T	0.0407660111232	44	16620	66	711	17441	190972
UNKNOWN	180	C	0.971389255203	T	0.0190929419185	55	16942	111	333	17441	190972
UNKNOWN	181	C	0.989679490855	A	0.00516025457256	90	17261	27	63	17441	190972
UNKNOWN	182	A	0.983315176882	G	0.00923112206869	17150	109	161	21	17441	190972
UNKNOWN	183	G	0.993807694513	A	0.00258012728628	45	42	17333	21	17441	190972
UNKNOWN	184	G	0.930164554785	C	0.0586548936414	120	1023	16223	75	17441	190972
UNKNOWN	185	C	0.996273149475	T	0.00160541253368	13	17376	24	28	17441	190972
UNKNOWN	186	C	0.993807694513	T	0.00424287598188	19	17333	15	74	17441	190972
UNKNOWN	187	T	0.991571584198	G	0.00452955679147	16	52	79	17294	17441	190972
UNKNOWN	188	G	0.984805917092	A	0.0116392408692	203	26	17176	36	17441	190972
UNKNOWN	189	A	0.989048793074	G	0.006937675592	17250	58	121	12	17441	190972
UNKNOWN	190	A	0.974256063299	C	0.00963247520211	16992	168	132	149	17441	190972
UNKNOWN	191	A	0.989507482369	G	0.00424287598188	17258	38	74	71	17441	190972
UNKNOWN	192	T	0.990023507826	C	0.00613496932515	23	107	44	17267	17441	190972
UNKNOWN	193	C	0.992660971275	T	0.00441488446763	38	17313	13	77	17441	190972
UNKNOWN	194	C	0.988590103778	T	0.00653632245857	39	17242	46	114	17441	190972
UNKNOWN	195	C	0.992488962789	G	0.00412820365805	50	17310	72	9	17441	190972
UNKNOWN	196	G	0.992316954303	A	0.00527492689639	92	23	17307	19	17441	190972
UNKNOWN	197	G	0.929648529327	A	0.0503984863253	879	253	16214	95	17441	190972
UNKNOWN	198	C	0.989507482369	T	0.00475890143914	36	17258	64	83	17441	190972
UNKNOWN	199	T	0.986124648816	C	0.00796972650651	39	139	64	17199	17441	190972
UNKNOWN	200	C	0.991227567227	A	0.00579095235365	101	17288	14	38	17441	190972
UNKNOWN	201	A	0.986870018921	G	0.00888710509718	17212	63	155	11	17441	190972
UNKNOWN	202	G	0.975746803509	C	0.0151367467462	89	264	17018	70	17441	190972
UNKNOWN	203	C	0.958373946448	T	0.027750702368	163	16715	79	484	17441	190972
UNKNOWN	204	A	0.983601857692	G	0.00842841580185	17155	58	147	81	17441	190972
UNKNOWN	205	T	0.990883550255	C	0.00630697781091	21	110	28	17282	17441	190972
UNKNOWN	206	C	0.982168453644	T	0.0114672323835	97	17130	14	200	17441	190972
UNKNOWN	207	A	0.981423083539	C	0.00871509661143	17117	152	119	53	17441	190972
UNKNOWN	208	C	0.983601857692	T	0.00630697781091	82	17155	94	110	17441	190972
UNKNOWN	209	C	0.970471876613	T	0.0119832578407	190	16926	116	209	17441	190972
UNKNOWN	210	A	0.978097586148	C	0.0172008485752	17059	300	76	6	17441	190972
UNKNOWN	211	A	0.981365747377	G	0.0137606788602	17116	72	240	13	17441	190972
UNKNOWN	212	G	0.987156699731	A	0.00928845823061	162	39	17217	23	17441	190972
UNKNOWN	213	G	0.990367524798	A	0.00802706266842	140	19	17273	9	17441	190972
UNKNOWN	214	A	0.98595264033	C	0.00917378590677	17196	160	53	32	17441	190972
UNKNOWN	215	C	0.977810905338	T	0.00917378590677	119	17054	108	160	17441	190972
UNKNOWN	216	A	0.976836190585	G	0.0135886703744	17037	101	237	66	17441	190972
UNKNOWN	217	A	0.978670947767	G	0.0120979301646	17069	140	211	21	17441	190972
UNKNOWN	218	C	0.975746803509	T	0.0166848231179	33	17018	99	291	17441	190972
UNKNOWN	219	T	0.986124648816	C	0.00825640731609	38	144	60	17199	17441	190972
UNKNOWN	220	C	0.990826214093	A	0.00533226305831	93	17281	10	57	17441	190972
UNKNOWN	221	C	0.98893412075	A	0.0056189438679	98	17248	31	64	17441	190972
UNKNOWN	222	A	0.98354452153	C	0.00980448368786	17154	171	114	2	17441	190972
UNKNOWN	223	A	0.982111117482	G	0.0151367467462	17129	30	264	18	17441	190972
UNKNOWN	224	G	0.986698010435	A	0.00819907115418	143	71	17209	18	17441	190972
UNKNOWN	225	A	0.986812682759	G	0.00888710509718	17211	64	155	11	17441	190972
UNKNOWN	226	G	0.958488618772	A	0.0302734934923	528	164	16717	32	17441	190972
UNKNOWN	227	C	0.965196949716	T	0.0285534086348	61	16834	48	498	17441	190972
UNKNOWN	228	C	0.989335473883	A	0.00590562467748	103	17255	67	16	17441	190972
UNKNOWN	229	A	0.993062324408	T	0.00275213577203	17320	32	41	48	17441	190972
UNKNOWN	230	A	0.982283125968	G	0.0154234275558	17132	23	269	17	17441	190972
UNKNOWN	231	G	0.97396938249	A	0.0143340404793	250	85	16987	119	17441	190972
UNKNOWN	232	T	0.989966171664	C	0.00814173499226	9	142	24	17266	17441	190972
UNKNOWN	233	C	0.963534201021	T	0.0181755633278	26	16805	293	317	17441	190972
UNKNOWN	234	T	0.986812682759	C	0.00854308812568	28	149	53	17211	17441	190972
UNKNOWN	235	C	0.988876784588	T	0.00923112206869	23	17247	10	161	17441	190972
UNKNOWN	236	T	0.982455134453	C	0.0106645261166	30	186	90	17135	17441	190972
UNKNOWN	237	C	0.989908835503	T	0.00624964164899	19	17265	48	109	17441	190972
UNKNOWN	238	T	0.991571584198	G	0.00527492689639	8	47	92	17294	17441	190972
UNKNOWN	239	G	0.940771744739	A	0.0459262656958	801	91	16408	141	17441	190972
UNKNOWN	240	T	0.984175219311	C	0.00653632245857	85	114	77	17165	17441	190972
UNKNOWN	241	C	0.982913823749	T	0.0116965770311	79	17143	15	204	17441	190972
UNKNOWN	242	A	0.974026718651	G	0.0158821168511	16988	123	277	53	17441	190972
UNKNOWN	243	G	0.872197695086	C	0.0710968407775	815	1240	15212	174	17441	190972
UNKNOWN	244	T	0.989851499341	G	0.00550427154406	22	59	96	17264	17441	190972
UNKNOWN	245	G	0.968407774784	A	0.0232211455765	405	62	16890	84	17441	190972
UNKNOWN	246	A	0.976434837452	G	0.0172581847371	17030	85	301	25	17441	190972
UNKNOWN	247	G	0.935382145519	A	0.0430594575999	751	272	16314	104	17441	190972
UNKNOWN	248	C	0.96261682243	T	0.0233931540623	139	16789	105	408	17441	190972
UNKNOWN	249	A	0.983028496072	G	0.0147927297747	17145	38	258	0	17441	190972
UNKNOWN	250	G	0.984977925578	C	0.00733902872542	110	128	17179	24	17441	190972
UNKNOWN	251	C	0.983372513044	T	0.00865776044952	24	17151	115	151	17441	190972
UNKNOWN	252	G	0.985780631845	A	0.00785505418267	137	28	17193	83	17441	190972
UNKNOWN	253	T	0.98922080156	C	0.00521759073448	20	91	77	17253	17441	190972
UNKNOWN	254	G	0.954647095923	A	0.0321655868356	561	90	16650	140	17441	190972
UNKNOWN	255	A	0.979932343329	G	0.0129006364314	17091	81	225	44	17441	190972
UNKNOWN	256	C	0.98623932114	A	0.00630697781091	110	17201	50	80	17441	190972
UNKNOWN	257	A	0.966286336793	G	0.0233358179003	16853	96	407	85	17441	190972
UNKNOWN	258	A	0.859870420274	C	0.118399174359	14997	2065	311	68	17441	190972
UNKNOWN	259	C	0.956252508457	G	0.0197236396996	98	16678	344	321	17441	190972
UNKNOWN	260	T	0.970643885098	G	0.0129006364314	63	224	225	16929	17441	190972
UNKNOWN	261	G	0.987844733674	A	0.00900177742102	157	7	17229	48	17441	190972
UNKNOWN	262	A	0.985723295683	G	0.0112378877358	17192	32	196	21	17441	190972
UNKNOWN	263	G	0.95722722321	A	0.0240238518434	419	211	16695	116	17441	190972
UNKNOWN	264	G	0.986526001949	A	0.00911644974485	159	28	17206	48	17441	190972
UNKNOWN	265	A	0.982111117482	C	0.00888710509718	17129	155	94	63	17441	190972
UNKNOWN	266	C	0.978212258471	T	0.0132446534029	73	17061	76	231	17441	190972
UNKNOWN	267	T	0.810217304054	A	0.174072587581	3036	98	176	14131	17441	190972
UNKNOWN	268	C	0.986009976492	G	0.00659365862049	70	17197	115	59	17441	190972
UNKNOWN	269	G	0.966630353764	A	0.0260879536724	455	60	16859	67	17441	190972
UNKNOWN	270	G	0.98773006135	C	0.00538959922023	86	94	17227	34	17441	190972
UNKNOWN	271	C	0.986468665788	A	0.00659365862049	115	17205	88	33	17441	190972
UNKNOWN	272	C	0.987271372054	A	0.00905911358294	158	17219	24	40	17441	190972
UNKNOWN	273	A	0.987500716702	G	0.0059629608394	17223	89	104	25	17441	190972
UNKNOWN	274	C	0.979760334843	A	0.0106645261166	186	17088	47	120	17441	190972
UNKNOWN	275	A	0.96502494123	G	0.0204690098045	16831	102	357	151	17441	190972
UNKNOWN	276	T	0.986812682759	A	0.00607763316324	106	44	80	17211	17441	190972
UNKNOWN	277	A	0.985895304168	C	0.00716702023967	17195	125	65	56	17441	190972
UNKNOWN	278	C	0.943237199702	T	0.0509145117826	72	16451	30	888	17441	190972
UNKNOWN	279	T	0.969898514993	C	0.0155380998796	128	271	126	16916	17441	190972
UNKNOWN	280	A	0.973510693194	T	0.0121552663265	16979	163	87	212	17441	190972
UNKNOWN	281	C	0.969554498022	T	0.0267759876154	28	16910	36	467	17441	190972
UNKNOWN	282	T	0.982512470615	G	0.0113525600596	67	40	198	17136	17441	190972
UNKNOWN	283	G	0.985551287197	T	0.00814173499226	78	32	17189	142	17441	190972
UNKNOWN	284	T	0.953156355714	C	0.0363511266556	84	634	99	16624	17441	190972
UNKNOWN	285	A	0.732010779198	G	0.229573992317	12767	208	4004	462	17441	190972
UNKNOWN	286	C	0.839516082793	G	0.0729315979588	359	14642	1272	1168	17441	190972
UNKNOWN	287	T	0.722607648644	A	0.1501060719	2618	615	1605	12603	17441	190972
UNKNOWN	288	A	0.917722607649	G	0.0466142996388	16006	251	813	371	17441	190972
UNKNOWN	289	C	0.752365116679	A	0.148443323204	2589	13122	1304	426	17441	190972
UNKNOWN	290	T	0.763201651281	A	0.137320107792	2395	342	1393	13311	17441	190972
