Type	Position	Nucl1	Freq1	Nucl2	Freq2	NumAs	NumCs	NumGs	NumTs	NumAligned	NumNaive
UNKNOWN	0	C	1.0	A	0.0	0	16154	0	0	16154	76566
UNKNOWN	1	A	1.0	C	0.0	16154	0	0	0	16154	76566
UNKNOWN	2	G	1.0	A	0.0	0	0	16154	0	16154	76566
UNKNOWN	3	G	1.0	A	0.0	0	0	16154	0	16154	76566
UNKNOWN	4	T	1.0	A	0.0	0	0	0	16154	16154	76566
UNKNOWN	5	G	1.0	A	0.0	0	0	16154	0	16154	76566
UNKNOWN	6	C	1.0	A	0.0	0	16154	0	0	16154	76566
UNKNOWN	7	A	0.997152408072	G	0.00185712517024	16108	8	30	8	16154	76566
UNKNOWN	8	G	0.986628698774	A	0.00984276340225	159	49	15938	8	16154	76566
UNKNOWN	9	C	0.991890553423	G	0.00482852544261	17	16023	78	36	16154	76566
UNKNOWN	10	T	0.99894762907	C	0.000680945895753	3	11	3	16137	16154	76566
UNKNOWN	11	G	0.996595270521	A	0.00235235854897	38	13	16099	4	16154	76566
UNKNOWN	12	C	0.998576204036	T	0.000866658412777	8	16131	1	14	16154	76566
UNKNOWN	13	G	0.997276216417	A	0.00241426272131	39	0	16110	5	16154	76566
UNKNOWN	14	G	0.940633898725	C	0.0562089884858	42	908	15195	9	16154	76566
UNKNOWN	15	G	0.99894762907	C	0.000557137551071	5	9	16137	3	16154	76566
UNKNOWN	16	A	0.995666707936	G	0.00241426272131	16084	24	39	7	16154	76566
UNKNOWN	17	G	0.992633403491	A	0.00625232140646	101	11	16035	7	16154	76566
UNKNOWN	18	T	0.995604803764	G	0.00198093351492	8	31	32	16083	16154	76566
UNKNOWN	19	C	0.99814287483	T	0.000866658412777	12	16124	4	14	16154	76566
UNKNOWN	20	G	0.93097684784	A	0.0688993438158	1113	1	15039	1	16154	76566
UNKNOWN	21	G	0.999380958277	A	0.000309520861706	5	4	16144	1	16154	76566
UNKNOWN	22	G	0.99919524576	C	0.000433329206389	4	7	16141	2	16154	76566
UNKNOWN	23	C	0.998514299864	G	0.000680945895753	4	16130	11	9	16154	76566
UNKNOWN	24	C	0.998700012381	T	0.000804754240436	8	16133	0	13	16154	76566
UNKNOWN	25	C	0.997771449796	T	0.00148570013619	12	16118	0	24	16154	76566
UNKNOWN	26	C	0.997647641451	A	0.00117617927448	19	16116	2	17	16154	76566
UNKNOWN	27	A	0.996533366349	G	0.00303330444472	16098	5	49	2	16154	76566
UNKNOWN	28	G	0.987804878049	A	0.010152284264	164	32	15957	1	16154	76566
UNKNOWN	29	C	0.992757211836	T	0.00569518385539	16	16037	9	92	16154	76566
UNKNOWN	30	C	0.99312863687	T	0.00606660888944	9	16043	4	98	16154	76566
UNKNOWN	31	T	0.994738145351	G	0.0031571127894	7	27	51	16069	16154	76566
UNKNOWN	32	G	0.992014361768	A	0.00662374644051	107	11	16025	11	16154	76566
UNKNOWN	33	G	0.996347653832	A	0.00185712517024	30	18	16095	11	16154	76566
UNKNOWN	34	T	0.995542899591	G	0.00235235854897	6	28	38	16082	16154	76566
UNKNOWN	35	G	0.995728612108	A	0.00402377120218	65	1	16085	3	16154	76566
UNKNOWN	36	A	0.997400024762	G	0.00136189179151	16112	11	22	9	16154	76566
UNKNOWN	37	A	0.995480995419	G	0.00266187941067	16081	23	43	7	16154	76566
UNKNOWN	38	G	0.997461928934	C	0.0010523709298	10	17	16113	14	16154	76566
UNKNOWN	39	C	0.995480995419	T	0.00235235854897	19	16081	16	38	16154	76566
UNKNOWN	40	C	0.999071437415	A	0.00049523337873	8	16139	2	5	16154	76566
UNKNOWN	41	C	0.995109570385	G	0.00371425034047	8	16075	60	11	16154	76566
UNKNOWN	42	T	0.996533366349	C	0.00259997523833	6	42	8	16098	16154	76566
UNKNOWN	43	C	0.997833353968	A	0.00148570013619	24	16119	3	8	16154	76566
UNKNOWN	44	A	0.99523337873	G	0.00328092113408	16077	20	53	4	16154	76566
UNKNOWN	45	C	0.996780983038	A	0.00148570013619	24	16102	21	7	16154	76566
UNKNOWN	46	A	0.995914324625	C	0.00204283768726	16088	33	30	3	16154	76566
UNKNOWN	47	G	0.996347653832	A	0.00303330444472	49	5	16095	5	16154	76566
UNKNOWN	48	A	0.994676241179	C	0.00303330444472	16068	49	29	8	16154	76566
UNKNOWN	49	C	0.997771449796	T	0.00136189179151	6	16118	8	22	16154	76566
UNKNOWN	50	C	0.996347653832	T	0.00123808344682	19	16095	20	20	16154	76566
UNKNOWN	51	C	0.997338120589	G	0.00117617927448	6	16111	19	18	16154	76566
UNKNOWN	52	T	0.996780983038	C	0.00241426272131	11	39	2	16102	16154	76566
UNKNOWN	53	C	0.998328587347	T	0.00136189179151	3	16127	2	22	16154	76566
UNKNOWN	54	T	0.993376253559	C	0.00371425034047	6	60	41	16047	16154	76566
UNKNOWN	55	C	0.996657174694	G	0.00167141265321	17	16100	27	10	16154	76566
UNKNOWN	56	C	0.987866782221	T	0.00879039247245	14	15958	40	142	16154	76566
UNKNOWN	57	C	0.997461928934	G	0.0010523709298	9	16113	17	15	16154	76566
UNKNOWN	58	T	0.997709545623	C	0.00198093351492	4	32	1	16117	16154	76566
UNKNOWN	59	C	0.9970905039	A	0.00191902934258	31	16107	5	11	16154	76566
UNKNOWN	60	A	0.994552432834	G	0.00259997523833	16066	33	42	13	16154	76566
UNKNOWN	61	C	0.994614337006	T	0.00259997523833	28	16067	17	42	16154	76566
UNKNOWN	62	C	0.978271635508	T	0.0195617184598	19	15803	16	316	16154	76566
UNKNOWN	63	T	0.99789525814	C	0.00117617927448	4	19	11	16120	16154	76566
UNKNOWN	64	G	0.998638108208	A	0.000680945895753	11	11	16132	0	16154	76566
UNKNOWN	65	C	0.996471462177	T	0.00204283768726	24	16097	0	33	16154	76566
UNKNOWN	66	A	0.992385786802	G	0.00439519623623	16031	31	71	21	16154	76566
UNKNOWN	67	C	0.993995295283	T	0.0028475919277	34	16057	17	46	16154	76566
UNKNOWN	68	G	0.99021914077	A	0.00835706326606	135	9	15996	14	16154	76566
UNKNOWN	69	G	0.640893896249	A	0.354649003343	5729	42	10353	30	16154	76566
UNKNOWN	70	T	0.985762040362	C	0.012876067847	4	208	18	15924	16154	76566
UNKNOWN	71	C	0.982852544261	T	0.00841896743841	15	15877	126	136	16154	76566
UNKNOWN	72	T	0.994861953696	C	0.0031571127894	12	51	20	16071	16154	76566
UNKNOWN	73	C	0.997276216417	T	0.00185712517024	12	16110	2	30	16154	76566
UNKNOWN	74	T	0.99312863687	C	0.00383805868516	8	62	41	16043	16154	76566
UNKNOWN	75	G	0.997338120589	A	0.00235235854897	38	2	16111	3	16154	76566
UNKNOWN	76	G	0.996842887211	A	0.00259997523833	42	8	16103	1	16154	76566
UNKNOWN	77	A	0.991704840906	G	0.00346663365111	16020	46	56	32	16154	76566
UNKNOWN	78	T	0.996223845487	G	0.00198093351492	9	20	32	16093	16154	76566
UNKNOWN	79	T	0.996780983038	C	0.00235235854897	5	38	9	16102	16154	76566
UNKNOWN	80	C	0.990900086666	T	0.00730469233626	10	16007	19	118	16154	76566
UNKNOWN	81	T	0.992138170113	C	0.00476662127027	16	77	34	16027	16154	76566
UNKNOWN	82	C	0.994242911972	A	0.00297140027238	48	16061	8	37	16154	76566
UNKNOWN	83	A	0.985142998638	G	0.00699517147456	15914	59	113	68	16154	76566
UNKNOWN	84	T	0.987866782221	C	0.00749040485329	16	121	59	15958	16154	76566
UNKNOWN	85	T	0.995790516281	G	0.00222855020428	5	27	36	16086	16154	76566
UNKNOWN	86	G	0.967190788659	A	0.0315092237217	509	5	15624	16	16154	76566
UNKNOWN	87	A	0.98941438653	G	0.0070570756469	15983	44	114	13	16154	76566
UNKNOWN	88	G	0.941067227931	A	0.0378853534728	612	292	15202	48	16154	76566
UNKNOWN	89	C	0.950971895506	T	0.0299616194131	91	15362	217	484	16154	76566
UNKNOWN	90	A	0.970038380587	G	0.0204902810449	15670	132	331	21	16154	76566
UNKNOWN	91	G	0.840225331187	A	0.11210845611	1811	602	13573	168	16154	76566
UNKNOWN	92	C	0.954190912468	T	0.0294044818621	184	15414	81	475	16154	76566
UNKNOWN	93	T	0.968428872106	A	0.0112046551938	181	158	171	15644	16154	76566
UNKNOWN	94	A	0.971090751517	C	0.0122570261236	15687	198	118	151	16154	76566
UNKNOWN	95	T	0.988238207255	C	0.00625232140646	22	101	67	15964	16154	76566
UNKNOWN	96	G	0.908691345797	A	0.0680945895753	1100	230	14679	145	16154	76566
UNKNOWN	97	C	0.925157855639	G	0.0347282406834	338	14945	561	310	16154	76566
UNKNOWN	98	T	0.990714374149	C	0.0042094837192	22	68	60	16004	16154	76566
UNKNOWN	99	G	0.972452643308	A	0.0238331063514	385	14	15709	46	16154	76566
UNKNOWN	100	T	0.995419091247	C	0.00346663365111	12	56	6	16080	16154	76566
UNKNOWN	101	A	0.973938343444	G	0.0184474433577	15733	50	298	73	16154	76566
UNKNOWN	102	G	0.949300482853	A	0.0437662498452	707	72	15335	40	16154	76566
UNKNOWN	103	G	0.81756840411	A	0.129998761917	2100	499	13207	348	16154	76566
UNKNOWN	104	C	0.9825430234	T	0.00885229664479	31	15872	108	143	16154	76566
UNKNOWN	105	T	0.997585737279	G	0.00123808344682	1	18	20	16115	16154	76566
UNKNOWN	106	G	0.998885724898	A	0.000680945895753	11	1	16136	6	16154	76566
UNKNOWN	107	G	0.998514299864	C	0.00111427510214	5	18	16130	1	16154	76566
UNKNOWN	108	G	0.978457348025	A	0.0189426767364	306	16	15806	26	16154	76566
UNKNOWN	109	T	0.996223845487	C	0.00259997523833	6	42	13	16093	16154	76566
UNKNOWN	110	C	0.996780983038	A	0.00154760430853	25	16102	6	21	16154	76566
UNKNOWN	111	C	0.998700012381	G	0.000557137551071	5	16133	9	7	16154	76566
UNKNOWN	112	G	0.998204779002	A	0.000866658412777	14	11	16125	4	16154	76566
UNKNOWN	113	C	0.997276216417	T	0.00173331682555	9	16110	7	28	16154	76566
UNKNOWN	114	C	0.99814287483	A	0.00117617927448	19	16124	5	6	16154	76566
UNKNOWN	115	A	0.993314349387	G	0.00476662127027	16046	23	77	8	16154	76566
UNKNOWN	116	G	0.997028599728	A	0.00148570013619	24	12	16106	12	16154	76566
UNKNOWN	117	G	0.975176426891	A	0.0222235978705	359	34	15753	8	16154	76566
UNKNOWN	118	C	0.994304816145	T	0.00321901696174	5	16062	35	52	16154	76566
UNKNOWN	119	T	0.983162065123	C	0.0142379596385	5	230	37	15882	16154	76566
UNKNOWN	120	C	0.988052494738	T	0.0102141884363	10	15961	18	165	16154	76566
UNKNOWN	121	C	0.998576204036	G	0.00111427510214	2	16131	18	3	16154	76566
UNKNOWN	122	G	0.985576327844	A	0.0136189179151	220	8	15921	5	16154	76566
UNKNOWN	123	G	0.990900086666	C	0.00699517147456	30	113	16007	4	16154	76566
UNKNOWN	124	G	0.995914324625	A	0.00365234616813	59	6	16088	1	16154	76566
UNKNOWN	125	G	0.98941438653	A	0.00953324254055	154	7	15983	10	16154	76566
UNKNOWN	126	A	0.997338120589	G	0.00136189179151	16111	18	22	3	16154	76566
UNKNOWN	127	A	0.993561966077	G	0.00489042961496	16050	22	79	3	16154	76566
UNKNOWN	128	G	0.998761916553	A	0.000804754240436	13	2	16134	5	16154	76566
UNKNOWN	129	G	0.990714374149	A	0.00649993809583	105	43	16004	2	16154	76566
UNKNOWN	130	C	0.995604803764	T	0.00272378358301	7	16083	20	44	16154	76566
UNKNOWN	131	G	0.929181626842	A	0.0664231769221	1073	37	15010	34	16154	76566
UNKNOWN	132	C	0.989352482357	T	0.00798563823202	23	15982	20	129	16154	76566
UNKNOWN	133	T	0.985638232017	C	0.00984276340225	11	159	62	15922	16154	76566
UNKNOWN	134	G	0.981552556642	A	0.0163427014981	264	10	15856	24	16154	76566
UNKNOWN	135	G	0.995852420453	A	0.00241426272131	39	23	16087	5	16154	76566
UNKNOWN	136	A	0.994552432834	G	0.00396186702984	16066	18	64	6	16154	76566
UNKNOWN	137	G	0.963105113285	A	0.0341711031324	552	22	15558	22	16154	76566
UNKNOWN	138	T	0.99628574966	G	0.00198093351492	6	22	32	16094	16154	76566
UNKNOWN	139	G	0.996409558004	A	0.00185712517024	30	6	16096	22	16154	76566
UNKNOWN	140	G	0.995047666213	C	0.00290949610004	8	47	16074	25	16154	76566
UNKNOWN	141	G	0.934567289835	A	0.0487185836325	787	239	15097	31	16154	76566
UNKNOWN	142	T	0.996100037143	C	0.00247616689365	5	40	18	16091	16154	76566
UNKNOWN	143	T	0.976228797821	G	0.0120094094342	36	154	194	15770	16154	76566
UNKNOWN	144	G	0.995109570385	A	0.00439519623623	71	0	16075	8	16154	76566
UNKNOWN	145	G	0.987619165532	C	0.0109570385044	6	177	15954	17	16154	76566
UNKNOWN	146	T	0.962424167389	A	0.0164665098428	266	158	183	15547	16154	76566
UNKNOWN	147	G	0.852606165656	A	0.116936981553	1889	170	13773	322	16154	76566
UNKNOWN	148	G	0.788597251455	A	0.14541290083	2349	622	12739	444	16154	76566
UNKNOWN	149	T	0.906648508109	G	0.0521852172836	388	277	843	14646	16154	76566
UNKNOWN	150	A	0.952643308159	G	0.0408567537452	15389	56	660	49	16154	76566
UNKNOWN	151	T	0.988919153151	C	0.00507614213198	39	82	58	15975	16154	76566
UNKNOWN	152	A	0.944038628204	G	0.0201188560109	15250	264	325	315	16154	76566
UNKNOWN	153	A	0.91327225455	G	0.073480252569	14753	164	1187	50	16154	76566
UNKNOWN	154	G	0.878172588832	A	0.0764516528414	1235	613	14186	120	16154	76566
UNKNOWN	155	T	0.953943295778	C	0.021233131113	140	343	261	15410	16154	76566
UNKNOWN	156	A	0.853163303207	G	0.117741735793	13782	355	1902	115	16154	76566
UNKNOWN	157	G	0.876067846973	C	0.0579423053114	770	936	14152	296	16154	76566
UNKNOWN	158	T	0.962486071561	G	0.0205521852173	127	147	332	15548	16154	76566
UNKNOWN	159	G	0.770149808097	A	0.177541166275	2868	554	12441	291	16154	76566
UNKNOWN	160	G	0.818744583385	A	0.103875201189	1678	809	13226	441	16154	76566
UNKNOWN	161	T	0.941500557138	G	0.0249473814535	229	313	403	15209	16154	76566
UNKNOWN	162	G	0.98440014857	A	0.00903800916182	146	25	15902	81	16154	76566
UNKNOWN	163	G	0.982171598366	A	0.0118236969172	191	62	15866	35	16154	76566
UNKNOWN	164	A	0.966633651108	G	0.021047418596	15615	118	340	81	16154	76566
UNKNOWN	165	A	0.941005323759	G	0.0433329206389	15201	196	700	57	16154	76566
UNKNOWN	166	G	0.813111303702	A	0.100408567537	1622	987	13135	410	16154	76566
UNKNOWN	167	C	0.850749040485	T	0.0762659403244	442	13743	737	1232	16154	76566
UNKNOWN	168	A	0.976847839544	G	0.010523709298	15780	122	170	82	16154	76566
UNKNOWN	169	C	0.94261483224	T	0.0308282778259	301	15227	128	498	16154	76566
UNKNOWN	170	A	0.983409681813	G	0.00922372167884	15886	63	149	56	16154	76566
UNKNOWN	171	T	0.980190664851	G	0.00879039247245	65	113	142	15834	16154	76566
UNKNOWN	172	G	0.923486442986	A	0.068404110437	1105	41	14918	90	16154	76566
UNKNOWN	173	C	0.976847839544	T	0.0165284140151	17	15780	90	267	16154	76566
UNKNOWN	174	C	0.91698650489	T	0.0731707317073	97	14813	62	1182	16154	76566
UNKNOWN	175	T	0.905781849697	A	0.0689612479881	1114	203	205	14632	16154	76566
UNKNOWN	176	T	0.945895753374	G	0.0209236102513	230	306	338	15280	16154	76566
UNKNOWN	177	A	0.982419215055	G	0.0103999009533	15870	106	168	10	16154	76566
UNKNOWN	178	A	0.984647765259	G	0.0105856134703	15906	66	171	11	16154	76566
UNKNOWN	179	C	0.871796459081	T	0.107713259874	71	14083	260	1740	16154	76566
UNKNOWN	180	C	0.945771945029	T	0.031756840411	90	15278	273	513	16154	76566
UNKNOWN	181	C	0.988238207255	A	0.00482852544261	78	15964	41	71	16154	76566
UNKNOWN	182	A	0.985081094466	G	0.0063142255788	15913	99	102	40	16154	76566
UNKNOWN	183	G	0.983781106847	A	0.00872848830011	141	68	15892	53	16154	76566
UNKNOWN	184	C	0.974124055961	T	0.0154760430853	46	15736	122	250	16154	76566
UNKNOWN	185	C	0.997523833106	G	0.00148570013619	3	16114	24	13	16154	76566
UNKNOWN	186	C	0.994242911972	T	0.00334282530643	24	16061	15	54	16154	76566
UNKNOWN	187	T	0.993004828525	G	0.00259997523833	35	36	42	16041	16154	76566
UNKNOWN	188	G	0.983285873468	A	0.0115760802278	187	12	15884	71	16154	76566
UNKNOWN	189	A	0.982852544261	G	0.0100284759193	15877	72	162	43	16154	76566
UNKNOWN	190	A	0.985081094466	C	0.00965705088523	15913	156	46	39	16154	76566
UNKNOWN	191	A	0.992200074285	C	0.00297140027238	16028	48	39	39	16154	76566
UNKNOWN	192	T	0.986814411291	C	0.00959514671289	20	155	38	15941	16154	76566
UNKNOWN	193	C	0.994304816145	T	0.00278568775535	17	16062	30	45	16154	76566
UNKNOWN	194	C	0.986566794602	T	0.00940943419586	16	15937	49	152	16154	76566
UNKNOWN	195	C	0.996719078866	G	0.0017952209979	6	16101	29	18	16154	76566
UNKNOWN	196	G	0.995109570385	A	0.00259997523833	42	12	16075	25	16154	76566
UNKNOWN	197	G	0.934072056457	A	0.0521852172836	843	128	15089	94	16154	76566
UNKNOWN	198	C	0.982233502538	G	0.00829515909372	46	15867	134	107	16154	76566
UNKNOWN	199	T	0.988857248979	C	0.00699517147456	20	113	47	15974	16154	76566
UNKNOWN	200	C	0.990528661632	T	0.0042094837192	42	16001	43	68	16154	76566
UNKNOWN	201	A	0.991952457596	G	0.00594280054476	16024	33	96	1	16154	76566
UNKNOWN	202	G	0.971833601585	C	0.0173331682555	83	280	15699	92	16154	76566
UNKNOWN	203	C	0.946019561718	T	0.0423424538814	91	15282	97	684	16154	76566
UNKNOWN	204	A	0.984028723536	G	0.00996657174694	15896	72	161	25	16154	76566
UNKNOWN	205	T	0.992757211836	C	0.00513804630432	16	83	18	16037	16154	76566
UNKNOWN	206	C	0.989042961496	T	0.0070570756469	54	15977	9	114	16154	76566
UNKNOWN	207	A	0.985576327844	G	0.00841896743841	15921	49	136	48	16154	76566
UNKNOWN	208	C	0.983904915191	T	0.00662374644051	51	15894	102	107	16154	76566
UNKNOWN	209	C	0.96774792621	G	0.0111427510214	166	15633	180	175	16154	76566
UNKNOWN	210	A	0.988671536462	C	0.00662374644051	15971	107	62	14	16154	76566
UNKNOWN	211	A	0.986938219636	G	0.0073665965086	15943	47	119	45	16154	76566
UNKNOWN	212	G	0.988919153151	A	0.00779992571499	126	44	15975	9	16154	76566
UNKNOWN	213	G	0.984771573604	A	0.0127522595023	206	26	15908	14	16154	76566
UNKNOWN	214	A	0.992695307664	C	0.00340472947877	16036	55	32	31	16154	76566
UNKNOWN	215	C	0.979757335644	T	0.0120713136065	60	15827	72	195	16154	76566
UNKNOWN	216	A	0.990095332425	G	0.005261854649	15994	43	85	32	16154	76566
UNKNOWN	217	A	0.983285873468	G	0.00947133836821	15884	102	153	15	16154	76566
UNKNOWN	218	C	0.9738145351	T	0.0168379348768	11	15731	140	272	16154	76566
UNKNOWN	219	T	0.988300111428	C	0.00513804630432	62	83	44	15965	16154	76566
UNKNOWN	220	C	0.990652469976	T	0.00476662127027	71	16003	3	77	16154	76566
UNKNOWN	221	C	0.989352482357	G	0.0038999628575	50	15982	63	59	16154	76566
UNKNOWN	222	A	0.984028723536	G	0.00922372167884	15896	107	149	2	16154	76566
UNKNOWN	223	A	0.986628698774	G	0.0108951343321	15938	16	176	24	16154	76566
UNKNOWN	224	G	0.98916676984	A	0.00569518385539	92	79	15979	4	16154	76566
UNKNOWN	225	A	0.990838182494	G	0.00563327968305	16006	51	91	6	16154	76566
UNKNOWN	226	G	0.947443357682	A	0.046985266807	759	76	15305	14	16154	76566
UNKNOWN	227	C	0.965519376006	T	0.0246997647641	54	15597	104	399	16154	76566
UNKNOWN	228	C	0.988981057323	G	0.00804754240436	45	15976	130	3	16154	76566
UNKNOWN	229	A	0.990342949115	T	0.005261854649	15998	13	58	85	16154	76566
UNKNOWN	230	A	0.980252569023	G	0.015785563947	15835	54	255	10	16154	76566
UNKNOWN	231	G	0.958895629565	A	0.0252569023152	408	165	15490	91	16154	76566
UNKNOWN	232	T	0.990961990838	C	0.00730469233626	11	118	17	16008	16154	76566
UNKNOWN	233	C	0.969481243036	G	0.0159093722917	19	15661	257	217	16154	76566
UNKNOWN	234	T	0.989228674013	C	0.00575708802773	26	93	55	15980	16154	76566
UNKNOWN	235	C	0.991519128389	T	0.00687136312987	25	16017	1	111	16154	76566
UNKNOWN	236	T	0.976228797821	G	0.0122570261236	36	150	198	15770	16154	76566
UNKNOWN	237	C	0.989538194874	T	0.00749040485329	23	15985	25	121	16154	76566
UNKNOWN	238	T	0.994676241179	C	0.00266187941067	8	43	35	16068	16154	76566
UNKNOWN	239	G	0.953014733193	A	0.0338615822706	547	132	15395	80	16154	76566
UNKNOWN	240	T	0.984709669432	G	0.00588089637242	93	59	95	15907	16154	76566
UNKNOWN	241	C	0.981800173332	T	0.0151046180513	36	15860	14	244	16154	76566
UNKNOWN	242	A	0.977404977095	G	0.0131236845363	15789	116	212	37	16154	76566
UNKNOWN	243	G	0.88789154389	A	0.065123189303	1052	628	14343	131	16154	76566
UNKNOWN	244	T	0.992881020181	G	0.00340472947877	12	48	55	16039	16154	76566
UNKNOWN	245	G	0.970781230655	A	0.0197474309768	319	84	15682	69	16154	76566
UNKNOWN	246	A	0.981923981676	G	0.0124427386406	15862	80	201	11	16154	76566
UNKNOWN	247	G	0.935000619042	A	0.0398043828154	643	265	15104	142	16154	76566
UNKNOWN	248	C	0.955924229293	T	0.0314473195493	104	15442	100	508	16154	76566
UNKNOWN	249	A	0.98440014857	G	0.0131236845363	15902	40	212	0	16154	76566
UNKNOWN	250	G	0.977466881268	A	0.0138665346044	224	95	15790	45	16154	76566
UNKNOWN	251	C	0.95530518757	T	0.0385043951962	25	15432	75	622	16154	76566
UNKNOWN	252	G	0.990590565804	A	0.00643803392349	104	16	16002	32	16154	76566
UNKNOWN	253	T	0.990961990838	C	0.00575708802773	13	93	40	16008	16154	76566
UNKNOWN	254	G	0.957100408568	A	0.0328092113408	530	93	15461	70	16154	76566
UNKNOWN	255	A	0.985885848706	G	0.00872848830011	15926	47	141	40	16154	76566
UNKNOWN	256	C	0.989042961496	T	0.00550947133837	55	15977	33	89	16154	76566
UNKNOWN	257	A	0.975609756098	G	0.0158474681194	15760	83	256	55	16154	76566
UNKNOWN	258	C	0.663984152532	A	0.319363625108	5159	10726	179	90	16154	76566
UNKNOWN	259	C	0.972205026619	T	0.0152903305683	46	15705	156	247	16154	76566
UNKNOWN	260	T	0.958400396187	C	0.0175807849449	148	284	240	15482	16154	76566
UNKNOWN	261	G	0.990466757459	A	0.0063142255788	102	17	16000	35	16154	76566
UNKNOWN	262	A	0.989538194874	G	0.00649993809583	15985	54	105	10	16154	76566
UNKNOWN	263	G	0.94818620775	A	0.0304568527919	492	286	15317	59	16154	76566
UNKNOWN	264	G	0.991395320045	A	0.00507614213198	82	22	16015	35	16154	76566
UNKNOWN	265	A	0.991457224217	C	0.0049523337873	16016	80	46	12	16154	76566
UNKNOWN	266	C	0.978147827164	T	0.010152284264	128	15801	61	164	16154	76566
UNKNOWN	267	A	0.967252692831	T	0.0183855391853	15625	33	199	297	16154	76566
UNKNOWN	268	C	0.992881020181	A	0.0028475919277	46	16039	44	25	16154	76566
UNKNOWN	269	G	0.963600346663	A	0.0303330444472	490	62	15566	36	16154	76566
UNKNOWN	270	G	0.990652469976	A	0.00464281292559	75	35	16003	41	16154	76566
UNKNOWN	271	C	0.991209607528	A	0.00402377120218	65	16012	61	16	16154	76566
UNKNOWN	272	C	0.986628698774	A	0.00594280054476	96	15938	29	91	16154	76566
UNKNOWN	273	A	0.985390615327	G	0.00798563823202	15918	38	129	69	16154	76566
UNKNOWN	274	C	0.981738269159	A	0.00662374644051	107	15859	85	103	16154	76566
UNKNOWN	275	A	0.970285997276	G	0.0169617432215	15674	115	274	91	16154	76566
UNKNOWN	276	T	0.993871486938	A	0.00247616689365	40	22	37	16055	16154	76566
UNKNOWN	277	A	0.991581032562	C	0.00427138789154	16018	69	41	26	16154	76566
UNKNOWN	278	C	0.945833849201	T	0.0501423795964	36	15279	29	810	16154	76566
UNKNOWN	279	T	0.986381082085	G	0.00637612975115	44	73	103	15934	16154	76566
UNKNOWN	280	A	0.976971647889	T	0.0114522718831	15782	115	72	185	16154	76566
UNKNOWN	281	C	0.969666955553	T	0.0272997400025	22	15664	27	441	16154	76566
UNKNOWN	282	T	0.989909619908	G	0.00749040485329	25	17	121	15991	16154	76566
