Type	Position	Nucl1	Freq1	Nucl2	Freq2	NumAs	NumCs	NumGs	NumTs	NumAligned	NumNaive
UNKNOWN	0	C	1.0	A	0.0	0	332	0	0	332	76566
UNKNOWN	1	A	1.0	C	0.0	332	0	0	0	332	76566
UNKNOWN	2	G	1.0	A	0.0	0	0	332	0	332	76566
UNKNOWN	3	G	1.0	A	0.0	0	0	332	0	332	76566
UNKNOWN	4	T	1.0	A	0.0	0	0	0	332	332	76566
UNKNOWN	5	G	1.0	A	0.0	0	0	332	0	332	76566
UNKNOWN	6	C	1.0	A	0.0	0	332	0	0	332	76566
UNKNOWN	7	A	1.0	C	0.0	332	0	0	0	332	76566
UNKNOWN	8	G	1.0	A	0.0	0	0	332	0	332	76566
UNKNOWN	9	C	0.996987951807	T	0.00301204819277	0	331	0	1	332	76566
UNKNOWN	10	T	1.0	A	0.0	0	0	0	332	332	76566
UNKNOWN	11	G	1.0	A	0.0	0	0	332	0	332	76566
UNKNOWN	12	C	1.0	A	0.0	0	332	0	0	332	76566
UNKNOWN	13	G	1.0	A	0.0	0	0	332	0	332	76566
UNKNOWN	14	C	0.593373493976	G	0.403614457831	0	197	134	1	332	76566
UNKNOWN	15	G	1.0	A	0.0	0	0	332	0	332	76566
UNKNOWN	16	A	1.0	C	0.0	332	0	0	0	332	76566
UNKNOWN	17	G	0.996987951807	A	0.00301204819277	1	0	331	0	332	76566
UNKNOWN	18	T	1.0	A	0.0	0	0	0	332	332	76566
UNKNOWN	19	C	1.0	A	0.0	0	332	0	0	332	76566
UNKNOWN	20	G	0.94578313253	A	0.0542168674699	18	0	314	0	332	76566
UNKNOWN	21	G	1.0	A	0.0	0	0	332	0	332	76566
UNKNOWN	22	G	1.0	A	0.0	0	0	332	0	332	76566
UNKNOWN	23	C	1.0	A	0.0	0	332	0	0	332	76566
UNKNOWN	24	C	1.0	A	0.0	0	332	0	0	332	76566
UNKNOWN	25	C	1.0	A	0.0	0	332	0	0	332	76566
UNKNOWN	26	C	1.0	A	0.0	0	332	0	0	332	76566
UNKNOWN	27	A	0.996987951807	G	0.00301204819277	331	0	1	0	332	76566
UNKNOWN	28	G	1.0	A	0.0	0	0	332	0	332	76566
UNKNOWN	29	C	1.0	A	0.0	0	332	0	0	332	76566
UNKNOWN	30	C	1.0	A	0.0	0	332	0	0	332	76566
UNKNOWN	31	T	1.0	A	0.0	0	0	0	332	332	76566
UNKNOWN	32	G	0.993975903614	A	0.00602409638554	2	0	330	0	332	76566
UNKNOWN	33	G	1.0	A	0.0	0	0	332	0	332	76566
UNKNOWN	34	T	1.0	A	0.0	0	0	0	332	332	76566
UNKNOWN	35	G	1.0	A	0.0	0	0	332	0	332	76566
UNKNOWN	36	A	0.993975903614	C	0.00301204819277	330	1	1	0	332	76566
UNKNOWN	37	A	1.0	C	0.0	332	0	0	0	332	76566
UNKNOWN	38	G	1.0	A	0.0	0	0	332	0	332	76566
UNKNOWN	39	C	1.0	A	0.0	0	332	0	0	332	76566
UNKNOWN	40	C	1.0	A	0.0	0	332	0	0	332	76566
UNKNOWN	41	C	0.990963855422	G	0.00602409638554	1	329	2	0	332	76566
UNKNOWN	42	T	1.0	A	0.0	0	0	0	332	332	76566
UNKNOWN	43	C	0.996987951807	A	0.00301204819277	1	331	0	0	332	76566
UNKNOWN	44	A	1.0	C	0.0	332	0	0	0	332	76566
UNKNOWN	45	C	1.0	A	0.0	0	332	0	0	332	76566
UNKNOWN	46	A	1.0	C	0.0	332	0	0	0	332	76566
UNKNOWN	47	G	1.0	A	0.0	0	0	332	0	332	76566
UNKNOWN	48	A	1.0	C	0.0	332	0	0	0	332	76566
UNKNOWN	49	C	0.996987951807	T	0.00301204819277	0	331	0	1	332	76566
UNKNOWN	50	C	1.0	A	0.0	0	332	0	0	332	76566
UNKNOWN	51	C	1.0	A	0.0	0	332	0	0	332	76566
UNKNOWN	52	T	1.0	A	0.0	0	0	0	332	332	76566
UNKNOWN	53	C	1.0	A	0.0	0	332	0	0	332	76566
UNKNOWN	54	T	0.996987951807	C	0.00301204819277	0	1	0	331	332	76566
UNKNOWN	55	C	0.996987951807	T	0.00301204819277	0	331	0	1	332	76566
UNKNOWN	56	C	0.993975903614	G	0.00602409638554	0	330	2	0	332	76566
UNKNOWN	57	C	1.0	A	0.0	0	332	0	0	332	76566
UNKNOWN	58	T	1.0	A	0.0	0	0	0	332	332	76566
UNKNOWN	59	C	1.0	A	0.0	0	332	0	0	332	76566
UNKNOWN	60	A	1.0	C	0.0	332	0	0	0	332	76566
UNKNOWN	61	C	1.0	A	0.0	0	332	0	0	332	76566
UNKNOWN	62	C	0.993975903614	T	0.00602409638554	0	330	0	2	332	76566
UNKNOWN	63	T	1.0	A	0.0	0	0	0	332	332	76566
UNKNOWN	64	G	1.0	A	0.0	0	0	332	0	332	76566
UNKNOWN	65	C	1.0	A	0.0	0	332	0	0	332	76566
UNKNOWN	66	A	0.996987951807	C	0.00301204819277	331	1	0	0	332	76566
UNKNOWN	67	C	1.0	A	0.0	0	332	0	0	332	76566
UNKNOWN	68	G	1.0	A	0.0	0	0	332	0	332	76566
UNKNOWN	69	G	0.960843373494	A	0.039156626506	13	0	319	0	332	76566
UNKNOWN	70	T	0.996987951807	C	0.00301204819277	0	1	0	331	332	76566
UNKNOWN	71	C	0.990963855422	G	0.00602409638554	0	329	2	1	332	76566
UNKNOWN	72	T	1.0	A	0.0	0	0	0	332	332	76566
UNKNOWN	73	C	1.0	A	0.0	0	332	0	0	332	76566
UNKNOWN	74	T	0.993975903614	C	0.00602409638554	0	2	0	330	332	76566
UNKNOWN	75	G	1.0	A	0.0	0	0	332	0	332	76566
UNKNOWN	76	G	0.990963855422	A	0.00903614457831	3	0	329	0	332	76566
UNKNOWN	77	A	1.0	C	0.0	332	0	0	0	332	76566
UNKNOWN	78	T	0.990963855422	C	0.00602409638554	0	2	1	329	332	76566
UNKNOWN	79	T	1.0	A	0.0	0	0	0	332	332	76566
UNKNOWN	80	C	1.0	A	0.0	0	332	0	0	332	76566
UNKNOWN	81	T	0.993975903614	A	0.00301204819277	1	0	1	330	332	76566
UNKNOWN	82	C	1.0	A	0.0	0	332	0	0	332	76566
UNKNOWN	83	A	1.0	C	0.0	332	0	0	0	332	76566
UNKNOWN	84	T	0.990963855422	A	0.00602409638554	2	1	0	329	332	76566
UNKNOWN	85	T	0.996987951807	C	0.00301204819277	0	1	0	331	332	76566
UNKNOWN	86	G	0.987951807229	A	0.0120481927711	4	0	328	0	332	76566
UNKNOWN	87	A	1.0	C	0.0	332	0	0	0	332	76566
UNKNOWN	88	G	0.942771084337	A	0.039156626506	13	5	313	1	332	76566
UNKNOWN	89	C	0.969879518072	T	0.0301204819277	0	322	0	10	332	76566
UNKNOWN	90	A	0.981927710843	G	0.0120481927711	326	2	4	0	332	76566
UNKNOWN	91	G	0.870481927711	A	0.0843373493976	28	13	289	2	332	76566
UNKNOWN	92	C	0.972891566265	T	0.0240963855422	1	323	0	8	332	76566
UNKNOWN	93	T	0.981927710843	A	0.0120481927711	4	0	2	326	332	76566
UNKNOWN	94	A	0.990963855422	G	0.00602409638554	329	0	2	1	332	76566
UNKNOWN	95	T	0.990963855422	A	0.00301204819277	1	1	1	329	332	76566
UNKNOWN	96	G	0.948795180723	A	0.0421686746988	14	1	315	2	332	76566
UNKNOWN	97	G	0.620481927711	C	0.268072289157	23	89	206	14	332	76566
UNKNOWN	98	T	0.990963855422	C	0.00602409638554	1	2	0	329	332	76566
UNKNOWN	99	G	0.987951807229	A	0.0120481927711	4	0	328	0	332	76566
UNKNOWN	100	T	0.996987951807	A	0.00301204819277	1	0	0	331	332	76566
UNKNOWN	101	A	0.996987951807	G	0.00301204819277	331	0	1	0	332	76566
UNKNOWN	102	A	0.765060240964	G	0.219879518072	254	3	73	2	332	76566
UNKNOWN	103	G	0.831325301205	A	0.132530120482	44	10	276	2	332	76566
UNKNOWN	104	C	0.984939759036	T	0.0120481927711	0	327	1	4	332	76566
UNKNOWN	105	T	1.0	A	0.0	0	0	0	332	332	76566
UNKNOWN	106	G	1.0	A	0.0	0	0	332	0	332	76566
UNKNOWN	107	G	1.0	A	0.0	0	0	332	0	332	76566
UNKNOWN	108	G	0.94578313253	A	0.0542168674699	18	0	314	0	332	76566
UNKNOWN	109	T	1.0	A	0.0	0	0	0	332	332	76566
UNKNOWN	110	C	1.0	A	0.0	0	332	0	0	332	76566
UNKNOWN	111	C	1.0	A	0.0	0	332	0	0	332	76566
UNKNOWN	112	G	1.0	A	0.0	0	0	332	0	332	76566
UNKNOWN	113	C	1.0	A	0.0	0	332	0	0	332	76566
UNKNOWN	114	C	1.0	A	0.0	0	332	0	0	332	76566
UNKNOWN	115	A	1.0	C	0.0	332	0	0	0	332	76566
UNKNOWN	116	G	0.993975903614	A	0.00602409638554	2	0	330	0	332	76566
UNKNOWN	117	G	0.990963855422	A	0.00903614457831	3	0	329	0	332	76566
UNKNOWN	118	C	1.0	A	0.0	0	332	0	0	332	76566
UNKNOWN	119	T	0.990963855422	C	0.00602409638554	0	2	1	329	332	76566
UNKNOWN	120	C	1.0	A	0.0	0	332	0	0	332	76566
UNKNOWN	121	C	1.0	A	0.0	0	332	0	0	332	76566
UNKNOWN	122	A	0.936746987952	G	0.0602409638554	311	1	20	0	332	76566
UNKNOWN	123	G	1.0	A	0.0	0	0	332	0	332	76566
UNKNOWN	124	G	1.0	A	0.0	0	0	332	0	332	76566
UNKNOWN	125	G	0.981927710843	A	0.0180722891566	6	0	326	0	332	76566
UNKNOWN	126	A	1.0	C	0.0	332	0	0	0	332	76566
UNKNOWN	127	A	0.993975903614	G	0.00602409638554	330	0	2	0	332	76566
UNKNOWN	128	G	1.0	A	0.0	0	0	332	0	332	76566
UNKNOWN	129	G	0.996987951807	A	0.00301204819277	1	0	331	0	332	76566
UNKNOWN	130	C	1.0	A	0.0	0	332	0	0	332	76566
UNKNOWN	131	G	0.975903614458	A	0.0240963855422	8	0	324	0	332	76566
UNKNOWN	132	C	1.0	A	0.0	0	332	0	0	332	76566
UNKNOWN	133	T	0.987951807229	C	0.00602409638554	1	2	1	328	332	76566
UNKNOWN	134	G	0.978915662651	A	0.0210843373494	7	0	325	0	332	76566
UNKNOWN	135	G	0.993975903614	C	0.00602409638554	0	2	330	0	332	76566
UNKNOWN	136	A	1.0	C	0.0	332	0	0	0	332	76566
UNKNOWN	137	G	0.975903614458	A	0.0210843373494	7	0	324	1	332	76566
UNKNOWN	138	T	1.0	A	0.0	0	0	0	332	332	76566
UNKNOWN	139	G	0.993975903614	A	0.00301204819277	1	0	330	1	332	76566
UNKNOWN	140	C	0.734939759036	T	0.168674698795	2	244	30	56	332	76566
UNKNOWN	141	C	0.927710843373	G	0.0632530120482	3	308	21	0	332	76566
UNKNOWN	142	T	0.996987951807	C	0.00301204819277	0	1	0	331	332	76566
UNKNOWN	143	C	0.78313253012	T	0.213855421687	1	260	0	71	332	76566
UNKNOWN	144	G	0.996987951807	A	0.00301204819277	1	0	331	0	332	76566
UNKNOWN	145	G	1.0	A	0.0	0	0	332	0	332	76566
UNKNOWN	146	T	0.987951807229	C	0.00602409638554	0	2	2	328	332	76566
UNKNOWN	147	G	0.903614457831	A	0.0873493975904	29	0	300	3	332	76566
UNKNOWN	148	G	0.978915662651	A	0.00903614457831	3	2	325	2	332	76566
UNKNOWN	149	T	0.984939759036	C	0.00903614457831	1	3	1	327	332	76566
UNKNOWN	150	A	0.984939759036	G	0.0150602409639	327	0	5	0	332	76566
UNKNOWN	151	T	0.993975903614	A	0.00301204819277	1	1	0	330	332	76566
UNKNOWN	152	A	0.993975903614	T	0.00301204819277	330	0	1	1	332	76566
UNKNOWN	153	A	0.969879518072	G	0.0240963855422	322	1	8	1	332	76566
UNKNOWN	154	G	0.963855421687	A	0.0240963855422	8	3	320	1	332	76566
UNKNOWN	155	T	0.569277108434	C	0.409638554217	3	136	4	189	332	76566
UNKNOWN	156	A	0.942771084337	G	0.0542168674699	313	1	18	0	332	76566
UNKNOWN	157	G	0.969879518072	A	0.0210843373494	7	3	322	0	332	76566
UNKNOWN	158	T	0.996987951807	C	0.00301204819277	0	1	0	331	332	76566
UNKNOWN	159	G	0.885542168675	A	0.0963855421687	32	5	294	1	332	76566
UNKNOWN	160	G	0.94578313253	A	0.039156626506	13	2	314	3	332	76566
UNKNOWN	161	T	0.972891566265	A	0.00903614457831	3	3	3	323	332	76566
UNKNOWN	162	G	0.993975903614	A	0.00602409638554	2	0	330	0	332	76566
UNKNOWN	163	G	0.987951807229	A	0.0120481927711	4	0	328	0	332	76566
UNKNOWN	164	A	0.972891566265	G	0.0240963855422	323	1	8	0	332	76566
UNKNOWN	165	A	0.951807228916	G	0.039156626506	316	1	13	2	332	76566
UNKNOWN	166	G	0.753012048193	A	0.153614457831	51	17	250	14	332	76566
UNKNOWN	167	C	0.915662650602	T	0.0451807228916	6	304	7	15	332	76566
UNKNOWN	168	A	0.978915662651	G	0.0150602409639	325	2	5	0	332	76566
UNKNOWN	169	C	0.972891566265	G	0.0150602409639	1	323	5	3	332	76566
UNKNOWN	170	A	1.0	C	0.0	332	0	0	0	332	76566
UNKNOWN	171	G	0.939759036145	T	0.039156626506	7	0	312	13	332	76566
UNKNOWN	172	G	0.909638554217	A	0.0722891566265	24	3	302	3	332	76566
UNKNOWN	173	C	1.0	A	0.0	0	332	0	0	332	76566
UNKNOWN	174	T	0.993975903614	C	0.00602409638554	0	2	0	330	332	76566
UNKNOWN	175	A	0.996987951807	T	0.00301204819277	331	0	0	1	332	76566
UNKNOWN	176	T	0.990963855422	C	0.00903614457831	0	3	0	329	332	76566
UNKNOWN	177	A	0.984939759036	C	0.00903614457831	327	3	2	0	332	76566
UNKNOWN	178	A	0.996987951807	G	0.00301204819277	331	0	1	0	332	76566
UNKNOWN	179	C	0.936746987952	T	0.0572289156627	2	311	0	19	332	76566
UNKNOWN	180	C	0.978915662651	T	0.00903614457831	2	325	2	3	332	76566
UNKNOWN	181	C	0.996987951807	T	0.00301204819277	0	331	0	1	332	76566
UNKNOWN	182	A	1.0	C	0.0	332	0	0	0	332	76566
UNKNOWN	183	G	0.990963855422	A	0.00602409638554	2	0	329	1	332	76566
UNKNOWN	184	C	0.987951807229	G	0.0120481927711	0	328	4	0	332	76566
UNKNOWN	185	C	1.0	A	0.0	0	332	0	0	332	76566
UNKNOWN	186	C	1.0	A	0.0	0	332	0	0	332	76566
UNKNOWN	187	T	1.0	A	0.0	0	0	0	332	332	76566
UNKNOWN	188	G	0.993975903614	A	0.00301204819277	1	1	330	0	332	76566
UNKNOWN	189	A	1.0	C	0.0	332	0	0	0	332	76566
UNKNOWN	190	A	0.996987951807	G	0.00301204819277	331	0	1	0	332	76566
UNKNOWN	191	A	0.990963855422	C	0.00903614457831	329	3	0	0	332	76566
UNKNOWN	192	T	1.0	A	0.0	0	0	0	332	332	76566
UNKNOWN	193	C	0.993975903614	A	0.00602409638554	2	330	0	0	332	76566
UNKNOWN	194	C	1.0	A	0.0	0	332	0	0	332	76566
UNKNOWN	195	C	1.0	A	0.0	0	332	0	0	332	76566
UNKNOWN	196	G	0.996987951807	A	0.00301204819277	1	0	331	0	332	76566
UNKNOWN	197	G	0.984939759036	A	0.0120481927711	4	1	327	0	332	76566
UNKNOWN	198	C	0.996987951807	G	0.00301204819277	0	331	1	0	332	76566
UNKNOWN	199	T	0.996987951807	C	0.00301204819277	0	1	0	331	332	76566
UNKNOWN	200	C	0.996987951807	A	0.00301204819277	1	331	0	0	332	76566
UNKNOWN	201	A	1.0	C	0.0	332	0	0	0	332	76566
UNKNOWN	202	G	0.987951807229	A	0.00602409638554	2	2	328	0	332	76566
UNKNOWN	203	C	0.972891566265	T	0.0240963855422	0	323	1	8	332	76566
UNKNOWN	204	A	0.996987951807	G	0.00301204819277	331	0	1	0	332	76566
UNKNOWN	205	T	1.0	A	0.0	0	0	0	332	332	76566
UNKNOWN	206	C	1.0	A	0.0	0	332	0	0	332	76566
UNKNOWN	207	A	0.993975903614	C	0.00602409638554	330	2	0	0	332	76566
UNKNOWN	208	C	1.0	A	0.0	0	332	0	0	332	76566
UNKNOWN	209	C	0.981927710843	G	0.0150602409639	0	326	5	1	332	76566
UNKNOWN	210	A	0.996987951807	C	0.00301204819277	331	1	0	0	332	76566
UNKNOWN	211	A	0.996987951807	C	0.00301204819277	331	1	0	0	332	76566
UNKNOWN	212	G	0.984939759036	A	0.0150602409639	5	0	327	0	332	76566
UNKNOWN	213	G	1.0	A	0.0	0	0	332	0	332	76566
UNKNOWN	214	A	1.0	C	0.0	332	0	0	0	332	76566
UNKNOWN	215	C	1.0	A	0.0	0	332	0	0	332	76566
UNKNOWN	216	A	0.996987951807	T	0.00301204819277	331	0	0	1	332	76566
UNKNOWN	217	A	0.987951807229	G	0.0120481927711	328	0	4	0	332	76566
UNKNOWN	218	C	0.990963855422	T	0.00903614457831	0	329	0	3	332	76566
UNKNOWN	219	T	0.993975903614	A	0.00301204819277	1	0	1	330	332	76566
UNKNOWN	220	C	1.0	A	0.0	0	332	0	0	332	76566
UNKNOWN	221	C	0.993975903614	T	0.00301204819277	0	330	1	1	332	76566
UNKNOWN	222	A	0.993975903614	C	0.00602409638554	330	2	0	0	332	76566
UNKNOWN	223	A	0.996987951807	G	0.00301204819277	331	0	1	0	332	76566
UNKNOWN	224	G	0.993975903614	A	0.00602409638554	2	0	330	0	332	76566
UNKNOWN	225	A	1.0	C	0.0	332	0	0	0	332	76566
UNKNOWN	226	G	0.957831325301	A	0.039156626506	13	1	318	0	332	76566
UNKNOWN	227	C	0.951807228916	T	0.0451807228916	0	316	1	15	332	76566
UNKNOWN	228	C	0.993975903614	A	0.00301204819277	1	330	0	1	332	76566
UNKNOWN	229	A	1.0	C	0.0	332	0	0	0	332	76566
UNKNOWN	230	A	0.996987951807	G	0.00301204819277	331	0	1	0	332	76566
UNKNOWN	231	G	0.981927710843	A	0.0180722891566	6	0	326	0	332	76566
UNKNOWN	232	T	0.993975903614	C	0.00602409638554	0	2	0	330	332	76566
UNKNOWN	233	C	0.990963855422	T	0.00602409638554	0	329	1	2	332	76566
UNKNOWN	234	T	0.996987951807	C	0.00301204819277	0	1	0	331	332	76566
UNKNOWN	235	C	0.996987951807	A	0.00301204819277	1	331	0	0	332	76566
UNKNOWN	236	T	0.993975903614	G	0.00602409638554	0	0	2	330	332	76566
UNKNOWN	237	C	1.0	A	0.0	0	332	0	0	332	76566
UNKNOWN	238	T	1.0	A	0.0	0	0	0	332	332	76566
UNKNOWN	239	G	0.864457831325	A	0.132530120482	44	1	287	0	332	76566
UNKNOWN	240	T	1.0	A	0.0	0	0	0	332	332	76566
UNKNOWN	241	C	0.993975903614	T	0.00602409638554	0	330	0	2	332	76566
UNKNOWN	242	A	0.987951807229	G	0.0120481927711	328	0	4	0	332	76566
UNKNOWN	243	G	0.707831325301	C	0.240963855422	16	80	235	1	332	76566
UNKNOWN	244	T	1.0	A	0.0	0	0	0	332	332	76566
UNKNOWN	245	G	0.984939759036	A	0.0120481927711	4	1	327	0	332	76566
UNKNOWN	246	A	0.993975903614	G	0.00602409638554	330	0	2	0	332	76566
UNKNOWN	247	G	0.969879518072	A	0.0210843373494	7	3	322	0	332	76566
UNKNOWN	248	C	0.984939759036	T	0.0120481927711	0	327	1	4	332	76566
UNKNOWN	249	A	0.993975903614	C	0.00602409638554	330	2	0	0	332	76566
UNKNOWN	250	G	0.990963855422	A	0.00903614457831	3	0	329	0	332	76566
UNKNOWN	251	C	0.996987951807	T	0.00301204819277	0	331	0	1	332	76566
UNKNOWN	252	G	0.996987951807	A	0.00301204819277	1	0	331	0	332	76566
UNKNOWN	253	T	0.996987951807	G	0.00301204819277	0	0	1	331	332	76566
UNKNOWN	254	G	0.981927710843	A	0.0120481927711	4	1	326	1	332	76566
UNKNOWN	255	A	0.990963855422	G	0.00602409638554	329	0	2	1	332	76566
UNKNOWN	256	C	0.993975903614	T	0.00602409638554	0	330	0	2	332	76566
UNKNOWN	257	A	0.993975903614	G	0.00602409638554	330	0	2	0	332	76566
UNKNOWN	258	C	0.704819277108	A	0.277108433735	92	234	5	1	332	76566
UNKNOWN	259	C	0.993975903614	T	0.00602409638554	0	330	0	2	332	76566
UNKNOWN	260	T	0.984939759036	C	0.0120481927711	0	4	1	327	332	76566
UNKNOWN	261	G	0.990963855422	A	0.00602409638554	2	0	329	1	332	76566
UNKNOWN	262	A	1.0	C	0.0	332	0	0	0	332	76566
UNKNOWN	263	G	0.981927710843	A	0.0180722891566	6	0	326	0	332	76566
UNKNOWN	264	G	1.0	A	0.0	0	0	332	0	332	76566
UNKNOWN	265	A	1.0	C	0.0	332	0	0	0	332	76566
UNKNOWN	266	C	0.984939759036	T	0.0120481927711	1	327	0	4	332	76566
UNKNOWN	267	A	0.984939759036	T	0.0120481927711	327	0	1	4	332	76566
UNKNOWN	268	C	1.0	A	0.0	0	332	0	0	332	76566
UNKNOWN	269	G	0.978915662651	A	0.0120481927711	4	3	325	0	332	76566
UNKNOWN	270	G	0.993975903614	A	0.00301204819277	1	0	330	1	332	76566
UNKNOWN	271	C	0.996987951807	G	0.00301204819277	0	331	1	0	332	76566
UNKNOWN	272	C	0.996987951807	G	0.00301204819277	0	331	1	0	332	76566
UNKNOWN	273	A	1.0	C	0.0	332	0	0	0	332	76566
UNKNOWN	274	C	0.993975903614	T	0.00602409638554	0	330	0	2	332	76566
UNKNOWN	275	A	0.990963855422	C	0.00602409638554	329	2	1	0	332	76566
UNKNOWN	276	T	1.0	A	0.0	0	0	0	332	332	76566
UNKNOWN	277	A	0.996987951807	T	0.00301204819277	331	0	0	1	332	76566
UNKNOWN	278	C	0.963855421687	T	0.0361445783133	0	320	0	12	332	76566
UNKNOWN	279	T	0.993975903614	A	0.00301204819277	1	1	0	330	332	76566
UNKNOWN	280	A	0.996987951807	G	0.00301204819277	331	0	1	0	332	76566
UNKNOWN	281	C	0.984939759036	T	0.0120481927711	0	327	1	4	332	76566
UNKNOWN	282	T	1.0	A	0.0	0	0	0	332	332	76566
