Type	Position	Nucl1	Freq1	Nucl2	Freq2	NumAs	NumCs	NumGs	NumTs	NumAligned	NumNaive
UNKNOWN	0	C	1.0	A	0.0	0	14448	0	0	14448	76566
UNKNOWN	1	A	1.0	C	0.0	14448	0	0	0	14448	76566
UNKNOWN	2	G	1.0	A	0.0	0	0	14448	0	14448	76566
UNKNOWN	3	G	1.0	A	0.0	0	0	14448	0	14448	76566
UNKNOWN	4	T	1.0	A	0.0	0	0	0	14448	14448	76566
UNKNOWN	5	G	1.0	A	0.0	0	0	14448	0	14448	76566
UNKNOWN	6	C	1.0	A	0.0	0	14448	0	0	14448	76566
UNKNOWN	7	A	0.9982696567	G	0.00103820598007	14423	4	15	6	14448	76566
UNKNOWN	8	G	0.993632336656	A	0.00512181616833	74	15	14356	3	14448	76566
UNKNOWN	9	C	0.998200442968	T	0.00124584717608	5	14422	3	18	14448	76566
UNKNOWN	10	T	0.99930786268	C	0.00062292358804	1	9	0	14438	14448	76566
UNKNOWN	11	G	0.998754152824	A	0.000968992248062	14	3	14430	1	14448	76566
UNKNOWN	12	C	0.998754152824	T	0.000692137320044	2	14430	6	10	14448	76566
UNKNOWN	13	G	0.997854374308	A	0.00145348837209	21	3	14417	7	14448	76566
UNKNOWN	14	C	0.537236987818	G	0.461101882614	19	7762	6662	5	14448	76566
UNKNOWN	15	G	0.999584717608	A	0.000138427464009	2	2	14442	2	14448	76566
UNKNOWN	16	A	0.99861572536	G	0.00103820598007	14428	4	15	1	14448	76566
UNKNOWN	17	G	0.993563122924	A	0.00588316722038	85	4	14355	4	14448	76566
UNKNOWN	18	T	0.99757751938	C	0.00103820598007	5	15	15	14413	14448	76566
UNKNOWN	19	C	0.998823366556	A	0.00062292358804	9	14431	4	4	14448	76566
UNKNOWN	20	G	0.924557032115	A	0.0750968992248	1085	3	13358	2	14448	76566
UNKNOWN	21	G	0.999930786268	T	6.92137320044e-05	0	0	14447	1	14448	76566
UNKNOWN	22	G	0.99965393134	A	0.000276854928018	4	1	14443	0	14448	76566
UNKNOWN	23	C	0.998684939092	T	0.000484496124031	5	14429	7	7	14448	76566
UNKNOWN	24	C	0.999031007752	A	0.000484496124031	7	14434	2	5	14448	76566
UNKNOWN	25	C	0.999584717608	A	0.000346068660022	5	14442	0	1	14448	76566
UNKNOWN	26	C	0.999446290144	A	0.000346068660022	5	14440	2	1	14448	76566
UNKNOWN	27	A	0.997369878184	G	0.00242248062016	14410	1	35	2	14448	76566
UNKNOWN	28	G	0.993839977852	A	0.00477574750831	69	18	14359	2	14448	76566
UNKNOWN	29	C	0.996262458472	T	0.0031146179402	5	14394	4	45	14448	76566
UNKNOWN	30	C	0.99930786268	A	0.000346068660022	5	14438	1	4	14448	76566
UNKNOWN	31	T	0.996746954596	G	0.00145348837209	7	19	21	14401	14448	76566
UNKNOWN	32	G	0.994670542636	A	0.00442967884828	64	2	14371	11	14448	76566
UNKNOWN	33	G	0.995985603544	A	0.0031146179402	45	11	14390	2	14448	76566
UNKNOWN	34	T	0.997785160576	C	0.00110741971207	1	16	15	14416	14448	76566
UNKNOWN	35	G	0.998338870432	A	0.0015227021041	22	2	14424	0	14448	76566
UNKNOWN	36	A	0.99861572536	G	0.00062292358804	14428	7	9	4	14448	76566
UNKNOWN	37	A	0.996677740864	G	0.00235326688815	14400	13	34	1	14448	76566
UNKNOWN	38	G	0.998684939092	A	0.000968992248062	14	4	14429	1	14448	76566
UNKNOWN	39	C	0.997508305648	T	0.00200719822813	4	14412	3	29	14448	76566
UNKNOWN	40	C	0.999100221484	A	0.000484496124031	7	14435	1	5	14448	76566
UNKNOWN	41	C	0.991971207087	G	0.00380675526024	8	14332	55	53	14448	76566
UNKNOWN	42	T	0.99792358804	C	0.0015227021041	2	22	6	14418	14448	76566
UNKNOWN	43	C	0.998062015504	A	0.000968992248062	14	14420	3	11	14448	76566
UNKNOWN	44	A	0.996954595792	G	0.00186877076412	14404	11	27	6	14448	76566
UNKNOWN	45	C	0.997439091916	G	0.00145348837209	14	14411	21	2	14448	76566
UNKNOWN	46	A	0.997785160576	G	0.00124584717608	14416	13	18	1	14448	76566
UNKNOWN	47	G	0.998338870432	A	0.00110741971207	16	6	14424	2	14448	76566
UNKNOWN	48	A	0.99723145072	G	0.00124584717608	14408	17	18	5	14448	76566
UNKNOWN	49	C	0.998823366556	G	0.00062292358804	3	14431	9	5	14448	76566
UNKNOWN	50	C	0.998408084164	T	0.000761351052049	7	14425	5	11	14448	76566
UNKNOWN	51	C	0.999031007752	G	0.000553709856035	2	14434	8	4	14448	76566
UNKNOWN	52	T	0.997992801772	C	0.0015919158361	5	23	1	14419	14448	76566
UNKNOWN	53	C	0.999100221484	T	0.000484496124031	6	14435	0	7	14448	76566
UNKNOWN	54	T	0.996816168328	C	0.00193798449612	15	28	3	14402	14448	76566
UNKNOWN	55	C	0.998131229236	T	0.0015227021041	5	14421	0	22	14448	76566
UNKNOWN	56	C	0.996954595792	T	0.00131506090808	6	14404	19	19	14448	76566
UNKNOWN	57	C	0.999100221484	T	0.000692137320044	0	14435	3	10	14448	76566
UNKNOWN	58	T	0.997646733112	C	0.00186877076412	5	27	2	14414	14448	76566
UNKNOWN	59	C	0.997369878184	A	0.00131506090808	19	14410	10	9	14448	76566
UNKNOWN	60	A	0.997715946844	G	0.00117663344408	14415	12	17	4	14448	76566
UNKNOWN	61	C	0.997715946844	T	0.0015227021041	6	14415	5	22	14448	76566
UNKNOWN	62	C	0.992317275748	T	0.0062984496124	9	14337	11	91	14448	76566
UNKNOWN	63	T	0.998200442968	C	0.00145348837209	1	21	4	14422	14448	76566
UNKNOWN	64	G	0.999031007752	A	0.00062292358804	9	4	14434	1	14448	76566
UNKNOWN	65	C	0.992801771872	T	0.00609080841639	16	14344	0	88	14448	76566
UNKNOWN	66	A	0.994947397564	G	0.00297619047619	14375	22	43	8	14448	76566
UNKNOWN	67	C	0.992524916944	T	0.00643687707641	9	14340	6	93	14448	76566
UNKNOWN	68	G	0.994255260244	A	0.00526024363234	76	6	14365	1	14448	76566
UNKNOWN	69	G	0.978820598007	A	0.0198643410853	287	8	14142	11	14448	76566
UNKNOWN	70	T	0.991071428571	C	0.00858250276855	3	124	2	14319	14448	76566
UNKNOWN	71	C	0.985949612403	G	0.00754429678848	14	14245	109	80	14448	76566
UNKNOWN	72	T	0.998200442968	C	0.00131506090808	6	19	1	14422	14448	76566
UNKNOWN	73	C	0.998408084164	T	0.00124584717608	4	14425	1	18	14448	76566
UNKNOWN	74	T	0.994255260244	G	0.0031146179402	8	30	45	14365	14448	76566
UNKNOWN	75	G	0.996331672204	A	0.00339147286822	49	1	14395	3	14448	76566
UNKNOWN	76	G	0.99723145072	A	0.00228405315615	33	5	14408	2	14448	76566
UNKNOWN	77	A	0.996954595792	C	0.00193798449612	14404	28	7	9	14448	76566
UNKNOWN	78	T	0.998546511628	G	0.000761351052049	3	7	11	14427	14448	76566
UNKNOWN	79	T	0.99896179402	C	0.000899778516058	1	13	1	14433	14448	76566
UNKNOWN	80	C	0.996470099668	T	0.00263012181617	5	14397	8	38	14448	76566
UNKNOWN	81	T	0.996677740864	C	0.00214562569214	3	31	14	14400	14448	76566
UNKNOWN	82	C	0.996954595792	T	0.00249169435216	8	14404	0	36	14448	76566
UNKNOWN	83	A	0.9948089701	G	0.00263012181617	14373	19	38	18	14448	76566
UNKNOWN	84	T	0.982558139535	C	0.0140503875969	18	203	31	14196	14448	76566
UNKNOWN	85	T	0.997646733112	C	0.00124584717608	7	18	9	14414	14448	76566
UNKNOWN	86	G	0.991625138427	A	0.00747508305648	108	6	14327	7	14448	76566
UNKNOWN	87	A	0.99446290144	G	0.00332225913621	14368	29	48	3	14448	76566
UNKNOWN	88	G	0.974183277962	A	0.015780730897	228	118	14075	27	14448	76566
UNKNOWN	89	C	0.978266888151	T	0.0170265780731	28	14134	40	246	14448	76566
UNKNOWN	90	A	0.988648947951	G	0.00989756367663	14284	17	143	4	14448	76566
UNKNOWN	91	G	0.956533776301	A	0.031699889258	458	137	13820	33	14448	76566
UNKNOWN	92	C	0.975567552602	T	0.0125968992248	59	14095	112	182	14448	76566
UNKNOWN	93	T	0.980412513843	G	0.00837486157254	110	52	121	14165	14448	76566
UNKNOWN	94	A	0.983803986711	T	0.0062984496124	14214	82	61	91	14448	76566
UNKNOWN	95	T	0.99550110742	C	0.00290697674419	3	42	20	14383	14448	76566
UNKNOWN	96	G	0.932239756368	A	0.0511489479513	739	102	13469	138	14448	76566
UNKNOWN	97	C	0.944975083056	G	0.0226328903654	185	13653	327	283	14448	76566
UNKNOWN	98	T	0.993355481728	C	0.00449889258029	10	65	21	14352	14448	76566
UNKNOWN	99	G	0.974252491694	A	0.0239479512735	346	8	14076	18	14448	76566
UNKNOWN	100	T	0.997854374308	C	0.00124584717608	9	18	4	14417	14448	76566
UNKNOWN	101	A	0.971483942414	G	0.0167497231451	14036	69	242	101	14448	76566
UNKNOWN	102	A	0.850359911406	G	0.134897563677	12286	150	1949	63	14448	76566
UNKNOWN	103	G	0.699473975637	A	0.18992248062	2744	1345	10106	253	14448	76566
UNKNOWN	104	C	0.977574750831	T	0.0133582502769	43	14124	88	193	14448	76566
UNKNOWN	105	T	0.998131229236	G	0.00103820598007	2	10	15	14421	14448	76566
UNKNOWN	106	G	0.999723145072	A	0.000207641196013	3	1	14444	0	14448	76566
UNKNOWN	107	G	0.999584717608	T	0.000276854928018	1	1	14442	4	14448	76566
UNKNOWN	108	G	0.977782392027	A	0.016196013289	234	34	14127	53	14448	76566
UNKNOWN	109	T	0.997646733112	C	0.00214562569214	2	31	1	14414	14448	76566
UNKNOWN	110	C	0.9982696567	A	0.000830564784053	12	14423	2	11	14448	76566
UNKNOWN	111	C	0.998823366556	G	0.000553709856035	2	14431	8	7	14448	76566
UNKNOWN	112	G	0.998823366556	C	0.000692137320044	4	10	14431	3	14448	76566
UNKNOWN	113	C	0.999100221484	T	0.000484496124031	5	14435	1	7	14448	76566
UNKNOWN	114	C	0.998892580288	A	0.000830564784053	12	14432	1	3	14448	76566
UNKNOWN	115	A	0.993701550388	G	0.00553709856035	14357	10	80	1	14448	76566
UNKNOWN	116	G	0.99930786268	A	0.000346068660022	5	2	14438	3	14448	76566
UNKNOWN	117	G	0.986710963455	A	0.0110741971207	160	25	14256	7	14448	76566
UNKNOWN	118	C	0.997854374308	T	0.00124584717608	2	14417	11	18	14448	76566
UNKNOWN	119	T	0.996608527132	C	0.00256090808416	1	37	11	14399	14448	76566
UNKNOWN	120	C	0.999031007752	T	0.00062292358804	3	14434	2	9	14448	76566
UNKNOWN	121	C	0.998684939092	A	0.000899778516058	13	14429	3	3	14448	76566
UNKNOWN	122	A	0.932032115172	G	0.0669296788483	13466	11	967	4	14448	76566
UNKNOWN	123	G	0.998823366556	A	0.000968992248062	14	2	14431	1	14448	76566
UNKNOWN	124	G	0.99688538206	A	0.00256090808416	37	1	14403	7	14448	76566
UNKNOWN	125	G	0.989964008859	A	0.00913621262458	132	10	14303	3	14448	76566
UNKNOWN	126	A	0.997300664452	G	0.00207641196013	14409	8	30	1	14448	76566
UNKNOWN	127	A	0.994047619048	G	0.00484496124031	14362	13	70	3	14448	76566
UNKNOWN	128	G	0.998408084164	A	0.00117663344408	17	3	14425	3	14448	76566
UNKNOWN	129	G	0.983527131783	A	0.0138427464009	200	32	14210	6	14448	76566
UNKNOWN	130	C	0.996954595792	G	0.00186877076412	0	14404	27	17	14448	76566
UNKNOWN	131	G	0.939368770764	A	0.0575858250277	832	38	13572	6	14448	76566
UNKNOWN	132	C	0.99342469546	T	0.00491417497231	15	14353	9	71	14448	76566
UNKNOWN	133	T	0.985395902547	G	0.0101744186047	3	61	147	14237	14448	76566
UNKNOWN	134	G	0.986295681063	A	0.0121124031008	175	8	14250	15	14448	76566
UNKNOWN	135	G	0.99688538206	C	0.00145348837209	19	21	14403	5	14448	76566
UNKNOWN	136	A	0.995570321152	G	0.00290697674419	14384	14	42	8	14448	76566
UNKNOWN	137	G	0.96996124031	A	0.0211101882614	305	96	14014	33	14448	76566
UNKNOWN	138	T	0.99619324474	C	0.00166112956811	14	24	17	14393	14448	76566
UNKNOWN	139	G	0.991209856035	A	0.00678294573643	98	15	14321	14	14448	76566
UNKNOWN	140	C	0.644656699889	G	0.33803986711	10	9314	4884	240	14448	76566
UNKNOWN	141	C	0.694905869324	G	0.28522978959	259	10040	4121	28	14448	76566
UNKNOWN	142	T	0.997300664452	C	0.00186877076412	2	27	10	14409	14448	76566
UNKNOWN	143	C	0.686531007752	T	0.30661683278	24	9919	75	4430	14448	76566
UNKNOWN	144	G	0.994047619048	A	0.00546788482835	79	0	14362	7	14448	76566
UNKNOWN	145	G	0.996954595792	T	0.00200719822813	0	15	14404	29	14448	76566
UNKNOWN	146	T	0.979789590255	A	0.00989756367663	143	50	99	14156	14448	76566
UNKNOWN	147	G	0.894172203765	A	0.0858250276855	1240	180	12919	109	14448	76566
UNKNOWN	148	G	0.935562015504	T	0.0283084163898	234	288	13517	409	14448	76566
UNKNOWN	149	T	0.973145071982	G	0.0126661129568	119	86	183	14060	14448	76566
UNKNOWN	150	A	0.948781838317	G	0.0479651162791	13708	13	693	34	14448	76566
UNKNOWN	151	T	0.992040420819	A	0.0031838316722	46	42	27	14333	14448	76566
UNKNOWN	152	A	0.971622369878	G	0.0121816168328	14038	76	176	158	14448	76566
UNKNOWN	153	A	0.931893687708	G	0.0565476190476	13464	76	817	91	14448	76566
UNKNOWN	154	G	0.871124031008	A	0.0899778516058	1300	491	12586	71	14448	76566
UNKNOWN	155	C	0.843507751938	T	0.122162236988	224	12187	272	1765	14448	76566
UNKNOWN	156	A	0.913482834994	G	0.0747508305648	13198	152	1080	18	14448	76566
UNKNOWN	157	G	0.923103543743	A	0.0407668881506	589	384	13337	138	14448	76566
UNKNOWN	158	T	0.971899224806	G	0.0142580287929	113	87	206	14042	14448	76566
UNKNOWN	159	G	0.886351052049	A	0.0993909191584	1436	157	12806	49	14448	76566
UNKNOWN	160	G	0.899709302326	A	0.0658914728682	952	355	12999	142	14448	76566
UNKNOWN	161	T	0.979997231451	G	0.00920542635659	60	96	133	14159	14448	76566
UNKNOWN	162	G	0.990102436323	A	0.00865171650055	125	10	14305	8	14448	76566
UNKNOWN	163	G	0.991209856035	A	0.00609080841639	88	25	14321	14	14448	76566
UNKNOWN	164	A	0.985880398671	G	0.00837486157254	14244	41	121	42	14448	76566
UNKNOWN	165	A	0.955910852713	G	0.0268549280177	13811	125	388	124	14448	76566
UNKNOWN	166	G	0.814437984496	A	0.101882613511	1472	788	11767	421	14448	76566
UNKNOWN	167	C	0.919781284607	T	0.0346760797342	391	13289	267	501	14448	76566
UNKNOWN	168	A	0.976467331118	G	0.0167497231451	14108	72	242	26	14448	76566
UNKNOWN	169	C	0.979235880399	T	0.0143272425249	58	14148	35	207	14448	76566
UNKNOWN	170	A	0.987126245847	G	0.00754429678848	14262	43	109	34	14448	76566
UNKNOWN	171	G	0.587555370986	T	0.332225913621	879	280	8489	4800	14448	76566
UNKNOWN	172	A	0.585686600221	G	0.359496124031	8462	523	5194	269	14448	76566
UNKNOWN	173	C	0.967815614618	G	0.015849944629	54	13983	229	182	14448	76566
UNKNOWN	174	T	0.993909191584	C	0.0031838316722	26	46	16	14360	14448	76566
UNKNOWN	175	A	0.990310077519	T	0.00712901439646	14308	28	9	103	14448	76566
UNKNOWN	176	T	0.976744186047	C	0.0209025470653	25	302	9	14112	14448	76566
UNKNOWN	177	A	0.986088039867	C	0.0114894795127	14247	166	22	13	14448	76566
UNKNOWN	178	A	0.989964008859	C	0.00609080841639	14303	88	55	2	14448	76566
UNKNOWN	179	C	0.934869878184	T	0.0571013289037	35	13507	81	825	14448	76566
UNKNOWN	180	C	0.960340531561	T	0.0225636766334	51	13875	196	326	14448	76566
UNKNOWN	181	C	0.987956810631	T	0.0047065337763	56	14274	50	68	14448	76566
UNKNOWN	182	A	0.987333887043	G	0.00740586932447	14265	25	107	51	14448	76566
UNKNOWN	183	G	0.983942414175	A	0.0106589147287	154	45	14216	33	14448	76566
UNKNOWN	184	C	0.989133444075	T	0.00553709856035	16	14291	61	80	14448	76566
UNKNOWN	185	C	0.999169435216	T	0.00062292358804	3	14436	0	9	14448	76566
UNKNOWN	186	C	0.996262458472	T	0.00276854928018	3	14394	11	40	14448	76566
UNKNOWN	187	T	0.996470099668	G	0.00186877076412	7	17	27	14397	14448	76566
UNKNOWN	188	G	0.982073643411	A	0.0130121816168	188	8	14189	63	14448	76566
UNKNOWN	189	A	0.992178848283	G	0.00539867109635	14335	24	78	11	14448	76566
UNKNOWN	190	A	0.995639534884	T	0.00173034330011	14385	13	25	25	14448	76566
UNKNOWN	191	A	0.995293466224	T	0.00193798449612	14380	16	24	28	14448	76566
UNKNOWN	192	T	0.994878183832	C	0.00304540420819	9	44	21	14374	14448	76566
UNKNOWN	193	C	0.996677740864	T	0.00249169435216	8	14400	4	36	14448	76566
UNKNOWN	194	C	0.990656146179	T	0.00581395348837	16	14313	35	84	14448	76566
UNKNOWN	195	C	0.997439091916	G	0.00193798449612	3	14411	28	6	14448	76566
UNKNOWN	196	G	0.997646733112	A	0.00193798449612	28	5	14414	1	14448	76566
UNKNOWN	197	G	0.944559800664	A	0.0429817275748	621	97	13647	83	14448	76566
UNKNOWN	198	C	0.994393687708	T	0.00276854928018	17	14367	24	40	14448	76566
UNKNOWN	199	T	0.99550110742	C	0.00325304540421	6	47	12	14383	14448	76566
UNKNOWN	200	C	0.99342469546	A	0.00339147286822	49	14353	13	33	14448	76566
UNKNOWN	201	A	0.994739756368	G	0.00422203765227	14372	13	61	2	14448	76566
UNKNOWN	202	G	0.985257475083	C	0.0112126245847	25	162	14235	26	14448	76566
UNKNOWN	203	C	0.964562569214	T	0.0258859357697	74	13936	64	374	14448	76566
UNKNOWN	204	A	0.992178848283	G	0.00366832779623	14335	29	53	31	14448	76566
UNKNOWN	205	T	0.995293466224	C	0.00297619047619	11	43	14	14380	14448	76566
UNKNOWN	206	C	0.993009413068	T	0.00456810631229	34	14347	1	66	14448	76566
UNKNOWN	207	A	0.991694352159	G	0.00422203765227	14328	38	61	21	14448	76566
UNKNOWN	208	C	0.991694352159	G	0.00422203765227	13	14328	61	46	14448	76566
UNKNOWN	209	C	0.97307585825	T	0.0126661129568	70	14059	136	183	14448	76566
UNKNOWN	210	A	0.99584717608	G	0.00283776301218	14388	18	41	1	14448	76566
UNKNOWN	211	A	0.992248062016	G	0.00567552602436	14336	11	82	19	14448	76566
UNKNOWN	212	G	0.986849390919	A	0.00671373200443	97	89	14258	4	14448	76566
UNKNOWN	213	G	0.994947397564	A	0.00387596899225	56	9	14375	8	14448	76566
UNKNOWN	214	A	0.994947397564	C	0.00256090808416	14375	37	21	15	14448	76566
UNKNOWN	215	C	0.985465116279	T	0.00705980066445	44	14238	64	102	14448	76566
UNKNOWN	216	A	0.994393687708	G	0.00394518272425	14367	16	57	8	14448	76566
UNKNOWN	217	A	0.987610741971	G	0.00685215946844	14269	55	99	25	14448	76566
UNKNOWN	218	C	0.981243078627	T	0.015296234773	7	14177	43	221	14448	76566
UNKNOWN	219	T	0.993286267996	C	0.0031146179402	24	45	28	14351	14448	76566
UNKNOWN	220	C	0.996816168328	T	0.00145348837209	20	14402	5	21	14448	76566
UNKNOWN	221	C	0.991417497231	A	0.00442967884828	64	14324	11	49	14448	76566
UNKNOWN	222	A	0.990863787375	G	0.00602159468439	14316	43	87	2	14448	76566
UNKNOWN	223	A	0.9930786268	G	0.00581395348837	14348	9	84	7	14448	76566
UNKNOWN	224	G	0.992317275748	A	0.0046373200443	67	38	14337	6	14448	76566
UNKNOWN	225	A	0.993355481728	G	0.00505260243632	14352	21	73	2	14448	76566
UNKNOWN	226	G	0.96753875969	A	0.0264396456257	382	73	13979	14	14448	76566
UNKNOWN	227	C	0.974944629014	T	0.0226328903654	16	14086	19	327	14448	76566
UNKNOWN	228	C	0.9948089701	A	0.00249169435216	36	14373	36	3	14448	76566
UNKNOWN	229	A	0.996954595792	G	0.00166112956811	14404	5	24	15	14448	76566
UNKNOWN	230	A	0.986641749723	G	0.0119739756368	14255	15	173	5	14448	76566
UNKNOWN	231	G	0.980550941307	A	0.0107973421927	156	53	14167	72	14448	76566
UNKNOWN	232	T	0.993632336656	C	0.00498338870432	4	72	16	14356	14448	76566
UNKNOWN	233	C	0.977090254707	T	0.0134966777409	41	14117	95	195	14448	76566
UNKNOWN	234	T	0.992109634551	C	0.00380675526024	32	55	27	14334	14448	76566
UNKNOWN	235	C	0.993563122924	T	0.00519102990033	17	14355	1	75	14448	76566
UNKNOWN	236	T	0.987818383167	C	0.00609080841639	28	88	60	14272	14448	76566
UNKNOWN	237	C	0.995916389812	T	0.00325304540421	6	14389	6	47	14448	76566
UNKNOWN	238	T	0.99619324474	G	0.00242248062016	3	17	35	14393	14448	76566
UNKNOWN	239	G	0.971622369878	A	0.0186877076412	270	75	14038	65	14448	76566
UNKNOWN	240	T	0.992040420819	C	0.00304540420819	36	44	35	14333	14448	76566
UNKNOWN	241	C	0.991348283499	T	0.00602159468439	35	14323	3	87	14448	76566
UNKNOWN	242	A	0.985603543743	G	0.00699058693245	14240	85	101	22	14448	76566
UNKNOWN	243	G	0.947328349945	A	0.0265088593577	383	315	13687	63	14448	76566
UNKNOWN	244	T	0.994878183832	G	0.00249169435216	6	32	36	14374	14448	76566
UNKNOWN	245	G	0.979997231451	A	0.015573089701	225	34	14159	30	14448	76566
UNKNOWN	246	A	0.988026024363	G	0.00885935769657	14275	35	128	10	14448	76566
UNKNOWN	247	G	0.944352159468	A	0.0374446290144	541	228	13644	35	14448	76566
UNKNOWN	248	C	0.972245293466	T	0.0191722037652	70	14047	54	277	14448	76566
UNKNOWN	249	A	0.991071428571	G	0.00685215946844	14319	30	99	0	14448	76566
UNKNOWN	250	G	0.980343300111	A	0.0134274640089	194	80	14164	10	14448	76566
UNKNOWN	251	C	0.989133444075	T	0.00761351052049	12	14291	35	110	14448	76566
UNKNOWN	252	G	0.989479512735	A	0.0062292358804	90	23	14296	39	14448	76566
UNKNOWN	253	T	0.99342469546	C	0.00325304540421	8	47	40	14353	14448	76566
UNKNOWN	254	G	0.972314507198	A	0.0203488372093	294	55	14048	51	14448	76566
UNKNOWN	255	A	0.989617940199	G	0.00609080841639	14298	37	88	25	14448	76566
UNKNOWN	256	C	0.992940199336	A	0.00297619047619	43	14346	17	42	14448	76566
UNKNOWN	257	A	0.986364894795	G	0.00754429678848	14251	59	109	29	14448	76566
UNKNOWN	258	C	0.975567552602	A	0.0168881506091	244	14095	51	58	14448	76566
UNKNOWN	259	C	0.990102436323	T	0.0078211517165	9	14305	21	113	14448	76566
UNKNOWN	260	T	0.970168881506	C	0.015919158361	74	230	127	14017	14448	76566
UNKNOWN	261	G	0.99342469546	A	0.00484496124031	70	7	14353	18	14448	76566
UNKNOWN	262	A	0.991140642303	G	0.00636766334441	14320	27	92	9	14448	76566
UNKNOWN	263	G	0.960063676633	A	0.0217331118494	314	219	13871	44	14448	76566
UNKNOWN	264	G	0.99377076412	A	0.00436046511628	63	10	14358	17	14448	76566
UNKNOWN	265	A	0.993217054264	C	0.00394518272425	14350	57	34	7	14448	76566
UNKNOWN	266	C	0.985049833887	T	0.00726744186047	82	14232	29	105	14448	76566
UNKNOWN	267	A	0.984634551495	T	0.00664451827243	14226	44	82	96	14448	76566
UNKNOWN	268	C	0.99238648948	G	0.0031838316722	39	14338	46	25	14448	76566
UNKNOWN	269	G	0.825304540421	A	0.168604651163	2436	49	11924	39	14448	76566
UNKNOWN	270	G	0.993909191584	C	0.00276854928018	28	40	14360	20	14448	76566
UNKNOWN	271	C	0.994047619048	A	0.00269933554817	39	14362	35	12	14448	76566
UNKNOWN	272	C	0.99238648948	A	0.00429125138427	62	14338	12	36	14448	76566
UNKNOWN	273	A	0.991625138427	G	0.00449889258029	14327	44	65	12	14448	76566
UNKNOWN	274	C	0.989825581395	A	0.00436046511628	63	14301	21	63	14448	76566
UNKNOWN	275	A	0.976744186047	G	0.015434662237	14112	46	223	67	14448	76566
UNKNOWN	276	T	0.993701550388	A	0.00269933554817	39	20	32	14357	14448	76566
UNKNOWN	277	A	0.993839977852	C	0.00346068660022	14359	50	23	16	14448	76566
UNKNOWN	278	C	0.962486157254	T	0.0357834994463	21	13906	4	517	14448	76566
UNKNOWN	279	T	0.991625138427	C	0.00346068660022	43	50	28	14327	14448	76566
UNKNOWN	280	A	0.986088039867	T	0.00616002214839	14247	70	42	89	14448	76566
UNKNOWN	281	C	0.979374307863	T	0.0182724252492	15	14150	19	264	14448	76566
UNKNOWN	282	T	0.993286267996	G	0.0047065337763	16	13	68	14351	14448	76566
