Type	Position	Nucl1	Freq1	Nucl2	Freq2	NumAs	NumCs	NumGs	NumTs	NumAligned	NumNaive
UNKNOWN	0	C	1.0	A	0.0	0	11757	0	0	11757	78412
UNKNOWN	1	A	1.0	C	0.0	11757	0	0	0	11757	78412
UNKNOWN	2	G	1.0	A	0.0	0	0	11757	0	11757	78412
UNKNOWN	3	G	1.0	A	0.0	0	0	11757	0	11757	78412
UNKNOWN	4	T	1.0	A	0.0	0	0	0	11757	11757	78412
UNKNOWN	5	G	1.0	A	0.0	0	0	11757	0	11757	78412
UNKNOWN	6	C	1.0	A	0.0	0	11757	0	0	11757	78412
UNKNOWN	7	A	0.998639108616	G	0.00102066853789	11741	0	12	4	11757	78412
UNKNOWN	8	G	0.992770264523	A	0.00654928978481	77	8	11672	0	11757	78412
UNKNOWN	9	C	0.997788551501	T	0.00136089138386	2	11731	8	16	11757	78412
UNKNOWN	10	T	0.999744832866	C	0.000255167134473	0	3	0	11754	11757	78412
UNKNOWN	11	G	0.998639108616	A	0.00085055711491	10	5	11741	1	11757	78412
UNKNOWN	12	C	0.999149442885	T	0.000680445691928	1	11747	1	8	11757	78412
UNKNOWN	13	G	0.99829888577	A	0.00161605851833	19	0	11737	1	11757	78412
UNKNOWN	14	G	0.520115675768	C	0.478438377137	9	5625	6115	8	11757	78412
UNKNOWN	15	G	0.999574721443	C	0.000255167134473	1	3	11752	1	11757	78412
UNKNOWN	16	A	0.998809220039	G	0.000935612826401	11743	0	11	3	11757	78412
UNKNOWN	17	G	0.993961044484	A	0.0056987326699	67	4	11686	0	11757	78412
UNKNOWN	18	T	0.999149442885	C	0.000340222845964	3	4	3	11747	11757	78412
UNKNOWN	19	C	0.999744832866	T	0.000170111422982	0	11754	1	2	11757	78412
UNKNOWN	20	G	0.922854469678	A	0.0770604746109	906	0	10850	1	11757	78412
UNKNOWN	21	G	0.999574721443	C	0.000425278557455	0	5	11752	0	11757	78412
UNKNOWN	22	G	0.999489665731	C	0.000255167134473	1	3	11751	2	11757	78412
UNKNOWN	23	C	0.999574721443	T	0.000340222845964	1	11752	0	4	11757	78412
UNKNOWN	24	C	0.998639108616	A	0.00085055711491	10	11741	0	6	11757	78412
UNKNOWN	25	C	0.998979331462	A	0.000595389980437	7	11745	1	4	11757	78412
UNKNOWN	26	C	0.998554052905	A	0.00085055711491	10	11740	1	6	11757	78412
UNKNOWN	27	A	0.997958662924	G	0.00161605851833	11733	3	19	2	11757	78412
UNKNOWN	28	G	0.994046100196	A	0.00425278557455	50	16	11687	4	11757	78412
UNKNOWN	29	C	0.995917325848	T	0.00374245130561	3	11709	1	44	11757	78412
UNKNOWN	30	C	0.998724164328	T	0.000935612826401	3	11742	1	11	11757	78412
UNKNOWN	31	T	0.998383941482	G	0.00085055711491	0	9	10	11738	11757	78412
UNKNOWN	32	G	0.993450710215	A	0.00561367695841	66	2	11680	9	11757	78412
UNKNOWN	33	G	0.99770349579	A	0.000935612826401	11	9	11730	7	11757	78412
UNKNOWN	34	T	0.998128774347	C	0.00119077996087	1	14	7	11735	11757	78412
UNKNOWN	35	G	0.998383941482	A	0.00144594709535	17	1	11738	1	11757	78412
UNKNOWN	36	A	0.998894275751	C	0.000595389980437	11744	7	3	3	11757	78412
UNKNOWN	37	A	0.995747214425	G	0.00399761844008	11707	3	47	0	11757	78412
UNKNOWN	38	G	0.997108105809	T	0.00110572424938	11	10	11723	13	11757	78412
UNKNOWN	39	C	0.998383941482	T	0.00119077996087	2	11738	3	14	11757	78412
UNKNOWN	40	C	0.998894275751	A	0.000680445691928	8	11744	0	5	11757	78412
UNKNOWN	41	C	0.996087437271	G	0.00314706132517	2	11711	37	7	11757	78412
UNKNOWN	42	T	0.997363272944	C	0.00229650421026	1	27	3	11726	11757	78412
UNKNOWN	43	C	0.998724164328	T	0.000680445691928	7	11742	0	8	11757	78412
UNKNOWN	44	A	0.997278217232	G	0.00153100280684	11725	11	18	3	11757	78412
UNKNOWN	45	C	0.998128774347	G	0.00102066853789	8	11735	12	2	11757	78412
UNKNOWN	46	A	0.998128774347	G	0.00144594709535	11735	5	17	0	11757	78412
UNKNOWN	47	G	0.997958662924	A	0.00170111422982	20	4	11733	0	11757	78412
UNKNOWN	48	A	0.998383941482	G	0.00102066853789	11738	7	12	0	11757	78412
UNKNOWN	49	C	0.998383941482	T	0.000765501403419	4	11738	6	9	11757	78412
UNKNOWN	50	C	0.99829888577	T	0.00085055711491	4	11737	6	10	11757	78412
UNKNOWN	51	C	0.998468997193	T	0.00119077996087	1	11739	3	14	11757	78412
UNKNOWN	52	T	0.997533384367	C	0.00229650421026	1	27	1	11728	11757	78412
UNKNOWN	53	C	0.999319554308	T	0.000680445691928	0	11749	0	8	11757	78412
UNKNOWN	54	T	0.997193161521	C	0.00229650421026	1	27	5	11724	11757	78412
UNKNOWN	55	C	0.997448328655	A	0.00153100280684	18	11727	3	9	11757	78412
UNKNOWN	56	C	0.998128774347	G	0.00085055711491	3	11735	10	9	11757	78412
UNKNOWN	57	C	0.998809220039	T	0.000765501403419	1	11743	4	9	11757	78412
UNKNOWN	58	T	0.997533384367	C	0.00229650421026	1	27	1	11728	11757	78412
UNKNOWN	59	C	0.998043718636	A	0.00110572424938	13	11734	0	10	11757	78412
UNKNOWN	60	A	0.997873607213	G	0.00136089138386	11732	7	16	2	11757	78412
UNKNOWN	61	C	0.996172492983	T	0.00204133707578	11	11712	10	24	11757	78412
UNKNOWN	62	C	0.996767882963	T	0.00212639278728	0	11719	13	25	11757	78412
UNKNOWN	63	T	0.997533384367	C	0.00170111422982	2	20	7	11728	11757	78412
UNKNOWN	64	G	0.998554052905	A	0.00085055711491	10	7	11740	0	11757	78412
UNKNOWN	65	C	0.997788551501	T	0.00136089138386	9	11731	1	16	11757	78412
UNKNOWN	66	A	0.994386323042	G	0.00374245130561	11691	10	44	12	11757	78412
UNKNOWN	67	C	0.998213830059	G	0.000935612826401	1	11736	11	9	11757	78412
UNKNOWN	68	G	0.994641490176	A	0.00493323126648	58	1	11694	4	11757	78412
UNKNOWN	69	G	0.977885515012	A	0.0210087607383	247	7	11497	6	11757	78412
UNKNOWN	70	T	0.991239261716	C	0.00799523688016	1	94	8	11654	11757	78412
UNKNOWN	71	C	0.987837033257	T	0.00731479118823	1	11614	56	86	11757	78412
UNKNOWN	72	T	0.996512715829	C	0.0028068384792	6	33	2	11716	11757	78412
UNKNOWN	73	C	0.998554052905	T	0.00085055711491	5	11740	2	10	11757	78412
UNKNOWN	74	T	0.991749595985	C	0.00416772986306	5	49	43	11660	11757	78412
UNKNOWN	75	G	0.99829888577	A	0.00153100280684	18	2	11737	0	11757	78412
UNKNOWN	76	G	0.996682827252	A	0.00221144849877	26	12	11718	1	11757	78412
UNKNOWN	77	A	0.996257548694	G	0.00144594709535	11713	14	17	13	11757	78412
UNKNOWN	78	T	0.920302798333	G	0.042442800034	6	432	499	10820	11757	78412
UNKNOWN	79	T	0.985880751892	G	0.00910096112954	11	48	107	11591	11757	78412
UNKNOWN	80	C	0.993535765927	T	0.00442289699753	6	11681	18	52	11757	78412
UNKNOWN	81	T	0.995321935868	C	0.00289189419069	15	34	6	11702	11757	78412
UNKNOWN	82	C	0.996427660117	T	0.00238155992175	12	11715	2	28	11757	78412
UNKNOWN	83	A	0.996087437271	G	0.00221144849877	11711	6	26	14	11757	78412
UNKNOWN	84	T	0.955685974313	C	0.037764735902	19	444	58	11236	11757	78412
UNKNOWN	85	T	0.978055626435	C	0.0100365739559	60	118	80	11499	11757	78412
UNKNOWN	86	G	0.990558816024	A	0.00799523688016	94	10	11646	7	11757	78412
UNKNOWN	87	A	0.994046100196	G	0.00442289699753	11687	12	52	6	11757	78412
UNKNOWN	88	G	0.974993620822	A	0.0147146380879	173	112	11463	9	11757	78412
UNKNOWN	89	C	0.98230841201	T	0.0103767968019	48	11549	38	122	11757	78412
UNKNOWN	90	A	0.9926001531	G	0.00552862124692	11670	14	65	8	11757	78412
UNKNOWN	91	G	0.948371183125	A	0.0325763375011	383	165	11150	59	11757	78412
UNKNOWN	92	C	0.976779790763	T	0.0163306966063	31	11484	50	192	11757	78412
UNKNOWN	93	T	0.981627966318	C	0.00705962405376	67	83	66	11541	11757	78412
UNKNOWN	94	A	0.980267074934	C	0.00910096112954	11525	107	57	68	11757	78412
UNKNOWN	95	T	0.995151824445	C	0.00263672705622	2	31	24	11700	11757	78412
UNKNOWN	96	G	0.92642680956	A	0.0473760313005	557	149	10892	159	11757	78412
UNKNOWN	97	C	0.947010291741	T	0.0198179807774	173	11134	217	233	11757	78412
UNKNOWN	98	T	0.995662158714	G	0.00204133707578	7	20	24	11706	11757	78412
UNKNOWN	99	G	0.966402993961	A	0.0307051118483	361	13	11362	21	11757	78412
UNKNOWN	100	T	0.99770349579	C	0.00153100280684	7	18	2	11730	11757	78412
UNKNOWN	101	A	0.943437951858	G	0.0406566300927	11092	56	478	131	11757	78412
UNKNOWN	102	A	0.806668367781	G	0.179637662669	9484	95	2112	66	11757	78412
UNKNOWN	103	G	0.764650846304	A	0.159309347623	1873	693	8990	201	11757	78412
UNKNOWN	104	C	0.98290380199	T	0.0129284681466	20	11556	29	152	11757	78412
UNKNOWN	105	T	0.998213830059	G	0.00127583567237	0	6	15	11736	11757	78412
UNKNOWN	106	G	0.999489665731	A	0.000255167134473	3	0	11751	3	11757	78412
UNKNOWN	107	G	0.999489665731	T	0.000340222845964	1	1	11751	4	11757	78412
UNKNOWN	108	G	0.981798077741	A	0.0151399166454	178	24	11543	12	11757	78412
UNKNOWN	109	T	0.997363272944	C	0.00255167134473	1	30	0	11726	11757	78412
UNKNOWN	110	C	0.998213830059	T	0.00127583567237	0	11736	6	15	11757	78412
UNKNOWN	111	C	0.998979331462	G	0.000680445691928	0	11745	8	4	11757	78412
UNKNOWN	112	G	0.998639108616	C	0.000935612826401	5	11	11741	0	11757	78412
UNKNOWN	113	C	0.997448328655	T	0.00144594709535	13	11727	0	17	11757	78412
UNKNOWN	114	C	0.99829888577	A	0.00102066853789	12	11737	2	6	11757	78412
UNKNOWN	115	A	0.993280598792	G	0.00578378838139	11678	4	68	7	11757	78412
UNKNOWN	116	G	0.996852938675	A	0.00178616994131	21	15	11720	1	11757	78412
UNKNOWN	117	G	0.985455473335	A	0.0113974653398	134	22	11586	15	11757	78412
UNKNOWN	118	C	0.995577103002	G	0.00246661563324	3	11705	29	20	11757	78412
UNKNOWN	119	T	0.996937994386	C	0.00246661563324	3	29	4	11721	11757	78412
UNKNOWN	120	C	0.998639108616	T	0.000765501403419	3	11741	4	9	11757	78412
UNKNOWN	121	C	0.998724164328	A	0.000595389980437	7	11742	4	4	11757	78412
UNKNOWN	122	A	0.924895806753	G	0.0730628561708	10874	13	859	11	11757	78412
UNKNOWN	123	G	0.999064387174	A	0.000680445691928	8	2	11746	1	11757	78412
UNKNOWN	124	G	0.997873607213	A	0.00178616994131	21	2	11732	2	11757	78412
UNKNOWN	125	G	0.988432423237	A	0.0106319639364	125	11	11621	0	11757	78412
UNKNOWN	126	A	0.996257548694	G	0.00323211703666	11713	4	38	2	11757	78412
UNKNOWN	127	A	0.99089903887	G	0.0085055711491	11650	4	100	3	11757	78412
UNKNOWN	128	G	0.998468997193	A	0.000765501403419	9	3	11739	6	11757	78412
UNKNOWN	129	G	0.987837033257	A	0.00969635110998	114	21	11614	8	11757	78412
UNKNOWN	130	C	0.99659777154	G	0.00212639278728	4	11717	25	11	11757	78412
UNKNOWN	131	G	0.936293272093	A	0.0617504465425	726	14	11008	9	11757	78412
UNKNOWN	132	C	0.995747214425	T	0.00289189419069	4	11707	12	34	11757	78412
UNKNOWN	133	T	0.993365654504	C	0.00323211703666	2	38	38	11679	11757	78412
UNKNOWN	134	G	0.987071531853	A	0.0102917410904	121	6	11605	25	11757	78412
UNKNOWN	135	G	0.997618440078	A	0.00144594709535	17	11	11729	0	11757	78412
UNKNOWN	136	A	0.99430126733	G	0.00357233988262	11690	14	42	11	11757	78412
UNKNOWN	137	G	0.978565960704	A	0.018712256528	220	13	11505	19	11757	78412
UNKNOWN	138	T	0.995321935868	C	0.00255167134473	7	30	18	11702	11757	78412
UNKNOWN	139	G	0.990813983159	A	0.00416772986306	49	21	11649	38	11757	78412
UNKNOWN	140	C	0.601684103088	G	0.38394148167	13	7074	4514	156	11757	78412
UNKNOWN	141	C	0.638938504721	G	0.337756230331	247	7512	3971	27	11757	78412
UNKNOWN	142	T	0.99770349579	C	0.00170111422982	1	20	6	11730	11757	78412
UNKNOWN	143	C	0.635025941992	T	0.360466105299	10	7466	43	4238	11757	78412
UNKNOWN	144	G	0.995066768734	A	0.00348728417113	41	0	11699	17	11757	78412
UNKNOWN	145	G	0.99600238156	C	0.00289189419069	4	34	11710	9	11757	78412
UNKNOWN	146	T	0.989027813218	C	0.0047631198435	17	56	56	11628	11757	78412
UNKNOWN	147	G	0.931360040827	A	0.0570723824105	671	33	10950	103	11757	78412
UNKNOWN	148	G	0.950667687335	C	0.0205834821808	216	242	11177	122	11757	78412
UNKNOWN	149	T	0.976184400783	G	0.0108871310709	78	74	128	11477	11757	78412
UNKNOWN	150	A	0.950157353066	G	0.0437186357064	11171	16	514	56	11757	78412
UNKNOWN	151	T	0.995321935868	C	0.00221144849877	12	26	17	11702	11757	78412
UNKNOWN	152	A	0.953049247257	G	0.0227949306796	11205	144	268	140	11757	78412
UNKNOWN	153	A	0.911712171472	G	0.0697456834226	10719	144	820	74	11757	78412
UNKNOWN	154	G	0.868844092881	A	0.0951773411585	1119	322	10215	101	11757	78412
UNKNOWN	155	C	0.850642170622	T	0.110572424938	210	10001	246	1300	11757	78412
UNKNOWN	156	A	0.914263842817	G	0.0751892489581	10749	83	884	41	11757	78412
UNKNOWN	157	G	0.931870375096	A	0.0371693459216	437	244	10956	120	11757	78412
UNKNOWN	158	T	0.976354512205	G	0.0121629667432	70	65	143	11479	11757	78412
UNKNOWN	159	G	0.899719316152	A	0.0806328144935	948	191	10578	40	11757	78412
UNKNOWN	160	G	0.917325848431	A	0.0542655439313	638	264	10785	70	11757	78412
UNKNOWN	161	T	0.98690142043	C	0.00535850982393	42	63	49	11603	11757	78412
UNKNOWN	162	G	0.991834651697	A	0.00765501403419	90	3	11661	3	11757	78412
UNKNOWN	163	G	0.990218593179	A	0.00705962405376	83	22	11642	10	11757	78412
UNKNOWN	164	A	0.980692353492	G	0.0147996937994	11530	33	174	20	11757	78412
UNKNOWN	165	A	0.964021434039	G	0.0290890533299	11334	52	342	29	11757	78412
UNKNOWN	166	G	0.809900484818	A	0.0985795696181	1159	667	9522	409	11757	78412
UNKNOWN	167	C	0.922344135409	T	0.0359785659607	273	10844	217	423	11757	78412
UNKNOWN	168	A	0.972356893765	G	0.0176065322786	11432	44	207	74	11757	78412
UNKNOWN	169	C	0.975163732245	T	0.0130135238581	59	11465	80	153	11757	78412
UNKNOWN	170	A	0.986731309007	G	0.00969635110998	11601	22	114	20	11757	78412
UNKNOWN	171	G	0.542400272178	T	0.384451815939	595	265	6377	4520	11757	78412
UNKNOWN	172	A	0.603385217317	G	0.344900910096	7094	356	4055	252	11757	78412
UNKNOWN	173	C	0.980522242069	T	0.00876073828358	28	11528	98	103	11757	78412
UNKNOWN	174	T	0.99030364889	C	0.00484817555499	35	57	22	11643	11757	78412
UNKNOWN	175	A	0.988347367526	T	0.00731479118823	11620	8	43	86	11757	78412
UNKNOWN	176	T	0.989197924641	C	0.00910096112954	18	107	2	11630	11757	78412
UNKNOWN	177	A	0.990643871736	C	0.00467806413201	11647	55	36	19	11757	78412
UNKNOWN	178	A	0.991579484562	G	0.00484817555499	11658	33	57	9	11757	78412
UNKNOWN	179	C	0.949647018797	T	0.0440588585524	18	11165	56	518	11757	78412
UNKNOWN	180	C	0.96631793825	T	0.0182019222591	47	11361	135	214	11757	78412
UNKNOWN	181	C	0.991834651697	T	0.00391256272859	27	11661	23	46	11757	78412
UNKNOWN	182	A	0.983414136259	G	0.00927107255252	11562	67	109	19	11757	78412
UNKNOWN	183	G	0.980777409203	A	0.0141192481075	166	39	11531	21	11757	78412
UNKNOWN	184	C	0.989793314621	T	0.00620906693884	14	11637	33	73	11757	78412
UNKNOWN	185	C	0.998639108616	T	0.000765501403419	4	11741	3	9	11757	78412
UNKNOWN	186	C	0.993025431658	T	0.00544356553543	5	11675	13	64	11757	78412
UNKNOWN	187	T	0.996172492983	G	0.00178616994131	6	18	21	11712	11757	78412
UNKNOWN	188	G	0.982818746279	A	0.0130985795696	154	25	11555	23	11757	78412
UNKNOWN	189	A	0.990218593179	G	0.00671940120779	11642	33	79	3	11757	78412
UNKNOWN	190	A	0.989027813218	G	0.00467806413201	11628	53	55	21	11757	78412
UNKNOWN	191	A	0.990813983159	G	0.00484817555499	11649	27	57	24	11757	78412
UNKNOWN	192	T	0.994216211619	C	0.00442289699753	7	52	9	11689	11757	78412
UNKNOWN	193	C	0.998383941482	T	0.00119077996087	4	11738	1	14	11757	78412
UNKNOWN	194	C	0.993535765927	T	0.00323211703666	17	11681	21	38	11757	78412
UNKNOWN	195	C	0.993535765927	T	0.00374245130561	5	11681	27	44	11757	78412
UNKNOWN	196	G	0.998554052905	A	0.000765501403419	9	2	11740	6	11757	78412
UNKNOWN	197	G	0.948796461682	A	0.0402313515353	473	73	11155	56	11757	78412
UNKNOWN	198	C	0.991324317428	A	0.00348728417113	41	11655	26	35	11757	78412
UNKNOWN	199	T	0.994811601599	C	0.00391256272859	8	46	7	11696	11757	78412
UNKNOWN	200	C	0.995747214425	A	0.00229650421026	27	11707	4	19	11757	78412
UNKNOWN	201	A	0.992430041677	G	0.00552862124692	11668	24	65	0	11757	78412
UNKNOWN	202	G	0.98290380199	C	0.0117376881858	25	138	11556	38	11757	78412
UNKNOWN	203	C	0.967338606787	T	0.0225397635451	53	11373	66	265	11757	78412
UNKNOWN	204	A	0.989197924641	G	0.00620906693884	11630	23	73	31	11757	78412
UNKNOWN	205	T	0.99659777154	C	0.00272178276771	4	32	4	11717	11757	78412
UNKNOWN	206	C	0.989112868929	T	0.00595389980437	52	11629	6	70	11757	78412
UNKNOWN	207	A	0.991834651697	G	0.00442289699753	11661	28	52	16	11757	78412
UNKNOWN	208	C	0.99089903887	G	0.00493323126648	10	11650	58	39	11757	78412
UNKNOWN	209	C	0.968529386748	T	0.0155651952029	116	11387	71	183	11757	78412
UNKNOWN	210	A	0.99600238156	G	0.00238155992175	11710	16	28	3	11757	78412
UNKNOWN	211	A	0.990643871736	G	0.00722973547674	11647	20	85	5	11757	78412
UNKNOWN	212	G	0.987496810411	A	0.00884579399507	104	33	11610	10	11757	78412
UNKNOWN	213	G	0.994046100196	A	0.00425278557455	50	13	11687	7	11757	78412
UNKNOWN	214	A	0.995577103002	C	0.00229650421026	11705	27	19	6	11757	78412
UNKNOWN	215	C	0.990133537467	T	0.00535850982393	27	11641	26	63	11757	78412
UNKNOWN	216	A	0.991239261716	G	0.00654928978481	11654	20	77	6	11757	78412
UNKNOWN	217	A	0.984775027643	G	0.0116526324743	11578	33	137	9	11757	78412
UNKNOWN	218	C	0.983244024836	T	0.0141192481075	7	11560	24	166	11757	78412
UNKNOWN	219	T	0.995492047291	C	0.00263672705622	5	31	17	11704	11757	78412
UNKNOWN	220	C	0.996512715829	T	0.00195628136429	18	11716	0	23	11757	78412
UNKNOWN	221	C	0.993365654504	A	0.00246661563324	29	11679	24	25	11757	78412
UNKNOWN	222	A	0.992515097389	C	0.00408267415157	11669	48	39	1	11757	78412
UNKNOWN	223	A	0.991579484562	G	0.00680445691928	11658	6	80	13	11757	78412
UNKNOWN	224	G	0.991494428851	A	0.00467806413201	55	41	11657	4	11757	78412
UNKNOWN	225	A	0.992855320235	G	0.00544356553543	11673	12	64	8	11757	78412
UNKNOWN	226	G	0.966147826827	A	0.028408607638	334	56	11359	8	11757	78412
UNKNOWN	227	C	0.969124776729	T	0.0294292761759	7	11394	10	346	11757	78412
UNKNOWN	228	C	0.99370587735	G	0.00348728417113	31	11683	41	2	11757	78412
UNKNOWN	229	A	0.997023050098	G	0.0018712256528	11722	4	22	9	11757	78412
UNKNOWN	230	A	0.982988857702	G	0.0152249723569	11557	16	179	5	11757	78412
UNKNOWN	231	G	0.977715403589	A	0.0104618525134	123	85	11495	54	11757	78412
UNKNOWN	232	T	0.995747214425	C	0.00340222845964	2	40	8	11707	11757	78412
UNKNOWN	233	C	0.979926852088	G	0.00978140682147	9	11521	115	112	11757	78412
UNKNOWN	234	T	0.994981713022	C	0.00331717274815	5	39	15	11698	11757	78412
UNKNOWN	235	C	0.994046100196	T	0.00527345411244	8	11687	0	62	11757	78412
UNKNOWN	236	T	0.989793314621	C	0.00544356553543	11	64	45	11637	11757	78412
UNKNOWN	237	C	0.996172492983	T	0.00238155992175	5	11712	12	28	11757	78412
UNKNOWN	238	T	0.996512715829	G	0.0018712256528	2	17	22	11716	11757	78412
UNKNOWN	239	G	0.969294888152	A	0.0203283150464	239	70	11396	52	11757	78412
UNKNOWN	240	T	0.992855320235	C	0.00272178276771	29	32	23	11673	11757	78412
UNKNOWN	241	C	0.991324317428	T	0.0056987326699	29	11655	6	67	11757	78412
UNKNOWN	242	A	0.980777409203	G	0.0108020753594	11531	74	127	25	11757	78412
UNKNOWN	243	G	0.939100110572	C	0.0300246661563	286	353	11041	77	11757	78412
UNKNOWN	244	T	0.995066768734	C	0.00289189419069	5	34	19	11699	11757	78412
UNKNOWN	245	G	0.976524623628	A	0.0153100280684	180	48	11481	48	11757	78412
UNKNOWN	246	A	0.979756740665	G	0.0168410308752	11519	28	198	12	11757	78412
UNKNOWN	247	G	0.948201071702	A	0.0317257803862	373	172	11148	64	11757	78412
UNKNOWN	248	C	0.977034957897	T	0.0165008080293	42	11487	34	194	11757	78412
UNKNOWN	249	A	0.991579484562	G	0.00731479118823	11658	10	86	3	11757	78412
UNKNOWN	250	G	0.982478523433	A	0.0101216296674	119	79	11551	8	11757	78412
UNKNOWN	251	C	0.993365654504	T	0.00374245130561	7	11679	27	44	11757	78412
UNKNOWN	252	G	0.987581866122	A	0.00842051543761	99	16	11611	31	11757	78412
UNKNOWN	253	T	0.994046100196	C	0.00314706132517	5	37	28	11687	11757	78412
UNKNOWN	254	G	0.972952283746	A	0.0182869779706	215	52	11439	51	11757	78412
UNKNOWN	255	A	0.988687590372	G	0.00774006974568	11624	27	91	15	11757	78412
UNKNOWN	256	C	0.991494428851	T	0.00348728417113	30	11657	29	41	11757	78412
UNKNOWN	257	A	0.978055626435	G	0.0116526324743	11499	67	137	54	11757	78412
UNKNOWN	258	C	0.966147826827	A	0.0243259334864	286	11359	71	41	11757	78412
UNKNOWN	259	C	0.988262311814	T	0.00671940120779	26	11619	33	79	11757	78412
UNKNOWN	260	T	0.985115250489	C	0.00833545972612	13	98	64	11582	11757	78412
UNKNOWN	261	G	0.992940375946	A	0.00484817555499	57	11	11674	15	11757	78412
UNKNOWN	262	A	0.987666921834	G	0.00825040401463	11612	40	97	8	11757	78412
UNKNOWN	263	G	0.961895041252	A	0.0180318108361	212	184	11309	52	11757	78412
UNKNOWN	264	G	0.993110487369	A	0.0038275070171	45	8	11676	28	11757	78412
UNKNOWN	265	A	0.99430126733	C	0.00331717274815	11690	39	23	5	11757	78412
UNKNOWN	266	C	0.986135919027	T	0.0094411839755	33	11594	19	111	11757	78412
UNKNOWN	267	A	0.980862464915	T	0.00867568257208	11532	22	101	102	11757	78412
UNKNOWN	268	C	0.994726545888	G	0.00255167134473	20	11695	30	12	11757	78412
UNKNOWN	269	G	0.786425108446	A	0.208556604576	2452	29	9246	30	11757	78412
UNKNOWN	270	G	0.992685208812	C	0.00246661563324	28	29	11671	29	11757	78412
UNKNOWN	271	C	0.993450710215	A	0.0028068384792	33	11680	33	11	11757	78412
UNKNOWN	272	C	0.992685208812	T	0.00340222845964	35	11671	11	40	11757	78412
UNKNOWN	273	A	0.991494428851	G	0.00510334268946	11657	27	60	13	11757	78412
UNKNOWN	274	C	0.991324317428	A	0.00408267415157	48	11655	18	36	11757	78412
UNKNOWN	275	A	0.976524623628	G	0.0144594709535	11481	61	170	45	11757	78412
UNKNOWN	276	T	0.993875988773	C	0.00263672705622	25	31	16	11685	11757	78412
UNKNOWN	277	A	0.994556434465	C	0.00323211703666	11693	38	11	15	11757	78412
UNKNOWN	278	C	0.959343369907	T	0.0391256272859	13	11279	5	460	11757	78412
UNKNOWN	279	T	0.989112868929	C	0.0056987326699	37	67	24	11629	11757	78412
UNKNOWN	280	A	0.985115250489	T	0.00731479118823	11582	66	23	86	11757	78412
UNKNOWN	281	C	0.978821127839	T	0.01939270222	14	11508	7	228	11757	78412
UNKNOWN	282	T	0.993620821638	G	0.00450795270902	13	9	53	11682	11757	78412
