Type	Position	Nucl1	Freq1	Nucl2	Freq2	NumAs	NumCs	NumGs	NumTs	NumAligned	NumNaive
UNKNOWN	0	C	1.0	A	0.0	0	4452	0	0	4452	98752
UNKNOWN	1	A	1.0	C	0.0	4452	0	0	0	4452	98752
UNKNOWN	2	G	1.0	A	0.0	0	0	4452	0	4452	98752
UNKNOWN	3	G	1.0	A	0.0	0	0	4452	0	4452	98752
UNKNOWN	4	T	1.0	A	0.0	0	0	0	4452	4452	98752
UNKNOWN	5	G	1.0	A	0.0	0	0	4452	0	4452	98752
UNKNOWN	6	C	1.0	A	0.0	0	4452	0	0	4452	98752
UNKNOWN	7	A	0.997978436658	G	0.00134770889488	4443	1	6	2	4452	98752
UNKNOWN	8	G	0.990341419587	A	0.0062893081761	28	13	4409	2	4452	98752
UNKNOWN	9	C	0.997079964061	T	0.00202156334232	1	4439	3	9	4452	98752
UNKNOWN	10	T	0.999101527403	C	0.000898472596586	0	4	0	4448	4452	98752
UNKNOWN	11	G	0.999101527403	A	0.000673854447439	3	0	4448	1	4452	98752
UNKNOWN	12	C	0.999101527403	T	0.000673854447439	1	4448	0	3	4452	98752
UNKNOWN	13	G	0.996855345912	A	0.00269541778976	12	1	4438	1	4452	98752
UNKNOWN	14	G	0.97102425876	C	0.0278526504942	4	124	4323	1	4452	98752
UNKNOWN	15	G	0.999101527403	C	0.000898472596586	0	4	4448	0	4452	98752
UNKNOWN	16	A	0.999101527403	C	0.000673854447439	4448	3	1	0	4452	98752
UNKNOWN	17	G	0.993261455526	A	0.0062893081761	28	2	4422	0	4452	98752
UNKNOWN	18	T	0.997529200359	C	0.00134770889488	0	6	5	4441	4452	98752
UNKNOWN	19	C	0.999775381851	G	0.000224618149146	0	4451	1	0	4452	98752
UNKNOWN	20	G	0.996181491465	A	0.00269541778976	12	4	4435	1	4452	98752
UNKNOWN	21	G	0.998427672956	C	0.00134770889488	1	6	4445	0	4452	98752
UNKNOWN	22	G	0.999326145553	C	0.000673854447439	0	3	4449	0	4452	98752
UNKNOWN	23	C	0.999101527403	T	0.000673854447439	1	4448	0	3	4452	98752
UNKNOWN	24	C	0.999326145553	G	0.000449236298293	0	4449	2	1	4452	98752
UNKNOWN	25	C	0.999550763702	T	0.000449236298293	0	4450	0	2	4452	98752
UNKNOWN	26	C	0.999775381851	A	0.000224618149146	1	4451	0	0	4452	98752
UNKNOWN	27	A	0.996630727763	G	0.0033692722372	4437	0	15	0	4452	98752
UNKNOWN	28	G	0.994384546271	A	0.00426774483378	19	6	4427	0	4452	98752
UNKNOWN	29	C	0.998652291105	T	0.00112309074573	1	4446	0	5	4452	98752
UNKNOWN	30	C	0.999326145553	T	0.000673854447439	0	4449	0	3	4452	98752
UNKNOWN	31	T	0.996855345912	C	0.00224618149146	3	10	1	4438	4452	98752
UNKNOWN	32	G	0.993935309973	A	0.00404312668464	18	7	4425	2	4452	98752
UNKNOWN	33	G	0.998652291105	C	0.000898472596586	1	4	4446	1	4452	98752
UNKNOWN	34	T	0.996630727763	C	0.0029200359389	0	13	2	4437	4452	98752
UNKNOWN	35	G	0.998652291105	A	0.00112309074573	5	1	4446	0	4452	98752
UNKNOWN	36	A	0.998203054807	C	0.00134770889488	4444	6	2	0	4452	98752
UNKNOWN	37	A	0.994384546271	G	0.00404312668464	4427	7	18	0	4452	98752
UNKNOWN	38	G	0.994159928122	A	0.00516621743037	23	3	4426	0	4452	98752
UNKNOWN	39	C	0.99730458221	T	0.00224618149146	0	4440	2	10	4452	98752
UNKNOWN	40	C	0.999550763702	G	0.000449236298293	0	4450	2	0	4452	98752
UNKNOWN	41	C	0.997978436658	G	0.00112309074573	1	4443	5	3	4452	98752
UNKNOWN	42	T	0.997529200359	C	0.00202156334232	0	9	2	4441	4452	98752
UNKNOWN	43	C	0.998203054807	T	0.00112309074573	2	4444	1	5	4452	98752
UNKNOWN	44	A	0.99730458221	C	0.000898472596586	4440	4	4	4	4452	98752
UNKNOWN	45	C	0.998876909254	A	0.000449236298293	2	4447	1	2	4452	98752
UNKNOWN	46	A	0.998203054807	C	0.000898472596586	4444	4	4	0	4452	98752
UNKNOWN	47	G	0.997529200359	A	0.00179694519317	8	2	4441	1	4452	98752
UNKNOWN	48	A	0.996181491465	G	0.00157232704403	4435	6	7	4	4452	98752
UNKNOWN	49	C	0.998427672956	A	0.000673854447439	3	4445	3	1	4452	98752
UNKNOWN	50	C	0.995956873315	T	0.00269541778976	0	4434	6	12	4452	98752
UNKNOWN	51	C	0.998427672956	T	0.00134770889488	0	4445	1	6	4452	98752
UNKNOWN	52	T	0.996406109614	C	0.0033692722372	1	15	0	4436	4452	98752
UNKNOWN	53	C	0.995956873315	G	0.0033692722372	0	4434	15	3	4452	98752
UNKNOWN	54	T	0.995507637017	C	0.00314465408805	2	14	4	4432	4452	98752
UNKNOWN	55	C	0.999101527403	T	0.000898472596586	0	4448	0	4	4452	98752
UNKNOWN	56	C	0.992362982929	T	0.00426774483378	1	4418	14	19	4452	98752
UNKNOWN	57	C	0.992812219227	T	0.00606469002695	0	4420	5	27	4452	98752
UNKNOWN	58	T	0.998427672956	C	0.000898472596586	1	4	2	4445	4452	98752
UNKNOWN	59	C	0.999326145553	A	0.000449236298293	2	4449	0	1	4452	98752
UNKNOWN	60	A	0.996855345912	C	0.00134770889488	4438	6	6	2	4452	98752
UNKNOWN	61	C	0.998876909254	T	0.000673854447439	0	4447	2	3	4452	98752
UNKNOWN	62	C	0.994159928122	T	0.00584007187781	0	4426	0	26	4452	98752
UNKNOWN	63	T	0.998876909254	C	0.000449236298293	1	2	2	4447	4452	98752
UNKNOWN	64	G	0.998652291105	A	0.000898472596586	4	2	4446	0	4452	98752
UNKNOWN	65	C	0.995956873315	T	0.00359389038634	2	4434	0	16	4452	98752
UNKNOWN	66	A	0.991913746631	G	0.00561545372866	4416	4	25	7	4452	98752
UNKNOWN	67	C	0.996406109614	T	0.00202156334232	0	4436	7	9	4452	98752
UNKNOWN	68	G	0.995283018868	A	0.00359389038634	16	4	4431	1	4452	98752
UNKNOWN	69	G	0.979110512129	A	0.0166217430368	74	7	4359	12	4452	98752
UNKNOWN	70	T	0.991913746631	C	0.00741239892183	1	33	2	4416	4452	98752
UNKNOWN	71	C	0.988993710692	T	0.0062893081761	2	4403	19	28	4452	98752
UNKNOWN	72	T	0.996630727763	C	0.0033692722372	0	15	0	4437	4452	98752
UNKNOWN	73	C	0.999101527403	T	0.000673854447439	1	4448	0	3	4452	98752
UNKNOWN	74	T	0.994384546271	C	0.00314465408805	5	14	6	4427	4452	98752
UNKNOWN	75	G	0.992362982929	A	0.00696316262354	31	0	4418	3	4452	98752
UNKNOWN	76	G	0.992587601078	A	0.00696316262354	31	2	4419	0	4452	98752
UNKNOWN	77	A	0.987646001797	T	0.00516621743037	4397	13	19	23	4452	98752
UNKNOWN	78	T	0.993036837376	C	0.0033692722372	1	15	15	4421	4452	98752
UNKNOWN	79	T	0.99460916442	C	0.00516621743037	0	23	1	4428	4452	98752
UNKNOWN	80	C	0.952380952381	T	0.038409703504	9	4240	32	171	4452	98752
UNKNOWN	81	T	0.993261455526	C	0.00539083557951	1	24	5	4422	4452	98752
UNKNOWN	82	C	0.991015274034	T	0.00853548966757	2	4412	0	38	4452	98752
UNKNOWN	83	A	0.995058400719	G	0.0029200359389	4430	3	13	6	4452	98752
UNKNOWN	84	T	0.974168912848	G	0.0132524707996	14	42	59	4337	4452	98752
UNKNOWN	85	T	0.997753818509	C	0.00179694519317	2	8	0	4442	4452	98752
UNKNOWN	86	A	0.971248876909	G	0.0258310871518	4324	11	115	2	4452	98752
UNKNOWN	87	A	0.984052111411	G	0.0137017070979	4381	6	61	4	4452	98752
UNKNOWN	88	G	0.969676549865	A	0.0238095238095	106	23	4317	6	4452	98752
UNKNOWN	89	C	0.962488769093	T	0.0238095238095	20	4285	41	106	4452	98752
UNKNOWN	90	G	0.95799640611	A	0.0381850853549	170	6	4265	11	4452	98752
UNKNOWN	91	A	0.927672955975	G	0.0348158131177	4130	101	155	66	4452	98752
UNKNOWN	92	T	0.880727762803	G	0.0568283917341	59	219	253	3921	4452	98752
UNKNOWN	93	A	0.866801437556	C	0.050539083558	3859	225	188	180	4452	98752
UNKNOWN	94	A	0.946765498652	G	0.0348158131177	4215	38	155	44	4452	98752
UNKNOWN	95	T	0.954627133872	A	0.0161725067385	72	59	71	4250	4452	98752
UNKNOWN	96	A	0.863881401617	G	0.0844564240791	3846	144	376	86	4452	98752
UNKNOWN	97	G	0.470575022462	A	0.307502246181	1369	822	2095	166	4452	98752
UNKNOWN	98	T	0.980907457323	C	0.00831087151842	14	37	34	4367	4452	98752
UNKNOWN	99	G	0.960242587601	A	0.0339173405211	151	5	4275	21	4452	98752
UNKNOWN	100	T	0.993036837376	C	0.00606469002695	4	27	0	4421	4452	98752
UNKNOWN	101	A	0.964959568733	G	0.0235849056604	4296	22	105	29	4452	98752
UNKNOWN	102	G	0.920260557053	A	0.0530098831986	236	96	4097	23	4452	98752
UNKNOWN	103	G	0.800539083558	A	0.139712488769	622	145	3564	121	4452	98752
UNKNOWN	104	C	0.974393530997	T	0.0128032345013	10	4338	47	57	4452	98752
UNKNOWN	105	T	0.998427672956	C	0.000898472596586	0	4	3	4445	4452	98752
UNKNOWN	106	G	0.999775381851	A	0.000224618149146	1	0	4451	0	4452	98752
UNKNOWN	107	G	1.0	A	0.0	0	0	4452	0	4452	98752
UNKNOWN	108	G	0.977313566936	A	0.0159478885894	71	12	4351	18	4452	98752
UNKNOWN	109	T	0.99483378257	C	0.00471698113208	1	21	1	4429	4452	98752
UNKNOWN	110	C	0.997753818509	T	0.00224618149146	0	4442	0	10	4452	98752
UNKNOWN	111	C	0.999326145553	G	0.000449236298293	0	4449	2	1	4452	98752
UNKNOWN	112	G	0.999326145553	C	0.000449236298293	1	2	4449	0	4452	98752
UNKNOWN	113	C	0.996406109614	T	0.00269541778976	1	4436	3	12	4452	98752
UNKNOWN	114	C	0.999101527403	A	0.000449236298293	2	4448	0	2	4452	98752
UNKNOWN	115	A	0.997079964061	G	0.00247079964061	4439	2	11	0	4452	98752
UNKNOWN	116	G	0.999550763702	C	0.000224618149146	0	1	4450	1	4452	98752
UNKNOWN	117	G	0.988319856244	A	0.00943396226415	42	5	4400	5	4452	98752
UNKNOWN	118	C	0.997753818509	T	0.00179694519317	2	4442	0	8	4452	98752
UNKNOWN	119	T	0.994384546271	G	0.00269541778976	2	11	12	4427	4452	98752
UNKNOWN	120	C	0.998652291105	T	0.00112309074573	0	4446	1	5	4452	98752
UNKNOWN	121	C	0.998876909254	A	0.00112309074573	5	4447	0	0	4452	98752
UNKNOWN	122	A	0.992812219227	G	0.00673854447439	4420	2	30	0	4452	98752
UNKNOWN	123	G	0.997978436658	A	0.00157232704403	7	2	4443	0	4452	98752
UNKNOWN	124	G	0.996181491465	A	0.0029200359389	13	0	4435	4	4452	98752
UNKNOWN	125	A	0.983153638814	G	0.0137017070979	4377	9	61	5	4452	98752
UNKNOWN	126	A	0.992362982929	G	0.00606469002695	4418	6	27	1	4452	98752
UNKNOWN	127	A	0.993710691824	G	0.00584007187781	4424	1	26	1	4452	98752
UNKNOWN	128	G	0.997978436658	A	0.00157232704403	7	1	4443	1	4452	98752
UNKNOWN	129	G	0.989892183288	A	0.00404312668464	18	17	4407	10	4452	98752
UNKNOWN	130	C	0.99730458221	G	0.00202156334232	1	4440	9	2	4452	98752
UNKNOWN	131	G	0.992812219227	A	0.00673854447439	30	2	4420	0	4452	98752
UNKNOWN	132	C	0.997753818509	T	0.00202156334232	1	4442	0	9	4452	98752
UNKNOWN	133	T	0.99460916442	C	0.00404312668464	0	18	6	4428	4452	98752
UNKNOWN	134	G	0.993036837376	A	0.00539083557951	24	2	4421	5	4452	98752
UNKNOWN	135	G	0.997079964061	A	0.00179694519317	8	5	4439	0	4452	98752
UNKNOWN	136	A	0.997978436658	G	0.00179694519317	4443	1	8	0	4452	98752
UNKNOWN	137	G	0.988319856244	A	0.00673854447439	30	19	4400	3	4452	98752
UNKNOWN	138	T	0.996855345912	G	0.00269541778976	0	2	12	4438	4452	98752
UNKNOWN	139	G	0.996406109614	C	0.00179694519317	6	8	4436	2	4452	98752
UNKNOWN	140	G	0.993036837376	C	0.00314465408805	5	14	4421	12	4452	98752
UNKNOWN	141	C	0.986522911051	G	0.00831087151842	17	4392	37	6	4452	98752
UNKNOWN	142	T	0.997753818509	C	0.00157232704403	1	7	2	4442	4452	98752
UNKNOWN	143	C	0.989218328841	T	0.00853548966757	8	4404	2	38	4452	98752
UNKNOWN	144	G	0.991464510332	A	0.00853548966757	38	0	4414	0	4452	98752
UNKNOWN	145	G	0.985624438455	C	0.010781671159	6	48	4388	10	4452	98752
UNKNOWN	146	T	0.982704402516	G	0.00808625336927	13	28	36	4375	4452	98752
UNKNOWN	147	G	0.794923629829	A	0.111635220126	497	199	3539	217	4452	98752
UNKNOWN	148	T	0.907681940701	C	0.0339173405211	135	151	125	4041	4452	98752
UNKNOWN	149	C	0.879380053908	T	0.0774932614555	136	3915	56	345	4452	98752
UNKNOWN	150	A	0.96316262354	G	0.0312219227314	4288	5	139	20	4452	98752
UNKNOWN	151	T	0.967654986523	G	0.015274034142	29	47	68	4308	4452	98752
UNKNOWN	152	A	0.858041329739	G	0.0927672955975	3820	73	413	146	4452	98752
UNKNOWN	153	T	0.834007187781	G	0.0718778077269	253	166	320	3713	4452	98752
UNKNOWN	154	A	0.895777178796	G	0.0487421383648	3988	108	217	139	4452	98752
UNKNOWN	155	T	0.940251572327	C	0.0345911949686	22	154	90	4186	4452	98752
UNKNOWN	156	A	0.876684636119	G	0.101302785265	3903	73	451	25	4452	98752
UNKNOWN	157	G	0.854447439353	A	0.0703054806828	313	240	3804	95	4452	98752
UNKNOWN	158	T	0.964734950584	G	0.0186433063792	28	46	83	4295	4452	98752
UNKNOWN	159	G	0.817160826595	A	0.146226415094	651	126	3638	37	4452	98752
UNKNOWN	160	G	0.835804132974	A	0.117475292004	523	164	3721	44	4452	98752
UNKNOWN	161	T	0.960916442049	A	0.0163971248877	73	35	66	4278	4452	98752
UNKNOWN	162	G	0.982255166217	A	0.0123539982031	55	12	4373	12	4452	98752
UNKNOWN	163	G	0.982255166217	A	0.00831087151842	37	27	4373	15	4452	98752
UNKNOWN	164	A	0.967654986523	G	0.0267295597484	4308	15	119	10	4452	98752
UNKNOWN	165	A	0.914869721473	G	0.0801886792453	4073	17	357	5	4452	98752
UNKNOWN	166	G	0.676100628931	A	0.169586702606	755	452	3010	235	4452	98752
UNKNOWN	167	C	0.908355795148	T	0.0442497753819	110	4044	101	197	4452	98752
UNKNOWN	168	A	0.96585804133	G	0.0258310871518	4300	11	115	26	4452	98752
UNKNOWN	169	C	0.980458221024	T	0.0141509433962	18	4365	6	63	4452	98752
UNKNOWN	170	A	0.982929020665	G	0.0110062893082	4376	13	49	14	4452	98752
UNKNOWN	171	G	0.944519317161	A	0.0408805031447	182	41	4205	24	4452	98752
UNKNOWN	172	G	0.729335130279	A	0.198787061995	885	198	3247	122	4452	98752
UNKNOWN	173	C	0.977313566936	G	0.0139263252471	13	4351	62	26	4452	98752
UNKNOWN	174	T	0.981132075472	C	0.00988319856244	23	44	17	4368	4452	98752
UNKNOWN	175	A	0.985624438455	T	0.00651392632525	4388	7	28	29	4452	98752
UNKNOWN	176	T	0.983153638814	C	0.0132524707996	9	59	7	4377	4452	98752
UNKNOWN	177	A	0.985399820305	G	0.00943396226415	4387	21	42	2	4452	98752
UNKNOWN	178	A	0.988544474394	G	0.00561545372866	4401	12	25	14	4452	98752
UNKNOWN	179	C	0.87623539982	T	0.101976639712	15	3901	82	454	4452	98752
UNKNOWN	180	C	0.943396226415	T	0.0363881401617	31	4200	59	162	4452	98752
UNKNOWN	181	C	0.9867475292	T	0.00516621743037	20	4393	16	23	4452	98752
UNKNOWN	182	A	0.989892183288	G	0.00561545372866	4407	12	25	8	4452	98752
UNKNOWN	183	G	0.991015274034	A	0.00404312668464	18	15	4412	7	4452	98752
UNKNOWN	184	C	0.97371967655	T	0.0197663971249	9	4335	20	88	4452	98752
UNKNOWN	185	C	0.997529200359	T	0.00112309074573	4	4441	2	5	4452	98752
UNKNOWN	186	C	0.996181491465	T	0.00314465408805	1	4435	2	14	4452	98752
UNKNOWN	187	T	0.995956873315	G	0.00157232704403	6	5	7	4434	4452	98752
UNKNOWN	188	G	0.985175202156	A	0.00898472596586	40	8	4386	18	4452	98752
UNKNOWN	189	A	0.988769092543	G	0.00786163522013	4402	13	35	2	4452	98752
UNKNOWN	190	A	0.990790655885	G	0.00404312668464	4411	12	18	11	4452	98752
UNKNOWN	191	A	0.995058400719	G	0.00247079964061	4430	6	11	5	4452	98752
UNKNOWN	192	T	0.991689128482	C	0.00561545372866	2	25	10	4415	4452	98752
UNKNOWN	193	C	0.997753818509	T	0.00134770889488	2	4442	2	6	4452	98752
UNKNOWN	194	C	0.993486073675	T	0.00471698113208	3	4423	5	21	4452	98752
UNKNOWN	195	C	0.996855345912	G	0.00202156334232	2	4438	9	3	4452	98752
UNKNOWN	196	G	0.996855345912	A	0.00202156334232	9	3	4438	2	4452	98752
UNKNOWN	197	G	0.948337825696	A	0.0404312668464	180	23	4222	27	4452	98752
UNKNOWN	198	C	0.992587601078	A	0.0033692722372	15	4419	5	13	4452	98752
UNKNOWN	199	T	0.996406109614	C	0.00269541778976	2	12	2	4436	4452	98752
UNKNOWN	200	C	0.994384546271	A	0.00381850853549	17	4427	1	7	4452	98752
UNKNOWN	201	A	0.987196765499	G	0.0112309074573	4395	6	50	1	4452	98752
UNKNOWN	202	G	0.973045822102	C	0.0154986522911	25	69	4332	26	4452	98752
UNKNOWN	203	C	0.959793351303	T	0.0341419586703	15	4273	12	152	4452	98752
UNKNOWN	204	A	0.985624438455	G	0.0101078167116	4388	6	45	13	4452	98752
UNKNOWN	205	T	0.992812219227	C	0.00314465408805	4	14	14	4420	4452	98752
UNKNOWN	206	C	0.991913746631	T	0.00606469002695	8	4416	1	27	4452	98752
UNKNOWN	207	A	0.988095238095	G	0.00831087151842	4399	6	37	10	4452	98752
UNKNOWN	208	C	0.9867475292	T	0.00584007187781	9	4393	24	26	4452	98752
UNKNOWN	209	C	0.969451931716	T	0.0139263252471	27	4316	47	62	4452	98752
UNKNOWN	210	A	0.993486073675	G	0.00381850853549	4423	11	17	1	4452	98752
UNKNOWN	211	A	0.972596585804	G	0.0247079964061	4330	7	110	5	4452	98752
UNKNOWN	212	G	0.994384546271	A	0.00359389038634	16	8	4427	1	4452	98752
UNKNOWN	213	G	0.992587601078	A	0.00673854447439	30	3	4419	0	4452	98752
UNKNOWN	214	A	0.993935309973	G	0.00314465408805	4425	9	14	4	4452	98752
UNKNOWN	215	C	0.980233602875	T	0.0119047619048	20	4364	15	53	4452	98752
UNKNOWN	216	A	0.98944294699	G	0.00786163522013	4405	6	35	6	4452	98752
UNKNOWN	217	A	0.972147349506	C	0.0150494159928	4328	67	52	5	4452	98752
UNKNOWN	218	C	0.980682839173	T	0.0121293800539	9	4366	23	54	4452	98752
UNKNOWN	219	T	0.984501347709	G	0.00831087151842	7	25	37	4383	4452	98752
UNKNOWN	220	C	0.995732255166	T	0.00224618149146	7	4433	2	10	4452	98752
UNKNOWN	221	C	0.987870619946	T	0.00876010781671	9	4398	6	39	4452	98752
UNKNOWN	222	A	0.992362982929	G	0.00404312668464	4418	15	18	1	4452	98752
UNKNOWN	223	A	0.986073674753	G	0.00988319856244	4390	11	44	7	4452	98752
UNKNOWN	224	G	0.989218328841	C	0.00516621743037	21	23	4404	4	4452	98752
UNKNOWN	225	A	0.990341419587	G	0.00853548966757	4409	4	38	1	4452	98752
UNKNOWN	226	G	0.952156334232	A	0.0348158131177	155	48	4239	10	4452	98752
UNKNOWN	227	C	0.980458221024	T	0.0150494159928	8	4365	12	67	4452	98752
UNKNOWN	228	C	0.99213836478	G	0.00494159928122	12	4417	22	1	4452	98752
UNKNOWN	229	A	0.995283018868	C	0.00202156334232	4431	9	4	8	4452	98752
UNKNOWN	230	A	0.968104222821	G	0.029200359389	4310	8	130	4	4452	98752
UNKNOWN	231	G	0.954627133872	A	0.0240341419587	107	60	4250	35	4452	98752
UNKNOWN	232	T	0.993935309973	C	0.00516621743037	2	23	2	4425	4452	98752
UNKNOWN	233	C	0.977313566936	G	0.0125786163522	5	4351	56	40	4452	98752
UNKNOWN	234	T	0.990790655885	C	0.00381850853549	13	17	11	4411	4452	98752
UNKNOWN	235	C	0.993486073675	T	0.00494159928122	7	4423	0	22	4452	98752
UNKNOWN	236	T	0.986073674753	C	0.00943396226415	5	42	15	4390	4452	98752
UNKNOWN	237	C	0.993710691824	T	0.00314465408805	3	4424	11	14	4452	98752
UNKNOWN	238	T	0.996855345912	A	0.00157232704403	7	4	3	4438	4452	98752
UNKNOWN	239	A	0.838050314465	G	0.150718778077	3731	32	671	18	4452	98752
UNKNOWN	240	T	0.986073674753	G	0.00696316262354	12	19	31	4390	4452	98752
UNKNOWN	241	C	0.978436657682	T	0.0188679245283	8	4356	4	84	4452	98752
UNKNOWN	242	A	0.980907457323	G	0.00943396226415	4367	34	42	9	4452	98752
UNKNOWN	243	C	0.846585804133	G	0.135444743935	33	3769	603	47	4452	98752
UNKNOWN	244	T	0.997753818509	G	0.00202156334232	0	1	9	4442	4452	98752
UNKNOWN	245	G	0.971698113208	A	0.0222371967655	99	22	4326	5	4452	98752
UNKNOWN	246	A	0.981805929919	G	0.0139263252471	4371	16	62	3	4452	98752
UNKNOWN	247	G	0.963387241689	A	0.0231356693621	103	38	4289	22	4452	98752
UNKNOWN	248	C	0.97371967655	T	0.0163971248877	22	4335	22	73	4452	98752
UNKNOWN	249	A	0.993036837376	G	0.00561545372866	4421	5	25	1	4452	98752
UNKNOWN	250	G	0.986073674753	C	0.00853548966757	15	38	4390	9	4452	98752
UNKNOWN	251	C	0.988993710692	G	0.00561545372866	4	4403	25	20	4452	98752
UNKNOWN	252	G	0.98427672956	A	0.0103324348607	46	16	4382	8	4452	98752
UNKNOWN	253	T	0.991015274034	C	0.00561545372866	3	25	12	4412	4452	98752
UNKNOWN	254	G	0.945193171608	A	0.035265049416	157	27	4208	60	4452	98752
UNKNOWN	255	A	0.980233602875	G	0.0132524707996	4364	10	59	19	4452	98752
UNKNOWN	256	C	0.990341419587	G	0.00449236298293	18	4409	20	5	4452	98752
UNKNOWN	257	A	0.964510332435	G	0.0256064690027	4294	22	114	22	4452	98752
UNKNOWN	258	A	0.900943396226	C	0.068957771788	4011	307	101	33	4452	98752
UNKNOWN	259	C	0.953279424978	G	0.0249326145553	23	4244	111	74	4452	98752
UNKNOWN	260	T	0.966082659479	C	0.0217879604672	10	97	44	4301	4452	98752
UNKNOWN	261	G	0.990341419587	A	0.00426774483378	19	12	4409	12	4452	98752
UNKNOWN	262	A	0.985175202156	G	0.0114555256065	4386	14	51	1	4452	98752
UNKNOWN	263	G	0.951033243486	A	0.0217879604672	97	87	4234	34	4452	98752
UNKNOWN	264	G	0.993935309973	A	0.00449236298293	20	1	4425	6	4452	98752
UNKNOWN	265	A	0.989218328841	C	0.00516621743037	4404	23	19	6	4452	98752
UNKNOWN	266	C	0.985624438455	T	0.00763701707098	22	4388	8	34	4452	98752
UNKNOWN	267	A	0.978212039533	G	0.0121293800539	4355	8	54	35	4452	98752
UNKNOWN	268	C	0.995058400719	G	0.00269541778976	7	4430	12	3	4452	98752
UNKNOWN	269	G	0.992362982929	A	0.00381850853549	17	5	4418	12	4452	98752
UNKNOWN	270	G	0.992812219227	A	0.0033692722372	15	7	4420	10	4452	98752
UNKNOWN	271	C	0.98944294699	A	0.00539083557951	24	4405	19	4	4452	98752
UNKNOWN	272	C	0.986073674753	A	0.00606469002695	27	4390	11	24	4452	98752
UNKNOWN	273	A	0.992812219227	G	0.00404312668464	4420	5	18	9	4452	98752
UNKNOWN	274	C	0.988544474394	A	0.00471698113208	21	4401	13	17	4452	98752
UNKNOWN	275	A	0.972821203953	G	0.0170709793351	4331	23	76	22	4452	98752
UNKNOWN	276	T	0.991689128482	G	0.00539083557951	11	2	24	4415	4452	98752
UNKNOWN	277	A	0.987870619946	C	0.00516621743037	4398	23	16	15	4452	98752
UNKNOWN	278	C	0.956648697215	T	0.0399820305481	7	4259	8	178	4452	98752
UNKNOWN	279	T	0.984950584007	G	0.00718778077269	22	13	32	4385	4452	98752
UNKNOWN	280	A	0.980233602875	T	0.00831087151842	4364	30	21	37	4452	98752
UNKNOWN	281	C	0.969227313567	T	0.0278526504942	8	4315	5	124	4452	98752
UNKNOWN	282	T	0.98944294699	G	0.00808625336927	6	5	36	4405	4452	98752
