Type	Position	Nucl1	Freq1	Nucl2	Freq2	NumAs	NumCs	NumGs	NumTs	NumAligned	NumNaive
UNKNOWN	0	C	1.0	A	0.0	0	27740	0	0	27740	98752
UNKNOWN	1	A	1.0	C	0.0	27740	0	0	0	27740	98752
UNKNOWN	2	G	1.0	A	0.0	0	0	27740	0	27740	98752
UNKNOWN	3	G	1.0	A	0.0	0	0	27740	0	27740	98752
UNKNOWN	4	T	1.0	A	0.0	0	0	0	27740	27740	98752
UNKNOWN	5	G	1.0	A	0.0	0	0	27740	0	27740	98752
UNKNOWN	6	C	1.0	A	0.0	0	27740	0	0	27740	98752
UNKNOWN	7	A	0.998449891853	G	0.00111751982696	27697	3	31	9	27740	98752
UNKNOWN	8	G	0.993547224225	A	0.00508291276136	141	32	27561	6	27740	98752
UNKNOWN	9	C	0.995025234319	T	0.00299206921413	10	27602	45	83	27740	98752
UNKNOWN	10	T	0.999315068493	C	0.000648882480173	0	18	1	27721	27740	98752
UNKNOWN	11	G	0.9983777938	A	0.00118961788032	33	5	27695	7	27740	98752
UNKNOWN	12	C	0.999531362653	T	0.000324441240087	4	27727	0	9	27740	98752
UNKNOWN	13	G	0.998738284066	A	0.00115356885364	32	2	27705	1	27740	98752
UNKNOWN	14	G	0.934174477289	C	0.0632660418169	65	1755	25914	6	27740	98752
UNKNOWN	15	G	0.999387166547	A	0.000252343186734	7	6	27723	4	27740	98752
UNKNOWN	16	A	0.998233597693	G	0.00108147080029	27691	16	30	3	27740	98752
UNKNOWN	17	G	0.992141312185	A	0.00735400144196	204	12	27522	2	27740	98752
UNKNOWN	18	T	0.99826964672	C	0.000865176640231	3	24	21	27692	27740	98752
UNKNOWN	19	C	0.999423215573	T	0.000468637346792	0	27724	3	13	27740	98752
UNKNOWN	20	G	0.996899783706	A	0.00263157894737	73	7	27654	6	27740	98752
UNKNOWN	21	G	0.99924297044	C	0.00057678442682	2	16	27719	3	27740	98752
UNKNOWN	22	G	0.999387166547	C	0.000396539293439	6	11	27723	0	27740	98752
UNKNOWN	23	C	0.9994592646	T	0.000432588320115	2	27725	1	12	27740	98752
UNKNOWN	24	C	0.999747656813	T	0.000216294160058	1	27733	0	6	27740	98752
UNKNOWN	25	C	0.999747656813	T	0.000252343186734	0	27733	0	7	27740	98752
UNKNOWN	26	C	0.99967555876	A	0.000324441240087	9	27731	0	0	27740	98752
UNKNOWN	27	A	0.998053352559	G	0.00183850036049	27686	3	51	0	27740	98752
UNKNOWN	28	G	0.992105263158	A	0.00598413842826	166	37	27521	16	27740	98752
UNKNOWN	29	C	0.99816149964	T	0.00180245133381	0	27689	1	50	27740	98752
UNKNOWN	30	C	0.998954578226	T	0.000612833453497	1	27711	11	17	27740	98752
UNKNOWN	31	T	0.997801009373	C	0.00147801009373	7	41	13	27679	27740	98752
UNKNOWN	32	G	0.995277577505	A	0.00378514780101	105	6	27609	20	27740	98752
UNKNOWN	33	G	0.997548666186	A	0.00118961788032	33	24	27672	11	27740	98752
UNKNOWN	34	T	0.997476568133	C	0.00187454938717	5	52	13	27670	27740	98752
UNKNOWN	35	G	0.997007930786	A	0.00241528478731	67	9	27657	7	27740	98752
UNKNOWN	36	A	0.998846431146	C	0.000793078586878	27708	22	9	1	27740	98752
UNKNOWN	37	A	0.996539293439	G	0.00252343186734	27644	24	70	2	27740	98752
UNKNOWN	38	G	0.996322999279	A	0.00302811824081	84	18	27638	0	27740	98752
UNKNOWN	39	C	0.998341744773	T	0.00108147080029	9	27694	7	30	27740	98752
UNKNOWN	40	C	0.99967555876	T	0.000252343186734	1	27731	1	7	27740	98752
UNKNOWN	41	C	0.998125450613	G	0.00097332372026	3	27688	27	22	27740	98752
UNKNOWN	42	T	0.997801009373	C	0.00191059841384	4	53	4	27679	27740	98752
UNKNOWN	43	C	0.999170872386	T	0.000468637346792	10	27717	0	13	27740	98752
UNKNOWN	44	A	0.997152126893	G	0.00191059841384	27661	21	53	5	27740	98752
UNKNOWN	45	C	0.99870223504	G	0.000793078586878	12	27704	22	2	27740	98752
UNKNOWN	46	A	0.99859408796	G	0.00108147080029	27701	9	30	0	27740	98752
UNKNOWN	47	G	0.996178803172	A	0.00367700072098	102	3	27634	1	27740	98752
UNKNOWN	48	A	0.997620764239	G	0.00133381398702	27674	20	37	9	27740	98752
UNKNOWN	49	C	0.995926459986	G	0.00328046142754	5	27627	91	17	27740	98752
UNKNOWN	50	C	0.997764960346	T	0.00133381398702	4	27678	21	37	27740	98752
UNKNOWN	51	C	0.999279019466	T	0.00057678442682	2	27720	2	16	27740	98752
UNKNOWN	52	T	0.997584715213	C	0.00227108868061	2	63	2	27673	27740	98752
UNKNOWN	53	C	0.998449891853	T	0.00097332372026	1	27697	15	27	27740	98752
UNKNOWN	54	T	0.997512617159	C	0.00187454938717	8	52	9	27671	27740	98752
UNKNOWN	55	C	0.999315068493	T	0.00057678442682	1	27721	2	16	27740	98752
UNKNOWN	56	C	0.997584715213	T	0.00118961788032	15	27673	19	33	27740	98752
UNKNOWN	57	C	0.99848594088	G	0.000757029560202	1	27698	21	20	27740	98752
UNKNOWN	58	T	0.997873107426	C	0.00201874549387	2	56	1	27681	27740	98752
UNKNOWN	59	C	0.998521989906	A	0.000720980533526	20	27699	4	17	27740	98752
UNKNOWN	60	A	0.997512617159	G	0.00100937274694	27671	26	28	15	27740	98752
UNKNOWN	61	C	0.998954578226	T	0.000937274693583	0	27711	3	26	27740	98752
UNKNOWN	62	C	0.997801009373	T	0.00122566690699	2	27679	25	34	27740	98752
UNKNOWN	63	T	0.99848594088	C	0.00100937274694	1	28	13	27698	27740	98752
UNKNOWN	64	G	0.99924297044	C	0.000468637346792	6	13	27719	2	27740	98752
UNKNOWN	65	C	0.997692862293	T	0.00183850036049	12	27676	1	51	27740	98752
UNKNOWN	66	A	0.997332372026	G	0.00162220620043	27666	20	45	9	27740	98752
UNKNOWN	67	C	0.996539293439	T	0.00201874549387	3	27644	37	56	27740	98752
UNKNOWN	68	G	0.991925018025	A	0.00659697188176	183	29	27516	12	27740	98752
UNKNOWN	69	A	0.852811824081	G	0.144664744052	23657	52	4013	18	27740	98752
UNKNOWN	70	T	0.981182408075	C	0.0179884643115	4	499	19	27218	27740	98752
UNKNOWN	71	C	0.986373467916	T	0.00728190338861	80	27362	96	202	27740	98752
UNKNOWN	72	T	0.997296322999	C	0.00180245133381	8	50	17	27665	27740	98752
UNKNOWN	73	C	0.999098774333	T	0.000684931506849	4	27715	2	19	27740	98752
UNKNOWN	74	T	0.994772891132	G	0.00263157894737	6	66	73	27595	27740	98752
UNKNOWN	75	G	0.999315068493	A	0.000612833453497	17	2	27721	0	27740	98752
UNKNOWN	76	G	0.997873107426	A	0.00144196106705	40	18	27681	1	27740	98752
UNKNOWN	77	A	0.991276135544	G	0.00342465753425	27498	88	95	59	27740	98752
UNKNOWN	78	T	0.996467195386	C	0.00180245133381	6	50	42	27642	27740	98752
UNKNOWN	79	T	0.997909156453	C	0.00180245133381	2	50	6	27682	27740	98752
UNKNOWN	80	C	0.993222782985	T	0.00493871665465	4	27552	47	137	27740	98752
UNKNOWN	81	T	0.995421773612	C	0.00277577505407	5	77	45	27613	27740	98752
UNKNOWN	82	C	0.99848594088	T	0.00108147080029	12	27698	0	30	27740	98752
UNKNOWN	83	A	0.993042537851	G	0.0034967555876	27547	39	97	57	27740	98752
UNKNOWN	84	T	0.970115356885	C	0.0280821917808	13	779	37	26911	27740	98752
UNKNOWN	85	T	0.998341744773	C	0.000829127613554	2	23	21	27694	27740	98752
UNKNOWN	86	G	0.991312184571	A	0.00807498197549	224	5	27499	12	27740	98752
UNKNOWN	87	A	0.995818312906	G	0.00284787310743	27624	28	79	9	27740	98752
UNKNOWN	88	G	0.969935111752	A	0.0198630136986	551	213	26906	70	27740	98752
UNKNOWN	89	C	0.9747296323	T	0.0169790915645	122	27039	108	471	27740	98752
UNKNOWN	90	A	0.987671232877	G	0.00883201153569	27398	64	245	33	27740	98752
UNKNOWN	91	G	0.934715212689	A	0.0416005767844	1154	428	25929	229	27740	98752
UNKNOWN	92	C	0.970007209805	T	0.0189978370584	136	26908	169	527	27740	98752
UNKNOWN	93	T	0.984967555876	A	0.00612833453497	170	142	105	27323	27740	98752
UNKNOWN	94	A	0.982119682769	C	0.00695746214852	27244	193	128	175	27740	98752
UNKNOWN	95	T	0.992429704398	C	0.00479452054795	11	133	66	27530	27740	98752
UNKNOWN	96	G	0.855948089402	A	0.107570295602	2984	419	23744	593	27740	98752
UNKNOWN	97	C	0.785616438356	G	0.167916366258	719	21793	4658	570	27740	98752
UNKNOWN	98	T	0.993871665465	C	0.00382119682769	29	106	35	27570	27740	98752
UNKNOWN	99	G	0.971485219899	A	0.0271088680606	752	11	26949	28	27740	98752
UNKNOWN	100	T	0.997512617159	C	0.00147801009373	17	41	11	27671	27740	98752
UNKNOWN	101	A	0.944268204758	G	0.0495313626532	26194	116	1374	56	27740	98752
UNKNOWN	102	G	0.964563806777	A	0.0300288392213	833	77	26757	73	27740	98752
UNKNOWN	103	G	0.931578947368	A	0.0430064888248	1193	460	25842	245	27740	98752
UNKNOWN	104	C	0.993619322278	T	0.00335255948089	30	27563	54	93	27740	98752
UNKNOWN	105	T	0.997837058399	G	0.00104542177361	3	28	29	27680	27740	98752
UNKNOWN	106	G	0.999098774333	A	0.000468637346792	13	4	27715	8	27740	98752
UNKNOWN	107	G	0.999423215573	C	0.000252343186734	6	7	27724	3	27740	98752
UNKNOWN	108	G	0.98622927181	A	0.00807498197549	224	112	27358	46	27740	98752
UNKNOWN	109	T	0.996575342466	C	0.00291997116078	4	81	10	27645	27740	98752
UNKNOWN	110	C	0.998089401586	T	0.00165825522711	1	27687	6	46	27740	98752
UNKNOWN	111	C	0.998846431146	G	0.000612833453497	1	27708	17	14	27740	98752
UNKNOWN	112	G	0.998558038933	C	0.000720980533526	19	20	27700	1	27740	98752
UNKNOWN	113	C	0.995025234319	T	0.00310021629416	25	27602	27	86	27740	98752
UNKNOWN	114	C	0.998882480173	A	0.000648882480173	18	27709	8	5	27740	98752
UNKNOWN	115	A	0.995890410959	G	0.00346070656092	27626	13	96	5	27740	98752
UNKNOWN	116	G	0.996683489546	A	0.00205479452055	57	27	27648	8	27740	98752
UNKNOWN	117	G	0.988356164384	A	0.00966113914924	268	35	27417	20	27740	98752
UNKNOWN	118	C	0.997080028839	T	0.00176640230714	2	27659	30	49	27740	98752
UNKNOWN	119	T	0.996250901226	C	0.00252343186734	10	70	24	27636	27740	98752
UNKNOWN	120	C	0.99816149964	T	0.00100937274694	7	27689	16	28	27740	98752
UNKNOWN	121	C	0.99859408796	A	0.000793078586878	22	27701	10	7	27740	98752
UNKNOWN	122	A	0.992573900505	G	0.00666906993511	27534	18	185	3	27740	98752
UNKNOWN	123	G	0.99913482336	A	0.000793078586878	22	0	27716	2	27740	98752
UNKNOWN	124	G	0.997728911319	A	0.00201874549387	56	4	27677	3	27740	98752
UNKNOWN	125	G	0.991348233598	A	0.00764239365537	212	24	27500	4	27740	98752
UNKNOWN	126	A	0.998089401586	G	0.00129776496035	27687	17	36	0	27740	98752
UNKNOWN	127	A	0.990374909877	G	0.00933669790916	27473	8	259	0	27740	98752
UNKNOWN	128	G	0.996755587599	A	0.00266762797404	74	14	27650	2	27740	98752
UNKNOWN	129	G	0.991276135544	A	0.00580389329488	161	69	27498	12	27740	98752
UNKNOWN	130	C	0.995529920692	T	0.00248738284066	6	27616	49	69	27740	98752
UNKNOWN	131	G	0.981326604182	A	0.0141312184571	392	98	27222	28	27740	98752
UNKNOWN	132	C	0.989185291997	T	0.00764239365537	56	27440	32	212	27740	98752
UNKNOWN	133	T	0.992465753425	C	0.00551550108147	8	153	48	27531	27740	98752
UNKNOWN	134	G	0.974873828407	A	0.0168709444845	468	45	27043	184	27740	98752
UNKNOWN	135	G	0.997152126893	A	0.0015140591204	42	28	27661	9	27740	98752
UNKNOWN	136	A	0.996791636626	G	0.0021268925739	27651	18	59	12	27740	98752
UNKNOWN	137	G	0.927937995674	A	0.0657534246575	1824	73	25741	102	27740	98752
UNKNOWN	138	T	0.995097332372	G	0.00180245133381	38	48	50	27604	27740	98752
UNKNOWN	139	G	0.961571737563	A	0.029848594088	828	53	26674	185	27740	98752
UNKNOWN	140	T	0.954434030281	C	0.0297764960346	13	826	425	26476	27740	98752
UNKNOWN	141	C	0.981542898342	G	0.014924297044	57	27228	414	41	27740	98752
UNKNOWN	142	T	0.998990627253	C	0.000504686373468	2	14	12	27712	27740	98752
UNKNOWN	143	T	0.963482335977	C	0.0255227108868	31	708	274	26727	27740	98752
UNKNOWN	144	G	0.996539293439	A	0.00306416726748	85	1	27644	10	27740	98752
UNKNOWN	145	G	0.993511175198	C	0.00338860850757	50	94	27560	36	27740	98752
UNKNOWN	146	T	0.980605623648	G	0.00944484498919	77	199	262	27202	27740	98752
UNKNOWN	147	G	0.857966834895	A	0.086301369863	2394	136	23800	1410	27740	98752
UNKNOWN	148	G	0.879920692141	A	0.0721701514059	2002	787	24409	542	27740	98752
UNKNOWN	149	T	0.971593366979	G	0.0121124729632	214	238	336	26952	27740	98752
UNKNOWN	150	A	0.948954578226	G	0.0480173035328	26324	31	1332	53	27740	98752
UNKNOWN	151	T	0.995890410959	C	0.00191059841384	35	53	26	27626	27740	98752
UNKNOWN	152	A	0.916654650324	C	0.0440519105984	25428	1222	449	641	27740	98752
UNKNOWN	153	A	0.934390771449	G	0.0594448449892	25920	137	1649	34	27740	98752
UNKNOWN	154	G	0.882912761355	A	0.0858687815429	2382	748	24492	118	27740	98752
UNKNOWN	155	T	0.961319394376	C	0.0246575342466	161	684	228	26667	27740	98752
UNKNOWN	156	A	0.833958183129	G	0.150720980534	23134	309	4181	116	27740	98752
UNKNOWN	157	G	0.904289834174	A	0.0428262436914	1188	1056	25085	411	27740	98752
UNKNOWN	158	T	0.971881759193	G	0.0147440519106	180	191	409	26960	27740	98752
UNKNOWN	159	G	0.803604902668	A	0.153100216294	4247	803	22292	398	27740	98752
UNKNOWN	160	G	0.865933669791	A	0.0830930064888	2305	1105	24021	309	27740	98752
UNKNOWN	161	T	0.980100937275	G	0.010021629416	117	157	278	27188	27740	98752
UNKNOWN	162	G	0.995241528479	A	0.00447007930786	124	5	27608	3	27740	98752
UNKNOWN	163	G	0.990338860851	A	0.00666906993511	185	41	27472	42	27740	98752
UNKNOWN	164	A	0.964635904831	G	0.0250180245133	26759	150	694	137	27740	98752
UNKNOWN	165	A	0.932660418169	G	0.0520547945205	25872	243	1444	181	27740	98752
UNKNOWN	166	G	0.670511896179	A	0.174801730353	4849	2494	18600	1797	27740	98752
UNKNOWN	167	C	0.891744772891	T	0.0465392934391	956	24737	756	1291	27740	98752
UNKNOWN	168	A	0.972602739726	G	0.0201153568854	26980	122	558	80	27740	98752
UNKNOWN	169	C	0.97505407354	T	0.0182047584715	125	27048	62	505	27740	98752
UNKNOWN	170	A	0.986373467916	G	0.00976928622927	27362	67	271	40	27740	98752
UNKNOWN	171	G	0.966474405191	A	0.018925739005	525	190	26810	215	27740	98752
UNKNOWN	172	G	0.842573900505	A	0.104434030281	2897	949	23373	521	27740	98752
UNKNOWN	173	C	0.974477289113	G	0.0137707281903	123	27032	382	203	27740	98752
UNKNOWN	174	T	0.994051910598	C	0.00306416726748	55	85	25	27575	27740	98752
UNKNOWN	175	A	0.995890410959	T	0.00284787310743	27626	14	21	79	27740	98752
UNKNOWN	176	T	0.980136986301	C	0.0180245133381	44	500	7	27189	27740	98752
UNKNOWN	177	A	0.992177361211	C	0.00436193222783	27523	121	86	10	27740	98752
UNKNOWN	178	A	0.993835616438	G	0.00317231434751	27569	66	88	17	27740	98752
UNKNOWN	179	C	0.921485219899	T	0.0629055515501	156	25562	277	1745	27740	98752
UNKNOWN	180	C	0.958543619322	T	0.0227108868061	152	26590	368	630	27740	98752
UNKNOWN	181	C	0.990194664744	A	0.00450612833453	125	27468	82	65	27740	98752
UNKNOWN	182	A	0.986085075703	G	0.00793078586878	27354	136	220	30	27740	98752
UNKNOWN	183	G	0.982263878875	A	0.0116438356164	323	121	27248	48	27740	98752
UNKNOWN	184	C	0.962328767123	T	0.0301009372747	52	26695	158	835	27740	98752
UNKNOWN	185	C	0.998053352559	G	0.000793078586878	12	27686	22	20	27740	98752
UNKNOWN	186	C	0.997224224946	T	0.00187454938717	8	27663	17	52	27740	98752
UNKNOWN	187	T	0.997260273973	G	0.00147801009373	28	7	41	27664	27740	98752
UNKNOWN	188	G	0.988320115357	A	0.00789473684211	219	18	27416	87	27740	98752
UNKNOWN	189	A	0.992321557318	G	0.00511896178803	27527	60	142	11	27740	98752
UNKNOWN	190	A	0.995529920692	C	0.00234318673396	27616	65	36	23	27740	98752
UNKNOWN	191	A	0.994232155732	T	0.00245133381399	27580	42	50	68	27740	98752
UNKNOWN	192	T	0.993763518385	C	0.00443403028118	26	123	24	27567	27740	98752
UNKNOWN	193	C	0.995457822639	A	0.0021268925739	59	27614	12	55	27740	98752
UNKNOWN	194	C	0.992285508291	T	0.00522710886806	12	27526	57	145	27740	98752
UNKNOWN	195	C	0.997909156453	G	0.00162220620043	7	27682	45	6	27740	98752
UNKNOWN	196	G	0.998413842826	A	0.000829127613554	23	7	27696	14	27740	98752
UNKNOWN	197	G	0.953100216294	A	0.0360490266763	1000	171	26439	130	27740	98752
UNKNOWN	198	C	0.993547224225	T	0.00295602018745	44	27561	53	82	27740	98752
UNKNOWN	199	T	0.996503244412	C	0.00237923576063	13	66	18	27643	27740	98752
UNKNOWN	200	C	0.996359048306	A	0.00223503965393	62	27639	8	31	27740	98752
UNKNOWN	201	A	0.991131939438	G	0.00753424657534	27494	32	209	5	27740	98752
UNKNOWN	202	G	0.97624369142	C	0.0155371304975	76	431	27081	152	27740	98752
UNKNOWN	203	C	0.96139149243	T	0.0289113193944	194	26669	75	802	27740	98752
UNKNOWN	204	A	0.985868781543	G	0.0109228550829	27348	32	303	57	27740	98752
UNKNOWN	205	T	0.996647440519	C	0.00252343186734	13	70	10	27647	27740	98752
UNKNOWN	206	C	0.992285508291	T	0.00436193222783	86	27526	7	121	27740	98752
UNKNOWN	207	A	0.991276135544	G	0.00414563806777	27498	59	115	68	27740	98752
UNKNOWN	208	C	0.989401586157	G	0.00511896178803	42	27446	142	110	27740	98752
UNKNOWN	209	C	0.973107426099	T	0.013698630137	135	26994	231	380	27740	98752
UNKNOWN	210	A	0.995169430425	G	0.00306416726748	27606	48	85	1	27740	98752
UNKNOWN	211	A	0.979884643115	G	0.0187815428983	27182	29	521	8	27740	98752
UNKNOWN	212	G	0.989653929344	A	0.00843547224225	234	39	27453	14	27740	98752
UNKNOWN	213	G	0.992501802451	A	0.00634462869503	176	23	27532	9	27740	98752
UNKNOWN	214	A	0.995782263879	C	0.00266762797404	27623	74	28	15	27740	98752
UNKNOWN	215	C	0.98612112473	T	0.0076063446287	93	27355	81	211	27740	98752
UNKNOWN	216	A	0.992790194665	G	0.00493871665465	27540	31	137	32	27740	98752
UNKNOWN	217	A	0.973287671233	C	0.0163302090844	26999	453	255	33	27740	98752
UNKNOWN	218	C	0.980749819755	T	0.014816149964	17	27206	106	411	27740	98752
UNKNOWN	219	T	0.993511175198	C	0.00277577505407	47	77	56	27560	27740	98752
UNKNOWN	220	C	0.996503244412	A	0.00234318673396	65	27643	10	22	27740	98752
UNKNOWN	221	C	0.991997116078	A	0.0027397260274	76	27518	74	72	27740	98752
UNKNOWN	222	A	0.992501802451	C	0.00385724585436	27532	107	97	4	27740	98752
UNKNOWN	223	A	0.986733958183	G	0.0119322278298	27372	17	331	20	27740	98752
UNKNOWN	224	G	0.990735400144	C	0.00465032444124	117	129	27483	11	27740	98752
UNKNOWN	225	A	0.991059841384	G	0.00663302090844	27492	55	184	9	27740	98752
UNKNOWN	226	G	0.956669069935	A	0.0366258111031	1016	167	26538	19	27740	98752
UNKNOWN	227	C	0.977361211247	T	0.0179163662581	54	27112	77	497	27740	98752
UNKNOWN	228	C	0.993258832012	A	0.0034967555876	97	27553	81	9	27740	98752
UNKNOWN	229	A	0.995241528479	G	0.00223503965393	27608	20	62	50	27740	98752
UNKNOWN	230	A	0.979307858688	G	0.0186373467916	27166	36	517	21	27740	98752
UNKNOWN	231	G	0.948558038933	C	0.0311103100216	366	863	26313	198	27740	98752
UNKNOWN	232	T	0.994844989185	C	0.00396539293439	15	110	18	27597	27740	98752
UNKNOWN	233	C	0.975775054074	T	0.0128334534968	46	27068	270	356	27740	98752
UNKNOWN	234	T	0.993330930065	C	0.00335255948089	30	93	62	27555	27740	98752
UNKNOWN	235	C	0.98741888969	T	0.0115717375631	18	27391	10	321	27740	98752
UNKNOWN	236	T	0.992177361211	C	0.00461427541456	13	128	76	27523	27740	98752
UNKNOWN	237	C	0.991276135544	T	0.00796683489546	6	27498	15	221	27740	98752
UNKNOWN	238	T	0.996899783706	G	0.0019826964672	4	27	55	27654	27740	98752
UNKNOWN	239	G	0.959589041096	A	0.0289113193944	802	114	26619	205	27740	98752
UNKNOWN	240	T	0.991925018025	G	0.00284787310743	67	78	79	27516	27740	98752
UNKNOWN	241	C	0.989581831291	T	0.00814708002884	48	27451	15	226	27740	98752
UNKNOWN	242	A	0.980353280461	G	0.0118961788032	27195	151	330	64	27740	98752
UNKNOWN	243	G	0.829920692141	C	0.0949531362653	1700	2634	23022	384	27740	98752
UNKNOWN	244	T	0.995277577505	G	0.00248738284066	15	47	69	27609	27740	98752
UNKNOWN	245	G	0.9763518385	A	0.0147440519106	409	103	27084	144	27740	98752
UNKNOWN	246	A	0.986193222783	G	0.00962509012257	27357	104	267	12	27740	98752
UNKNOWN	247	G	0.962004325883	A	0.023936553713	664	299	26686	91	27740	98752
UNKNOWN	248	C	0.971881759193	T	0.0189617880317	135	26960	119	526	27740	98752
UNKNOWN	249	A	0.990410958904	G	0.00807498197549	27474	42	224	0	27740	98752
UNKNOWN	250	G	0.992465753425	C	0.00493871665465	55	137	27531	17	27740	98752
UNKNOWN	251	C	0.98763518385	T	0.00731795241528	31	27397	109	203	27740	98752
UNKNOWN	252	G	0.988788752704	A	0.00695746214852	193	64	27429	54	27740	98752
UNKNOWN	253	T	0.990591204037	C	0.00602018745494	19	167	75	27479	27740	98752
UNKNOWN	254	G	0.945638067772	A	0.033741888969	936	236	26232	336	27740	98752
UNKNOWN	255	A	0.983850036049	G	0.0092645998558	27292	65	257	126	27740	98752
UNKNOWN	256	C	0.988248017304	G	0.00447007930786	102	27414	124	100	27740	98752
UNKNOWN	257	A	0.964563806777	G	0.026387887527	26757	146	732	105	27740	98752
UNKNOWN	258	A	0.855118961788	C	0.116943042538	23721	3244	576	199	27740	98752
UNKNOWN	259	C	0.955046863735	G	0.0246214852199	137	26493	683	427	27740	98752
UNKNOWN	260	T	0.968276856525	C	0.0179884643115	69	499	312	26860	27740	98752
UNKNOWN	261	G	0.991528478731	A	0.00648882480173	180	16	27505	39	27740	98752
UNKNOWN	262	A	0.989762076424	G	0.00674116798846	27456	80	187	17	27740	98752
UNKNOWN	263	G	0.937346791637	C	0.0297043979813	737	824	26002	177	27740	98752
UNKNOWN	264	G	0.991600576784	A	0.00598413842826	166	21	27507	46	27740	98752
UNKNOWN	265	A	0.991456380678	C	0.00511896178803	27503	142	66	29	27740	98752
UNKNOWN	266	C	0.982876712329	T	0.00922855082913	148	27265	71	256	27740	98752
UNKNOWN	267	A	0.977108868061	T	0.0117159336698	27105	63	247	325	27740	98752
UNKNOWN	268	C	0.992429704398	G	0.00346070656092	74	27530	96	40	27740	98752
UNKNOWN	269	G	0.990050468637	A	0.00519105984138	144	74	27464	58	27740	98752
UNKNOWN	270	G	0.992501802451	T	0.00259552992069	69	67	27532	72	27740	98752
UNKNOWN	271	C	0.992177361211	A	0.00421773612112	117	27523	68	32	27740	98752
UNKNOWN	272	C	0.990230713771	A	0.0048666186013	135	27469	55	81	27740	98752
UNKNOWN	273	A	0.991780821918	G	0.00389329488104	27512	65	108	55	27740	98752
UNKNOWN	274	C	0.985255948089	A	0.00674116798846	187	27331	53	169	27740	98752
UNKNOWN	275	A	0.967880317231	G	0.0164744051911	26849	214	457	220	27740	98752
UNKNOWN	276	T	0.993222782985	A	0.0028839221341	80	29	79	27552	27740	98752
UNKNOWN	277	A	0.991420331651	C	0.00493871665465	27502	137	55	46	27740	98752
UNKNOWN	278	C	0.954361932228	T	0.0427901946647	52	26474	27	1187	27740	98752
UNKNOWN	279	T	0.983417447729	C	0.00720980533526	101	200	159	27280	27740	98752
UNKNOWN	280	A	0.981254506128	T	0.00814708002884	27220	175	119	226	27740	98752
UNKNOWN	281	C	0.971268925739	T	0.026387887527	23	26943	42	732	27740	98752
UNKNOWN	282	T	0.988860850757	G	0.00832732516222	58	20	231	27431	27740	98752
