Type	Position	Nucl1	Freq1	Nucl2	Freq2	NumAs	NumCs	NumGs	NumTs	NumAligned	NumNaive
UNKNOWN	0	C	1.0	A	0.0	0	10171	0	0	10171	90050
UNKNOWN	1	A	1.0	C	0.0	10171	0	0	0	10171	90050
UNKNOWN	2	G	1.0	A	0.0	0	0	10171	0	10171	90050
UNKNOWN	3	G	1.0	A	0.0	0	0	10171	0	10171	90050
UNKNOWN	4	T	1.0	A	0.0	0	0	0	10171	10171	90050
UNKNOWN	5	G	1.0	A	0.0	0	0	10171	0	10171	90050
UNKNOWN	6	C	1.0	A	0.0	0	10171	0	0	10171	90050
UNKNOWN	7	A	0.999311768754	G	0.000491593746928	10164	0	5	2	10171	90050
UNKNOWN	8	G	0.986628650084	A	0.0122898436732	125	9	10035	2	10171	90050
UNKNOWN	9	C	0.998131943762	T	0.0013764624914	2	10152	3	14	10171	90050
UNKNOWN	10	T	0.998918493757	C	0.00088486874447	2	9	0	10160	10171	90050
UNKNOWN	11	G	0.997836987514	A	0.00196637498771	20	2	10149	0	10171	90050
UNKNOWN	12	C	0.999115131256	T	0.000688231245699	2	10162	0	7	10171	90050
UNKNOWN	13	G	0.999213450005	A	0.000688231245699	7	0	10163	1	10171	90050
UNKNOWN	14	G	0.968439681447	C	0.0297905810638	17	303	9850	1	10171	90050
UNKNOWN	15	G	0.999705043752	A	0.000294956248157	3	0	10168	0	10171	90050
UNKNOWN	16	A	0.999016812506	G	0.000786549995084	10161	2	8	0	10171	90050
UNKNOWN	17	G	0.998918493757	A	0.000786549995084	8	3	10160	0	10171	90050
UNKNOWN	18	T	0.998918493757	C	0.000786549995084	1	8	2	10160	10171	90050
UNKNOWN	19	C	0.999901681251	G	9.83187493855e-05	0	10170	1	0	10171	90050
UNKNOWN	20	G	0.996460525022	A	0.00353947497788	36	0	10135	0	10171	90050
UNKNOWN	21	G	0.999508406253	A	0.000393274997542	4	1	10166	0	10171	90050
UNKNOWN	22	G	0.999606725002	A	0.000393274997542	4	0	10167	0	10171	90050
UNKNOWN	23	C	0.999705043752	A	0.000196637498771	2	10168	0	1	10171	90050
UNKNOWN	24	C	0.998721856258	T	0.000688231245699	5	10158	1	7	10171	90050
UNKNOWN	25	C	0.999016812506	A	0.000491593746928	5	10161	1	4	10171	90050
UNKNOWN	26	C	0.999311768754	A	0.000491593746928	5	10164	0	2	10171	90050
UNKNOWN	27	A	0.999213450005	G	0.000786549995084	10163	0	8	0	10171	90050
UNKNOWN	28	G	0.99685380002	A	0.0020646937371	21	11	10139	0	10171	90050
UNKNOWN	29	C	0.998131943762	T	0.00088486874447	4	10152	6	9	10171	90050
UNKNOWN	30	C	0.999213450005	T	0.000786549995084	0	10163	0	8	10171	90050
UNKNOWN	31	T	0.998721856258	C	0.00088486874447	1	9	3	10158	10171	90050
UNKNOWN	32	G	0.996263887523	A	0.00353947497788	36	0	10133	2	10171	90050
UNKNOWN	33	G	0.998623537509	A	0.000688231245699	7	3	10157	4	10171	90050
UNKNOWN	34	T	0.99842690001	C	0.00108150624324	1	11	4	10155	10171	90050
UNKNOWN	35	G	0.996952118769	A	0.00245796873464	25	3	10140	3	10171	90050
UNKNOWN	36	A	0.99832858126	C	0.000786549995084	10154	8	7	2	10171	90050
UNKNOWN	37	A	0.998131943762	G	0.00176973748894	10152	1	18	0	10171	90050
UNKNOWN	38	G	0.99832858126	A	0.00127814374201	13	4	10154	0	10171	90050
UNKNOWN	39	C	0.99675548127	T	0.00216301248648	3	10138	8	22	10171	90050
UNKNOWN	40	C	0.999213450005	A	0.000393274997542	4	10163	1	3	10171	90050
UNKNOWN	41	C	0.998820175007	T	0.000589912496313	0	10159	6	6	10171	90050
UNKNOWN	42	T	0.997345393767	C	0.00226133123587	0	23	4	10144	10171	90050
UNKNOWN	43	C	0.999115131256	A	0.000688231245699	7	10162	1	1	10171	90050
UNKNOWN	44	A	0.997640350015	G	0.00147478124078	10147	7	15	2	10171	90050
UNKNOWN	45	C	0.998131943762	G	0.00088486874447	7	10152	9	3	10171	90050
UNKNOWN	46	A	0.998525218759	G	0.0013764624914	10156	1	14	0	10171	90050
UNKNOWN	47	G	0.998918493757	A	0.00088486874447	9	2	10160	0	10171	90050
UNKNOWN	48	A	0.99842690001	G	0.000983187493855	10155	5	10	1	10171	90050
UNKNOWN	49	C	0.998918493757	T	0.000786549995084	0	10160	3	8	10171	90050
UNKNOWN	50	C	0.99832858126	A	0.00088486874447	9	10154	1	7	10171	90050
UNKNOWN	51	C	0.999410087504	T	0.000491593746928	1	10165	0	5	10171	90050
UNKNOWN	52	T	0.998033625012	C	0.00176973748894	0	18	2	10151	10171	90050
UNKNOWN	53	C	0.999213450005	T	0.000589912496313	0	10163	2	6	10171	90050
UNKNOWN	54	T	0.998033625012	C	0.00108150624324	1	11	8	10151	10171	90050
UNKNOWN	55	C	0.998820175007	A	0.000786549995084	8	10159	4	0	10171	90050
UNKNOWN	56	C	0.998033625012	T	0.00176973748894	0	10151	2	18	10171	90050
UNKNOWN	57	C	0.999115131256	T	0.000589912496313	0	10162	3	6	10171	90050
UNKNOWN	58	T	0.99832858126	C	0.00157309999017	0	16	1	10154	10171	90050
UNKNOWN	59	C	0.998820175007	A	0.000786549995084	8	10159	2	2	10171	90050
UNKNOWN	60	A	0.998033625012	C	0.000786549995084	10151	8	8	4	10171	90050
UNKNOWN	61	C	0.998525218759	G	0.00108150624324	1	10156	11	3	10171	90050
UNKNOWN	62	C	0.997738668764	T	0.00157309999017	0	10148	7	16	10171	90050
UNKNOWN	63	T	0.99842690001	C	0.00117982499263	0	12	4	10155	10171	90050
UNKNOWN	64	G	0.999508406253	C	0.000393274997542	1	4	10166	0	10171	90050
UNKNOWN	65	C	0.998033625012	T	0.00127814374201	7	10151	0	13	10171	90050
UNKNOWN	66	A	0.995968931275	G	0.00324451872972	10130	5	33	3	10171	90050
UNKNOWN	67	C	0.99518238128	T	0.00373611247665	2	10122	9	38	10171	90050
UNKNOWN	68	G	0.992429456297	A	0.00639071871006	65	6	10094	6	10171	90050
UNKNOWN	69	G	0.78881132632	A	0.205191229968	2087	9	8023	52	10171	90050
UNKNOWN	70	T	0.857831088389	C	0.141677317865	1	1441	4	8725	10171	90050
UNKNOWN	71	C	0.982499262609	G	0.0114049749287	4	9993	116	58	10171	90050
UNKNOWN	72	T	0.997935306263	C	0.00176973748894	1	18	2	10150	10171	90050
UNKNOWN	73	C	0.99842690001	T	0.00117982499263	2	10155	2	12	10171	90050
UNKNOWN	74	T	0.994789106283	C	0.00373611247665	2	38	13	10118	10171	90050
UNKNOWN	75	G	0.999016812506	A	0.00088486874447	9	1	10161	0	10171	90050
UNKNOWN	76	G	0.996362206273	A	0.00275292498279	28	7	10134	2	10171	90050
UNKNOWN	77	A	0.996657162521	C	0.00196637498771	10137	20	7	7	10171	90050
UNKNOWN	78	T	0.889096450693	C	0.103333005604	14	1051	63	9043	10171	90050
UNKNOWN	79	T	0.951135581555	G	0.0345098810343	57	89	351	9674	10171	90050
UNKNOWN	80	C	0.994494150034	T	0.00285124373218	7	10115	20	29	10171	90050
UNKNOWN	81	T	0.993707600039	C	0.00511257496805	7	52	5	10107	10171	90050
UNKNOWN	82	C	0.996460525022	T	0.0020646937371	14	10135	1	21	10171	90050
UNKNOWN	83	A	0.997247075017	G	0.00157309999017	10143	7	16	5	10171	90050
UNKNOWN	84	C	0.836299282273	T	0.154360436535	10	8506	85	1570	10171	90050
UNKNOWN	85	T	0.997148756268	C	0.00157309999017	2	16	11	10142	10171	90050
UNKNOWN	86	G	0.992724412545	A	0.00442434372235	45	15	10097	14	10171	90050
UNKNOWN	87	A	0.995575656278	G	0.00314619998034	10126	8	32	5	10171	90050
UNKNOWN	88	G	0.964113656474	C	0.018877199882	139	192	9806	34	10171	90050
UNKNOWN	89	C	0.973355618917	T	0.0175007373906	46	9900	47	178	10171	90050
UNKNOWN	90	A	0.990856356307	G	0.00560416871497	10078	33	57	3	10171	90050
UNKNOWN	91	G	0.93923901288	A	0.0345098810343	351	217	9553	50	10171	90050
UNKNOWN	92	C	0.97601022515	T	0.0145511749091	87	9927	9	148	10171	90050
UNKNOWN	93	T	0.951725494052	A	0.0273326123292	278	116	97	9680	10171	90050
UNKNOWN	94	A	0.98082784387	C	0.00835709369777	9976	85	67	43	10171	90050
UNKNOWN	95	T	0.993117687543	C	0.00403106872481	17	41	12	10101	10171	90050
UNKNOWN	96	G	0.936682725396	A	0.0452266247173	460	83	9527	101	10171	90050
UNKNOWN	97	C	0.802379313735	G	0.143447055353	178	8161	1459	373	10171	90050
UNKNOWN	98	T	0.997247075017	G	0.00127814374201	3	12	13	10143	10171	90050
UNKNOWN	99	G	0.978959787632	A	0.0178940123882	182	7	9957	25	10171	90050
UNKNOWN	100	T	0.997836987514	C	0.00127814374201	6	13	3	10149	10171	90050
UNKNOWN	101	A	0.982597581359	G	0.011994887425	9994	31	122	24	10171	90050
UNKNOWN	102	G	0.9679480877	A	0.029593943565	301	21	9845	4	10171	90050
UNKNOWN	103	G	0.917412250516	A	0.0589912496313	600	168	9331	72	10171	90050
UNKNOWN	104	C	0.993216006292	T	0.00491593746928	6	10102	13	50	10171	90050
UNKNOWN	105	T	0.99842690001	C	0.000786549995084	0	8	8	10155	10171	90050
UNKNOWN	106	G	0.999606725002	A	0.000196637498771	2	1	10167	1	10171	90050
UNKNOWN	107	G	0.999016812506	T	0.000491593746928	2	3	10161	5	10171	90050
UNKNOWN	108	G	0.994297512536	A	0.00324451872972	33	17	10113	8	10171	90050
UNKNOWN	109	T	0.997542031265	C	0.00245796873464	0	25	0	10146	10171	90050
UNKNOWN	110	C	0.995772293776	T	0.00226133123587	17	10128	3	23	10171	90050
UNKNOWN	111	C	0.999311768754	G	0.000589912496313	0	10164	6	1	10171	90050
UNKNOWN	112	G	0.999115131256	C	0.000786549995084	1	8	10162	0	10171	90050
UNKNOWN	113	C	0.99842690001	A	0.000688231245699	7	10155	2	7	10171	90050
UNKNOWN	114	C	0.998918493757	A	0.00088486874447	9	10160	1	1	10171	90050
UNKNOWN	115	A	0.998033625012	G	0.00167141873955	10151	3	17	0	10171	90050
UNKNOWN	116	G	0.999311768754	A	0.000491593746928	5	1	10164	1	10171	90050
UNKNOWN	117	G	0.995870612526	A	0.00334283747911	34	7	10129	1	10171	90050
UNKNOWN	118	C	0.994690787533	T	0.00432602497296	8	10117	2	44	10171	90050
UNKNOWN	119	T	0.997738668764	C	0.00216301248648	0	22	1	10148	10171	90050
UNKNOWN	120	C	0.999016812506	A	0.000491593746928	5	10161	1	4	10171	90050
UNKNOWN	121	C	0.999115131256	A	0.000491593746928	5	10162	3	1	10171	90050
UNKNOWN	122	A	0.753908170288	G	0.245403598466	7668	6	2496	1	10171	90050
UNKNOWN	123	G	0.998131943762	A	0.000983187493855	10	8	10152	1	10171	90050
UNKNOWN	124	G	0.999016812506	A	0.00088486874447	9	1	10161	0	10171	90050
UNKNOWN	125	G	0.993805918789	A	0.00560416871497	57	2	10108	4	10171	90050
UNKNOWN	126	A	0.993314325042	G	0.00560416871497	10103	6	57	5	10171	90050
UNKNOWN	127	A	0.996362206273	G	0.00275292498279	10134	6	28	3	10171	90050
UNKNOWN	128	G	0.999115131256	A	0.000491593746928	5	2	10162	2	10171	90050
UNKNOWN	129	G	0.993314325042	A	0.00422770622358	43	17	10103	8	10171	90050
UNKNOWN	130	C	0.998033625012	G	0.00117982499263	3	10151	12	5	10171	90050
UNKNOWN	131	G	0.938649100383	A	0.0595811621276	606	17	9547	1	10171	90050
UNKNOWN	132	C	0.990561400059	T	0.00776718120146	8	10075	9	79	10171	90050
UNKNOWN	133	T	0.9920361813	C	0.00658735620883	3	67	11	10090	10171	90050
UNKNOWN	134	G	0.993412643791	A	0.00511257496805	52	6	10104	9	10171	90050
UNKNOWN	135	G	0.996952118769	A	0.00245796873464	25	6	10140	0	10171	90050
UNKNOWN	136	A	0.995280700029	G	0.00324451872972	10123	9	33	6	10171	90050
UNKNOWN	137	G	0.957821256514	A	0.0387375872579	394	20	9742	15	10171	90050
UNKNOWN	138	T	0.997836987514	C	0.00108150624324	1	11	10	10149	10171	90050
UNKNOWN	139	G	0.996165568774	T	0.00314619998034	4	3	10132	32	10171	90050
UNKNOWN	140	G	0.992822731295	T	0.00550584996559	11	6	10098	56	10171	90050
UNKNOWN	141	G	0.946711237833	A	0.0396224560024	403	118	9629	21	10171	90050
UNKNOWN	142	T	0.997836987514	C	0.00176973748894	2	18	2	10149	10171	90050
UNKNOWN	143	T	0.991446268803	C	0.00432602497296	5	44	38	10084	10171	90050
UNKNOWN	144	G	0.984858912595	A	0.0117982499263	120	2	10017	32	10171	90050
UNKNOWN	145	G	0.994395831285	C	0.00432602497296	1	44	10114	12	10171	90050
UNKNOWN	146	T	0.975223675155	A	0.0130763936683	133	93	26	9919	10171	90050
UNKNOWN	147	G	0.757251007767	A	0.201848392488	2053	151	7702	265	10171	90050
UNKNOWN	148	G	0.798544882509	A	0.149051224068	1516	342	8122	191	10171	90050
UNKNOWN	149	T	0.980139612624	G	0.00865204994592	59	55	88	9969	10171	90050
UNKNOWN	150	A	0.964703568971	G	0.0312653623046	9812	8	318	33	10171	90050
UNKNOWN	151	T	0.995968931275	C	0.00176973748894	12	18	11	10130	10171	90050
UNKNOWN	152	A	0.955068331531	G	0.032641824796	9714	63	332	62	10171	90050
UNKNOWN	153	G	0.953888506538	A	0.0301838560614	307	120	9702	42	10171	90050
UNKNOWN	154	A	0.970602693934	G	0.021433487366	9872	49	218	32	10171	90050
UNKNOWN	155	T	0.913971094288	G	0.0424736997345	232	211	432	9296	10171	90050
UNKNOWN	156	A	0.832169894799	G	0.102743093108	8464	165	1045	497	10171	90050
UNKNOWN	157	A	0.886835119457	G	0.0619408121129	9020	214	630	307	10171	90050
UNKNOWN	158	T	0.961852325238	G	0.0158293186511	150	77	161	9783	10171	90050
UNKNOWN	159	G	0.900304788123	A	0.0720676432996	733	64	9157	217	10171	90050
UNKNOWN	160	A	0.970602693934	G	0.0182872873857	9872	45	186	68	10171	90050
UNKNOWN	161	T	0.984465637597	C	0.00707894995576	30	72	56	10013	10171	90050
UNKNOWN	162	G	0.997148756268	A	0.00265460623341	27	0	10142	2	10171	90050
UNKNOWN	163	G	0.984269000098	A	0.0144528561597	147	9	10011	4	10171	90050
UNKNOWN	164	A	0.985743781339	G	0.0116016124275	10026	14	118	13	10171	90050
UNKNOWN	165	G	0.898436731885	A	0.0659718808377	671	142	9138	220	10171	90050
UNKNOWN	166	A	0.969422868941	G	0.0145511749091	9860	68	148	95	10171	90050
UNKNOWN	167	C	0.961459050241	T	0.0162225936486	116	9779	111	165	10171	90050
UNKNOWN	168	A	0.983679087602	G	0.0108150624324	10005	31	110	25	10171	90050
UNKNOWN	169	C	0.967161537705	T	0.0161242748992	111	9837	59	164	10171	90050
UNKNOWN	170	A	0.989578212565	G	0.00511257496805	10065	29	52	25	10171	90050
UNKNOWN	171	T	0.946907875332	G	0.0205486186216	131	200	209	9631	10171	90050
UNKNOWN	172	A	0.780355913873	G	0.19201651755	7937	122	1953	159	10171	90050
UNKNOWN	173	C	0.975715268902	T	0.0171074623931	9	9924	64	174	10171	90050
UNKNOWN	174	T	0.994985743781	C	0.00235964998525	19	24	8	10120	10171	90050
UNKNOWN	175	A	0.993510962541	T	0.00304788123095	10105	25	10	31	10171	90050
UNKNOWN	176	T	0.990168125061	C	0.00786549995084	15	80	5	10071	10171	90050
UNKNOWN	177	A	0.993412643791	C	0.00373611247665	10104	38	22	7	10171	90050
UNKNOWN	178	A	0.993805918789	C	0.00353947497788	10108	36	24	3	10171	90050
UNKNOWN	179	C	0.928325631698	T	0.0643987808475	19	9442	55	655	10171	90050
UNKNOWN	180	C	0.963425425229	T	0.0189755186314	59	9799	120	193	10171	90050
UNKNOWN	181	C	0.986333693835	T	0.00580080621374	56	10032	24	59	10171	90050
UNKNOWN	182	A	0.99193786255	G	0.00599744371252	10089	12	61	9	10171	90050
UNKNOWN	183	G	0.980532887622	A	0.0149444499066	152	29	9973	17	10171	90050
UNKNOWN	184	C	0.978468193885	T	0.0131747124177	29	9952	56	134	10171	90050
UNKNOWN	185	C	0.99832858126	T	0.00147478124078	1	10154	1	15	10171	90050
UNKNOWN	186	C	0.996067250025	T	0.00285124373218	2	10131	9	29	10171	90050
UNKNOWN	187	T	0.997443712516	C	0.000983187493855	6	10	10	10145	10171	90050
UNKNOWN	188	G	0.984957231344	A	0.0117982499263	120	6	10018	27	10171	90050
UNKNOWN	189	A	0.993904237538	G	0.00511257496805	10109	10	52	0	10171	90050
UNKNOWN	190	A	0.996067250025	C	0.00176973748894	10131	18	14	8	10171	90050
UNKNOWN	191	A	0.992626093796	C	0.00324451872972	10096	33	28	14	10171	90050
UNKNOWN	192	T	0.993412643791	C	0.00462098122112	10	47	10	10104	10171	90050
UNKNOWN	193	C	0.998230262511	A	0.00088486874447	9	10153	0	9	10171	90050
UNKNOWN	194	C	0.994985743781	T	0.00294956248157	8	10120	13	30	10171	90050
UNKNOWN	195	C	0.997443712516	G	0.00176973748894	5	10145	18	3	10171	90050
UNKNOWN	196	G	0.998230262511	A	0.00088486874447	9	6	10153	3	10171	90050
UNKNOWN	197	G	0.947596106578	A	0.0425720184839	433	68	9638	32	10171	90050
UNKNOWN	198	C	0.991544587553	G	0.00432602497296	12	10085	44	30	10171	90050
UNKNOWN	199	T	0.996165568774	C	0.00294956248157	7	30	2	10132	10171	90050
UNKNOWN	200	C	0.995575656278	A	0.00216301248648	22	10126	8	15	10171	90050
UNKNOWN	201	A	0.990266443811	G	0.00835709369777	10072	12	85	2	10171	90050
UNKNOWN	202	G	0.988201750074	C	0.00865204994592	20	88	10051	12	10171	90050
UNKNOWN	203	C	0.976305181398	T	0.0172057811425	32	9930	34	175	10171	90050
UNKNOWN	204	A	0.99193786255	G	0.00589912496313	10089	10	60	12	10171	90050
UNKNOWN	205	T	0.99675548127	C	0.00235964998525	8	24	1	10138	10171	90050
UNKNOWN	206	C	0.991151312555	T	0.00589912496313	29	10081	1	60	10171	90050
UNKNOWN	207	A	0.994297512536	G	0.00344115622849	10113	20	35	3	10171	90050
UNKNOWN	208	C	0.993904237538	G	0.00245796873464	15	10109	25	22	10171	90050
UNKNOWN	209	C	0.982695900108	T	0.00983187493855	24	9995	52	100	10171	90050
UNKNOWN	210	A	0.996460525022	G	0.0020646937371	10135	10	21	5	10171	90050
UNKNOWN	211	G	0.514305378036	A	0.48166355324	4899	17	5231	24	10171	90050
UNKNOWN	212	G	0.992429456297	A	0.00589912496313	60	10	10094	7	10171	90050
UNKNOWN	213	G	0.993019368794	A	0.00521089371743	53	12	10100	6	10171	90050
UNKNOWN	214	A	0.995575656278	C	0.00216301248648	10126	22	15	8	10171	90050
UNKNOWN	215	C	0.990659718808	T	0.00511257496805	27	10076	16	52	10171	90050
UNKNOWN	216	A	0.993412643791	G	0.00334283747911	10104	21	34	12	10171	90050
UNKNOWN	217	C	0.495723134402	A	0.49287189067	5013	5042	51	65	10171	90050
UNKNOWN	218	C	0.983777406351	T	0.0100285124373	8	10006	55	102	10171	90050
UNKNOWN	219	T	0.995280700029	C	0.00255628748402	11	26	11	10123	10171	90050
UNKNOWN	220	C	0.997836987514	A	0.00127814374201	13	10149	1	8	10171	90050
UNKNOWN	221	C	0.992331137548	T	0.00373611247665	24	10093	16	38	10171	90050
UNKNOWN	222	A	0.994199193786	C	0.00294956248157	10112	30	29	0	10171	90050
UNKNOWN	223	A	0.98712024383	G	0.00757054370268	10040	42	77	12	10171	90050
UNKNOWN	224	G	0.994985743781	A	0.00373611247665	38	9	10120	4	10171	90050
UNKNOWN	225	A	0.992331137548	G	0.00550584996559	10093	12	56	10	10171	90050
UNKNOWN	226	G	0.958804444007	A	0.0353947497788	360	53	9752	6	10171	90050
UNKNOWN	227	C	0.980926162619	T	0.015042768656	18	9977	23	153	10171	90050
UNKNOWN	228	C	0.994887425032	A	0.00265460623341	27	10119	20	5	10171	90050
UNKNOWN	229	A	0.99685380002	G	0.00235964998525	10139	4	24	4	10171	90050
UNKNOWN	230	A	0.981614393865	G	0.0156326811523	9984	18	159	10	10171	90050
UNKNOWN	231	G	0.972372431423	A	0.016320912398	166	71	9890	44	10171	90050
UNKNOWN	232	T	0.996558843772	C	0.00324451872972	2	33	0	10136	10171	90050
UNKNOWN	233	C	0.984170681349	G	0.00914364369285	5	10010	93	63	10171	90050
UNKNOWN	234	T	0.995575656278	C	0.00334283747911	4	34	7	10126	10171	90050
UNKNOWN	235	C	0.996067250025	T	0.00324451872972	6	10131	1	33	10171	90050
UNKNOWN	236	T	0.992527775047	C	0.00432602497296	7	44	25	10095	10171	90050
UNKNOWN	237	C	0.996165568774	T	0.00275292498279	3	10132	8	28	10171	90050
UNKNOWN	238	T	0.997542031265	G	0.00167141873955	0	8	17	10146	10171	90050
UNKNOWN	239	G	0.972077475175	A	0.0194671123783	198	58	9887	28	10171	90050
UNKNOWN	240	T	0.994592468784	C	0.00324451872972	19	33	3	10116	10171	90050
UNKNOWN	241	C	0.991151312555	T	0.00589912496313	22	10081	8	60	10171	90050
UNKNOWN	242	A	0.987021925081	G	0.00717726870514	10039	39	73	20	10171	90050
UNKNOWN	243	G	0.950054075312	C	0.0293973060663	167	299	9663	42	10171	90050
UNKNOWN	244	T	0.995477337528	C	0.00245796873464	8	25	13	10125	10171	90050
UNKNOWN	245	G	0.982990856356	A	0.0118965686756	121	31	9998	21	10171	90050
UNKNOWN	246	A	0.988398387573	G	0.00865204994592	10053	26	88	4	10171	90050
UNKNOWN	247	G	0.960672500246	A	0.0246780060958	251	117	9771	32	10171	90050
UNKNOWN	248	C	0.974043850162	T	0.0195654311277	36	9907	29	199	10171	90050
UNKNOWN	249	A	0.987316881329	G	0.0112083374299	10042	14	114	1	10171	90050
UNKNOWN	250	G	0.988988300069	A	0.0067839937076	69	42	10059	1	10171	90050
UNKNOWN	251	C	0.989381575066	T	0.00757054370268	5	10063	26	77	10171	90050
UNKNOWN	252	G	0.99046308131	A	0.00580080621374	59	19	10074	19	10171	90050
UNKNOWN	253	T	0.993805918789	C	0.00373611247665	8	38	17	10108	10171	90050
UNKNOWN	254	G	0.96647330646	A	0.0242847310982	247	51	9830	43	10171	90050
UNKNOWN	255	A	0.990954675057	G	0.00698063120637	10079	13	71	8	10171	90050
UNKNOWN	256	C	0.993216006292	T	0.00344115622849	22	10102	12	35	10171	90050
UNKNOWN	257	A	0.970209418936	G	0.0231049061056	9868	38	235	30	10171	90050
UNKNOWN	258	A	0.757054370268	C	0.223380198604	7700	2272	162	37	10171	90050
UNKNOWN	259	C	0.969029593944	G	0.0153377249041	32	9856	156	127	10171	90050
UNKNOWN	260	T	0.98712024383	G	0.0074722249533	17	38	76	10040	10171	90050
UNKNOWN	261	G	0.991347950054	A	0.0067839937076	69	3	10083	16	10171	90050
UNKNOWN	262	A	0.992527775047	G	0.0054075312162	10095	16	55	5	10171	90050
UNKNOWN	263	G	0.966866581457	A	0.0189755186314	193	87	9834	57	10171	90050
UNKNOWN	264	G	0.993510962541	A	0.00393274997542	40	8	10105	18	10171	90050
UNKNOWN	265	A	0.995575656278	C	0.00226133123587	10126	23	18	4	10171	90050
UNKNOWN	266	C	0.98721856258	T	0.00796381870023	41	10041	8	81	10171	90050
UNKNOWN	267	A	0.972962343919	G	0.0127814374201	9896	18	130	127	10171	90050
UNKNOWN	268	C	0.994395831285	G	0.00245796873464	17	10114	25	15	10171	90050
UNKNOWN	269	G	0.993019368794	A	0.00304788123095	31	13	10100	27	10171	90050
UNKNOWN	270	G	0.994690787533	C	0.0020646937371	12	21	10117	21	10171	90050
UNKNOWN	271	C	0.992724412545	A	0.00373611247665	38	10097	27	9	10171	90050
UNKNOWN	272	C	0.992429456297	A	0.00324451872972	33	10094	11	33	10171	90050
UNKNOWN	273	A	0.990266443811	G	0.00688231245699	10072	17	70	12	10171	90050
UNKNOWN	274	C	0.987316881329	T	0.00737390620391	34	10042	20	75	10171	90050
UNKNOWN	275	A	0.977485006391	G	0.013764624914	9942	27	140	62	10171	90050
UNKNOWN	276	T	0.995870612526	A	0.00176973748894	18	11	13	10129	10171	90050
UNKNOWN	277	A	0.994100875037	C	0.00275292498279	10111	28	19	13	10171	90050
UNKNOWN	278	C	0.965195162718	T	0.0328384622948	14	9817	6	334	10171	90050
UNKNOWN	279	T	0.99036476256	C	0.00521089371743	20	53	25	10073	10171	90050
UNKNOWN	280	A	0.985940418838	T	0.00757054370268	10028	38	28	77	10171	90050
UNKNOWN	281	C	0.982007668862	T	0.0161242748992	7	9988	12	164	10171	90050
UNKNOWN	282	T	0.995575656278	G	0.00304788123095	8	6	31	10126	10171	90050
