Type	Position	Nucl1	Freq1	Nucl2	Freq2	NumAs	NumCs	NumGs	NumTs	NumAligned	NumNaive
UNKNOWN	0	C	1.0	A	0.0	0	14439	0	0	14439	96023
UNKNOWN	1	A	1.0	C	0.0	14439	0	0	0	14439	96023
UNKNOWN	2	G	1.0	A	0.0	0	0	14439	0	14439	96023
UNKNOWN	3	G	1.0	A	0.0	0	0	14439	0	14439	96023
UNKNOWN	4	T	1.0	A	0.0	0	0	0	14439	14439	96023
UNKNOWN	5	G	1.0	A	0.0	0	0	14439	0	14439	96023
UNKNOWN	6	C	1.0	A	0.0	0	14439	0	0	14439	96023
UNKNOWN	7	A	0.998684119399	G	0.000969596232426	14420	0	14	5	14439	96023
UNKNOWN	8	G	0.992451000762	A	0.00706420112196	102	7	14330	0	14439	96023
UNKNOWN	9	C	0.997645266293	T	0.0020084493386	2	14405	3	29	14439	96023
UNKNOWN	10	T	0.99889189002	C	0.000831082484937	3	12	1	14423	14439	96023
UNKNOWN	11	G	0.998060807535	A	0.00145439434864	21	1	14411	6	14439	96023
UNKNOWN	12	C	0.999653715631	T	0.000277027494979	1	14434	0	4	14439	96023
UNKNOWN	13	G	0.997368238798	A	0.00256250432855	37	0	14401	1	14439	96023
UNKNOWN	14	G	0.978807396634	C	0.0194611815223	25	281	14133	0	14439	96023
UNKNOWN	15	G	0.999238174389	A	0.000415541242468	6	3	14428	2	14439	96023
UNKNOWN	16	A	0.998545605651	G	0.00103885310617	14418	1	15	5	14439	96023
UNKNOWN	17	G	0.998199321283	A	0.00145439434864	21	4	14413	1	14439	96023
UNKNOWN	18	T	0.998961146894	C	0.000623311863702	4	9	2	14424	14439	96023
UNKNOWN	19	C	0.999376688136	T	0.000554054989958	1	14430	0	8	14439	96023
UNKNOWN	20	G	0.998753376273	A	0.000692568737447	10	2	14421	6	14439	96023
UNKNOWN	21	G	0.999238174389	A	0.000277027494979	4	4	14428	3	14439	96023
UNKNOWN	22	G	0.999653715631	A	0.000207770621234	3	1	14434	1	14439	96023
UNKNOWN	23	C	0.99944594501	T	0.000484798116213	1	14431	0	7	14439	96023
UNKNOWN	24	C	0.999722972505	T	0.000207770621234	1	14435	0	3	14439	96023
UNKNOWN	25	C	0.99944594501	T	0.000484798116213	1	14431	0	7	14439	96023
UNKNOWN	26	C	0.999168917515	A	0.000554054989958	8	14427	0	4	14439	96023
UNKNOWN	27	A	0.997991550661	G	0.00186993559111	14410	1	27	1	14439	96023
UNKNOWN	28	G	0.99556756008	A	0.00353210056098	51	12	14375	1	14439	96023
UNKNOWN	29	C	0.997506752545	T	0.00228547683358	1	14403	2	33	14439	96023
UNKNOWN	30	C	0.999238174389	T	0.000623311863702	1	14428	1	9	14439	96023
UNKNOWN	31	T	0.998199321283	C	0.00110810997992	2	16	8	14413	14439	96023
UNKNOWN	32	G	0.991758432024	A	0.00671791675324	97	16	14320	6	14439	96023
UNKNOWN	33	G	0.997437495671	A	0.00180067871736	26	6	14402	5	14439	96023
UNKNOWN	34	T	0.998199321283	C	0.0012466237274	3	18	5	14413	14439	96023
UNKNOWN	35	G	0.998268578156	A	0.00152365122238	22	2	14414	1	14439	96023
UNKNOWN	36	A	0.998614862525	G	0.000831082484937	14419	3	12	5	14439	96023
UNKNOWN	37	A	0.997368238798	G	0.00221621995983	14401	4	32	2	14439	96023
UNKNOWN	38	G	0.998199321283	A	0.00110810997992	16	7	14413	3	14439	96023
UNKNOWN	39	C	0.99778378004	T	0.00131588060115	0	14407	13	19	14439	96023
UNKNOWN	40	C	0.999099660641	G	0.000484798116213	1	14426	7	5	14439	96023
UNKNOWN	41	G	0.941339427938	C	0.0542973890159	50	784	13592	13	14439	96023
UNKNOWN	42	T	0.996952697555	C	0.0026317612023	3	38	3	14395	14439	96023
UNKNOWN	43	C	0.997991550661	T	0.00131588060115	10	14410	0	19	14439	96023
UNKNOWN	44	A	0.997714523166	G	0.0012466237274	14406	14	18	1	14439	96023
UNKNOWN	45	C	0.998822633146	A	0.000554054989958	8	14422	7	2	14439	96023
UNKNOWN	46	A	0.997991550661	G	0.00166216496987	14410	4	24	1	14439	96023
UNKNOWN	47	G	0.996052358197	A	0.00367061430847	53	2	14382	2	14439	96023
UNKNOWN	48	A	0.997021954429	G	0.00207770621234	14396	10	30	3	14439	96023
UNKNOWN	49	C	0.998060807535	G	0.00131588060115	3	14411	19	6	14439	96023
UNKNOWN	50	C	0.997437495671	T	0.0020084493386	1	14402	7	29	14439	96023
UNKNOWN	51	C	0.998684119399	T	0.000900339358681	0	14420	6	13	14439	96023
UNKNOWN	52	T	0.996744926934	C	0.00290878869728	3	42	2	14392	14439	96023
UNKNOWN	53	C	0.998961146894	T	0.000554054989958	3	14424	4	8	14439	96023
UNKNOWN	54	T	0.997576009419	C	0.00166216496987	2	24	9	14404	14439	96023
UNKNOWN	55	C	0.998822633146	G	0.000484798116213	5	14422	7	5	14439	96023
UNKNOWN	56	G	0.915783641526	C	0.0782602673315	75	1130	13223	11	14439	96023
UNKNOWN	57	C	0.997922293788	G	0.00117736685366	0	14409	17	13	14439	96023
UNKNOWN	58	T	0.997021954429	C	0.00256250432855	4	37	2	14396	14439	96023
UNKNOWN	59	C	0.998545605651	A	0.000831082484937	12	14418	1	8	14439	96023
UNKNOWN	60	A	0.99778378004	G	0.00131588060115	14407	11	19	2	14439	96023
UNKNOWN	61	C	0.998684119399	T	0.000900339358681	2	14420	4	13	14439	96023
UNKNOWN	62	C	0.998684119399	T	0.00103885310617	0	14420	4	15	14439	96023
UNKNOWN	63	T	0.99833783503	C	0.000900339358681	2	13	9	14415	14439	96023
UNKNOWN	64	G	0.998822633146	C	0.000692568737447	6	10	14422	1	14439	96023
UNKNOWN	65	C	0.996467899439	T	0.00290878869728	8	14388	1	42	14439	96023
UNKNOWN	66	A	0.992243230141	G	0.00547129302583	14327	22	79	11	14439	96023
UNKNOWN	67	C	0.997506752545	G	0.0012466237274	1	14403	18	17	14439	96023
UNKNOWN	68	G	0.998130064409	A	0.00152365122238	22	3	14412	2	14439	96023
UNKNOWN	69	G	0.990511808297	A	0.00817231110188	118	19	14302	0	14439	96023
UNKNOWN	70	C	0.961423921324	T	0.0383683080546	2	13882	1	554	14439	96023
UNKNOWN	71	C	0.991204377034	T	0.00657940300575	5	14312	27	95	14439	96023
UNKNOWN	72	T	0.997506752545	C	0.00207770621234	0	30	6	14403	14439	96023
UNKNOWN	73	C	0.99889189002	T	0.000831082484937	2	14423	2	12	14439	96023
UNKNOWN	74	T	0.99612161507	C	0.00193919246485	10	28	18	14383	14439	96023
UNKNOWN	75	G	0.996329385692	A	0.003255073066	47	4	14386	2	14439	96023
UNKNOWN	76	G	0.986564166494	A	0.0104577879355	151	36	14245	7	14439	96023
UNKNOWN	77	A	0.993420596994	C	0.00332432993975	14344	48	31	16	14439	96023
UNKNOWN	78	T	0.784680379528	C	0.125147170857	23	1807	1279	11330	14439	96023
UNKNOWN	79	T	0.775192187825	G	0.164000277027	426	452	2368	11193	14439	96023
UNKNOWN	80	C	0.98815707459	T	0.00602534801579	18	14268	66	87	14439	96023
UNKNOWN	81	T	0.997091211303	C	0.00242399058107	5	35	2	14397	14439	96023
UNKNOWN	82	C	0.997991550661	A	0.0012466237274	18	14410	1	10	14439	96023
UNKNOWN	83	A	0.997576009419	T	0.00103885310617	14404	5	15	15	14439	96023
UNKNOWN	84	T	0.995913844449	C	0.00353210056098	6	51	2	14380	14439	96023
UNKNOWN	85	T	0.997437495671	A	0.00186993559111	27	9	1	14402	14439	96023
UNKNOWN	86	A	0.961146893829	G	0.03255073066	13878	72	470	19	14439	96023
UNKNOWN	87	A	0.980123277235	C	0.00969596232426	14152	140	119	28	14439	96023
UNKNOWN	88	G	0.975206039199	A	0.0177297596786	256	96	14081	6	14439	96023
UNKNOWN	89	C	0.985525313387	T	0.0105963016829	10	14230	46	153	14439	96023
UNKNOWN	90	G	0.976521919801	A	0.0220929427246	319	18	14100	2	14439	96023
UNKNOWN	91	A	0.985317542766	G	0.0114966410416	14227	39	166	7	14439	96023
UNKNOWN	92	C	0.982131726574	T	0.0108733291779	34	14181	67	157	14439	96023
UNKNOWN	93	A	0.982547267816	T	0.0116351547891	14187	23	61	168	14439	96023
UNKNOWN	94	A	0.993836138237	G	0.00491723803588	14350	12	71	6	14439	96023
UNKNOWN	95	G	0.960038783849	T	0.0297804557102	109	38	13862	430	14439	96023
UNKNOWN	96	G	0.974374956714	A	0.019530438396	282	56	14069	32	14439	96023
UNKNOWN	97	C	0.983378350301	T	0.0107348154304	36	14199	49	155	14439	96023
UNKNOWN	98	T	0.994874991343	C	0.00256250432855	2	37	35	14365	14439	96023
UNKNOWN	99	G	0.98594085463	A	0.0121199529053	175	5	14236	23	14439	96023
UNKNOWN	100	T	0.997368238798	C	0.00159290809613	11	23	4	14401	14439	96023
UNKNOWN	101	A	0.991896945772	G	0.00678717362698	14322	12	98	7	14439	96023
UNKNOWN	102	G	0.991619918277	A	0.00782602673315	113	4	14318	4	14439	96023
UNKNOWN	103	G	0.990788835792	C	0.00443243991966	52	64	14306	17	14439	96023
UNKNOWN	104	C	0.988572615832	T	0.00838008172311	11	14274	33	121	14439	96023
UNKNOWN	105	T	0.997298981924	C	0.00131588060115	1	19	19	14400	14439	96023
UNKNOWN	106	G	0.998961146894	A	0.000484798116213	7	3	14424	5	14439	96023
UNKNOWN	107	G	0.998961146894	A	0.000623311863702	9	3	14424	3	14439	96023
UNKNOWN	108	G	0.983032065933	A	0.0146132003601	211	18	14194	16	14439	96023
UNKNOWN	109	T	0.996814183808	C	0.00283953182353	2	41	3	14393	14439	96023
UNKNOWN	110	C	0.99778378004	T	0.00173142184362	2	14407	5	25	14439	96023
UNKNOWN	111	C	0.998476348778	G	0.000900339358681	3	14417	13	6	14439	96023
UNKNOWN	112	G	0.998545605651	C	0.00117736685366	3	17	14418	1	14439	96023
UNKNOWN	113	C	0.997437495671	T	0.00193919246485	5	14402	4	28	14439	96023
UNKNOWN	114	C	0.997922293788	A	0.00173142184362	25	14409	3	2	14439	96023
UNKNOWN	115	A	0.990858092666	G	0.00623311863702	14307	26	90	16	14439	96023
UNKNOWN	116	G	0.994182422605	A	0.00533277927834	77	6	14355	1	14439	96023
UNKNOWN	117	G	0.994182422605	A	0.00408615555094	59	17	14355	8	14439	96023
UNKNOWN	118	C	0.995359789459	T	0.00346284368724	5	14372	12	50	14439	96023
UNKNOWN	119	T	0.996260128818	C	0.00332432993975	1	48	5	14385	14439	96023
UNKNOWN	120	C	0.997298981924	T	0.00117736685366	13	14400	9	17	14439	96023
UNKNOWN	121	C	0.997091211303	A	0.00166216496987	24	14397	4	14	14439	96023
UNKNOWN	122	A	0.994736477595	G	0.00436318304592	14363	13	63	0	14439	96023
UNKNOWN	123	G	0.9944594501	A	0.00477872428839	69	11	14359	0	14439	96023
UNKNOWN	124	G	0.997437495671	A	0.00228547683358	33	4	14402	0	14439	96023
UNKNOWN	125	A	0.928457649422	G	0.0706420112196	13406	11	1020	2	14439	96023
UNKNOWN	126	A	0.993282083247	C	0.00373987118221	14342	54	29	14	14439	96023
UNKNOWN	127	A	0.995429046333	G	0.00353210056098	14373	11	51	4	14439	96023
UNKNOWN	128	G	0.996883440681	A	0.00221621995983	32	8	14394	5	14439	96023
UNKNOWN	129	G	0.990027010181	A	0.00720271486945	104	34	14295	6	14439	96023
UNKNOWN	130	C	0.997645266293	G	0.00110810997992	3	14405	16	15	14439	96023
UNKNOWN	131	G	0.985663827135	A	0.00810305422813	117	52	14232	38	14439	96023
UNKNOWN	132	C	0.994528706974	T	0.00450169679341	11	14360	3	65	14439	96023
UNKNOWN	133	T	0.996467899439	G	0.00193919246485	2	21	28	14388	14439	96023
UNKNOWN	134	G	0.985109772145	A	0.0128817785165	186	6	14224	23	14439	96023
UNKNOWN	135	G	0.989611468938	A	0.00969596232426	140	10	14289	0	14439	96023
UNKNOWN	136	A	0.986217882125	G	0.0119121822841	14240	14	172	13	14439	96023
UNKNOWN	137	G	0.991273633908	A	0.00734122861694	106	3	14313	17	14439	96023
UNKNOWN	138	T	0.996606413187	C	0.00180067871736	2	26	21	14390	14439	96023
UNKNOWN	139	G	0.999238174389	A	0.000346284368724	5	3	14428	3	14439	96023
UNKNOWN	140	G	0.990858092666	C	0.00720271486945	6	104	14307	22	14439	96023
UNKNOWN	141	C	0.993143569499	G	0.00457095366715	14	14340	66	19	14439	96023
UNKNOWN	142	T	0.996537156313	C	0.00283953182353	2	41	7	14389	14439	96023
UNKNOWN	143	C	0.990165523928	T	0.00747974236443	10	14297	24	108	14439	96023
UNKNOWN	144	G	0.997021954429	A	0.0020084493386	29	3	14396	11	14439	96023
UNKNOWN	145	G	0.997576009419	T	0.0012466237274	8	9	14404	18	14439	96023
UNKNOWN	146	T	0.987464505852	A	0.00567906364707	82	60	39	14258	14439	96023
UNKNOWN	147	A	0.769790151673	G	0.224115243438	11115	41	3236	47	14439	96023
UNKNOWN	148	G	0.96744926934	A	0.0206385483759	298	127	13969	45	14439	96023
UNKNOWN	149	T	0.992866542004	C	0.00360135743473	24	52	27	14336	14439	96023
UNKNOWN	150	A	0.956506683288	G	0.0375372255696	13811	26	542	60	14439	96023
UNKNOWN	151	T	0.995498303207	C	0.00290878869728	17	42	6	14374	14439	96023
UNKNOWN	152	A	0.978807396634	G	0.00969596232426	14133	86	140	80	14439	96023
UNKNOWN	153	G	0.973336103608	A	0.0211926033659	306	26	14054	53	14439	96023
UNKNOWN	154	A	0.985733084009	G	0.0106655585567	14233	45	154	7	14439	96023
UNKNOWN	155	C	0.972089479881	T	0.0216774014821	60	14036	30	313	14439	96023
UNKNOWN	156	A	0.981993212826	G	0.0114273841679	14179	79	165	16	14439	96023
UNKNOWN	157	C	0.954913775192	G	0.0251402451693	88	13788	363	200	14439	96023
UNKNOWN	158	T	0.991827688898	G	0.00498649490962	6	40	72	14321	14439	96023
UNKNOWN	159	G	0.907057275435	A	0.084908927211	1226	64	13097	52	14439	96023
UNKNOWN	160	G	0.944248216636	A	0.0342128956299	494	258	13634	53	14439	96023
UNKNOWN	161	T	0.988087817716	G	0.00498649490962	33	67	72	14267	14439	96023
UNKNOWN	162	G	0.995429046333	A	0.00256250432855	37	7	14373	22	14439	96023
UNKNOWN	163	G	0.975206039199	A	0.0214003739871	309	34	14081	15	14439	96023
UNKNOWN	164	A	0.989126670822	G	0.00623311863702	14282	39	90	28	14439	96023
UNKNOWN	165	A	0.984070919039	G	0.012743264769	14209	38	184	8	14439	96023
UNKNOWN	166	G	0.77269894037	A	0.179790844241	2596	483	11157	203	14439	96023
UNKNOWN	167	C	0.95228201399	T	0.0379527668121	85	13750	56	548	14439	96023
UNKNOWN	168	A	0.987464505852	G	0.00872636609183	14258	45	126	10	14439	96023
UNKNOWN	169	C	0.988295588337	T	0.00512500865711	70	14270	25	74	14439	96023
UNKNOWN	170	A	0.98815707459	G	0.00810305422813	14268	37	117	17	14439	96023
UNKNOWN	171	G	0.986564166494	A	0.00685643050073	99	31	14245	64	14439	96023
UNKNOWN	172	G	0.9337904287	A	0.0514578571923	743	163	13483	50	14439	96023
UNKNOWN	173	C	0.980192534109	G	0.0103885310617	27	14153	150	109	14439	96023
UNKNOWN	174	T	0.991896945772	C	0.00450169679341	28	65	24	14322	14439	96023
UNKNOWN	175	A	0.991065863287	T	0.00415541242468	14310	41	28	60	14439	96023
UNKNOWN	176	T	0.98372463467	C	0.0138513747489	28	200	7	14204	14439	96023
UNKNOWN	177	A	0.995636816954	C	0.00207770621234	14376	30	26	7	14439	96023
UNKNOWN	178	A	0.987810790221	C	0.00754899923817	14263	109	62	5	14439	96023
UNKNOWN	179	C	0.950135050904	T	0.0475102153889	15	13719	19	686	14439	96023
UNKNOWN	180	C	0.979638479119	T	0.0136436041277	48	14145	49	197	14439	96023
UNKNOWN	181	C	0.987949303968	A	0.00796454048064	115	14265	15	44	14439	96023
UNKNOWN	182	A	0.990581065171	G	0.00547129302583	14303	51	79	6	14439	96023
UNKNOWN	183	G	0.995844587575	A	0.00256250432855	37	19	14379	4	14439	96023
UNKNOWN	184	G	0.957337765773	C	0.0328970150287	120	475	13823	21	14439	96023
UNKNOWN	185	C	0.995152018838	T	0.00180067871736	18	14369	26	26	14439	96023
UNKNOWN	186	C	0.99556756008	T	0.00311655931851	11	14375	8	45	14439	96023
UNKNOWN	187	T	0.995290532585	G	0.00207770621234	9	29	30	14371	14439	96023
UNKNOWN	188	G	0.98704896461	A	0.0103885310617	150	8	14252	29	14439	96023
UNKNOWN	189	A	0.98926518457	G	0.00741048549068	14284	44	107	4	14439	96023
UNKNOWN	190	A	0.991550661403	C	0.00547129302583	14317	79	26	17	14439	96023
UNKNOWN	191	A	0.990927349539	G	0.00450169679341	14308	38	65	28	14439	96023
UNKNOWN	192	T	0.993836138237	C	0.00346284368724	25	50	14	14350	14439	96023
UNKNOWN	193	C	0.994805734469	A	0.00270101807604	39	14364	8	28	14439	96023
UNKNOWN	194	C	0.98704896461	T	0.00567906364707	26	14252	79	82	14439	96023
UNKNOWN	195	C	0.995913844449	G	0.00180067871736	21	14380	26	12	14439	96023
UNKNOWN	196	G	0.994667220722	C	0.00242399058107	33	35	14362	9	14439	96023
UNKNOWN	197	G	0.933721171826	A	0.0521504259298	753	97	13482	107	14439	96023
UNKNOWN	198	C	0.995152018838	T	0.00207770621234	21	14369	19	30	14439	96023
UNKNOWN	199	T	0.993074312626	C	0.00491723803588	12	71	17	14339	14439	96023
UNKNOWN	200	C	0.993766881363	A	0.00380912805596	55	14349	8	27	14439	96023
UNKNOWN	201	A	0.969388461805	G	0.0219544289771	13997	118	317	7	14439	96023
UNKNOWN	202	G	0.982755038438	C	0.0110118429254	55	159	14190	35	14439	96023
UNKNOWN	203	C	0.959484728859	T	0.0324814737863	77	13854	39	469	14439	96023
UNKNOWN	204	A	0.982270240321	G	0.0116351547891	14183	60	168	28	14439	96023
UNKNOWN	205	T	0.995082761964	C	0.00373987118221	11	54	6	14368	14439	96023
UNKNOWN	206	C	0.980815845973	T	0.0118429254103	83	14162	23	171	14439	96023
UNKNOWN	207	A	0.987810790221	C	0.00574832052081	14263	83	71	22	14439	96023
UNKNOWN	208	C	0.98704896461	T	0.00560980677332	54	14252	52	81	14439	96023
UNKNOWN	209	C	0.967102984971	T	0.0144054297389	144	13964	123	208	14439	96023
UNKNOWN	210	A	0.992381743888	C	0.00422466929843	14329	61	46	3	14439	96023
UNKNOWN	211	A	0.991412147656	G	0.00540203615209	14315	43	78	3	14439	96023
UNKNOWN	212	G	0.986702680241	A	0.00921116420805	133	41	14247	18	14439	96023
UNKNOWN	213	G	0.991135120161	A	0.00678717362698	98	13	14311	17	14439	96023
UNKNOWN	214	A	0.984486460281	G	0.00706420112196	14215	99	102	23	14439	96023
UNKNOWN	215	C	0.98095435972	A	0.00858785234435	124	14164	36	115	14439	96023
UNKNOWN	216	A	0.986287138999	G	0.00734122861694	14241	83	106	9	14439	96023
UNKNOWN	217	A	0.978876653508	G	0.0120506960316	14134	113	174	18	14439	96023
UNKNOWN	218	C	0.977422259159	T	0.0157213103401	60	14113	39	227	14439	96023
UNKNOWN	219	T	0.991966202646	C	0.00470946741464	18	68	30	14323	14439	96023
UNKNOWN	220	C	0.991758432024	A	0.00484798116213	70	14320	12	37	14439	96023
UNKNOWN	221	C	0.987672276473	T	0.00609460488954	68	14261	22	88	14439	96023
UNKNOWN	222	A	0.989749982686	C	0.00547129302583	14291	79	66	3	14439	96023
UNKNOWN	223	A	0.987810790221	G	0.0101115035667	14263	17	146	13	14439	96023
UNKNOWN	224	G	0.988364845211	A	0.00547129302583	79	58	14271	31	14439	96023
UNKNOWN	225	A	0.988087817716	G	0.00685643050073	14267	61	99	12	14439	96023
UNKNOWN	226	G	0.96467899439	A	0.026040584528	376	114	13929	20	14439	96023
UNKNOWN	227	C	0.97243576425	T	0.0251402451693	25	14041	10	363	14439	96023
UNKNOWN	228	C	0.992728028257	A	0.00360135743473	52	14334	46	7	14439	96023
UNKNOWN	229	A	0.994528706974	G	0.00277027494979	14360	22	40	17	14439	96023
UNKNOWN	230	A	0.98427868966	G	0.0122584666528	14212	40	177	10	14439	96023
UNKNOWN	231	G	0.977145231664	A	0.0149594847289	216	24	14109	90	14439	96023
UNKNOWN	232	T	0.993974651984	C	0.00533277927834	0	77	10	14352	14439	96023
UNKNOWN	233	C	0.971812452386	G	0.0135050903802	20	14032	195	192	14439	96023
UNKNOWN	234	T	0.991827688898	C	0.00477872428839	21	69	28	14321	14439	96023
UNKNOWN	235	C	0.992451000762	T	0.00609460488954	16	14330	5	88	14439	96023
UNKNOWN	236	T	0.989888496433	C	0.00581757739456	7	84	55	14293	14439	96023
UNKNOWN	237	C	0.992589514509	T	0.00373987118221	22	14332	31	54	14439	96023
UNKNOWN	238	T	0.996606413187	G	0.00193919246485	5	16	28	14390	14439	96023
UNKNOWN	239	G	0.961839462567	A	0.026871667013	388	67	13888	96	14439	96023
UNKNOWN	240	T	0.991204377034	C	0.00339358681349	37	49	41	14312	14439	96023
UNKNOWN	241	C	0.989680725812	T	0.00637163238451	44	14290	13	92	14439	96023
UNKNOWN	242	A	0.987187478357	G	0.00900339358681	14254	38	130	17	14439	96023
UNKNOWN	243	G	0.914052219683	A	0.0551284715008	796	327	13198	118	14439	96023
UNKNOWN	244	T	0.995221275712	G	0.00249324745481	11	22	36	14370	14439	96023
UNKNOWN	245	G	0.974236442967	A	0.0202922640072	293	37	14067	42	14439	96023
UNKNOWN	246	A	0.986010111504	G	0.00997298981924	14237	51	144	7	14439	96023
UNKNOWN	247	G	0.945287069742	A	0.0423852067318	612	110	13649	68	14439	96023
UNKNOWN	248	C	0.97929219475	T	0.0130895491378	64	14140	46	189	14439	96023
UNKNOWN	249	A	0.988503358958	G	0.00948819170303	14273	25	137	4	14439	96023
UNKNOWN	250	G	0.990927349539	C	0.00491723803588	30	71	14308	30	14439	96023
UNKNOWN	251	C	0.991135120161	T	0.00505575178336	19	14311	36	73	14439	96023
UNKNOWN	252	G	0.987880047095	A	0.00900339358681	130	12	14264	33	14439	96023
UNKNOWN	253	T	0.992520257636	C	0.00408615555094	12	59	37	14331	14439	96023
UNKNOWN	254	G	0.952905325854	A	0.0333125562712	481	73	13759	126	14439	96023
UNKNOWN	255	A	0.988988157075	G	0.00720271486945	14280	33	104	22	14439	96023
UNKNOWN	256	C	0.987187478357	T	0.00685643050073	54	14254	32	99	14439	96023
UNKNOWN	257	A	0.977907057275	G	0.0139898884964	14120	46	202	71	14439	96023
UNKNOWN	258	A	0.923471154512	C	0.0592146270517	13334	855	157	93	14439	96023
UNKNOWN	259	C	0.964956021885	G	0.0153750259713	74	13933	222	210	14439	96023
UNKNOWN	260	T	0.98372463467	G	0.00886487983932	47	60	128	14204	14439	96023
UNKNOWN	261	G	0.990719578918	A	0.00519426553085	75	11	14305	48	14439	96023
UNKNOWN	262	A	0.989680725812	G	0.00803379735439	14290	24	116	9	14439	96023
UNKNOWN	263	G	0.957407022647	A	0.0243784195581	352	191	13824	72	14439	96023
UNKNOWN	264	G	0.989888496433	A	0.00616386176328	89	21	14293	36	14439	96023
UNKNOWN	265	A	0.990165523928	C	0.00415541242468	14297	60	50	32	14439	96023
UNKNOWN	266	C	0.981231387215	T	0.0146824572339	36	14168	23	212	14439	96023
UNKNOWN	267	T	0.922224530785	A	0.0669021400374	966	40	117	13316	14439	96023
UNKNOWN	268	C	0.991827688898	G	0.00373987118221	45	14321	54	19	14439	96023
UNKNOWN	269	G	0.980469561604	A	0.0134358335065	194	33	14157	55	14439	96023
UNKNOWN	270	G	0.991689175151	A	0.00394764180345	57	38	14319	25	14439	96023
UNKNOWN	271	C	0.987533762726	A	0.00664865987949	96	14259	56	28	14439	96023
UNKNOWN	272	C	0.988849643327	A	0.00657940300575	95	14278	14	52	14439	96023
UNKNOWN	273	A	0.992243230141	G	0.00457095366715	14327	32	66	14	14439	96023
UNKNOWN	274	C	0.987672276473	A	0.00602534801579	87	14261	30	61	14439	96023
UNKNOWN	275	A	0.981092873468	G	0.0122584666528	14166	44	177	52	14439	96023
UNKNOWN	276	T	0.990996606413	A	0.00367061430847	53	30	47	14309	14439	96023
UNKNOWN	277	A	0.991758432024	C	0.00373987118221	14320	54	36	29	14439	96023
UNKNOWN	278	C	0.94563335411	T	0.0508345453286	30	13654	21	734	14439	96023
UNKNOWN	279	T	0.977422259159	C	0.0121199529053	65	175	86	14113	14439	96023
UNKNOWN	280	A	0.97707597479	T	0.0115658979154	14108	86	78	167	14439	96023
UNKNOWN	281	C	0.971812452386	T	0.0256250432855	19	14032	18	370	14439	96023
UNKNOWN	282	T	0.990511808297	G	0.00554054989958	24	33	80	14302	14439	96023
UNKNOWN	283	G	0.991827688898	T	0.0046402105409	40	11	14321	67	14439	96023
UNKNOWN	284	T	0.965440820001	C	0.0290878869728	37	420	42	13940	14439	96023
UNKNOWN	285	A	0.82429531131	G	0.148071196066	11902	79	2138	320	14439	96023
UNKNOWN	286	C	0.862040307501	G	0.0868481196759	166	12447	1254	572	14439	96023
UNKNOWN	287	T	0.840847704135	A	0.0804764872914	1162	613	523	12141	14439	96023
UNKNOWN	288	A	0.942239767297	G	0.0311655931851	13605	132	450	252	14439	96023
UNKNOWN	289	C	0.88108594778	A	0.0684950481335	989	12722	421	307	14439	96023
UNKNOWN	290	T	0.887526837039	A	0.0680102500173	982	212	430	12815	14439	96023
