Type	Position	Nucl1	Freq1	Nucl2	Freq2	NumAs	NumCs	NumGs	NumTs	NumAligned	NumNaive
UNKNOWN	0	C	1.0	A	0.0	0	18178	0	0	18178	96023
UNKNOWN	1	A	1.0	C	0.0	18178	0	0	0	18178	96023
UNKNOWN	2	G	1.0	A	0.0	0	0	18178	0	18178	96023
UNKNOWN	3	G	1.0	A	0.0	0	0	18178	0	18178	96023
UNKNOWN	4	T	1.0	A	0.0	0	0	0	18178	18178	96023
UNKNOWN	5	G	1.0	A	0.0	0	0	18178	0	18178	96023
UNKNOWN	6	C	1.0	A	0.0	0	18178	0	0	18178	96023
UNKNOWN	7	A	0.997909561008	G	0.00187039278248	18140	0	34	4	18178	96023
UNKNOWN	8	G	0.975079766751	A	0.0204642975025	372	63	17725	18	18178	96023
UNKNOWN	9	C	0.995654087358	T	0.00308064693586	3	18099	20	56	18178	96023
UNKNOWN	10	T	0.998789745847	C	0.00121025415337	0	22	0	18156	18178	96023
UNKNOWN	11	G	0.993673671471	A	0.00588623610958	107	4	18063	4	18178	96023
UNKNOWN	12	C	0.999009792056	T	0.000770161733964	1	18160	3	14	18178	96023
UNKNOWN	13	G	0.998569699637	A	0.00121025415337	22	2	18152	2	18178	96023
UNKNOWN	14	G	0.957090989108	C	0.0412036527671	29	749	17398	2	18178	96023
UNKNOWN	15	G	0.999449884476	A	0.000220046209704	4	4	18168	2	18178	96023
UNKNOWN	16	A	0.997414457036	G	0.00170535812521	18131	5	31	11	18178	96023
UNKNOWN	17	G	0.992188359556	A	0.00753658268236	137	3	18036	2	18178	96023
UNKNOWN	18	T	0.997414457036	G	0.00110023104852	9	18	20	18131	18178	96023
UNKNOWN	19	C	0.999614919133	T	0.000385080866982	0	18171	0	7	18178	96023
UNKNOWN	20	G	0.998459676532	A	0.00104521949609	19	6	18150	3	18178	96023
UNKNOWN	21	G	0.999559907581	C	0.00027505776213	2	5	18170	1	18178	96023
UNKNOWN	22	G	0.999449884476	A	0.00027505776213	5	3	18168	2	18178	96023
UNKNOWN	23	C	0.99840466498	T	0.000990207943668	11	18149	0	18	18178	96023
UNKNOWN	24	C	0.999449884476	A	0.000220046209704	4	18168	3	3	18178	96023
UNKNOWN	25	C	0.999174826714	T	0.00055011552426	5	18163	0	10	18178	96023
UNKNOWN	26	C	0.997799537903	A	0.00115524260095	21	18138	3	16	18178	96023
UNKNOWN	27	A	0.997084387721	G	0.00220046209704	18125	11	40	2	18178	96023
UNKNOWN	28	G	0.989987897458	A	0.00715150181538	130	52	17996	0	18178	96023
UNKNOWN	29	C	0.994498844757	T	0.0052811090329	0	18078	4	96	18178	96023
UNKNOWN	30	C	0.997139399274	T	0.00280558917373	0	18126	1	51	18178	96023
UNKNOWN	31	T	0.99636923754	C	0.00187039278248	22	34	10	18112	18178	96023
UNKNOWN	32	G	0.988557597095	A	0.00847177907361	154	6	17970	48	18178	96023
UNKNOWN	33	G	0.9943338101	C	0.00291561227858	39	53	18075	11	18178	96023
UNKNOWN	34	T	0.997634503246	C	0.00154032346793	4	28	11	18135	18178	96023
UNKNOWN	35	G	0.996644295302	A	0.00242050830674	44	13	18117	4	18178	96023
UNKNOWN	36	A	0.998459676532	G	0.00082517328639	18150	7	15	6	18178	96023
UNKNOWN	37	A	0.994278798548	G	0.00280558917373	18074	48	51	5	18178	96023
UNKNOWN	38	G	0.991803278689	A	0.00616129387171	112	28	18029	9	18178	96023
UNKNOWN	39	C	0.9943338101	T	0.00500605127077	5	18075	7	91	18178	96023
UNKNOWN	40	C	0.999229838266	T	0.000605127076686	2	18164	1	11	18178	96023
UNKNOWN	41	C	0.997414457036	T	0.0012652657058	2	18131	22	23	18178	96023
UNKNOWN	42	T	0.996424249092	C	0.00308064693586	2	56	7	18113	18178	96023
UNKNOWN	43	C	0.997689514798	A	0.00154032346793	28	18136	2	12	18178	96023
UNKNOWN	44	A	0.995984156673	G	0.00242050830674	18105	23	44	6	18178	96023
UNKNOWN	45	C	0.996809329959	G	0.00170535812521	22	18120	31	5	18178	96023
UNKNOWN	46	A	0.997909561008	G	0.00165034657278	18140	5	30	3	18178	96023
UNKNOWN	47	G	0.992683463527	A	0.00660138629112	120	11	18045	2	18178	96023
UNKNOWN	48	A	0.99614919133	G	0.00209043899219	18108	20	38	12	18178	96023
UNKNOWN	49	C	0.994938937177	G	0.00324568159313	5	18086	59	28	18178	96023
UNKNOWN	50	C	0.994663879415	T	0.0025305314116	44	18081	7	46	18178	96023
UNKNOWN	51	C	0.99818461877	T	0.00104521949609	5	18145	9	19	18178	96023
UNKNOWN	52	T	0.996039168225	C	0.00357575090769	5	65	2	18106	18178	96023
UNKNOWN	53	C	0.998569699637	T	0.0012652657058	0	18152	3	23	18178	96023
UNKNOWN	54	T	0.994993948729	C	0.002970623831	16	54	21	18087	18178	96023
UNKNOWN	55	C	0.996699306854	T	0.00231048520189	14	18118	4	42	18178	96023
UNKNOWN	56	C	0.99658928375	T	0.00231048520189	14	18116	6	42	18178	96023
UNKNOWN	57	C	0.998129607218	T	0.000880184838816	6	18144	12	16	18178	96023
UNKNOWN	58	T	0.996754318407	C	0.00286060072615	5	52	2	18119	18178	96023
UNKNOWN	59	C	0.997689514798	A	0.00121025415337	22	18136	0	20	18178	96023
UNKNOWN	60	A	0.996204202883	G	0.00203542743976	18109	24	37	8	18178	96023
UNKNOWN	61	C	0.994003740786	T	0.00456595885136	13	18069	13	83	18178	96023
UNKNOWN	62	C	0.991858290241	T	0.00407085487952	3	18030	71	74	18178	96023
UNKNOWN	63	T	0.997744526351	C	0.0012652657058	2	23	16	18137	18178	96023
UNKNOWN	64	G	0.998679722742	C	0.000770161733964	9	14	18154	1	18178	96023
UNKNOWN	65	C	0.995489052701	T	0.00335570469799	21	18096	0	61	18178	96023
UNKNOWN	66	A	0.994883925624	G	0.00242050830674	18085	33	44	16	18178	96023
UNKNOWN	67	C	0.993783694576	T	0.00467598195621	11	18065	17	85	18178	96023
UNKNOWN	68	G	0.983386511167	A	0.0150731653647	274	19	17876	9	18178	96023
UNKNOWN	69	G	0.966002860601	A	0.0247001870393	449	23	17560	146	18178	96023
UNKNOWN	70	T	0.991748267136	C	0.00731653647266	5	133	12	18028	18178	96023
UNKNOWN	71	C	0.974639674332	T	0.0132577841347	14	17717	206	241	18178	96023
UNKNOWN	72	T	0.995434041149	C	0.00330069314556	5	60	18	18095	18178	96023
UNKNOWN	73	C	0.99796457256	T	0.0014853119155	6	18141	4	27	18178	96023
UNKNOWN	74	T	0.993838706128	G	0.00286060072615	16	44	52	18066	18178	96023
UNKNOWN	75	G	0.996919353064	A	0.00247551985917	45	7	18122	4	18178	96023
UNKNOWN	76	G	0.994223786995	A	0.00456595885136	83	15	18073	7	18178	96023
UNKNOWN	77	A	0.989987897458	C	0.0055011552426	17996	100	44	38	18178	96023
UNKNOWN	78	T	0.78617009572	C	0.12674661679	33	2304	1550	14291	18178	96023
UNKNOWN	79	T	0.774562658158	G	0.15419738145	625	670	2803	14080	18178	96023
UNKNOWN	80	C	0.983661568929	T	0.00990207943668	12	17881	105	180	18178	96023
UNKNOWN	81	T	0.992793486632	C	0.00506106282319	13	92	26	18047	18178	96023
UNKNOWN	82	C	0.993783694576	T	0.00324568159313	46	18065	8	59	18178	96023
UNKNOWN	83	A	0.99455385631	G	0.00242050830674	18079	25	44	30	18178	96023
UNKNOWN	84	T	0.992628451975	C	0.00583122455716	8	106	20	18044	18178	96023
UNKNOWN	85	T	0.998129607218	C	0.000880184838816	2	16	16	18144	18178	96023
UNKNOWN	86	G	0.959346462757	A	0.0391132137749	711	18	17439	10	18178	96023
UNKNOWN	87	A	0.991638244031	G	0.00500605127077	18026	47	91	14	18178	96023
UNKNOWN	88	G	0.933491033117	A	0.0403234679283	733	419	16969	57	18178	96023
UNKNOWN	89	C	0.965947849048	T	0.0247551985917	72	17559	97	450	18178	96023
UNKNOWN	90	A	0.97392452415	G	0.0218945978656	17704	30	398	46	18178	96023
UNKNOWN	91	G	0.883540543514	A	0.079931785675	1453	435	16061	229	18178	96023
UNKNOWN	92	C	0.962702167455	T	0.0242600946199	84	17500	153	441	18178	96023
UNKNOWN	93	A	0.884695786115	T	0.0562768181318	16082	83	990	1023	18178	96023
UNKNOWN	94	A	0.955605677192	G	0.0354824513148	17371	68	645	94	18178	96023
UNKNOWN	95	T	0.973374408626	G	0.0107272527231	112	177	195	17694	18178	96023
UNKNOWN	96	G	0.928319947189	A	0.0532511827484	968	267	16875	68	18178	96023
UNKNOWN	97	G	0.568544394323	A	0.242710969304	4412	3166	10335	265	18178	96023
UNKNOWN	98	T	0.979920783365	C	0.0119375068764	64	217	84	17813	18178	96023
UNKNOWN	99	G	0.953900319067	A	0.040928595005	744	30	17340	64	18178	96023
UNKNOWN	100	T	0.996974364617	C	0.0014853119155	22	27	6	18123	18178	96023
UNKNOWN	101	A	0.968973484432	G	0.016008361756	17614	93	291	180	18178	96023
UNKNOWN	102	G	0.720266255914	A	0.196666299923	3575	1279	13093	231	18178	96023
UNKNOWN	103	T	0.906920453295	G	0.045714600066	273	588	831	16486	18178	96023
UNKNOWN	104	C	0.939982396303	T	0.0309715040158	116	17087	412	563	18178	96023
UNKNOWN	105	T	0.996809329959	C	0.00165034657278	1	30	27	18120	18178	96023
UNKNOWN	106	G	0.999284849818	A	0.000330069314556	6	4	18165	3	18178	96023
UNKNOWN	107	G	0.998569699637	A	0.00055011552426	10	8	18152	8	18178	96023
UNKNOWN	108	G	0.968643415117	A	0.0221146440753	402	115	17608	53	18178	96023
UNKNOWN	109	T	0.995874133568	C	0.0040158433271	2	73	0	18103	18178	96023
UNKNOWN	110	C	0.99455385631	T	0.00346572780284	13	18079	23	63	18178	96023
UNKNOWN	111	C	0.99818461877	G	0.00121025415337	2	18145	22	9	18178	96023
UNKNOWN	112	G	0.997909561008	C	0.00137528881065	9	25	18140	4	18178	96023
UNKNOWN	113	C	0.99455385631	T	0.00291561227858	25	18079	21	53	18178	96023
UNKNOWN	114	C	0.997744526351	A	0.00143030036308	26	18137	8	7	18178	96023
UNKNOWN	115	A	0.993728683023	G	0.00456595885136	18064	28	83	3	18178	96023
UNKNOWN	116	G	0.998899768951	A	0.00082517328639	15	3	18158	2	18178	96023
UNKNOWN	117	G	0.967323137859	A	0.0282209263945	513	43	17584	38	18178	96023
UNKNOWN	118	C	0.992683463527	T	0.00561117834745	10	18045	21	102	18178	96023
UNKNOWN	119	T	0.992958521289	C	0.00418087798438	4	76	48	18050	18178	96023
UNKNOWN	120	C	0.996424249092	T	0.00165034657278	8	18113	27	30	18178	96023
UNKNOWN	121	C	0.996314225987	A	0.00247551985917	45	18111	5	17	18178	96023
UNKNOWN	122	A	0.992078336451	G	0.00599625921444	18034	32	109	3	18178	96023
UNKNOWN	123	G	0.996259214435	A	0.00236549675432	43	24	18110	1	18178	96023
UNKNOWN	124	G	0.992188359556	A	0.00495103971834	90	41	18036	11	18178	96023
UNKNOWN	125	G	0.976069974695	A	0.0223897018374	407	16	17743	12	18178	96023
UNKNOWN	126	A	0.996094179778	G	0.00258554296402	18107	22	47	2	18178	96023
UNKNOWN	127	A	0.992188359556	G	0.00687644405325	18036	12	125	5	18178	96023
UNKNOWN	128	G	0.997689514798	A	0.00181538123006	33	4	18136	5	18178	96023
UNKNOWN	129	G	0.967048080097	A	0.0223897018374	407	121	17579	71	18178	96023
UNKNOWN	130	C	0.993068544394	G	0.00412586643195	16	18052	75	35	18178	96023
UNKNOWN	131	G	0.98729233139	A	0.00924194080757	168	52	17947	11	18178	96023
UNKNOWN	132	C	0.990152932116	T	0.00775662889207	21	17999	17	141	18178	96023
UNKNOWN	133	T	0.993563648366	C	0.00363076246012	1	66	50	18061	18178	96023
UNKNOWN	134	G	0.987622400704	A	0.00968203322698	176	6	17953	43	18178	96023
UNKNOWN	135	G	0.995269006491	A	0.00324568159313	59	21	18092	6	18178	96023
UNKNOWN	136	A	0.986467158103	G	0.0103971834085	17932	34	189	23	18178	96023
UNKNOWN	137	G	0.971559027396	A	0.0224447133898	408	55	17661	54	18178	96023
UNKNOWN	138	T	0.996259214435	G	0.00220046209704	6	22	40	18110	18178	96023
UNKNOWN	139	G	0.996974364617	A	0.00203542743976	37	3	18123	15	18178	96023
UNKNOWN	140	G	0.972219166025	C	0.0230498404665	31	419	17673	55	18178	96023
UNKNOWN	141	C	0.982341291671	G	0.0128727032677	48	17857	234	39	18178	96023
UNKNOWN	142	T	0.996974364617	C	0.00236549675432	1	43	11	18123	18178	96023
UNKNOWN	143	C	0.985201892397	T	0.00957201012213	26	17909	69	174	18178	96023
UNKNOWN	144	G	0.991143140059	A	0.00792166354935	144	3	18017	14	18178	96023
UNKNOWN	145	G	0.987677412257	C	0.00968203322698	5	176	17954	43	18178	96023
UNKNOWN	146	T	0.981461106832	A	0.00731653647266	133	85	119	17841	18178	96023
UNKNOWN	147	G	0.668830454395	A	0.295136978766	5365	155	12158	500	18178	96023
UNKNOWN	148	G	0.770216745517	A	0.134503245682	2445	1248	14001	484	18178	96023
UNKNOWN	149	T	0.960226647596	G	0.0154582462317	210	232	281	17455	18178	96023
UNKNOWN	150	A	0.939157223017	G	0.0536362636154	17072	45	975	86	18178	96023
UNKNOWN	151	T	0.982011222357	C	0.0106172296182	50	193	84	17851	18178	96023
UNKNOWN	152	A	0.942237869953	G	0.0325668390362	17128	172	592	286	18178	96023
UNKNOWN	153	T	0.953405215095	A	0.0306964462537	558	44	245	17331	18178	96023
UNKNOWN	154	G	0.977280228848	A	0.0159533502035	290	82	17765	41	18178	96023
UNKNOWN	155	C	0.896358235229	T	0.0971504015843	75	16294	43	1766	18178	96023
UNKNOWN	156	A	0.906425349323	G	0.0835075365827	16477	91	1518	92	18178	96023
UNKNOWN	157	G	0.880239850369	A	0.0633182968423	1151	766	16001	260	18178	96023
UNKNOWN	158	T	0.956100781164	A	0.0194190780064	353	157	288	17380	18178	96023
UNKNOWN	159	G	0.760369677632	A	0.199196831335	3621	614	13822	121	18178	96023
UNKNOWN	160	G	0.835185388932	A	0.124216085378	2258	483	15182	255	18178	96023
UNKNOWN	161	T	0.971944108263	G	0.011882495324	80	214	216	17668	18178	96023
UNKNOWN	162	G	0.992958521289	A	0.00577621300473	105	12	18050	11	18178	96023
UNKNOWN	163	G	0.983606557377	A	0.0123775992959	225	37	17880	36	18178	96023
UNKNOWN	164	A	0.972274177577	G	0.0205193090549	17674	61	373	70	18178	96023
UNKNOWN	165	A	0.932060732754	G	0.060567719221	16943	66	1101	68	18178	96023
UNKNOWN	166	G	0.840741555727	C	0.077731323578	911	1413	15283	571	18178	96023
UNKNOWN	167	C	0.893992738475	T	0.0403784794807	556	16251	637	734	18178	96023
UNKNOWN	168	A	0.982231268566	G	0.0129827263725	17855	52	236	35	18178	96023
UNKNOWN	169	C	0.967103091649	T	0.0160633733084	118	17580	188	292	18178	96023
UNKNOWN	170	A	0.981296072175	G	0.0109472989328	17838	93	199	48	18178	96023
UNKNOWN	171	A	0.898338651117	G	0.0811420398284	16330	178	1475	195	18178	96023
UNKNOWN	172	G	0.726922653757	A	0.198096600286	3601	957	13214	406	18178	96023
UNKNOWN	173	C	0.896358235229	G	0.0462097040378	392	16294	840	652	18178	96023
UNKNOWN	174	T	0.978325448344	C	0.0133127956871	92	242	60	17784	18178	96023
UNKNOWN	175	T	0.931125536363	A	0.0480800968203	874	215	163	16926	18178	96023
UNKNOWN	176	T	0.967653207174	A	0.0110023104852	200	188	200	17590	18178	96023
UNKNOWN	177	A	0.990648036088	C	0.00396083177467	18008	72	72	26	18178	96023
UNKNOWN	178	A	0.988392562438	C	0.00687644405325	17967	125	73	13	18178	96023
UNKNOWN	179	C	0.918802948619	T	0.0706898448674	52	16702	139	1285	18178	96023
UNKNOWN	180	C	0.963912421609	T	0.0205193090549	78	17522	205	373	18178	96023
UNKNOWN	181	C	0.988997689515	T	0.00599625921444	74	17978	17	109	18178	96023
UNKNOWN	182	A	0.981571129937	G	0.0127626801628	17843	51	232	52	18178	96023
UNKNOWN	183	G	0.964242490923	A	0.0221146440753	402	178	17528	70	18178	96023
UNKNOWN	184	C	0.973814501045	T	0.0129827263725	95	17702	145	236	18178	96023
UNKNOWN	185	C	0.995544064253	T	0.00368577401254	11	18097	3	67	18178	96023
UNKNOWN	186	C	0.988337550886	G	0.00753658268236	8	17966	137	67	18178	96023
UNKNOWN	187	T	0.994993948729	G	0.00242050830674	13	34	44	18087	18178	96023
UNKNOWN	188	G	0.964022444713	A	0.0266806029266	485	86	17524	83	18178	96023
UNKNOWN	189	A	0.988392562438	C	0.00660138629112	17967	120	85	6	18178	96023
UNKNOWN	190	A	0.988227527781	C	0.00544614369017	17964	99	92	23	18178	96023
UNKNOWN	191	A	0.987732423809	G	0.00473099350864	17955	83	86	54	18178	96023
UNKNOWN	192	T	0.990042909011	G	0.0042358895368	37	67	77	17997	18178	96023
UNKNOWN	193	C	0.99592914512	T	0.00286060072615	22	18104	0	52	18178	96023
UNKNOWN	194	C	0.99048300143	T	0.0067664209484	13	18005	37	123	18178	96023
UNKNOWN	195	C	0.994498844757	G	0.00374078556497	22	18078	68	10	18178	96023
UNKNOWN	196	G	0.994938937177	A	0.00368577401254	67	13	18086	12	18178	96023
UNKNOWN	197	G	0.919573110353	A	0.0641434701287	1166	177	16716	119	18178	96023
UNKNOWN	198	C	0.988007481571	T	0.00671140939597	49	17960	47	122	18178	96023
UNKNOWN	199	T	0.994608867862	C	0.00368577401254	23	67	8	18080	18178	96023
UNKNOWN	200	C	0.991913301793	A	0.00385080866982	70	18031	22	55	18178	96023
UNKNOWN	201	A	0.988447573991	G	0.0103421718561	17968	16	188	6	18178	96023
UNKNOWN	202	G	0.96121685554	C	0.0257454065354	91	468	17473	146	18178	96023
UNKNOWN	203	C	0.923864011442	T	0.059137418858	174	16794	135	1075	18178	96023
UNKNOWN	204	A	0.983276488062	G	0.00962702167455	17874	78	175	51	18178	96023
UNKNOWN	205	T	0.992793486632	C	0.0055011552426	10	100	21	18047	18178	96023
UNKNOWN	206	C	0.980415887336	T	0.0116074375619	76	17822	69	211	18178	96023
UNKNOWN	207	A	0.987787435361	G	0.00632632852899	17956	65	115	42	18178	96023
UNKNOWN	208	C	0.979920783365	T	0.00847177907361	65	17813	146	154	18178	96023
UNKNOWN	209	C	0.952304984047	T	0.022334690285	118	17311	343	406	18178	96023
UNKNOWN	210	A	0.983771592034	G	0.0113873913522	17883	82	207	6	18178	96023
UNKNOWN	211	A	0.985366927055	G	0.0114424029046	17912	48	208	10	18178	96023
UNKNOWN	212	G	0.975134778303	A	0.0166685003851	303	98	17726	51	18178	96023
UNKNOWN	213	G	0.990262955221	A	0.00792166354935	144	22	18001	11	18178	96023
UNKNOWN	214	A	0.991088128507	C	0.00467598195621	18016	85	38	39	18178	96023
UNKNOWN	215	C	0.965892837496	T	0.0192540433491	84	17558	186	350	18178	96023
UNKNOWN	216	A	0.975574870723	G	0.0203542743976	17734	52	370	22	18178	96023
UNKNOWN	217	A	0.97937066784	G	0.00929695236	17803	161	169	45	18178	96023
UNKNOWN	218	C	0.969193530641	T	0.0258554296402	18	17618	72	470	18178	96023
UNKNOWN	219	T	0.990648036088	C	0.00517108592804	45	94	31	18008	18178	96023
UNKNOWN	220	C	0.99273847508	T	0.00374078556497	56	18046	8	68	18178	96023
UNKNOWN	221	C	0.985311915502	T	0.00880184838816	79	17911	28	160	18178	96023
UNKNOWN	222	A	0.988612608648	G	0.00671140939597	17971	80	122	5	18178	96023
UNKNOWN	223	A	0.983111453405	G	0.0144130267356	17871	19	262	26	18178	96023
UNKNOWN	224	G	0.984981846188	A	0.00863681373088	157	105	17905	11	18178	96023
UNKNOWN	225	A	0.98663219276	G	0.0095169985697	17935	54	173	16	18178	96023
UNKNOWN	226	G	0.941962812191	A	0.049455385631	899	140	17123	16	18178	96023
UNKNOWN	227	C	0.960171636044	T	0.0336670700847	35	17454	77	612	18178	96023
UNKNOWN	228	C	0.990097920563	G	0.00489602816591	84	17998	89	7	18178	96023
UNKNOWN	229	A	0.994718890967	G	0.00324568159313	18082	16	59	21	18178	96023
UNKNOWN	230	A	0.956595885136	G	0.0392232368797	17389	68	713	8	18178	96023
UNKNOWN	231	G	0.942457916162	A	0.0394432830894	717	240	17132	89	18178	96023
UNKNOWN	232	T	0.993013532842	C	0.0055011552426	9	100	18	18051	18178	96023
UNKNOWN	233	C	0.940642534932	T	0.0288260534712	38	17099	517	524	18178	96023
UNKNOWN	234	T	0.990372978325	C	0.00605127076686	22	110	43	18003	18178	96023
UNKNOWN	235	C	0.988227527781	T	0.00946198701727	38	17964	4	172	18178	96023
UNKNOWN	236	T	0.984211684454	C	0.00885685994059	47	161	79	17891	18178	96023
UNKNOWN	237	C	0.992353394213	T	0.0052811090329	15	18039	28	96	18178	96023
UNKNOWN	238	T	0.993948729233	C	0.00319067004071	6	58	46	18068	18178	96023
UNKNOWN	239	G	0.946473759489	A	0.0368577401254	670	201	17205	102	18178	96023
UNKNOWN	240	T	0.987512377599	C	0.00473099350864	63	86	78	17951	18178	96023
UNKNOWN	241	C	0.984596765321	T	0.0111123335901	66	17898	12	202	18178	96023
UNKNOWN	242	A	0.981131037518	G	0.0136978765541	17835	80	249	14	18178	96023
UNKNOWN	243	G	0.902244471339	C	0.0458796347233	783	834	16401	160	18178	96023
UNKNOWN	244	T	0.993838706128	G	0.00313565848828	11	44	57	18066	18178	96023
UNKNOWN	245	G	0.963912421609	A	0.0266806029266	485	96	17522	75	18178	96023
UNKNOWN	246	A	0.967983276488	G	0.0261854989548	17596	91	476	15	18178	96023
UNKNOWN	247	G	0.85328418968	A	0.117119595115	2129	374	15511	164	18178	96023
UNKNOWN	248	C	0.962537132798	T	0.0270106722412	106	17497	84	491	18178	96023
UNKNOWN	249	A	0.982506326329	G	0.0112223566949	17860	106	204	8	18178	96023
UNKNOWN	250	G	0.974639674332	A	0.0149081307074	271	157	17717	33	18178	96023
UNKNOWN	251	C	0.980250852679	T	0.0140829574211	30	17819	73	256	18178	96023
UNKNOWN	252	G	0.983661568929	A	0.00929695236	169	62	17881	66	18178	96023
UNKNOWN	253	T	0.991803278689	C	0.0042358895368	11	77	61	18029	18178	96023
UNKNOWN	254	G	0.933381010012	A	0.0595224997249	1082	58	16967	71	18178	96023
UNKNOWN	255	A	0.972879304654	G	0.0222796787325	17685	65	405	23	18178	96023
UNKNOWN	256	C	0.989602816591	A	0.00467598195621	85	17989	31	73	18178	96023
UNKNOWN	257	A	0.979920783365	G	0.0134228187919	17813	83	244	38	18178	96023
UNKNOWN	258	C	0.967378149411	A	0.0208493783695	379	17585	105	109	18178	96023
UNKNOWN	259	C	0.987182308285	T	0.00984706788426	35	17945	19	179	18178	96023
UNKNOWN	260	T	0.980195841127	G	0.0103971834085	35	136	189	17818	18178	96023
UNKNOWN	261	G	0.987567389152	A	0.00726152492023	132	11	17952	83	18178	96023
UNKNOWN	262	A	0.986247111893	G	0.00863681373088	17928	73	157	20	18178	96023
UNKNOWN	263	G	0.93470128727	A	0.0430740455496	783	308	16991	96	18178	96023
UNKNOWN	264	G	0.986302123446	A	0.00902189459787	164	20	17929	65	18178	96023
UNKNOWN	265	A	0.987512377599	C	0.00693145560568	17951	126	69	32	18178	96023
UNKNOWN	266	C	0.974419628122	T	0.0112773682473	181	17713	79	205	18178	96023
UNKNOWN	267	A	0.979755748707	G	0.0121575530861	17810	58	221	89	18178	96023
UNKNOWN	268	C	0.988337550886	A	0.00429090108923	78	17966	78	56	18178	96023
UNKNOWN	269	G	0.958246231709	A	0.0352073935526	640	58	17419	61	18178	96023
UNKNOWN	270	G	0.986192100341	A	0.00577621300473	105	56	17927	90	18178	96023
UNKNOWN	271	C	0.988502585543	A	0.00632632852899	115	17969	77	17	18178	96023
UNKNOWN	272	C	0.98547695016	A	0.00737154802509	134	17914	41	89	18178	96023
UNKNOWN	273	A	0.988997689515	G	0.00495103971834	17978	50	90	60	18178	96023
UNKNOWN	274	C	0.984046649796	A	0.00830674441633	151	17888	40	99	18178	96023
UNKNOWN	275	A	0.957971173947	G	0.0272307184509	17414	119	495	150	18178	96023
UNKNOWN	276	T	0.989822862801	G	0.00467598195621	73	27	85	17993	18178	96023
UNKNOWN	277	A	0.988997689515	C	0.00632632852899	17978	115	54	31	18178	96023
UNKNOWN	278	C	0.92221366487	T	0.0738805149081	51	16764	20	1343	18178	96023
UNKNOWN	279	T	0.983056441853	A	0.00726152492023	132	91	85	17870	18178	96023
UNKNOWN	280	A	0.974804708989	C	0.0104521949609	17720	190	110	158	18178	96023
UNKNOWN	281	C	0.963142259875	T	0.032676862141	51	17508	25	594	18178	96023
UNKNOWN	282	T	0.987237319837	G	0.00808669820662	65	20	147	17946	18178	96023
