Type	Position	Nucl1	Freq1	Nucl2	Freq2	NumAs	NumCs	NumGs	NumTs	NumAligned	NumNaive
UNKNOWN	0	C	1.0	A	0.0	0	24475	0	0	24475	96023
UNKNOWN	1	A	1.0	C	0.0	24475	0	0	0	24475	96023
UNKNOWN	2	G	1.0	A	0.0	0	0	24475	0	24475	96023
UNKNOWN	3	G	1.0	A	0.0	0	0	24475	0	24475	96023
UNKNOWN	4	T	1.0	A	0.0	0	0	0	24475	24475	96023
UNKNOWN	5	G	1.0	A	0.0	0	0	24475	0	24475	96023
UNKNOWN	6	C	1.0	A	0.0	0	24475	0	0	24475	96023
UNKNOWN	7	A	0.997630234934	G	0.00212461695608	24417	3	52	3	24475	96023
UNKNOWN	8	G	0.991215526047	A	0.00723186925434	177	34	24260	4	24475	96023
UNKNOWN	9	C	0.996813074566	T	0.00245148110317	4	24397	14	60	24475	96023
UNKNOWN	10	T	0.99897854954	C	0.000898876404494	1	22	2	24450	24475	96023
UNKNOWN	11	G	0.998120531154	A	0.0017568947906	43	2	24429	1	24475	96023
UNKNOWN	12	C	0.999264555669	T	0.000612870275792	1	24457	2	15	24475	96023
UNKNOWN	13	G	0.998283963228	A	0.00167517875383	41	0	24433	1	24475	96023
UNKNOWN	14	G	0.961389172625	C	0.0372216547497	28	911	23530	6	24475	96023
UNKNOWN	15	G	0.999101123596	C	0.000490296220633	3	12	24453	7	24475	96023
UNKNOWN	16	A	0.997752808989	G	0.00155260469867	24420	7	38	10	24475	96023
UNKNOWN	17	G	0.996772216547	A	0.0029417773238	72	7	24396	0	24475	96023
UNKNOWN	18	T	0.99771195097	C	0.00163432073544	8	40	8	24419	24475	96023
UNKNOWN	19	C	0.999427987743	T	0.000326864147089	4	24461	2	8	24475	96023
UNKNOWN	20	G	0.997875383044	A	0.00171603677222	42	5	24423	5	24475	96023
UNKNOWN	21	G	0.999141981614	C	0.000531154239019	5	13	24454	3	24475	96023
UNKNOWN	22	G	0.999141981614	A	0.000408580183861	10	8	24454	3	24475	96023
UNKNOWN	23	C	0.999060265577	T	0.000694586312564	5	24452	1	17	24475	96023
UNKNOWN	24	C	0.999591419816	T	0.000286006128703	3	24465	0	7	24475	96023
UNKNOWN	25	C	0.99897854954	T	0.000653728294178	2	24450	7	16	24475	96023
UNKNOWN	26	C	0.999060265577	A	0.000653728294178	16	24452	1	6	24475	96023
UNKNOWN	27	A	0.997303370787	G	0.00220633299285	24409	7	54	5	24475	96023
UNKNOWN	28	G	0.991542390194	A	0.00649642492339	159	47	24268	1	24475	96023
UNKNOWN	29	C	0.996976506639	T	0.00273748723187	4	24401	3	67	24475	96023
UNKNOWN	30	C	0.998529111338	T	0.000694586312564	5	24439	14	17	24475	96023
UNKNOWN	31	T	0.996894790603	C	0.00183861082737	13	45	18	24399	24475	96023
UNKNOWN	32	G	0.994729315628	A	0.00416751787538	102	5	24346	22	24475	96023
UNKNOWN	33	G	0.996036772217	A	0.00216547497446	53	27	24378	17	24475	96023
UNKNOWN	34	T	0.997916241062	C	0.00122574055158	3	30	18	24424	24475	96023
UNKNOWN	35	G	0.995260469867	A	0.00326864147089	80	7	24359	29	24475	96023
UNKNOWN	36	A	0.99848825332	G	0.00073544433095	24438	10	18	9	24475	96023
UNKNOWN	37	A	0.995791624106	G	0.00302349336057	24372	18	74	11	24475	96023
UNKNOWN	38	G	0.998038815117	A	0.00106230847804	26	19	24427	3	24475	96023
UNKNOWN	39	C	0.996649642492	T	0.00245148110317	14	24393	8	60	24475	96023
UNKNOWN	40	C	0.999264555669	T	0.000408580183861	6	24457	2	10	24475	96023
UNKNOWN	41	C	0.997630234934	G	0.00151174668029	2	24417	37	19	24475	96023
UNKNOWN	42	T	0.996527068437	C	0.00310520939734	5	76	4	24390	24475	96023
UNKNOWN	43	C	0.998651685393	A	0.00093973442288	23	24442	2	8	24475	96023
UNKNOWN	44	A	0.995669050051	G	0.00249233912155	24369	37	61	8	24475	96023
UNKNOWN	45	C	0.997548518897	A	0.00134831460674	33	24415	24	3	24475	96023
UNKNOWN	46	A	0.996690500511	G	0.00212461695608	24394	24	52	5	24475	96023
UNKNOWN	47	G	0.99722165475	A	0.00196118488253	48	15	24407	5	24475	96023
UNKNOWN	48	A	0.996036772217	G	0.00236976506639	24378	26	58	13	24475	96023
UNKNOWN	49	C	0.997834525026	T	0.00106230847804	8	24422	19	26	24475	96023
UNKNOWN	50	C	0.99595505618	T	0.00216547497446	21	24376	25	53	24475	96023
UNKNOWN	51	C	0.999101123596	T	0.000776302349336	3	24453	0	19	24475	96023
UNKNOWN	52	T	0.996813074566	C	0.00310520939734	2	76	0	24397	24475	96023
UNKNOWN	53	C	0.998692543412	T	0.000980592441267	4	24443	4	24	24475	96023
UNKNOWN	54	T	0.996690500511	C	0.0026557711951	5	65	11	24394	24475	96023
UNKNOWN	55	C	0.99873340143	T	0.000653728294178	12	24444	3	16	24475	96023
UNKNOWN	56	C	0.996241062308	T	0.00245148110317	16	24383	16	60	24475	96023
UNKNOWN	57	C	0.996935648621	G	0.0017568947906	3	24400	43	29	24475	96023
UNKNOWN	58	T	0.996894790603	C	0.00286006128703	5	70	1	24399	24475	96023
UNKNOWN	59	C	0.997997957099	A	0.00122574055158	30	24426	1	18	24475	96023
UNKNOWN	60	A	0.994729315628	G	0.0026557711951	24346	37	65	27	24475	96023
UNKNOWN	61	C	0.997997957099	T	0.00126659856997	6	24426	12	31	24475	96023
UNKNOWN	62	C	0.992482124617	T	0.00539325842697	8	24291	44	132	24475	96023
UNKNOWN	63	T	0.997099080695	C	0.00179775280899	4	44	23	24404	24475	96023
UNKNOWN	64	G	0.99873340143	C	0.000858018386108	10	21	24444	0	24475	96023
UNKNOWN	65	C	0.992318692543	T	0.00629213483146	33	24287	1	154	24475	96023
UNKNOWN	66	A	0.993707865169	G	0.00339121552605	24321	49	83	22	24475	96023
UNKNOWN	67	C	0.996772216547	T	0.0017568947906	6	24396	30	43	24475	96023
UNKNOWN	68	G	0.977037793667	A	0.0218590398366	535	23	23913	4	24475	96023
UNKNOWN	69	G	0.706435137896	A	0.29139938713	7132	26	17290	27	24475	96023
UNKNOWN	70	T	0.991950970378	C	0.00747701736466	6	183	8	24278	24475	96023
UNKNOWN	71	C	0.983166496425	T	0.00915219611849	18	24063	170	224	24475	96023
UNKNOWN	72	T	0.994892747702	C	0.00400408580184	5	98	22	24350	24475	96023
UNKNOWN	73	C	0.99746680286	A	0.00130745658836	32	24413	1	29	24475	96023
UNKNOWN	74	T	0.995260469867	C	0.00253319713994	6	62	48	24359	24475	96023
UNKNOWN	75	G	0.997017364658	A	0.00228804902962	56	8	24402	9	24475	96023
UNKNOWN	76	G	0.995832482125	A	0.00249233912155	61	37	24373	4	24475	96023
UNKNOWN	77	A	0.989458631256	C	0.00551583248212	24217	135	91	32	24475	96023
UNKNOWN	78	T	0.759101123596	C	0.14431052094	49	3532	2315	18579	24475	96023
UNKNOWN	79	T	0.776874361593	G	0.156976506639	791	828	3842	19014	24475	96023
UNKNOWN	80	C	0.989662921348	T	0.00482124616956	25	24222	110	118	24475	96023
UNKNOWN	81	T	0.994075587334	C	0.00465781409602	6	114	25	24330	24475	96023
UNKNOWN	82	C	0.995383043922	T	0.00310520939734	33	24362	4	76	24475	96023
UNKNOWN	83	A	0.994525025536	G	0.00290091930541	24341	17	71	46	24475	96023
UNKNOWN	84	T	0.993340143003	C	0.00522982635342	12	128	23	24312	24475	96023
UNKNOWN	85	T	0.997099080695	C	0.00134831460674	7	33	31	24404	24475	96023
UNKNOWN	86	G	0.979611848825	A	0.0189172625128	463	16	23976	20	24475	96023
UNKNOWN	87	A	0.992236976507	G	0.0055975485189	24285	34	137	19	24475	96023
UNKNOWN	88	G	0.952277834525	A	0.0301532175689	738	353	23307	77	24475	96023
UNKNOWN	89	C	0.970091930541	T	0.0194892747702	143	23743	112	477	24475	96023
UNKNOWN	90	A	0.977568947906	G	0.0182635342186	23926	64	447	38	24475	96023
UNKNOWN	91	G	0.847150153218	A	0.109662921348	2684	759	20734	298	24475	96023
UNKNOWN	92	C	0.963391215526	T	0.0282328907048	123	23579	82	691	24475	96023
UNKNOWN	93	T	0.971440245148	A	0.0121348314607	297	207	195	23776	24475	96023
UNKNOWN	94	A	0.966618998979	G	0.0156077630235	23658	137	382	298	24475	96023
UNKNOWN	95	T	0.99191011236	C	0.00375893769152	16	92	90	24277	24475	96023
UNKNOWN	96	G	0.844616956078	A	0.10480081716	2565	367	20672	871	24475	96023
UNKNOWN	97	C	0.889642492339	T	0.0441675178754	591	21774	1029	1081	24475	96023
UNKNOWN	98	T	0.991787538304	C	0.00555669050051	30	136	35	24274	24475	96023
UNKNOWN	99	G	0.970051072523	A	0.0276608784474	677	17	23742	39	24475	96023
UNKNOWN	100	T	0.995383043922	C	0.00335035750766	25	82	6	24362	24475	96023
UNKNOWN	101	A	0.982431052094	G	0.00988764044944	24045	89	242	99	24475	96023
UNKNOWN	102	G	0.937773237998	A	0.0541368743616	1325	154	22952	44	24475	96023
UNKNOWN	103	G	0.852420837589	A	0.104841675179	2566	653	20863	393	24475	96023
UNKNOWN	104	C	0.985127681307	T	0.00821246169561	50	24111	113	201	24475	96023
UNKNOWN	105	T	0.997017364658	G	0.00155260469867	0	35	38	24402	24475	96023
UNKNOWN	106	G	0.998855975485	A	0.000490296220633	12	5	24447	11	24475	96023
UNKNOWN	107	G	0.999141981614	A	0.000326864147089	8	7	24454	6	24475	96023
UNKNOWN	108	G	0.981041879469	A	0.0136057201226	333	77	24011	54	24475	96023
UNKNOWN	109	T	0.995791624106	C	0.00367722165475	2	90	11	24372	24475	96023
UNKNOWN	110	C	0.997180796731	T	0.00192032686415	13	24406	9	47	24475	96023
UNKNOWN	111	C	0.997916241062	G	0.00106230847804	7	24424	26	18	24475	96023
UNKNOWN	112	G	0.998406537283	C	0.00106230847804	11	26	24436	2	24475	96023
UNKNOWN	113	C	0.996772216547	T	0.00167517875383	14	24396	24	41	24475	96023
UNKNOWN	114	C	0.997793667007	A	0.00143003064351	35	24421	5	14	24475	96023
UNKNOWN	115	A	0.994198161389	G	0.00478038815117	24333	22	117	3	24475	96023
UNKNOWN	116	G	0.998120531154	A	0.00155260469867	38	4	24429	4	24475	96023
UNKNOWN	117	G	0.983615934627	A	0.0132379979571	324	71	24074	6	24475	96023
UNKNOWN	118	C	0.996731358529	T	0.00196118488253	26	24395	6	48	24475	96023
UNKNOWN	119	T	0.993748723187	C	0.00531154239019	8	130	15	24322	24475	96023
UNKNOWN	120	C	0.997630234934	A	0.00110316649642	27	24417	8	23	24475	96023
UNKNOWN	121	C	0.997997957099	G	0.0011848825332	1	24426	29	19	24475	96023
UNKNOWN	122	G	0.986925434116	A	0.0126659856997	310	6	24155	4	24475	96023
UNKNOWN	123	G	0.999387129724	A	0.000490296220633	12	2	24460	1	24475	96023
UNKNOWN	124	G	0.998529111338	A	0.00102145045965	25	6	24439	5	24475	96023
UNKNOWN	125	G	0.989458631256	A	0.00956077630235	234	12	24217	12	24475	96023
UNKNOWN	126	A	0.996813074566	G	0.00216547497446	24397	19	53	6	24475	96023
UNKNOWN	127	A	0.992196118488	G	0.0061695607763	24284	17	151	23	24475	96023
UNKNOWN	128	G	0.998529111338	T	0.000694586312564	14	5	24439	17	24475	96023
UNKNOWN	129	G	0.988764044944	A	0.00776302349336	190	74	24200	11	24475	96023
UNKNOWN	130	C	0.991624106231	T	0.00653728294178	10	24270	35	160	24475	96023
UNKNOWN	131	G	0.98328907048	A	0.0122574055158	300	82	24066	27	24475	96023
UNKNOWN	132	C	0.990684371808	T	0.00572012257406	66	24247	22	140	24475	96023
UNKNOWN	133	T	0.985536261491	G	0.0076404494382	9	158	187	24121	24475	96023
UNKNOWN	134	G	0.981532175689	A	0.014708886619	360	21	24023	71	24475	96023
UNKNOWN	135	G	0.995914198161	A	0.00310520939734	76	17	24375	7	24475	96023
UNKNOWN	136	A	0.986925434116	G	0.0108682328907	24155	27	266	27	24475	96023
UNKNOWN	137	G	0.968416751788	A	0.0273340143003	669	52	23702	52	24475	96023
UNKNOWN	138	T	0.997058222676	G	0.00187946884576	4	22	46	24403	24475	96023
UNKNOWN	139	G	0.997180796731	A	0.00138917262513	34	9	24406	26	24475	96023
UNKNOWN	140	G	0.992563840654	C	0.00363636363636	26	89	24293	67	24475	96023
UNKNOWN	141	G	0.925025536261	A	0.0549540347293	1345	435	22640	55	24475	96023
UNKNOWN	142	T	0.997385086823	C	0.00143003064351	3	35	26	24411	24475	96023
UNKNOWN	143	T	0.982308478039	C	0.0100919305414	25	247	161	24042	24475	96023
UNKNOWN	144	G	0.994116445352	A	0.00502553626149	123	3	24331	18	24475	96023
UNKNOWN	145	G	0.990766087845	C	0.00604698672114	19	148	24249	59	24475	96023
UNKNOWN	146	T	0.971521961185	G	0.0122574055158	206	191	300	23778	24475	96023
UNKNOWN	147	G	0.793340143003	A	0.180919305414	4428	105	19417	525	24475	96023
UNKNOWN	148	G	0.777895812053	A	0.162328907048	3973	772	19039	691	24475	96023
UNKNOWN	149	T	0.937078651685	G	0.0259039836568	602	304	634	22935	24475	96023
UNKNOWN	150	A	0.9382226762	G	0.053442288049	22963	98	1308	106	24475	96023
UNKNOWN	151	T	0.988192032686	C	0.00567926455567	66	139	84	24186	24475	96023
UNKNOWN	152	A	0.936384065373	G	0.0253728294178	22918	384	621	552	24475	96023
UNKNOWN	153	A	0.91873340143	G	0.0694586312564	22486	169	1700	120	24475	96023
UNKNOWN	154	G	0.839591419816	A	0.111869254341	2738	942	20549	246	24475	96023
UNKNOWN	155	T	0.956322778345	C	0.0207558733401	269	508	292	23406	24475	96023
UNKNOWN	156	A	0.832236976507	G	0.142717058223	20369	406	3493	207	24475	96023
UNKNOWN	157	G	0.857037793667	A	0.0720735444331	1764	1135	20976	600	24475	96023
UNKNOWN	158	T	0.960898876404	G	0.0169560776302	358	184	415	23518	24475	96023
UNKNOWN	159	G	0.745944841675	A	0.191460674157	4686	982	18257	550	24475	96023
UNKNOWN	160	G	0.78026557712	A	0.135526046987	3317	1651	19097	410	24475	96023
UNKNOWN	161	T	0.967558733401	G	0.0134831460674	150	314	330	23681	24475	96023
UNKNOWN	162	G	0.990561797753	A	0.00776302349336	190	12	24244	29	24475	96023
UNKNOWN	163	G	0.984473953013	A	0.0100102145046	245	92	24095	43	24475	96023
UNKNOWN	164	A	0.966945863126	G	0.0212870275792	23666	131	521	157	24475	96023
UNKNOWN	165	A	0.925638406537	G	0.0621859039837	22655	169	1522	129	24475	96023
UNKNOWN	166	G	0.727395301328	A	0.166169560776	4067	1640	17803	965	24475	96023
UNKNOWN	167	C	0.858794688458	G	0.062962206333	891	21019	1541	1024	24475	96023
UNKNOWN	168	A	0.978835546476	G	0.0132379979571	23957	127	324	67	24475	96023
UNKNOWN	169	C	0.948968335036	T	0.0388151174668	204	23226	95	950	24475	96023
UNKNOWN	170	A	0.970745658836	C	0.0143820224719	23759	352	206	158	24475	96023
UNKNOWN	171	T	0.975158324821	G	0.0116036772217	83	241	284	23867	24475	96023
UNKNOWN	172	G	0.973483146067	A	0.0209601634321	513	74	23826	62	24475	96023
UNKNOWN	173	C	0.980102145046	T	0.0133197139939	34	23988	127	326	24475	96023
UNKNOWN	174	C	0.962247191011	T	0.0255362614913	136	23551	163	625	24475	96023
UNKNOWN	175	T	0.958692543412	A	0.0195301327886	478	315	218	23464	24475	96023
UNKNOWN	176	T	0.96808988764	C	0.0170786516854	144	418	219	23694	24475	96023
UNKNOWN	177	A	0.989295199183	G	0.00551583248212	24213	120	135	7	24475	96023
UNKNOWN	178	A	0.98455566905	G	0.00862104187947	24097	152	211	15	24475	96023
UNKNOWN	179	C	0.881552604699	T	0.107456588355	55	21576	214	2630	24475	96023
UNKNOWN	180	C	0.947538304392	T	0.0325229826353	109	23191	379	796	24475	96023
UNKNOWN	181	C	0.986108273749	A	0.00682328907048	167	24135	55	118	24475	96023
UNKNOWN	182	A	0.98811031665	G	0.00776302349336	24184	74	190	27	24475	96023
UNKNOWN	183	G	0.975158324821	A	0.0146271705822	358	96	23867	154	24475	96023
UNKNOWN	184	C	0.980633299285	T	0.0127885597549	46	24001	115	313	24475	96023
UNKNOWN	185	C	0.997180796731	T	0.0014708886619	21	24406	12	36	24475	96023
UNKNOWN	186	C	0.99366700715	T	0.00490296220633	16	24320	19	120	24475	96023
UNKNOWN	187	T	0.992808988764	C	0.00326864147089	36	80	60	24299	24475	96023
UNKNOWN	188	G	0.976138917263	A	0.0192032686415	470	32	23891	82	24475	96023
UNKNOWN	189	A	0.989009193054	G	0.00678243105209	24206	86	166	17	24475	96023
UNKNOWN	190	A	0.990929519918	C	0.00437180796731	24253	107	77	38	24475	96023
UNKNOWN	191	A	0.985127681307	G	0.00629213483146	24111	130	154	80	24475	96023
UNKNOWN	192	T	0.989785495403	C	0.00629213483146	31	154	65	24225	24475	96023
UNKNOWN	193	C	0.995628192033	A	0.00224719101124	55	24368	10	42	24475	96023
UNKNOWN	194	C	0.990602655771	T	0.00625127681307	19	24245	58	153	24475	96023
UNKNOWN	195	C	0.995832482125	G	0.00273748723187	14	24373	67	21	24475	96023
UNKNOWN	196	G	0.9964453524	A	0.0017568947906	43	18	24388	26	24475	96023
UNKNOWN	197	G	0.936874361593	A	0.0500919305414	1226	234	22930	85	24475	96023
UNKNOWN	198	C	0.979448416752	T	0.0129928498468	65	23972	120	318	24475	96023
UNKNOWN	199	T	0.991215526047	C	0.00657814096016	25	161	29	24260	24475	96023
UNKNOWN	200	C	0.988314606742	T	0.00674157303371	77	24189	44	165	24475	96023
UNKNOWN	201	A	0.991624106231	G	0.00612870275792	24270	51	150	4	24475	96023
UNKNOWN	202	G	0.977282941777	C	0.0162206332993	66	397	23919	93	24475	96023
UNKNOWN	203	C	0.956853932584	T	0.0318692543412	183	23419	93	780	24475	96023
UNKNOWN	204	A	0.985863125638	G	0.0091113381001	24129	55	223	68	24475	96023
UNKNOWN	205	T	0.994565883555	C	0.00437180796731	15	107	11	24342	24475	96023
UNKNOWN	206	C	0.987987742594	T	0.00686414708887	90	24181	36	168	24475	96023
UNKNOWN	207	A	0.989785495403	G	0.00437180796731	24225	92	107	51	24475	96023
UNKNOWN	208	C	0.985005107252	G	0.00768130745659	45	24108	188	134	24475	96023
UNKNOWN	209	C	0.968294177732	T	0.0146680286006	169	23699	248	359	24475	96023
UNKNOWN	210	A	0.990929519918	G	0.00478038815117	24253	86	117	19	24475	96023
UNKNOWN	211	A	0.98811031665	G	0.00964249233912	24184	33	236	22	24475	96023
UNKNOWN	212	G	0.990275791624	A	0.00690500510725	169	45	24237	24	24475	96023
UNKNOWN	213	G	0.990316649642	A	0.00776302349336	190	25	24238	22	24475	96023
UNKNOWN	214	A	0.991052093973	C	0.00449438202247	24256	110	62	47	24475	96023
UNKNOWN	215	C	0.978304392237	T	0.0155260469867	89	23944	62	380	24475	96023
UNKNOWN	216	A	0.987660878447	G	0.00866189989785	24173	46	212	44	24475	96023
UNKNOWN	217	A	0.982349336057	G	0.00964249233912	24043	130	236	66	24475	96023
UNKNOWN	218	C	0.97519918284	T	0.0171195097038	38	23868	150	419	24475	96023
UNKNOWN	219	T	0.991174668029	C	0.00453524004086	50	111	55	24259	24475	96023
UNKNOWN	220	C	0.994443309499	T	0.00257405515832	62	24339	11	63	24475	96023
UNKNOWN	221	C	0.990561797753	A	0.00445352400409	109	24244	38	84	24475	96023
UNKNOWN	222	A	0.990725229826	G	0.00498467824311	24248	99	122	6	24475	96023
UNKNOWN	223	A	0.987252298264	G	0.0102962206333	24163	31	252	29	24475	96023
UNKNOWN	224	G	0.988069458631	A	0.00702757916241	172	103	24183	17	24475	96023
UNKNOWN	225	A	0.98937691522	G	0.00743615934627	24215	53	182	25	24475	96023
UNKNOWN	226	G	0.958937691522	A	0.034075587334	834	157	23470	14	24475	96023
UNKNOWN	227	C	0.963758937692	T	0.031215526047	58	23588	65	764	24475	96023
UNKNOWN	228	C	0.991419816139	A	0.00486210418795	119	24265	78	13	24475	96023
UNKNOWN	229	A	0.994647599591	G	0.00318692543412	24344	12	78	41	24475	96023
UNKNOWN	230	A	0.975117466803	G	0.0201430030644	23866	94	493	22	24475	96023
UNKNOWN	231	G	0.964167517875	A	0.0225536261491	552	164	23598	161	24475	96023
UNKNOWN	232	T	0.992849846782	C	0.00608784473953	16	149	10	24300	24475	96023
UNKNOWN	233	C	0.950112359551	T	0.0337487231869	95	23254	300	826	24475	96023
UNKNOWN	234	T	0.991378958121	C	0.00547497446374	24	134	53	24264	24475	96023
UNKNOWN	235	C	0.988232890705	T	0.00992849846782	41	24187	4	243	24475	96023
UNKNOWN	236	T	0.984882533197	C	0.00968335035751	42	237	91	24105	24475	96023
UNKNOWN	237	C	0.992768130746	T	0.00539325842697	30	24298	15	132	24475	96023
UNKNOWN	238	T	0.995260469867	G	0.00269662921348	10	40	66	24359	24475	96023
UNKNOWN	239	G	0.958896833504	A	0.0309703779367	758	127	23469	121	24475	96023
UNKNOWN	240	T	0.991746680286	C	0.00375893769152	54	92	56	24273	24475	96023
UNKNOWN	241	C	0.987293156282	T	0.00841675178754	93	24164	12	206	24475	96023
UNKNOWN	242	A	0.980020429009	G	0.0129928498468	23986	126	318	45	24475	96023
UNKNOWN	243	G	0.91064351379	A	0.0415117466803	1016	957	22288	214	24475	96023
UNKNOWN	244	T	0.993953013279	G	0.00306435137896	18	55	75	24327	24475	96023
UNKNOWN	245	G	0.97164453524	A	0.0203881511747	499	116	23781	79	24475	96023
UNKNOWN	246	A	0.984433094995	G	0.0112359550562	24094	97	275	9	24475	96023
UNKNOWN	247	G	0.93037793667	A	0.0493564862104	1208	346	22771	150	24475	96023
UNKNOWN	248	C	0.95975485189	T	0.0271705822268	219	23490	101	665	24475	96023
UNKNOWN	249	A	0.982717058223	G	0.0158937691522	24052	30	389	4	24475	96023
UNKNOWN	250	G	0.97899897855	A	0.0138508682329	339	142	23961	33	24475	96023
UNKNOWN	251	C	0.978304392237	T	0.0162206332993	25	23944	109	397	24475	96023
UNKNOWN	252	G	0.988028600613	A	0.00698672114402	171	41	24182	81	24475	96023
UNKNOWN	253	T	0.990030643514	C	0.00584269662921	22	143	79	24231	24475	96023
UNKNOWN	254	G	0.956241062308	A	0.026026557712	637	91	23404	343	24475	96023
UNKNOWN	255	A	0.987579162411	G	0.0070684371808	24171	83	173	48	24475	96023
UNKNOWN	256	C	0.989662921348	A	0.00478038815117	117	24222	33	103	24475	96023
UNKNOWN	257	A	0.977773237998	G	0.0128294177732	23931	117	314	113	24475	96023
UNKNOWN	258	C	0.709254341164	A	0.274443309499	6717	17359	265	134	24475	96023
UNKNOWN	259	C	0.975240040858	T	0.0141368743616	78	23869	182	346	24475	96023
UNKNOWN	260	T	0.97948927477	G	0.0106639427988	61	180	261	23973	24475	96023
UNKNOWN	261	G	0.987742594484	A	0.0085393258427	209	20	24175	71	24475	96023
UNKNOWN	262	A	0.987374872319	G	0.00841675178754	24166	85	206	18	24475	96023
UNKNOWN	263	G	0.940306435138	A	0.0359959141982	881	449	23014	131	24475	96023
UNKNOWN	264	G	0.988028600613	A	0.00747701736466	183	22	24182	88	24475	96023
UNKNOWN	265	A	0.988764044944	C	0.00629213483146	24200	154	82	39	24475	96023
UNKNOWN	266	C	0.974668028601	T	0.01164453524	220	23855	115	285	24475	96023
UNKNOWN	267	A	0.977201225741	G	0.0118079673136	23917	72	289	197	24475	96023
UNKNOWN	268	C	0.989050051073	A	0.00453524004086	111	24207	102	55	24475	96023
UNKNOWN	269	G	0.96682328907	A	0.0279877425945	685	63	23663	64	24475	96023
UNKNOWN	270	G	0.986802860061	A	0.00596527068437	146	80	24152	97	24475	96023
UNKNOWN	271	C	0.990153217569	A	0.00621041879469	152	24234	67	22	24475	96023
UNKNOWN	272	C	0.988396322778	A	0.00653728294178	160	24191	50	74	24475	96023
UNKNOWN	273	A	0.98582226762	T	0.00715015321757	24128	69	103	175	24475	96023
UNKNOWN	274	C	0.985536261491	A	0.00808988764045	198	24121	42	114	24475	96023
UNKNOWN	275	A	0.969969356486	G	0.0151583248212	23740	157	371	207	24475	96023
UNKNOWN	276	T	0.991256384065	A	0.00388151174668	95	36	83	24261	24475	96023
UNKNOWN	277	A	0.990194075587	C	0.00527068437181	24235	129	62	49	24475	96023
UNKNOWN	278	C	0.943779366701	T	0.0520531154239	64	23099	38	1274	24475	96023
UNKNOWN	279	T	0.984678243105	C	0.00522982635342	119	128	128	24100	24475	96023
UNKNOWN	280	A	0.974627170582	T	0.0117671092952	23854	193	140	288	24475	96023
UNKNOWN	281	C	0.964984678243	T	0.0321144024515	42	23618	29	786	24475	96023
UNKNOWN	282	T	0.987129724208	G	0.00907048008172	64	29	222	24160	24475	96023
