Type	Position	Nucl1	Freq1	Nucl2	Freq2	NumAs	NumCs	NumGs	NumTs	NumAligned	NumNaive
UNKNOWN	0	C	1.0	A	0.0	0	10577	0	0	10577	101406
UNKNOWN	1	A	1.0	C	0.0	10577	0	0	0	10577	101406
UNKNOWN	2	G	1.0	A	0.0	0	0	10577	0	10577	101406
UNKNOWN	3	G	1.0	A	0.0	0	0	10577	0	10577	101406
UNKNOWN	4	T	1.0	A	0.0	0	0	0	10577	10577	101406
UNKNOWN	5	G	1.0	A	0.0	0	0	10577	0	10577	101406
UNKNOWN	6	C	1.0	A	0.0	0	10577	0	0	10577	101406
UNKNOWN	7	A	0.996123664555	G	0.00236361917368	10536	2	25	14	10577	101406
UNKNOWN	8	G	0.988276448899	A	0.0114399168006	121	2	10453	1	10577	101406
UNKNOWN	9	C	0.998014559894	T	0.0016072610381	1	10556	3	17	10577	101406
UNKNOWN	10	T	0.998865462797	C	0.00103999243642	1	11	0	10565	10577	101406
UNKNOWN	11	G	0.998109104661	A	0.00170180580505	18	0	10557	2	10577	101406
UNKNOWN	12	C	0.999716365699	T	0.000189089533894	1	10574	0	2	10577	101406
UNKNOWN	13	G	0.999149097097	A	0.000850902902524	9	0	10568	0	10577	101406
UNKNOWN	14	C	0.819324950364	G	0.178311430462	20	8666	1886	5	10577	101406
UNKNOWN	15	G	0.999432731398	A	0.000567268601683	6	0	10571	0	10577	101406
UNKNOWN	16	A	0.998392738962	G	0.000850902902524	10560	5	9	3	10577	101406
UNKNOWN	17	G	0.993570955848	A	0.00605086508462	64	2	10509	2	10577	101406
UNKNOWN	18	T	0.997636380826	C	0.00122908197031	9	13	3	10552	10577	101406
UNKNOWN	19	C	0.998581828496	G	0.00113453720337	1	10562	12	2	10577	101406
UNKNOWN	20	G	0.983076486716	A	0.0167344237496	177	1	10398	1	10577	101406
UNKNOWN	21	G	0.998203649428	A	0.000945447669471	10	6	10558	3	10577	101406
UNKNOWN	22	G	0.999243641864	A	0.000472723834736	5	3	10569	0	10577	101406
UNKNOWN	23	C	0.999432731398	T	0.000472723834736	1	10571	0	5	10577	101406
UNKNOWN	24	C	0.998298194195	A	0.000756358135577	8	10559	3	7	10577	101406
UNKNOWN	25	C	0.998581828496	A	0.00066181336863	7	10562	1	7	10577	101406
UNKNOWN	26	C	0.998676373263	A	0.000756358135577	8	10563	1	5	10577	101406
UNKNOWN	27	A	0.995934575021	G	0.00378179067789	10534	3	40	0	10577	101406
UNKNOWN	28	G	0.995178216886	A	0.00387633544483	41	8	10526	2	10577	101406
UNKNOWN	29	C	0.99782547036	T	0.00189089533894	0	10554	3	20	10577	101406
UNKNOWN	30	C	0.999621820932	T	0.000283634300841	1	10573	0	3	10577	101406
UNKNOWN	31	T	0.998581828496	C	0.00103999243642	0	11	4	10562	10577	101406
UNKNOWN	32	G	0.996880022691	A	0.00274179824147	29	4	10544	0	10577	101406
UNKNOWN	33	G	0.998298194195	C	0.00113453720337	3	12	10559	3	10577	101406
UNKNOWN	34	T	0.998203649428	C	0.00141817150421	1	15	3	10558	10577	101406
UNKNOWN	35	G	0.998298194195	A	0.00151271627115	16	0	10559	2	10577	101406
UNKNOWN	36	A	0.998109104661	C	0.000945447669471	10557	10	7	3	10577	101406
UNKNOWN	37	A	0.996880022691	G	0.00189089533894	10544	4	20	9	10577	101406
UNKNOWN	38	G	0.999338186631	C	0.000378179067789	3	4	10570	0	10577	101406
UNKNOWN	39	C	0.998298194195	T	0.00103999243642	1	10559	6	11	10577	101406
UNKNOWN	40	C	0.999527276165	A	0.000283634300841	3	10572	0	2	10577	101406
UNKNOWN	41	C	0.998014559894	G	0.00132362673726	3	10556	14	4	10577	101406
UNKNOWN	42	T	0.997920015127	C	0.00141817150421	5	15	2	10555	10577	101406
UNKNOWN	43	C	0.999054552331	A	0.000567268601683	6	10567	0	4	10577	101406
UNKNOWN	44	A	0.997163656992	G	0.00217452963978	10547	5	23	2	10577	101406
UNKNOWN	45	C	0.998581828496	G	0.00066181336863	6	10562	7	2	10577	101406
UNKNOWN	46	A	0.998298194195	G	0.00122908197031	10559	4	13	1	10577	101406
UNKNOWN	47	G	0.997163656992	A	0.00264725347452	28	1	10547	1	10577	101406
UNKNOWN	48	A	0.99782547036	G	0.0016072610381	10554	4	17	2	10577	101406
UNKNOWN	49	C	0.998014559894	T	0.00122908197031	2	10556	6	13	10577	101406
UNKNOWN	50	C	0.998014559894	T	0.00141817150421	6	10556	0	15	10577	101406
UNKNOWN	51	C	0.999054552331	T	0.000945447669471	0	10567	0	10	10577	101406
UNKNOWN	52	T	0.997163656992	C	0.00255270870757	3	27	0	10547	10577	101406
UNKNOWN	53	C	0.999243641864	T	0.000567268601683	2	10569	0	6	10577	101406
UNKNOWN	54	T	0.996218209322	C	0.00302543254231	6	32	2	10537	10577	101406
UNKNOWN	55	C	0.99877091803	A	0.000567268601683	6	10564	2	5	10577	101406
UNKNOWN	56	C	0.997541836059	T	0.00198544010589	0	10551	5	21	10577	101406
UNKNOWN	57	C	0.998581828496	T	0.000756358135577	4	10562	3	8	10577	101406
UNKNOWN	58	T	0.997920015127	C	0.00198544010589	0	21	1	10555	10577	101406
UNKNOWN	59	C	0.998298194195	A	0.000850902902524	9	10559	0	9	10577	101406
UNKNOWN	60	A	0.99782547036	G	0.00122908197031	10554	8	13	2	10577	101406
UNKNOWN	61	C	0.995934575021	T	0.00226907440673	1	10534	18	24	10577	101406
UNKNOWN	62	C	0.986858277394	T	0.0123853644701	3	10438	5	131	10577	101406
UNKNOWN	63	T	0.998487283729	C	0.00122908197031	0	13	3	10561	10577	101406
UNKNOWN	64	G	0.999149097097	A	0.000472723834736	5	4	10568	0	10577	101406
UNKNOWN	65	C	0.999243641864	A	0.00066181336863	7	10569	0	1	10577	101406
UNKNOWN	66	A	0.997163656992	C	0.0016072610381	10547	17	9	4	10577	101406
UNKNOWN	67	C	0.998960007564	T	0.000472723834736	1	10566	5	5	10577	101406
UNKNOWN	68	G	0.996218209322	A	0.00330906684315	35	2	10537	3	10577	101406
UNKNOWN	69	G	0.963694809492	A	0.0353597428382	374	7	10193	3	10577	101406
UNKNOWN	70	T	0.994138224449	C	0.00538905171599	2	57	3	10515	10577	101406
UNKNOWN	71	C	0.987520090763	G	0.00964356622861	1	10445	102	29	10577	101406
UNKNOWN	72	T	0.997352746525	C	0.00236361917368	1	25	2	10549	10577	101406
UNKNOWN	73	C	0.999243641864	T	0.000378179067789	3	10569	1	4	10577	101406
UNKNOWN	74	T	0.995934575021	C	0.00264725347452	2	28	13	10534	10577	101406
UNKNOWN	75	G	0.99782547036	A	0.00198544010589	21	1	10554	1	10577	101406
UNKNOWN	76	G	0.995745485487	A	0.00302543254231	32	5	10532	8	10577	101406
UNKNOWN	77	A	0.985061926822	G	0.00879266332608	10419	62	93	3	10577	101406
UNKNOWN	78	T	0.957833033942	G	0.026756169046	10	153	283	10131	10577	101406
UNKNOWN	79	T	0.977498345467	G	0.0150326179446	32	47	159	10339	10577	101406
UNKNOWN	80	C	0.993003687246	T	0.00529450694904	12	10503	6	56	10577	101406
UNKNOWN	81	T	0.996123664555	C	0.00264725347452	3	28	10	10536	10577	101406
UNKNOWN	82	C	0.99782547036	A	0.00113453720337	12	10554	2	9	10577	101406
UNKNOWN	83	A	0.997069112225	G	0.00189089533894	10546	6	20	5	10577	101406
UNKNOWN	84	T	0.994800037818	C	0.00359270114399	2	38	15	10522	10577	101406
UNKNOWN	85	T	0.998487283729	G	0.000850902902524	1	6	9	10561	10577	101406
UNKNOWN	86	G	0.988560083199	A	0.0105890138981	112	1	10456	8	10577	101406
UNKNOWN	87	A	0.995461851187	G	0.00349815637704	10529	8	37	3	10577	101406
UNKNOWN	88	G	0.969934764111	A	0.0211780277962	224	76	10259	18	10577	101406
UNKNOWN	89	C	0.972392928051	T	0.0187198638555	40	10285	54	198	10577	101406
UNKNOWN	90	A	0.9774038007	G	0.017868960953	10338	37	189	13	10577	101406
UNKNOWN	91	G	0.863288266994	A	0.0918975134726	972	332	9131	142	10577	101406
UNKNOWN	92	C	0.969462040276	T	0.0159780656141	36	10254	118	169	10577	101406
UNKNOWN	93	T	0.980618322776	C	0.0098326557625	61	104	40	10372	10577	101406
UNKNOWN	94	A	0.9774038007	C	0.0108726481989	10338	115	48	76	10577	101406
UNKNOWN	95	T	0.989694620403	C	0.00699631275409	8	74	27	10468	10577	101406
UNKNOWN	96	G	0.885506287227	A	0.0793230594687	839	162	9366	210	10577	101406
UNKNOWN	97	C	0.908291576061	G	0.0434905927957	175	9607	460	335	10577	101406
UNKNOWN	98	T	0.989883709937	C	0.00652358891935	23	69	15	10470	10577	101406
UNKNOWN	99	G	0.953767608963	A	0.0424506003593	449	3	10088	37	10577	101406
UNKNOWN	100	T	0.997069112225	C	0.00245816394063	4	26	1	10546	10577	101406
UNKNOWN	101	A	0.974945636759	G	0.0165453342158	10312	49	175	41	10577	101406
UNKNOWN	102	A	0.799754183606	G	0.192776779805	8459	49	2039	30	10577	101406
UNKNOWN	103	G	0.833128486338	A	0.10437742271	1104	517	8812	144	10577	101406
UNKNOWN	104	C	0.983832844852	T	0.0119126406353	14	10406	31	126	10577	101406
UNKNOWN	105	T	0.998298194195	C	0.000850902902524	1	9	8	10559	10577	101406
UNKNOWN	106	G	0.998960007564	A	0.000378179067789	4	3	10566	4	10577	101406
UNKNOWN	107	G	0.999527276165	A	0.000283634300841	3	1	10572	1	10577	101406
UNKNOWN	108	G	0.971352935615	A	0.0170180580505	180	62	10274	61	10577	101406
UNKNOWN	109	T	0.995556395953	C	0.00368724591094	3	39	5	10530	10577	101406
UNKNOWN	110	C	0.997447291292	T	0.00132362673726	1	10550	12	14	10577	101406
UNKNOWN	111	C	0.999054552331	G	0.000472723834736	2	10567	5	3	10577	101406
UNKNOWN	112	G	0.999338186631	C	0.000472723834736	2	5	10570	0	10577	101406
UNKNOWN	113	C	0.997163656992	T	0.00207998487284	6	10547	2	22	10577	101406
UNKNOWN	114	C	0.998676373263	A	0.000850902902524	9	10563	0	5	10577	101406
UNKNOWN	115	A	0.994516403517	G	0.00387633544483	10519	11	41	6	10577	101406
UNKNOWN	116	G	0.998392738962	A	0.000850902902524	9	8	10560	0	10577	101406
UNKNOWN	117	G	0.985723740191	A	0.0123853644701	131	19	10426	1	10577	101406
UNKNOWN	118	C	0.996218209322	T	0.001796350572	2	10537	19	19	10577	101406
UNKNOWN	119	T	0.995745485487	C	0.00368724591094	3	39	3	10532	10577	101406
UNKNOWN	120	C	0.998581828496	T	0.000756358135577	5	10562	2	8	10577	101406
UNKNOWN	121	C	0.998676373263	A	0.00113453720337	12	10563	0	2	10577	101406
UNKNOWN	122	A	0.967287510636	G	0.0307270492578	10231	20	325	1	10577	101406
UNKNOWN	123	G	0.998960007564	A	0.00066181336863	7	0	10566	4	10577	101406
UNKNOWN	124	G	0.999527276165	T	0.000283634300841	2	0	10572	3	10577	101406
UNKNOWN	125	G	0.996785477924	A	0.00293088777536	31	0	10543	3	10577	101406
UNKNOWN	126	A	0.997636380826	G	0.001796350572	10552	5	19	1	10577	101406
UNKNOWN	127	A	0.995178216886	G	0.00397088021178	10526	9	42	0	10577	101406
UNKNOWN	128	G	0.999243641864	A	0.000378179067789	4	1	10569	3	10577	101406
UNKNOWN	129	G	0.986291008793	A	0.0116290063345	123	19	10432	3	10577	101406
UNKNOWN	130	C	0.997920015127	T	0.00103999243642	2	10555	9	11	10577	101406
UNKNOWN	131	G	0.948189467713	A	0.0342252056349	362	48	10029	138	10577	101406
UNKNOWN	132	C	0.995556395953	T	0.0034036116101	5	10530	6	36	10577	101406
UNKNOWN	133	T	0.994516403517	C	0.00359270114399	3	38	17	10519	10577	101406
UNKNOWN	134	G	0.955563959535	T	0.037534272478	66	7	10107	397	10577	101406
UNKNOWN	135	G	0.99877091803	A	0.000850902902524	9	3	10564	1	10577	101406
UNKNOWN	136	A	0.99659638839	G	0.00198544010589	10541	12	21	3	10577	101406
UNKNOWN	137	G	0.987141911695	A	0.0113453720337	120	2	10441	14	10577	101406
UNKNOWN	138	T	0.998298194195	C	0.000850902902524	1	9	8	10559	10577	101406
UNKNOWN	139	G	0.987803725064	A	0.00813084995745	86	16	10448	27	10577	101406
UNKNOWN	140	C	0.755412687908	G	0.190224071098	36	7990	2012	539	10577	101406
UNKNOWN	141	C	0.847593835681	G	0.13718445684	148	8965	1451	13	10577	101406
UNKNOWN	142	T	0.99319277678	C	0.00359270114399	14	38	20	10505	10577	101406
UNKNOWN	143	C	0.768081686679	T	0.226056537771	14	8124	48	2391	10577	101406
UNKNOWN	144	G	0.99536730642	A	0.00349815637704	37	4	10528	8	10577	101406
UNKNOWN	145	G	0.986952822161	C	0.0105890138981	7	112	10439	19	10577	101406
UNKNOWN	146	T	0.973432920488	C	0.0115344615676	62	122	97	10296	10577	101406
UNKNOWN	147	G	0.711827550345	A	0.232296492389	2457	127	7529	464	10577	101406
UNKNOWN	148	G	0.597144748038	A	0.311146828023	3291	641	6316	329	10577	101406
UNKNOWN	149	T	0.939964072989	G	0.0219343859317	190	213	232	9942	10577	101406
UNKNOWN	150	A	0.93930225962	G	0.0544577857616	9935	19	576	47	10577	101406
UNKNOWN	151	T	0.994327313983	C	0.00264725347452	24	28	8	10517	10577	101406
UNKNOWN	152	A	0.962182093221	T	0.0154107970124	10177	80	157	163	10577	101406
UNKNOWN	153	A	0.942894960764	G	0.0508650846176	9973	32	538	34	10577	101406
UNKNOWN	154	G	0.892313510447	A	0.0717594781129	759	314	9438	66	10577	101406
UNKNOWN	155	C	0.888153540702	T	0.085941193155	186	9394	88	909	10577	101406
UNKNOWN	156	A	0.904793419684	G	0.0883993570956	9570	59	935	13	10577	101406
UNKNOWN	157	G	0.944124042734	A	0.0290252434528	307	172	9986	112	10577	101406
UNKNOWN	158	T	0.966814786802	G	0.0133308121395	72	138	141	10226	10577	101406
UNKNOWN	159	G	0.896946204028	A	0.0845230216508	894	158	9487	38	10577	101406
UNKNOWN	160	G	0.92909142479	A	0.0436796823296	462	190	9827	98	10577	101406
UNKNOWN	161	T	0.987898269831	C	0.00567268601683	22	60	46	10449	10577	101406
UNKNOWN	162	G	0.995840030254	A	0.0032145220762	34	3	10533	7	10577	101406
UNKNOWN	163	G	0.986952822161	A	0.00709085752104	75	19	10439	44	10577	101406
UNKNOWN	164	A	0.949985818285	G	0.035737921906	10048	106	378	45	10577	101406
UNKNOWN	165	A	0.942422236929	G	0.0499196369481	9968	45	528	36	10577	101406
UNKNOWN	166	G	0.705965774794	A	0.151838895717	1606	917	7467	587	10577	101406
UNKNOWN	167	C	0.929753238158	T	0.0300652358892	210	9834	215	318	10577	101406
UNKNOWN	168	A	0.97986196464	G	0.0148435284107	10364	44	157	12	10577	101406
UNKNOWN	169	C	0.980996501844	T	0.0098326557625	69	10376	28	104	10577	101406
UNKNOWN	170	A	0.987992814598	G	0.00633449938546	10450	26	67	34	10577	101406
UNKNOWN	171	G	0.830386688097	T	0.124515458069	363	114	8783	1317	10577	101406
UNKNOWN	172	G	0.758816299518	A	0.191925876903	2030	273	8026	248	10577	101406
UNKNOWN	173	C	0.977971069301	G	0.0138035359743	26	10344	146	61	10577	101406
UNKNOWN	174	T	0.993570955848	A	0.0032145220762	34	29	5	10509	10577	101406
UNKNOWN	175	A	0.987520090763	T	0.00964356622861	10445	21	9	102	10577	101406
UNKNOWN	176	T	0.97400018909	C	0.0225016545334	25	238	12	10302	10577	101406
UNKNOWN	177	A	0.98978916517	G	0.00595632031767	10469	43	63	2	10577	101406
UNKNOWN	178	A	0.986574643094	C	0.00671267845325	10435	71	57	14	10577	101406
UNKNOWN	179	C	0.931171409662	T	0.0575777630708	21	9849	98	609	10577	101406
UNKNOWN	180	C	0.932116857332	T	0.0456651224355	54	9859	181	483	10577	101406
UNKNOWN	181	C	0.985156471589	A	0.00794176042356	84	10420	33	40	10577	101406
UNKNOWN	182	A	0.990167344237	G	0.00605086508462	10473	33	64	7	10577	101406
UNKNOWN	183	G	0.988654627966	A	0.00794176042356	84	28	10457	8	10577	101406
UNKNOWN	184	C	0.983076486716	T	0.00727994705493	56	10398	46	77	10577	101406
UNKNOWN	185	C	0.99782547036	T	0.0016072610381	4	10554	2	17	10577	101406
UNKNOWN	186	C	0.995461851187	T	0.00349815637704	8	10529	3	37	10577	101406
UNKNOWN	187	T	0.995934575021	G	0.00170180580505	9	16	18	10534	10577	101406
UNKNOWN	188	G	0.981469225678	A	0.0135199016734	143	20	10381	33	10577	101406
UNKNOWN	189	A	0.993854590148	G	0.00359270114399	10512	24	38	3	10577	101406
UNKNOWN	190	A	0.993381866314	G	0.00274179824147	10507	28	29	13	10577	101406
UNKNOWN	191	A	0.989316441335	G	0.00415996974567	10464	42	44	27	10577	101406
UNKNOWN	192	T	0.993098232013	C	0.00519996218209	6	55	12	10504	10577	101406
UNKNOWN	193	C	0.998298194195	A	0.000756358135577	8	10559	2	8	10577	101406
UNKNOWN	194	C	0.990261889004	T	0.00548359648293	20	10474	25	58	10577	101406
UNKNOWN	195	C	0.996974567458	G	0.00189089533894	5	10545	20	7	10577	101406
UNKNOWN	196	G	0.997541836059	A	0.00132362673726	14	7	10551	5	10577	101406
UNKNOWN	197	G	0.957927578709	A	0.0306325044909	324	63	10132	58	10577	101406
UNKNOWN	198	C	0.99319277678	T	0.0032145220762	18	10505	20	34	10577	101406
UNKNOWN	199	T	0.99442185875	C	0.00359270114399	9	38	12	10518	10577	101406
UNKNOWN	200	C	0.994232769216	A	0.00264725347452	28	10516	8	25	10577	101406
UNKNOWN	201	A	0.99319277678	G	0.00406542497873	10505	29	43	0	10577	101406
UNKNOWN	202	G	0.988370993666	C	0.00567268601683	24	60	10454	39	10577	101406
UNKNOWN	203	C	0.962654817056	T	0.0260943556774	82	10182	37	276	10577	101406
UNKNOWN	204	A	0.991112791907	G	0.00614540985156	10483	8	65	21	10577	101406
UNKNOWN	205	T	0.996312754089	C	0.00255270870757	6	27	6	10538	10577	101406
UNKNOWN	206	C	0.993098232013	T	0.0034036116101	30	10504	7	36	10577	101406
UNKNOWN	207	A	0.989410986102	G	0.00510541741515	10465	34	54	24	10577	101406
UNKNOWN	208	C	0.99442185875	T	0.00207998487284	19	10518	18	22	10577	101406
UNKNOWN	209	C	0.979389240806	T	0.00935993192777	73	10359	46	99	10577	101406
UNKNOWN	210	A	0.995840030254	G	0.00274179824147	10533	13	29	2	10577	101406
UNKNOWN	211	A	0.986291008793	G	0.0105890138981	10432	16	112	17	10577	101406
UNKNOWN	212	G	0.990640068072	A	0.00680722322019	72	10	10478	17	10577	101406
UNKNOWN	213	G	0.991774605276	A	0.0050108726482	53	26	10490	8	10577	101406
UNKNOWN	214	A	0.994232769216	C	0.00255270870757	10516	27	22	12	10577	101406
UNKNOWN	215	C	0.989505530869	T	0.00623995461851	25	10466	20	66	10577	101406
UNKNOWN	216	A	0.98666918786	G	0.0098326557625	10436	21	104	16	10577	101406
UNKNOWN	217	A	0.988276448899	G	0.00567268601683	10453	55	60	9	10577	101406
UNKNOWN	218	C	0.982792852416	T	0.0129526330718	7	10395	38	137	10577	101406
UNKNOWN	219	T	0.993570955848	C	0.00283634300841	13	30	25	10509	10577	101406
UNKNOWN	220	C	0.994138224449	T	0.00349815637704	20	10515	5	37	10577	101406
UNKNOWN	221	C	0.990734612839	A	0.00425451451262	45	10479	15	38	10577	101406
UNKNOWN	222	A	0.992436418644	G	0.00415996974567	10497	36	44	0	10577	101406
UNKNOWN	223	A	0.987898269831	G	0.0104944691311	10449	10	111	7	10577	101406
UNKNOWN	224	G	0.991207336674	A	0.00567268601683	60	31	10484	2	10577	101406
UNKNOWN	225	A	0.99101824714	G	0.00680722322019	10482	16	72	7	10577	101406
UNKNOWN	226	G	0.961803914153	A	0.0343197504018	363	33	10173	8	10577	101406
UNKNOWN	227	C	0.959723929281	T	0.0356433771391	31	10151	18	377	10577	101406
UNKNOWN	228	C	0.991869150043	A	0.00529450694904	56	10491	24	6	10577	101406
UNKNOWN	229	A	0.996029119788	G	0.00189089533894	10535	9	20	13	10577	101406
UNKNOWN	230	A	0.975985629195	G	0.0217452963978	10323	20	230	4	10577	101406
UNKNOWN	231	G	0.973716554789	A	0.012479909237	132	36	10299	110	10577	101406
UNKNOWN	232	T	0.994610948284	C	0.00472723834736	4	50	3	10520	10577	101406
UNKNOWN	233	C	0.984021934386	T	0.0110617377328	8	10408	44	117	10577	101406
UNKNOWN	234	T	0.993476411081	C	0.0048217831143	1	51	17	10508	10577	101406
UNKNOWN	235	C	0.992720052945	T	0.00463269358041	22	10500	6	49	10577	101406
UNKNOWN	236	T	0.987331001229	C	0.00737449182188	15	78	41	10443	10577	101406
UNKNOWN	237	C	0.995178216886	T	0.00330906684315	11	10526	5	35	10577	101406
UNKNOWN	238	T	0.996690933157	G	0.00198544010589	5	9	21	10542	10577	101406
UNKNOWN	239	G	0.96747660017	A	0.0228798336012	242	55	10233	47	10577	101406
UNKNOWN	240	T	0.991301881441	G	0.0034036116101	29	27	36	10485	10577	101406
UNKNOWN	241	C	0.986291008793	T	0.00898175285998	43	10432	7	95	10577	101406
UNKNOWN	242	A	0.983454665784	G	0.0110617377328	10402	37	117	21	10577	101406
UNKNOWN	243	G	0.954996690933	A	0.0227852888343	241	191	10101	44	10577	101406
UNKNOWN	244	T	0.994800037818	G	0.00226907440673	8	23	24	10522	10577	101406
UNKNOWN	245	G	0.983927389619	A	0.00964356622861	102	29	10407	39	10577	101406
UNKNOWN	246	A	0.985723740191	G	0.0105890138981	10426	33	112	6	10577	101406
UNKNOWN	247	G	0.945825848539	A	0.0384797201475	407	90	10004	76	10577	101406
UNKNOWN	248	C	0.976836532098	T	0.0184362295547	33	10332	17	195	10577	101406
UNKNOWN	249	A	0.983643755318	G	0.0145598941099	10404	18	154	1	10577	101406
UNKNOWN	250	G	0.984683747755	C	0.00794176042356	70	84	10415	8	10577	101406
UNKNOWN	251	C	0.987898269831	T	0.00775267088967	19	10449	27	82	10577	101406
UNKNOWN	252	G	0.988749172733	A	0.00491632788125	52	40	10458	27	10577	101406
UNKNOWN	253	T	0.992341873877	C	0.0048217831143	6	51	24	10496	10577	101406
UNKNOWN	254	G	0.974094733856	A	0.0201380353597	213	31	10303	30	10577	101406
UNKNOWN	255	A	0.989221896568	G	0.00680722322019	10463	29	72	13	10577	101406
UNKNOWN	256	C	0.99319277678	A	0.00453814881346	48	10505	9	15	10577	101406
UNKNOWN	257	A	0.980712867543	G	0.0109671929659	10373	55	116	33	10577	101406
UNKNOWN	258	C	0.903280703413	A	0.0874539094261	925	9554	54	44	10577	101406
UNKNOWN	259	C	0.989694620403	T	0.00491632788125	27	10468	30	52	10577	101406
UNKNOWN	260	T	0.984683747755	G	0.00794176042356	10	68	84	10415	10577	101406
UNKNOWN	261	G	0.993760045381	A	0.00491632788125	52	4	10511	10	10577	101406
UNKNOWN	262	A	0.987992814598	G	0.00898175285998	10450	20	95	12	10577	101406
UNKNOWN	263	G	0.960102108348	A	0.0231634679021	245	109	10155	68	10577	101406
UNKNOWN	264	G	0.992625508178	A	0.00425451451262	45	5	10499	28	10577	101406
UNKNOWN	265	A	0.99101824714	C	0.00434905927957	10482	46	37	12	10577	101406
UNKNOWN	266	C	0.984683747755	T	0.00860357379219	55	10415	16	91	10577	101406
UNKNOWN	267	A	0.985251016356	G	0.00652358891935	10421	24	69	63	10577	101406
UNKNOWN	268	C	0.994610948284	G	0.00255270870757	11	10520	27	19	10577	101406
UNKNOWN	269	G	0.992152784343	A	0.00397088021178	42	16	10494	25	10577	101406
UNKNOWN	270	G	0.992152784343	T	0.00311997730926	27	23	10494	33	10577	101406
UNKNOWN	271	C	0.994232769216	A	0.00311997730926	33	10516	17	11	10577	101406
UNKNOWN	272	C	0.991396426208	A	0.00444360404652	47	10486	18	26	10577	101406
UNKNOWN	273	A	0.991963694809	G	0.0050108726482	10492	15	53	17	10577	101406
UNKNOWN	274	C	0.985345561123	T	0.00803630519051	51	10422	19	85	10577	101406
UNKNOWN	275	A	0.970123853645	G	0.0152217074785	10261	62	161	93	10577	101406
UNKNOWN	276	T	0.994800037818	A	0.00217452963978	23	15	17	10522	10577	101406
UNKNOWN	277	A	0.993760045381	C	0.0034036116101	10511	36	15	15	10577	101406
UNKNOWN	278	C	0.965585704831	T	0.0325233998298	13	10213	7	344	10577	101406
UNKNOWN	279	T	0.989032807034	C	0.0048217831143	36	51	29	10461	10577	101406
UNKNOWN	280	A	0.980712867543	T	0.00935993192777	10373	69	36	99	10577	101406
UNKNOWN	281	C	0.976741987331	T	0.0208943934953	9	10331	16	221	10577	101406
UNKNOWN	282	T	0.993098232013	G	0.00491632788125	15	6	52	10504	10577	101406
