Type	Position	Nucl1	Freq1	Nucl2	Freq2	NumAs	NumCs	NumGs	NumTs	NumAligned	NumNaive
UNKNOWN	0	C	1.0	A	0.0	0	22953	0	0	22953	101406
UNKNOWN	1	A	1.0	C	0.0	22953	0	0	0	22953	101406
UNKNOWN	2	G	1.0	A	0.0	0	0	22953	0	22953	101406
UNKNOWN	3	G	1.0	A	0.0	0	0	22953	0	22953	101406
UNKNOWN	4	T	1.0	A	0.0	0	0	0	22953	22953	101406
UNKNOWN	5	G	1.0	A	0.0	0	0	22953	0	22953	101406
UNKNOWN	6	C	1.0	A	0.0	0	22953	0	0	22953	101406
UNKNOWN	7	A	0.996819587853	G	0.0016555570078	22880	1	38	34	22953	101406
UNKNOWN	8	G	0.990197359822	A	0.0080599485906	185	34	22728	6	22953	101406
UNKNOWN	9	C	0.997865202806	T	0.00182982616651	1	22904	6	42	22953	101406
UNKNOWN	10	T	0.999302923365	C	0.000653509345184	0	15	1	22937	22953	101406
UNKNOWN	11	G	0.99860584673	A	0.00117631682133	27	2	22921	3	22953	101406
UNKNOWN	12	C	0.998954385048	T	0.000827778503899	3	22929	2	19	22953	101406
UNKNOWN	13	G	0.99860584673	A	0.00126345140069	29	2	22921	1	22953	101406
UNKNOWN	14	G	0.957129786956	C	0.0420424345401	12	965	21969	7	22953	101406
UNKNOWN	15	G	0.999564327103	A	0.000348538317431	8	1	22943	1	22953	101406
UNKNOWN	16	A	0.998562279441	G	0.00113274953165	22920	5	26	2	22953	101406
UNKNOWN	17	G	0.997429529909	A	0.00235263364266	54	5	22894	0	22953	101406
UNKNOWN	18	T	0.998388010282	C	0.000697076634863	12	16	9	22916	22953	101406
UNKNOWN	19	C	0.999651461683	T	0.000217836448395	2	22945	1	5	22953	101406
UNKNOWN	20	G	0.966888859844	A	0.0330240055766	758	1	22193	1	22953	101406
UNKNOWN	21	G	0.999259356075	A	0.000479240186468	11	1	22936	5	22953	101406
UNKNOWN	22	G	0.999433625234	A	0.00039210560711	9	3	22940	1	22953	101406
UNKNOWN	23	C	0.999215788786	T	0.000566374765826	4	22935	1	13	22953	101406
UNKNOWN	24	C	0.998910817758	A	0.000522807476147	12	22928	3	10	22953	101406
UNKNOWN	25	C	0.998823683179	A	0.000609942055505	14	22926	3	10	22953	101406
UNKNOWN	26	C	0.998867250468	A	0.00078421121422	18	22927	2	6	22953	101406
UNKNOWN	27	A	0.997778068226	G	0.00204766261491	22902	2	47	2	22953	101406
UNKNOWN	28	G	0.991025138326	C	0.00627368971376	58	144	22747	4	22953	101406
UNKNOWN	29	C	0.997124558881	T	0.00261403738073	1	22887	5	60	22953	101406
UNKNOWN	30	C	0.99725526075	T	0.00243976822202	4	22890	3	56	22953	101406
UNKNOWN	31	T	0.997603799068	C	0.00126345140069	3	29	23	22898	22953	101406
UNKNOWN	32	G	0.995686838322	A	0.00322397943624	74	10	22854	15	22953	101406
UNKNOWN	33	G	0.998170173833	A	0.000740643924541	17	13	22911	12	22953	101406
UNKNOWN	34	T	0.998388010282	C	0.000958480372936	2	22	13	22916	22953	101406
UNKNOWN	35	G	0.997865202806	A	0.00182982616651	42	1	22904	6	22953	101406
UNKNOWN	36	A	0.998954385048	G	0.000522807476147	22929	8	12	4	22953	101406
UNKNOWN	37	A	0.996776020564	G	0.00283187382913	22879	8	65	1	22953	101406
UNKNOWN	38	G	0.997516664488	A	0.00200409532523	46	10	22896	1	22953	101406
UNKNOWN	39	C	0.998126606544	T	0.000827778503899	9	22910	15	19	22953	101406
UNKNOWN	40	C	0.999346490655	A	0.000348538317431	8	22938	2	5	22953	101406
UNKNOWN	41	C	0.997908770095	G	0.00130701869037	1	22905	30	17	22953	101406
UNKNOWN	42	T	0.997473097199	C	0.0022654990633	1	52	5	22895	22953	101406
UNKNOWN	43	C	0.998562279441	A	0.000914913083257	21	22920	0	12	22953	101406
UNKNOWN	44	A	0.995643271032	G	0.00296257569817	22853	26	68	6	22953	101406
UNKNOWN	45	C	0.998083039254	A	0.000958480372936	22	22909	19	3	22953	101406
UNKNOWN	46	A	0.997908770095	G	0.00148128784908	22905	12	34	2	22953	101406
UNKNOWN	47	G	0.997821635516	A	0.00187339345619	43	5	22903	2	22953	101406
UNKNOWN	48	A	0.996819587853	G	0.00204766261491	22880	22	47	4	22953	101406
UNKNOWN	49	C	0.998518712151	G	0.000697076634863	10	22919	16	8	22953	101406
UNKNOWN	50	C	0.987147649545	G	0.0115888990546	8	22658	266	21	22953	101406
UNKNOWN	51	C	0.998736548599	T	0.000958480372936	3	22924	4	22	22953	101406
UNKNOWN	52	T	0.996732453274	C	0.00283187382913	5	65	5	22878	22953	101406
UNKNOWN	53	C	0.999128654206	T	0.000871345793578	0	22933	0	20	22953	101406
UNKNOWN	54	T	0.996863155143	C	0.00235263364266	11	54	7	22881	22953	101406
UNKNOWN	55	C	0.998344442992	A	0.00100204766261	23	22915	5	10	22953	101406
UNKNOWN	56	C	0.99869298131	T	0.000697076634863	1	22923	13	16	22953	101406
UNKNOWN	57	C	0.996645318695	G	0.00222193177362	4	22876	51	22	22953	101406
UNKNOWN	58	T	0.997037424302	C	0.00270117196009	3	62	3	22885	22953	101406
UNKNOWN	59	C	0.998257308413	A	0.00126345140069	29	22913	6	5	22953	101406
UNKNOWN	60	A	0.997211693461	C	0.00139415326973	22889	32	22	10	22953	101406
UNKNOWN	61	C	0.998954385048	T	0.000522807476147	3	22929	9	12	22953	101406
UNKNOWN	62	C	0.998518712151	T	0.00121988411101	0	22919	6	28	22953	101406
UNKNOWN	63	T	0.998257308413	C	0.000914913083257	1	21	18	22913	22953	101406
UNKNOWN	64	G	0.998867250468	C	0.000740643924541	9	17	22927	0	22953	101406
UNKNOWN	65	C	0.997952337385	A	0.00108918224197	25	22906	2	20	22953	101406
UNKNOWN	66	A	0.994466954211	C	0.00274473924977	22826	63	58	6	22953	101406
UNKNOWN	67	C	0.997821635516	T	0.00117631682133	4	22903	19	27	22953	101406
UNKNOWN	68	G	0.994379819631	A	0.00335468130528	77	11	22824	41	22953	101406
UNKNOWN	69	A	0.843811266501	G	0.154097503594	19368	27	3537	21	22953	101406
UNKNOWN	70	T	0.990371628981	C	0.00827778503899	1	190	30	22732	22953	101406
UNKNOWN	71	C	0.986799111227	G	0.00753714111445	9	22650	173	121	22953	101406
UNKNOWN	72	T	0.996906722433	C	0.00252690280138	1	58	12	22882	22953	101406
UNKNOWN	73	C	0.998388010282	T	0.00100204766261	12	22916	2	23	22953	101406
UNKNOWN	74	T	0.990676600009	A	0.00357251775367	82	56	76	22739	22953	101406
UNKNOWN	75	G	0.998562279441	A	0.00113274953165	26	5	22920	2	22953	101406
UNKNOWN	76	G	0.998257308413	A	0.0014377205594	33	6	22913	1	22953	101406
UNKNOWN	77	A	0.993769877576	C	0.00304971027752	22810	70	47	26	22953	101406
UNKNOWN	78	T	0.978477758899	G	0.014377205594	1	163	330	22459	22953	101406
UNKNOWN	79	T	0.98640700562	G	0.00906199625321	28	76	208	22641	22953	101406
UNKNOWN	80	C	0.994946194397	T	0.00352895046399	8	22837	27	81	22953	101406
UNKNOWN	81	T	0.993290637389	C	0.00370321962271	7	85	62	22799	22953	101406
UNKNOWN	82	C	0.996340347667	A	0.00209122990459	48	22869	16	20	22953	101406
UNKNOWN	83	A	0.994379819631	G	0.00318041214656	22824	27	73	29	22953	101406
UNKNOWN	84	T	0.987975428049	C	0.010717553261	8	246	22	22677	22953	101406
UNKNOWN	85	T	0.997952337385	G	0.00121988411101	1	18	28	22906	22953	101406
UNKNOWN	86	G	0.988062562628	A	0.01084825513	249	15	22679	10	22953	101406
UNKNOWN	87	A	0.992898531782	G	0.00479240186468	22790	37	110	16	22953	101406
UNKNOWN	88	G	0.971594127129	A	0.0171655121335	394	231	22301	27	22953	101406
UNKNOWN	89	C	0.980699690672	T	0.0108046878404	90	22510	105	248	22953	101406
UNKNOWN	90	A	0.99180934954	G	0.00653509345184	22765	31	150	7	22953	101406
UNKNOWN	91	G	0.922493791661	A	0.0503202195791	1155	562	21174	62	22953	101406
UNKNOWN	92	C	0.976255827125	T	0.0161198971812	73	22408	102	370	22953	101406
UNKNOWN	93	T	0.981701738335	A	0.00858275606675	197	152	71	22533	22953	101406
UNKNOWN	94	A	0.982573084128	G	0.00710146821766	22553	151	163	86	22953	101406
UNKNOWN	95	T	0.982660218708	C	0.0130701869037	22	300	76	22555	22953	101406
UNKNOWN	96	G	0.908595826254	A	0.0612991765782	1407	222	20855	469	22953	101406
UNKNOWN	97	C	0.852655426306	G	0.104561495229	568	19571	2400	414	22953	101406
UNKNOWN	98	T	0.995164030846	C	0.00274473924977	7	63	41	22842	22953	101406
UNKNOWN	99	G	0.980612556093	A	0.0173397812922	398	3	22508	44	22953	101406
UNKNOWN	100	T	0.997560231778	C	0.00121988411101	20	28	8	22897	22953	101406
UNKNOWN	101	A	0.983270160763	G	0.0110225242888	22569	81	253	50	22953	101406
UNKNOWN	102	G	0.953295865464	A	0.0394283971594	905	115	21881	52	22953	101406
UNKNOWN	103	G	0.926153443994	A	0.0452664139764	1039	357	21258	299	22953	101406
UNKNOWN	104	C	0.985884198144	T	0.00710146821766	31	22629	130	163	22953	101406
UNKNOWN	105	T	0.997690933647	G	0.00121988411101	1	24	28	22900	22953	101406
UNKNOWN	106	G	0.999346490655	T	0.000304971027752	4	4	22938	7	22953	101406
UNKNOWN	107	G	0.999259356075	A	0.000435672896789	10	3	22936	4	22953	101406
UNKNOWN	108	G	0.98509998693	A	0.00714503550734	164	119	22611	59	22953	101406
UNKNOWN	109	T	0.996776020564	C	0.00296257569817	2	68	4	22879	22953	101406
UNKNOWN	110	C	0.997821635516	T	0.00135058598005	5	22903	14	31	22953	101406
UNKNOWN	111	C	0.998562279441	G	0.00100204766261	3	22920	23	7	22953	101406
UNKNOWN	112	G	0.998344442992	C	0.000958480372936	14	22	22915	2	22953	101406
UNKNOWN	113	C	0.998562279441	T	0.000958480372936	8	22920	3	22	22953	101406
UNKNOWN	114	C	0.998170173833	A	0.00148128784908	34	22911	2	6	22953	101406
UNKNOWN	115	A	0.994205550473	G	0.00505380560275	22820	13	116	4	22953	101406
UNKNOWN	116	G	0.998780115889	A	0.00100204766261	23	3	22925	2	22953	101406
UNKNOWN	117	G	0.987278351414	A	0.0101511784952	233	50	22661	9	22953	101406
UNKNOWN	118	C	0.995469001873	T	0.00252690280138	9	22849	37	58	22953	101406
UNKNOWN	119	T	0.995643271032	C	0.00383392149174	5	88	7	22853	22953	101406
UNKNOWN	120	C	0.998126606544	A	0.000827778503899	19	22910	8	16	22953	101406
UNKNOWN	121	C	0.997908770095	A	0.00174269158716	40	22905	0	8	22953	101406
UNKNOWN	122	A	0.99054589814	G	0.00753714111445	22736	35	173	9	22953	101406
UNKNOWN	123	G	0.998867250468	A	0.000740643924541	17	4	22927	5	22953	101406
UNKNOWN	124	G	0.997124558881	C	0.00152485513876	22	35	22887	9	22953	101406
UNKNOWN	125	G	0.992332157017	A	0.00649152616216	149	23	22777	4	22953	101406
UNKNOWN	126	A	0.995556136453	G	0.00230906635298	22851	39	53	10	22953	101406
UNKNOWN	127	A	0.992245022437	G	0.00705790092798	22775	9	162	7	22953	101406
UNKNOWN	128	G	0.997952337385	A	0.00135058598005	31	3	22906	13	22953	101406
UNKNOWN	129	G	0.989935956084	A	0.00583801681697	134	94	22722	3	22953	101406
UNKNOWN	130	C	0.996558184115	G	0.00187339345619	8	22874	43	28	22953	101406
UNKNOWN	131	G	0.984272208426	A	0.0126345140069	290	53	22592	18	22953	101406
UNKNOWN	132	C	0.991983618699	T	0.004748834575	47	22769	28	109	22953	101406
UNKNOWN	133	T	0.98784472618	C	0.0080599485906	3	185	91	22674	22953	101406
UNKNOWN	134	G	0.976560798153	A	0.0178190214787	409	42	22415	87	22953	101406
UNKNOWN	135	G	0.996688885984	A	0.00209122990459	48	19	22877	9	22953	101406
UNKNOWN	136	A	0.99320350281	G	0.00466169999564	22797	28	107	21	22953	101406
UNKNOWN	137	G	0.933647017819	A	0.0595564849911	1367	95	21430	61	22953	101406
UNKNOWN	138	T	0.974818106566	A	0.0219579139982	504	28	46	22375	22953	101406
UNKNOWN	139	G	0.943188254259	A	0.0443079336035	1017	104	21649	183	22953	101406
UNKNOWN	140	T	0.947283579489	C	0.032152659783	63	738	409	21743	22953	101406
UNKNOWN	141	C	0.978477758899	G	0.0167298392367	70	22459	384	40	22953	101406
UNKNOWN	142	T	0.996253213088	A	0.00130701869037	30	30	26	22867	22953	101406
UNKNOWN	143	T	0.965364004705	C	0.0253561625931	35	582	178	22158	22953	101406
UNKNOWN	144	G	0.995773972901	A	0.00257047009106	59	1	22856	37	22953	101406
UNKNOWN	145	G	0.99315993552	C	0.00509737289243	8	117	22796	32	22953	101406
UNKNOWN	146	T	0.979044133664	G	0.00967193830872	95	164	222	22472	22953	101406
UNKNOWN	147	G	0.890602535616	A	0.0965886812181	2217	63	20442	231	22953	101406
UNKNOWN	148	G	0.919487648673	A	0.0386006186555	886	364	21105	598	22953	101406
UNKNOWN	149	T	0.971071319653	G	0.0105432841023	227	195	242	22289	22953	101406
UNKNOWN	150	A	0.950507558925	G	0.0451357121073	21817	10	1036	90	22953	101406
UNKNOWN	151	T	0.983967237398	C	0.0129830523243	31	298	39	22585	22953	101406
UNKNOWN	152	A	0.949636213131	G	0.0284058728706	21797	177	652	327	22953	101406
UNKNOWN	153	A	0.92937742343	G	0.0629111662963	21332	137	1444	40	22953	101406
UNKNOWN	154	G	0.887247854311	A	0.0819936391757	1882	563	20365	143	22953	101406
UNKNOWN	155	T	0.961137977606	C	0.024964056986	130	573	189	22061	22953	101406
UNKNOWN	156	A	0.803380821679	G	0.179453666187	18440	293	4119	101	22953	101406
UNKNOWN	157	G	0.921666013157	A	0.0377292728619	866	587	21155	345	22953	101406
UNKNOWN	158	T	0.954559316865	C	0.0281444691326	90	646	307	21910	22953	101406
UNKNOWN	159	G	0.809523809524	A	0.150917091448	3464	577	18581	331	22953	101406
UNKNOWN	160	G	0.87648673376	A	0.0756328148826	1736	860	20118	239	22953	101406
UNKNOWN	161	T	0.97155055984	A	0.0101076112055	232	198	223	22300	22953	101406
UNKNOWN	162	G	0.994771925239	A	0.00418245980918	96	5	22833	19	22953	101406
UNKNOWN	163	G	0.990415196271	A	0.00623012242408	143	52	22733	25	22953	101406
UNKNOWN	164	A	0.961878621531	G	0.0277959308151	22078	102	638	135	22953	101406
UNKNOWN	165	A	0.933603450529	G	0.0501459504204	21429	222	1151	151	22953	101406
UNKNOWN	166	G	0.612425391016	A	0.189648411972	4353	2707	14057	1836	22953	101406
UNKNOWN	167	C	0.903542020651	A	0.0417810308021	959	20739	511	744	22953	101406
UNKNOWN	168	A	0.960310199103	G	0.0279701999739	22042	114	642	155	22953	101406
UNKNOWN	169	C	0.974730971986	T	0.0112839280268	226	22373	95	259	22953	101406
UNKNOWN	170	A	0.986537707489	G	0.00927983270161	22644	58	213	38	22953	101406
UNKNOWN	171	G	0.968500849562	A	0.0198666840936	456	87	22230	180	22953	101406
UNKNOWN	172	G	0.873349888903	A	0.081688668148	1875	642	20046	390	22953	101406
UNKNOWN	173	C	0.977214307498	T	0.0101511784952	61	22430	229	233	22953	101406
UNKNOWN	174	T	0.993726310286	A	0.00326754672592	75	53	16	22809	22953	101406
UNKNOWN	175	A	0.994249117762	T	0.00243976822202	22821	50	26	56	22953	101406
UNKNOWN	176	T	0.984925717771	C	0.0130701869037	41	300	5	22607	22953	101406
UNKNOWN	177	A	0.987016947676	G	0.00871345793578	22655	78	200	20	22953	101406
UNKNOWN	178	A	0.991112272906	C	0.00548947849954	22749	126	64	14	22953	101406
UNKNOWN	179	C	0.933690585109	T	0.0575959569555	41	21431	159	1322	22953	101406
UNKNOWN	180	C	0.965756110312	T	0.022393586895	77	22167	195	514	22953	101406
UNKNOWN	181	C	0.978608460768	A	0.0109353897094	251	22462	125	115	22953	101406
UNKNOWN	182	A	0.983270160763	G	0.0104997168126	22569	104	241	39	22953	101406
UNKNOWN	183	G	0.986145601882	A	0.00670936261055	154	82	22635	82	22953	101406
UNKNOWN	184	C	0.990415196271	T	0.00492310373372	39	22733	68	113	22953	101406
UNKNOWN	185	C	0.996383914957	A	0.00161198971812	37	22870	16	30	22953	101406
UNKNOWN	186	C	0.996732453274	T	0.00217836448395	13	22878	12	50	22953	101406
UNKNOWN	187	T	0.996645318695	G	0.00182982616651	23	12	42	22876	22953	101406
UNKNOWN	188	G	0.991330109354	A	0.00479240186468	110	18	22754	71	22953	101406
UNKNOWN	189	A	0.992332157017	G	0.00501023831307	22777	46	115	15	22953	101406
UNKNOWN	190	A	0.992114320568	G	0.00374678691239	22772	80	86	15	22953	101406
UNKNOWN	191	A	0.984838583192	G	0.00601228597569	22605	133	138	77	22953	101406
UNKNOWN	192	T	0.99320350281	C	0.00383392149174	16	88	52	22797	22953	101406
UNKNOWN	193	C	0.994684790659	A	0.00296257569817	68	22831	7	47	22953	101406
UNKNOWN	194	C	0.991983618699	T	0.00448743083693	32	22769	49	103	22953	101406
UNKNOWN	195	C	0.996732453274	G	0.00182982616651	14	22878	42	19	22953	101406
UNKNOWN	196	G	0.997124558881	C	0.00104561495229	22	24	22887	20	22953	101406
UNKNOWN	197	G	0.944800243977	A	0.0460506251906	1057	108	21686	102	22953	101406
UNKNOWN	198	C	0.994771925239	T	0.0024833355117	39	22833	24	57	22953	101406
UNKNOWN	199	T	0.99599180935	C	0.00261403738073	10	60	22	22861	22953	101406
UNKNOWN	200	C	0.995381867294	A	0.00230906635298	53	22847	36	17	22953	101406
UNKNOWN	201	A	0.991765782251	G	0.00623012242408	22764	42	143	4	22953	101406
UNKNOWN	202	G	0.984664314033	C	0.00941053457064	77	216	22601	59	22953	101406
UNKNOWN	203	C	0.965930379471	T	0.0245719513789	126	22171	92	564	22953	101406
UNKNOWN	204	A	0.985535659827	G	0.0109789569991	22621	22	252	58	22953	101406
UNKNOWN	205	T	0.995730405611	C	0.00326754672592	11	75	12	22855	22953	101406
UNKNOWN	206	C	0.992724262624	T	0.00374678691239	67	22786	14	86	22953	101406
UNKNOWN	207	A	0.990371628981	G	0.00374678691239	22732	79	86	56	22953	101406
UNKNOWN	208	C	0.991025138326	G	0.00405175794014	59	22747	93	54	22953	101406
UNKNOWN	209	C	0.974992375724	T	0.0141593691456	131	22379	118	325	22953	101406
UNKNOWN	210	A	0.995425434584	G	0.00318041214656	22848	29	73	3	22953	101406
UNKNOWN	211	A	0.984490044874	G	0.0129394850346	22597	46	297	13	22953	101406
UNKNOWN	212	G	0.970897050494	A	0.0262275083867	602	53	22285	13	22953	101406
UNKNOWN	213	G	0.991460811223	A	0.00679649718991	156	20	22757	20	22953	101406
UNKNOWN	214	A	0.993900579445	C	0.00352895046399	22813	81	38	21	22953	101406
UNKNOWN	215	C	0.988106129918	T	0.00788567943188	66	22680	26	181	22953	101406
UNKNOWN	216	A	0.98784472618	G	0.00766784298349	22674	62	176	41	22953	101406
UNKNOWN	217	A	0.970287108439	T	0.0142029364353	22271	211	145	326	22953	101406
UNKNOWN	218	C	0.982093843942	T	0.0124166775585	21	22542	105	285	22953	101406
UNKNOWN	219	T	0.991460811223	C	0.00396462336078	61	91	44	22757	22953	101406
UNKNOWN	220	C	0.994336252342	A	0.0030932775672	71	22823	7	52	22953	101406
UNKNOWN	221	C	0.990763734588	A	0.00370321962271	85	22741	46	81	22953	101406
UNKNOWN	222	A	0.991504378513	C	0.00479240186468	22758	110	75	10	22953	101406
UNKNOWN	223	A	0.987104082255	G	0.0110225242888	22657	27	253	16	22953	101406
UNKNOWN	224	G	0.992593560755	C	0.0033111140156	72	76	22783	22	22953	101406
UNKNOWN	225	A	0.989805254215	G	0.0055766130789	22719	89	128	17	22953	101406
UNKNOWN	226	G	0.961312246765	A	0.0319348233346	733	143	22065	12	22953	101406
UNKNOWN	227	C	0.977475711236	T	0.0179497233477	45	22436	60	412	22953	101406
UNKNOWN	228	C	0.990153792533	A	0.00492310373372	113	22727	105	8	22953	101406
UNKNOWN	229	A	0.992593560755	G	0.00418245980918	22783	29	96	45	22953	101406
UNKNOWN	230	A	0.980568988803	G	0.0172526467128	22507	41	396	9	22953	101406
UNKNOWN	231	G	0.979218402823	A	0.0113274953165	260	99	22476	118	22953	101406
UNKNOWN	232	T	0.995294732715	C	0.00396462336078	8	91	9	22845	22953	101406
UNKNOWN	233	C	0.98104822899	T	0.0100640439158	30	22518	174	231	22953	101406
UNKNOWN	234	T	0.993072800941	C	0.00457456541629	20	105	34	22794	22953	101406
UNKNOWN	235	C	0.992637128044	T	0.00440029625757	59	22784	9	101	22953	101406
UNKNOWN	236	T	0.989456715898	C	0.00684006447959	16	157	69	22711	22953	101406
UNKNOWN	237	C	0.994859059818	T	0.00396462336078	14	22835	13	91	22953	101406
UNKNOWN	238	T	0.996688885984	G	0.00187339345619	9	24	43	22877	22953	101406
UNKNOWN	239	G	0.942360475755	A	0.0310199102514	712	216	21630	395	22953	101406
UNKNOWN	240	T	0.990850869167	A	0.00357251775367	82	70	58	22743	22953	101406
UNKNOWN	241	C	0.989021043001	T	0.00670936261055	91	22701	7	154	22953	101406
UNKNOWN	242	A	0.981353200017	G	0.0116324663443	22525	122	267	39	22953	101406
UNKNOWN	243	G	0.888554873001	C	0.0717988933908	761	1648	20395	149	22953	101406
UNKNOWN	244	T	0.994989761687	G	0.00291900840849	9	39	67	22838	22953	101406
UNKNOWN	245	G	0.980264017775	A	0.0121117065307	278	86	22500	89	22953	101406
UNKNOWN	246	A	0.984882150481	G	0.0114581971856	22606	71	263	13	22953	101406
UNKNOWN	247	G	0.965538273864	A	0.0233956345576	537	188	22162	66	22953	101406
UNKNOWN	248	C	0.969938570122	T	0.0228728270814	95	22263	70	525	22953	101406
UNKNOWN	249	A	0.990633032719	G	0.00810351588028	22738	29	186	0	22953	101406
UNKNOWN	250	G	0.99320350281	C	0.00422602709885	39	97	22797	20	22953	101406
UNKNOWN	251	C	0.989282446739	T	0.00540234392018	49	22707	73	124	22953	101406
UNKNOWN	252	G	0.989326014029	A	0.00579444952729	133	39	22708	73	22953	101406
UNKNOWN	253	T	0.992245022437	C	0.00440029625757	12	101	65	22775	22953	101406
UNKNOWN	254	G	0.962357861717	A	0.0266631812835	612	111	22089	141	22953	101406
UNKNOWN	255	A	0.986973380386	G	0.00849562148739	22654	50	195	54	22953	101406
UNKNOWN	256	C	0.989630985056	A	0.00453099812661	104	22715	69	65	22953	101406
UNKNOWN	257	A	0.961747919662	G	0.0289286803468	22075	102	664	112	22953	101406
UNKNOWN	258	A	0.850869167429	C	0.122946891474	19530	2822	497	104	22953	101406
UNKNOWN	259	C	0.960310199103	G	0.0175576177406	138	22042	403	370	22953	101406
UNKNOWN	260	T	0.978826297216	G	0.0115888990546	76	144	266	22467	22953	101406
UNKNOWN	261	G	0.99185291683	A	0.00531520934083	122	17	22766	48	22953	101406
UNKNOWN	262	A	0.989935956084	G	0.00688363176927	22722	55	158	18	22953	101406
UNKNOWN	263	G	0.956084172004	A	0.023744172875	545	341	21945	122	22953	101406
UNKNOWN	264	G	0.989761686925	A	0.0064043915828	147	19	22718	69	22953	101406
UNKNOWN	265	A	0.992201455147	C	0.00457456541629	22774	105	56	18	22953	101406
UNKNOWN	266	C	0.984925717771	T	0.0080599485906	119	22607	42	185	22953	101406
UNKNOWN	267	A	0.976560798153	G	0.0115888990546	22415	53	266	219	22953	101406
UNKNOWN	268	C	0.992375724306	A	0.00318041214656	73	22778	61	41	22953	101406
UNKNOWN	269	G	0.991417243933	A	0.00352895046399	81	60	22756	56	22953	101406
UNKNOWN	270	G	0.98919531216	T	0.00461813270596	89	53	22705	106	22953	101406
UNKNOWN	271	C	0.991417243933	A	0.00453099812661	104	22756	70	23	22953	101406
UNKNOWN	272	C	0.991112272906	A	0.00422602709885	97	22749	43	64	22953	101406
UNKNOWN	273	A	0.992506426175	G	0.0033111140156	22781	55	76	41	22953	101406
UNKNOWN	274	C	0.989456715898	A	0.00501023831307	115	22711	33	94	22953	101406
UNKNOWN	275	A	0.976430096284	G	0.0128087831656	22412	109	294	138	22953	101406
UNKNOWN	276	T	0.993116368231	G	0.00278830653945	58	36	64	22795	22953	101406
UNKNOWN	277	A	0.991765782251	C	0.00505380560275	22764	116	47	26	22953	101406
UNKNOWN	278	C	0.961747919662	T	0.0363351195922	29	22075	15	834	22953	101406
UNKNOWN	279	T	0.988716071973	C	0.00409532522982	85	94	80	22694	22953	101406
UNKNOWN	280	A	0.983923670108	C	0.00710146821766	22584	163	86	120	22953	101406
UNKNOWN	281	C	0.977127172919	T	0.0204330588594	27	22428	29	469	22953	101406
UNKNOWN	282	T	0.992332157017	G	0.00596871868601	20	19	137	22777	22953	101406
