Type	Position	Nucl1	Freq1	Nucl2	Freq2	NumAs	NumCs	NumGs	NumTs	NumAligned	NumNaive
UNKNOWN	0	C	1.0	A	0.0	0	231	0	0	231	101406
UNKNOWN	1	A	1.0	C	0.0	231	0	0	0	231	101406
UNKNOWN	2	G	1.0	A	0.0	0	0	231	0	231	101406
UNKNOWN	3	G	1.0	A	0.0	0	0	231	0	231	101406
UNKNOWN	4	T	1.0	A	0.0	0	0	0	231	231	101406
UNKNOWN	5	G	1.0	A	0.0	0	0	231	0	231	101406
UNKNOWN	6	C	1.0	A	0.0	0	231	0	0	231	101406
UNKNOWN	7	A	1.0	C	0.0	231	0	0	0	231	101406
UNKNOWN	8	G	1.0	A	0.0	0	0	231	0	231	101406
UNKNOWN	9	C	1.0	A	0.0	0	231	0	0	231	101406
UNKNOWN	10	T	1.0	A	0.0	0	0	0	231	231	101406
UNKNOWN	11	G	0.982683982684	T	0.017316017316	0	0	227	4	231	101406
UNKNOWN	12	C	1.0	A	0.0	0	231	0	0	231	101406
UNKNOWN	13	A	0.95670995671	G	0.038961038961	221	1	9	0	231	101406
UNKNOWN	14	G	0.995670995671	C	0.004329004329	0	1	230	0	231	101406
UNKNOWN	15	G	1.0	A	0.0	0	0	231	0	231	101406
UNKNOWN	16	A	0.995670995671	C	0.004329004329	230	1	0	0	231	101406
UNKNOWN	17	G	0.978354978355	A	0.021645021645	5	0	226	0	231	101406
UNKNOWN	18	T	0.995670995671	C	0.004329004329	0	1	0	230	231	101406
UNKNOWN	19	C	1.0	A	0.0	0	231	0	0	231	101406
UNKNOWN	20	G	0.987012987013	A	0.012987012987	3	0	228	0	231	101406
UNKNOWN	21	G	1.0	A	0.0	0	0	231	0	231	101406
UNKNOWN	22	G	1.0	A	0.0	0	0	231	0	231	101406
UNKNOWN	23	C	1.0	A	0.0	0	231	0	0	231	101406
UNKNOWN	24	C	0.995670995671	A	0.004329004329	1	230	0	0	231	101406
UNKNOWN	25	C	1.0	A	0.0	0	231	0	0	231	101406
UNKNOWN	26	C	0.995670995671	A	0.004329004329	1	230	0	0	231	101406
UNKNOWN	27	A	0.995670995671	G	0.004329004329	230	0	1	0	231	101406
UNKNOWN	28	G	0.987012987013	A	0.012987012987	3	0	228	0	231	101406
UNKNOWN	29	C	1.0	A	0.0	0	231	0	0	231	101406
UNKNOWN	30	C	1.0	A	0.0	0	231	0	0	231	101406
UNKNOWN	31	T	1.0	A	0.0	0	0	0	231	231	101406
UNKNOWN	32	G	1.0	A	0.0	0	0	231	0	231	101406
UNKNOWN	33	G	0.991341991342	A	0.004329004329	1	1	229	0	231	101406
UNKNOWN	34	T	1.0	A	0.0	0	0	0	231	231	101406
UNKNOWN	35	G	0.839826839827	A	0.160173160173	37	0	194	0	231	101406
UNKNOWN	36	A	0.991341991342	C	0.004329004329	229	1	1	0	231	101406
UNKNOWN	37	A	0.995670995671	G	0.004329004329	230	0	1	0	231	101406
UNKNOWN	38	G	1.0	A	0.0	0	0	231	0	231	101406
UNKNOWN	39	A	0.965367965368	C	0.030303030303	223	7	1	0	231	101406
UNKNOWN	40	C	1.0	A	0.0	0	231	0	0	231	101406
UNKNOWN	41	C	1.0	A	0.0	0	231	0	0	231	101406
UNKNOWN	42	T	0.995670995671	C	0.004329004329	0	1	0	230	231	101406
UNKNOWN	43	C	0.995670995671	T	0.004329004329	0	230	0	1	231	101406
UNKNOWN	44	A	1.0	C	0.0	231	0	0	0	231	101406
UNKNOWN	45	C	0.991341991342	A	0.004329004329	1	229	1	0	231	101406
UNKNOWN	46	A	1.0	C	0.0	231	0	0	0	231	101406
UNKNOWN	47	G	1.0	A	0.0	0	0	231	0	231	101406
UNKNOWN	48	A	0.987012987013	G	0.012987012987	228	0	3	0	231	101406
UNKNOWN	49	C	1.0	A	0.0	0	231	0	0	231	101406
UNKNOWN	50	C	0.991341991342	T	0.00865800865801	0	229	0	2	231	101406
UNKNOWN	51	C	0.995670995671	G	0.004329004329	0	230	1	0	231	101406
UNKNOWN	52	T	1.0	A	0.0	0	0	0	231	231	101406
UNKNOWN	53	C	1.0	A	0.0	0	231	0	0	231	101406
UNKNOWN	54	T	0.995670995671	G	0.004329004329	0	0	1	230	231	101406
UNKNOWN	55	C	0.995670995671	A	0.004329004329	1	230	0	0	231	101406
UNKNOWN	56	C	0.995670995671	T	0.004329004329	0	230	0	1	231	101406
UNKNOWN	57	C	0.995670995671	G	0.004329004329	0	230	1	0	231	101406
UNKNOWN	58	T	0.991341991342	C	0.00865800865801	0	2	0	229	231	101406
UNKNOWN	59	C	1.0	A	0.0	0	231	0	0	231	101406
UNKNOWN	60	A	1.0	C	0.0	231	0	0	0	231	101406
UNKNOWN	61	C	1.0	A	0.0	0	231	0	0	231	101406
UNKNOWN	62	C	0.991341991342	A	0.00865800865801	2	229	0	0	231	101406
UNKNOWN	63	T	1.0	A	0.0	0	0	0	231	231	101406
UNKNOWN	64	G	1.0	A	0.0	0	0	231	0	231	101406
UNKNOWN	65	C	1.0	A	0.0	0	231	0	0	231	101406
UNKNOWN	66	A	0.987012987013	C	0.012987012987	228	3	0	0	231	101406
UNKNOWN	67	C	1.0	A	0.0	0	231	0	0	231	101406
UNKNOWN	68	G	0.995670995671	A	0.004329004329	1	0	230	0	231	101406
UNKNOWN	69	G	0.987012987013	A	0.012987012987	3	0	228	0	231	101406
UNKNOWN	70	C	1.0	A	0.0	0	231	0	0	231	101406
UNKNOWN	71	C	1.0	A	0.0	0	231	0	0	231	101406
UNKNOWN	72	T	0.991341991342	C	0.00865800865801	0	2	0	229	231	101406
UNKNOWN	73	C	1.0	A	0.0	0	231	0	0	231	101406
UNKNOWN	74	T	0.835497835498	C	0.164502164502	0	38	0	193	231	101406
UNKNOWN	75	G	0.991341991342	A	0.00865800865801	2	0	229	0	231	101406
UNKNOWN	76	G	0.991341991342	A	0.004329004329	1	1	229	0	231	101406
UNKNOWN	77	A	0.995670995671	C	0.004329004329	230	1	0	0	231	101406
UNKNOWN	78	T	0.930735930736	C	0.025974025974	4	6	6	215	231	101406
UNKNOWN	79	T	0.974025974026	C	0.025974025974	0	6	0	225	231	101406
UNKNOWN	80	A	0.987012987013	C	0.00865800865801	228	2	1	0	231	101406
UNKNOWN	81	T	0.991341991342	C	0.004329004329	0	1	1	229	231	101406
UNKNOWN	82	C	0.995670995671	T	0.004329004329	0	230	0	1	231	101406
UNKNOWN	83	A	0.961038961039	G	0.038961038961	222	0	9	0	231	101406
UNKNOWN	84	T	0.991341991342	A	0.00865800865801	2	0	0	229	231	101406
UNKNOWN	85	T	1.0	A	0.0	0	0	0	231	231	101406
UNKNOWN	86	A	0.943722943723	T	0.034632034632	218	1	4	8	231	101406
UNKNOWN	87	A	0.939393939394	G	0.0519480519481	217	1	12	1	231	101406
UNKNOWN	88	C	0.91341991342	T	0.034632034632	4	211	8	8	231	101406
UNKNOWN	89	C	0.965367965368	A	0.030303030303	7	223	0	1	231	101406
UNKNOWN	90	A	0.965367965368	G	0.025974025974	223	1	6	1	231	101406
UNKNOWN	91	G	0.978354978355	C	0.017316017316	1	4	226	0	231	101406
UNKNOWN	92	A	0.939393939394	C	0.030303030303	217	7	1	6	231	101406
UNKNOWN	93	T	0.887445887446	A	0.04329004329	10	7	9	205	231	101406
UNKNOWN	94	A	0.930735930736	G	0.025974025974	215	5	6	5	231	101406
UNKNOWN	95	T	0.982683982684	C	0.012987012987	1	3	0	227	231	101406
UNKNOWN	96	G	0.969696969697	A	0.021645021645	5	1	224	1	231	101406
UNKNOWN	97	G	0.865800865801	A	0.0649350649351	15	11	200	5	231	101406
UNKNOWN	98	T	0.969696969697	A	0.017316017316	4	3	0	224	231	101406
UNKNOWN	99	A	0.982683982684	G	0.017316017316	227	0	4	0	231	101406
UNKNOWN	100	T	1.0	A	0.0	0	0	0	231	231	101406
UNKNOWN	101	A	0.991341991342	C	0.004329004329	229	1	0	1	231	101406
UNKNOWN	102	C	0.952380952381	A	0.030303030303	7	220	2	2	231	101406
UNKNOWN	103	A	0.991341991342	C	0.004329004329	229	1	1	0	231	101406
UNKNOWN	104	C	0.982683982684	G	0.017316017316	0	227	4	0	231	101406
UNKNOWN	105	T	1.0	A	0.0	0	0	0	231	231	101406
UNKNOWN	106	G	1.0	A	0.0	0	0	231	0	231	101406
UNKNOWN	107	G	1.0	A	0.0	0	0	231	0	231	101406
UNKNOWN	108	G	0.974025974026	A	0.025974025974	6	0	225	0	231	101406
UNKNOWN	109	T	0.995670995671	C	0.004329004329	0	1	0	230	231	101406
UNKNOWN	110	C	0.995670995671	T	0.004329004329	0	230	0	1	231	101406
UNKNOWN	111	C	0.991341991342	T	0.00865800865801	0	229	0	2	231	101406
UNKNOWN	112	G	1.0	A	0.0	0	0	231	0	231	101406
UNKNOWN	113	C	0.991341991342	A	0.00865800865801	2	229	0	0	231	101406
UNKNOWN	114	C	1.0	A	0.0	0	231	0	0	231	101406
UNKNOWN	115	A	0.991341991342	C	0.004329004329	229	1	1	0	231	101406
UNKNOWN	116	G	1.0	A	0.0	0	0	231	0	231	101406
UNKNOWN	117	G	0.978354978355	A	0.021645021645	5	0	226	0	231	101406
UNKNOWN	118	C	0.961038961039	G	0.038961038961	0	222	9	0	231	101406
UNKNOWN	119	T	1.0	A	0.0	0	0	0	231	231	101406
UNKNOWN	120	C	0.995670995671	T	0.004329004329	0	230	0	1	231	101406
UNKNOWN	121	C	1.0	A	0.0	0	231	0	0	231	101406
UNKNOWN	122	A	0.961038961039	T	0.038961038961	222	0	0	9	231	101406
UNKNOWN	123	G	1.0	A	0.0	0	0	231	0	231	101406
UNKNOWN	124	G	1.0	A	0.0	0	0	231	0	231	101406
UNKNOWN	125	A	0.991341991342	C	0.004329004329	229	1	0	1	231	101406
UNKNOWN	126	A	0.987012987013	G	0.012987012987	228	0	3	0	231	101406
UNKNOWN	127	A	1.0	C	0.0	231	0	0	0	231	101406
UNKNOWN	128	G	1.0	A	0.0	0	0	231	0	231	101406
UNKNOWN	129	G	0.995670995671	A	0.004329004329	1	0	230	0	231	101406
UNKNOWN	130	C	0.995670995671	T	0.004329004329	0	230	0	1	231	101406
UNKNOWN	131	G	0.995670995671	A	0.004329004329	1	0	230	0	231	101406
UNKNOWN	132	C	0.991341991342	T	0.004329004329	0	229	1	1	231	101406
UNKNOWN	133	T	0.991341991342	G	0.00865800865801	0	0	2	229	231	101406
UNKNOWN	134	G	0.978354978355	A	0.017316017316	4	0	226	1	231	101406
UNKNOWN	135	G	0.991341991342	C	0.00865800865801	0	2	229	0	231	101406
UNKNOWN	136	A	0.991341991342	T	0.004329004329	229	0	1	1	231	101406
UNKNOWN	137	G	1.0	A	0.0	0	0	231	0	231	101406
UNKNOWN	138	T	0.995670995671	C	0.004329004329	0	1	0	230	231	101406
UNKNOWN	139	G	1.0	A	0.0	0	0	231	0	231	101406
UNKNOWN	140	G	1.0	A	0.0	0	0	231	0	231	101406
UNKNOWN	141	C	0.987012987013	G	0.012987012987	0	228	3	0	231	101406
UNKNOWN	142	T	1.0	A	0.0	0	0	0	231	231	101406
UNKNOWN	143	T	0.991341991342	C	0.00865800865801	0	2	0	229	231	101406
UNKNOWN	144	G	0.991341991342	T	0.00865800865801	0	0	229	2	231	101406
UNKNOWN	145	G	0.991341991342	C	0.00865800865801	0	2	229	0	231	101406
UNKNOWN	146	T	1.0	A	0.0	0	0	0	231	231	101406
UNKNOWN	147	G	0.935064935065	C	0.030303030303	4	7	216	4	231	101406
UNKNOWN	148	A	0.939393939394	G	0.038961038961	217	1	9	4	231	101406
UNKNOWN	149	T	0.978354978355	A	0.012987012987	3	0	2	226	231	101406
UNKNOWN	150	A	0.991341991342	G	0.00865800865801	229	0	2	0	231	101406
UNKNOWN	151	T	0.991341991342	A	0.004329004329	1	1	0	229	231	101406
UNKNOWN	152	A	0.95670995671	G	0.017316017316	221	3	4	3	231	101406
UNKNOWN	153	A	0.91341991342	G	0.0692640692641	211	4	16	0	231	101406
UNKNOWN	154	G	0.935064935065	A	0.047619047619	11	3	216	1	231	101406
UNKNOWN	155	C	0.939393939394	T	0.047619047619	0	217	3	11	231	101406
UNKNOWN	156	A	0.961038961039	G	0.030303030303	222	2	7	0	231	101406
UNKNOWN	157	G	0.891774891775	A	0.0779220779221	18	2	206	5	231	101406
UNKNOWN	158	T	0.935064935065	G	0.047619047619	1	3	11	216	231	101406
UNKNOWN	159	G	0.787878787879	A	0.155844155844	36	11	182	2	231	101406
UNKNOWN	160	G	0.935064935065	A	0.038961038961	9	3	216	3	231	101406
UNKNOWN	161	T	0.995670995671	G	0.004329004329	0	0	1	230	231	101406
UNKNOWN	162	G	0.978354978355	A	0.012987012987	3	1	226	1	231	101406
UNKNOWN	163	G	0.982683982684	A	0.012987012987	3	1	227	0	231	101406
UNKNOWN	164	A	0.982683982684	G	0.012987012987	227	1	3	0	231	101406
UNKNOWN	165	A	0.978354978355	C	0.012987012987	226	3	2	0	231	101406
UNKNOWN	166	G	0.787878787879	A	0.134199134199	31	14	182	4	231	101406
UNKNOWN	167	C	0.900432900433	G	0.0519480519481	2	208	12	9	231	101406
UNKNOWN	168	A	0.593073593074	T	0.372294372294	137	5	3	86	231	101406
UNKNOWN	169	C	0.982683982684	T	0.017316017316	0	227	0	4	231	101406
UNKNOWN	170	A	0.991341991342	G	0.00865800865801	229	0	2	0	231	101406
UNKNOWN	171	G	0.952380952381	T	0.025974025974	4	1	220	6	231	101406
UNKNOWN	172	G	0.874458874459	A	0.0649350649351	15	9	202	5	231	101406
UNKNOWN	173	C	0.987012987013	G	0.00865800865801	0	228	2	1	231	101406
UNKNOWN	174	T	1.0	A	0.0	0	0	0	231	231	101406
UNKNOWN	175	A	0.987012987013	C	0.004329004329	228	1	1	1	231	101406
UNKNOWN	176	T	0.987012987013	C	0.00865800865801	1	2	0	228	231	101406
UNKNOWN	177	A	0.974025974026	G	0.012987012987	225	2	3	1	231	101406
UNKNOWN	178	A	0.978354978355	C	0.017316017316	226	4	1	0	231	101406
UNKNOWN	179	C	0.965367965368	T	0.017316017316	0	223	4	4	231	101406
UNKNOWN	180	C	0.987012987013	G	0.00865800865801	0	228	2	1	231	101406
UNKNOWN	181	C	0.995670995671	T	0.004329004329	0	230	0	1	231	101406
UNKNOWN	182	A	0.974025974026	C	0.012987012987	225	3	2	1	231	101406
UNKNOWN	183	G	1.0	A	0.0	0	0	231	0	231	101406
UNKNOWN	184	C	0.974025974026	T	0.017316017316	0	225	2	4	231	101406
UNKNOWN	185	C	1.0	A	0.0	0	231	0	0	231	101406
UNKNOWN	186	C	0.995670995671	G	0.004329004329	0	230	1	0	231	101406
UNKNOWN	187	T	0.995670995671	C	0.004329004329	0	1	0	230	231	101406
UNKNOWN	188	G	0.995670995671	A	0.004329004329	1	0	230	0	231	101406
UNKNOWN	189	A	0.991341991342	C	0.004329004329	229	1	0	1	231	101406
UNKNOWN	190	A	0.991341991342	C	0.004329004329	229	1	1	0	231	101406
UNKNOWN	191	A	0.991341991342	G	0.00865800865801	229	0	2	0	231	101406
UNKNOWN	192	T	0.995670995671	C	0.004329004329	0	1	0	230	231	101406
UNKNOWN	193	C	1.0	A	0.0	0	231	0	0	231	101406
UNKNOWN	194	C	0.995670995671	T	0.004329004329	0	230	0	1	231	101406
UNKNOWN	195	C	0.995670995671	T	0.004329004329	0	230	0	1	231	101406
UNKNOWN	196	G	1.0	A	0.0	0	0	231	0	231	101406
UNKNOWN	197	G	0.95670995671	A	0.04329004329	10	0	221	0	231	101406
UNKNOWN	198	C	1.0	A	0.0	0	231	0	0	231	101406
UNKNOWN	199	T	1.0	A	0.0	0	0	0	231	231	101406
UNKNOWN	200	C	0.995670995671	T	0.004329004329	0	230	0	1	231	101406
UNKNOWN	201	A	0.995670995671	G	0.004329004329	230	0	1	0	231	101406
UNKNOWN	202	G	0.978354978355	C	0.012987012987	0	3	226	2	231	101406
UNKNOWN	203	C	0.987012987013	T	0.00865800865801	0	228	1	2	231	101406
UNKNOWN	204	A	0.991341991342	C	0.004329004329	229	1	1	0	231	101406
UNKNOWN	205	T	1.0	A	0.0	0	0	0	231	231	101406
UNKNOWN	206	C	0.995670995671	T	0.004329004329	0	230	0	1	231	101406
UNKNOWN	207	A	0.978354978355	G	0.017316017316	226	1	4	0	231	101406
UNKNOWN	208	C	0.991341991342	T	0.00865800865801	0	229	0	2	231	101406
UNKNOWN	209	C	0.969696969697	G	0.017316017316	0	224	4	3	231	101406
UNKNOWN	210	A	0.987012987013	G	0.012987012987	228	0	3	0	231	101406
UNKNOWN	211	A	0.974025974026	G	0.025974025974	225	0	6	0	231	101406
UNKNOWN	212	G	0.978354978355	A	0.021645021645	5	0	226	0	231	101406
UNKNOWN	213	G	0.991341991342	A	0.004329004329	1	1	229	0	231	101406
UNKNOWN	214	A	0.991341991342	G	0.00865800865801	229	0	2	0	231	101406
UNKNOWN	215	C	0.987012987013	T	0.00865800865801	1	228	0	2	231	101406
UNKNOWN	216	A	0.95670995671	G	0.038961038961	221	1	9	0	231	101406
UNKNOWN	217	A	0.991341991342	G	0.00865800865801	229	0	2	0	231	101406
UNKNOWN	218	C	0.961038961039	T	0.038961038961	0	222	0	9	231	101406
UNKNOWN	219	T	1.0	A	0.0	0	0	0	231	231	101406
UNKNOWN	220	C	0.991341991342	A	0.00865800865801	2	229	0	0	231	101406
UNKNOWN	221	C	0.982683982684	A	0.017316017316	4	227	0	0	231	101406
UNKNOWN	222	A	0.995670995671	C	0.004329004329	230	1	0	0	231	101406
UNKNOWN	223	A	0.995670995671	G	0.004329004329	230	0	1	0	231	101406
UNKNOWN	224	G	0.991341991342	C	0.004329004329	0	1	229	1	231	101406
UNKNOWN	225	A	0.991341991342	C	0.004329004329	229	1	1	0	231	101406
UNKNOWN	226	G	0.991341991342	A	0.00865800865801	2	0	229	0	231	101406
UNKNOWN	227	C	0.982683982684	T	0.017316017316	0	227	0	4	231	101406
UNKNOWN	228	C	1.0	A	0.0	0	231	0	0	231	101406
UNKNOWN	229	A	1.0	C	0.0	231	0	0	0	231	101406
UNKNOWN	230	A	0.987012987013	G	0.012987012987	228	0	3	0	231	101406
UNKNOWN	231	G	0.965367965368	A	0.021645021645	5	0	223	3	231	101406
UNKNOWN	232	T	0.987012987013	C	0.00865800865801	0	2	1	228	231	101406
UNKNOWN	233	C	0.943722943723	G	0.038961038961	2	218	9	2	231	101406
UNKNOWN	234	T	0.987012987013	G	0.00865800865801	0	1	2	228	231	101406
UNKNOWN	235	C	0.991341991342	A	0.004329004329	1	229	0	1	231	101406
UNKNOWN	236	T	0.978354978355	C	0.017316017316	0	4	1	226	231	101406
UNKNOWN	237	C	0.995670995671	T	0.004329004329	0	230	0	1	231	101406
UNKNOWN	238	T	0.995670995671	A	0.004329004329	1	0	0	230	231	101406
UNKNOWN	239	G	0.991341991342	A	0.00865800865801	2	0	229	0	231	101406
UNKNOWN	240	T	0.991341991342	A	0.004329004329	1	1	0	229	231	101406
UNKNOWN	241	C	0.978354978355	T	0.017316017316	1	226	0	4	231	101406
UNKNOWN	242	A	0.969696969697	G	0.021645021645	224	1	5	1	231	101406
UNKNOWN	243	C	0.952380952381	G	0.038961038961	0	220	9	2	231	101406
UNKNOWN	244	T	1.0	A	0.0	0	0	0	231	231	101406
UNKNOWN	245	G	0.965367965368	A	0.034632034632	8	0	223	0	231	101406
UNKNOWN	246	A	0.995670995671	G	0.004329004329	230	0	1	0	231	101406
UNKNOWN	247	G	0.978354978355	C	0.012987012987	2	3	226	0	231	101406
UNKNOWN	248	C	0.978354978355	T	0.021645021645	0	226	0	5	231	101406
UNKNOWN	249	A	0.987012987013	C	0.00865800865801	228	2	1	0	231	101406
UNKNOWN	250	G	0.952380952381	A	0.034632034632	8	3	220	0	231	101406
UNKNOWN	251	C	0.943722943723	T	0.0519480519481	1	218	0	12	231	101406
UNKNOWN	252	C	0.904761904762	G	0.0822510822511	1	209	19	2	231	101406
UNKNOWN	253	T	0.995670995671	A	0.004329004329	1	0	0	230	231	101406
UNKNOWN	254	G	0.982683982684	A	0.017316017316	4	0	227	0	231	101406
UNKNOWN	255	A	0.995670995671	G	0.004329004329	230	0	1	0	231	101406
UNKNOWN	256	C	0.978354978355	T	0.012987012987	0	226	2	3	231	101406
UNKNOWN	257	A	0.987012987013	G	0.00865800865801	228	1	2	0	231	101406
UNKNOWN	258	C	0.891774891775	G	0.0822510822511	6	206	19	0	231	101406
UNKNOWN	259	C	0.991341991342	G	0.00865800865801	0	229	2	0	231	101406
UNKNOWN	260	T	0.987012987013	G	0.012987012987	0	0	3	228	231	101406
UNKNOWN	261	G	0.995670995671	T	0.004329004329	0	0	230	1	231	101406
UNKNOWN	262	A	0.995670995671	C	0.004329004329	230	1	0	0	231	101406
UNKNOWN	263	G	0.952380952381	A	0.025974025974	6	3	220	2	231	101406
UNKNOWN	264	G	0.991341991342	A	0.00865800865801	2	0	229	0	231	101406
UNKNOWN	265	A	0.991341991342	C	0.004329004329	229	1	1	0	231	101406
UNKNOWN	266	C	0.952380952381	T	0.04329004329	1	220	0	10	231	101406
UNKNOWN	267	T	0.943722943723	A	0.0519480519481	12	0	1	218	231	101406
UNKNOWN	268	C	0.995670995671	A	0.004329004329	1	230	0	0	231	101406
UNKNOWN	269	A	0.91341991342	G	0.0779220779221	211	1	18	1	231	101406
UNKNOWN	270	G	0.991341991342	A	0.004329004329	1	0	229	1	231	101406
UNKNOWN	271	C	0.991341991342	G	0.00865800865801	0	229	2	0	231	101406
UNKNOWN	272	C	0.995670995671	A	0.004329004329	1	230	0	0	231	101406
UNKNOWN	273	A	0.978354978355	G	0.012987012987	226	0	3	2	231	101406
UNKNOWN	274	C	0.987012987013	A	0.004329004329	1	228	1	1	231	101406
UNKNOWN	275	A	0.974025974026	G	0.025974025974	225	0	6	0	231	101406
UNKNOWN	276	T	0.991341991342	C	0.00865800865801	0	2	0	229	231	101406
UNKNOWN	277	A	0.995670995671	C	0.004329004329	230	1	0	0	231	101406
UNKNOWN	278	C	0.987012987013	T	0.012987012987	0	228	0	3	231	101406
UNKNOWN	279	T	1.0	A	0.0	0	0	0	231	231	101406
UNKNOWN	280	A	0.974025974026	T	0.012987012987	225	2	1	3	231	101406
UNKNOWN	281	C	0.995670995671	T	0.004329004329	0	230	0	1	231	101406
UNKNOWN	282	T	1.0	A	0.0	0	0	0	231	231	101406
