Type	Position	Nucl1	Freq1	Nucl2	Freq2	NumAs	NumCs	NumGs	NumTs	NumAligned	NumNaive
UNKNOWN	0	C	1.0	A	0.0	0	8081	0	0	8081	101406
UNKNOWN	1	A	1.0	C	0.0	8081	0	0	0	8081	101406
UNKNOWN	2	G	1.0	A	0.0	0	0	8081	0	8081	101406
UNKNOWN	3	G	1.0	A	0.0	0	0	8081	0	8081	101406
UNKNOWN	4	T	1.0	A	0.0	0	0	0	8081	8081	101406
UNKNOWN	5	G	1.0	A	0.0	0	0	8081	0	8081	101406
UNKNOWN	6	C	1.0	A	0.0	0	8081	0	0	8081	101406
UNKNOWN	7	A	0.995916346987	G	0.00321742358619	8048	1	26	6	8081	101406
UNKNOWN	8	G	0.993441405767	A	0.00532112362331	43	8	8028	2	8081	101406
UNKNOWN	9	C	0.997030070536	T	0.00259868828115	0	8057	3	21	8081	101406
UNKNOWN	10	T	0.999381264695	C	0.000618735305037	0	5	0	8076	8081	101406
UNKNOWN	11	G	0.998515035268	A	0.000989976488058	8	1	8069	3	8081	101406
UNKNOWN	12	C	0.999010023512	T	0.000866229427051	1	8073	0	7	8081	101406
UNKNOWN	13	G	0.997896299963	A	0.00197995297612	16	0	8064	1	8081	101406
UNKNOWN	14	G	0.982675411459	C	0.0160871179309	9	130	7941	1	8081	101406
UNKNOWN	15	G	0.999752505878	A	0.000123747061007	1	1	8079	0	8081	101406
UNKNOWN	16	A	0.997030070536	G	0.00222744709813	8057	2	18	4	8081	101406
UNKNOWN	17	G	0.997772552902	A	0.00210370003712	17	0	8063	1	8081	101406
UNKNOWN	18	T	0.998143794085	C	0.00136121767108	0	11	4	8066	8081	101406
UNKNOWN	19	C	0.999257517634	T	0.000494988244029	1	8075	1	4	8081	101406
UNKNOWN	20	G	0.979334240812	A	0.0202945180052	164	3	7914	0	8081	101406
UNKNOWN	21	G	0.999628758817	T	0.000247494122015	1	0	8078	2	8081	101406
UNKNOWN	22	G	0.999628758817	A	0.000371241183022	3	0	8078	0	8081	101406
UNKNOWN	23	C	0.999381264695	A	0.000371241183022	3	8076	0	2	8081	101406
UNKNOWN	24	C	0.999628758817	A	0.000371241183022	3	8078	0	0	8081	101406
UNKNOWN	25	C	0.998143794085	A	0.000989976488058	8	8066	2	5	8081	101406
UNKNOWN	26	C	0.998143794085	T	0.00136121767108	3	8066	1	11	8081	101406
UNKNOWN	27	A	0.996411335231	G	0.00309367652518	8052	1	25	3	8081	101406
UNKNOWN	28	G	0.994678876377	A	0.00433114713526	35	8	8038	0	8081	101406
UNKNOWN	29	C	0.998020047024	T	0.00136121767108	4	8065	1	11	8081	101406
UNKNOWN	30	C	0.999505011756	A	0.000247494122015	2	8077	1	1	8081	101406
UNKNOWN	31	T	0.996535082292	C	0.00185620591511	6	15	7	8053	8081	101406
UNKNOWN	32	G	0.996535082292	A	0.00272243534216	22	2	8053	4	8081	101406
UNKNOWN	33	G	0.997277564658	C	0.00123747061007	4	10	8059	8	8081	101406
UNKNOWN	34	T	0.999010023512	C	0.000494988244029	1	4	3	8073	8081	101406
UNKNOWN	35	G	0.998638782329	A	0.000866229427051	7	3	8070	1	8081	101406
UNKNOWN	36	A	0.997648805841	G	0.00136121767108	8062	5	11	3	8081	101406
UNKNOWN	37	A	0.996658829353	G	0.00296992946418	8054	2	24	1	8081	101406
UNKNOWN	38	G	0.999257517634	A	0.000371241183022	3	3	8075	0	8081	101406
UNKNOWN	39	C	0.998267541146	A	0.000866229427051	7	8067	0	7	8081	101406
UNKNOWN	40	C	0.999257517634	A	0.000371241183022	3	8075	0	3	8081	101406
UNKNOWN	41	C	0.995916346987	G	0.00296992946418	1	8048	24	8	8081	101406
UNKNOWN	42	T	0.995421358743	C	0.00371241183022	3	30	4	8044	8081	101406
UNKNOWN	43	C	0.998391288207	A	0.000866229427051	7	8068	2	4	8081	101406
UNKNOWN	44	A	0.997277564658	G	0.00136121767108	8059	8	11	3	8081	101406
UNKNOWN	45	C	0.997401311719	A	0.00160871179309	13	8060	6	2	8081	101406
UNKNOWN	46	A	0.997772552902	G	0.00160871179309	8063	3	13	2	8081	101406
UNKNOWN	47	G	0.99752505878	A	0.00222744709813	18	2	8061	0	8081	101406
UNKNOWN	48	A	0.997401311719	G	0.00160871179309	8060	6	13	2	8081	101406
UNKNOWN	49	C	0.998391288207	A	0.000742482366044	6	8068	3	4	8081	101406
UNKNOWN	50	C	0.996658829353	G	0.00235119415914	3	8054	19	5	8081	101406
UNKNOWN	51	C	0.998515035268	T	0.000866229427051	5	8069	0	7	8081	101406
UNKNOWN	52	T	0.995668852865	C	0.0034649177082	2	28	5	8046	8081	101406
UNKNOWN	53	C	0.993317658706	G	0.00606360598936	1	8027	49	4	8081	101406
UNKNOWN	54	T	0.996040094048	C	0.00284618240317	3	23	6	8049	8081	101406
UNKNOWN	55	C	0.99752505878	A	0.00123747061007	10	8061	4	6	8081	101406
UNKNOWN	56	C	0.997401311719	G	0.00148496473209	0	8060	12	9	8081	101406
UNKNOWN	57	C	0.997153817597	G	0.0017324588541	1	8058	14	8	8081	101406
UNKNOWN	58	T	0.996411335231	C	0.00284618240317	3	23	3	8052	8081	101406
UNKNOWN	59	C	0.998638782329	A	0.000866229427051	7	8070	1	3	8081	101406
UNKNOWN	60	A	0.994926370499	G	0.00235119415914	8040	16	19	6	8081	101406
UNKNOWN	61	C	0.998143794085	T	0.00111372354907	1	8066	5	9	8081	101406
UNKNOWN	62	C	0.996411335231	T	0.00235119415914	4	8052	6	19	8081	101406
UNKNOWN	63	T	0.99752505878	C	0.00136121767108	0	11	9	8061	8081	101406
UNKNOWN	64	G	0.998886276451	C	0.000618735305037	4	5	8072	0	8081	101406
UNKNOWN	65	C	0.997153817597	T	0.00185620591511	8	8058	0	15	8081	101406
UNKNOWN	66	A	0.992698923401	G	0.00395990595223	8022	25	32	2	8081	101406
UNKNOWN	67	C	0.993688899889	T	0.0050736295013	3	8030	7	41	8081	101406
UNKNOWN	68	G	0.993070164584	A	0.00519737656231	42	2	8025	12	8081	101406
UNKNOWN	69	G	0.981809182032	A	0.0159633708699	129	11	7934	7	8081	101406
UNKNOWN	70	T	0.990718970424	C	0.00866229427051	0	70	5	8006	8081	101406
UNKNOWN	71	C	0.985150352679	G	0.0103947531246	5	7961	84	31	8081	101406
UNKNOWN	72	T	0.99505011756	C	0.00408365301324	1	33	6	8041	8081	101406
UNKNOWN	73	C	0.997277564658	T	0.00197995297612	5	8059	1	16	8081	101406
UNKNOWN	74	T	0.994307635194	C	0.00371241183022	4	30	12	8035	8081	101406
UNKNOWN	75	G	0.991585199852	A	0.00791981190447	64	3	8013	1	8081	101406
UNKNOWN	76	G	0.990471476302	A	0.00730107659943	59	16	8004	2	8081	101406
UNKNOWN	77	A	0.983541640886	G	0.0068060883554	7948	46	55	32	8081	101406
UNKNOWN	78	T	0.97178567009	G	0.0143546590768	30	82	116	7853	8081	101406
UNKNOWN	79	T	0.977106793714	G	0.0136121767108	19	56	110	7896	8081	101406
UNKNOWN	80	C	0.983417893825	T	0.00804355896547	19	7947	50	65	8081	101406
UNKNOWN	81	T	0.989481499814	C	0.00977601781958	4	79	2	7996	8081	101406
UNKNOWN	82	C	0.994926370499	T	0.00321742358619	14	8040	1	26	8081	101406
UNKNOWN	83	A	0.993193911645	G	0.00408365301324	8026	12	33	10	8081	101406
UNKNOWN	84	T	0.990100235119	C	0.00631110011137	9	51	20	8001	8081	101406
UNKNOWN	85	T	0.997277564658	A	0.00136121767108	11	6	5	8059	8081	101406
UNKNOWN	86	A	0.964979581735	G	0.0314317534959	7798	24	254	5	8081	101406
UNKNOWN	87	A	0.96312337582	C	0.0193045415171	7783	156	136	6	8081	101406
UNKNOWN	88	G	0.980447964361	A	0.0116322237347	94	45	7923	19	8081	101406
UNKNOWN	89	C	0.957925999258	T	0.0232644474694	46	7741	106	188	8081	101406
UNKNOWN	90	G	0.957678505136	A	0.0381140947902	308	24	7739	10	8081	101406
UNKNOWN	91	A	0.931939116446	G	0.0400940477664	7531	138	324	88	8081	101406
UNKNOWN	92	T	0.925628016335	C	0.0367528771192	119	297	185	7480	8081	101406
UNKNOWN	93	A	0.902858557109	G	0.0525925009281	7296	107	425	253	8081	101406
UNKNOWN	94	A	0.941962628388	G	0.0350204182651	7612	92	283	94	8081	101406
UNKNOWN	95	T	0.943942581364	A	0.0222744709813	180	104	169	7628	8081	101406
UNKNOWN	96	A	0.862145774038	G	0.0876129191932	6967	318	708	88	8081	101406
UNKNOWN	97	G	0.554510580374	A	0.270511075362	2186	1156	4481	258	8081	101406
UNKNOWN	98	T	0.974631852494	G	0.0115084766737	36	76	93	7876	8081	101406
UNKNOWN	99	G	0.952852369756	A	0.0418265066205	338	10	7700	33	8081	101406
UNKNOWN	100	T	0.995916346987	C	0.00259868828115	7	21	5	8048	8081	101406
UNKNOWN	101	A	0.963494617003	G	0.0274718475436	7786	35	222	38	8081	101406
UNKNOWN	102	G	0.931691622324	A	0.0482613537928	390	119	7529	43	8081	101406
UNKNOWN	103	G	0.796436084643	A	0.135874272986	1098	388	6436	159	8081	101406
UNKNOWN	104	C	0.981437940849	G	0.00977601781958	24	7931	79	47	8081	101406
UNKNOWN	105	T	0.996658829353	C	0.00210370003712	1	17	9	8054	8081	101406
UNKNOWN	106	G	0.998886276451	T	0.000989976488058	0	1	8072	8	8081	101406
UNKNOWN	107	G	0.998638782329	A	0.000618735305037	5	2	8070	4	8081	101406
UNKNOWN	108	G	0.983046652642	A	0.0108897413686	88	22	7944	27	8081	101406
UNKNOWN	109	T	0.994926370499	C	0.00408365301324	2	33	6	8040	8081	101406
UNKNOWN	110	C	0.998020047024	T	0.000742482366044	5	8065	5	6	8081	101406
UNKNOWN	111	C	0.998515035268	G	0.00111372354907	1	8069	9	2	8081	101406
UNKNOWN	112	G	0.998638782329	C	0.00111372354907	2	9	8070	0	8081	101406
UNKNOWN	113	C	0.997896299963	T	0.00111372354907	6	8064	2	9	8081	101406
UNKNOWN	114	C	0.99752505878	A	0.00222744709813	18	8061	1	1	8081	101406
UNKNOWN	115	A	0.99022398218	G	0.00816730602648	8002	7	66	6	8081	101406
UNKNOWN	116	G	0.997153817597	A	0.00197995297612	16	6	8058	1	8081	101406
UNKNOWN	117	G	0.99146145279	A	0.0050736295013	41	16	8012	12	8081	101406
UNKNOWN	118	C	0.996040094048	T	0.00309367652518	4	8049	3	25	8081	101406
UNKNOWN	119	T	0.993688899889	C	0.0050736295013	4	41	6	8030	8081	101406
UNKNOWN	120	C	0.996535082292	A	0.00148496473209	12	8053	9	7	8081	101406
UNKNOWN	121	C	0.99628758817	A	0.00321742358619	26	8051	1	3	8081	101406
UNKNOWN	122	A	0.991090211607	G	0.00767231778245	8009	9	62	1	8081	101406
UNKNOWN	123	G	0.992946417523	A	0.00470238831828	38	19	8024	0	8081	101406
UNKNOWN	124	G	0.99505011756	A	0.00457864125727	37	0	8041	3	8081	101406
UNKNOWN	125	A	0.975869323104	G	0.0205420121272	7886	13	166	16	8081	101406
UNKNOWN	126	A	0.993193911645	G	0.00519737656231	8026	12	42	1	8081	101406
UNKNOWN	127	A	0.992698923401	G	0.0068060883554	8022	4	55	0	8081	101406
UNKNOWN	128	G	0.996658829353	C	0.00222744709813	2	18	8054	7	8081	101406
UNKNOWN	129	G	0.990347729241	A	0.00482613537928	39	37	8003	2	8081	101406
UNKNOWN	130	C	0.995297611682	G	0.00272243534216	2	8043	22	14	8081	101406
UNKNOWN	131	G	0.989852740997	A	0.00668234129439	54	19	7999	9	8081	101406
UNKNOWN	132	C	0.995668852865	T	0.00296992946418	9	8046	2	24	8081	101406
UNKNOWN	133	T	0.987254052716	C	0.0084148001485	4	68	31	7978	8081	101406
UNKNOWN	134	G	0.988491523326	A	0.00631110011137	51	14	7988	28	8081	101406
UNKNOWN	135	G	0.995916346987	A	0.00272243534216	22	8	8048	3	8081	101406
UNKNOWN	136	A	0.991956441035	G	0.00581611186734	8016	8	47	10	8081	101406
UNKNOWN	137	G	0.99022398218	A	0.00730107659943	59	5	8002	15	8081	101406
UNKNOWN	138	T	0.99505011756	G	0.00272243534216	4	14	22	8041	8081	101406
UNKNOWN	139	G	0.996535082292	A	0.00247494122015	20	5	8053	3	8081	101406
UNKNOWN	140	G	0.981314193788	C	0.0107659943076	17	87	7930	47	8081	101406
UNKNOWN	141	C	0.9803242173	G	0.0131171884668	24	7922	106	29	8081	101406
UNKNOWN	142	T	0.993317658706	C	0.00309367652518	15	25	14	8027	8081	101406
UNKNOWN	143	C	0.990718970424	T	0.00581611186734	8	8006	20	47	8081	101406
UNKNOWN	144	G	0.990595223363	A	0.00866229427051	70	1	8005	5	8081	101406
UNKNOWN	145	G	0.975250587799	C	0.0178195767851	36	144	7881	20	8081	101406
UNKNOWN	146	T	0.981932929093	A	0.00618735305037	50	46	50	7935	8081	101406
UNKNOWN	147	G	0.838881326568	A	0.113104813761	914	116	6779	272	8081	101406
UNKNOWN	148	T	0.906075980695	A	0.0389803242173	315	230	214	7322	8081	101406
UNKNOWN	149	C	0.903848533597	T	0.0545724539042	219	7304	117	441	8081	101406
UNKNOWN	150	A	0.971414428907	G	0.0197995297612	7850	23	160	48	8081	101406
UNKNOWN	151	T	0.964113352308	G	0.0142309120158	85	90	115	7791	8081	101406
UNKNOWN	152	A	0.90421977478	G	0.0591510951615	7307	120	478	176	8081	101406
UNKNOWN	153	T	0.881326568494	G	0.0482613537928	364	205	390	7122	8081	101406
UNKNOWN	154	A	0.89184506868	G	0.0691746071031	7207	66	559	249	8081	101406
UNKNOWN	155	T	0.927236728128	G	0.0452914243287	40	182	366	7493	8081	101406
UNKNOWN	156	A	0.873530503651	G	0.0962752134637	7059	174	778	70	8081	101406
UNKNOWN	157	G	0.809429526049	A	0.0830342779359	671	492	6541	377	8081	101406
UNKNOWN	158	T	0.9409726519	C	0.0254918945675	105	206	166	7604	8081	101406
UNKNOWN	159	G	0.799282267046	A	0.157406261601	1272	260	6459	90	8081	101406
UNKNOWN	160	G	0.836158891226	A	0.112362331395	908	285	6757	131	8081	101406
UNKNOWN	161	T	0.965227075857	C	0.0127459472838	77	103	101	7800	8081	101406
UNKNOWN	162	G	0.981685434971	A	0.0157158767479	127	11	7933	10	8081	101406
UNKNOWN	163	G	0.979457987873	A	0.0131171884668	106	29	7915	31	8081	101406
UNKNOWN	164	A	0.937631481252	G	0.0485088479149	7577	66	392	46	8081	101406
UNKNOWN	165	A	0.913624551417	G	0.0744957307264	7383	68	602	28	8081	101406
UNKNOWN	166	G	0.721940353917	A	0.16829600297	1360	553	5834	334	8081	101406
UNKNOWN	167	C	0.917955698552	T	0.0403415418884	173	7418	164	326	8081	101406
UNKNOWN	168	A	0.966217052345	G	0.0241306768964	7808	36	195	42	8081	101406
UNKNOWN	169	C	0.972033164212	T	0.016458359114	51	7855	42	133	8081	101406
UNKNOWN	170	A	0.980076723178	G	0.0121272119787	7920	17	98	46	8081	101406
UNKNOWN	171	G	0.934785298849	A	0.0386090830343	312	125	7554	90	8081	101406
UNKNOWN	172	G	0.69657220641	A	0.229303304047	1853	410	5629	189	8081	101406
UNKNOWN	173	C	0.970176958297	G	0.0150971414429	38	7840	122	81	8081	101406
UNKNOWN	174	T	0.984655364435	C	0.00556861774533	40	45	39	7957	8081	101406
UNKNOWN	175	A	0.982427917337	T	0.0103947531246	7939	34	24	84	8081	101406
UNKNOWN	176	T	0.982304170276	C	0.0134884296498	27	109	7	7938	8081	101406
UNKNOWN	177	A	0.984902858557	C	0.00655859423339	7959	53	53	16	8081	101406
UNKNOWN	178	A	0.982922905581	G	0.0103947531246	7943	49	84	5	8081	101406
UNKNOWN	179	C	0.920554386833	T	0.0628635069917	38	7439	96	508	8081	101406
UNKNOWN	180	C	0.952976116817	T	0.0269768592996	79	7701	83	218	8081	101406
UNKNOWN	181	C	0.977601781958	T	0.0101472590026	62	7900	37	82	8081	101406
UNKNOWN	182	A	0.984531617374	G	0.00791981190447	7956	53	64	8	8081	101406
UNKNOWN	183	G	0.98403662913	A	0.00754857072145	61	41	7952	27	8081	101406
UNKNOWN	184	C	0.98898651157	T	0.00643484717238	13	7992	24	52	8081	101406
UNKNOWN	185	C	0.995792599926	T	0.00185620591511	11	8047	8	15	8081	101406
UNKNOWN	186	C	0.992822670462	T	0.0033411706472	12	8023	19	27	8081	101406
UNKNOWN	187	T	0.991708946913	G	0.0034649177082	13	26	28	8014	8081	101406
UNKNOWN	188	G	0.98279915852	A	0.0115084766737	93	14	7942	32	8081	101406
UNKNOWN	189	A	0.992327682218	G	0.00532112362331	8019	18	43	1	8081	101406
UNKNOWN	190	A	0.98403662913	G	0.00915728251454	7952	37	74	18	8081	101406
UNKNOWN	191	A	0.982427917337	C	0.00791981190447	7939	64	48	30	8081	101406
UNKNOWN	192	T	0.99146145279	C	0.00631110011137	8	51	10	8012	8081	101406
UNKNOWN	193	C	0.998267541146	T	0.000989976488058	6	8067	0	8	8081	101406
UNKNOWN	194	C	0.992203935157	G	0.00309367652518	15	8018	25	23	8081	101406
UNKNOWN	195	C	0.995668852865	G	0.00309367652518	5	8046	25	5	8081	101406
UNKNOWN	196	G	0.994926370499	A	0.00272243534216	22	9	8040	10	8081	101406
UNKNOWN	197	G	0.957925999258	A	0.0309367652518	250	54	7741	36	8081	101406
UNKNOWN	198	C	0.99146145279	T	0.00445489419626	17	8012	16	36	8081	101406
UNKNOWN	199	T	0.991956441035	C	0.0050736295013	12	41	12	8016	8081	101406
UNKNOWN	200	C	0.994926370499	A	0.00309367652518	25	8040	8	8	8081	101406
UNKNOWN	201	A	0.990100235119	G	0.00730107659943	8001	18	59	3	8081	101406
UNKNOWN	202	G	0.980942952605	C	0.0133646825888	25	108	7927	21	8081	101406
UNKNOWN	203	C	0.970300705358	T	0.0191807944561	61	7841	24	155	8081	101406
UNKNOWN	204	A	0.977973023141	G	0.0102710060636	7903	37	83	58	8081	101406
UNKNOWN	205	T	0.992451429279	C	0.00457864125727	13	37	11	8020	8081	101406
UNKNOWN	206	C	0.988615270387	T	0.00494988244029	37	7989	15	40	8081	101406
UNKNOWN	207	A	0.988739017448	G	0.00544487068432	7990	40	44	7	8081	101406
UNKNOWN	208	C	0.989357752753	G	0.0068060883554	17	7995	55	14	8081	101406
UNKNOWN	209	C	0.969186981809	T	0.0132409355278	66	7832	76	107	8081	101406
UNKNOWN	210	A	0.989110258631	G	0.00730107659943	7993	27	59	2	8081	101406
UNKNOWN	211	A	0.977478034897	G	0.0191807944561	7899	21	155	6	8081	101406
UNKNOWN	212	G	0.988739017448	A	0.00569236480634	46	25	7990	20	8081	101406
UNKNOWN	213	G	0.98527409974	A	0.0113847296127	92	14	7962	13	8081	101406
UNKNOWN	214	A	0.988615270387	C	0.00433114713526	7989	35	23	34	8081	101406
UNKNOWN	215	C	0.978096770202	T	0.00903353545353	68	7904	36	73	8081	101406
UNKNOWN	216	A	0.98527409974	G	0.0085385472095	7962	24	69	26	8081	101406
UNKNOWN	217	A	0.981066699666	G	0.0100235119416	7928	56	81	16	8081	101406
UNKNOWN	218	C	0.975745576043	T	0.0124984531617	17	7885	78	101	8081	101406
UNKNOWN	219	T	0.98898651157	C	0.00544487068432	18	44	27	7992	8081	101406
UNKNOWN	220	C	0.993688899889	A	0.00321742358619	26	8030	2	23	8081	101406
UNKNOWN	221	C	0.989110258631	A	0.00544487068432	44	7993	7	37	8081	101406
UNKNOWN	222	A	0.990595223363	G	0.00470238831828	8005	37	38	1	8081	101406
UNKNOWN	223	A	0.983294146764	G	0.0144784061379	7946	13	117	5	8081	101406
UNKNOWN	224	G	0.990347729241	A	0.00470238831828	38	33	8003	7	8081	101406
UNKNOWN	225	A	0.984779111496	G	0.00940477663655	7958	36	76	11	8081	101406
UNKNOWN	226	G	0.944561316669	A	0.0449201831457	363	76	7633	9	8081	101406
UNKNOWN	227	C	0.974013117188	T	0.0180670709071	43	7871	21	146	8081	101406
UNKNOWN	228	C	0.990966464546	A	0.00581611186734	47	8008	22	4	8081	101406
UNKNOWN	229	A	0.992203935157	G	0.00544487068432	8018	6	44	13	8081	101406
UNKNOWN	230	A	0.971538175968	G	0.0246256651405	7851	17	199	14	8081	101406
UNKNOWN	231	G	0.969681970053	A	0.0158396238089	128	65	7836	52	8081	101406
UNKNOWN	232	T	0.990718970424	C	0.00779606484346	3	63	9	8006	8081	101406
UNKNOWN	233	C	0.978715505507	T	0.0105185001856	19	7909	68	85	8081	101406
UNKNOWN	234	T	0.990100235119	C	0.00581611186734	11	47	22	8001	8081	101406
UNKNOWN	235	C	0.991708946913	T	0.00655859423339	10	8014	4	53	8081	101406
UNKNOWN	236	T	0.982304170276	C	0.0131171884668	10	106	27	7938	8081	101406
UNKNOWN	237	C	0.991213958668	T	0.00395990595223	15	8010	24	32	8081	101406
UNKNOWN	238	T	0.995545105804	A	0.00272243534216	22	11	3	8045	8081	101406
UNKNOWN	239	A	0.869199356515	G	0.113599802005	7024	78	918	61	8081	101406
UNKNOWN	240	T	0.97908674669	G	0.0123747061007	33	36	100	7912	8081	101406
UNKNOWN	241	C	0.981932929093	T	0.0141071649548	29	7935	3	114	8081	101406
UNKNOWN	242	A	0.976983046653	G	0.0105185001856	7895	78	85	23	8081	101406
UNKNOWN	243	C	0.883925256775	G	0.100482613538	50	7143	812	76	8081	101406
UNKNOWN	244	T	0.992451429279	A	0.0034649177082	28	9	24	8020	8081	101406
UNKNOWN	245	G	0.973889370127	A	0.0149733943819	121	34	7870	56	8081	101406
UNKNOWN	246	A	0.980942952605	G	0.0142309120158	7927	34	115	5	8081	101406
UNKNOWN	247	G	0.960153446356	A	0.0205420121272	166	117	7759	39	8081	101406
UNKNOWN	248	C	0.966093305284	T	0.016953347358	68	7807	69	137	8081	101406
UNKNOWN	249	A	0.98527409974	G	0.0116322237347	7962	23	94	2	8081	101406
UNKNOWN	250	G	0.984655364435	C	0.00829105308749	46	67	7957	11	8081	101406
UNKNOWN	251	C	0.987130305655	T	0.00606360598936	24	7977	31	49	8081	101406
UNKNOWN	252	G	0.98279915852	A	0.0100235119416	81	19	7942	39	8081	101406
UNKNOWN	253	T	0.986882811533	C	0.00754857072145	10	61	35	7975	8081	101406
UNKNOWN	254	G	0.957431011013	A	0.0288330652147	233	57	7737	54	8081	101406
UNKNOWN	255	A	0.980695458483	G	0.0132409355278	7925	29	107	20	8081	101406
UNKNOWN	256	C	0.987130305655	A	0.00631110011137	51	7977	15	38	8081	101406
UNKNOWN	257	A	0.961514664027	G	0.0275955946046	7770	50	223	38	8081	101406
UNKNOWN	258	A	0.903106051231	C	0.068432124737	7298	553	194	36	8081	101406
UNKNOWN	259	C	0.960029699295	T	0.0196757827002	45	7758	119	159	8081	101406
UNKNOWN	260	T	0.975993070165	G	0.0126222002227	31	61	102	7887	8081	101406
UNKNOWN	261	G	0.989605246875	A	0.00730107659943	59	3	7997	22	8081	101406
UNKNOWN	262	A	0.987625293899	G	0.00866229427051	7981	25	70	5	8081	101406
UNKNOWN	263	G	0.959163469868	A	0.0196757827002	159	125	7751	46	8081	101406
UNKNOWN	264	G	0.985397846801	A	0.00829105308749	67	13	7963	38	8081	101406
UNKNOWN	265	A	0.989852740997	C	0.00544487068432	7999	44	28	10	8081	101406
UNKNOWN	266	C	0.984655364435	T	0.00717732953842	43	7957	23	58	8081	101406
UNKNOWN	267	A	0.973641876005	G	0.0153446355649	7868	27	124	62	8081	101406
UNKNOWN	268	C	0.990595223363	G	0.00457864125727	23	8005	37	16	8081	101406
UNKNOWN	269	G	0.990718970424	T	0.00470238831828	21	16	8006	38	8081	101406
UNKNOWN	270	G	0.984902858557	A	0.00593985892835	48	31	7959	43	8081	101406
UNKNOWN	271	C	0.992698923401	A	0.00445489419626	36	8022	15	8	8081	101406
UNKNOWN	272	C	0.987130305655	A	0.00730107659943	59	7977	8	37	8081	101406
UNKNOWN	273	A	0.981932929093	G	0.0101472590026	7935	27	82	37	8081	101406
UNKNOWN	274	C	0.984779111496	T	0.00705358247742	53	7958	13	57	8081	101406
UNKNOWN	275	A	0.975745576043	G	0.0112609825517	7885	42	91	63	8081	101406
UNKNOWN	276	T	0.98898651157	C	0.00420740007425	31	34	24	7992	8081	101406
UNKNOWN	277	A	0.986635317411	C	0.00692983541641	7973	56	33	19	8081	101406
UNKNOWN	278	C	0.957307263952	T	0.0392278183393	20	7736	8	317	8081	101406
UNKNOWN	279	T	0.983541640886	C	0.00730107659943	36	59	38	7948	8081	101406
UNKNOWN	280	A	0.97426061131	T	0.0124984531617	7873	64	43	101	8081	101406
UNKNOWN	281	C	0.970176958297	T	0.0262343769335	14	7840	15	212	8081	101406
UNKNOWN	282	T	0.98898651157	G	0.00742482366044	15	14	60	7992	8081	101406
