Type	Position	Nucl1	Freq1	Nucl2	Freq2	NumAs	NumCs	NumGs	NumTs	NumAligned	NumNaive
UNKNOWN	0	A	1.0	C	0.0	593	0	0	0	593	92324
UNKNOWN	1	A	1.0	C	0.0	593	0	0	0	593	92324
UNKNOWN	2	G	1.0	A	0.0	0	0	593	0	593	92324
UNKNOWN	3	G	1.0	A	0.0	0	0	593	0	593	92324
UNKNOWN	4	T	1.0	A	0.0	0	0	0	593	593	92324
UNKNOWN	5	G	1.0	A	0.0	0	0	593	0	593	92324
UNKNOWN	6	C	1.0	A	0.0	0	593	0	0	593	92324
UNKNOWN	7	A	0.996627318718	C	0.00168634064081	591	1	1	0	593	92324
UNKNOWN	8	G	0.998313659359	C	0.00168634064081	0	1	592	0	593	92324
UNKNOWN	9	C	1.0	A	0.0	0	593	0	0	593	92324
UNKNOWN	10	T	1.0	A	0.0	0	0	0	593	593	92324
UNKNOWN	11	G	1.0	A	0.0	0	0	593	0	593	92324
UNKNOWN	12	C	1.0	A	0.0	0	593	0	0	593	92324
UNKNOWN	13	A	0.826306913997	G	0.16694772344	490	4	99	0	593	92324
UNKNOWN	14	G	0.971332209106	C	0.0286677908938	0	17	576	0	593	92324
UNKNOWN	15	G	1.0	A	0.0	0	0	593	0	593	92324
UNKNOWN	16	A	0.998313659359	G	0.00168634064081	592	0	1	0	593	92324
UNKNOWN	17	G	1.0	A	0.0	0	0	593	0	593	92324
UNKNOWN	18	T	1.0	A	0.0	0	0	0	593	593	92324
UNKNOWN	19	C	0.996627318718	T	0.00168634064081	0	591	1	1	593	92324
UNKNOWN	20	G	0.903878583474	A	0.0961214165261	57	0	536	0	593	92324
UNKNOWN	21	G	0.998313659359	A	0.00168634064081	1	0	592	0	593	92324
UNKNOWN	22	G	1.0	A	0.0	0	0	593	0	593	92324
UNKNOWN	23	C	0.961214165261	T	0.0387858347386	0	570	0	23	593	92324
UNKNOWN	24	C	1.0	A	0.0	0	593	0	0	593	92324
UNKNOWN	25	C	1.0	A	0.0	0	593	0	0	593	92324
UNKNOWN	26	C	1.0	A	0.0	0	593	0	0	593	92324
UNKNOWN	27	A	0.996627318718	G	0.00337268128162	591	0	2	0	593	92324
UNKNOWN	28	G	0.996627318718	A	0.00168634064081	1	1	591	0	593	92324
UNKNOWN	29	C	0.994940978078	T	0.00505902192243	0	590	0	3	593	92324
UNKNOWN	30	C	0.996627318718	T	0.00337268128162	0	591	0	2	593	92324
UNKNOWN	31	T	0.998313659359	C	0.00168634064081	0	1	0	592	593	92324
UNKNOWN	32	G	0.998313659359	C	0.00168634064081	0	1	592	0	593	92324
UNKNOWN	33	G	0.996627318718	A	0.00337268128162	2	0	591	0	593	92324
UNKNOWN	34	T	0.994940978078	C	0.00505902192243	0	3	0	590	593	92324
UNKNOWN	35	G	1.0	A	0.0	0	0	593	0	593	92324
UNKNOWN	36	A	1.0	C	0.0	593	0	0	0	593	92324
UNKNOWN	37	A	0.998313659359	C	0.00168634064081	592	1	0	0	593	92324
UNKNOWN	38	G	1.0	A	0.0	0	0	593	0	593	92324
UNKNOWN	39	C	1.0	A	0.0	0	593	0	0	593	92324
UNKNOWN	40	C	1.0	A	0.0	0	593	0	0	593	92324
UNKNOWN	41	C	0.996627318718	G	0.00337268128162	0	591	2	0	593	92324
UNKNOWN	42	T	0.994940978078	C	0.00505902192243	0	3	0	590	593	92324
UNKNOWN	43	C	1.0	A	0.0	0	593	0	0	593	92324
UNKNOWN	44	A	0.998313659359	G	0.00168634064081	592	0	1	0	593	92324
UNKNOWN	45	C	1.0	A	0.0	0	593	0	0	593	92324
UNKNOWN	46	A	1.0	C	0.0	593	0	0	0	593	92324
UNKNOWN	47	G	0.996627318718	A	0.00168634064081	1	0	591	1	593	92324
UNKNOWN	48	A	0.994940978078	G	0.00505902192243	590	0	3	0	593	92324
UNKNOWN	49	C	1.0	A	0.0	0	593	0	0	593	92324
UNKNOWN	50	C	0.998313659359	T	0.00168634064081	0	592	0	1	593	92324
UNKNOWN	51	C	1.0	A	0.0	0	593	0	0	593	92324
UNKNOWN	52	T	0.996627318718	C	0.00337268128162	0	2	0	591	593	92324
UNKNOWN	53	C	1.0	A	0.0	0	593	0	0	593	92324
UNKNOWN	54	T	1.0	A	0.0	0	0	0	593	593	92324
UNKNOWN	55	C	1.0	A	0.0	0	593	0	0	593	92324
UNKNOWN	56	C	0.998313659359	G	0.00168634064081	0	592	1	0	593	92324
UNKNOWN	57	C	1.0	A	0.0	0	593	0	0	593	92324
UNKNOWN	58	T	0.994940978078	C	0.00337268128162	1	2	0	590	593	92324
UNKNOWN	59	C	0.998313659359	A	0.00168634064081	1	592	0	0	593	92324
UNKNOWN	60	A	0.998313659359	G	0.00168634064081	592	0	1	0	593	92324
UNKNOWN	61	C	1.0	A	0.0	0	593	0	0	593	92324
UNKNOWN	62	C	1.0	A	0.0	0	593	0	0	593	92324
UNKNOWN	63	T	0.996627318718	C	0.00337268128162	0	2	0	591	593	92324
UNKNOWN	64	G	1.0	A	0.0	0	0	593	0	593	92324
UNKNOWN	65	C	0.996627318718	A	0.00168634064081	1	591	0	1	593	92324
UNKNOWN	66	A	0.998313659359	G	0.00168634064081	592	0	1	0	593	92324
UNKNOWN	67	C	0.998313659359	T	0.00168634064081	0	592	0	1	593	92324
UNKNOWN	68	G	1.0	A	0.0	0	0	593	0	593	92324
UNKNOWN	69	A	0.971332209106	G	0.0286677908938	576	0	17	0	593	92324
UNKNOWN	70	C	0.967959527825	T	0.0320404721754	0	574	0	19	593	92324
UNKNOWN	71	C	1.0	A	0.0	0	593	0	0	593	92324
UNKNOWN	72	T	1.0	A	0.0	0	0	0	593	593	92324
UNKNOWN	73	C	1.0	A	0.0	0	593	0	0	593	92324
UNKNOWN	74	T	1.0	A	0.0	0	0	0	593	593	92324
UNKNOWN	75	G	1.0	A	0.0	0	0	593	0	593	92324
UNKNOWN	76	G	0.996627318718	A	0.00168634064081	1	1	591	0	593	92324
UNKNOWN	77	A	0.998313659359	C	0.00168634064081	592	1	0	0	593	92324
UNKNOWN	78	T	0.994940978078	C	0.00505902192243	0	3	0	590	593	92324
UNKNOWN	79	T	0.984822934233	C	0.0151770657673	0	9	0	584	593	92324
UNKNOWN	80	C	1.0	A	0.0	0	593	0	0	593	92324
UNKNOWN	81	T	0.996627318718	C	0.00337268128162	0	2	0	591	593	92324
UNKNOWN	82	C	1.0	A	0.0	0	593	0	0	593	92324
UNKNOWN	83	A	1.0	C	0.0	593	0	0	0	593	92324
UNKNOWN	84	T	0.998313659359	C	0.00168634064081	0	1	0	592	593	92324
UNKNOWN	85	T	1.0	A	0.0	0	0	0	593	593	92324
UNKNOWN	86	G	0.994940978078	A	0.00337268128162	2	1	590	0	593	92324
UNKNOWN	87	A	0.993254637437	C	0.00505902192243	589	3	1	0	593	92324
UNKNOWN	88	C	0.959527824621	G	0.0387858347386	0	569	23	1	593	92324
UNKNOWN	89	C	0.998313659359	T	0.00168634064081	0	592	0	1	593	92324
UNKNOWN	90	A	0.996627318718	C	0.00168634064081	591	1	1	0	593	92324
UNKNOWN	91	G	0.974704890388	A	0.0118043844857	7	6	578	2	593	92324
UNKNOWN	92	C	0.991568296796	T	0.00505902192243	1	588	1	3	593	92324
UNKNOWN	93	T	0.996627318718	A	0.00337268128162	2	0	0	591	593	92324
UNKNOWN	94	A	0.998313659359	T	0.00168634064081	592	0	0	1	593	92324
UNKNOWN	95	T	0.989881956155	C	0.00843170320405	0	5	1	587	593	92324
UNKNOWN	96	G	0.998313659359	T	0.00168634064081	0	0	592	1	593	92324
UNKNOWN	97	G	0.966273187184	C	0.0252951096121	5	15	573	0	593	92324
UNKNOWN	98	T	0.989881956155	C	0.00843170320405	0	5	1	587	593	92324
UNKNOWN	99	G	0.996627318718	A	0.00337268128162	2	0	591	0	593	92324
UNKNOWN	100	T	1.0	A	0.0	0	0	0	593	593	92324
UNKNOWN	101	A	0.994940978078	G	0.00337268128162	590	1	2	0	593	92324
UNKNOWN	102	A	0.959527824621	G	0.035413153457	569	3	21	0	593	92324
UNKNOWN	103	G	0.834738617201	A	0.12478920742	74	10	495	14	593	92324
UNKNOWN	104	C	0.994940978078	T	0.00505902192243	0	590	0	3	593	92324
UNKNOWN	105	T	0.996627318718	G	0.00337268128162	0	0	2	591	593	92324
UNKNOWN	106	G	1.0	A	0.0	0	0	593	0	593	92324
UNKNOWN	107	G	0.998313659359	A	0.00168634064081	1	0	592	0	593	92324
UNKNOWN	108	G	0.998313659359	T	0.00168634064081	0	0	592	1	593	92324
UNKNOWN	109	T	0.996627318718	C	0.00337268128162	0	2	0	591	593	92324
UNKNOWN	110	C	1.0	A	0.0	0	593	0	0	593	92324
UNKNOWN	111	C	0.998313659359	G	0.00168634064081	0	592	1	0	593	92324
UNKNOWN	112	G	0.998313659359	C	0.00168634064081	0	1	592	0	593	92324
UNKNOWN	113	C	1.0	A	0.0	0	593	0	0	593	92324
UNKNOWN	114	C	0.996627318718	A	0.00337268128162	2	591	0	0	593	92324
UNKNOWN	115	A	0.996627318718	G	0.00337268128162	591	0	2	0	593	92324
UNKNOWN	116	G	1.0	A	0.0	0	0	593	0	593	92324
UNKNOWN	117	G	0.996627318718	A	0.00168634064081	1	1	591	0	593	92324
UNKNOWN	118	C	0.998313659359	T	0.00168634064081	0	592	0	1	593	92324
UNKNOWN	119	T	0.998313659359	C	0.00168634064081	0	1	0	592	593	92324
UNKNOWN	120	C	0.998313659359	T	0.00168634064081	0	592	0	1	593	92324
UNKNOWN	121	C	0.998313659359	A	0.00168634064081	1	592	0	0	593	92324
UNKNOWN	122	A	0.996627318718	G	0.00337268128162	591	0	2	0	593	92324
UNKNOWN	123	G	0.998313659359	A	0.00168634064081	1	0	592	0	593	92324
UNKNOWN	124	G	0.998313659359	C	0.00168634064081	0	1	592	0	593	92324
UNKNOWN	125	A	0.81281618887	G	0.182124789207	482	3	108	0	593	92324
UNKNOWN	126	A	1.0	C	0.0	593	0	0	0	593	92324
UNKNOWN	127	A	0.998313659359	G	0.00168634064081	592	0	1	0	593	92324
UNKNOWN	128	G	1.0	A	0.0	0	0	593	0	593	92324
UNKNOWN	129	G	0.998313659359	C	0.00168634064081	0	1	592	0	593	92324
UNKNOWN	130	C	0.998313659359	G	0.00168634064081	0	592	1	0	593	92324
UNKNOWN	131	G	0.994940978078	A	0.00337268128162	2	1	590	0	593	92324
UNKNOWN	132	C	0.996627318718	A	0.00168634064081	1	591	0	1	593	92324
UNKNOWN	133	T	0.998313659359	G	0.00168634064081	0	0	1	592	593	92324
UNKNOWN	134	G	0.993254637437	A	0.00674536256324	4	0	589	0	593	92324
UNKNOWN	135	G	0.996627318718	A	0.00168634064081	1	1	591	0	593	92324
UNKNOWN	136	A	0.996627318718	G	0.00337268128162	591	0	2	0	593	92324
UNKNOWN	137	G	0.996627318718	A	0.00168634064081	1	0	591	1	593	92324
UNKNOWN	138	T	0.996627318718	A	0.00168634064081	1	0	1	591	593	92324
UNKNOWN	139	G	0.996627318718	A	0.00168634064081	1	1	591	0	593	92324
UNKNOWN	140	G	0.981450252951	C	0.0151770657673	0	9	582	2	593	92324
UNKNOWN	141	C	0.994940978078	A	0.00337268128162	2	590	0	1	593	92324
UNKNOWN	142	T	0.998313659359	C	0.00168634064081	0	1	0	592	593	92324
UNKNOWN	143	C	0.991568296796	G	0.00505902192243	1	588	3	1	593	92324
UNKNOWN	144	G	1.0	A	0.0	0	0	593	0	593	92324
UNKNOWN	145	G	0.996627318718	T	0.00337268128162	0	0	591	2	593	92324
UNKNOWN	146	T	0.983136593592	G	0.0151770657673	0	1	9	583	593	92324
UNKNOWN	147	G	0.947723440135	A	0.0522765598651	31	0	562	0	593	92324
UNKNOWN	148	G	0.9173693086	C	0.0590219224283	12	35	544	2	593	92324
UNKNOWN	149	T	0.910623946037	A	0.0590219224283	35	1	17	540	593	92324
UNKNOWN	150	A	0.988195615514	G	0.00843170320405	586	0	5	2	593	92324
UNKNOWN	151	T	0.993254637437	A	0.00337268128162	2	1	1	589	593	92324
UNKNOWN	152	A	0.991568296796	G	0.00674536256324	588	1	4	0	593	92324
UNKNOWN	153	G	0.949409780776	A	0.0505902192243	30	0	563	0	593	92324
UNKNOWN	154	A	0.954468802698	G	0.0320404721754	566	6	19	2	593	92324
UNKNOWN	155	T	0.930860033727	G	0.0489038785835	4	8	29	552	593	92324
UNKNOWN	156	A	0.956155143339	G	0.0387858347386	567	0	23	3	593	92324
UNKNOWN	157	G	0.946037099494	A	0.0421585160202	25	5	561	2	593	92324
UNKNOWN	158	T	0.991568296796	G	0.00674536256324	0	1	4	588	593	92324
UNKNOWN	159	G	0.942664418212	A	0.0539629005059	32	0	559	2	593	92324
UNKNOWN	160	G	0.966273187184	A	0.0252951096121	15	0	573	5	593	92324
UNKNOWN	161	T	0.988195615514	G	0.00674536256324	0	3	4	586	593	92324
UNKNOWN	162	G	0.993254637437	A	0.00674536256324	4	0	589	0	593	92324
UNKNOWN	163	G	0.993254637437	A	0.00505902192243	3	1	589	0	593	92324
UNKNOWN	164	A	0.994940978078	G	0.00505902192243	590	0	3	0	593	92324
UNKNOWN	165	A	0.976391231029	G	0.0219224283305	579	1	13	0	593	92324
UNKNOWN	166	G	0.760539629005	A	0.202360876897	120	17	451	5	593	92324
UNKNOWN	167	C	0.974704890388	G	0.0118043844857	2	578	7	6	593	92324
UNKNOWN	168	A	0.993254637437	C	0.00337268128162	589	2	2	0	593	92324
UNKNOWN	169	C	0.97976391231	T	0.0101180438449	4	581	2	6	593	92324
UNKNOWN	170	A	0.994940978078	G	0.00505902192243	590	0	3	0	593	92324
UNKNOWN	171	G	0.989881956155	T	0.00505902192243	2	1	587	3	593	92324
UNKNOWN	172	G	0.907251264755	A	0.079258010118	47	5	538	3	593	92324
UNKNOWN	173	C	0.989881956155	T	0.00674536256324	1	587	1	4	593	92324
UNKNOWN	174	T	0.991568296796	A	0.00337268128162	2	2	1	588	593	92324
UNKNOWN	175	A	0.994940978078	T	0.00505902192243	590	0	0	3	593	92324
UNKNOWN	176	T	0.989881956155	A	0.00674536256324	4	2	0	587	593	92324
UNKNOWN	177	A	0.993254637437	C	0.00337268128162	589	2	1	1	593	92324
UNKNOWN	178	A	0.989881956155	C	0.00674536256324	587	4	2	0	593	92324
UNKNOWN	179	C	0.978077571669	T	0.0185497470489	1	580	1	11	593	92324
UNKNOWN	180	C	0.983136593592	T	0.0134907251265	2	583	0	8	593	92324
UNKNOWN	181	C	0.984822934233	T	0.00843170320405	2	584	2	5	593	92324
UNKNOWN	182	A	0.993254637437	G	0.00674536256324	589	0	4	0	593	92324
UNKNOWN	183	G	0.996627318718	C	0.00337268128162	0	2	591	0	593	92324
UNKNOWN	184	G	0.920741989882	C	0.0590219224283	10	35	546	2	593	92324
UNKNOWN	185	C	0.994940978078	T	0.00337268128162	1	590	0	2	593	92324
UNKNOWN	186	C	0.991568296796	T	0.00337268128162	1	588	2	2	593	92324
UNKNOWN	187	T	0.993254637437	A	0.00337268128162	2	0	2	589	593	92324
UNKNOWN	188	G	0.883642495784	C	0.102866779089	6	61	524	2	593	92324
UNKNOWN	189	A	0.887015177066	G	0.106239460371	526	4	63	0	593	92324
UNKNOWN	190	A	0.994940978078	T	0.00337268128162	590	1	0	2	593	92324
UNKNOWN	191	A	0.989881956155	C	0.00505902192243	587	3	1	2	593	92324
UNKNOWN	192	T	0.885328836425	C	0.107925801012	0	64	4	525	593	92324
UNKNOWN	193	C	0.998313659359	A	0.00168634064081	1	592	0	0	593	92324
UNKNOWN	194	C	0.888701517707	T	0.10455311973	2	527	2	62	593	92324
UNKNOWN	195	A	0.885328836425	C	0.106239460371	525	63	4	1	593	92324
UNKNOWN	196	G	0.994940978078	C	0.00337268128162	1	2	590	0	593	92324
UNKNOWN	197	G	0.988195615514	C	0.00505902192243	2	3	586	2	593	92324
UNKNOWN	198	C	0.996627318718	T	0.00337268128162	0	591	0	2	593	92324
UNKNOWN	199	T	0.986509274874	C	0.00843170320405	3	5	0	585	593	92324
UNKNOWN	200	C	0.993254637437	A	0.00337268128162	2	589	2	0	593	92324
UNKNOWN	201	A	0.991568296796	G	0.00505902192243	588	1	3	1	593	92324
UNKNOWN	202	G	0.991568296796	A	0.00337268128162	2	2	588	1	593	92324
UNKNOWN	203	T	0.725126475548	C	0.252951096121	3	150	10	430	593	92324
UNKNOWN	204	A	0.981450252951	C	0.0118043844857	582	7	1	3	593	92324
UNKNOWN	205	T	0.988195615514	A	0.00505902192243	3	3	1	586	593	92324
UNKNOWN	206	C	0.991568296796	A	0.00337268128162	2	588	2	1	593	92324
UNKNOWN	207	A	0.993254637437	C	0.00674536256324	589	4	0	0	593	92324
UNKNOWN	208	C	0.991568296796	A	0.00505902192243	3	588	1	1	593	92324
UNKNOWN	209	C	0.978077571669	G	0.0151770657673	3	580	9	1	593	92324
UNKNOWN	210	A	0.983136593592	G	0.0134907251265	583	2	8	0	593	92324
UNKNOWN	211	G	0.85497470489	A	0.141652613828	84	0	507	2	593	92324
UNKNOWN	212	G	0.991568296796	A	0.00674536256324	4	1	588	0	593	92324
UNKNOWN	213	G	0.988195615514	A	0.00843170320405	5	2	586	0	593	92324
UNKNOWN	214	A	0.994940978078	C	0.00337268128162	590	2	1	0	593	92324
UNKNOWN	215	C	0.984822934233	A	0.00843170320405	5	584	2	2	593	92324
UNKNOWN	216	A	0.993254637437	C	0.00674536256324	589	4	0	0	593	92324
UNKNOWN	217	A	0.984822934233	C	0.00674536256324	584	4	2	3	593	92324
UNKNOWN	218	C	0.981450252951	T	0.0168634064081	0	582	1	10	593	92324
UNKNOWN	219	T	0.988195615514	C	0.00843170320405	0	5	2	586	593	92324
UNKNOWN	220	C	0.993254637437	A	0.00505902192243	3	589	1	0	593	92324
UNKNOWN	221	C	0.991568296796	A	0.00843170320405	5	588	0	0	593	92324
UNKNOWN	222	A	0.989881956155	G	0.00674536256324	587	2	4	0	593	92324
UNKNOWN	223	A	0.983136593592	G	0.0168634064081	583	0	10	0	593	92324
UNKNOWN	224	G	0.993254637437	A	0.00505902192243	3	1	589	0	593	92324
UNKNOWN	225	A	0.984822934233	C	0.00674536256324	584	4	4	1	593	92324
UNKNOWN	226	G	0.97976391231	A	0.0101180438449	6	5	581	1	593	92324
UNKNOWN	227	C	0.989881956155	T	0.00674536256324	2	587	0	4	593	92324
UNKNOWN	228	C	0.991568296796	A	0.00843170320405	5	588	0	0	593	92324
UNKNOWN	229	A	0.993254637437	G	0.00505902192243	589	1	3	0	593	92324
UNKNOWN	230	A	0.989881956155	G	0.00674536256324	587	0	4	2	593	92324
UNKNOWN	231	G	0.981450252951	C	0.00843170320405	3	5	582	3	593	92324
UNKNOWN	232	T	0.994940978078	C	0.00337268128162	0	2	1	590	593	92324
UNKNOWN	233	C	0.978077571669	T	0.0151770657673	2	580	2	9	593	92324
UNKNOWN	234	T	0.993254637437	C	0.00505902192243	0	3	1	589	593	92324
UNKNOWN	235	C	0.993254637437	T	0.00505902192243	1	589	0	3	593	92324
UNKNOWN	236	T	0.981450252951	C	0.0151770657673	0	9	2	582	593	92324
UNKNOWN	237	C	0.989881956155	A	0.00337268128162	2	587	2	2	593	92324
UNKNOWN	238	T	0.991568296796	G	0.00505902192243	0	2	3	588	593	92324
UNKNOWN	239	G	0.944350758853	A	0.043844856661	26	4	560	3	593	92324
UNKNOWN	240	T	0.981450252951	G	0.0118043844857	2	2	7	582	593	92324
UNKNOWN	241	C	0.984822934233	T	0.00674536256324	3	584	2	4	593	92324
UNKNOWN	242	A	0.984822934233	G	0.00674536256324	584	3	4	2	593	92324
UNKNOWN	243	G	0.934232715008	C	0.043844856661	7	26	554	6	593	92324
UNKNOWN	244	T	0.993254637437	A	0.00337268128162	2	0	2	589	593	92324
UNKNOWN	245	G	0.993254637437	A	0.00505902192243	3	0	589	1	593	92324
UNKNOWN	246	A	0.978077571669	G	0.0118043844857	580	6	7	0	593	92324
UNKNOWN	247	G	0.952782462057	A	0.0337268128162	20	3	565	5	593	92324
UNKNOWN	248	C	0.971332209106	T	0.0185497470489	3	576	3	11	593	92324
UNKNOWN	249	A	0.988195615514	G	0.00674536256324	586	2	4	1	593	92324
UNKNOWN	250	G	0.991568296796	C	0.00505902192243	2	3	588	0	593	92324
UNKNOWN	251	C	0.927487352445	T	0.0691399662732	0	550	2	41	593	92324
UNKNOWN	252	G	0.993254637437	C	0.00337268128162	0	2	589	2	593	92324
UNKNOWN	253	T	0.991568296796	A	0.00337268128162	2	1	2	588	593	92324
UNKNOWN	254	G	0.97976391231	A	0.0134907251265	8	3	581	1	593	92324
UNKNOWN	255	A	0.991568296796	G	0.00505902192243	588	2	3	0	593	92324
UNKNOWN	256	C	0.988195615514	T	0.00674536256324	2	586	1	4	593	92324
UNKNOWN	257	A	0.974704890388	C	0.0118043844857	578	7	7	1	593	92324
UNKNOWN	258	C	0.913996627319	A	0.0758853288364	45	542	2	4	593	92324
UNKNOWN	259	C	0.988195615514	T	0.00674536256324	0	586	3	4	593	92324
UNKNOWN	260	T	0.973018549747	C	0.0151770657673	2	9	5	577	593	92324
UNKNOWN	261	G	0.989881956155	A	0.00843170320405	5	0	587	1	593	92324
UNKNOWN	262	A	0.983136593592	G	0.0118043844857	583	3	7	0	593	92324
UNKNOWN	263	G	0.949409780776	A	0.0489038785835	29	1	563	0	593	92324
UNKNOWN	264	G	0.989881956155	A	0.00337268128162	2	2	587	2	593	92324
UNKNOWN	265	A	0.994940978078	C	0.00337268128162	590	2	1	0	593	92324
UNKNOWN	266	C	0.989881956155	A	0.00505902192243	3	587	1	2	593	92324
UNKNOWN	267	A	0.983136593592	G	0.00674536256324	583	3	4	3	593	92324
UNKNOWN	268	C	0.991568296796	G	0.00674536256324	1	588	4	0	593	92324
UNKNOWN	269	G	0.954468802698	A	0.0421585160202	25	2	566	0	593	92324
UNKNOWN	270	G	0.991568296796	C	0.00674536256324	0	4	588	1	593	92324
UNKNOWN	271	C	0.988195615514	A	0.00674536256324	4	586	2	1	593	92324
UNKNOWN	272	C	0.991568296796	A	0.00505902192243	3	588	1	1	593	92324
UNKNOWN	273	G	0.527824620573	A	0.462057335582	274	3	313	3	593	92324
UNKNOWN	274	T	0.532883642496	C	0.453625632378	1	269	7	316	593	92324
UNKNOWN	275	G	0.534569983137	A	0.453625632378	269	4	317	3	593	92324
UNKNOWN	276	T	0.988195615514	C	0.00505902192243	2	3	2	586	593	92324
UNKNOWN	277	A	0.988195615514	T	0.00505902192243	586	2	2	3	593	92324
UNKNOWN	278	C	0.956155143339	T	0.0387858347386	3	567	0	23	593	92324
UNKNOWN	279	T	0.986509274874	C	0.00674536256324	2	4	2	585	593	92324
UNKNOWN	280	A	0.97976391231	T	0.0101180438449	581	5	1	6	593	92324
UNKNOWN	281	C	0.978077571669	T	0.0168634064081	1	580	2	10	593	92324
UNKNOWN	282	T	0.993254637437	G	0.00505902192243	0	1	3	589	593	92324
