Type	Position	Nucl1	Freq1	Nucl2	Freq2	NumAs	NumCs	NumGs	NumTs	NumAligned	NumNaive
UNKNOWN	0	C	1.0	A	0.0	0	26661	0	0	26661	109411
UNKNOWN	1	A	1.0	C	0.0	26661	0	0	0	26661	109411
UNKNOWN	2	G	1.0	A	0.0	0	0	26661	0	26661	109411
UNKNOWN	3	G	1.0	A	0.0	0	0	26661	0	26661	109411
UNKNOWN	4	T	1.0	A	0.0	0	0	0	26661	26661	109411
UNKNOWN	5	G	1.0	A	0.0	0	0	26661	0	26661	109411
UNKNOWN	6	C	1.0	A	0.0	0	26661	0	0	26661	109411
UNKNOWN	7	A	0.994823900079	G	0.00378830501482	26523	18	101	19	26661	109411
UNKNOWN	8	G	0.981058474926	A	0.0147406323844	393	97	26156	15	26661	109411
UNKNOWN	9	C	0.996061663103	T	0.00243801807884	10	26556	30	65	26661	109411
UNKNOWN	10	T	0.998874760887	C	0.000975207231537	2	26	2	26631	26661	109411
UNKNOWN	11	G	0.999212332621	A	0.000562619556656	15	2	26640	4	26661	109411
UNKNOWN	12	C	0.998874760887	T	0.000975207231537	3	26631	1	26	26661	109411
UNKNOWN	13	G	0.999362364502	A	0.000337571733993	9	3	26644	5	26661	109411
UNKNOWN	14	C	0.897040621132	G	0.102096695548	13	23916	2722	10	26661	109411
UNKNOWN	15	G	0.999699936236	A	0.000225047822662	6	0	26653	2	26661	109411
UNKNOWN	16	A	0.997824537714	G	0.00142530287686	26603	15	38	5	26661	109411
UNKNOWN	17	G	0.991260642887	A	0.00810172161584	216	11	26428	6	26661	109411
UNKNOWN	18	T	0.997074378305	C	0.00146281084731	4	39	35	26583	26661	109411
UNKNOWN	19	C	0.998912268857	T	0.000675143467987	2	26632	9	18	26661	109411
UNKNOWN	20	G	0.989535276246	A	0.00802670567496	214	57	26382	8	26661	109411
UNKNOWN	21	G	0.999212332621	A	0.000487603615768	13	6	26640	2	26661	109411
UNKNOWN	22	G	0.999212332621	A	0.000450095645325	12	7	26640	2	26661	109411
UNKNOWN	23	C	0.996361726867	T	0.00330070139905	1	26564	8	88	26661	109411
UNKNOWN	24	C	0.999437380443	T	0.000375079704437	4	26646	1	10	26661	109411
UNKNOWN	25	C	0.99913731668	T	0.000450095645325	11	26638	0	12	26661	109411
UNKNOWN	26	C	0.998912268857	A	0.000562619556656	15	26632	2	12	26661	109411
UNKNOWN	27	A	0.997074378305	G	0.00236300213795	26583	14	63	1	26661	109411
UNKNOWN	28	G	0.994823900079	A	0.00412587674881	110	21	26523	7	26661	109411
UNKNOWN	29	C	0.998799744946	T	0.000975207231537	2	26629	4	26	26661	109411
UNKNOWN	30	C	0.999212332621	T	0.000412587674881	1	26640	9	11	26661	109411
UNKNOWN	31	T	0.997261918158	G	0.00142530287686	6	29	38	26588	26661	109411
UNKNOWN	32	G	0.993398597202	A	0.00525111586212	140	13	26485	23	26661	109411
UNKNOWN	33	G	0.997149394246	C	0.00150031881775	27	40	26585	9	26661	109411
UNKNOWN	34	T	0.997261918158	C	0.00165035069952	4	44	25	26588	26661	109411
UNKNOWN	35	G	0.998574697123	A	0.00108773114287	29	4	26623	5	26661	109411
UNKNOWN	36	A	0.998162109448	G	0.00112523911331	26612	12	30	7	26661	109411
UNKNOWN	37	A	0.992160834177	G	0.00656389482765	26452	31	175	3	26661	109411
UNKNOWN	38	G	0.998424665241	A	0.000900191290649	24	14	26619	4	26661	109411
UNKNOWN	39	C	0.997824537714	T	0.00187539852219	2	26603	6	50	26661	109411
UNKNOWN	40	C	0.999249840591	T	0.000637635497543	0	26641	3	17	26661	109411
UNKNOWN	41	C	0.998387157271	T	0.00101271520198	0	26618	16	27	26661	109411
UNKNOWN	42	T	0.997899553655	C	0.00172536664041	4	46	6	26605	26661	109411
UNKNOWN	43	C	0.998912268857	T	0.000562619556656	12	26632	2	15	26661	109411
UNKNOWN	44	A	0.997224410187	G	0.00153782678819	26587	27	41	6	26661	109411
UNKNOWN	45	C	0.998874760887	A	0.000450095645325	12	26631	10	8	26661	109411
UNKNOWN	46	A	0.996961854394	G	0.00195041446307	26580	27	52	2	26661	109411
UNKNOWN	47	G	0.99831214133	A	0.00131277896553	35	5	26616	5	26661	109411
UNKNOWN	48	A	0.996849330483	G	0.00157533475864	26577	33	42	9	26661	109411
UNKNOWN	49	C	0.999399872473	T	0.000337571733993	1	26645	6	9	26661	109411
UNKNOWN	50	C	0.99913731668	T	0.0006001275271	6	26638	1	16	26661	109411
UNKNOWN	51	C	0.999024792768	T	0.000712651438431	1	26635	6	19	26661	109411
UNKNOWN	52	T	0.99748696598	C	0.00225047822662	5	60	2	26594	26661	109411
UNKNOWN	53	C	0.999249840591	T	0.000637635497543	3	26641	0	17	26661	109411
UNKNOWN	54	T	0.997036870335	C	0.0024005101084	9	64	6	26582	26661	109411
UNKNOWN	55	C	0.998874760887	A	0.0006001275271	16	26631	1	13	26661	109411
UNKNOWN	56	C	0.998237125389	T	0.00142530287686	4	26614	5	38	26661	109411
UNKNOWN	57	C	0.998124601478	G	0.00101271520198	0	26611	27	23	26661	109411
UNKNOWN	58	T	0.997224410187	C	0.00217546228574	10	58	6	26587	26661	109411
UNKNOWN	59	C	0.9983496493	A	0.0012002550542	32	26617	1	11	26661	109411
UNKNOWN	60	A	0.997224410187	G	0.00150031881775	26587	27	40	7	26661	109411
UNKNOWN	61	C	0.996661790631	T	0.00150031881775	15	26572	34	40	26661	109411
UNKNOWN	62	C	0.995949139192	T	0.00277558981284	8	26553	26	74	26661	109411
UNKNOWN	63	T	0.997674505832	C	0.00142530287686	3	38	21	26599	26661	109411
UNKNOWN	64	G	0.999212332621	C	0.000562619556656	4	15	26640	2	26661	109411
UNKNOWN	65	C	0.998049585537	T	0.00108773114287	23	26609	0	29	26661	109411
UNKNOWN	66	A	0.995123963842	G	0.00315066951727	26531	31	84	15	26661	109411
UNKNOWN	67	C	0.99662428266	T	0.00213795431529	8	26571	25	57	26661	109411
UNKNOWN	68	G	0.994523836315	A	0.00457597239413	122	19	26515	5	26661	109411
UNKNOWN	69	G	0.980908443044	A	0.015640823675	417	58	26152	34	26661	109411
UNKNOWN	70	T	0.994823900079	C	0.00465098833502	5	124	9	26523	26661	109411
UNKNOWN	71	C	0.98480927197	T	0.00881437305427	7	26256	163	235	26661	109411
UNKNOWN	72	T	0.995874123251	C	0.0024005101084	12	64	34	26551	26661	109411
UNKNOWN	73	C	0.998199617419	T	0.00123776302464	12	26613	3	33	26661	109411
UNKNOWN	74	T	0.995686583399	C	0.00236300213795	10	63	42	26546	26661	109411
UNKNOWN	75	G	0.998087093507	A	0.00172536664041	46	2	26610	3	26661	109411
UNKNOWN	76	G	0.995198979783	A	0.00423840066014	113	8	26533	7	26661	109411
UNKNOWN	77	A	0.988485053074	G	0.00536363977345	26354	116	143	48	26661	109411
UNKNOWN	78	T	0.995123963842	C	0.00285060575372	12	76	42	26531	26661	109411
UNKNOWN	79	T	0.996736806571	C	0.00273808184239	5	73	9	26574	26661	109411
UNKNOWN	80	C	0.993511121113	T	0.00405086080792	6	26488	59	108	26661	109411
UNKNOWN	81	T	0.994823900079	C	0.00378830501482	8	101	29	26523	26661	109411
UNKNOWN	82	C	0.998012077566	T	0.000975207231537	23	26608	4	26	26661	109411
UNKNOWN	83	A	0.995424027606	G	0.00281309778328	26539	22	75	25	26661	109411
UNKNOWN	84	T	0.997899553655	C	0.00127527099509	3	34	19	26605	26661	109411
UNKNOWN	85	T	0.998199617419	C	0.000937699261093	3	25	20	26613	26661	109411
UNKNOWN	86	G	0.992010802295	A	0.00720153032519	192	12	26448	9	26661	109411
UNKNOWN	87	A	0.99324856532	G	0.00483852818724	26481	43	129	8	26661	109411
UNKNOWN	88	G	0.960654139005	A	0.0281309778328	750	244	25612	55	26661	109411
UNKNOWN	89	C	0.965267619369	T	0.0207794156258	179	25735	193	554	26661	109411
UNKNOWN	90	A	0.981020966955	G	0.0140654889164	26155	96	375	35	26661	109411
UNKNOWN	91	G	0.809121938412	A	0.137316679794	3661	1021	21572	407	26661	109411
UNKNOWN	92	C	0.959341360039	T	0.0243051648475	82	25577	354	648	26661	109411
UNKNOWN	93	T	0.986384606729	A	0.00495105209857	132	128	103	26298	26661	109411
UNKNOWN	94	A	0.987734893665	C	0.00660140279809	26334	176	59	92	26661	109411
UNKNOWN	95	T	0.987472337872	C	0.00922696072915	17	246	71	26327	26661	109411
UNKNOWN	96	G	0.884025355388	A	0.081317279922	2168	336	23569	588	26661	109411
UNKNOWN	97	C	0.903942087694	G	0.0436967855669	511	24100	1165	885	26661	109411
UNKNOWN	98	T	0.994486328345	C	0.00303814560594	20	81	46	26514	26661	109411
UNKNOWN	99	G	0.962717077379	A	0.0342447770151	913	22	25667	59	26661	109411
UNKNOWN	100	T	0.997674505832	C	0.00105022317242	26	28	8	26599	26661	109411
UNKNOWN	101	A	0.971531450433	G	0.0178913019017	25902	153	477	129	26661	109411
UNKNOWN	102	A	0.977007614118	G	0.0182663816061	26048	86	487	40	26661	109411
UNKNOWN	103	G	0.798394658865	A	0.124601477814	3322	1583	21286	470	26661	109411
UNKNOWN	104	C	0.9755072953	T	0.0225422902367	13	26008	39	601	26661	109411
UNKNOWN	105	T	0.997974569596	C	0.00105022317242	2	28	24	26607	26661	109411
UNKNOWN	106	G	0.999362364502	T	0.00030006376355	7	2	26644	8	26661	109411
UNKNOWN	107	G	0.998762236975	A	0.000675143467987	18	6	26628	9	26661	109411
UNKNOWN	108	G	0.962341997675	A	0.0309815835865	826	89	25657	89	26661	109411
UNKNOWN	109	T	0.99493642399	C	0.00427590863058	8	114	13	26526	26661	109411
UNKNOWN	110	C	0.996174187015	A	0.0020629383744	55	26559	9	38	26661	109411
UNKNOWN	111	C	0.998837252916	G	0.000712651438431	0	26630	19	12	26661	109411
UNKNOWN	112	G	0.998799744946	C	0.000900191290649	5	24	26629	3	26661	109411
UNKNOWN	113	C	0.998124601478	T	0.00127527099509	11	26611	5	34	26661	109411
UNKNOWN	114	C	0.998574697123	A	0.000975207231537	26	26623	4	8	26661	109411
UNKNOWN	115	A	0.99576159934	G	0.00352574922171	26548	9	94	10	26661	109411
UNKNOWN	116	G	0.997186902217	A	0.0024005101084	64	11	26586	0	26661	109411
UNKNOWN	117	G	0.97974569596	A	0.0178162859608	475	40	26121	25	26661	109411
UNKNOWN	118	C	0.996774314542	T	0.00255054199017	3	26575	15	68	26661	109411
UNKNOWN	119	T	0.995949139192	C	0.00262555793106	14	70	24	26553	26661	109411
UNKNOWN	120	C	0.99827463336	T	0.00112523911331	8	26615	8	30	26661	109411
UNKNOWN	121	C	0.997336934098	T	0.00116274708376	28	26590	12	31	26661	109411
UNKNOWN	122	A	0.98818498931	G	0.0112898991036	26346	9	301	5	26661	109411
UNKNOWN	123	G	0.998837252916	A	0.000750159408874	20	8	26630	3	26661	109411
UNKNOWN	124	G	0.99917482465	A	0.000825175349762	22	0	26639	0	26661	109411
UNKNOWN	125	G	0.993511121113	A	0.0062638310641	167	6	26488	0	26661	109411
UNKNOWN	126	A	0.999062300739	G	0.000825175349762	26636	2	22	1	26661	109411
UNKNOWN	127	A	0.995048947901	G	0.00465098833502	26529	4	124	4	26661	109411
UNKNOWN	128	G	0.998837252916	A	0.000787667379318	21	8	26630	2	26661	109411
UNKNOWN	129	G	0.981170998837	A	0.0139529650051	372	108	26159	22	26661	109411
UNKNOWN	130	C	0.995574059488	G	0.00247552604929	4	26543	66	48	26661	109411
UNKNOWN	131	G	0.973706912719	A	0.018003825813	480	107	25960	114	26661	109411
UNKNOWN	132	C	0.991485690709	T	0.00465098833502	78	26434	25	124	26661	109411
UNKNOWN	133	T	0.996436742808	C	0.00187539852219	3	50	42	26566	26661	109411
UNKNOWN	134	G	0.989460260305	A	0.00892689696561	238	9	26380	34	26661	109411
UNKNOWN	135	G	0.997974569596	A	0.00157533475864	42	12	26607	0	26661	109411
UNKNOWN	136	A	0.997524473951	G	0.00195041446307	26595	6	52	8	26661	109411
UNKNOWN	137	G	0.986984734256	A	0.0108022954878	288	30	26314	29	26661	109411
UNKNOWN	138	T	0.996699298601	G	0.00131277896553	24	29	35	26573	26661	109411
UNKNOWN	139	G	0.985897003113	A	0.0108773114287	290	45	26285	41	26661	109411
UNKNOWN	140	C	0.842616556018	G	0.126889464011	24	22465	3383	789	26661	109411
UNKNOWN	141	C	0.896590525487	G	0.0941450058137	182	23904	2510	65	26661	109411
UNKNOWN	142	T	0.996361726867	C	0.00288811372417	6	77	14	26564	26661	109411
UNKNOWN	143	C	0.864896290462	T	0.130902816849	18	23059	94	3490	26661	109411
UNKNOWN	144	G	0.995349011665	A	0.0036007651626	96	5	26537	23	26661	109411
UNKNOWN	145	G	0.993586137054	C	0.00356325719215	17	95	26490	59	26661	109411
UNKNOWN	146	T	0.963017141142	A	0.0142155207982	379	330	277	25675	26661	109411
UNKNOWN	147	G	0.718390157909	A	0.240838678219	6421	300	19153	787	26661	109411
UNKNOWN	148	G	0.656426990736	A	0.255954390308	6824	1394	17501	942	26661	109411
UNKNOWN	149	T	0.94422564795	G	0.0273433104535	507	251	729	25174	26661	109411
UNKNOWN	150	A	0.955440531113	G	0.0405836240201	25473	28	1082	78	26661	109411
UNKNOWN	151	T	0.994336296463	C	0.00228798619707	59	61	31	26510	26661	109411
UNKNOWN	152	A	0.969806083793	G	0.014027980946	25856	167	374	264	26661	109411
UNKNOWN	153	A	0.936461498068	G	0.0562244476951	24967	109	1499	86	26661	109411
UNKNOWN	154	G	0.87997449458	A	0.0833427103259	2222	817	23461	161	26661	109411
UNKNOWN	155	C	0.937886800945	T	0.038633209557	353	25005	273	1030	26661	109411
UNKNOWN	156	A	0.916132178088	G	0.0770413712914	24425	140	2054	42	26661	109411
UNKNOWN	157	G	0.93233562132	A	0.0379955740595	1013	543	24857	248	26661	109411
UNKNOWN	158	T	0.968418288886	G	0.0163909830839	245	160	437	25819	26661	109411
UNKNOWN	159	G	0.872435392521	A	0.106147556356	2830	441	23260	130	26661	109411
UNKNOWN	160	G	0.886388357526	A	0.0857432204343	2286	525	23632	218	26661	109411
UNKNOWN	161	T	0.982671317655	G	0.00757661002963	80	180	202	26199	26661	109411
UNKNOWN	162	G	0.994711376167	A	0.00476351224635	127	8	26520	6	26661	109411
UNKNOWN	163	G	0.990060387832	A	0.00753910205919	201	44	26396	20	26661	109411
UNKNOWN	164	A	0.972206593901	G	0.0228423540002	25920	80	609	52	26661	109411
UNKNOWN	165	A	0.931097858295	G	0.054011477439	24824	258	1440	139	26661	109411
UNKNOWN	166	G	0.632721953415	A	0.202167960692	5390	2442	16869	1960	26661	109411
UNKNOWN	167	C	0.906680169536	T	0.0339072052811	852	24173	732	904	26661	109411
UNKNOWN	168	A	0.97970818799	G	0.0138029331233	26120	141	368	32	26661	109411
UNKNOWN	169	C	0.975769851093	T	0.015640823675	123	26015	106	417	26661	109411
UNKNOWN	170	A	0.989535276246	G	0.0074640861183	26382	28	199	52	26661	109411
UNKNOWN	171	G	0.897265668955	T	0.0692397134391	676	217	23922	1846	26661	109411
UNKNOWN	172	G	0.812872735456	A	0.139904729755	3730	728	21672	531	26661	109411
UNKNOWN	173	C	0.981283522749	T	0.00918945275871	57	26162	197	245	26661	109411
UNKNOWN	174	T	0.99242338997	A	0.00382581298526	102	63	37	26459	26661	109411
UNKNOWN	175	A	0.991973294325	T	0.00491354412813	26447	20	63	131	26661	109411
UNKNOWN	176	T	0.982708825625	C	0.0138779490642	77	370	14	26200	26661	109411
UNKNOWN	177	A	0.990773039271	C	0.00570121150745	26415	152	80	14	26661	109411
UNKNOWN	178	A	0.992048310266	G	0.00378830501482	26449	100	101	11	26661	109411
UNKNOWN	179	C	0.910130902817	T	0.0810922320993	58	24265	176	2162	26661	109411
UNKNOWN	180	C	0.960016503507	T	0.0253928959904	97	25595	292	677	26661	109411
UNKNOWN	181	C	0.987922433517	T	0.00521360789168	133	26339	50	139	26661	109411
UNKNOWN	182	A	0.990360451596	G	0.00660140279809	26404	50	176	31	26661	109411
UNKNOWN	183	G	0.981095982896	A	0.0112148831627	299	125	26157	80	26661	109411
UNKNOWN	184	C	0.984884287911	T	0.00825175349762	54	26258	129	220	26661	109411
UNKNOWN	185	C	0.99662428266	T	0.00258804996062	12	26571	9	69	26661	109411
UNKNOWN	186	C	0.994973931961	T	0.00416338471925	6	26527	17	111	26661	109411
UNKNOWN	187	T	0.993886200818	G	0.00330070139905	19	56	88	26498	26661	109411
UNKNOWN	188	G	0.979220584374	A	0.0148156483253	395	26	26107	133	26661	109411
UNKNOWN	189	A	0.994486328345	G	0.00371328907393	26514	46	99	2	26661	109411
UNKNOWN	190	A	0.994223772552	G	0.00330070139905	26507	49	88	17	26661	109411
UNKNOWN	191	A	0.993998724729	T	0.00303814560594	26501	28	51	81	26661	109411
UNKNOWN	192	T	0.992648437793	C	0.00491354412813	26	131	39	26465	26661	109411
UNKNOWN	193	C	0.996249202956	A	0.00176287461085	47	26561	28	25	26661	109411
UNKNOWN	194	C	0.98987284798	T	0.00592625933011	68	26391	44	158	26661	109411
UNKNOWN	195	C	0.995986647163	G	0.0032631934286	14	26554	87	6	26661	109411
UNKNOWN	196	G	0.997074378305	A	0.00210044634485	56	12	26583	10	26661	109411
UNKNOWN	197	G	0.929635047448	A	0.0559243839316	1491	261	24785	124	26661	109411
UNKNOWN	198	C	0.990472975507	T	0.00438843254192	34	26407	103	117	26661	109411
UNKNOWN	199	T	0.993773676906	C	0.0042008926897	29	112	25	26495	26661	109411
UNKNOWN	200	C	0.99152319868	A	0.00363827313304	97	26435	33	96	26661	109411
UNKNOWN	201	A	0.993586137054	G	0.00498856006901	26490	36	133	2	26661	109411
UNKNOWN	202	G	0.975394771389	C	0.0181163497243	101	483	26005	72	26661	109411
UNKNOWN	203	C	0.957465961517	T	0.0312066314092	177	25527	125	832	26661	109411
UNKNOWN	204	A	0.990172911744	G	0.00532613180301	26399	30	142	90	26661	109411
UNKNOWN	205	T	0.993848692847	C	0.0042008926897	19	112	33	26497	26661	109411
UNKNOWN	206	C	0.987884925547	T	0.00720153032519	112	26338	19	192	26661	109411
UNKNOWN	207	A	0.991373166798	G	0.00382581298526	26431	94	102	34	26661	109411
UNKNOWN	208	C	0.992235850118	G	0.00371328907393	41	26454	99	67	26661	109411
UNKNOWN	209	C	0.969205956266	T	0.0151157120888	212	25840	206	403	26661	109411
UNKNOWN	210	A	0.993436105172	G	0.00318817748772	26486	83	85	7	26661	109411
UNKNOWN	211	A	0.990547991448	G	0.00791418176362	26409	23	211	18	26661	109411
UNKNOWN	212	G	0.988072465399	A	0.0106897715765	285	28	26343	5	26661	109411
UNKNOWN	213	G	0.988485053074	A	0.00997712013803	266	28	26354	13	26661	109411
UNKNOWN	214	A	0.993998724729	C	0.00382581298526	26501	102	41	17	26661	109411
UNKNOWN	215	C	0.986309590788	T	0.00675143467987	124	26296	61	180	26661	109411
UNKNOWN	216	A	0.989910355951	G	0.00780165785229	26392	43	208	18	26661	109411
UNKNOWN	217	A	0.988935148719	G	0.00570121150745	26366	113	152	30	26661	109411
UNKNOWN	218	C	0.979108060463	T	0.0172161584337	17	26104	81	459	26661	109411
UNKNOWN	219	T	0.991373166798	C	0.00517609992123	54	138	38	26431	26661	109411
UNKNOWN	220	C	0.997186902217	A	0.00168785866997	45	26586	8	22	26661	109411
UNKNOWN	221	C	0.988335021192	T	0.00633884700499	111	26350	31	169	26661	109411
UNKNOWN	222	A	0.993586137054	G	0.00337571733993	26490	73	90	8	26661	109411
UNKNOWN	223	A	0.983609016916	G	0.0146656164435	26224	29	391	17	26661	109411
UNKNOWN	224	G	0.985821987172	A	0.0095270244927	254	101	26283	23	26661	109411
UNKNOWN	225	A	0.988822624808	G	0.0092644686996	26363	42	247	9	26661	109411
UNKNOWN	226	G	0.948539064551	A	0.0452346123551	1206	151	25289	15	26661	109411
UNKNOWN	227	C	0.974569596039	T	0.0202918120101	51	25983	86	541	26661	109411
UNKNOWN	228	C	0.987509845842	G	0.00723903829564	127	26328	193	13	26661	109411
UNKNOWN	229	A	0.995048947901	G	0.0024005101084	26529	41	64	27	26661	109411
UNKNOWN	230	A	0.963804808522	G	0.0340572371629	25696	40	908	17	26661	109411
UNKNOWN	231	G	0.977232661941	A	0.0143655526799	383	78	26054	146	26661	109411
UNKNOWN	232	T	0.993773676906	C	0.00498856006901	10	133	23	26495	26661	109411
UNKNOWN	233	C	0.972356625783	T	0.0160159033795	34	25924	276	427	26661	109411
UNKNOWN	234	T	0.991860770414	C	0.00517609992123	30	138	49	26444	26661	109411
UNKNOWN	235	C	0.991823262443	T	0.00731405423653	21	26443	2	195	26661	109411
UNKNOWN	236	T	0.987097258167	C	0.00678894265031	41	181	122	26317	26661	109411
UNKNOWN	237	C	0.993548629084	T	0.00521360789168	4	26489	29	139	26661	109411
UNKNOWN	238	T	0.995161471813	G	0.00333820936949	11	29	89	26532	26661	109411
UNKNOWN	239	G	0.964404936049	A	0.021304527212	568	216	25712	165	26661	109411
UNKNOWN	240	T	0.990247927685	C	0.00510108398035	66	136	58	26401	26661	109411
UNKNOWN	241	C	0.98901016466	T	0.00652638685721	104	26368	15	174	26661	109411
UNKNOWN	242	A	0.977307677882	G	0.0109523273696	26056	210	292	103	26661	109411
UNKNOWN	243	G	0.921908405536	C	0.0360826675669	828	962	24579	292	26661	109411
UNKNOWN	244	T	0.99407374067	G	0.00352574922171	21	43	94	26503	26661	109411
UNKNOWN	245	G	0.969243464236	A	0.0216796069165	578	116	25841	126	26661	109411
UNKNOWN	246	A	0.982633809685	G	0.0133903454484	26198	86	357	20	26661	109411
UNKNOWN	247	G	0.931397922058	A	0.0478601702862	1276	434	24832	119	26661	109411
UNKNOWN	248	C	0.970143655527	T	0.0201792880987	135	25865	123	538	26661	109411
UNKNOWN	249	A	0.985409399497	G	0.0125651700986	26272	49	335	5	26661	109411
UNKNOWN	250	G	0.973406848955	A	0.0161284272908	430	259	25952	20	26661	109411
UNKNOWN	251	C	0.986234574847	T	0.00798919770451	49	26294	105	213	26661	109411
UNKNOWN	252	G	0.990060387832	A	0.00532613180301	142	27	26396	96	26661	109411
UNKNOWN	253	T	0.991598214621	C	0.00408836877837	20	109	95	26437	26661	109411
UNKNOWN	254	G	0.960316567271	A	0.0324819024043	866	78	25603	114	26661	109411
UNKNOWN	255	A	0.987247290049	G	0.00723903829564	26321	103	193	44	26661	109411
UNKNOWN	256	C	0.990510483478	T	0.00491354412813	102	26408	20	131	26661	109411
UNKNOWN	257	A	0.981733618394	G	0.010652263606	26174	147	284	56	26661	109411
UNKNOWN	258	C	0.970818798995	A	0.018341397547	489	25883	153	136	26661	109411
UNKNOWN	259	C	0.989910355951	T	0.00690146656164	30	26392	55	184	26661	109411
UNKNOWN	260	T	0.964329920108	C	0.0235174974682	72	627	252	25710	26661	109411
UNKNOWN	261	G	0.989160196542	A	0.00956453246315	255	13	26372	21	26661	109411
UNKNOWN	262	A	0.990585499419	G	0.00768913394096	26410	31	205	15	26661	109411
UNKNOWN	263	G	0.952927497093	A	0.0285435655077	761	400	25406	94	26661	109411
UNKNOWN	264	G	0.989797832039	A	0.00798919770451	213	24	26389	35	26661	109411
UNKNOWN	265	A	0.988710100896	C	0.00532613180301	26360	142	117	42	26661	109411
UNKNOWN	266	C	0.979408124226	T	0.0100146281085	208	26112	74	267	26661	109411
UNKNOWN	267	A	0.982108698098	G	0.00896440493605	26184	94	239	144	26661	109411
UNKNOWN	268	C	0.991935786355	G	0.00450095645325	71	26446	120	24	26661	109411
UNKNOWN	269	G	0.924458947526	A	0.0722028431042	1925	41	24647	48	26661	109411
UNKNOWN	270	G	0.99066051536	A	0.00412587674881	110	100	26412	39	26661	109411
UNKNOWN	271	C	0.991410674768	A	0.00513859195079	137	26432	72	20	26661	109411
UNKNOWN	272	C	0.988860132778	A	0.00615130715277	164	26364	52	81	26661	109411
UNKNOWN	273	A	0.98987284798	G	0.00495105209857	26391	95	132	43	26661	109411
UNKNOWN	274	C	0.987059750197	A	0.00615130715277	164	26316	40	141	26661	109411
UNKNOWN	275	A	0.976632534414	G	0.0118150106898	26038	138	315	170	26661	109411
UNKNOWN	276	T	0.990135403773	A	0.00472600427591	126	30	107	26398	26661	109411
UNKNOWN	277	A	0.991448182739	C	0.00465098833502	26433	124	65	39	26661	109411
UNKNOWN	278	C	0.931172874236	T	0.0660140279809	54	24826	21	1760	26661	109411
UNKNOWN	279	T	0.986872210345	A	0.00517609992123	138	84	128	26311	26661	109411
UNKNOWN	280	A	0.983383969093	C	0.00671392670943	26218	179	109	155	26661	109411
UNKNOWN	281	C	0.967930685271	T	0.0291436930348	36	25806	42	777	26661	109411
UNKNOWN	282	T	0.987547353813	G	0.00907692884738	69	21	242	26329	26661	109411
