Type	Position	Nucl1	Freq1	Nucl2	Freq2	NumAs	NumCs	NumGs	NumTs	NumAligned	NumNaive
UNKNOWN	0	C	1.0	A	0.0	0	850	0	0	850	109411
UNKNOWN	1	A	1.0	C	0.0	850	0	0	0	850	109411
UNKNOWN	2	G	1.0	A	0.0	0	0	850	0	850	109411
UNKNOWN	3	G	1.0	A	0.0	0	0	850	0	850	109411
UNKNOWN	4	T	1.0	A	0.0	0	0	0	850	850	109411
UNKNOWN	5	G	1.0	A	0.0	0	0	850	0	850	109411
UNKNOWN	6	C	1.0	A	0.0	0	850	0	0	850	109411
UNKNOWN	7	A	0.997647058824	T	0.00235294117647	848	0	0	2	850	109411
UNKNOWN	8	G	0.995294117647	A	0.00470588235294	4	0	846	0	850	109411
UNKNOWN	9	C	0.998823529412	T	0.00117647058824	0	849	0	1	850	109411
UNKNOWN	10	T	1.0	A	0.0	0	0	0	850	850	109411
UNKNOWN	11	G	1.0	A	0.0	0	0	850	0	850	109411
UNKNOWN	12	C	0.998823529412	T	0.00117647058824	0	849	0	1	850	109411
UNKNOWN	13	G	0.998823529412	A	0.00117647058824	1	0	849	0	850	109411
UNKNOWN	14	C	0.536470588235	G	0.463529411765	0	456	394	0	850	109411
UNKNOWN	15	G	0.998823529412	A	0.00117647058824	1	0	849	0	850	109411
UNKNOWN	16	A	0.997647058824	C	0.00117647058824	848	1	1	0	850	109411
UNKNOWN	17	G	0.996470588235	A	0.00352941176471	3	0	847	0	850	109411
UNKNOWN	18	T	0.998823529412	G	0.00117647058824	0	0	1	849	850	109411
UNKNOWN	19	C	0.998823529412	T	0.00117647058824	0	849	0	1	850	109411
UNKNOWN	20	G	0.96	A	0.04	34	0	816	0	850	109411
UNKNOWN	21	G	1.0	A	0.0	0	0	850	0	850	109411
UNKNOWN	22	G	1.0	A	0.0	0	0	850	0	850	109411
UNKNOWN	23	C	0.998823529412	T	0.00117647058824	0	849	0	1	850	109411
UNKNOWN	24	C	0.998823529412	T	0.00117647058824	0	849	0	1	850	109411
UNKNOWN	25	C	1.0	A	0.0	0	850	0	0	850	109411
UNKNOWN	26	C	1.0	A	0.0	0	850	0	0	850	109411
UNKNOWN	27	A	0.998823529412	T	0.00117647058824	849	0	0	1	850	109411
UNKNOWN	28	G	0.995294117647	A	0.00470588235294	4	0	846	0	850	109411
UNKNOWN	29	C	0.989411764706	T	0.0105882352941	0	841	0	9	850	109411
UNKNOWN	30	C	0.998823529412	T	0.00117647058824	0	849	0	1	850	109411
UNKNOWN	31	T	0.998823529412	G	0.00117647058824	0	0	1	849	850	109411
UNKNOWN	32	G	0.997647058824	A	0.00117647058824	1	1	848	0	850	109411
UNKNOWN	33	G	0.998823529412	C	0.00117647058824	0	1	849	0	850	109411
UNKNOWN	34	T	0.998823529412	C	0.00117647058824	0	1	0	849	850	109411
UNKNOWN	35	G	1.0	A	0.0	0	0	850	0	850	109411
UNKNOWN	36	A	0.997647058824	C	0.00117647058824	848	1	1	0	850	109411
UNKNOWN	37	A	0.996470588235	C	0.00235294117647	847	2	1	0	850	109411
UNKNOWN	38	G	1.0	A	0.0	0	0	850	0	850	109411
UNKNOWN	39	C	0.998823529412	T	0.00117647058824	0	849	0	1	850	109411
UNKNOWN	40	C	1.0	A	0.0	0	850	0	0	850	109411
UNKNOWN	41	C	0.992941176471	G	0.00705882352941	0	844	6	0	850	109411
UNKNOWN	42	T	1.0	A	0.0	0	0	0	850	850	109411
UNKNOWN	43	C	1.0	A	0.0	0	850	0	0	850	109411
UNKNOWN	44	A	0.996470588235	G	0.00235294117647	847	1	2	0	850	109411
UNKNOWN	45	C	1.0	A	0.0	0	850	0	0	850	109411
UNKNOWN	46	A	0.998823529412	G	0.00117647058824	849	0	1	0	850	109411
UNKNOWN	47	G	0.998823529412	A	0.00117647058824	1	0	849	0	850	109411
UNKNOWN	48	A	1.0	C	0.0	850	0	0	0	850	109411
UNKNOWN	49	C	1.0	A	0.0	0	850	0	0	850	109411
UNKNOWN	50	C	0.997647058824	T	0.00235294117647	0	848	0	2	850	109411
UNKNOWN	51	C	1.0	A	0.0	0	850	0	0	850	109411
UNKNOWN	52	T	0.997647058824	C	0.00235294117647	0	2	0	848	850	109411
UNKNOWN	53	C	1.0	A	0.0	0	850	0	0	850	109411
UNKNOWN	54	T	0.997647058824	C	0.00235294117647	0	2	0	848	850	109411
UNKNOWN	55	C	0.998823529412	T	0.00117647058824	0	849	0	1	850	109411
UNKNOWN	56	C	1.0	A	0.0	0	850	0	0	850	109411
UNKNOWN	57	C	0.998823529412	G	0.00117647058824	0	849	1	0	850	109411
UNKNOWN	58	T	0.996470588235	C	0.00352941176471	0	3	0	847	850	109411
UNKNOWN	59	C	0.998823529412	T	0.00117647058824	0	849	0	1	850	109411
UNKNOWN	60	A	1.0	C	0.0	850	0	0	0	850	109411
UNKNOWN	61	C	0.997647058824	T	0.00117647058824	0	848	1	1	850	109411
UNKNOWN	62	C	0.996470588235	T	0.00235294117647	0	847	1	2	850	109411
UNKNOWN	63	T	0.998823529412	C	0.00117647058824	0	1	0	849	850	109411
UNKNOWN	64	G	1.0	A	0.0	0	0	850	0	850	109411
UNKNOWN	65	C	1.0	A	0.0	0	850	0	0	850	109411
UNKNOWN	66	A	0.997647058824	T	0.00117647058824	848	0	1	1	850	109411
UNKNOWN	67	C	1.0	A	0.0	0	850	0	0	850	109411
UNKNOWN	68	G	0.995294117647	A	0.00470588235294	4	0	846	0	850	109411
UNKNOWN	69	G	0.984705882353	A	0.0129411764706	11	2	837	0	850	109411
UNKNOWN	70	T	0.996470588235	C	0.00352941176471	0	3	0	847	850	109411
UNKNOWN	71	C	0.991764705882	G	0.00470588235294	0	843	4	3	850	109411
UNKNOWN	72	T	0.998823529412	G	0.00117647058824	0	0	1	849	850	109411
UNKNOWN	73	C	0.998823529412	A	0.00117647058824	1	849	0	0	850	109411
UNKNOWN	74	T	1.0	A	0.0	0	0	0	850	850	109411
UNKNOWN	75	G	0.997647058824	A	0.00235294117647	2	0	848	0	850	109411
UNKNOWN	76	G	1.0	A	0.0	0	0	850	0	850	109411
UNKNOWN	77	A	0.994117647059	G	0.00352941176471	845	2	3	0	850	109411
UNKNOWN	78	T	0.997647058824	C	0.00235294117647	0	2	0	848	850	109411
UNKNOWN	79	T	0.997647058824	C	0.00235294117647	0	2	0	848	850	109411
UNKNOWN	80	C	0.994117647059	T	0.00588235294118	0	845	0	5	850	109411
UNKNOWN	81	T	0.996470588235	C	0.00352941176471	0	3	0	847	850	109411
UNKNOWN	82	C	0.997647058824	A	0.00117647058824	1	848	0	1	850	109411
UNKNOWN	83	A	0.997647058824	C	0.00117647058824	848	1	1	0	850	109411
UNKNOWN	84	T	0.995294117647	C	0.00470588235294	0	4	0	846	850	109411
UNKNOWN	85	T	0.998823529412	C	0.00117647058824	0	1	0	849	850	109411
UNKNOWN	86	G	0.988235294118	A	0.0117647058824	10	0	840	0	850	109411
UNKNOWN	87	A	0.995294117647	C	0.00235294117647	846	2	2	0	850	109411
UNKNOWN	88	G	0.976470588235	A	0.0141176470588	12	7	830	1	850	109411
UNKNOWN	89	C	0.971764705882	T	0.0141176470588	6	826	6	12	850	109411
UNKNOWN	90	A	0.983529411765	G	0.0164705882353	836	0	14	0	850	109411
UNKNOWN	91	G	0.917647058824	A	0.0458823529412	39	23	780	8	850	109411
UNKNOWN	92	C	0.982352941176	T	0.0117647058824	2	835	3	10	850	109411
UNKNOWN	93	T	0.969411764706	A	0.02	17	2	7	824	850	109411
UNKNOWN	94	A	0.992941176471	C	0.00352941176471	844	3	2	1	850	109411
UNKNOWN	95	T	0.990588235294	C	0.00705882352941	1	6	1	842	850	109411
UNKNOWN	96	G	0.938823529412	A	0.0435294117647	37	5	798	10	850	109411
UNKNOWN	97	G	0.612941176471	C	0.257647058824	43	219	521	67	850	109411
UNKNOWN	98	T	0.994117647059	C	0.00470588235294	1	4	0	845	850	109411
UNKNOWN	99	G	0.983529411765	A	0.0152941176471	13	1	836	0	850	109411
UNKNOWN	100	T	0.998823529412	C	0.00117647058824	0	1	0	849	850	109411
UNKNOWN	101	A	0.976470588235	G	0.0105882352941	830	4	9	7	850	109411
UNKNOWN	102	A	0.618823529412	G	0.369411764706	526	5	314	5	850	109411
UNKNOWN	103	G	0.851764705882	A	0.0988235294118	84	28	724	14	850	109411
UNKNOWN	104	C	0.985882352941	T	0.0117647058824	0	838	2	10	850	109411
UNKNOWN	105	T	1.0	A	0.0	0	0	0	850	850	109411
UNKNOWN	106	G	0.998823529412	C	0.00117647058824	0	1	849	0	850	109411
UNKNOWN	107	G	0.998823529412	A	0.00117647058824	1	0	849	0	850	109411
UNKNOWN	108	G	0.991764705882	A	0.00705882352941	6	1	843	0	850	109411
UNKNOWN	109	T	0.998823529412	A	0.00117647058824	1	0	0	849	850	109411
UNKNOWN	110	C	1.0	A	0.0	0	850	0	0	850	109411
UNKNOWN	111	C	1.0	A	0.0	0	850	0	0	850	109411
UNKNOWN	112	G	1.0	A	0.0	0	0	850	0	850	109411
UNKNOWN	113	C	0.992941176471	T	0.00588235294118	1	844	0	5	850	109411
UNKNOWN	114	C	0.998823529412	A	0.00117647058824	1	849	0	0	850	109411
UNKNOWN	115	A	0.997647058824	G	0.00235294117647	848	0	2	0	850	109411
UNKNOWN	116	G	0.998823529412	A	0.00117647058824	1	0	849	0	850	109411
UNKNOWN	117	G	0.991764705882	A	0.00588235294118	5	1	843	1	850	109411
UNKNOWN	118	C	0.998823529412	T	0.00117647058824	0	849	0	1	850	109411
UNKNOWN	119	T	0.997647058824	C	0.00235294117647	0	2	0	848	850	109411
UNKNOWN	120	C	1.0	A	0.0	0	850	0	0	850	109411
UNKNOWN	121	C	1.0	A	0.0	0	850	0	0	850	109411
UNKNOWN	122	A	0.961176470588	G	0.0388235294118	817	0	33	0	850	109411
UNKNOWN	123	G	0.998823529412	T	0.00117647058824	0	0	849	1	850	109411
UNKNOWN	124	G	1.0	A	0.0	0	0	850	0	850	109411
UNKNOWN	125	G	0.995294117647	A	0.00470588235294	4	0	846	0	850	109411
UNKNOWN	126	A	0.998823529412	G	0.00117647058824	849	0	1	0	850	109411
UNKNOWN	127	A	0.997647058824	C	0.00117647058824	848	1	1	0	850	109411
UNKNOWN	128	G	1.0	A	0.0	0	0	850	0	850	109411
UNKNOWN	129	G	0.984705882353	A	0.00941176470588	8	4	837	1	850	109411
UNKNOWN	130	C	0.996470588235	G	0.00235294117647	0	847	2	1	850	109411
UNKNOWN	131	G	0.974117647059	A	0.0235294117647	20	0	828	2	850	109411
UNKNOWN	132	C	0.994117647059	T	0.00352941176471	1	845	1	3	850	109411
UNKNOWN	133	T	0.998823529412	C	0.00117647058824	0	1	0	849	850	109411
UNKNOWN	134	G	0.985882352941	A	0.0141176470588	12	0	838	0	850	109411
UNKNOWN	135	G	1.0	A	0.0	0	0	850	0	850	109411
UNKNOWN	136	A	1.0	C	0.0	850	0	0	0	850	109411
UNKNOWN	137	G	0.984705882353	A	0.0141176470588	12	0	837	1	850	109411
UNKNOWN	138	T	0.997647058824	C	0.00117647058824	0	1	1	848	850	109411
UNKNOWN	139	G	0.984705882353	A	0.0117647058824	10	1	837	2	850	109411
UNKNOWN	140	C	0.605882352941	T	0.274117647059	2	515	100	233	850	109411
UNKNOWN	141	C	0.904705882353	G	0.0858823529412	6	769	73	2	850	109411
UNKNOWN	142	T	1.0	A	0.0	0	0	0	850	850	109411
UNKNOWN	143	C	0.671764705882	T	0.321176470588	2	571	4	273	850	109411
UNKNOWN	144	G	0.995294117647	A	0.00470588235294	4	0	846	0	850	109411
UNKNOWN	145	G	0.996470588235	C	0.00352941176471	0	3	847	0	850	109411
UNKNOWN	146	T	0.988235294118	C	0.00823529411765	0	7	3	840	850	109411
UNKNOWN	147	G	0.918823529412	A	0.0741176470588	63	3	781	3	850	109411
UNKNOWN	148	G	0.974117647059	C	0.00941176470588	7	8	828	7	850	109411
UNKNOWN	149	T	0.977647058824	C	0.00941176470588	4	8	7	831	850	109411
UNKNOWN	150	A	0.982352941176	G	0.0176470588235	835	0	15	0	850	109411
UNKNOWN	151	T	0.996470588235	C	0.00352941176471	0	3	0	847	850	109411
UNKNOWN	152	A	0.983529411765	T	0.00823529411765	836	2	5	7	850	109411
UNKNOWN	153	A	0.965882352941	G	0.0235294117647	821	2	20	7	850	109411
UNKNOWN	154	G	0.876470588235	A	0.102352941176	87	16	745	2	850	109411
UNKNOWN	155	T	0.581176470588	C	0.375294117647	15	319	22	494	850	109411
UNKNOWN	156	A	0.889411764706	G	0.105882352941	756	4	90	0	850	109411
UNKNOWN	157	G	0.951764705882	A	0.0270588235294	23	15	809	3	850	109411
UNKNOWN	158	T	0.987058823529	G	0.00705882352941	1	4	6	839	850	109411
UNKNOWN	159	G	0.858823529412	A	0.110588235294	94	20	730	6	850	109411
UNKNOWN	160	G	0.931764705882	A	0.0505882352941	43	10	792	5	850	109411
UNKNOWN	161	T	0.984705882353	G	0.00705882352941	4	3	6	837	850	109411
UNKNOWN	162	G	0.990588235294	A	0.00823529411765	7	0	842	1	850	109411
UNKNOWN	163	G	0.987058823529	A	0.0105882352941	9	0	839	2	850	109411
UNKNOWN	164	A	0.976470588235	G	0.0176470588235	830	3	15	2	850	109411
UNKNOWN	165	A	0.945882352941	G	0.0423529411765	804	6	36	4	850	109411
UNKNOWN	166	G	0.716470588235	A	0.143529411765	122	87	609	32	850	109411
UNKNOWN	167	C	0.92	T	0.0376470588235	19	782	17	32	850	109411
UNKNOWN	168	A	0.970588235294	G	0.0188235294118	825	8	16	1	850	109411
UNKNOWN	169	C	0.981176470588	T	0.0105882352941	4	834	3	9	850	109411
UNKNOWN	170	A	0.987058823529	G	0.00941176470588	839	2	8	1	850	109411
UNKNOWN	171	G	0.945882352941	T	0.0352941176471	5	11	804	30	850	109411
UNKNOWN	172	G	0.882352941176	A	0.0952941176471	81	10	750	9	850	109411
UNKNOWN	173	C	0.987058823529	T	0.00588235294118	2	839	4	5	850	109411
UNKNOWN	174	T	0.989411764706	C	0.00588235294118	2	5	2	841	850	109411
UNKNOWN	175	A	0.992941176471	T	0.00470588235294	844	0	2	4	850	109411
UNKNOWN	176	T	0.984705882353	C	0.0129411764706	1	11	1	837	850	109411
UNKNOWN	177	A	0.989411764706	G	0.00588235294118	841	3	5	1	850	109411
UNKNOWN	178	A	0.992941176471	C	0.00470588235294	844	4	2	0	850	109411
UNKNOWN	179	C	0.896470588235	T	0.0847058823529	3	762	13	72	850	109411
UNKNOWN	180	C	0.976470588235	T	0.0152941176471	2	830	5	13	850	109411
UNKNOWN	181	C	0.989411764706	A	0.00705882352941	6	841	2	1	850	109411
UNKNOWN	182	A	0.996470588235	G	0.00235294117647	847	1	2	0	850	109411
UNKNOWN	183	G	0.987058823529	A	0.00941176470588	8	2	839	1	850	109411
UNKNOWN	184	C	0.992941176471	G	0.00352941176471	1	844	3	2	850	109411
UNKNOWN	185	C	0.998823529412	G	0.00117647058824	0	849	1	0	850	109411
UNKNOWN	186	C	0.996470588235	T	0.00235294117647	1	847	0	2	850	109411
UNKNOWN	187	T	0.997647058824	A	0.00117647058824	1	0	1	848	850	109411
UNKNOWN	188	G	0.992941176471	A	0.00470588235294	4	0	844	2	850	109411
UNKNOWN	189	A	0.995294117647	C	0.00235294117647	846	2	1	1	850	109411
UNKNOWN	190	A	0.994117647059	G	0.00352941176471	845	1	3	1	850	109411
UNKNOWN	191	A	0.995294117647	C	0.00235294117647	846	2	1	1	850	109411
UNKNOWN	192	T	0.995294117647	C	0.00235294117647	1	2	1	846	850	109411
UNKNOWN	193	C	0.987058823529	A	0.00823529411765	7	839	2	2	850	109411
UNKNOWN	194	C	0.994117647059	T	0.00470588235294	0	845	1	4	850	109411
UNKNOWN	195	C	0.996470588235	A	0.00117647058824	1	847	1	1	850	109411
UNKNOWN	196	G	0.998823529412	T	0.00117647058824	0	0	849	1	850	109411
UNKNOWN	197	G	0.974117647059	A	0.0176470588235	15	3	828	4	850	109411
UNKNOWN	198	C	0.996470588235	A	0.00117647058824	1	847	1	1	850	109411
UNKNOWN	199	T	0.996470588235	A	0.00117647058824	1	1	1	847	850	109411
UNKNOWN	200	C	0.995294117647	G	0.00352941176471	1	846	3	0	850	109411
UNKNOWN	201	A	0.997647058824	G	0.00235294117647	848	0	2	0	850	109411
UNKNOWN	202	G	0.983529411765	C	0.00941176470588	4	8	836	2	850	109411
UNKNOWN	203	C	0.975294117647	T	0.0164705882353	3	829	4	14	850	109411
UNKNOWN	204	A	0.994117647059	G	0.00470588235294	845	0	4	1	850	109411
UNKNOWN	205	T	0.995294117647	C	0.00352941176471	0	3	1	846	850	109411
UNKNOWN	206	C	0.992941176471	T	0.00470588235294	2	844	0	4	850	109411
UNKNOWN	207	A	0.996470588235	G	0.00235294117647	847	1	2	0	850	109411
UNKNOWN	208	C	0.989411764706	A	0.00470588235294	4	841	3	2	850	109411
UNKNOWN	209	C	0.98	G	0.0141176470588	4	833	12	1	850	109411
UNKNOWN	210	A	0.995294117647	C	0.00235294117647	846	2	2	0	850	109411
UNKNOWN	211	A	0.994117647059	G	0.00352941176471	845	2	3	0	850	109411
UNKNOWN	212	G	0.991764705882	A	0.00588235294118	5	2	843	0	850	109411
UNKNOWN	213	G	0.988235294118	A	0.00941176470588	8	0	840	2	850	109411
UNKNOWN	214	A	0.997647058824	C	0.00117647058824	848	1	0	1	850	109411
UNKNOWN	215	C	0.992941176471	T	0.00352941176471	2	844	1	3	850	109411
UNKNOWN	216	A	0.995294117647	T	0.00235294117647	846	0	2	2	850	109411
UNKNOWN	217	A	0.985882352941	G	0.00941176470588	838	4	8	0	850	109411
UNKNOWN	218	C	0.976470588235	T	0.0223529411765	0	830	1	19	850	109411
UNKNOWN	219	T	0.991764705882	C	0.00352941176471	2	3	2	843	850	109411
UNKNOWN	220	C	0.996470588235	A	0.00352941176471	3	847	0	0	850	109411
UNKNOWN	221	C	0.992941176471	A	0.00235294117647	2	844	2	2	850	109411
UNKNOWN	222	A	0.995294117647	C	0.00352941176471	846	3	1	0	850	109411
UNKNOWN	223	A	0.996470588235	G	0.00352941176471	847	0	3	0	850	109411
UNKNOWN	224	G	0.992941176471	A	0.00235294117647	2	2	844	2	850	109411
UNKNOWN	225	A	0.989411764706	G	0.00705882352941	841	3	6	0	850	109411
UNKNOWN	226	G	0.927058823529	A	0.0694117647059	59	3	788	0	850	109411
UNKNOWN	227	C	0.978823529412	T	0.0164705882353	2	832	2	14	850	109411
UNKNOWN	228	C	0.996470588235	G	0.00235294117647	1	847	2	0	850	109411
UNKNOWN	229	A	0.997647058824	T	0.00117647058824	848	0	1	1	850	109411
UNKNOWN	230	A	0.987058823529	G	0.0117647058824	839	1	10	0	850	109411
UNKNOWN	231	G	0.981176470588	C	0.00705882352941	5	6	834	5	850	109411
UNKNOWN	232	T	0.997647058824	C	0.00235294117647	0	2	0	848	850	109411
UNKNOWN	233	C	0.990588235294	G	0.00588235294118	0	842	5	3	850	109411
UNKNOWN	234	T	0.995294117647	C	0.00235294117647	0	2	2	846	850	109411
UNKNOWN	235	C	0.992941176471	T	0.00470588235294	1	844	1	4	850	109411
UNKNOWN	236	T	0.990588235294	C	0.00705882352941	0	6	2	842	850	109411
UNKNOWN	237	C	0.996470588235	T	0.00235294117647	1	847	0	2	850	109411
UNKNOWN	238	T	0.995294117647	G	0.00235294117647	1	1	2	846	850	109411
UNKNOWN	239	G	0.898823529412	A	0.0894117647059	76	5	764	5	850	109411
UNKNOWN	240	T	0.996470588235	C	0.00235294117647	0	2	1	847	850	109411
UNKNOWN	241	C	0.992941176471	A	0.00352941176471	3	844	0	3	850	109411
UNKNOWN	242	A	0.983529411765	G	0.0129411764706	836	3	11	0	850	109411
UNKNOWN	243	G	0.561176470588	C	0.382352941176	40	325	477	8	850	109411
UNKNOWN	244	T	0.994117647059	C	0.00235294117647	1	2	2	845	850	109411
UNKNOWN	245	G	0.983529411765	A	0.00823529411765	7	3	836	4	850	109411
UNKNOWN	246	A	0.991764705882	C	0.00352941176471	843	3	3	1	850	109411
UNKNOWN	247	G	0.968235294118	A	0.0235294117647	20	6	823	1	850	109411
UNKNOWN	248	C	0.982352941176	T	0.0129411764706	2	835	2	11	850	109411
UNKNOWN	249	A	0.989411764706	G	0.00941176470588	841	1	8	0	850	109411
UNKNOWN	250	G	0.992941176471	A	0.00352941176471	3	2	844	1	850	109411
UNKNOWN	251	C	0.994117647059	T	0.00235294117647	1	845	2	2	850	109411
UNKNOWN	252	G	0.991764705882	A	0.00352941176471	3	1	843	3	850	109411
UNKNOWN	253	T	0.995294117647	C	0.00352941176471	0	3	1	846	850	109411
UNKNOWN	254	G	0.981176470588	A	0.0141176470588	12	3	834	1	850	109411
UNKNOWN	255	A	0.990588235294	G	0.00823529411765	842	1	7	0	850	109411
UNKNOWN	256	C	0.991764705882	T	0.00352941176471	2	843	2	3	850	109411
UNKNOWN	257	A	0.972941176471	G	0.0152941176471	827	6	13	4	850	109411
UNKNOWN	258	C	0.610588235294	A	0.364705882353	310	519	18	3	850	109411
UNKNOWN	259	C	0.975294117647	T	0.0117647058824	3	829	8	10	850	109411
UNKNOWN	260	T	0.949411764706	G	0.0352941176471	2	11	30	807	850	109411
UNKNOWN	261	G	0.995294117647	A	0.00352941176471	3	0	846	1	850	109411
UNKNOWN	262	A	0.992941176471	G	0.00352941176471	844	2	3	1	850	109411
UNKNOWN	263	G	0.961176470588	A	0.0282352941176	24	8	817	1	850	109411
UNKNOWN	264	G	0.991764705882	A	0.00588235294118	5	1	843	1	850	109411
UNKNOWN	265	A	0.994117647059	C	0.00235294117647	845	2	1	2	850	109411
UNKNOWN	266	C	0.990588235294	A	0.00705882352941	6	842	1	1	850	109411
UNKNOWN	267	A	0.987058823529	T	0.00823529411765	839	1	3	7	850	109411
UNKNOWN	268	C	0.992941176471	A	0.00352941176471	3	844	2	1	850	109411
UNKNOWN	269	G	0.972941176471	A	0.0247058823529	21	1	827	1	850	109411
UNKNOWN	270	G	0.994117647059	A	0.00470588235294	4	1	845	0	850	109411
UNKNOWN	271	C	0.989411764706	A	0.00705882352941	6	841	2	1	850	109411
UNKNOWN	272	C	0.987058823529	A	0.00705882352941	6	839	1	4	850	109411
UNKNOWN	273	A	0.991764705882	T	0.00352941176471	843	1	3	3	850	109411
UNKNOWN	274	C	0.990588235294	T	0.00588235294118	3	842	0	5	850	109411
UNKNOWN	275	A	0.983529411765	C	0.00823529411765	836	7	5	2	850	109411
UNKNOWN	276	T	0.992941176471	A	0.00352941176471	3	1	2	844	850	109411
UNKNOWN	277	A	0.994117647059	C	0.00588235294118	845	5	0	0	850	109411
UNKNOWN	278	C	0.961176470588	T	0.0305882352941	4	817	3	26	850	109411
UNKNOWN	279	T	0.989411764706	G	0.00470588235294	2	3	4	841	850	109411
UNKNOWN	280	A	0.98	T	0.0105882352941	833	1	7	9	850	109411
UNKNOWN	281	C	0.98	T	0.0176470588235	1	833	1	15	850	109411
UNKNOWN	282	T	0.989411764706	G	0.00470588235294	2	3	4	841	850	109411
