Type	Position	Nucl1	Freq1	Nucl2	Freq2	NumAs	NumCs	NumGs	NumTs	NumAligned	NumNaive
UNKNOWN	0	C	1.0	A	0.0	0	8729	0	0	8729	109411
UNKNOWN	1	A	1.0	C	0.0	8729	0	0	0	8729	109411
UNKNOWN	2	G	1.0	A	0.0	0	0	8729	0	8729	109411
UNKNOWN	3	G	1.0	A	0.0	0	0	8729	0	8729	109411
UNKNOWN	4	T	1.0	A	0.0	0	0	0	8729	8729	109411
UNKNOWN	5	G	1.0	A	0.0	0	0	8729	0	8729	109411
UNKNOWN	6	C	1.0	A	0.0	0	8729	0	0	8729	109411
UNKNOWN	7	A	0.998052468782	G	0.00137472791843	8712	4	12	1	8729	109411
UNKNOWN	8	G	0.98247221904	A	0.0159239317218	139	13	8576	1	8729	109411
UNKNOWN	9	C	0.996104937564	T	0.00252033451713	2	8695	10	22	8729	109411
UNKNOWN	10	T	0.998739832741	C	0.00126016725856	0	11	0	8718	8729	109411
UNKNOWN	11	G	0.994501088326	C	0.00378050177569	15	33	8681	0	8729	109411
UNKNOWN	12	C	0.998052468782	T	0.00114560659869	5	8712	2	10	8729	109411
UNKNOWN	13	G	0.997021422843	A	0.00229121319739	20	4	8703	2	8729	109411
UNKNOWN	14	G	0.922671554588	C	0.0757245961737	8	661	8054	6	8729	109411
UNKNOWN	15	G	0.998739832741	A	0.000687363959216	6	3	8718	2	8729	109411
UNKNOWN	16	A	0.995761255585	G	0.00309313781647	8692	6	27	4	8729	109411
UNKNOWN	17	G	0.993928285027	A	0.0056134723336	49	0	8676	4	8729	109411
UNKNOWN	18	T	0.994844770306	G	0.00274945583687	1	20	24	8684	8729	109411
UNKNOWN	19	C	0.998968954061	T	0.000687363959216	0	8720	3	6	8729	109411
UNKNOWN	20	G	0.977202428686	A	0.0226830106541	198	1	8530	0	8729	109411
UNKNOWN	21	G	0.999541757361	C	0.000343681979608	1	3	8725	0	8729	109411
UNKNOWN	22	G	0.999083514721	A	0.000458242639478	4	4	8721	0	8729	109411
UNKNOWN	23	C	0.998167029442	T	0.00160384923817	0	8713	2	14	8729	109411
UNKNOWN	24	C	0.999312636041	A	0.000343681979608	3	8723	0	3	8729	109411
UNKNOWN	25	C	0.999083514721	A	0.000572803299347	5	8721	0	3	8729	109411
UNKNOWN	26	C	0.998739832741	A	0.000801924619086	7	8718	0	4	8729	109411
UNKNOWN	27	A	0.996563180204	G	0.002634895177	8699	6	23	1	8729	109411
UNKNOWN	28	G	0.993355481728	A	0.00446786573491	39	17	8671	2	8729	109411
UNKNOWN	29	C	0.997937908122	T	0.00194753121778	0	8711	1	17	8729	109411
UNKNOWN	30	C	0.998739832741	T	0.00114560659869	0	8718	1	10	8729	109411
UNKNOWN	31	T	0.996334058884	G	0.00183297055791	1	15	16	8697	8729	109411
UNKNOWN	32	G	0.987971130714	A	0.0104250200481	91	8	8624	6	8729	109411
UNKNOWN	33	G	0.996104937564	A	0.00194753121778	17	10	8695	7	8729	109411
UNKNOWN	34	T	0.995875816245	C	0.00217665253752	3	19	14	8693	8729	109411
UNKNOWN	35	G	0.995417573605	A	0.0041241837553	36	1	8689	3	8729	109411
UNKNOWN	36	A	0.997708786803	G	0.0014892885783	8709	5	13	2	8729	109411
UNKNOWN	37	A	0.993011799748	G	0.00423874441517	8668	21	37	3	8729	109411
UNKNOWN	38	G	0.997937908122	A	0.00103104593882	9	7	8711	2	8729	109411
UNKNOWN	39	C	0.996448619544	T	0.00171840989804	1	8698	15	15	8729	109411
UNKNOWN	40	C	0.999541757361	T	0.000343681979608	0	8725	1	3	8729	109411
UNKNOWN	41	C	0.995875816245	T	0.00286401649674	0	8693	11	25	8729	109411
UNKNOWN	42	T	0.995990376905	C	0.00332225913621	4	29	2	8694	8729	109411
UNKNOWN	43	C	0.998281590102	A	0.000801924619086	7	8714	2	6	8729	109411
UNKNOWN	44	A	0.986710963455	G	0.00939397410929	8613	30	82	4	8729	109411
UNKNOWN	45	C	0.995532134265	T	0.00171840989804	10	8690	14	15	8729	109411
UNKNOWN	46	A	0.994844770306	C	0.0029785771566	8684	26	19	0	8729	109411
UNKNOWN	47	G	0.997250544163	A	0.00217665253752	19	3	8705	2	8729	109411
UNKNOWN	48	A	0.993240921068	G	0.00320769847634	8670	22	28	9	8729	109411
UNKNOWN	49	C	0.997823347462	G	0.00160384923817	1	8710	14	4	8729	109411
UNKNOWN	50	C	0.997594226143	G	0.0014892885783	2	8708	13	6	8729	109411
UNKNOWN	51	C	0.998281590102	T	0.00160384923817	0	8714	1	14	8729	109411
UNKNOWN	52	T	0.995303012945	C	0.00389506243556	6	34	1	8688	8729	109411
UNKNOWN	53	C	0.996448619544	T	0.00355138045595	0	8698	0	31	8729	109411
UNKNOWN	54	T	0.994271967007	C	0.00515522969412	2	45	3	8679	8729	109411
UNKNOWN	55	C	0.998281590102	A	0.00103104593882	9	8714	1	5	8729	109411
UNKNOWN	56	C	0.996334058884	G	0.00183297055791	1	8697	16	15	8729	109411
UNKNOWN	57	C	0.996104937564	G	0.00229121319739	0	8695	20	14	8729	109411
UNKNOWN	58	T	0.994615648986	C	0.00435330507504	5	38	4	8682	8729	109411
UNKNOWN	59	C	0.997479665483	A	0.00206209187765	18	8707	0	4	8729	109411
UNKNOWN	60	A	0.995417573605	C	0.00217665253752	8689	19	19	2	8729	109411
UNKNOWN	61	C	0.990606025891	G	0.00641539695269	6	8647	56	20	8729	109411
UNKNOWN	62	C	0.987512888074	T	0.00950853476916	7	8620	19	83	8729	109411
UNKNOWN	63	T	0.996677740864	C	0.00160384923817	2	14	13	8700	8729	109411
UNKNOWN	64	G	0.998281590102	C	0.00114560659869	4	10	8714	1	8729	109411
UNKNOWN	65	C	0.994844770306	T	0.00389506243556	11	8684	0	34	8729	109411
UNKNOWN	66	A	0.988887615993	T	0.0056134723336	8632	22	26	49	8729	109411
UNKNOWN	67	C	0.988429373353	T	0.00962309542903	5	8628	12	84	8729	109411
UNKNOWN	68	G	0.975140336808	A	0.0224538893344	196	13	8512	8	8729	109411
UNKNOWN	69	G	0.952342765494	A	0.0421583228319	368	18	8313	30	8729	109411
UNKNOWN	70	T	0.988200252033	C	0.0108832626876	2	95	6	8626	8729	109411
UNKNOWN	71	C	0.96471531676	T	0.0223393286745	4	8421	109	195	8729	109411
UNKNOWN	72	T	0.993813724367	C	0.00389506243556	4	34	16	8675	8729	109411
UNKNOWN	73	C	0.998396150762	T	0.0014892885783	0	8715	1	13	8729	109411
UNKNOWN	74	T	0.99083514721	C	0.00652995761256	1	57	22	8649	8729	109411
UNKNOWN	75	G	0.995188452285	A	0.00309313781647	27	14	8687	1	8729	109411
UNKNOWN	76	G	0.99163707183	A	0.00664451827243	58	14	8656	1	8729	109411
UNKNOWN	77	A	0.986481842135	G	0.00664451827243	8611	32	58	28	8729	109411
UNKNOWN	78	T	0.990491465231	G	0.00469698705465	22	20	41	8646	8729	109411
UNKNOWN	79	T	0.993126360408	C	0.00435330507504	3	38	19	8669	8729	109411
UNKNOWN	80	C	0.986252720816	T	0.00916485278955	5	8609	35	80	8729	109411
UNKNOWN	81	T	0.993355481728	C	0.00549891167373	3	48	7	8671	8729	109411
UNKNOWN	82	C	0.992897239088	T	0.00572803299347	12	8667	0	50	8729	109411
UNKNOWN	83	A	0.989231297972	G	0.00618627563295	8635	16	54	24	8729	109411
UNKNOWN	84	T	0.993011799748	C	0.00595715431321	4	52	5	8668	8729	109411
UNKNOWN	85	T	0.997479665483	G	0.00126016725856	2	9	11	8707	8729	109411
UNKNOWN	86	G	0.970901592393	A	0.0260052697904	227	7	8475	20	8729	109411
UNKNOWN	87	A	0.987169206095	G	0.0106541413679	8617	18	93	1	8729	109411
UNKNOWN	88	G	0.949020506358	A	0.0276091190285	241	106	8284	98	8729	109411
UNKNOWN	89	C	0.948104021079	T	0.0381486997365	78	8276	42	333	8729	109411
UNKNOWN	90	A	0.974682094169	G	0.0176423416199	8508	60	154	7	8729	109411
UNKNOWN	91	G	0.906862183526	A	0.0659869400848	576	149	7916	88	8729	109411
UNKNOWN	92	C	0.9471875358	T	0.0256615878107	113	8268	124	224	8729	109411
UNKNOWN	93	A	0.863901936075	T	0.0892427540383	7541	58	351	779	8729	109411
UNKNOWN	94	A	0.938137243671	G	0.0348264406003	8189	121	304	115	8729	109411
UNKNOWN	95	T	0.971703517012	G	0.0174132203001	34	61	152	8482	8729	109411
UNKNOWN	96	G	0.922900675908	A	0.0632374842479	552	58	8056	63	8729	109411
UNKNOWN	97	G	0.621377019132	A	0.179516554015	1567	1487	5424	251	8729	109411
UNKNOWN	98	T	0.98270134036	C	0.00893573146981	15	78	58	8578	8729	109411
UNKNOWN	99	G	0.952113644175	A	0.0396379883148	346	36	8311	36	8729	109411
UNKNOWN	100	T	0.993355481728	G	0.00355138045595	11	16	31	8671	8729	109411
UNKNOWN	101	A	0.955550463971	G	0.0303585748654	8341	45	265	78	8729	109411
UNKNOWN	102	G	0.732500859205	A	0.168404170008	1470	706	6394	159	8729	109411
UNKNOWN	103	T	0.906289380227	G	0.0447932180089	160	267	391	7911	8729	109411
UNKNOWN	104	C	0.933554817276	T	0.0357429258793	53	8149	215	312	8729	109411
UNKNOWN	105	T	0.996563180204	G	0.00183297055791	3	11	16	8699	8729	109411
UNKNOWN	106	G	0.998739832741	A	0.000572803299347	5	1	8718	5	8729	109411
UNKNOWN	107	G	0.998739832741	A	0.000916485278955	8	0	8718	3	8729	109411
UNKNOWN	108	G	0.968724939856	A	0.0190170695383	166	84	8456	23	8729	109411
UNKNOWN	109	T	0.992668117768	C	0.00698820025203	2	61	1	8665	8729	109411
UNKNOWN	110	C	0.994730209646	T	0.0029785771566	6	8683	14	26	8729	109411
UNKNOWN	111	C	0.998510711422	G	0.00126016725856	0	8716	11	2	8729	109411
UNKNOWN	112	G	0.997823347462	C	0.0014892885783	5	13	8710	1	8729	109411
UNKNOWN	113	C	0.996219498224	A	0.00229121319739	20	8696	3	10	8729	109411
UNKNOWN	114	C	0.996219498224	A	0.00309313781647	27	8696	3	3	8729	109411
UNKNOWN	115	A	0.995532134265	G	0.00400962309543	8690	1	35	3	8729	109411
UNKNOWN	116	G	0.997479665483	A	0.00160384923817	14	6	8707	2	8729	109411
UNKNOWN	117	G	0.973192805591	A	0.0233703746134	204	18	8495	12	8729	109411
UNKNOWN	118	C	0.990262343911	G	0.00549891167373	1	8644	48	36	8729	109411
UNKNOWN	119	T	0.995073891626	C	0.0041241837553	3	36	4	8686	8729	109411
UNKNOWN	120	C	0.998396150762	T	0.000801924619086	4	8715	3	7	8729	109411
UNKNOWN	121	C	0.995188452285	A	0.00217665253752	19	8687	4	19	8729	109411
UNKNOWN	122	A	0.99129338985	G	0.00733188223164	8653	10	64	2	8729	109411
UNKNOWN	123	G	0.997594226143	A	0.00206209187765	18	2	8708	1	8729	109411
UNKNOWN	124	G	0.988200252033	A	0.00916485278955	80	21	8626	2	8729	109411
UNKNOWN	125	G	0.98235765838	A	0.0144346431435	126	5	8575	23	8729	109411
UNKNOWN	126	A	0.995875816245	G	0.00286401649674	8693	9	25	2	8729	109411
UNKNOWN	127	A	0.987512888074	G	0.0111123840073	8620	7	97	5	8729	109411
UNKNOWN	128	G	0.996334058884	A	0.00332225913621	29	3	8697	0	8729	109411
UNKNOWN	129	G	0.980066445183	A	0.0109978233475	96	45	8555	33	8729	109411
UNKNOWN	130	C	0.996563180204	G	0.00206209187765	2	8699	18	10	8729	109411
UNKNOWN	131	G	0.975484018788	A	0.0164967350212	144	57	8515	13	8729	109411
UNKNOWN	132	C	0.992324435789	T	0.00515522969412	14	8662	8	45	8729	109411
UNKNOWN	133	T	0.988085691374	C	0.00836292817047	2	73	29	8625	8729	109411
UNKNOWN	134	G	0.985336235537	A	0.0108832626876	95	6	8601	27	8729	109411
UNKNOWN	135	G	0.995761255585	A	0.00252033451713	22	15	8692	0	8729	109411
UNKNOWN	136	A	0.993584603047	G	0.00526979035399	8673	4	46	6	8729	109411
UNKNOWN	137	G	0.975025776148	A	0.0225684499943	197	3	8511	18	8729	109411
UNKNOWN	138	T	0.995417573605	G	0.00286401649674	2	13	25	8689	8729	109411
UNKNOWN	139	G	0.993584603047	A	0.00320769847634	28	4	8673	24	8729	109411
UNKNOWN	140	G	0.94730209646	C	0.0474281131859	17	414	8269	29	8729	109411
UNKNOWN	141	C	0.981555733761	G	0.0136327185245	17	8568	119	25	8729	109411
UNKNOWN	142	T	0.995532134265	C	0.00378050177569	1	33	5	8690	8729	109411
UNKNOWN	143	C	0.986940084775	T	0.00950853476916	4	8615	27	83	8729	109411
UNKNOWN	144	G	0.994501088326	A	0.00423874441517	37	1	8681	10	8729	109411
UNKNOWN	145	G	0.977775231985	C	0.0181005842594	11	158	8535	25	8729	109411
UNKNOWN	146	T	0.962767785542	G	0.0229121319739	58	67	200	8404	8729	109411
UNKNOWN	147	G	0.671096345515	A	0.27185244587	2373	124	5858	374	8729	109411
UNKNOWN	148	G	0.702944208959	A	0.180891281934	1579	753	6136	261	8729	109411
UNKNOWN	149	T	0.94741665712	G	0.0211937220758	144	130	185	8270	8729	109411
UNKNOWN	150	A	0.923817161187	G	0.0695383205407	8064	18	607	40	8729	109411
UNKNOWN	151	T	0.978920838584	C	0.0119143086264	33	104	47	8545	8729	109411
UNKNOWN	152	A	0.948218581739	G	0.0253179058311	8277	108	221	123	8729	109411
UNKNOWN	153	T	0.927368541643	A	0.0484591591248	423	72	139	8095	8729	109411
UNKNOWN	154	G	0.943521594684	A	0.0425020048115	371	100	8236	22	8729	109411
UNKNOWN	155	C	0.875587123382	T	0.117195555046	39	7643	24	1023	8729	109411
UNKNOWN	156	A	0.907664108145	G	0.0759537174934	7923	65	663	78	8729	109411
UNKNOWN	157	G	0.902279757131	A	0.0624355596288	545	191	7876	117	8729	109411
UNKNOWN	158	T	0.96482987742	G	0.0245159812121	43	50	214	8422	8729	109411
UNKNOWN	159	G	0.850040096231	A	0.133921411387	1169	78	7420	62	8729	109411
UNKNOWN	160	G	0.830106541414	A	0.132890365449	1160	231	7246	92	8729	109411
UNKNOWN	161	T	0.963340588842	G	0.0140909611639	95	102	123	8409	8729	109411
UNKNOWN	162	G	0.988887615993	A	0.00962309542903	84	0	8632	13	8729	109411
UNKNOWN	163	G	0.980868369802	A	0.0134035972047	117	29	8562	21	8729	109411
UNKNOWN	164	A	0.961163936304	G	0.0248596631917	8390	58	217	64	8729	109411
UNKNOWN	165	A	0.933898499255	G	0.0575094512544	8152	53	502	22	8729	109411
UNKNOWN	166	G	0.834574407149	A	0.0697674418605	609	606	7285	229	8729	109411
UNKNOWN	167	C	0.879940428457	T	0.0585404971933	228	7681	309	511	8729	109411
UNKNOWN	168	A	0.977775231985	C	0.0114560659869	8535	100	85	9	8729	109411
UNKNOWN	169	C	0.961163936304	T	0.0171840989804	86	8390	103	150	8729	109411
UNKNOWN	170	A	0.972505441631	C	0.0142055218238	8489	124	64	52	8729	109411
UNKNOWN	171	A	0.864932982014	G	0.112498567992	7550	87	982	110	8729	109411
UNKNOWN	172	G	0.701225799061	A	0.197502577615	1724	578	6121	306	8729	109411
UNKNOWN	173	C	0.906747622866	G	0.0394088669951	137	7915	344	333	8729	109411
UNKNOWN	174	T	0.979722763203	C	0.00779012487112	58	68	51	8552	8729	109411
UNKNOWN	175	T	0.914881429717	A	0.0679344713026	593	99	51	7986	8729	109411
UNKNOWN	176	T	0.956696070569	C	0.0258907091305	81	226	71	8351	8729	109411
UNKNOWN	177	A	0.98270134036	C	0.0138618398442	8578	121	27	3	8729	109411
UNKNOWN	178	A	0.988200252033	C	0.00779012487112	8626	68	27	8	8729	109411
UNKNOWN	179	C	0.903998167029	T	0.0858059342422	31	7891	58	749	8729	109411
UNKNOWN	180	C	0.937679001031	T	0.0358574865391	51	8185	180	313	8729	109411
UNKNOWN	181	C	0.989345858632	T	0.00504066903425	43	8636	6	44	8729	109411
UNKNOWN	182	A	0.977431550006	G	0.0109978233475	8532	65	96	36	8729	109411
UNKNOWN	183	G	0.976285943407	A	0.0130599152251	114	70	8522	23	8729	109411
UNKNOWN	184	C	0.9646007561	T	0.0221102073548	30	8420	86	193	8729	109411
UNKNOWN	185	C	0.994386527666	T	0.00252033451713	10	8680	17	22	8729	109411
UNKNOWN	186	C	0.99083514721	T	0.00515522969412	22	8649	13	45	8729	109411
UNKNOWN	187	T	0.99083514721	G	0.00423874441517	26	17	37	8649	8729	109411
UNKNOWN	188	G	0.953832054073	A	0.0308168175049	269	47	8326	87	8729	109411
UNKNOWN	189	A	0.990033222591	G	0.00652995761256	8642	10	57	20	8729	109411
UNKNOWN	190	A	0.988887615993	G	0.00504066903425	8632	34	44	19	8729	109411
UNKNOWN	191	A	0.987398327414	T	0.00446786573491	8619	33	38	39	8729	109411
UNKNOWN	192	T	0.985336235537	C	0.0100813380685	14	88	26	8601	8729	109411
UNKNOWN	193	C	0.992324435789	G	0.00355138045595	14	8662	31	22	8729	109411
UNKNOWN	194	C	0.980181005843	T	0.00870661015007	55	8556	42	76	8729	109411
UNKNOWN	195	C	0.995303012945	G	0.00435330507504	1	8688	38	2	8729	109411
UNKNOWN	196	G	0.992553557108	A	0.00435330507504	38	9	8664	18	8729	109411
UNKNOWN	197	G	0.892542101043	A	0.0882117080994	770	91	7791	77	8729	109411
UNKNOWN	198	C	0.983732386299	G	0.00641539695269	31	8587	56	55	8729	109411
UNKNOWN	199	T	0.988543934013	C	0.00698820025203	10	61	29	8629	8729	109411
UNKNOWN	200	C	0.986023599496	T	0.00721732157177	41	8607	18	63	8729	109411
UNKNOWN	201	A	0.989345858632	G	0.00870661015007	8636	14	76	3	8729	109411
UNKNOWN	202	G	0.961393057624	C	0.0219956466949	87	192	8392	58	8729	109411
UNKNOWN	203	C	0.933096574636	T	0.0525833428801	86	8145	39	459	8729	109411
UNKNOWN	204	A	0.979837323863	G	0.013174475885	8553	20	115	41	8729	109411
UNKNOWN	205	T	0.987283766754	C	0.00859204949021	14	75	22	8618	8729	109411
UNKNOWN	206	C	0.976744186047	T	0.0135181578646	67	8526	18	118	8729	109411
UNKNOWN	207	A	0.986367281476	C	0.00538435101386	8610	47	43	29	8729	109411
UNKNOWN	208	C	0.9825867797	T	0.00779012487112	30	8577	54	68	8729	109411
UNKNOWN	209	C	0.960591133005	T	0.018444266239	70	8385	113	161	8729	109411
UNKNOWN	210	A	0.984534310918	G	0.00847748883034	8594	56	74	5	8729	109411
UNKNOWN	211	A	0.985909038836	G	0.012257990606	8606	10	107	6	8729	109411
UNKNOWN	212	G	0.979035399244	A	0.0152365677626	133	42	8546	8	8729	109411
UNKNOWN	213	G	0.98270134036	A	0.0153511284225	134	13	8578	4	8729	109411
UNKNOWN	214	A	0.99140795051	C	0.00584259365334	8654	51	19	5	8729	109411
UNKNOWN	215	C	0.974796654829	T	0.014892885783	55	8509	35	130	8729	109411
UNKNOWN	216	A	0.987169206095	G	0.00744644289151	8617	26	65	21	8729	109411
UNKNOWN	217	A	0.976744186047	G	0.0119143086264	8526	91	104	8	8729	109411
UNKNOWN	218	C	0.966319165998	T	0.0273799977088	2	8435	53	239	8729	109411
UNKNOWN	219	T	0.983274143659	C	0.00859204949021	44	75	27	8583	8729	109411
UNKNOWN	220	C	0.990491465231	T	0.00595715431321	29	8646	2	52	8729	109411
UNKNOWN	221	C	0.983503264979	A	0.0101958987284	89	8585	26	29	8729	109411
UNKNOWN	222	A	0.98247221904	C	0.00985221674877	8576	86	66	1	8729	109411
UNKNOWN	223	A	0.981899415741	G	0.0159239317218	8571	13	139	6	8729	109411
UNKNOWN	224	G	0.978004353305	C	0.0130599152251	73	114	8537	5	8729	109411
UNKNOWN	225	A	0.985909038836	G	0.0097376560889	8606	33	85	5	8729	109411
UNKNOWN	226	G	0.953030129454	A	0.0364302898385	318	84	8319	8	8729	109411
UNKNOWN	227	C	0.966204605339	T	0.0262343911101	40	8434	26	229	8729	109411
UNKNOWN	228	C	0.988887615993	A	0.00652995761256	57	8632	36	4	8729	109411
UNKNOWN	229	A	0.989689540612	T	0.00400962309543	8639	29	26	35	8729	109411
UNKNOWN	230	A	0.97365104823	G	0.0218810860351	8499	35	191	4	8729	109411
UNKNOWN	231	G	0.970557910414	A	0.0161530530416	141	29	8472	87	8729	109411
UNKNOWN	232	T	0.984190628938	C	0.0124871119258	7	109	22	8591	8729	109411
UNKNOWN	233	C	0.942261427426	G	0.0276091190285	36	8225	241	227	8729	109411
UNKNOWN	234	T	0.984877992897	C	0.0108832626876	15	95	22	8597	8729	109411
UNKNOWN	235	C	0.980639248482	T	0.0172986596403	13	8560	5	151	8729	109411
UNKNOWN	236	T	0.983274143659	C	0.00905029212968	14	79	53	8583	8729	109411
UNKNOWN	237	C	0.988543934013	T	0.00905029212968	9	8629	12	79	8729	109411
UNKNOWN	238	T	0.990606025891	G	0.00469698705465	3	38	41	8647	8729	109411
UNKNOWN	239	G	0.933669377936	A	0.0481154771451	420	44	8150	115	8729	109411
UNKNOWN	240	T	0.985679917516	C	0.00733188223164	25	64	36	8604	8729	109411
UNKNOWN	241	C	0.9825867797	T	0.0115706266468	42	8577	9	101	8729	109411
UNKNOWN	242	A	0.976858746706	G	0.0172986596403	8527	31	151	20	8729	109411
UNKNOWN	243	G	0.876618169321	A	0.0603734677512	527	433	7652	117	8729	109411
UNKNOWN	244	T	0.988314812693	G	0.00607171497308	12	37	53	8627	8729	109411
UNKNOWN	245	G	0.946385611181	A	0.037690457097	329	67	8261	72	8729	109411
UNKNOWN	246	A	0.972620002291	G	0.0194753121778	8490	61	170	8	8729	109411
UNKNOWN	247	G	0.888990720587	A	0.0704548058197	615	292	7760	62	8729	109411
UNKNOWN	248	C	0.954061175392	T	0.032420666743	81	8328	37	283	8729	109411
UNKNOWN	249	A	0.981441173101	G	0.0160384923817	8567	19	140	3	8729	109411
UNKNOWN	250	G	0.954175736052	A	0.0300148928858	262	112	8329	26	8729	109411
UNKNOWN	251	C	0.98235765838	T	0.00790468553099	23	8575	62	69	8729	109411
UNKNOWN	252	G	0.974796654829	A	0.0136327185245	119	57	8509	44	8729	109411
UNKNOWN	253	T	0.987169206095	C	0.00744644289151	5	65	42	8617	8729	109411
UNKNOWN	254	G	0.958185359148	A	0.0318478634437	278	34	8364	53	8729	109411
UNKNOWN	255	A	0.977202428686	G	0.0138618398442	8530	65	121	13	8729	109411
UNKNOWN	256	C	0.984076068278	A	0.00744644289151	65	8590	18	56	8729	109411
UNKNOWN	257	A	0.969985107114	G	0.0153511284225	8467	75	134	53	8729	109411
UNKNOWN	258	C	0.953602932753	A	0.0285256043075	249	8324	102	54	8729	109411
UNKNOWN	259	C	0.982013976401	T	0.0113415053271	42	8572	16	99	8729	109411
UNKNOWN	260	T	0.951082598236	C	0.0292129682667	28	255	144	8302	8729	109411
UNKNOWN	261	G	0.987856570054	A	0.00985221674877	86	5	8623	15	8729	109411
UNKNOWN	262	A	0.984877992897	G	0.0116851873067	8597	22	102	8	8729	109411
UNKNOWN	263	G	0.94764577844	A	0.0315041814641	275	138	8272	44	8729	109411
UNKNOWN	264	G	0.985221674877	A	0.0129453545652	113	5	8600	11	8729	109411
UNKNOWN	265	A	0.984419750258	C	0.00905029212968	8593	79	49	8	8729	109411
UNKNOWN	266	C	0.968495818536	T	0.0144346431435	98	8454	51	126	8729	109411
UNKNOWN	267	A	0.97365104823	G	0.014892885783	8499	46	130	54	8729	109411
UNKNOWN	268	C	0.985450796197	G	0.00733188223164	42	8602	64	21	8729	109411
UNKNOWN	269	G	0.957497995188	A	0.0360866078589	315	38	8358	18	8729	109411
UNKNOWN	270	G	0.984305189598	A	0.00790468553099	69	46	8592	22	8729	109411
UNKNOWN	271	C	0.990491465231	A	0.00526979035399	46	8646	29	8	8729	109411
UNKNOWN	272	C	0.98281590102	A	0.0113415053271	99	8579	15	36	8729	109411
UNKNOWN	273	A	0.980753809142	G	0.0101958987284	8561	45	89	34	8729	109411
UNKNOWN	274	C	0.977431550006	A	0.0116851873067	102	8532	45	50	8729	109411
UNKNOWN	275	A	0.971245274373	G	0.013174475885	8478	60	115	76	8729	109411
UNKNOWN	276	T	0.986825524115	A	0.00687363959216	60	23	32	8614	8729	109411
UNKNOWN	277	A	0.986940084775	C	0.00698820025203	8615	61	30	23	8729	109411
UNKNOWN	278	C	0.931263604078	T	0.0647267728262	24	8129	11	565	8729	109411
UNKNOWN	279	T	0.979379081224	A	0.00950853476916	83	26	71	8549	8729	109411
UNKNOWN	280	A	0.971474395693	C	0.0106541413679	8480	93	72	84	8729	109411
UNKNOWN	281	C	0.953373811433	T	0.0414709588727	26	8322	19	362	8729	109411
UNKNOWN	282	T	0.981441173101	G	0.0134035972047	27	18	117	8567	8729	109411
