Type	Position	Nucl1	Freq1	Nucl2	Freq2	NumAs	NumCs	NumGs	NumTs	NumAligned	NumNaive
UNKNOWN	0	C	1.0	A	0.0	0	12418	0	0	12418	94053
UNKNOWN	1	A	1.0	C	0.0	12418	0	0	0	12418	94053
UNKNOWN	2	G	1.0	A	0.0	0	0	12418	0	12418	94053
UNKNOWN	3	G	1.0	A	0.0	0	0	12418	0	12418	94053
UNKNOWN	4	T	1.0	A	0.0	0	0	0	12418	12418	94053
UNKNOWN	5	G	1.0	A	0.0	0	0	12418	0	12418	94053
UNKNOWN	6	C	1.0	A	0.0	0	12418	0	0	12418	94053
UNKNOWN	7	A	0.998469962957	G	0.00128845224674	12399	1	16	2	12418	94053
UNKNOWN	8	G	0.990014495088	A	0.00756965694959	94	25	12294	5	12418	94053
UNKNOWN	9	C	0.997664680303	T	0.00177162183927	1	12389	6	22	12418	94053
UNKNOWN	10	T	0.99911418908	C	0.000563697857948	0	7	4	12407	12418	94053
UNKNOWN	11	G	0.998792076019	A	0.000966339185054	12	0	12403	3	12418	94053
UNKNOWN	12	C	0.999033660815	T	0.000966339185054	0	12406	0	12	12418	94053
UNKNOWN	13	G	0.998872604284	A	0.00104686745048	13	1	12404	0	12418	94053
UNKNOWN	14	G	0.567080045096	C	0.431067804799	16	5353	7042	7	12418	94053
UNKNOWN	15	G	0.999597358673	A	0.000161056530842	2	2	12413	1	12418	94053
UNKNOWN	16	A	0.998389434692	G	0.00120792398132	12398	3	15	2	12418	94053
UNKNOWN	17	G	0.995490417136	A	0.00426799806732	53	3	12362	0	12418	94053
UNKNOWN	18	T	0.998631019488	C	0.00072475438879	4	9	4	12401	12418	94053
UNKNOWN	19	C	0.999758415204	A	8.05282654212e-05	1	12415	1	1	12418	94053
UNKNOWN	20	G	0.999033660815	A	0.000885810919633	11	1	12406	0	12418	94053
UNKNOWN	21	G	0.999436302142	A	0.000322113061685	4	2	12411	1	12418	94053
UNKNOWN	22	G	0.999516830407	C	0.000241584796263	2	3	12412	1	12418	94053
UNKNOWN	23	C	0.99911418908	T	0.00072475438879	1	12407	1	9	12418	94053
UNKNOWN	24	C	0.999516830407	T	0.000483169592527	0	12412	0	6	12418	94053
UNKNOWN	25	C	0.999355773877	A	0.000322113061685	4	12410	1	3	12418	94053
UNKNOWN	26	C	0.999355773877	A	0.000563697857948	7	12410	0	1	12418	94053
UNKNOWN	27	A	0.997906265099	G	0.00177162183927	12392	4	22	0	12418	94053
UNKNOWN	28	G	0.992188758254	A	0.00628120470285	78	18	12321	1	12418	94053
UNKNOWN	29	C	0.998631019488	T	0.00120792398132	0	12401	2	15	12418	94053
UNKNOWN	30	C	0.999194717346	T	0.00072475438879	0	12408	1	9	12418	94053
UNKNOWN	31	T	0.997745208568	C	0.00128845224674	1	16	11	12390	12418	94053
UNKNOWN	32	G	0.995007247544	A	0.00354324367853	44	8	12356	10	12418	94053
UNKNOWN	33	G	0.994282493155	A	0.00378482847479	47	18	12347	6	12418	94053
UNKNOWN	34	T	0.997100982445	C	0.00241584796263	0	30	6	12382	12418	94053
UNKNOWN	35	G	0.997906265099	A	0.00144950877758	18	4	12392	4	12418	94053
UNKNOWN	36	A	0.998308906426	G	0.000885810919633	12397	9	11	1	12418	94053
UNKNOWN	37	A	0.995732001933	G	0.003060074086	12365	10	38	5	12418	94053
UNKNOWN	38	G	0.998147849895	A	0.0011273957159	14	7	12395	2	12418	94053
UNKNOWN	39	C	0.996617812852	T	0.00233531969721	2	12376	11	29	12418	94053
UNKNOWN	40	C	0.999436302142	T	0.000402641327106	1	12411	1	5	12418	94053
UNKNOWN	41	C	0.994846191013	G	0.00386535674022	2	12354	48	14	12418	94053
UNKNOWN	42	T	0.996698341118	C	0.003060074086	1	38	2	12377	12418	94053
UNKNOWN	43	C	0.99895313255	A	0.000885810919633	11	12405	0	2	12418	94053
UNKNOWN	44	A	0.996537284587	G	0.00241584796263	12375	11	30	2	12418	94053
UNKNOWN	45	C	0.998469962957	A	0.00104686745048	13	12399	5	1	12418	94053
UNKNOWN	46	A	0.997664680303	G	0.00161056530842	12389	7	20	2	12418	94053
UNKNOWN	47	G	0.998389434692	A	0.001530037043	19	0	12398	1	12418	94053
UNKNOWN	48	A	0.997020454179	G	0.00177162183927	12381	12	22	3	12418	94053
UNKNOWN	49	C	0.998711547753	G	0.000805282654212	1	12402	10	5	12418	94053
UNKNOWN	50	C	0.997986793364	A	0.00072475438879	9	12393	8	8	12418	94053
UNKNOWN	51	C	0.998550491222	T	0.000885810919633	4	12400	3	11	12418	94053
UNKNOWN	52	T	0.997342567241	C	0.00225479143179	2	28	3	12385	12418	94053
UNKNOWN	53	C	0.995490417136	G	0.00354324367853	1	12362	44	11	12418	94053
UNKNOWN	54	T	0.996456756321	C	0.00241584796263	2	30	12	12374	12418	94053
UNKNOWN	55	C	0.998308906426	T	0.00136898051216	4	12397	0	17	12418	94053
UNKNOWN	56	C	0.996537284587	T	0.00169109357384	4	12375	18	21	12418	94053
UNKNOWN	57	C	0.993235625705	G	0.00491222419069	6	12334	61	17	12418	94053
UNKNOWN	58	T	0.996939925914	C	0.00281848928974	2	35	1	12380	12418	94053
UNKNOWN	59	C	0.998147849895	A	0.0011273957159	14	12395	2	7	12418	94053
UNKNOWN	60	A	0.996617812852	G	0.00201320663553	12376	15	25	2	12418	94053
UNKNOWN	61	C	0.997986793364	T	0.00161056530842	1	12393	4	20	12418	94053
UNKNOWN	62	C	0.996617812852	T	0.00233531969721	4	12376	9	29	12418	94053
UNKNOWN	63	T	0.997825736834	C	0.0011273957159	3	14	10	12391	12418	94053
UNKNOWN	64	G	0.998711547753	C	0.000805282654212	6	10	12402	0	12418	94053
UNKNOWN	65	C	0.998469962957	A	0.000885810919633	11	12399	0	8	12418	94053
UNKNOWN	66	A	0.99524883234	G	0.003060074086	12359	15	38	6	12418	94053
UNKNOWN	67	C	0.996698341118	T	0.00177162183927	4	12377	15	22	12418	94053
UNKNOWN	68	G	0.995087775809	A	0.00442905459816	55	4	12357	2	12418	94053
UNKNOWN	69	G	0.980914801095	A	0.0164277661459	204	20	12181	13	12418	94053
UNKNOWN	70	T	0.995329360606	C	0.00434852633274	0	54	4	12360	12418	94053
UNKNOWN	71	C	0.986310194878	G	0.00676437429538	6	12248	84	80	12418	94053
UNKNOWN	72	T	0.995973586729	C	0.00281848928974	2	35	13	12368	12418	94053
UNKNOWN	73	C	0.99806732163	T	0.00161056530842	3	12394	1	20	12418	94053
UNKNOWN	74	T	0.994685134482	C	0.00338218714769	6	42	18	12352	12418	94053
UNKNOWN	75	G	0.995409888871	A	0.00378482847479	47	8	12361	2	12418	94053
UNKNOWN	76	G	0.991947173458	A	0.00732807215333	91	5	12318	4	12418	94053
UNKNOWN	77	A	0.994282493155	G	0.00314060235143	12347	17	39	15	12418	94053
UNKNOWN	78	T	0.996215171525	C	0.00193267837011	2	24	21	12371	12418	94053
UNKNOWN	79	T	0.997100982445	C	0.0026574327589	2	33	1	12382	12418	94053
UNKNOWN	80	C	0.995490417136	T	0.00378482847479	5	12362	4	47	12418	94053
UNKNOWN	81	T	0.996617812852	C	0.00177162183927	7	22	13	12376	12418	94053
UNKNOWN	82	C	0.996054114994	T	0.00177162183927	16	12369	11	22	12418	94053
UNKNOWN	83	A	0.994121436624	G	0.00330165888227	12345	20	41	12	12418	94053
UNKNOWN	84	T	0.769447576099	C	0.225801256241	8	2804	51	9555	12418	94053
UNKNOWN	85	T	0.997745208568	C	0.00128845224674	1	16	11	12390	12418	94053
UNKNOWN	86	G	0.988967627637	A	0.0101465614431	126	5	12281	6	12418	94053
UNKNOWN	87	A	0.98945079723	G	0.00918022225801	12287	15	114	2	12418	94053
UNKNOWN	88	G	0.974392011596	A	0.0175551618618	218	84	12100	16	12418	94053
UNKNOWN	89	C	0.978257368336	T	0.0162667096151	30	12148	38	202	12418	94053
UNKNOWN	90	A	0.991222419069	G	0.00668384602996	12309	21	83	5	12418	94053
UNKNOWN	91	G	0.933483652762	A	0.0405057175068	503	238	11592	85	12418	94053
UNKNOWN	92	C	0.973586728942	T	0.0145756160412	42	12090	105	181	12418	94053
UNKNOWN	93	T	0.975599935577	G	0.0102270897085	87	89	127	12115	12418	94053
UNKNOWN	94	A	0.975277822516	G	0.00893863746175	12111	100	111	96	12418	94053
UNKNOWN	95	T	0.990739249477	G	0.00450958286359	21	38	56	12303	12418	94053
UNKNOWN	96	G	0.926558221936	A	0.0512965050733	637	142	11506	133	12418	94053
UNKNOWN	97	C	0.931631502657	G	0.0316476083105	207	11569	393	249	12418	94053
UNKNOWN	98	T	0.992913512643	C	0.00281848928974	18	35	35	12330	12418	94053
UNKNOWN	99	G	0.960380093413	A	0.0346271541311	430	26	11926	36	12418	94053
UNKNOWN	100	T	0.997825736834	C	0.0011273957159	9	14	4	12391	12418	94053
UNKNOWN	101	A	0.968835561282	G	0.0221452729908	12031	50	275	62	12418	94053
UNKNOWN	102	A	0.694073119665	G	0.296666129812	8619	77	3684	38	12418	94053
UNKNOWN	103	G	0.764293767112	A	0.159526493799	1981	750	9491	196	12418	94053
UNKNOWN	104	C	0.979706877114	T	0.0177967466581	13	12166	18	221	12418	94053
UNKNOWN	105	T	0.997262038976	G	0.00169109357384	3	10	21	12384	12418	94053
UNKNOWN	106	G	0.999355773877	A	0.000322113061685	4	0	12410	4	12418	94053
UNKNOWN	107	G	0.999516830407	C	0.000241584796263	2	3	12412	1	12418	94053
UNKNOWN	108	G	0.986793364471	A	0.00934127878885	116	31	12254	17	12418	94053
UNKNOWN	109	T	0.997020454179	C	0.00273796102432	0	34	3	12381	12418	94053
UNKNOWN	110	C	0.997745208568	T	0.00136898051216	9	12390	2	17	12418	94053
UNKNOWN	111	C	0.998389434692	G	0.000966339185054	2	12398	12	6	12418	94053
UNKNOWN	112	G	0.99806732163	C	0.0011273957159	8	14	12394	2	12418	94053
UNKNOWN	113	C	0.998631019488	T	0.000644226123369	1	12401	8	8	12418	94053
UNKNOWN	114	C	0.998147849895	A	0.00136898051216	17	12395	2	4	12418	94053
UNKNOWN	115	A	0.995087775809	G	0.00434852633274	12357	2	54	5	12418	94053
UNKNOWN	116	G	0.998389434692	A	0.0011273957159	14	3	12398	3	12418	94053
UNKNOWN	117	G	0.985021742632	A	0.0123208246094	153	23	12232	10	12418	94053
UNKNOWN	118	C	0.997342567241	T	0.00217426316637	3	12385	3	27	12418	94053
UNKNOWN	119	T	0.99613464326	C	0.00314060235143	1	39	8	12370	12418	94053
UNKNOWN	120	C	0.998469962957	T	0.000966339185054	5	12399	2	12	12418	94053
UNKNOWN	121	C	0.997664680303	A	0.00177162183927	22	12389	2	5	12418	94053
UNKNOWN	122	A	0.987920760187	G	0.0115155419552	12268	3	143	4	12418	94053
UNKNOWN	123	G	0.999033660815	C	0.00072475438879	3	9	12406	0	12418	94053
UNKNOWN	124	G	0.995732001933	A	0.00378482847479	47	2	12365	4	12418	94053
UNKNOWN	125	G	0.98469962957	A	0.013770333387	171	17	12228	2	12418	94053
UNKNOWN	126	A	0.997262038976	G	0.00249637622806	12384	2	31	1	12418	94053
UNKNOWN	127	A	0.991141890804	G	0.0083749396038	12308	5	104	1	12418	94053
UNKNOWN	128	G	0.997584152037	A	0.00193267837011	24	6	12388	0	12418	94053
UNKNOWN	129	G	0.988806571106	A	0.00805282654212	100	30	12279	9	12418	94053
UNKNOWN	130	C	0.996376228056	G	0.00249637622806	1	12373	31	13	12418	94053
UNKNOWN	131	G	0.989853438557	A	0.00660331776454	82	36	12292	8	12418	94053
UNKNOWN	132	C	0.995651473667	T	0.00346271541311	3	12364	8	43	12418	94053
UNKNOWN	133	T	0.994282493155	C	0.00322113061685	2	40	29	12347	12418	94053
UNKNOWN	134	G	0.988484458045	A	0.0083749396038	104	9	12275	30	12418	94053
UNKNOWN	135	G	0.995651473667	A	0.00217426316637	27	26	12364	1	12418	94053
UNKNOWN	136	A	0.99524883234	G	0.00354324367853	12359	7	44	8	12418	94053
UNKNOWN	137	G	0.97519729425	A	0.0216621033983	269	15	12110	24	12418	94053
UNKNOWN	138	T	0.995087775809	C	0.00225479143179	7	28	26	12357	12418	94053
UNKNOWN	139	G	0.992349814785	A	0.00362377194395	45	30	12323	20	12418	94053
UNKNOWN	140	C	0.496456756321	G	0.485263327428	14	6165	6026	213	12418	94053
UNKNOWN	141	C	0.756965694959	G	0.22475438879	202	9400	2791	25	12418	94053
UNKNOWN	142	T	0.996617812852	C	0.00249637622806	4	31	7	12376	12418	94053
UNKNOWN	143	C	0.755033016589	T	0.240698985344	10	9376	43	2989	12418	94053
UNKNOWN	144	G	0.991705588662	A	0.0072475438879	90	1	12315	12	12418	94053
UNKNOWN	145	G	0.994443549686	C	0.00289901755516	10	36	12349	23	12418	94053
UNKNOWN	146	T	0.988484458045	G	0.00692543082622	21	36	86	12275	12418	94053
UNKNOWN	147	G	0.906667740377	A	0.0717506844903	891	81	11259	187	12418	94053
UNKNOWN	148	G	0.899339668224	A	0.0567724271219	705	322	11168	223	12418	94053
UNKNOWN	149	T	0.961588017394	C	0.0159445965534	113	198	166	11941	12418	94053
UNKNOWN	150	A	0.943710742471	G	0.0483974875181	11719	18	601	80	12418	94053
UNKNOWN	151	T	0.990175551619	C	0.00483169592527	39	60	23	12296	12418	94053
UNKNOWN	152	A	0.954179416975	G	0.0277017233049	11849	65	344	160	12418	94053
UNKNOWN	153	A	0.92156546948	G	0.070945401836	11444	38	881	55	12418	94053
UNKNOWN	154	G	0.834997584152	A	0.120389756805	1495	433	10369	121	12418	94053
UNKNOWN	155	C	0.873409566758	T	0.0843936221614	297	10846	227	1048	12418	94053
UNKNOWN	156	A	0.922209695603	G	0.0682879690771	11452	85	848	33	12418	94053
UNKNOWN	157	G	0.929054598164	A	0.0369624738283	459	301	11537	121	12418	94053
UNKNOWN	158	T	0.968674504751	G	0.0177162183927	83	86	220	12029	12418	94053
UNKNOWN	159	G	0.884844580448	A	0.0934127878885	1160	215	10988	55	12418	94053
UNKNOWN	160	G	0.892816878724	A	0.071509099694	888	274	11087	169	12418	94053
UNKNOWN	161	T	0.984458044774	G	0.00773071348043	48	49	96	12225	12418	94053
UNKNOWN	162	G	0.98751811886	A	0.0107907875664	134	18	12263	3	12418	94053
UNKNOWN	163	G	0.989933966822	A	0.00676437429538	84	29	12293	12	12418	94053
UNKNOWN	164	A	0.970043485263	G	0.0178772749235	12046	32	222	118	12418	94053
UNKNOWN	165	A	0.95216621034	G	0.03728458689	11824	78	463	53	12418	94053
UNKNOWN	166	G	0.798759864713	A	0.107344177806	1333	649	9919	517	12418	94053
UNKNOWN	167	C	0.895313254952	T	0.0450958286359	354	11118	386	560	12418	94053
UNKNOWN	168	A	0.976888387824	G	0.0165888226768	12131	56	206	25	12418	94053
UNKNOWN	169	C	0.976727331293	T	0.0141729747141	72	12129	41	176	12418	94053
UNKNOWN	170	A	0.98381381865	G	0.0109518440973	12217	29	136	36	12418	94053
UNKNOWN	171	G	0.481800612015	T	0.441053309712	650	308	5983	5477	12418	94053
UNKNOWN	172	A	0.636414881623	G	0.291834433886	7903	530	3624	361	12418	94053
UNKNOWN	173	C	0.967224995974	T	0.0196488967628	28	12011	135	244	12418	94053
UNKNOWN	174	T	0.990256079884	C	0.0053148655178	38	66	17	12297	12418	94053
UNKNOWN	175	A	0.987598647125	T	0.0095023353197	12264	16	20	118	12418	94053
UNKNOWN	176	T	0.989289740699	C	0.00732807215333	34	91	8	12285	12418	94053
UNKNOWN	177	A	0.992108229989	C	0.00378482847479	12320	47	42	9	12418	94053
UNKNOWN	178	A	0.99049766468	G	0.00539539378322	12300	45	67	6	12418	94053
UNKNOWN	179	C	0.940328555323	T	0.0502496376228	18	11677	99	624	12418	94053
UNKNOWN	180	C	0.958930584635	T	0.0310839104526	39	11908	85	386	12418	94053
UNKNOWN	181	C	0.983894346916	T	0.00821388307296	61	12218	37	102	12418	94053
UNKNOWN	182	A	0.987034949267	G	0.00676437429538	12257	68	84	9	12418	94053
UNKNOWN	183	G	0.975116765985	A	0.014334031245	178	53	12109	78	12418	94053
UNKNOWN	184	C	0.986149138348	T	0.00845546786922	24	12246	43	105	12418	94053
UNKNOWN	185	C	0.998872604284	T	0.000483169592527	4	12404	4	6	12418	94053
UNKNOWN	186	C	0.994524077951	T	0.00314060235143	8	12350	21	39	12418	94053
UNKNOWN	187	T	0.995570945402	G	0.00233531969721	7	19	29	12363	12418	94053
UNKNOWN	188	G	0.973989370269	A	0.0215815751329	268	10	12095	45	12418	94053
UNKNOWN	189	A	0.989772910292	G	0.00732807215333	12291	33	91	3	12418	94053
UNKNOWN	190	A	0.99718151071	G	0.001530037043	12383	10	19	6	12418	94053
UNKNOWN	191	A	0.99226928652	G	0.00386535674022	12322	19	48	29	12418	94053
UNKNOWN	192	T	0.993799323563	C	0.00515380898695	9	64	4	12341	12418	94053
UNKNOWN	193	C	0.997906265099	T	0.00136898051216	6	12392	3	17	12418	94053
UNKNOWN	194	C	0.993155097439	T	0.00370430020937	11	12333	28	46	12418	94053
UNKNOWN	195	C	0.996537284587	G	0.0026574327589	5	12375	33	5	12418	94053
UNKNOWN	196	G	0.997423095507	A	0.00185215010469	23	5	12386	4	12418	94053
UNKNOWN	197	G	0.941214366243	A	0.0423578676115	526	142	11688	62	12418	94053
UNKNOWN	198	C	0.988806571106	T	0.0053148655178	19	12279	54	66	12418	94053
UNKNOWN	199	T	0.992913512643	C	0.00467063939443	15	58	15	12330	12418	94053
UNKNOWN	200	C	0.988967627637	A	0.00756965694959	94	12281	9	34	12418	94053
UNKNOWN	201	A	0.992349814785	G	0.00595909164117	12323	21	74	0	12418	94053
UNKNOWN	202	G	0.972137220164	C	0.0177967466581	51	221	12072	74	12418	94053
UNKNOWN	203	C	0.965856015461	T	0.026574327589	67	11994	27	330	12418	94053
UNKNOWN	204	A	0.986390723144	G	0.00821388307296	12249	9	102	58	12418	94053
UNKNOWN	205	T	0.994846191013	C	0.00370430020937	8	46	10	12354	12418	94053
UNKNOWN	206	C	0.989853438557	T	0.00620067643743	35	12292	14	77	12418	94053
UNKNOWN	207	A	0.99226928652	G	0.00459011112901	12322	35	57	4	12418	94053
UNKNOWN	208	C	0.989531325495	G	0.00523433725238	17	12288	65	48	12418	94053
UNKNOWN	209	C	0.968352391689	T	0.0161056530842	64	12025	129	200	12418	94053
UNKNOWN	210	A	0.992994040908	C	0.00450958286359	12331	56	25	6	12418	94053
UNKNOWN	211	A	0.987437590594	G	0.0107907875664	12262	12	134	10	12418	94053
UNKNOWN	212	G	0.988001288452	A	0.00982444838138	122	14	12269	13	12418	94053
UNKNOWN	213	G	0.993235625705	A	0.00475116765985	59	10	12334	15	12418	94053
UNKNOWN	214	A	0.994040908359	C	0.00370430020937	12344	46	17	11	12418	94053
UNKNOWN	215	C	0.985988081817	T	0.00716701562248	53	12244	32	89	12418	94053
UNKNOWN	216	A	0.988887099372	G	0.00716701562248	12280	34	89	15	12418	94053
UNKNOWN	217	A	0.98469962957	G	0.0108713158319	12228	49	135	6	12418	94053
UNKNOWN	218	C	0.98188114028	T	0.0134482203253	10	12193	48	167	12418	94053
UNKNOWN	219	T	0.993477210501	C	0.00475116765985	8	59	14	12337	12418	94053
UNKNOWN	220	C	0.996054114994	T	0.00241584796263	19	12369	0	30	12418	94053
UNKNOWN	221	C	0.990819777742	A	0.00394588500564	49	12304	29	36	12418	94053
UNKNOWN	222	A	0.991786116927	G	0.00410694153648	12316	46	51	5	12418	94053
UNKNOWN	223	A	0.988162344983	G	0.0103076179739	12271	12	128	7	12418	94053
UNKNOWN	224	G	0.989853438557	A	0.00692543082622	86	33	12292	7	12418	94053
UNKNOWN	225	A	0.990417136415	G	0.00756965694959	12299	21	94	4	12418	94053
UNKNOWN	226	G	0.962312771783	A	0.0301980995329	375	80	11950	13	12418	94053
UNKNOWN	227	C	0.97608310517	T	0.0210984055403	14	12121	21	262	12418	94053
UNKNOWN	228	C	0.993960380093	A	0.00394588500564	49	12343	22	4	12418	94053
UNKNOWN	229	A	0.996376228056	G	0.00201320663553	12373	7	25	13	12418	94053
UNKNOWN	230	A	0.979867933645	G	0.0176356901272	12168	17	219	14	12418	94053
UNKNOWN	231	G	0.971573522306	A	0.011273957159	140	120	12065	93	12418	94053
UNKNOWN	232	T	0.992994040908	C	0.00499275245611	8	62	17	12331	12418	94053
UNKNOWN	233	C	0.977452085682	T	0.013770333387	16	12138	93	171	12418	94053
UNKNOWN	234	T	0.991061362538	C	0.00539539378322	20	67	24	12307	12418	94053
UNKNOWN	235	C	0.992994040908	T	0.0057175068449	14	12331	2	71	12418	94053
UNKNOWN	236	T	0.987196005798	C	0.00829441133838	10	103	46	12259	12418	94053
UNKNOWN	237	C	0.992913512643	T	0.00491222419069	7	12330	20	61	12418	94053
UNKNOWN	238	T	0.993879851828	G	0.00354324367853	3	29	44	12342	12418	94053
UNKNOWN	239	G	0.95514575616	A	0.0307617973909	382	71	11861	104	12418	94053
UNKNOWN	240	T	0.991141890804	C	0.00394588500564	32	49	29	12308	12418	94053
UNKNOWN	241	C	0.988323401514	T	0.0079722982767	42	12273	4	99	12418	94053
UNKNOWN	242	A	0.981236914157	G	0.012803994202	12185	57	159	17	12418	94053
UNKNOWN	243	G	0.902238685779	C	0.0562892575294	386	699	11204	129	12418	94053
UNKNOWN	244	T	0.992349814785	G	0.00354324367853	12	39	44	12323	12418	94053
UNKNOWN	245	G	0.978740537929	A	0.0144950877758	180	44	12154	40	12418	94053
UNKNOWN	246	A	0.988162344983	G	0.00845546786922	12271	35	105	7	12418	94053
UNKNOWN	247	G	0.937026896441	A	0.0375261716863	466	197	11636	119	12418	94053
UNKNOWN	248	C	0.97221774843	T	0.0193267837011	75	12073	30	240	12418	94053
UNKNOWN	249	A	0.989611853761	G	0.00893863746175	12289	16	111	2	12418	94053
UNKNOWN	250	G	0.983572233854	A	0.00918022225801	114	83	12214	7	12418	94053
UNKNOWN	251	C	0.990417136415	T	0.00450958286359	12	12299	51	56	12418	94053
UNKNOWN	252	G	0.984377516508	A	0.0105492027702	131	13	12224	50	12418	94053
UNKNOWN	253	T	0.992510871316	C	0.00410694153648	4	51	38	12325	12418	94053
UNKNOWN	254	G	0.968030278628	A	0.023514253503	292	34	12021	71	12418	94053
UNKNOWN	255	A	0.984296988243	G	0.0104686745048	12223	42	130	23	12418	94053
UNKNOWN	256	C	0.987276534063	T	0.00773071348043	52	12260	10	96	12418	94053
UNKNOWN	257	A	0.978660009663	G	0.0102270897085	12153	70	127	68	12418	94053
UNKNOWN	258	C	0.94073119665	A	0.0450958286359	560	11682	81	95	12418	94053
UNKNOWN	259	C	0.988242873249	T	0.0083749396038	14	12272	28	104	12418	94053
UNKNOWN	260	T	0.972861974553	C	0.0141729747141	28	176	133	12081	12418	94053
UNKNOWN	261	G	0.990175551619	A	0.00692543082622	86	12	12296	24	12418	94053
UNKNOWN	262	A	0.989611853761	G	0.00773071348043	12289	28	96	5	12418	94053
UNKNOWN	263	G	0.958527943308	A	0.0255274601385	317	155	11903	43	12418	94053
UNKNOWN	264	G	0.992027701723	A	0.0057175068449	71	8	12319	20	12418	94053
UNKNOWN	265	A	0.990739249477	C	0.00579803511032	12303	72	29	14	12418	94053
UNKNOWN	266	C	0.983250120792	T	0.00756965694959	86	12210	28	94	12418	94053
UNKNOWN	267	A	0.980592688033	T	0.00821388307296	12177	37	102	102	12418	94053
UNKNOWN	268	C	0.990014495088	G	0.00402641327106	45	12294	50	29	12418	94053
UNKNOWN	269	G	0.79932356257	A	0.19592526977	2433	30	9926	29	12418	94053
UNKNOWN	270	G	0.991141890804	C	0.00346271541311	29	43	12308	38	12418	94053
UNKNOWN	271	C	0.991141890804	A	0.00442905459816	55	12308	49	6	12418	94053
UNKNOWN	272	C	0.990578192946	A	0.00459011112901	57	12301	15	45	12418	94053
UNKNOWN	273	A	0.990336608149	G	0.00362377194395	12298	43	45	32	12418	94053
UNKNOWN	274	C	0.984458044774	A	0.0079722982767	99	12225	28	66	12418	94053
UNKNOWN	275	A	0.971895635368	G	0.0151393138992	12069	75	188	86	12418	94053
UNKNOWN	276	T	0.990175551619	A	0.00434852633274	54	25	43	12296	12418	94053
UNKNOWN	277	A	0.991464003865	C	0.00483169592527	12312	60	23	23	12418	94053
UNKNOWN	278	C	0.961104847802	T	0.0355129650507	34	11935	8	441	12418	94053
UNKNOWN	279	T	0.984458044774	C	0.00579803511032	58	72	63	12225	12418	94053
UNKNOWN	280	A	0.978337896602	C	0.0104686745048	12149	130	45	94	12418	94053
UNKNOWN	281	C	0.973103559349	T	0.0235947817684	25	12084	16	293	12418	94053
UNKNOWN	282	T	0.989933966822	G	0.00708648735706	20	17	88	12293	12418	94053
