Type	Position	Nucl1	Freq1	Nucl2	Freq2	NumAs	NumCs	NumGs	NumTs	NumAligned	NumNaive
UNKNOWN	0	C	1.0	A	0.0	0	1862	0	0	1862	94053
UNKNOWN	1	A	1.0	C	0.0	1862	0	0	0	1862	94053
UNKNOWN	2	G	1.0	A	0.0	0	0	1862	0	1862	94053
UNKNOWN	3	G	1.0	A	0.0	0	0	1862	0	1862	94053
UNKNOWN	4	T	1.0	A	0.0	0	0	0	1862	1862	94053
UNKNOWN	5	G	1.0	A	0.0	0	0	1862	0	1862	94053
UNKNOWN	6	C	1.0	A	0.0	0	1862	0	0	1862	94053
UNKNOWN	7	A	0.998925886144	T	0.000537056928034	1860	0	1	1	1862	94053
UNKNOWN	8	G	0.990870032223	A	0.00859291084855	16	1	1845	0	1862	94053
UNKNOWN	9	C	0.991944146079	T	0.00483351235231	4	1847	2	9	1862	94053
UNKNOWN	10	T	0.997851772288	C	0.00214822771214	0	4	0	1858	1862	94053
UNKNOWN	11	G	1.0	A	0.0	0	0	1862	0	1862	94053
UNKNOWN	12	C	0.998388829216	T	0.00107411385607	1	1859	0	2	1862	94053
UNKNOWN	13	G	0.999462943072	A	0.000537056928034	1	0	1861	0	1862	94053
UNKNOWN	14	G	0.927497314715	C	0.0682062298604	8	127	1727	0	1862	94053
UNKNOWN	15	G	1.0	A	0.0	0	0	1862	0	1862	94053
UNKNOWN	16	A	0.99731471536	G	0.00268528464017	1857	0	5	0	1862	94053
UNKNOWN	17	G	0.995703544576	A	0.00429645542427	8	0	1854	0	1862	94053
UNKNOWN	18	T	0.997851772288	A	0.0016111707841	3	0	1	1858	1862	94053
UNKNOWN	19	C	0.998388829216	T	0.00107411385607	1	1859	0	2	1862	94053
UNKNOWN	20	G	0.999462943072	A	0.000537056928034	1	0	1861	0	1862	94053
UNKNOWN	21	G	0.998925886144	A	0.000537056928034	1	1	1860	0	1862	94053
UNKNOWN	22	G	1.0	A	0.0	0	0	1862	0	1862	94053
UNKNOWN	23	C	0.999462943072	T	0.000537056928034	0	1861	0	1	1862	94053
UNKNOWN	24	C	0.999462943072	T	0.000537056928034	0	1861	0	1	1862	94053
UNKNOWN	25	C	0.998925886144	A	0.000537056928034	1	1860	0	1	1862	94053
UNKNOWN	26	C	0.998925886144	A	0.00107411385607	2	1860	0	0	1862	94053
UNKNOWN	27	A	0.997851772288	G	0.00214822771214	1858	0	4	0	1862	94053
UNKNOWN	28	G	0.99731471536	C	0.0016111707841	2	3	1857	0	1862	94053
UNKNOWN	29	C	0.995703544576	T	0.00375939849624	0	1854	1	7	1862	94053
UNKNOWN	30	C	0.998925886144	T	0.00107411385607	0	1860	0	2	1862	94053
UNKNOWN	31	T	0.99731471536	A	0.00107411385607	2	1	2	1857	1862	94053
UNKNOWN	32	G	0.989795918367	A	0.00912996777658	17	1	1843	1	1862	94053
UNKNOWN	33	G	0.998388829216	T	0.00107411385607	1	0	1859	2	1862	94053
UNKNOWN	34	T	0.996240601504	G	0.00214822771214	0	3	4	1855	1862	94053
UNKNOWN	35	G	0.99731471536	A	0.0016111707841	3	1	1857	1	1862	94053
UNKNOWN	36	A	0.997851772288	G	0.0016111707841	1858	1	3	0	1862	94053
UNKNOWN	37	A	0.997851772288	G	0.00214822771214	1858	0	4	0	1862	94053
UNKNOWN	38	G	0.997851772288	C	0.00107411385607	1	2	1858	1	1862	94053
UNKNOWN	39	C	0.998388829216	T	0.0016111707841	0	1859	0	3	1862	94053
UNKNOWN	40	C	0.998925886144	T	0.000537056928034	0	1860	1	1	1862	94053
UNKNOWN	41	C	0.991944146079	G	0.00537056928034	0	1847	10	5	1862	94053
UNKNOWN	42	T	0.996777658432	C	0.00268528464017	1	5	0	1856	1862	94053
UNKNOWN	43	C	0.998388829216	A	0.00107411385607	2	1859	0	1	1862	94053
UNKNOWN	44	A	0.99731471536	C	0.0016111707841	1857	3	1	1	1862	94053
UNKNOWN	45	C	0.997851772288	A	0.00107411385607	2	1858	1	1	1862	94053
UNKNOWN	46	A	0.99731471536	G	0.0016111707841	1857	2	3	0	1862	94053
UNKNOWN	47	G	0.996777658432	A	0.00268528464017	5	1	1856	0	1862	94053
UNKNOWN	48	A	0.996240601504	G	0.00268528464017	1855	2	5	0	1862	94053
UNKNOWN	49	C	0.998388829216	A	0.00107411385607	2	1859	0	1	1862	94053
UNKNOWN	50	C	0.998388829216	G	0.00107411385607	0	1859	2	1	1862	94053
UNKNOWN	51	C	0.99731471536	T	0.00214822771214	0	1857	1	4	1862	94053
UNKNOWN	52	T	0.99462943072	C	0.00537056928034	0	10	0	1852	1862	94053
UNKNOWN	53	C	0.996777658432	G	0.00214822771214	0	1856	4	2	1862	94053
UNKNOWN	54	T	0.994092373792	C	0.00483351235231	0	9	2	1851	1862	94053
UNKNOWN	55	C	0.99731471536	G	0.00214822771214	0	1857	4	1	1862	94053
UNKNOWN	56	C	0.99462943072	G	0.00483351235231	0	1852	9	1	1862	94053
UNKNOWN	57	C	0.995703544576	T	0.00322234156821	1	1854	1	6	1862	94053
UNKNOWN	58	T	0.993018259936	C	0.00590762620838	1	11	1	1849	1862	94053
UNKNOWN	59	C	0.99731471536	A	0.00268528464017	5	1857	0	0	1862	94053
UNKNOWN	60	A	0.990870032223	G	0.00375939849624	1845	5	7	5	1862	94053
UNKNOWN	61	C	0.996240601504	G	0.00268528464017	1	1855	5	1	1862	94053
UNKNOWN	62	C	0.997851772288	T	0.00214822771214	0	1858	0	4	1862	94053
UNKNOWN	63	T	0.993018259936	G	0.00375939849624	0	6	7	1849	1862	94053
UNKNOWN	64	G	0.99731471536	C	0.00268528464017	0	5	1857	0	1862	94053
UNKNOWN	65	C	0.998388829216	A	0.00107411385607	2	1859	0	1	1862	94053
UNKNOWN	66	A	0.993018259936	C	0.00429645542427	1849	8	5	0	1862	94053
UNKNOWN	67	C	0.99731471536	G	0.0016111707841	0	1857	3	2	1862	94053
UNKNOWN	68	G	0.996240601504	A	0.00375939849624	7	0	1855	0	1862	94053
UNKNOWN	69	G	0.990332975295	A	0.00644468313641	12	0	1844	6	1862	94053
UNKNOWN	70	T	0.991944146079	C	0.00698174006445	0	13	2	1847	1862	94053
UNKNOWN	71	C	0.993018259936	G	0.00429645542427	1	1849	8	4	1862	94053
UNKNOWN	72	T	0.995703544576	C	0.00322234156821	0	6	2	1854	1862	94053
UNKNOWN	73	C	0.998388829216	T	0.0016111707841	0	1859	0	3	1862	94053
UNKNOWN	74	T	0.987110633727	G	0.00859291084855	1	7	16	1838	1862	94053
UNKNOWN	75	G	0.996777658432	A	0.00268528464017	5	0	1856	1	1862	94053
UNKNOWN	76	G	0.996240601504	A	0.00375939849624	7	0	1855	0	1862	94053
UNKNOWN	77	A	0.996777658432	T	0.00214822771214	1856	1	1	4	1862	94053
UNKNOWN	78	T	0.995703544576	C	0.00268528464017	1	5	2	1854	1862	94053
UNKNOWN	79	T	0.996240601504	C	0.00268528464017	2	5	0	1855	1862	94053
UNKNOWN	80	C	0.992481203008	T	0.00483351235231	4	1848	1	9	1862	94053
UNKNOWN	81	T	0.995703544576	C	0.00429645542427	0	8	0	1854	1862	94053
UNKNOWN	82	C	0.984425349087	T	0.0128893662728	5	1833	0	24	1862	94053
UNKNOWN	83	A	0.992481203008	T	0.00429645542427	1848	2	4	8	1862	94053
UNKNOWN	84	T	0.981203007519	C	0.0177228786251	0	33	2	1827	1862	94053
UNKNOWN	85	T	0.993555316864	G	0.00644468313641	0	0	12	1850	1862	94053
UNKNOWN	86	G	0.980128893663	A	0.0171858216971	32	0	1825	5	1862	94053
UNKNOWN	87	A	0.991407089151	G	0.00698174006445	1846	3	13	0	1862	94053
UNKNOWN	88	G	0.974221267454	A	0.0128893662728	24	24	1814	0	1862	94053
UNKNOWN	89	C	0.947905477981	A	0.0290010741139	54	1765	4	39	1862	94053
UNKNOWN	90	A	0.982814178303	G	0.016111707841	1830	2	30	0	1862	94053
UNKNOWN	91	G	0.954350161117	A	0.0327604726101	61	14	1777	10	1862	94053
UNKNOWN	92	C	0.962406015038	T	0.0220193340494	18	1792	11	41	1862	94053
UNKNOWN	93	A	0.561761546724	T	0.395273899033	1046	23	57	736	1862	94053
UNKNOWN	94	A	0.946831364125	T	0.0241675617615	1763	10	44	45	1862	94053
UNKNOWN	95	T	0.976906552095	G	0.0134264232009	0	18	25	1819	1862	94053
UNKNOWN	96	G	0.869495166488	A	0.116541353383	217	14	1619	12	1862	94053
UNKNOWN	97	G	0.496240601504	C	0.379162191192	132	706	924	100	1862	94053
UNKNOWN	98	T	0.987647690655	C	0.00537056928034	4	10	9	1839	1862	94053
UNKNOWN	99	G	0.973684210526	A	0.0214822771214	40	2	1813	7	1862	94053
UNKNOWN	100	T	0.996240601504	A	0.0016111707841	3	2	2	1855	1862	94053
UNKNOWN	101	A	0.716970998926	G	0.275510204082	1335	10	513	4	1862	94053
UNKNOWN	102	G	0.90171858217	A	0.0870032223416	162	11	1679	10	1862	94053
UNKNOWN	103	G	0.900644468314	A	0.0585392051557	109	49	1677	27	1862	94053
UNKNOWN	104	C	0.985499462943	T	0.00859291084855	2	1835	9	16	1862	94053
UNKNOWN	105	T	0.995166487648	G	0.00375939849624	0	2	7	1853	1862	94053
UNKNOWN	106	G	0.997851772288	T	0.0016111707841	1	0	1858	3	1862	94053
UNKNOWN	107	G	0.997851772288	A	0.00107411385607	2	2	1858	0	1862	94053
UNKNOWN	108	G	0.973147153598	C	0.0145005370569	18	27	1812	5	1862	94053
UNKNOWN	109	T	0.993018259936	C	0.00590762620838	0	11	2	1849	1862	94053
UNKNOWN	110	C	0.998388829216	G	0.0016111707841	0	1859	3	0	1862	94053
UNKNOWN	111	C	0.996777658432	G	0.00268528464017	0	1856	5	1	1862	94053
UNKNOWN	112	G	0.996777658432	C	0.00214822771214	2	4	1856	0	1862	94053
UNKNOWN	113	C	0.996240601504	G	0.0016111707841	2	1855	3	2	1862	94053
UNKNOWN	114	C	0.996777658432	A	0.00214822771214	4	1856	2	0	1862	94053
UNKNOWN	115	A	0.993555316864	G	0.00483351235231	1850	2	9	1	1862	94053
UNKNOWN	116	G	0.998925886144	T	0.00107411385607	0	0	1860	2	1862	94053
UNKNOWN	117	G	0.992481203008	C	0.00322234156821	5	6	1848	3	1862	94053
UNKNOWN	118	C	0.995703544576	T	0.00268528464017	1	1854	2	5	1862	94053
UNKNOWN	119	T	0.993018259936	C	0.00483351235231	2	9	2	1849	1862	94053
UNKNOWN	120	C	0.99731471536	T	0.00107411385607	1	1857	2	2	1862	94053
UNKNOWN	121	C	0.996240601504	A	0.00214822771214	4	1855	2	1	1862	94053
UNKNOWN	122	A	0.987110633727	G	0.0112781954887	1838	1	21	2	1862	94053
UNKNOWN	123	G	0.996777658432	A	0.00214822771214	4	0	1856	2	1862	94053
UNKNOWN	124	G	0.99731471536	A	0.00268528464017	5	0	1857	0	1862	94053
UNKNOWN	125	G	0.987110633727	A	0.0123523093448	23	1	1838	0	1862	94053
UNKNOWN	126	A	0.988184747583	G	0.0118152524168	1840	0	22	0	1862	94053
UNKNOWN	127	A	0.989795918367	G	0.00805585392052	1843	4	15	0	1862	94053
UNKNOWN	128	G	1.0	A	0.0	0	0	1862	0	1862	94053
UNKNOWN	129	G	0.993555316864	C	0.00375939849624	5	7	1850	0	1862	94053
UNKNOWN	130	C	0.995703544576	G	0.00268528464017	0	1854	5	3	1862	94053
UNKNOWN	131	G	0.992481203008	A	0.00483351235231	9	5	1848	0	1862	94053
UNKNOWN	132	C	0.993555316864	T	0.00429645542427	1	1850	3	8	1862	94053
UNKNOWN	133	T	0.991407089151	C	0.00375939849624	3	7	6	1846	1862	94053
UNKNOWN	134	G	0.991944146079	A	0.00751879699248	14	0	1847	1	1862	94053
UNKNOWN	135	G	0.995166487648	A	0.00268528464017	5	2	1853	2	1862	94053
UNKNOWN	136	A	0.995703544576	G	0.00375939849624	1854	1	7	0	1862	94053
UNKNOWN	137	G	0.973684210526	A	0.0198711063373	37	6	1813	6	1862	94053
UNKNOWN	138	T	0.995166487648	G	0.00375939849624	0	2	7	1853	1862	94053
UNKNOWN	139	G	0.996777658432	T	0.00214822771214	2	0	1856	4	1862	94053
UNKNOWN	140	G	0.983888292159	T	0.0112781954887	1	8	1832	21	1862	94053
UNKNOWN	141	G	0.939312567132	A	0.0375939849624	70	37	1749	6	1862	94053
UNKNOWN	142	T	0.997851772288	C	0.00107411385607	0	2	2	1858	1862	94053
UNKNOWN	143	T	0.981740064447	G	0.0112781954887	4	9	21	1828	1862	94053
UNKNOWN	144	G	0.993555316864	A	0.00590762620838	11	0	1850	1	1862	94053
UNKNOWN	145	G	0.993018259936	C	0.00483351235231	0	9	1849	4	1862	94053
UNKNOWN	146	T	0.979591836735	C	0.00966702470462	12	18	8	1824	1862	94053
UNKNOWN	147	G	0.848012889366	A	0.119763694952	223	39	1579	21	1862	94053
UNKNOWN	148	G	0.835660580021	A	0.122448979592	228	51	1556	27	1862	94053
UNKNOWN	149	T	0.963480128894	C	0.0214822771214	16	40	12	1794	1862	94053
UNKNOWN	150	A	0.925886143931	G	0.0671321160043	1724	6	125	7	1862	94053
UNKNOWN	151	T	0.986036519871	C	0.00751879699248	8	14	4	1836	1862	94053
UNKNOWN	152	A	0.967776584318	G	0.015574650913	1802	8	29	23	1862	94053
UNKNOWN	153	G	0.875939849624	A	0.0832438238453	155	34	1631	42	1862	94053
UNKNOWN	154	A	0.923737916219	G	0.0655209452202	1720	11	122	9	1862	94053
UNKNOWN	155	T	0.896885069817	C	0.0445757250269	44	83	65	1670	1862	94053
UNKNOWN	156	A	0.752416756176	G	0.180988184748	1401	20	337	104	1862	94053
UNKNOWN	157	A	0.84425349087	G	0.0746509129968	1572	42	139	109	1862	94053
UNKNOWN	158	T	0.952201933405	G	0.0273899033298	24	14	51	1773	1862	94053
UNKNOWN	159	G	0.84962406015	A	0.108485499463	202	11	1582	67	1862	94053
UNKNOWN	160	A	0.926423200859	G	0.0424274973147	1725	37	79	21	1862	94053
UNKNOWN	161	T	0.979591836735	C	0.00966702470462	6	18	14	1824	1862	94053
UNKNOWN	162	G	0.996777658432	A	0.00214822771214	4	2	1856	0	1862	94053
UNKNOWN	163	G	0.973147153598	A	0.0198711063373	37	12	1812	1	1862	94053
UNKNOWN	164	A	0.961331901182	G	0.0257787325456	1790	20	48	4	1862	94053
UNKNOWN	165	G	0.890440386681	A	0.0848549946294	158	13	1658	33	1862	94053
UNKNOWN	166	A	0.952738990333	G	0.0263157894737	1774	28	49	11	1862	94053
UNKNOWN	167	C	0.935553168636	T	0.031686358754	28	1742	33	59	1862	94053
UNKNOWN	168	A	0.979591836735	G	0.00805585392052	1824	14	15	9	1862	94053
UNKNOWN	169	C	0.96186895811	T	0.0171858216971	18	1791	21	32	1862	94053
UNKNOWN	170	A	0.981740064447	G	0.00805585392052	1828	10	15	9	1862	94053
UNKNOWN	171	T	0.915145005371	G	0.0354457572503	29	63	66	1704	1862	94053
UNKNOWN	172	A	0.938775510204	G	0.0279269602578	1748	26	52	36	1862	94053
UNKNOWN	173	C	0.963480128894	T	0.0247046186896	0	1794	22	46	1862	94053
UNKNOWN	174	T	0.982277121375	C	0.00859291084855	12	16	5	1829	1862	94053
UNKNOWN	175	A	0.983351235231	T	0.00698174006445	1831	11	7	13	1862	94053
UNKNOWN	176	T	0.981203007519	C	0.0145005370569	5	27	3	1827	1862	94053
UNKNOWN	177	A	0.988184747583	G	0.00644468313641	1840	10	12	0	1862	94053
UNKNOWN	178	A	0.977443609023	G	0.0171858216971	1820	9	32	1	1862	94053
UNKNOWN	179	C	0.903329752954	T	0.0837808807734	4	1682	20	156	1862	94053
UNKNOWN	180	C	0.975832438238	T	0.0102040816327	11	1817	15	19	1862	94053
UNKNOWN	181	C	0.981740064447	T	0.0107411385607	12	1828	2	20	1862	94053
UNKNOWN	182	A	0.990870032223	G	0.00590762620838	1845	6	11	0	1862	94053
UNKNOWN	183	G	0.978517722879	A	0.0145005370569	27	8	1822	5	1862	94053
UNKNOWN	184	C	0.980665950591	A	0.00805585392052	15	1826	7	14	1862	94053
UNKNOWN	185	C	0.997851772288	G	0.0016111707841	0	1858	3	1	1862	94053
UNKNOWN	186	C	0.991944146079	T	0.00644468313641	2	1847	1	12	1862	94053
UNKNOWN	187	T	0.994092373792	G	0.00375939849624	3	1	7	1851	1862	94053
UNKNOWN	188	G	0.978517722879	A	0.015037593985	28	8	1822	4	1862	94053
UNKNOWN	189	A	0.990870032223	G	0.00429645542427	1845	7	8	2	1862	94053
UNKNOWN	190	A	0.993555316864	G	0.00268528464017	1850	4	5	3	1862	94053
UNKNOWN	191	A	0.983888292159	G	0.0102040816327	1832	3	19	8	1862	94053
UNKNOWN	192	T	0.990332975295	C	0.00805585392052	0	15	3	1844	1862	94053
UNKNOWN	193	C	0.99731471536	A	0.00107411385607	2	1857	2	1	1862	94053
UNKNOWN	194	C	0.996777658432	T	0.0016111707841	1	1856	2	3	1862	94053
UNKNOWN	195	C	0.99462943072	G	0.00429645542427	0	1852	8	2	1862	94053
UNKNOWN	196	G	0.996777658432	A	0.0016111707841	3	0	1856	3	1862	94053
UNKNOWN	197	G	0.925349087003	A	0.061761546724	115	17	1723	7	1862	94053
UNKNOWN	198	C	0.990870032223	T	0.00537056928034	3	1845	4	10	1862	94053
UNKNOWN	199	T	0.990332975295	C	0.00644468313641	2	12	4	1844	1862	94053
UNKNOWN	200	C	0.994092373792	A	0.00483351235231	9	1851	1	1	1862	94053
UNKNOWN	201	A	0.988721804511	G	0.0102040816327	1841	2	19	0	1862	94053
UNKNOWN	202	G	0.977443609023	T	0.00912996777658	9	16	1820	17	1862	94053
UNKNOWN	203	C	0.962943071966	T	0.0204081632653	21	1793	10	38	1862	94053
UNKNOWN	204	A	0.983351235231	G	0.00966702470462	1831	4	18	9	1862	94053
UNKNOWN	205	T	0.990332975295	C	0.00698174006445	2	13	3	1844	1862	94053
UNKNOWN	206	C	0.989258861439	A	0.00483351235231	9	1842	3	8	1862	94053
UNKNOWN	207	A	0.984962406015	G	0.0107411385607	1834	7	20	1	1862	94053
UNKNOWN	208	C	0.991944146079	T	0.00375939849624	6	1847	2	7	1862	94053
UNKNOWN	209	C	0.97261009667	T	0.015574650913	13	1811	9	29	1862	94053
UNKNOWN	210	A	0.994092373792	C	0.00322234156821	1851	6	5	0	1862	94053
UNKNOWN	211	A	0.982814178303	G	0.0145005370569	1830	4	27	1	1862	94053
UNKNOWN	212	G	0.991407089151	A	0.00537056928034	10	5	1846	1	1862	94053
UNKNOWN	213	G	0.980128893663	A	0.0193340494092	36	0	1825	1	1862	94053
UNKNOWN	214	A	0.991407089151	C	0.00483351235231	1846	9	5	2	1862	94053
UNKNOWN	215	C	0.991407089151	A	0.00429645542427	8	1846	3	5	1862	94053
UNKNOWN	216	A	0.988721804511	G	0.00859291084855	1841	2	16	3	1862	94053
UNKNOWN	217	A	0.979591836735	G	0.0102040816327	1824	17	19	2	1862	94053
UNKNOWN	218	C	0.974221267454	T	0.0225563909774	0	1814	6	42	1862	94053
UNKNOWN	219	T	0.987110633727	C	0.00698174006445	7	13	4	1838	1862	94053
UNKNOWN	220	C	0.993555316864	T	0.00322234156821	4	1850	2	6	1862	94053
UNKNOWN	221	C	0.988721804511	A	0.00590762620838	11	1841	3	7	1862	94053
UNKNOWN	222	A	0.993018259936	G	0.00375939849624	1849	6	7	0	1862	94053
UNKNOWN	223	A	0.983888292159	G	0.015037593985	1832	1	28	1	1862	94053
UNKNOWN	224	G	0.987647690655	A	0.00698174006445	13	10	1839	0	1862	94053
UNKNOWN	225	A	0.989258861439	G	0.00966702470462	1842	2	18	0	1862	94053
UNKNOWN	226	G	0.94522019334	A	0.0386680988185	72	28	1760	2	1862	94053
UNKNOWN	227	C	0.973147153598	T	0.0230934479055	6	1812	1	43	1862	94053
UNKNOWN	228	C	0.981740064447	G	0.0118152524168	12	1828	22	0	1862	94053
UNKNOWN	229	A	0.99731471536	T	0.0016111707841	1857	1	1	3	1862	94053
UNKNOWN	230	A	0.983351235231	G	0.015574650913	1831	2	29	0	1862	94053
UNKNOWN	231	G	0.981203007519	T	0.00751879699248	11	10	1827	14	1862	94053
UNKNOWN	232	T	0.993555316864	C	0.00590762620838	0	11	1	1850	1862	94053
UNKNOWN	233	C	0.977980665951	T	0.0145005370569	2	1821	12	27	1862	94053
UNKNOWN	234	T	0.989258861439	C	0.00698174006445	1	13	6	1842	1862	94053
UNKNOWN	235	C	0.988184747583	T	0.00859291084855	6	1840	0	16	1862	94053
UNKNOWN	236	T	0.984962406015	C	0.00805585392052	2	15	11	1834	1862	94053
UNKNOWN	237	C	0.981203007519	T	0.0166487647691	3	1827	1	31	1862	94053
UNKNOWN	238	T	0.990870032223	G	0.00483351235231	1	7	9	1845	1862	94053
UNKNOWN	239	G	0.943071965628	A	0.0365198711063	68	8	1756	30	1862	94053
UNKNOWN	240	T	0.985499462943	C	0.00698174006445	5	13	9	1835	1862	94053
UNKNOWN	241	C	0.987647690655	T	0.00698174006445	8	1839	2	13	1862	94053
UNKNOWN	242	A	0.977443609023	G	0.015574650913	1820	11	29	2	1862	94053
UNKNOWN	243	G	0.893125671321	C	0.0751879699248	44	140	1663	15	1862	94053
UNKNOWN	244	T	0.990332975295	G	0.00644468313641	1	5	12	1844	1862	94053
UNKNOWN	245	G	0.973147153598	A	0.0209452201933	39	7	1812	4	1862	94053
UNKNOWN	246	A	0.979054779807	G	0.0166487647691	1823	7	31	1	1862	94053
UNKNOWN	247	G	0.9425349087	A	0.0338345864662	63	27	1755	17	1862	94053
UNKNOWN	248	C	0.96186895811	T	0.0252416756176	17	1791	7	47	1862	94053
UNKNOWN	249	A	0.986573576799	G	0.0118152524168	1837	3	22	0	1862	94053
UNKNOWN	250	G	0.978517722879	C	0.0107411385607	17	20	1822	3	1862	94053
UNKNOWN	251	C	0.985499462943	G	0.00859291084855	2	1835	16	9	1862	94053
UNKNOWN	252	G	0.986573576799	A	0.00805585392052	15	2	1837	8	1862	94053
UNKNOWN	253	T	0.986573576799	C	0.00859291084855	0	16	9	1837	1862	94053
UNKNOWN	254	G	0.962406015038	A	0.030612244898	57	9	1792	4	1862	94053
UNKNOWN	255	A	0.983888292159	G	0.0102040816327	1832	10	19	1	1862	94053
UNKNOWN	256	C	0.987110633727	T	0.00644468313641	9	1838	3	12	1862	94053
UNKNOWN	257	A	0.970461868958	G	0.015037593985	1807	11	28	16	1862	94053
UNKNOWN	258	C	0.901181525242	A	0.0837808807734	156	1678	18	10	1862	94053
UNKNOWN	259	C	0.986036519871	T	0.00966702470462	3	1836	5	18	1862	94053
UNKNOWN	260	T	0.96992481203	C	0.0171858216971	4	32	20	1806	1862	94053
UNKNOWN	261	G	0.988184747583	A	0.00859291084855	16	1	1840	5	1862	94053
UNKNOWN	262	A	0.983888292159	G	0.0102040816327	1832	9	19	2	1862	94053
UNKNOWN	263	G	0.962406015038	A	0.0236305048335	44	22	1792	4	1862	94053
UNKNOWN	264	G	0.987110633727	A	0.0107411385607	20	1	1838	3	1862	94053
UNKNOWN	265	A	0.987647690655	C	0.00859291084855	1839	16	5	2	1862	94053
UNKNOWN	266	C	0.972073039742	A	0.0107411385607	20	1810	14	18	1862	94053
UNKNOWN	267	A	0.965091299678	T	0.0171858216971	1797	15	18	32	1862	94053
UNKNOWN	268	C	0.990870032223	G	0.00483351235231	6	1845	9	2	1862	94053
UNKNOWN	269	G	0.744360902256	A	0.249194414608	464	7	1386	5	1862	94053
UNKNOWN	270	G	0.988721804511	A	0.00537056928034	10	8	1841	3	1862	94053
UNKNOWN	271	C	0.987110633727	G	0.00859291084855	8	1838	16	0	1862	94053
UNKNOWN	272	C	0.987647690655	A	0.00859291084855	16	1839	2	5	1862	94053
UNKNOWN	273	A	0.97261009667	T	0.0118152524168	1811	13	16	22	1862	94053
UNKNOWN	274	C	0.977980665951	A	0.0112781954887	21	1821	9	11	1862	94053
UNKNOWN	275	A	0.838345864662	G	0.139097744361	1561	8	259	34	1862	94053
UNKNOWN	276	T	0.988721804511	A	0.00698174006445	13	2	6	1841	1862	94053
UNKNOWN	277	A	0.990870032223	C	0.00590762620838	1845	11	3	3	1862	94053
UNKNOWN	278	C	0.960794844253	T	0.0381310418904	1	1789	1	71	1862	94053
UNKNOWN	279	T	0.980128893663	C	0.00912996777658	11	17	9	1825	1862	94053
UNKNOWN	280	A	0.975832438238	T	0.0112781954887	1817	16	8	21	1862	94053
UNKNOWN	281	C	0.952201933405	T	0.0451127819549	5	1773	0	84	1862	94053
UNKNOWN	282	T	0.988184747583	G	0.00966702470462	2	2	18	1840	1862	94053
