Type	Position	Nucl1	Freq1	Nucl2	Freq2	NumAs	NumCs	NumGs	NumTs	NumAligned	NumNaive
UNKNOWN	0	C	1.0	A	0.0	0	18917	0	0	18917	94053
UNKNOWN	1	A	1.0	C	0.0	18917	0	0	0	18917	94053
UNKNOWN	2	G	1.0	A	0.0	0	0	18917	0	18917	94053
UNKNOWN	3	G	1.0	A	0.0	0	0	18917	0	18917	94053
UNKNOWN	4	T	1.0	A	0.0	0	0	0	18917	18917	94053
UNKNOWN	5	G	1.0	A	0.0	0	0	18917	0	18917	94053
UNKNOWN	6	C	1.0	A	0.0	0	18917	0	0	18917	94053
UNKNOWN	7	A	0.997462599778	G	0.00211450018502	18869	2	40	6	18917	94053
UNKNOWN	8	G	0.990326161654	A	0.00740075064757	140	34	18734	9	18917	94053
UNKNOWN	9	C	0.996141037162	T	0.00216736268964	5	18844	27	41	18917	94053
UNKNOWN	10	T	0.998837024898	C	0.00105725009251	1	20	1	18895	18917	94053
UNKNOWN	11	G	0.997409737273	A	0.00237881270815	45	1	18868	3	18917	94053
UNKNOWN	12	C	0.99862557488	T	0.00111011259713	4	18891	1	21	18917	94053
UNKNOWN	13	G	0.998414124861	A	0.00142728762489	27	2	18887	1	18917	94053
UNKNOWN	14	G	0.935877781889	C	0.0619019929164	36	1171	17704	6	18917	94053
UNKNOWN	15	G	0.999048474917	C	0.000475762541629	8	9	18899	1	18917	94053
UNKNOWN	16	A	0.997304012264	G	0.00190305016652	18866	9	36	6	18917	94053
UNKNOWN	17	G	0.996035312153	A	0.00354178780991	67	5	18842	3	18917	94053
UNKNOWN	18	T	0.997092562246	C	0.00153301263414	8	29	18	18862	18917	94053
UNKNOWN	19	C	0.998572712375	T	0.000634350055506	10	18890	5	12	18917	94053
UNKNOWN	20	G	0.998308399852	A	0.00132156261564	25	6	18885	1	18917	94053
UNKNOWN	21	G	0.999154199926	A	0.000370037532378	7	5	18901	4	18917	94053
UNKNOWN	22	G	0.999524237458	A	0.000264312523127	5	2	18908	2	18917	94053
UNKNOWN	23	C	0.99931278744	T	0.000475762541629	2	18904	2	9	18917	94053
UNKNOWN	24	C	0.999365649944	T	0.000422900037004	2	18905	2	8	18917	94053
UNKNOWN	25	C	0.999365649944	T	0.000528625046255	2	18905	0	10	18917	94053
UNKNOWN	26	C	0.99862557488	A	0.00100438758788	19	18891	0	7	18917	94053
UNKNOWN	27	A	0.997198287255	G	0.00253740022202	18864	5	48	0	18917	94053
UNKNOWN	28	G	0.989427499075	A	0.00835227573082	158	34	18717	8	18917	94053
UNKNOWN	29	C	0.997515462283	T	0.00216736268964	2	18870	4	41	18917	94053
UNKNOWN	30	C	0.998308399852	T	0.00137442512026	2	18885	4	26	18917	94053
UNKNOWN	31	T	0.996511074695	C	0.00179732515727	4	34	28	18851	18917	94053
UNKNOWN	32	G	0.994608024528	A	0.00317175027753	60	29	18815	13	18917	94053
UNKNOWN	33	G	0.997304012264	A	0.00121583760639	23	12	18866	16	18917	94053
UNKNOWN	34	T	0.99645821219	C	0.00211450018502	4	40	23	18850	18917	94053
UNKNOWN	35	G	0.995506687107	A	0.00401755035154	76	7	18832	2	18917	94053
UNKNOWN	36	A	0.99714542475	G	0.00169160014802	18863	18	32	4	18917	94053
UNKNOWN	37	A	0.993339324417	G	0.00592060051805	18791	11	112	3	18917	94053
UNKNOWN	38	G	0.996352487181	A	0.0026959877359	51	18	18848	0	18917	94053
UNKNOWN	39	C	0.992652111857	T	0.0056034254903	20	18778	13	106	18917	94053
UNKNOWN	40	C	0.999629962468	A	0.000211450018502	4	18910	1	2	18917	94053
UNKNOWN	41	C	0.994608024528	G	0.00364751281916	5	18815	69	28	18917	94053
UNKNOWN	42	T	0.995929587144	C	0.0033303377914	6	63	8	18840	18917	94053
UNKNOWN	43	C	0.998414124861	A	0.00111011259713	21	18887	1	8	18917	94053
UNKNOWN	44	A	0.994978062061	G	0.0026959877359	18822	39	51	5	18917	94053
UNKNOWN	45	C	0.997568324787	A	0.00116297510176	22	18871	19	5	18917	94053
UNKNOWN	46	A	0.997409737273	G	0.00185018766189	18868	13	35	1	18917	94053
UNKNOWN	47	G	0.996299624676	A	0.00327747528678	62	3	18847	5	18917	94053
UNKNOWN	48	A	0.996563937199	G	0.00163873764339	18852	29	31	5	18917	94053
UNKNOWN	49	C	0.99783263731	G	0.00105725009251	5	18876	20	16	18917	94053
UNKNOWN	50	C	0.998414124861	T	0.000792937569382	9	18887	6	15	18917	94053
UNKNOWN	51	C	0.997515462283	T	0.00158587513876	8	18870	9	30	18917	94053
UNKNOWN	52	T	0.995400962098	C	0.00375323782841	11	71	5	18830	18917	94053
UNKNOWN	53	C	0.995718137125	G	0.00243167521277	9	18836	46	26	18917	94053
UNKNOWN	54	T	0.995929587144	C	0.0026959877359	13	51	13	18840	18917	94053
UNKNOWN	55	C	0.998572712375	T	0.000898662578633	10	18890	0	17	18917	94053
UNKNOWN	56	C	0.995506687107	T	0.00195591267114	14	18832	34	37	18917	94053
UNKNOWN	57	C	0.995559549611	T	0.00200877517577	11	18833	35	38	18917	94053
UNKNOWN	58	T	0.995929587144	C	0.00370037532378	5	70	2	18840	18917	94053
UNKNOWN	59	C	0.998149812338	A	0.00126870011101	24	18882	2	9	18917	94053
UNKNOWN	60	A	0.996405349685	C	0.00169160014802	18849	32	32	4	18917	94053
UNKNOWN	61	C	0.997409737273	T	0.00158587513876	9	18868	10	30	18917	94053
UNKNOWN	62	C	0.994978062061	T	0.00322461278215	8	18822	26	61	18917	94053
UNKNOWN	63	T	0.996933974732	C	0.00142728762489	6	27	25	18859	18917	94053
UNKNOWN	64	G	0.998466987366	C	0.00121583760639	5	23	18888	1	18917	94053
UNKNOWN	65	C	0.996246762172	T	0.00259026272665	21	18846	1	49	18917	94053
UNKNOWN	66	A	0.993550774436	G	0.00407041285616	18795	37	77	8	18917	94053
UNKNOWN	67	C	0.992810699371	T	0.00570915049955	4	18781	24	108	18917	94053
UNKNOWN	68	G	0.989004599038	A	0.00993815086959	188	16	18709	4	18917	94053
UNKNOWN	69	G	0.615848178887	A	0.379341333192	7176	38	11650	53	18917	94053
UNKNOWN	70	T	0.99006184913	C	0.00866945075858	4	164	20	18729	18917	94053
UNKNOWN	71	C	0.982238198446	T	0.00792937569382	76	18581	110	150	18917	94053
UNKNOWN	72	T	0.995929587144	C	0.00306602526828	3	58	16	18840	18917	94053
UNKNOWN	73	C	0.998044087329	T	0.00132156261564	9	18880	3	25	18917	94053
UNKNOWN	74	T	0.991859174288	C	0.0031188877729	37	59	58	18763	18917	94053
UNKNOWN	75	G	0.995876724639	A	0.00343606280066	65	5	18839	8	18917	94053
UNKNOWN	76	G	0.996141037162	A	0.0033303377914	63	6	18844	4	18917	94053
UNKNOWN	77	A	0.991383411746	G	0.00359465031453	18754	60	68	35	18917	94053
UNKNOWN	78	T	0.991912036792	C	0.00491621293017	3	93	57	18764	18917	94053
UNKNOWN	79	T	0.996405349685	C	0.00317175027753	2	60	6	18849	18917	94053
UNKNOWN	80	C	0.989638949093	T	0.00861658825395	15	18721	18	163	18917	94053
UNKNOWN	81	T	0.992017761802	C	0.00629063805043	9	119	23	18766	18917	94053
UNKNOWN	82	C	0.995823862135	T	0.00232595020352	33	18838	2	44	18917	94053
UNKNOWN	83	A	0.992863561876	G	0.00301316276365	18782	38	57	40	18917	94053
UNKNOWN	84	T	0.994185124491	C	0.00422900037004	13	80	17	18807	18917	94053
UNKNOWN	85	T	0.997039699741	G	0.00179732515727	6	16	34	18861	18917	94053
UNKNOWN	86	G	0.979647935719	A	0.0160173389015	303	23	18532	59	18917	94053
UNKNOWN	87	A	0.986837236348	G	0.00930380081408	18668	58	176	15	18917	94053
UNKNOWN	88	G	0.949886345615	A	0.0283871649839	537	341	17969	70	18917	94053
UNKNOWN	89	C	0.95416820849	T	0.0293915525718	144	18050	167	556	18917	94053
UNKNOWN	90	A	0.973621610192	G	0.0203520642808	18418	93	385	21	18917	94053
UNKNOWN	91	G	0.82846117249	A	0.126341386055	2390	619	15672	236	18917	94053
UNKNOWN	92	C	0.944547232648	T	0.0420785536819	164	17868	89	796	18917	94053
UNKNOWN	93	T	0.971454247502	A	0.0143257387535	271	159	110	18377	18917	94053
UNKNOWN	94	A	0.970132684887	T	0.0131627636517	18352	163	153	249	18917	94053
UNKNOWN	95	T	0.988898874029	C	0.00586773801343	12	111	87	18707	18917	94053
UNKNOWN	96	G	0.90125284136	A	0.0724216313369	1370	230	17049	268	18917	94053
UNKNOWN	97	C	0.909657979595	G	0.0379024158165	621	17208	717	371	18917	94053
UNKNOWN	98	T	0.994079399482	C	0.00306602526828	19	58	35	18805	18917	94053
UNKNOWN	99	G	0.977004810488	A	0.0198234392346	375	8	18482	52	18917	94053
UNKNOWN	100	T	0.995506687107	C	0.00306602526828	21	58	6	18832	18917	94053
UNKNOWN	101	A	0.966115134535	G	0.0236824020722	18276	124	448	69	18917	94053
UNKNOWN	102	G	0.946926045356	A	0.0446688164085	845	106	17913	53	18917	94053
UNKNOWN	103	G	0.860760162817	A	0.0913464079928	1728	516	16283	390	18917	94053
UNKNOWN	104	C	0.983665486071	T	0.00903948829096	19	18608	119	171	18917	94053
UNKNOWN	105	T	0.996986837236	G	0.00169160014802	0	25	32	18860	18917	94053
UNKNOWN	106	G	0.999471374954	T	0.000317175027753	2	2	18907	6	18917	94053
UNKNOWN	107	G	0.999418512449	A	0.000370037532378	7	2	18906	2	18917	94053
UNKNOWN	108	G	0.98308399852	A	0.0130041761379	246	30	18597	44	18917	94053
UNKNOWN	109	T	0.996035312153	C	0.00370037532378	3	70	2	18842	18917	94053
UNKNOWN	110	C	0.994502299519	T	0.00433472537929	17	18813	5	82	18917	94053
UNKNOWN	111	C	0.997674049796	G	0.00142728762489	7	18873	27	10	18917	94053
UNKNOWN	112	G	0.995348099593	A	0.00285457524978	54	31	18829	3	18917	94053
UNKNOWN	113	C	0.997991224824	T	0.00137442512026	9	18879	3	26	18917	94053
UNKNOWN	114	C	0.997568324787	A	0.00169160014802	32	18871	6	8	18917	94053
UNKNOWN	115	A	0.992810699371	G	0.00671353808743	18781	5	127	4	18917	94053
UNKNOWN	116	G	0.997779774806	A	0.00148015012951	28	6	18875	8	18917	94053
UNKNOWN	117	G	0.987788761432	A	0.00824655072157	156	66	18686	9	18917	94053
UNKNOWN	118	C	0.995665274621	T	0.00327747528678	4	18835	16	62	18917	94053
UNKNOWN	119	T	0.995506687107	C	0.00359465031453	3	68	14	18832	18917	94053
UNKNOWN	120	C	0.997462599778	T	0.00121583760639	5	18869	20	23	18917	94053
UNKNOWN	121	C	0.997515462283	G	0.00174446265264	5	18870	33	9	18917	94053
UNKNOWN	122	G	0.986890098853	A	0.0123698260824	234	4	18669	10	18917	94053
UNKNOWN	123	G	0.998678437384	A	0.000792937569382	15	3	18892	7	18917	94053
UNKNOWN	124	G	0.995612412116	A	0.00385896283766	73	9	18834	1	18917	94053
UNKNOWN	125	G	0.988317386478	A	0.0103610509066	196	22	18696	3	18917	94053
UNKNOWN	126	A	0.998096949833	G	0.00142728762489	18881	7	27	2	18917	94053
UNKNOWN	127	A	0.990431886663	G	0.00866945075858	18736	14	164	3	18917	94053
UNKNOWN	128	G	0.997409737273	A	0.00185018766189	35	9	18868	5	18917	94053
UNKNOWN	129	G	0.987471586404	A	0.00782365068457	148	83	18680	6	18917	94053
UNKNOWN	130	C	0.995665274621	G	0.00222022519427	4	18835	42	36	18917	94053
UNKNOWN	131	G	0.978326373104	A	0.0144314637628	273	111	18507	26	18917	94053
UNKNOWN	132	C	0.990114711635	T	0.00734788814294	15	18730	33	139	18917	94053
UNKNOWN	133	T	0.989850399112	C	0.00576201300418	11	109	72	18725	18917	94053
UNKNOWN	134	G	0.970767034942	A	0.0252154147063	477	12	18364	64	18917	94053
UNKNOWN	135	G	0.99645821219	A	0.00216736268964	41	17	18850	9	18917	94053
UNKNOWN	136	A	0.994555162024	G	0.00454617539779	18814	11	86	6	18917	94053
UNKNOWN	137	G	0.965427921975	A	0.0301316276365	570	50	18263	34	18917	94053
UNKNOWN	138	T	0.996246762172	G	0.0022730876989	3	25	43	18846	18917	94053
UNKNOWN	139	G	0.992757836866	A	0.00565628799493	107	2	18780	28	18917	94053
UNKNOWN	140	G	0.988740286515	C	0.00819368821695	18	155	18704	40	18917	94053
UNKNOWN	141	G	0.929217106306	A	0.051382354496	972	317	17578	50	18917	94053
UNKNOWN	142	T	0.996193899667	C	0.00285457524978	3	54	15	18845	18917	94053
UNKNOWN	143	T	0.979436485701	C	0.00951525083258	46	180	163	18528	18917	94053
UNKNOWN	144	G	0.995030924565	A	0.00444045038854	84	2	18823	8	18917	94053
UNKNOWN	145	G	0.986044298779	C	0.0114183009991	5	216	18653	43	18917	94053
UNKNOWN	146	T	0.96331342179	C	0.015805888883	113	299	282	18223	18917	94053
UNKNOWN	147	G	0.809747845853	A	0.16366231432	3096	156	15318	347	18917	94053
UNKNOWN	148	G	0.813448221177	A	0.115663160121	2188	761	15388	580	18917	94053
UNKNOWN	149	T	0.933446106677	G	0.0301316276365	334	355	570	17658	18917	94053
UNKNOWN	150	A	0.939366707195	G	0.0549770048105	17770	41	1040	66	18917	94053
UNKNOWN	151	T	0.992440661839	C	0.00264312523127	48	50	45	18774	18917	94053
UNKNOWN	152	A	0.94423005762	G	0.0261669397896	17862	276	495	284	18917	94053
UNKNOWN	153	A	0.92091769308	G	0.0632235555321	17421	209	1196	91	18917	94053
UNKNOWN	154	G	0.873077126394	A	0.0844742823915	1598	647	16516	156	18917	94053
UNKNOWN	155	T	0.952476608342	C	0.0200877517577	312	380	207	18018	18917	94053
UNKNOWN	156	A	0.79531638209	G	0.170640164931	15045	362	3228	282	18917	94053
UNKNOWN	157	G	0.860390125284	C	0.0569329174816	1061	1077	16276	503	18917	94053
UNKNOWN	158	T	0.956547021198	G	0.0232595020352	159	223	440	18095	18917	94053
UNKNOWN	159	G	0.781043505841	A	0.168525664746	3188	614	14775	340	18917	94053
UNKNOWN	160	G	0.79177459428	A	0.130094623883	2461	1111	14978	367	18917	94053
UNKNOWN	161	T	0.953586720939	G	0.0243167521277	124	294	460	18039	18917	94053
UNKNOWN	162	G	0.988528836496	A	0.00983242586034	186	16	18700	15	18917	94053
UNKNOWN	163	G	0.976634772956	C	0.0121055135592	144	229	18475	69	18917	94053
UNKNOWN	164	A	0.963366284295	G	0.0230480520167	18224	139	436	118	18917	94053
UNKNOWN	165	A	0.918274567849	G	0.0641222181107	17371	167	1213	166	18917	94053
UNKNOWN	166	G	0.74663001533	A	0.128138711212	2424	1564	14124	805	18917	94053
UNKNOWN	167	C	0.871068351218	T	0.0468890416028	824	16478	728	887	18917	94053
UNKNOWN	168	A	0.976053285405	G	0.0149072263044	18464	134	282	37	18917	94053
UNKNOWN	169	C	0.966009409526	T	0.0219379394196	86	18274	142	415	18917	94053
UNKNOWN	170	A	0.981339535867	G	0.0119469260454	18564	32	226	95	18917	94053
UNKNOWN	171	T	0.977269123011	G	0.0138499762119	79	89	262	18487	18917	94053
UNKNOWN	172	G	0.966009409526	A	0.0265898398266	503	62	18274	78	18917	94053
UNKNOWN	173	C	0.985409948723	T	0.0113125759899	11	18641	51	214	18917	94053
UNKNOWN	174	C	0.974837447798	T	0.0172331765079	103	18441	47	326	18917	94053
UNKNOWN	175	T	0.974731722789	A	0.0129513136332	245	133	100	18439	18917	94053
UNKNOWN	176	T	0.96970978485	C	0.0138499762119	136	262	175	18344	18917	94053
UNKNOWN	177	A	0.989638949093	C	0.00481048792092	18721	91	84	21	18917	94053
UNKNOWN	178	A	0.987788761432	G	0.00814082571232	18686	68	154	9	18917	94053
UNKNOWN	179	C	0.871755563779	T	0.116350372681	26	16491	199	2201	18917	94053
UNKNOWN	180	C	0.938996669662	T	0.0382195908442	99	17763	332	723	18917	94053
UNKNOWN	181	C	0.986308611302	T	0.00660781307818	94	18658	40	125	18917	94053
UNKNOWN	182	A	0.986044298779	G	0.00840513823545	18653	82	159	23	18917	94053
UNKNOWN	183	G	0.97531321034	A	0.0178146640588	337	101	18450	29	18917	94053
UNKNOWN	184	C	0.975841835386	T	0.013268488661	45	18460	161	251	18917	94053
UNKNOWN	185	C	0.99793836232	T	0.00132156261564	10	18878	4	25	18917	94053
UNKNOWN	186	C	0.992863561876	T	0.0053919754718	18	18782	15	102	18917	94053
UNKNOWN	187	T	0.994237986996	G	0.00259026272665	16	44	49	18808	18917	94053
UNKNOWN	188	G	0.975630385368	A	0.0185018766189	350	26	18456	85	18917	94053
UNKNOWN	189	A	0.988846011524	G	0.00819368821695	18706	42	155	14	18917	94053
UNKNOWN	190	A	0.990749061691	C	0.00438758788391	18742	83	71	21	18917	94053
UNKNOWN	191	A	0.99006184913	T	0.00380610033303	18729	58	58	72	18917	94053
UNKNOWN	192	T	0.991964899297	C	0.00597346302268	16	113	23	18765	18917	94053
UNKNOWN	193	C	0.99577099963	T	0.00274885024052	21	18837	7	52	18917	94053
UNKNOWN	194	C	0.990907649204	T	0.00586773801343	23	18745	38	111	18917	94053
UNKNOWN	195	C	0.99439657451	G	0.0033303377914	19	18811	63	24	18917	94053
UNKNOWN	196	G	0.997568324787	A	0.00137442512026	26	13	18871	7	18917	94053
UNKNOWN	197	G	0.93862663213	A	0.0452503039594	856	172	17756	133	18917	94053
UNKNOWN	198	C	0.979912248242	T	0.0123698260824	41	18537	105	234	18917	94053
UNKNOWN	199	T	0.992387799334	C	0.00533911296717	20	101	23	18773	18917	94053
UNKNOWN	200	C	0.989850399112	T	0.00528625046255	75	18725	17	100	18917	94053
UNKNOWN	201	A	0.990801924195	G	0.00713643812444	18743	35	135	4	18917	94053
UNKNOWN	202	G	0.966379447058	C	0.0181847015912	95	344	18281	197	18917	94053
UNKNOWN	203	C	0.943807157583	T	0.0417613786541	149	17854	124	790	18917	94053
UNKNOWN	204	A	0.985462811228	G	0.0080879632077	18642	48	153	74	18917	94053
UNKNOWN	205	T	0.992810699371	C	0.00565628799493	18	107	11	18781	18917	94053
UNKNOWN	206	C	0.983454036052	T	0.0080879632077	77	18604	83	153	18917	94053
UNKNOWN	207	A	0.988264523973	G	0.00549770048105	18695	73	104	45	18917	94053
UNKNOWN	208	C	0.981921023418	G	0.00888090077708	50	18575	168	124	18917	94053
UNKNOWN	209	C	0.949093408046	T	0.0213035893641	301	17954	259	403	18917	94053
UNKNOWN	210	A	0.994185124491	G	0.00306602526828	18807	49	58	3	18917	94053
UNKNOWN	211	A	0.979595073215	G	0.0172331765079	18531	41	326	19	18917	94053
UNKNOWN	212	G	0.988475973992	A	0.00861658825395	163	41	18699	14	18917	94053
UNKNOWN	213	G	0.99006184913	A	0.00814082571232	154	19	18729	15	18917	94053
UNKNOWN	214	A	0.989638949093	C	0.00523338795792	18721	99	79	18	18917	94053
UNKNOWN	215	C	0.976740497965	T	0.0135856636887	103	18477	80	257	18917	94053
UNKNOWN	216	A	0.983189723529	G	0.0080879632077	18599	55	153	110	18917	94053
UNKNOWN	217	A	0.98583284876	G	0.00750647565682	18649	105	142	21	18917	94053
UNKNOWN	218	C	0.976159010414	T	0.0188719141513	13	18466	81	357	18917	94053
UNKNOWN	219	T	0.987894486441	C	0.00613205053655	27	116	86	18688	18917	94053
UNKNOWN	220	C	0.992546386848	T	0.00317175027753	54	18776	27	60	18917	94053
UNKNOWN	221	C	0.987947348945	A	0.00639636305968	121	18689	30	77	18917	94053
UNKNOWN	222	A	0.984881323677	G	0.00835227573082	18631	121	158	7	18917	94053
UNKNOWN	223	A	0.981656710895	G	0.0169160014802	18570	20	320	7	18917	94053
UNKNOWN	224	G	0.985092773696	A	0.0085108632447	161	101	18635	20	18917	94053
UNKNOWN	225	A	0.987260136385	G	0.00988528836496	18676	45	187	9	18917	94053
UNKNOWN	226	G	0.954538246022	A	0.0347835280436	658	192	18057	10	18917	94053
UNKNOWN	227	C	0.960828884073	T	0.0321932653169	61	18176	71	609	18917	94053
UNKNOWN	228	C	0.990273299149	G	0.00470476291167	82	18733	89	13	18917	94053
UNKNOWN	229	A	0.991066236718	T	0.00549770048105	18748	18	47	104	18917	94053
UNKNOWN	230	A	0.975736110377	G	0.0214093143733	18458	31	405	23	18917	94053
UNKNOWN	231	G	0.963207696781	A	0.0173389015172	328	224	18221	144	18917	94053
UNKNOWN	232	T	0.993339324417	C	0.00576201300418	11	109	6	18791	18917	94053
UNKNOWN	233	C	0.958872971401	G	0.022730876989	26	18139	430	322	18917	94053
UNKNOWN	234	T	0.989268911561	C	0.00623777554581	37	118	48	18714	18917	94053
UNKNOWN	235	C	0.987577311413	T	0.00993815086959	40	18682	7	188	18917	94053
UNKNOWN	236	T	0.983824073585	C	0.0087223132632	23	165	118	18611	18917	94053
UNKNOWN	237	C	0.992017761802	T	0.00533911296717	23	18766	27	101	18917	94053
UNKNOWN	238	T	0.994502299519	G	0.00348892530528	6	32	66	18813	18917	94053
UNKNOWN	239	G	0.946873182851	A	0.0379552783211	718	134	17912	153	18917	94053
UNKNOWN	240	T	0.982661098483	A	0.00824655072157	156	94	78	18589	18917	94053
UNKNOWN	241	C	0.98583284876	T	0.010308188402	62	18649	11	195	18917	94053
UNKNOWN	242	A	0.97748057303	G	0.0143257387535	18491	104	271	51	18917	94053
UNKNOWN	243	G	0.873077126394	C	0.0859015700164	581	1625	16516	195	18917	94053
UNKNOWN	244	T	0.988423111487	C	0.00692498810594	20	131	68	18698	18917	94053
UNKNOWN	245	G	0.975736110377	A	0.0169160014802	320	66	18458	73	18917	94053
UNKNOWN	246	A	0.981762435904	G	0.0120526510546	18572	92	228	25	18917	94053
UNKNOWN	247	G	0.938309457102	A	0.0383781783581	726	302	17750	139	18917	94053
UNKNOWN	248	C	0.953110958397	T	0.0358936406407	121	18030	87	679	18917	94053
UNKNOWN	249	A	0.985462811228	G	0.013268488661	18642	23	251	1	18917	94053
UNKNOWN	250	G	0.981233810858	C	0.00972670085109	147	184	18562	24	18917	94053
UNKNOWN	251	C	0.986520061321	T	0.00681926309669	28	18662	98	129	18917	94053
UNKNOWN	252	G	0.988581699001	A	0.00660781307818	125	26	18701	65	18917	94053
UNKNOWN	253	T	0.98308399852	C	0.0122112385685	22	231	67	18597	18917	94053
UNKNOWN	254	G	0.960088809008	A	0.0272241898821	515	91	18162	149	18917	94053
UNKNOWN	255	A	0.984934186182	G	0.00967383834646	18632	74	183	28	18917	94053
UNKNOWN	256	C	0.988740286515	A	0.00470476291167	89	18704	55	69	18917	94053
UNKNOWN	257	A	0.959401596448	G	0.0234709520537	18149	144	444	180	18917	94053
UNKNOWN	258	C	0.598615002379	A	0.382830258498	7242	11324	243	108	18917	94053
UNKNOWN	259	C	0.959031558915	G	0.0209864143363	80	18142	397	298	18917	94053
UNKNOWN	260	T	0.972511497595	C	0.0139557012211	37	264	219	18397	18917	94053
UNKNOWN	261	G	0.988370248982	A	0.00914521330021	173	14	18697	33	18917	94053
UNKNOWN	262	A	0.98731299889	G	0.00935666331871	18677	42	177	21	18917	94053
UNKNOWN	263	G	0.942538457472	A	0.0339377279696	642	335	17830	110	18917	94053
UNKNOWN	264	G	0.990431886663	A	0.00644922556431	122	17	18736	42	18917	94053
UNKNOWN	265	A	0.98948036158	C	0.00607918803193	18718	115	57	27	18917	94053
UNKNOWN	266	C	0.975260347835	T	0.0146429137813	147	18449	44	277	18917	94053
UNKNOWN	267	A	0.964846434424	T	0.0185018766189	18252	76	239	350	18917	94053
UNKNOWN	268	C	0.990273299149	G	0.00459903790242	64	18733	87	33	18917	94053
UNKNOWN	269	G	0.962467621716	A	0.0325633028493	616	48	18207	46	18917	94053
UNKNOWN	270	G	0.990379024158	C	0.00385896283766	67	73	18735	42	18917	94053
UNKNOWN	271	C	0.991277686737	A	0.00470476291167	89	18752	55	21	18917	94053
UNKNOWN	272	C	0.987577311413	A	0.00713643812444	135	18682	27	73	18917	94053
UNKNOWN	273	A	0.98937463657	G	0.0053919754718	18716	68	102	31	18917	94053
UNKNOWN	274	C	0.98377121108	A	0.00729502563831	138	18610	43	126	18917	94053
UNKNOWN	275	A	0.96960405984	G	0.0153301263414	18342	136	290	149	18917	94053
UNKNOWN	276	T	0.989903261617	A	0.00422900037004	80	38	73	18726	18917	94053
UNKNOWN	277	A	0.989321774066	C	0.00623777554581	18715	118	52	32	18917	94053
UNKNOWN	278	C	0.944441507639	T	0.0523338795792	43	17866	18	990	18917	94053
UNKNOWN	279	T	0.981075223344	C	0.00787651318919	107	149	102	18559	18917	94053
UNKNOWN	280	A	0.972035735053	T	0.0124755510916	18388	222	71	236	18917	94053
UNKNOWN	281	C	0.967965322197	T	0.0289686525348	34	18311	24	548	18917	94053
UNKNOWN	282	T	0.988475973992	G	0.00861658825395	26	29	163	18699	18917	94053
