Type	Position	Nucl1	Freq1	Nucl2	Freq2	NumAs	NumCs	NumGs	NumTs	NumAligned	NumNaive
UNKNOWN	0	C	1.0	A	0.0	0	9600	0	0	9600	80603
UNKNOWN	1	A	1.0	C	0.0	9600	0	0	0	9600	80603
UNKNOWN	2	G	1.0	A	0.0	0	0	9600	0	9600	80603
UNKNOWN	3	G	1.0	A	0.0	0	0	9600	0	9600	80603
UNKNOWN	4	T	1.0	A	0.0	0	0	0	9600	9600	80603
UNKNOWN	5	G	1.0	A	0.0	0	0	9600	0	9600	80603
UNKNOWN	6	C	1.0	A	0.0	0	9600	0	0	9600	80603
UNKNOWN	7	A	0.995625	G	0.00333333333333	9558	2	32	8	9600	80603
UNKNOWN	8	G	0.9921875	A	0.0053125	51	21	9525	3	9600	80603
UNKNOWN	9	C	0.995520833333	T	0.00385416666667	2	9557	4	37	9600	80603
UNKNOWN	10	T	0.998333333333	C	0.0015625	1	15	0	9584	9600	80603
UNKNOWN	11	G	0.998854166667	A	0.0009375	9	1	9589	1	9600	80603
UNKNOWN	12	C	0.999270833333	T	0.000729166666667	0	9593	0	7	9600	80603
UNKNOWN	13	G	0.999270833333	A	0.000625	6	0	9593	1	9600	80603
UNKNOWN	14	C	0.708645833333	G	0.29	7	6803	2784	6	9600	80603
UNKNOWN	15	G	0.999583333333	A	0.000208333333333	2	1	9596	1	9600	80603
UNKNOWN	16	A	0.998020833333	G	0.00135416666667	9581	6	13	0	9600	80603
UNKNOWN	17	G	0.996458333333	A	0.0028125	27	6	9566	1	9600	80603
UNKNOWN	18	T	0.9975	C	0.0015625	4	15	5	9576	9600	80603
UNKNOWN	19	C	0.998854166667	T	0.000520833333333	1	9589	5	5	9600	80603
UNKNOWN	20	G	0.9709375	A	0.0286458333333	275	3	9321	1	9600	80603
UNKNOWN	21	G	0.998854166667	A	0.000833333333333	8	2	9589	1	9600	80603
UNKNOWN	22	G	0.999479166667	A	0.0003125	3	2	9595	0	9600	80603
UNKNOWN	23	C	0.998958333333	T	0.00104166666667	0	9590	0	10	9600	80603
UNKNOWN	24	C	0.999791666667	T	0.000104166666667	0	9598	1	1	9600	80603
UNKNOWN	25	C	0.999583333333	T	0.000416666666667	0	9596	0	4	9600	80603
UNKNOWN	26	C	0.999583333333	T	0.0003125	1	9596	0	3	9600	80603
UNKNOWN	27	A	0.997916666667	G	0.00177083333333	9580	3	17	0	9600	80603
UNKNOWN	28	G	0.996666666667	A	0.00291666666667	28	4	9568	0	9600	80603
UNKNOWN	29	C	0.999479166667	T	0.000416666666667	0	9595	1	4	9600	80603
UNKNOWN	30	C	0.999583333333	T	0.0003125	1	9596	0	3	9600	80603
UNKNOWN	31	T	0.998125	C	0.0015625	0	15	3	9582	9600	80603
UNKNOWN	32	G	0.996875	A	0.003125	30	0	9570	0	9600	80603
UNKNOWN	33	G	0.998958333333	A	0.000625	6	4	9590	0	9600	80603
UNKNOWN	34	T	0.9978125	C	0.001875	1	18	2	9579	9600	80603
UNKNOWN	35	G	0.999166666667	A	0.000416666666667	4	1	9592	3	9600	80603
UNKNOWN	36	A	0.997916666667	G	0.00114583333333	9580	9	11	0	9600	80603
UNKNOWN	37	A	0.9971875	G	0.00260416666667	9573	2	25	0	9600	80603
UNKNOWN	38	G	0.99875	A	0.00114583333333	11	0	9588	1	9600	80603
UNKNOWN	39	C	0.9978125	T	0.00208333333333	1	9579	0	20	9600	80603
UNKNOWN	40	C	0.999479166667	T	0.000520833333333	0	9595	0	5	9600	80603
UNKNOWN	41	C	0.998020833333	G	0.00166666666667	0	9581	16	3	9600	80603
UNKNOWN	42	T	0.997395833333	C	0.0021875	2	21	2	9575	9600	80603
UNKNOWN	43	C	0.999479166667	T	0.000416666666667	1	9595	0	4	9600	80603
UNKNOWN	44	A	0.998645833333	G	0.000625	9587	5	6	2	9600	80603
UNKNOWN	45	C	0.999583333333	G	0.000208333333333	1	9596	2	1	9600	80603
UNKNOWN	46	A	0.996979166667	G	0.0028125	9571	1	27	1	9600	80603
UNKNOWN	47	G	0.999270833333	A	0.000625	6	1	9593	0	9600	80603
UNKNOWN	48	A	0.997291666667	G	0.00229166666667	9574	3	22	1	9600	80603
UNKNOWN	49	C	0.998958333333	T	0.000520833333333	3	9590	2	5	9600	80603
UNKNOWN	50	C	0.999479166667	T	0.000416666666667	0	9595	1	4	9600	80603
UNKNOWN	51	C	0.999375	T	0.000520833333333	0	9594	1	5	9600	80603
UNKNOWN	52	T	0.998333333333	C	0.0015625	1	15	0	9584	9600	80603
UNKNOWN	53	C	0.999479166667	T	0.000520833333333	0	9595	0	5	9600	80603
UNKNOWN	54	T	0.998020833333	C	0.0015625	3	15	1	9581	9600	80603
UNKNOWN	55	C	0.999270833333	T	0.000625	1	9593	0	6	9600	80603
UNKNOWN	56	C	0.996458333333	T	0.0025	1	9566	9	24	9600	80603
UNKNOWN	57	C	0.997916666667	G	0.00145833333333	0	9580	14	6	9600	80603
UNKNOWN	58	T	0.997708333333	C	0.00208333333333	2	20	0	9578	9600	80603
UNKNOWN	59	C	0.999270833333	A	0.000625	6	9593	0	1	9600	80603
UNKNOWN	60	A	0.996979166667	G	0.0021875	9571	7	21	1	9600	80603
UNKNOWN	61	C	0.99875	G	0.000625	1	9588	6	5	9600	80603
UNKNOWN	62	C	0.998125	T	0.00145833333333	0	9582	4	14	9600	80603
UNKNOWN	63	T	0.997708333333	C	0.0015625	2	15	5	9578	9600	80603
UNKNOWN	64	G	0.999166666667	C	0.000520833333333	3	5	9592	0	9600	80603
UNKNOWN	65	C	0.998020833333	T	0.00145833333333	5	9581	0	14	9600	80603
UNKNOWN	66	A	0.9959375	G	0.00260416666667	9561	12	25	2	9600	80603
UNKNOWN	67	C	0.9965625	T	0.0028125	0	9567	6	27	9600	80603
UNKNOWN	68	G	0.997604166667	A	0.001875	18	4	9577	1	9600	80603
UNKNOWN	69	G	0.9871875	A	0.0115625	111	6	9477	6	9600	80603
UNKNOWN	70	T	0.995416666667	C	0.00416666666667	2	40	2	9556	9600	80603
UNKNOWN	71	C	0.9915625	T	0.004375	3	9519	36	42	9600	80603
UNKNOWN	72	T	0.9975	C	0.00239583333333	0	23	1	9576	9600	80603
UNKNOWN	73	C	0.998958333333	T	0.00104166666667	0	9590	0	10	9600	80603
UNKNOWN	74	T	0.996458333333	C	0.00260416666667	1	25	8	9566	9600	80603
UNKNOWN	75	G	0.998645833333	A	0.000729166666667	7	6	9587	0	9600	80603
UNKNOWN	76	G	0.996979166667	A	0.0028125	27	2	9571	0	9600	80603
UNKNOWN	77	A	0.9909375	G	0.00416666666667	9513	28	40	19	9600	80603
UNKNOWN	78	T	0.995729166667	C	0.003125	2	30	9	9559	9600	80603
UNKNOWN	79	T	0.997083333333	C	0.00270833333333	0	26	2	9572	9600	80603
UNKNOWN	80	C	0.9953125	T	0.0021875	9	9555	15	21	9600	80603
UNKNOWN	81	T	0.995416666667	C	0.00333333333333	5	32	7	9556	9600	80603
UNKNOWN	82	C	0.9984375	T	0.000833333333333	7	9585	0	8	9600	80603
UNKNOWN	83	A	0.995	G	0.00322916666667	9552	7	31	10	9600	80603
UNKNOWN	84	T	0.9975	C	0.00177083333333	5	17	2	9576	9600	80603
UNKNOWN	85	T	0.997291666667	G	0.00145833333333	0	12	14	9574	9600	80603
UNKNOWN	86	G	0.994895833333	A	0.00447916666667	43	0	9551	6	9600	80603
UNKNOWN	87	A	0.993333333333	G	0.005625	9536	7	54	3	9600	80603
UNKNOWN	88	G	0.979791666667	A	0.010625	102	77	9406	15	9600	80603
UNKNOWN	89	C	0.968229166667	T	0.0159375	118	9295	34	153	9600	80603
UNKNOWN	90	A	0.989270833333	G	0.00802083333333	9497	22	77	4	9600	80603
UNKNOWN	91	G	0.836979166667	A	0.111354166667	1069	322	8035	174	9600	80603
UNKNOWN	92	C	0.979166666667	T	0.00927083333333	34	9400	77	89	9600	80603
UNKNOWN	93	T	0.989791666667	C	0.00385416666667	30	37	31	9502	9600	80603
UNKNOWN	94	A	0.988020833333	C	0.0053125	9485	51	17	47	9600	80603
UNKNOWN	95	T	0.99125	C	0.005	2	48	34	9516	9600	80603
UNKNOWN	96	G	0.890625	A	0.0665625	639	170	8550	241	9600	80603
UNKNOWN	97	C	0.9178125	G	0.0404166666667	78	8811	388	323	9600	80603
UNKNOWN	98	T	0.993854166667	G	0.00333333333333	11	16	32	9541	9600	80603
UNKNOWN	99	G	0.964791666667	A	0.0332291666667	319	4	9262	15	9600	80603
UNKNOWN	100	T	0.997291666667	C	0.00166666666667	7	16	3	9574	9600	80603
UNKNOWN	101	A	0.966354166667	G	0.018125	9277	50	174	99	9600	80603
UNKNOWN	102	A	0.955625	G	0.0388541666667	9174	38	373	15	9600	80603
UNKNOWN	103	G	0.7209375	A	0.189166666667	1816	608	6921	255	9600	80603
UNKNOWN	104	C	0.975625	T	0.0166666666667	54	9366	20	160	9600	80603
UNKNOWN	105	T	0.998645833333	C	0.000833333333333	0	8	5	9587	9600	80603
UNKNOWN	106	G	0.9996875	A	0.000208333333333	2	0	9597	1	9600	80603
UNKNOWN	107	G	0.999166666667	A	0.000625	6	2	9592	0	9600	80603
UNKNOWN	108	G	0.961979166667	A	0.0340625	327	18	9235	20	9600	80603
UNKNOWN	109	T	0.99625	C	0.0034375	0	33	3	9564	9600	80603
UNKNOWN	110	C	0.99875	T	0.00104166666667	1	9588	1	10	9600	80603
UNKNOWN	111	C	0.99875	G	0.000729166666667	0	9588	7	5	9600	80603
UNKNOWN	112	G	0.9984375	C	0.000833333333333	7	8	9585	0	9600	80603
UNKNOWN	113	C	0.998645833333	T	0.0009375	3	9587	1	9	9600	80603
UNKNOWN	114	C	0.998333333333	A	0.00104166666667	10	9584	2	4	9600	80603
UNKNOWN	115	A	0.995	G	0.00427083333333	9552	6	41	1	9600	80603
UNKNOWN	116	G	0.999583333333	A	0.000416666666667	4	0	9596	0	9600	80603
UNKNOWN	117	G	0.983854166667	A	0.014375	138	16	9445	1	9600	80603
UNKNOWN	118	C	0.9984375	T	0.00114583333333	0	9585	4	11	9600	80603
UNKNOWN	119	T	0.997708333333	C	0.001875	1	18	3	9578	9600	80603
UNKNOWN	120	C	0.999166666667	T	0.000729166666667	1	9592	0	7	9600	80603
UNKNOWN	121	C	0.998645833333	A	0.000833333333333	8	9587	2	3	9600	80603
UNKNOWN	122	A	0.960625	G	0.038125	9222	4	366	8	9600	80603
UNKNOWN	123	G	0.997916666667	A	0.00208333333333	20	0	9580	0	9600	80603
UNKNOWN	124	G	0.997916666667	A	0.00197916666667	19	1	9580	0	9600	80603
UNKNOWN	125	G	0.99125	A	0.00864583333333	83	1	9516	0	9600	80603
UNKNOWN	126	A	0.999270833333	G	0.000729166666667	9593	0	7	0	9600	80603
UNKNOWN	127	A	0.9975	G	0.00208333333333	9576	4	20	0	9600	80603
UNKNOWN	128	G	0.999583333333	A	0.000416666666667	4	0	9596	0	9600	80603
UNKNOWN	129	G	0.979270833333	A	0.0185416666667	178	19	9401	2	9600	80603
UNKNOWN	130	C	0.998020833333	G	0.00125	1	9581	12	6	9600	80603
UNKNOWN	131	G	0.931666666667	A	0.0579166666667	556	33	8944	67	9600	80603
UNKNOWN	132	C	0.996041666667	T	0.00302083333333	5	9562	4	29	9600	80603
UNKNOWN	133	T	0.990520833333	G	0.00760416666667	0	18	73	9509	9600	80603
UNKNOWN	134	G	0.988020833333	A	0.0101041666667	97	1	9485	17	9600	80603
UNKNOWN	135	G	0.9990625	A	0.000833333333333	8	0	9591	1	9600	80603
UNKNOWN	136	A	0.997708333333	G	0.0015625	9578	0	15	7	9600	80603
UNKNOWN	137	G	0.9940625	A	0.00489583333333	47	1	9543	9	9600	80603
UNKNOWN	138	T	0.998854166667	G	0.000833333333333	0	3	8	9589	9600	80603
UNKNOWN	139	G	0.992604166667	A	0.00354166666667	34	23	9529	14	9600	80603
UNKNOWN	140	C	0.646979166667	G	0.320625	5	6211	3078	306	9600	80603
UNKNOWN	141	C	0.706979166667	G	0.2734375	173	6787	2625	15	9600	80603
UNKNOWN	142	T	0.9975	C	0.001875	2	18	4	9576	9600	80603
UNKNOWN	143	C	0.679479166667	T	0.317395833333	13	6523	17	3047	9600	80603
UNKNOWN	144	G	0.996458333333	A	0.00270833333333	26	2	9566	6	9600	80603
UNKNOWN	145	G	0.992708333333	C	0.0046875	6	45	9530	19	9600	80603
UNKNOWN	146	T	0.983229166667	C	0.0096875	35	93	33	9439	9600	80603
UNKNOWN	147	G	0.7903125	A	0.177604166667	1705	113	7587	195	9600	80603
UNKNOWN	148	G	0.585104166667	A	0.354583333333	3404	410	5617	169	9600	80603
UNKNOWN	149	T	0.832395833333	A	0.124270833333	1193	112	304	7991	9600	80603
UNKNOWN	150	A	0.85875	G	0.1390625	8244	5	1335	16	9600	80603
UNKNOWN	151	T	0.995729166667	A	0.0015625	15	11	15	9559	9600	80603
UNKNOWN	152	A	0.971979166667	G	0.01625	9331	25	156	88	9600	80603
UNKNOWN	153	A	0.943229166667	G	0.0509375	9055	35	489	21	9600	80603
UNKNOWN	154	G	0.907395833333	A	0.0679166666667	652	164	8711	73	9600	80603
UNKNOWN	155	C	0.929270833333	T	0.0551041666667	88	8921	62	529	9600	80603
UNKNOWN	156	A	0.928020833333	G	0.0660416666667	8909	47	634	10	9600	80603
UNKNOWN	157	G	0.915104166667	A	0.043125	414	276	8785	125	9600	80603
UNKNOWN	158	T	0.970520833333	G	0.01375	109	42	132	9317	9600	80603
UNKNOWN	159	G	0.877083333333	A	0.0964583333333	926	193	8420	61	9600	80603
UNKNOWN	160	G	0.9090625	A	0.0605208333333	581	176	8727	116	9600	80603
UNKNOWN	161	T	0.970729166667	G	0.013125	30	125	126	9319	9600	80603
UNKNOWN	162	G	0.996145833333	A	0.00364583333333	35	1	9563	1	9600	80603
UNKNOWN	163	G	0.9946875	A	0.00427083333333	41	8	9549	2	9600	80603
UNKNOWN	164	A	0.978645833333	G	0.0147916666667	9395	37	142	26	9600	80603
UNKNOWN	165	A	0.9459375	G	0.0452083333333	9081	49	434	36	9600	80603
UNKNOWN	166	G	0.7109375	A	0.148229166667	1423	772	6825	580	9600	80603
UNKNOWN	167	C	0.913958333333	T	0.045625	255	8774	133	438	9600	80603
UNKNOWN	168	A	0.984166666667	G	0.0122916666667	9448	25	118	9	9600	80603
UNKNOWN	169	C	0.986354166667	T	0.00822916666667	48	9469	4	79	9600	80603
UNKNOWN	170	A	0.989895833333	G	0.00541666666667	9503	10	52	35	9600	80603
UNKNOWN	171	G	0.717604166667	T	0.248645833333	212	112	6889	2387	9600	80603
UNKNOWN	172	G	0.630416666667	A	0.329791666667	3166	200	6052	182	9600	80603
UNKNOWN	173	C	0.971979166667	G	0.0145833333333	16	9331	140	113	9600	80603
UNKNOWN	174	T	0.995416666667	A	0.00166666666667	16	13	15	9556	9600	80603
UNKNOWN	175	A	0.995208333333	T	0.0034375	9554	7	6	33	9600	80603
UNKNOWN	176	T	0.990208333333	C	0.00802083333333	17	77	0	9506	9600	80603
UNKNOWN	177	A	0.992708333333	C	0.00385416666667	9530	37	27	6	9600	80603
UNKNOWN	178	A	0.9921875	G	0.00447916666667	9525	27	43	5	9600	80603
UNKNOWN	179	C	0.9065625	T	0.0820833333333	13	8703	96	788	9600	80603
UNKNOWN	180	C	0.965208333333	T	0.02125	27	9266	103	204	9600	80603
UNKNOWN	181	C	0.992395833333	A	0.00302083333333	29	9527	15	29	9600	80603
UNKNOWN	182	A	0.989583333333	G	0.00802083333333	9500	10	77	13	9600	80603
UNKNOWN	183	G	0.983645833333	A	0.0119791666667	115	29	9443	13	9600	80603
UNKNOWN	184	C	0.982083333333	T	0.01	19	9428	57	96	9600	80603
UNKNOWN	185	C	0.9996875	G	0.000208333333333	0	9597	2	1	9600	80603
UNKNOWN	186	C	0.995729166667	T	0.00385416666667	2	9559	2	37	9600	80603
UNKNOWN	187	T	0.996458333333	G	0.001875	4	12	18	9566	9600	80603
UNKNOWN	188	G	0.985729166667	A	0.0110416666667	106	14	9463	17	9600	80603
UNKNOWN	189	A	0.992083333333	G	0.00520833333333	9524	23	50	3	9600	80603
UNKNOWN	190	A	0.995520833333	G	0.00177083333333	9557	16	17	10	9600	80603
UNKNOWN	191	A	0.9953125	G	0.00239583333333	9555	5	23	17	9600	80603
UNKNOWN	192	T	0.987291666667	G	0.00916666666667	7	27	88	9478	9600	80603
UNKNOWN	193	C	0.9934375	A	0.005625	54	9537	0	9	9600	80603
UNKNOWN	194	C	0.98375	G	0.00864583333333	2	9444	83	71	9600	80603
UNKNOWN	195	C	0.997083333333	G	0.00177083333333	3	9572	17	8	9600	80603
UNKNOWN	196	G	0.998645833333	A	0.00104166666667	10	3	9587	0	9600	80603
UNKNOWN	197	G	0.944583333333	A	0.0466666666667	448	55	9068	29	9600	80603
UNKNOWN	198	C	0.994270833333	T	0.00375	7	9545	12	36	9600	80603
UNKNOWN	199	T	0.995	C	0.0034375	10	33	5	9552	9600	80603
UNKNOWN	200	C	0.995208333333	A	0.00270833333333	26	9554	2	18	9600	80603
UNKNOWN	201	A	0.995104166667	G	0.00427083333333	9553	6	41	0	9600	80603
UNKNOWN	202	G	0.982083333333	C	0.0101041666667	44	97	9428	31	9600	80603
UNKNOWN	203	C	0.942916666667	T	0.0441666666667	71	9052	53	424	9600	80603
UNKNOWN	204	A	0.9921875	G	0.00479166666667	9525	7	46	22	9600	80603
UNKNOWN	205	T	0.994895833333	C	0.0034375	8	33	8	9551	9600	80603
UNKNOWN	206	C	0.992083333333	A	0.00416666666667	40	9524	3	33	9600	80603
UNKNOWN	207	A	0.9928125	G	0.00322916666667	9531	24	31	14	9600	80603
UNKNOWN	208	C	0.994895833333	G	0.00229166666667	13	9551	22	14	9600	80603
UNKNOWN	209	C	0.976354166667	T	0.0130208333333	41	9373	61	125	9600	80603
UNKNOWN	210	A	0.9971875	G	0.00145833333333	9573	11	14	2	9600	80603
UNKNOWN	211	A	0.990208333333	G	0.00895833333333	9506	6	86	2	9600	80603
UNKNOWN	212	G	0.988229166667	A	0.0107291666667	103	8	9487	2	9600	80603
UNKNOWN	213	G	0.9965625	A	0.00291666666667	28	3	9567	2	9600	80603
UNKNOWN	214	A	0.994583333333	C	0.00291666666667	9548	28	18	6	9600	80603
UNKNOWN	215	C	0.989791666667	T	0.0059375	26	9502	15	57	9600	80603
UNKNOWN	216	A	0.994895833333	G	0.00354166666667	9551	13	34	2	9600	80603
UNKNOWN	217	A	0.991458333333	G	0.00489583333333	9518	29	47	6	9600	80603
UNKNOWN	218	C	0.981145833333	T	0.0125	7	9419	54	120	9600	80603
UNKNOWN	219	T	0.99125	C	0.00427083333333	11	41	32	9516	9600	80603
UNKNOWN	220	C	0.997395833333	T	0.00145833333333	11	9575	0	14	9600	80603
UNKNOWN	221	C	0.991041666667	T	0.00427083333333	37	9514	8	41	9600	80603
UNKNOWN	222	A	0.9934375	G	0.00333333333333	9537	31	32	0	9600	80603
UNKNOWN	223	A	0.9928125	G	0.00677083333333	9531	4	65	0	9600	80603
UNKNOWN	224	G	0.99125	A	0.00489583333333	47	28	9516	9	9600	80603
UNKNOWN	225	A	0.993125	G	0.00583333333333	9534	9	56	1	9600	80603
UNKNOWN	226	G	0.9728125	A	0.0229166666667	220	33	9339	8	9600	80603
UNKNOWN	227	C	0.979791666667	T	0.0182291666667	9	9406	10	175	9600	80603
UNKNOWN	228	C	0.994895833333	A	0.00302083333333	29	9551	17	3	9600	80603
UNKNOWN	229	A	0.997916666667	G	0.00125	9580	2	12	6	9600	80603
UNKNOWN	230	A	0.983229166667	G	0.0160416666667	9439	7	154	0	9600	80603
UNKNOWN	231	G	0.9825	A	0.00916666666667	88	43	9432	37	9600	80603
UNKNOWN	232	T	0.993541666667	C	0.0053125	6	51	5	9538	9600	80603
UNKNOWN	233	C	0.979479166667	T	0.0120833333333	8	9403	73	116	9600	80603
UNKNOWN	234	T	0.993229166667	C	0.00427083333333	6	41	18	9535	9600	80603
UNKNOWN	235	C	0.993125	T	0.00520833333333	15	9534	1	50	9600	80603
UNKNOWN	236	T	0.986145833333	C	0.0078125	23	75	35	9467	9600	80603
UNKNOWN	237	C	0.99375	T	0.00416666666667	14	9540	6	40	9600	80603
UNKNOWN	238	T	0.9953125	G	0.00239583333333	4	18	23	9555	9600	80603
UNKNOWN	239	G	0.966458333333	A	0.0220833333333	212	76	9278	34	9600	80603
UNKNOWN	240	T	0.993645833333	C	0.00333333333333	18	32	11	9539	9600	80603
UNKNOWN	241	C	0.989791666667	T	0.00677083333333	27	9502	6	65	9600	80603
UNKNOWN	242	A	0.987916666667	G	0.00739583333333	9484	29	71	16	9600	80603
UNKNOWN	243	G	0.944166666667	A	0.0254166666667	244	239	9064	53	9600	80603
UNKNOWN	244	T	0.995	G	0.0025	4	20	24	9552	9600	80603
UNKNOWN	245	G	0.976875	A	0.0160416666667	154	52	9378	16	9600	80603
UNKNOWN	246	A	0.984270833333	G	0.0121875	9449	33	117	1	9600	80603
UNKNOWN	247	G	0.945104166667	A	0.0364583333333	350	112	9073	65	9600	80603
UNKNOWN	248	C	0.9771875	T	0.0152083333333	47	9381	26	146	9600	80603
UNKNOWN	249	A	0.9859375	G	0.0121875	9465	17	117	1	9600	80603
UNKNOWN	250	G	0.985	A	0.00979166666667	94	42	9456	8	9600	80603
UNKNOWN	251	C	0.989583333333	T	0.00708333333333	6	9500	26	68	9600	80603
UNKNOWN	252	G	0.989583333333	A	0.005625	54	18	9500	28	9600	80603
UNKNOWN	253	T	0.9896875	C	0.0071875	4	69	26	9501	9600	80603
UNKNOWN	254	G	0.967083333333	A	0.0213541666667	205	26	9284	85	9600	80603
UNKNOWN	255	A	0.98	G	0.0155208333333	9408	22	149	21	9600	80603
UNKNOWN	256	C	0.993645833333	T	0.003125	26	9539	5	30	9600	80603
UNKNOWN	257	A	0.985104166667	G	0.00833333333333	9457	41	80	22	9600	80603
UNKNOWN	258	C	0.9465625	A	0.0458333333333	440	9087	52	21	9600	80603
UNKNOWN	259	C	0.989791666667	T	0.00729166666667	6	9502	22	70	9600	80603
UNKNOWN	260	T	0.968125	C	0.018125	13	174	119	9294	9600	80603
UNKNOWN	261	G	0.992291666667	A	0.00552083333333	53	3	9526	18	9600	80603
UNKNOWN	262	A	0.991770833333	G	0.00583333333333	9521	19	56	4	9600	80603
UNKNOWN	263	G	0.966041666667	A	0.0186458333333	179	92	9274	55	9600	80603
UNKNOWN	264	G	0.991979166667	A	0.00520833333333	50	7	9523	20	9600	80603
UNKNOWN	265	A	0.9903125	C	0.00479166666667	9507	46	35	12	9600	80603
UNKNOWN	266	C	0.984375	T	0.00729166666667	55	9450	25	70	9600	80603
UNKNOWN	267	A	0.975208333333	T	0.0152083333333	9362	28	64	146	9600	80603
UNKNOWN	268	C	0.992604166667	G	0.00302083333333	27	9529	29	15	9600	80603
UNKNOWN	269	G	0.991875	A	0.00375	36	17	9522	25	9600	80603
UNKNOWN	270	G	0.993854166667	C	0.00270833333333	20	26	9541	13	9600	80603
UNKNOWN	271	C	0.9921875	A	0.00416666666667	40	9525	25	10	9600	80603
UNKNOWN	272	C	0.9915625	A	0.0040625	39	9519	22	20	9600	80603
UNKNOWN	273	A	0.991354166667	G	0.00458333333333	9517	26	44	13	9600	80603
UNKNOWN	274	C	0.986041666667	T	0.0065625	50	9466	21	63	9600	80603
UNKNOWN	275	A	0.976875	G	0.0122916666667	9378	43	118	61	9600	80603
UNKNOWN	276	T	0.991666666667	G	0.00385416666667	32	11	37	9520	9600	80603
UNKNOWN	277	A	0.993229166667	C	0.00427083333333	9535	41	13	11	9600	80603
UNKNOWN	278	C	0.960729166667	T	0.036875	18	9223	5	354	9600	80603
UNKNOWN	279	T	0.988645833333	G	0.0040625	32	38	39	9491	9600	80603
UNKNOWN	280	A	0.985208333333	C	0.00572916666667	9458	55	37	50	9600	80603
UNKNOWN	281	C	0.979479166667	T	0.0178125	16	9403	10	171	9600	80603
UNKNOWN	282	T	0.989166666667	G	0.00802083333333	10	17	77	9496	9600	80603
