Type	Position	Nucl1	Freq1	Nucl2	Freq2	NumAs	NumCs	NumGs	NumTs	NumAligned	NumNaive
UNKNOWN	0	C	1.0	A	0.0	0	29858	0	0	29858	80603
UNKNOWN	1	A	1.0	C	0.0	29858	0	0	0	29858	80603
UNKNOWN	2	G	1.0	A	0.0	0	0	29858	0	29858	80603
UNKNOWN	3	G	1.0	A	0.0	0	0	29858	0	29858	80603
UNKNOWN	4	T	1.0	A	0.0	0	0	0	29858	29858	80603
UNKNOWN	5	G	1.0	A	0.0	0	0	29858	0	29858	80603
UNKNOWN	6	C	1.0	A	0.0	0	29858	0	0	29858	80603
UNKNOWN	7	A	0.997488110389	G	0.0019425279657	29783	6	58	11	29858	80603
UNKNOWN	8	G	0.992028936968	A	0.00576060017416	172	62	29620	4	29858	80603
UNKNOWN	9	C	0.998325406926	T	0.00133967445911	3	29808	7	40	29858	80603
UNKNOWN	10	T	0.998928260433	C	0.000971263982852	1	29	2	29826	29858	80603
UNKNOWN	11	G	0.998727309264	A	0.00103824770581	31	3	29820	4	29858	80603
UNKNOWN	12	C	0.998425882511	G	0.000837296536942	1	29811	25	21	29858	80603
UNKNOWN	13	G	0.998727309264	A	0.00123919887467	37	0	29820	1	29858	80603
UNKNOWN	14	G	0.989617522942	C	0.00917677004488	32	274	29548	4	29858	80603
UNKNOWN	15	G	0.999129211602	A	0.000401902337732	12	11	29832	3	29858	80603
UNKNOWN	16	A	0.998057472034	G	0.00150713376649	29800	11	45	2	29858	80603
UNKNOWN	17	G	0.99819143948	A	0.00127269073615	38	14	29804	2	29858	80603
UNKNOWN	18	T	0.997856520865	C	0.00137316632058	12	41	11	29794	29858	80603
UNKNOWN	19	C	0.999397146493	T	0.000468886060687	0	29840	4	14	29858	80603
UNKNOWN	20	G	0.97166588519	A	0.0280661799183	838	5	29012	3	29858	80603
UNKNOWN	21	G	0.998794292987	C	0.000669837229553	11	20	29822	5	29858	80603
UNKNOWN	22	G	0.999296670909	C	0.000334918614777	9	10	29837	2	29858	80603
UNKNOWN	23	C	0.999464130216	T	0.000368410476254	1	29842	4	11	29858	80603
UNKNOWN	24	C	0.999698573247	T	0.000234443030344	2	29849	0	7	29858	80603
UNKNOWN	25	C	0.999363654632	T	0.000535869783643	2	29839	1	16	29858	80603
UNKNOWN	26	C	0.999162703463	A	0.000502377922165	15	29833	1	9	29858	80603
UNKNOWN	27	A	0.997421126666	G	0.00190903610423	29781	19	57	1	29858	80603
UNKNOWN	28	G	0.994540826579	A	0.00425346640766	127	32	29695	4	29858	80603
UNKNOWN	29	C	0.997253667359	T	0.00247839774935	6	29776	2	74	29858	80603
UNKNOWN	30	C	0.999229687186	T	0.000703329091031	1	29835	1	21	29858	80603
UNKNOWN	31	T	0.998090963896	C	0.0012057070132	2	36	19	29801	29858	80603
UNKNOWN	32	G	0.991727510215	A	0.00730122580213	218	8	29611	21	29858	80603
UNKNOWN	33	G	0.998995244156	T	0.000502377922165	10	5	29828	15	29858	80603
UNKNOWN	34	T	0.997990488311	C	0.0012057070132	9	36	15	29798	29858	80603
UNKNOWN	35	G	0.997454618528	A	0.00217697099605	65	9	29782	2	29858	80603
UNKNOWN	36	A	0.998023980173	G	0.00127269073615	29799	19	38	2	29858	80603
UNKNOWN	37	A	0.996215419653	G	0.00304775939447	29745	20	91	2	29858	80603
UNKNOWN	38	G	0.998593341818	A	0.000703329091031	21	18	29816	3	29858	80603
UNKNOWN	39	C	0.998492866234	T	0.000837296536942	10	29813	10	25	29858	80603
UNKNOWN	40	C	0.99886127671	G	0.000502377922165	5	29824	15	14	29858	80603
UNKNOWN	41	G	0.927088217563	C	0.0686918078907	94	2051	27681	32	29858	80603
UNKNOWN	42	T	0.996784781298	C	0.00261236519526	12	78	6	29762	29858	80603
UNKNOWN	43	C	0.997689061558	T	0.00177506865832	14	29789	2	53	29858	80603
UNKNOWN	44	A	0.995378123116	G	0.00341616987072	29720	24	102	12	29858	80603
UNKNOWN	45	C	0.998559849956	G	0.000736820952509	13	29815	22	8	29858	80603
UNKNOWN	46	A	0.998023980173	G	0.00157411748945	29799	9	47	3	29858	80603
UNKNOWN	47	G	0.995813517315	A	0.00338267800924	101	23	29733	1	29858	80603
UNKNOWN	48	A	0.996114944069	G	0.0028468082256	29742	27	85	4	29858	80603
UNKNOWN	49	C	0.998325406926	T	0.00127269073615	4	29808	8	38	29858	80603
UNKNOWN	50	C	0.998559849956	G	0.000770312813986	3	29815	23	17	29858	80603
UNKNOWN	51	C	0.999263179047	T	0.000636345368076	1	29836	2	19	29858	80603
UNKNOWN	52	T	0.997655569697	C	0.0019425279657	7	58	5	29788	29858	80603
UNKNOWN	53	C	0.998693817402	T	0.000602853506598	15	29819	6	18	29858	80603
UNKNOWN	54	T	0.997588585974	C	0.0019425279657	2	58	12	29786	29858	80603
UNKNOWN	55	C	0.999129211602	G	0.000502377922165	2	29832	15	9	29858	80603
UNKNOWN	56	G	0.92588251055	C	0.0694956125661	119	2075	27645	19	29858	80603
UNKNOWN	57	C	0.998626833679	T	0.000770312813986	1	29817	17	23	29858	80603
UNKNOWN	58	T	0.996885256883	C	0.00271284077969	8	81	4	29765	29858	80603
UNKNOWN	59	C	0.999129211602	A	0.000502377922165	15	29832	2	9	29858	80603
UNKNOWN	60	A	0.997119699913	G	0.00187554424275	29772	23	56	7	29858	80603
UNKNOWN	61	C	0.99886127671	T	0.00107173956729	0	29824	2	32	29858	80603
UNKNOWN	62	C	0.998626833679	T	0.00113872329024	1	29817	6	34	29858	80603
UNKNOWN	63	T	0.997890012727	C	0.00147364190502	2	44	17	29795	29858	80603
UNKNOWN	64	G	0.998827784848	A	0.000602853506598	18	15	29823	2	29858	80603
UNKNOWN	65	C	0.995579074285	T	0.00381807220845	16	29726	2	114	29858	80603
UNKNOWN	66	A	0.995445106839	G	0.00221046285753	29722	35	66	35	29858	80603
UNKNOWN	67	C	0.996181927792	T	0.00288030008708	5	29744	23	86	29858	80603
UNKNOWN	68	G	0.998224931342	A	0.00144015004354	43	7	29805	3	29858	80603
UNKNOWN	69	G	0.986067385625	A	0.0124254806082	371	30	29442	15	29858	80603
UNKNOWN	70	C	0.954283609083	T	0.0453144885793	10	28493	2	1353	29858	80603
UNKNOWN	71	C	0.99253131489	T	0.00371759662402	2	29635	110	111	29858	80603
UNKNOWN	72	T	0.997555094112	C	0.00210998727309	4	63	6	29785	29858	80603
UNKNOWN	73	C	0.998995244156	T	0.000770312813986	2	29828	5	23	29858	80603
UNKNOWN	74	T	0.993804005627	A	0.00288030008708	86	72	27	29673	29858	80603
UNKNOWN	75	G	0.995445106839	A	0.00425346640766	127	5	29722	4	29858	80603
UNKNOWN	76	G	0.984459776274	A	0.0125594480541	375	82	29394	7	29858	80603
UNKNOWN	77	A	0.996349387099	C	0.00130618259763	29749	39	38	32	29858	80603
UNKNOWN	78	T	0.994473842856	C	0.00261236519526	18	78	69	29693	29858	80603
UNKNOWN	79	T	0.99614843593	C	0.00338267800924	9	101	5	29743	29858	80603
UNKNOWN	80	C	0.992363855583	T	0.00492330363722	10	29630	71	147	29858	80603
UNKNOWN	81	T	0.996952240606	C	0.00214347913457	12	64	15	29767	29858	80603
UNKNOWN	82	C	0.998526358095	T	0.000837296536942	17	29814	2	25	29858	80603
UNKNOWN	83	A	0.996215419653	G	0.00261236519526	29745	12	78	23	29858	80603
UNKNOWN	84	T	0.992665282336	C	0.00559314086677	13	167	39	29639	29858	80603
UNKNOWN	85	T	0.997153191774	C	0.00150713376649	31	45	9	29773	29858	80603
UNKNOWN	86	A	0.968283207181	G	0.0270949159354	28911	107	809	31	29858	80603
UNKNOWN	87	A	0.992397347445	G	0.00703329091031	29631	16	210	1	29858	80603
UNKNOWN	88	G	0.985163105365	A	0.0101815258892	304	115	29415	24	29858	80603
UNKNOWN	89	C	0.989249112466	T	0.00649742112667	42	29537	85	194	29858	80603
UNKNOWN	90	G	0.972670641034	A	0.0258557170608	772	31	29042	13	29858	80603
UNKNOWN	91	A	0.984861678612	G	0.0123919887467	29406	66	370	16	29858	80603
UNKNOWN	92	C	0.978330765624	T	0.0121910375779	40	29211	243	364	29858	80603
UNKNOWN	93	A	0.96714448389	T	0.0166119632929	28877	113	372	496	29858	80603
UNKNOWN	94	A	0.991225132293	G	0.00582758389711	29596	68	174	20	29858	80603
UNKNOWN	95	G	0.967747337397	T	0.0272288833813	108	42	28895	813	29858	80603
UNKNOWN	96	G	0.974445709693	A	0.0197267064103	589	101	29095	73	29858	80603
UNKNOWN	97	C	0.987340076361	T	0.00612901065041	71	29480	124	183	29858	80603
UNKNOWN	98	T	0.996449862683	C	0.00177506865832	10	53	43	29752	29858	80603
UNKNOWN	99	G	0.984560251859	A	0.0142005492665	424	7	29397	30	29858	80603
UNKNOWN	100	T	0.997220175497	C	0.00160760935093	23	48	12	29775	29858	80603
UNKNOWN	101	A	0.988009913591	G	0.00904280259897	29500	48	270	40	29858	80603
UNKNOWN	102	G	0.99229687186	A	0.00653091298814	195	22	29628	13	29858	80603
UNKNOWN	103	G	0.98707214147	A	0.00760265255543	227	93	29472	66	29858	80603
UNKNOWN	104	C	0.989684506665	T	0.00837296536942	13	29550	45	250	29858	80603
UNKNOWN	105	T	0.997488110389	C	0.00133967445911	1	40	34	29783	29858	80603
UNKNOWN	106	G	0.999665081385	A	0.000234443030344	7	0	29848	3	29858	80603
UNKNOWN	107	G	0.998894768571	A	0.000502377922165	15	9	29825	9	29858	80603
UNKNOWN	108	G	0.99001942528	A	0.007502176971	224	48	29560	26	29858	80603
UNKNOWN	109	T	0.996684305714	C	0.00294728381003	3	88	8	29759	29858	80603
UNKNOWN	110	C	0.996650813852	T	0.00247839774935	3	29758	23	74	29858	80603
UNKNOWN	111	C	0.998526358095	G	0.000870788398419	1	29814	26	17	29858	80603
UNKNOWN	112	G	0.99819143948	C	0.00113872329024	20	34	29804	0	29858	80603
UNKNOWN	113	C	0.997689061558	T	0.00177506865832	12	29789	4	53	29858	80603
UNKNOWN	114	C	0.997756045281	A	0.00160760935093	48	29791	9	10	29858	80603
UNKNOWN	115	A	0.995143680086	G	0.00378458034698	29713	25	113	7	29858	80603
UNKNOWN	116	G	0.994038448657	A	0.00371759662402	111	11	29680	56	29858	80603
UNKNOWN	117	G	0.992899725367	A	0.00566012458972	169	32	29646	11	29858	80603
UNKNOWN	118	C	0.996248911515	T	0.00204300355014	6	29746	45	61	29858	80603
UNKNOWN	119	T	0.996650813852	C	0.00277982450265	4	83	13	29758	29858	80603
UNKNOWN	120	C	0.998559849956	T	0.000837296536942	13	29815	5	25	29858	80603
UNKNOWN	121	C	0.998325406926	A	0.0012057070132	36	29808	6	8	29858	80603
UNKNOWN	122	A	0.992263379999	G	0.00666488043405	29627	28	199	4	29858	80603
UNKNOWN	123	G	0.992631790475	A	0.00572710831268	171	47	29638	2	29858	80603
UNKNOWN	124	G	0.997756045281	A	0.00197601982718	59	7	29791	1	29858	80603
UNKNOWN	125	A	0.956293120772	G	0.0406591198339	28553	78	1214	13	29858	80603
UNKNOWN	126	A	0.997521602251	G	0.00170808493536	29784	20	51	3	29858	80603
UNKNOWN	127	A	0.994272891687	G	0.00512425480608	29687	16	153	2	29858	80603
UNKNOWN	128	G	0.998995244156	A	0.000535869783643	16	12	29828	2	29858	80603
UNKNOWN	129	G	0.993670038181	A	0.00361712103959	108	68	29669	13	29858	80603
UNKNOWN	130	C	0.997253667359	G	0.00174157679684	7	29776	52	23	29858	80603
UNKNOWN	131	G	0.984727711166	A	0.00954518052113	285	67	29402	104	29858	80603
UNKNOWN	132	C	0.995043204501	T	0.00411949896175	9	29710	16	123	29858	80603
UNKNOWN	133	T	0.995110188224	C	0.00251188961082	6	75	65	29712	29858	80603
UNKNOWN	134	G	0.98164645991	A	0.0167794226003	501	17	29310	30	29858	80603
UNKNOWN	135	G	0.997856520865	A	0.00144015004354	43	19	29794	2	29858	80603
UNKNOWN	136	A	0.995110188224	G	0.00365061290107	29712	25	109	12	29858	80603
UNKNOWN	137	G	0.985029137919	A	0.0135642038985	405	8	29411	34	29858	80603
UNKNOWN	138	T	0.996751289437	G	0.00177506865832	3	41	53	29761	29858	80603
UNKNOWN	139	G	0.999062227879	A	0.000401902337732	12	8	29830	8	29858	80603
UNKNOWN	140	G	0.993770513765	C	0.00465536874539	27	139	29672	20	29858	80603
UNKNOWN	141	C	0.991359099739	G	0.00465536874539	56	29600	139	63	29858	80603
UNKNOWN	142	T	0.996483354545	C	0.00274633264117	5	82	18	29753	29858	80603
UNKNOWN	143	C	0.989617522942	T	0.00770312813986	20	29548	60	230	29858	80603
UNKNOWN	144	G	0.998526358095	A	0.000904280259897	27	3	29814	14	29858	80603
UNKNOWN	145	G	0.996550338268	C	0.00167459307388	15	50	29755	38	29858	80603
UNKNOWN	146	T	0.987038649608	C	0.00452140129948	131	135	121	29471	29858	80603
UNKNOWN	147	A	0.733270815192	G	0.256815593811	21894	92	7668	204	29858	80603
UNKNOWN	148	G	0.956594547525	C	0.0200951168866	536	600	28562	160	29858	80603
UNKNOWN	149	T	0.987239600777	C	0.00519123852904	78	155	148	29477	29858	80603
UNKNOWN	150	A	0.958135173153	G	0.035266930136	28608	59	1053	138	29858	80603
UNKNOWN	151	T	0.993100676536	C	0.00391854779289	50	117	39	29652	29858	80603
UNKNOWN	152	A	0.972536673588	G	0.0128608748074	29038	125	384	311	29858	80603
UNKNOWN	153	G	0.973775872463	A	0.020195592471	603	84	29075	96	29858	80603
UNKNOWN	154	A	0.981813919218	G	0.0136981713444	29315	115	409	19	29858	80603
UNKNOWN	155	C	0.975684908567	T	0.0170808493536	154	29132	62	510	29858	80603
UNKNOWN	156	A	0.978330765624	G	0.0143345167124	29211	163	428	56	29858	80603
UNKNOWN	157	C	0.951168865966	G	0.0233438274499	191	28400	697	570	29858	80603
UNKNOWN	158	T	0.990153392726	G	0.00428695826914	45	121	128	29564	29858	80603
UNKNOWN	159	G	0.936264987608	A	0.0583763145556	1743	71	27955	89	29858	80603
UNKNOWN	160	G	0.952709491594	A	0.0222385960212	664	557	28446	191	29858	80603
UNKNOWN	161	T	0.9873065845	C	0.00636345368076	48	190	141	29479	29858	80603
UNKNOWN	162	G	0.994775269609	A	0.0043539419921	130	8	29702	18	29858	80603
UNKNOWN	163	G	0.987574519392	A	0.0110523142876	330	30	29487	11	29858	80603
UNKNOWN	164	A	0.983555496014	G	0.0130283341148	29367	57	389	45	29858	80603
UNKNOWN	165	A	0.984459776274	G	0.0117556433787	29394	101	351	12	29858	80603
UNKNOWN	166	G	0.798546453212	A	0.162870922366	4863	801	23843	351	29858	80603
UNKNOWN	167	C	0.95103489852	T	0.033726304508	252	28396	203	1007	29858	80603
UNKNOWN	168	A	0.987674994976	G	0.00653091298814	29490	140	195	33	29858	80603
UNKNOWN	169	C	0.989651014803	T	0.00495679549869	122	29549	39	148	29858	80603
UNKNOWN	170	A	0.988947685712	G	0.00592805948155	29528	132	177	21	29858	80603
UNKNOWN	171	G	0.980474244759	A	0.00890883515306	266	162	29275	155	29858	80603
UNKNOWN	172	G	0.938241007435	A	0.0425681559381	1271	375	28014	198	29858	80603
UNKNOWN	173	C	0.981746935495	T	0.0100140665818	76	29313	170	299	29858	80603
UNKNOWN	174	T	0.992464331168	C	0.00361712103959	60	108	57	29633	29858	80603
UNKNOWN	175	A	0.993737021904	T	0.00338267800924	29671	61	25	101	29858	80603
UNKNOWN	176	T	0.992095920691	C	0.00478933619131	64	143	29	29622	29858	80603
UNKNOWN	177	A	0.994440350995	C	0.00365061290107	29692	109	43	14	29858	80603
UNKNOWN	178	A	0.994205907964	G	0.00277982450265	29685	80	83	10	29858	80603
UNKNOWN	179	C	0.955288364927	T	0.0402572174961	36	28523	97	1202	29858	80603
UNKNOWN	180	C	0.982450264586	G	0.00787058744725	103	29334	235	186	29858	80603
UNKNOWN	181	C	0.99320115212	A	0.00321521870186	96	29655	44	63	29858	80603
UNKNOWN	182	A	0.98934958805	G	0.0059950432045	29540	118	179	21	29858	80603
UNKNOWN	183	G	0.994842253332	A	0.00318172684038	95	36	29704	23	29858	80603
UNKNOWN	184	G	0.946948891419	C	0.0453814723022	169	1355	28274	60	29858	80603
UNKNOWN	185	C	0.996315895237	T	0.00170808493536	15	29748	44	51	29858	80603
UNKNOWN	186	C	0.996282403376	T	0.00274633264117	15	29747	14	82	29858	80603
UNKNOWN	187	T	0.995445106839	G	0.00261236519526	13	45	78	29722	29858	80603
UNKNOWN	188	G	0.988646258959	A	0.00800455489316	239	18	29519	82	29858	80603
UNKNOWN	189	A	0.983588987876	G	0.0117221515172	29368	129	350	11	29858	80603
UNKNOWN	190	A	0.991928461384	C	0.00555964900529	29617	166	59	16	29858	80603
UNKNOWN	191	A	0.991091164847	G	0.00488981177574	29592	54	146	66	29858	80603
UNKNOWN	192	T	0.992832741644	C	0.0037510884855	26	112	76	29644	29858	80603
UNKNOWN	193	C	0.993234643982	A	0.00365061290107	109	29656	18	75	29858	80603
UNKNOWN	194	C	0.989818474111	A	0.00418648268471	125	29554	69	110	29858	80603
UNKNOWN	195	C	0.996784781298	G	0.002243954719	9	29762	67	20	29858	80603
UNKNOWN	196	G	0.995880501038	C	0.00217697099605	45	65	29735	13	29858	80603
UNKNOWN	197	G	0.943365262241	A	0.0491660526492	1468	161	28167	62	29858	80603
UNKNOWN	198	C	0.99387098935	T	0.00294728381003	35	29675	60	88	29858	80603
UNKNOWN	199	T	0.991258624154	C	0.00542568155938	38	162	61	29597	29858	80603
UNKNOWN	200	C	0.994607810302	A	0.00281331636412	84	29697	24	53	29858	80603
UNKNOWN	201	A	0.988612767098	G	0.00589456762007	29518	151	176	13	29858	80603
UNKNOWN	202	G	0.979737423806	C	0.011990086409	108	358	29253	139	29858	80603
UNKNOWN	203	C	0.954149641637	T	0.0379127871927	165	28489	72	1132	29858	80603
UNKNOWN	204	A	0.988478799652	G	0.00455489316096	29514	129	136	79	29858	80603
UNKNOWN	205	T	0.99387098935	C	0.00411949896175	19	123	41	29675	29858	80603
UNKNOWN	206	C	0.977660928394	T	0.0178511621676	120	29191	14	533	29858	80603
UNKNOWN	207	A	0.985665483288	C	0.00957867238261	29430	286	130	12	29858	80603
UNKNOWN	208	C	0.977526960948	T	0.0108848549802	194	29187	152	325	29858	80603
UNKNOWN	209	C	0.970460178177	T	0.0163775202626	162	28976	231	489	29858	80603
UNKNOWN	210	A	0.966876548999	C	0.030008707884	28869	896	88	5	29858	80603
UNKNOWN	211	A	0.98526358095	G	0.00880835956862	29418	165	263	12	29858	80603
UNKNOWN	212	G	0.99048831134	A	0.00817201420055	244	30	29574	10	29858	80603
UNKNOWN	213	G	0.992162904414	A	0.00562663272825	168	46	29624	20	29858	80603
UNKNOWN	214	A	0.987340076361	C	0.00860740839976	29480	257	80	41	29858	80603
UNKNOWN	215	C	0.985799450733	T	0.00643043740371	163	29434	69	192	29858	80603
UNKNOWN	216	A	0.981278049434	G	0.00988009913591	29299	235	295	29	29858	80603
UNKNOWN	217	A	0.982014870386	G	0.0104829526425	29321	190	313	34	29858	80603
UNKNOWN	218	C	0.971598901467	T	0.0169803737692	69	29010	272	507	29858	80603
UNKNOWN	219	T	0.988512291513	C	0.00586107575859	53	175	115	29515	29858	80603
UNKNOWN	220	C	0.991292116016	A	0.0050907629446	152	29598	17	91	29858	80603
UNKNOWN	221	C	0.991761002076	A	0.00358362917811	107	29612	35	104	29858	80603
UNKNOWN	222	A	0.984225333244	C	0.0111862817335	29387	334	129	8	29858	80603
UNKNOWN	223	A	0.98934958805	G	0.00783709558577	29540	67	234	17	29858	80603
UNKNOWN	224	G	0.988847210128	A	0.00622948623484	186	105	29525	42	29858	80603
UNKNOWN	225	A	0.988143881037	G	0.00780360372429	29504	109	233	12	29858	80603
UNKNOWN	226	G	0.956594547525	A	0.035266930136	1053	199	28562	44	29858	80603
UNKNOWN	227	C	0.969488914194	T	0.0263246031214	50	28947	75	786	29858	80603
UNKNOWN	228	C	0.992430839306	A	0.0037510884855	112	29632	103	11	29858	80603
UNKNOWN	229	A	0.99410543238	G	0.00237792216491	29682	63	71	42	29858	80603
UNKNOWN	230	A	0.980842655235	G	0.0166454551544	29286	43	497	32	29858	80603
UNKNOWN	231	G	0.978632192377	A	0.014301024851	427	87	29220	124	29858	80603
UNKNOWN	232	T	0.990722754371	C	0.00666488043405	16	199	62	29581	29858	80603
UNKNOWN	233	C	0.970225735146	T	0.0166789470159	42	28969	349	498	29858	80603
UNKNOWN	234	T	0.988914193851	C	0.00562663272825	43	168	120	29527	29858	80603
UNKNOWN	235	C	0.992397347445	T	0.00495679549869	76	29631	3	148	29858	80603
UNKNOWN	236	T	0.984895170474	C	0.00850693281533	48	254	149	29407	29858	80603
UNKNOWN	237	C	0.991124656708	T	0.0068993234644	6	29593	53	206	29858	80603
UNKNOWN	238	T	0.99410543238	G	0.0037510884855	11	53	112	29682	29858	80603
UNKNOWN	239	G	0.96078103021	A	0.027061424074	808	161	28687	202	29858	80603
UNKNOWN	240	T	0.98844530779	C	0.0043539419921	112	130	103	29513	29858	80603
UNKNOWN	241	C	0.988110389175	T	0.00753566883247	105	29503	25	225	29858	80603
UNKNOWN	242	A	0.980172818005	G	0.0101815258892	29266	218	304	70	29858	80603
UNKNOWN	243	G	0.914160359033	A	0.0436733873669	1304	1019	27295	240	29858	80603
UNKNOWN	244	T	0.99229687186	C	0.00348315359368	25	104	101	29628	29858	80603
UNKNOWN	245	G	0.9786991761	A	0.0156406993101	467	69	29222	100	29858	80603
UNKNOWN	246	A	0.98231629714	G	0.0123919887467	29330	139	370	19	29858	80603
UNKNOWN	247	G	0.959742782504	A	0.0288699845937	862	222	28656	118	29858	80603
UNKNOWN	248	C	0.968249715319	T	0.0213678076227	235	28910	75	638	29858	80603
UNKNOWN	249	A	0.988043405452	G	0.00921026190636	29501	76	275	6	29858	80603
UNKNOWN	250	G	0.990990689263	C	0.00492330363722	90	147	29589	32	29858	80603
UNKNOWN	251	C	0.989249112466	T	0.00619599437337	35	29537	101	185	29858	80603
UNKNOWN	252	G	0.989784982249	A	0.00542568155938	162	56	29553	87	29858	80603
UNKNOWN	253	T	0.992564806752	G	0.00341616987072	19	101	102	29636	29858	80603
UNKNOWN	254	G	0.954518052113	A	0.0308794962824	922	267	28500	169	29858	80603
UNKNOWN	255	A	0.977292517918	G	0.0125929399156	29180	95	376	207	29858	80603
UNKNOWN	256	C	0.990186884587	A	0.00415299082323	124	29565	53	116	29858	80603
UNKNOWN	257	A	0.973541429433	G	0.0204300355014	29068	98	610	82	29858	80603
UNKNOWN	258	A	0.846004420926	C	0.126800187554	25260	3786	703	109	29858	80603
UNKNOWN	259	C	0.968752093241	G	0.0144684841583	111	28925	432	390	29858	80603
UNKNOWN	260	T	0.971766360774	C	0.0148034027731	81	442	320	29015	29858	80603
UNKNOWN	261	G	0.991961953245	A	0.00529171411347	158	21	29618	61	29858	80603
UNKNOWN	262	A	0.991459575323	G	0.00683233974144	29603	30	204	21	29858	80603
UNKNOWN	263	G	0.962355147699	A	0.023276843727	695	274	28734	155	29858	80603
UNKNOWN	264	G	0.991526559046	A	0.00566012458972	169	20	29605	64	29858	80603
UNKNOWN	265	A	0.991057672985	C	0.00415299082323	29591	124	93	50	29858	80603
UNKNOWN	266	C	0.986435796102	T	0.00847344095385	95	29453	57	253	29858	80603
UNKNOWN	267	T	0.808761470963	A	0.177439882109	5298	115	297	24148	29858	80603
UNKNOWN	268	C	0.991694018354	G	0.00395203965436	92	29610	118	38	29858	80603
UNKNOWN	269	G	0.989818474111	T	0.00395203965436	115	71	29554	118	29858	80603
UNKNOWN	270	G	0.992229888137	C	0.00311474311742	92	93	29626	47	29858	80603
UNKNOWN	271	C	0.99048831134	A	0.00458838502244	137	29574	97	50	29858	80603
UNKNOWN	272	C	0.989751490388	A	0.00589456762007	176	29552	28	102	29858	80603
UNKNOWN	273	A	0.988612767098	G	0.00592805948155	29518	135	177	28	29858	80603
UNKNOWN	274	C	0.980440752897	T	0.00787058744725	198	29274	151	235	29858	80603
UNKNOWN	275	A	0.966106236185	G	0.019425279657	28846	173	580	259	29858	80603
UNKNOWN	276	T	0.991057672985	A	0.00398553151584	119	51	97	29591	29858	80603
UNKNOWN	277	A	0.989885457834	C	0.00495679549869	29556	148	88	66	29858	80603
UNKNOWN	278	C	0.957096925447	T	0.0394199209592	73	28577	31	1177	29858	80603
UNKNOWN	279	T	0.982751691339	C	0.00904280259897	132	270	113	29343	29858	80603
UNKNOWN	280	A	0.981780427356	T	0.00927724562931	29314	159	108	277	29858	80603
UNKNOWN	281	C	0.972503181727	T	0.0249179449394	35	29037	42	744	29858	80603
UNKNOWN	282	T	0.988110389175	G	0.0072007502177	71	69	215	29503	29858	80603
UNKNOWN	283	G	0.992330363722	T	0.00442092571505	71	26	29629	132	29858	80603
UNKNOWN	284	T	0.965637350124	C	0.0273293589658	89	816	121	28832	29858	80603
UNKNOWN	285	A	0.715721079778	G	0.254136244892	21370	201	7588	699	29858	80603
UNKNOWN	286	C	0.862448924911	G	0.0710697300556	370	25751	2122	1615	29858	80603
UNKNOWN	287	T	0.712706812245	A	0.150478933619	4493	1217	2868	21280	29858	80603
UNKNOWN	288	A	0.927590595485	G	0.0419653024315	27696	373	1253	536	29858	80603
UNKNOWN	289	C	0.749246433117	A	0.164378056132	4908	22371	1928	651	29858	80603
UNKNOWN	290	T	0.75905954853	A	0.129010650412	3852	561	2781	22664	29858	80603
