Type	Position	Nucl1	Freq1	Nucl2	Freq2	NumAs	NumCs	NumGs	NumTs	NumAligned	NumNaive
UNKNOWN	0	C	1.0	A	0.0	0	50544	0	0	50544	109680
UNKNOWN	1	A	1.0	C	0.0	50544	0	0	0	50544	109680
UNKNOWN	2	G	1.0	A	0.0	0	0	50544	0	50544	109680
UNKNOWN	3	G	1.0	A	0.0	0	0	50544	0	50544	109680
UNKNOWN	4	T	1.0	A	0.0	0	0	0	50544	50544	109680
UNKNOWN	5	G	1.0	A	0.0	0	0	50544	0	50544	109680
UNKNOWN	6	C	1.0	A	0.0	0	50544	0	0	50544	109680
UNKNOWN	7	A	0.997348844571	G	0.00221589110478	50410	8	112	14	50544	109680
UNKNOWN	8	G	0.987436688826	A	0.00900205761317	455	68	49909	112	50544	109680
UNKNOWN	9	C	0.996735517569	T	0.00237416904084	13	50379	32	120	50544	109680
UNKNOWN	10	T	0.999030547642	C	0.000850743906299	1	43	5	50495	50544	109680
UNKNOWN	11	G	0.998160018993	A	0.00124643874644	63	21	50451	9	50544	109680
UNKNOWN	12	C	0.999347103514	T	0.000573757518202	2	50511	2	29	50544	109680
UNKNOWN	13	G	0.998694207028	A	0.00118708452042	60	2	50478	4	50544	109680
UNKNOWN	14	G	0.980808800253	C	0.0175292814182	75	886	49574	9	50544	109680
UNKNOWN	15	G	0.999465811966	C	0.000276986388097	9	14	50517	4	50544	109680
UNKNOWN	16	A	0.998080880025	G	0.0011475150364	50447	24	58	15	50544	109680
UNKNOWN	17	G	0.997111427667	A	0.00245330800886	124	18	50398	4	50544	109680
UNKNOWN	18	T	0.997724754669	C	0.00130579297246	13	66	36	50429	50544	109680
UNKNOWN	19	C	0.999485596708	T	0.000336340614118	6	50518	3	17	50544	109680
UNKNOWN	20	G	0.97604067743	A	0.0236427666983	1195	7	49333	9	50544	109680
UNKNOWN	21	G	0.999465811966	C	0.000257201646091	8	13	50517	6	50544	109680
UNKNOWN	22	G	0.999267964546	A	0.00045504906616	23	12	50507	2	50544	109680
UNKNOWN	23	C	0.999188825578	T	0.000553972776195	7	50503	6	28	50544	109680
UNKNOWN	24	C	0.999663659386	T	0.000217632162077	2	50527	4	11	50544	109680
UNKNOWN	25	C	0.999446027224	T	0.000316555872111	8	50516	4	16	50544	109680
UNKNOWN	26	C	0.998575498575	T	0.000890313390313	26	50472	1	45	50544	109680
UNKNOWN	27	A	0.996695948085	G	0.00211696739475	50377	53	107	7	50544	109680
UNKNOWN	28	G	0.992560937005	A	0.00492640075973	249	93	50168	34	50544	109680
UNKNOWN	29	C	0.997091642925	T	0.00243352326686	14	50397	10	123	50544	109680
UNKNOWN	30	C	0.999149256094	T	0.000672681228237	4	50501	5	34	50544	109680
UNKNOWN	31	T	0.997566476733	C	0.00144428616651	13	73	37	50421	50544	109680
UNKNOWN	32	G	0.994816397594	A	0.00395694840139	200	26	50282	36	50544	109680
UNKNOWN	33	G	0.996458531181	A	0.00166191832858	84	66	50365	29	50544	109680
UNKNOWN	34	T	0.997091642925	C	0.00221589110478	6	112	29	50397	50544	109680
UNKNOWN	35	G	0.996359607471	A	0.00209718265274	106	12	50360	66	50544	109680
UNKNOWN	36	A	0.997645615701	C	0.00116729977841	50425	59	43	17	50544	109680
UNKNOWN	37	A	0.994361348528	G	0.00395694840139	50259	75	200	10	50544	109680
UNKNOWN	38	G	0.997210351377	A	0.0019982589427	101	37	50403	3	50544	109680
UNKNOWN	39	C	0.996141975309	T	0.00263137068693	21	50349	41	133	50544	109680
UNKNOWN	40	C	0.999861506806	T	9.89237100348e-05	0	50537	2	5	50544	109680
UNKNOWN	41	C	0.997289490345	T	0.00144428616651	9	50407	55	73	50544	109680
UNKNOWN	42	T	0.996418961697	C	0.00257201646091	30	130	21	50363	50544	109680
UNKNOWN	43	C	0.998437005381	T	0.000870528648306	33	50465	2	44	50544	109680
UNKNOWN	44	A	0.994658119658	G	0.0025522317189	50274	117	129	24	50544	109680
UNKNOWN	45	C	0.997052073441	G	0.00187955049066	39	50395	95	15	50544	109680
UNKNOWN	46	A	0.995944127889	C	0.00223567584679	50339	113	78	14	50544	109680
UNKNOWN	47	G	0.997032288699	A	0.00263137068693	133	14	50394	3	50544	109680
UNKNOWN	48	A	0.99497467553	G	0.00247309275087	50290	103	125	26	50544	109680
UNKNOWN	49	C	0.998417220639	T	0.000830959164292	8	50464	30	42	50544	109680
UNKNOWN	50	C	0.997704969927	T	0.00118708452042	13	50428	43	60	50544	109680
UNKNOWN	51	C	0.998555713833	T	0.00122665400443	6	50471	5	62	50544	109680
UNKNOWN	52	T	0.996062836341	C	0.0036799620133	7	186	6	50345	50544	109680
UNKNOWN	53	C	0.998318296929	T	0.00138493194049	2	50459	13	70	50544	109680
UNKNOWN	54	T	0.995746280469	C	0.00286878759101	36	145	34	50329	50544	109680
UNKNOWN	55	C	0.998417220639	T	0.00100902184236	23	50464	6	51	50544	109680
UNKNOWN	56	C	0.995132953466	T	0.00308641975309	24	50298	66	156	50544	109680
UNKNOWN	57	C	0.997467553023	G	0.00138493194049	15	50416	70	43	50544	109680
UNKNOWN	58	T	0.996735517569	C	0.00280943336499	13	142	10	50379	50544	109680
UNKNOWN	59	C	0.997902817347	T	0.00091009813232	41	50438	19	46	50544	109680
UNKNOWN	60	A	0.991472776195	C	0.00575735992403	50113	291	112	28	50544	109680
UNKNOWN	61	C	0.996260683761	T	0.00263137068693	7	50355	49	133	50544	109680
UNKNOWN	62	C	0.994064577398	T	0.00348211459323	9	50244	115	176	50544	109680
UNKNOWN	63	T	0.997071858183	C	0.00191911997468	9	97	42	50396	50544	109680
UNKNOWN	64	G	0.998535929091	C	0.000850743906299	26	43	50470	5	50544	109680
UNKNOWN	65	C	0.997348844571	T	0.00191911997468	36	50410	1	97	50544	109680
UNKNOWN	66	A	0.991571699905	C	0.00472855333966	50118	239	153	34	50544	109680
UNKNOWN	67	C	0.996181544793	T	0.00205761316872	11	50351	78	104	50544	109680
UNKNOWN	68	G	0.992897277619	A	0.00520338714783	263	66	50185	30	50544	109680
UNKNOWN	69	G	0.975209718265	A	0.0220204178538	1113	78	49291	62	50544	109680
UNKNOWN	70	T	0.991551915163	C	0.0076764798987	1	388	38	50117	50544	109680
UNKNOWN	71	C	0.980709876543	G	0.0104067742957	75	49569	526	374	50544	109680
UNKNOWN	72	T	0.995528648306	C	0.00302706552707	11	153	62	50318	50544	109680
UNKNOWN	73	C	0.997981956315	T	0.00134536245647	21	50442	13	68	50544	109680
UNKNOWN	74	T	0.991334283001	C	0.00571779044001	14	289	135	50106	50544	109680
UNKNOWN	75	G	0.996735517569	A	0.00223567584679	113	11	50379	41	50544	109680
UNKNOWN	76	G	0.99517252295	A	0.00330405191516	167	63	50300	14	50544	109680
UNKNOWN	77	A	0.98876226654	C	0.00577714466603	49976	292	179	97	50544	109680
UNKNOWN	78	T	0.993332541944	C	0.00358103830326	28	181	128	50207	50544	109680
UNKNOWN	79	T	0.995330800886	C	0.00358103830326	15	181	40	50308	50544	109680
UNKNOWN	80	C	0.989039252928	T	0.00815131370687	27	49990	115	412	50544	109680
UNKNOWN	81	T	0.992699430199	C	0.0051242481798	20	259	90	50175	50544	109680
UNKNOWN	82	C	0.995924343147	T	0.00269072491295	61	50338	9	136	50544	109680
UNKNOWN	83	A	0.991433206711	G	0.00377888572333	50111	163	191	79	50544	109680
UNKNOWN	84	T	0.990424184869	C	0.00722143083254	34	365	85	50060	50544	109680
UNKNOWN	85	T	0.997665400443	G	0.00104859132637	20	45	53	50426	50544	109680
UNKNOWN	86	G	0.984053497942	A	0.0145615701171	736	27	49738	43	50544	109680
UNKNOWN	87	A	0.988010446344	G	0.00783475783476	49938	141	396	69	50544	109680
UNKNOWN	88	G	0.948975150364	A	0.0324469768914	1640	744	47965	195	50544	109680
UNKNOWN	89	C	0.9418328585	T	0.0376899335233	441	47604	594	1905	50544	109680
UNKNOWN	90	A	0.972558562836	G	0.0184987337765	49157	302	935	150	50544	109680
UNKNOWN	91	G	0.859112852168	A	0.0943138651472	4767	1770	43423	584	50544	109680
UNKNOWN	92	C	0.940487496043	T	0.0405982905983	407	47536	549	2052	50544	109680
UNKNOWN	93	T	0.963398227287	A	0.016975308642	858	474	518	48694	50544	109680
UNKNOWN	94	A	0.966049382716	T	0.0138888888889	48828	564	450	702	50544	109680
UNKNOWN	95	T	0.983578664134	C	0.00840851535296	105	425	300	49714	50544	109680
UNKNOWN	96	G	0.914648622982	A	0.0703545425768	3556	339	46230	419	50544	109680
UNKNOWN	97	G	0.686055713833	C	0.181505223172	6162	9174	34676	532	50544	109680
UNKNOWN	98	T	0.984587685977	C	0.00664767331434	178	336	265	49765	50544	109680
UNKNOWN	99	G	0.970441595442	A	0.0262741373852	1328	42	49050	124	50544	109680
UNKNOWN	100	T	0.996458531181	C	0.00207739791073	50	105	24	50365	50544	109680
UNKNOWN	101	A	0.968819246597	G	0.022693099082	48968	239	1147	190	50544	109680
UNKNOWN	102	G	0.931703070592	A	0.0577318771763	2918	353	47092	181	50544	109680
UNKNOWN	103	G	0.844234726179	A	0.105136119025	5314	1847	42671	712	50544	109680
UNKNOWN	104	C	0.978256568534	T	0.0099517252295	146	49445	450	503	50544	109680
UNKNOWN	105	T	0.997071858183	G	0.00158277936056	3	65	80	50396	50544	109680
UNKNOWN	106	G	0.99891183919	T	0.000494618550174	20	10	50489	25	50544	109680
UNKNOWN	107	G	0.998595283318	C	0.000573757518202	19	29	50473	23	50544	109680
UNKNOWN	108	G	0.973211459323	A	0.0184195948085	931	275	49190	148	50544	109680
UNKNOWN	109	T	0.995726495726	C	0.00377888572333	6	191	19	50328	50544	109680
UNKNOWN	110	C	0.995726495726	A	0.00176084203862	89	50328	46	81	50544	109680
UNKNOWN	111	C	0.998417220639	G	0.000929882874327	7	50464	47	26	50544	109680
UNKNOWN	112	G	0.997922602089	C	0.00106837606838	41	54	50439	10	50544	109680
UNKNOWN	113	C	0.995785849953	T	0.00168170307059	61	50331	67	85	50544	109680
UNKNOWN	114	C	0.998179803735	A	0.00120686926242	61	50452	14	17	50544	109680
UNKNOWN	115	A	0.992145457423	G	0.00555951250396	50147	96	281	20	50544	109680
UNKNOWN	116	G	0.997427983539	A	0.00160256410256	81	28	50414	21	50544	109680
UNKNOWN	117	G	0.985913263691	A	0.0108816081038	550	128	49832	34	50544	109680
UNKNOWN	118	C	0.994499841722	T	0.00371953149731	12	50266	78	188	50544	109680
UNKNOWN	119	T	0.99438113327	C	0.00401630262741	28	203	53	50260	50544	109680
UNKNOWN	120	C	0.997131212409	T	0.00144428616651	31	50399	41	73	50544	109680
UNKNOWN	121	C	0.998080880025	A	0.00122665400443	62	50447	18	17	50544	109680
UNKNOWN	122	A	0.989019468186	G	0.00876464070909	49989	100	443	12	50544	109680
UNKNOWN	123	G	0.998417220639	A	0.0011475150364	58	12	50464	10	50544	109680
UNKNOWN	124	G	0.997170781893	A	0.00257201646091	130	5	50401	8	50544	109680
UNKNOWN	125	G	0.983103830326	A	0.0155705919595	787	55	49690	12	50544	109680
UNKNOWN	126	A	0.996972934473	G	0.00221589110478	50391	36	112	5	50544	109680
UNKNOWN	127	A	0.989830642608	G	0.00894270338715	50030	49	452	13	50544	109680
UNKNOWN	128	G	0.997843463121	A	0.00106837606838	54	28	50435	27	50544	109680
UNKNOWN	129	G	0.985319721431	A	0.00979344729345	495	222	49802	25	50544	109680
UNKNOWN	130	C	0.993748021526	G	0.00314577397911	11	50228	159	146	50544	109680
UNKNOWN	131	G	0.976990345046	A	0.0168368154479	851	202	49381	110	50544	109680
UNKNOWN	132	C	0.985181228237	T	0.0107431149098	126	49795	80	543	50544	109680
UNKNOWN	133	T	0.979582146249	C	0.0164213358658	34	830	168	49512	50544	109680
UNKNOWN	134	G	0.974537037037	A	0.0208926875594	1056	71	49257	160	50544	109680
UNKNOWN	135	G	0.995132953466	A	0.00237416904084	120	103	50298	23	50544	109680
UNKNOWN	136	A	0.994796612852	G	0.0036997467553	50281	44	187	32	50544	109680
UNKNOWN	137	G	0.92695473251	A	0.0684156378601	3458	116	46852	118	50544	109680
UNKNOWN	138	T	0.99339189617	G	0.00261158594492	80	122	132	50210	50544	109680
UNKNOWN	139	G	0.957621082621	A	0.0278173472618	1406	222	48402	514	50544	109680
UNKNOWN	140	T	0.956849477683	G	0.0286087369421	56	679	1446	48363	50544	109680
UNKNOWN	141	C	0.96066793289	G	0.0323282684394	249	48556	1634	105	50544	109680
UNKNOWN	142	T	0.998100664767	C	0.000890313390313	6	45	45	50448	50544	109680
UNKNOWN	143	T	0.975644982589	G	0.0139878125989	68	456	707	49313	50544	109680
UNKNOWN	144	G	0.994519626464	A	0.0036799620133	186	3	50267	88	50544	109680
UNKNOWN	145	G	0.990147198481	C	0.00724121557455	30	366	50046	102	50544	109680
UNKNOWN	146	T	0.97200459006	G	0.0157882241216	223	394	798	49129	50544	109680
UNKNOWN	147	G	0.890986071542	A	0.0872902817347	4412	329	45034	769	50544	109680
UNKNOWN	148	G	0.925708293764	A	0.0359488762267	1817	1287	46789	651	50544	109680
UNKNOWN	149	T	0.953545425768	G	0.0191911997468	735	643	970	48196	50544	109680
UNKNOWN	150	A	0.946383349161	G	0.0484528331751	47834	97	2449	164	50544	109680
UNKNOWN	151	T	0.992046533713	C	0.00457027540361	91	231	80	50142	50544	109680
UNKNOWN	152	A	0.933998100665	G	0.0282328268439	47208	752	1427	1157	50544	109680
UNKNOWN	153	A	0.901293922127	G	0.0840257993036	45555	560	4247	182	50544	109680
UNKNOWN	154	G	0.865681386515	A	0.0733024691358	3705	2726	43755	358	50544	109680
UNKNOWN	155	T	0.947471509972	C	0.0208531180753	704	1054	897	47889	50544	109680
UNKNOWN	156	A	0.787393162393	G	0.179269547325	39798	1244	9061	441	50544	109680
UNKNOWN	157	G	0.843126780627	A	0.073856441912	3733	2991	42615	1205	50544	109680
UNKNOWN	158	T	0.948599240266	G	0.0258190883191	798	495	1305	47946	50544	109680
UNKNOWN	159	G	0.740364830643	A	0.194899493511	9851	2381	37421	891	50544	109680
UNKNOWN	160	G	0.830959164292	A	0.0904954099399	4574	2942	42000	1028	50544	109680
UNKNOWN	161	T	0.95425767648	G	0.0221193415638	532	662	1118	48232	50544	109680
UNKNOWN	162	G	0.991472776195	A	0.00678616650839	343	42	50113	46	50544	109680
UNKNOWN	163	G	0.987001424501	A	0.00809195948085	409	124	49887	124	50544	109680
UNKNOWN	164	A	0.955444761	G	0.0322886989554	48292	302	1632	318	50544	109680
UNKNOWN	165	A	0.900819088319	G	0.0760921177588	45531	627	3846	540	50544	109680
UNKNOWN	166	G	0.5974002849	A	0.213952200063	10814	5758	30195	3777	50544	109680
UNKNOWN	167	C	0.856580405192	T	0.0543091168091	2336	43295	2168	2745	50544	109680
UNKNOWN	168	A	0.955088635644	G	0.0286878759101	48274	604	1450	216	50544	109680
UNKNOWN	169	C	0.960252453308	T	0.0239593225704	397	48535	401	1211	50544	109680
UNKNOWN	170	A	0.970936213992	G	0.0190922760367	49075	238	965	266	50544	109680
UNKNOWN	171	G	0.940230294397	A	0.0363643558088	1838	624	47523	559	50544	109680
UNKNOWN	172	G	0.775918012029	A	0.161028015195	8139	2150	39218	1037	50544	109680
UNKNOWN	173	C	0.964862298196	G	0.0182415321304	166	48768	922	688	50544	109680
UNKNOWN	174	T	0.98955365622	C	0.00445156695157	216	225	87	50016	50544	109680
UNKNOWN	175	A	0.989395378284	T	0.00617283950617	50008	134	90	312	50544	109680
UNKNOWN	176	T	0.976713358658	C	0.0201012978791	110	1016	51	49367	50544	109680
UNKNOWN	177	A	0.98235201013	C	0.00868550174106	49652	439	350	103	50544	109680
UNKNOWN	178	A	0.985656062045	G	0.00793368154479	49819	242	401	82	50544	109680
UNKNOWN	179	C	0.906893004115	T	0.079613801836	145	45838	537	4024	50544	109680
UNKNOWN	180	C	0.947788065844	T	0.0281536878759	272	47905	944	1423	50544	109680
UNKNOWN	181	C	0.982985121874	T	0.00646961063628	278	49684	255	327	50544	109680
UNKNOWN	182	A	0.985003165559	G	0.00836894586895	49786	259	423	76	50544	109680
UNKNOWN	183	G	0.982866413422	A	0.0103078505856	521	220	49678	125	50544	109680
UNKNOWN	184	C	0.981362773029	T	0.0106639759418	164	49602	239	539	50544	109680
UNKNOWN	185	C	0.997032288699	T	0.00122665400443	27	50394	61	62	50544	109680
UNKNOWN	186	C	0.994717473884	T	0.00328426717316	45	50277	56	166	50544	109680
UNKNOWN	187	T	0.99428220956	A	0.00219610636277	111	71	107	50255	50544	109680
UNKNOWN	188	G	0.981323203545	A	0.0132953466287	672	81	49600	191	50544	109680
UNKNOWN	189	A	0.985220797721	G	0.00921968977525	49797	223	466	58	50544	109680
UNKNOWN	190	A	0.990641817031	C	0.00393716365939	50071	199	176	98	50544	109680
UNKNOWN	191	A	0.990701171257	G	0.00435264324153	50074	124	220	126	50544	109680
UNKNOWN	192	T	0.989434947768	C	0.00660810383033	84	334	116	50010	50544	109680
UNKNOWN	193	C	0.994301994302	A	0.00278964862298	141	50256	45	102	50544	109680
UNKNOWN	194	C	0.98985042735	T	0.00544080405192	77	50031	161	275	50544	109680
UNKNOWN	195	C	0.996577239633	G	0.00193890471668	32	50371	98	43	50544	109680
UNKNOWN	196	G	0.996814656537	A	0.00128600823045	65	36	50383	60	50544	109680
UNKNOWN	197	G	0.932514245014	A	0.0495212092434	2503	577	47133	331	50544	109680
UNKNOWN	198	C	0.989078822412	G	0.00470876859766	199	49992	238	115	50544	109680
UNKNOWN	199	T	0.993530389364	C	0.0036997467553	60	187	80	50217	50544	109680
UNKNOWN	200	C	0.992046533713	T	0.00314577397911	142	50142	101	159	50544	109680
UNKNOWN	201	A	0.98886119025	G	0.0079534662868	49981	144	402	17	50544	109680
UNKNOWN	202	G	0.972558562836	C	0.0185185185185	181	936	49157	270	50544	109680
UNKNOWN	203	C	0.944325735992	T	0.0422404241849	317	47730	362	2135	50544	109680
UNKNOWN	204	A	0.986922285533	G	0.00813152896486	49883	85	411	165	50544	109680
UNKNOWN	205	T	0.99438113327	C	0.00411522633745	43	208	33	50260	50544	109680
UNKNOWN	206	C	0.987634536246	T	0.00811174422286	181	49919	34	410	50544	109680
UNKNOWN	207	A	0.989118391896	G	0.0054012345679	49994	196	273	81	50544	109680
UNKNOWN	208	C	0.986467236467	G	0.00565843621399	113	49860	286	285	50544	109680
UNKNOWN	209	C	0.963754352643	T	0.0161245647357	276	48712	741	815	50544	109680
UNKNOWN	210	A	0.992343304843	C	0.00405587211143	50157	205	171	11	50544	109680
UNKNOWN	211	A	0.984053497942	G	0.0139680278569	49738	67	706	33	50544	109680
UNKNOWN	212	G	0.984290914846	A	0.0121478315923	614	102	49750	78	50544	109680
UNKNOWN	213	G	0.991749762583	A	0.00621240899019	314	57	50127	46	50544	109680
UNKNOWN	214	A	0.991789332067	C	0.00393716365939	50129	199	134	82	50544	109680
UNKNOWN	215	C	0.983618233618	T	0.00842830009497	214	49716	188	426	50544	109680
UNKNOWN	216	A	0.982094808484	G	0.0115542893321	49639	135	584	186	50544	109680
UNKNOWN	217	A	0.980136119025	G	0.0121874010763	49540	297	616	91	50544	109680
UNKNOWN	218	C	0.977445394112	T	0.0147396327952	52	49404	343	745	50544	109680
UNKNOWN	219	T	0.989692149414	C	0.00421415004748	167	213	141	50023	50544	109680
UNKNOWN	220	C	0.992560937005	A	0.00441199746755	223	50168	23	130	50544	109680
UNKNOWN	221	C	0.987139917695	T	0.00650918012029	192	49894	129	329	50544	109680
UNKNOWN	222	A	0.990443969611	C	0.00516381766382	50061	261	212	10	50544	109680
UNKNOWN	223	A	0.982530072808	G	0.0158277936056	49661	39	800	44	50544	109680
UNKNOWN	224	G	0.981145140867	A	0.0139284583729	704	213	49591	36	50544	109680
UNKNOWN	225	A	0.98777302944	G	0.00858657803102	49926	146	434	38	50544	109680
UNKNOWN	226	G	0.955424976258	A	0.036858974359	1863	334	48291	56	50544	109680
UNKNOWN	227	C	0.960845995568	T	0.0310422602089	149	48565	261	1569	50544	109680
UNKNOWN	228	C	0.990839664451	G	0.00441199746755	213	50081	223	27	50544	109680
UNKNOWN	229	A	0.993550174106	G	0.00302706552707	50218	75	153	98	50544	109680
UNKNOWN	230	A	0.97643637227	G	0.0208333333333	49353	92	1053	46	50544	109680
UNKNOWN	231	G	0.956473567585	A	0.0239197530864	1209	569	48344	422	50544	109680
UNKNOWN	232	T	0.99358974359	C	0.00526274137385	27	266	31	50220	50544	109680
UNKNOWN	233	C	0.967355175689	G	0.0160058562836	90	48894	809	751	50544	109680
UNKNOWN	234	T	0.990265906933	C	0.00551994301994	82	279	131	50052	50544	109680
UNKNOWN	235	C	0.989336024058	T	0.00830959164292	114	50005	5	420	50544	109680
UNKNOWN	236	T	0.980254827477	C	0.0127215891105	112	643	243	49546	50544	109680
UNKNOWN	237	C	0.992303735359	T	0.0051044634378	65	50155	66	258	50544	109680
UNKNOWN	238	T	0.995311016144	G	0.00239395378284	19	97	121	50307	50544	109680
UNKNOWN	239	G	0.928537511871	A	0.0562480215258	2843	376	46932	393	50544	109680
UNKNOWN	240	T	0.987416904084	C	0.00464941437164	205	235	196	49908	50544	109680
UNKNOWN	241	C	0.984844887623	T	0.0111783792339	187	49778	14	565	50544	109680
UNKNOWN	242	A	0.977504748338	G	0.0135723330168	49407	326	686	125	50544	109680
UNKNOWN	243	C	0.927488920544	G	0.0564458689459	304	46879	2853	508	50544	109680
UNKNOWN	244	T	0.994697689142	G	0.00326448243115	44	59	165	50276	50544	109680
UNKNOWN	245	G	0.95997546692	A	0.0218027856917	1102	249	48521	672	50544	109680
UNKNOWN	246	A	0.983084045584	G	0.0132359924027	49689	147	669	39	50544	109680
UNKNOWN	247	G	0.95356521051	A	0.0264719848053	1338	815	48197	194	50544	109680
UNKNOWN	248	C	0.960509654954	T	0.0274216524217	322	48548	288	1386	50544	109680
UNKNOWN	249	A	0.983163184552	G	0.0126226654004	49693	195	638	18	50544	109680
UNKNOWN	250	G	0.9840337132	C	0.00991215574549	213	501	49737	93	50544	109680
UNKNOWN	251	C	0.984468977525	T	0.00890313390313	115	49759	220	450	50544	109680
UNKNOWN	252	G	0.985794555239	A	0.00759734093067	384	148	49826	186	50544	109680
UNKNOWN	253	T	0.988109370054	C	0.00805238999683	43	407	151	49943	50544	109680
UNKNOWN	254	G	0.937776986388	A	0.0432098765432	2184	441	47399	520	50544	109680
UNKNOWN	255	A	0.983182969294	G	0.0103869895537	49694	146	525	179	50544	109680
UNKNOWN	256	C	0.989217315606	A	0.00470876859766	238	49999	169	138	50544	109680
UNKNOWN	257	A	0.959421494144	G	0.0298156062045	48493	313	1507	231	50544	109680
UNKNOWN	258	A	0.918645140867	C	0.0527263374486	46432	2665	1224	223	50544	109680
UNKNOWN	259	C	0.933899176955	G	0.0355927508705	316	47203	1799	1226	50544	109680
UNKNOWN	260	T	0.969808483697	G	0.0157090851535	168	564	794	49018	50544	109680
UNKNOWN	261	G	0.98787195315	A	0.00757755618867	383	88	49931	142	50544	109680
UNKNOWN	262	A	0.986526590693	G	0.00821066793289	49863	202	415	64	50544	109680
UNKNOWN	263	G	0.926578822412	A	0.0378679962013	1914	1413	46833	384	50544	109680
UNKNOWN	264	G	0.987832383666	A	0.00722143083254	365	56	49929	194	50544	109680
UNKNOWN	265	A	0.988425925926	C	0.00623219373219	49959	315	195	75	50544	109680
UNKNOWN	266	C	0.980986862931	T	0.00827002215891	384	49583	159	418	50544	109680
UNKNOWN	267	A	0.978869895537	G	0.0105650522317	49476	162	534	372	50544	109680
UNKNOWN	268	C	0.990305476417	G	0.00399651788541	173	50054	202	115	50544	109680
UNKNOWN	269	G	0.990463754353	C	0.00352168407724	160	178	50062	144	50544	109680
UNKNOWN	270	G	0.988643558088	A	0.00460984488762	233	153	49970	188	50544	109680
UNKNOWN	271	C	0.990068059513	A	0.00551994301994	279	50042	147	76	50544	109680
UNKNOWN	272	C	0.987812598924	A	0.00692465970244	350	49928	118	148	50544	109680
UNKNOWN	273	A	0.989514086736	G	0.00504510921178	50014	153	255	122	50544	109680
UNKNOWN	274	C	0.983262108262	A	0.00779518835074	394	49698	139	313	50544	109680
UNKNOWN	275	A	0.961301044634	G	0.0195473251029	48588	503	988	465	50544	109680
UNKNOWN	276	T	0.990028490028	G	0.00459006014562	191	81	232	50040	50544	109680
UNKNOWN	277	A	0.988821620766	C	0.00662788857233	49979	335	116	114	50544	109680
UNKNOWN	278	C	0.946225071225	T	0.0490859449193	151	47826	86	2481	50544	109680
UNKNOWN	279	T	0.983657803102	G	0.00585628363406	248	282	296	49718	50544	109680
UNKNOWN	280	A	0.976159385882	T	0.0117125672681	49339	392	221	592	50544	109680
UNKNOWN	281	C	0.95908515353	T	0.0372546691991	75	48476	110	1883	50544	109680
UNKNOWN	282	T	0.987555397278	G	0.00860636277303	112	82	435	49915	50544	109680
