Type	Position	Nucl1	Freq1	Nucl2	Freq2	NumAs	NumCs	NumGs	NumTs	NumAligned	NumNaive
UNKNOWN	0	C	1.0	A	0.0	0	10059	0	0	10059	109680
UNKNOWN	1	A	1.0	C	0.0	10059	0	0	0	10059	109680
UNKNOWN	2	G	1.0	A	0.0	0	0	10059	0	10059	109680
UNKNOWN	3	G	1.0	A	0.0	0	0	10059	0	10059	109680
UNKNOWN	4	T	1.0	A	0.0	0	0	0	10059	10059	109680
UNKNOWN	5	G	1.0	A	0.0	0	0	10059	0	10059	109680
UNKNOWN	6	C	1.0	A	0.0	0	10059	0	0	10059	109680
UNKNOWN	7	A	0.997912317328	G	0.00119296152699	10038	0	12	9	10059	109680
UNKNOWN	8	G	0.985883288597	A	0.012625509494	127	12	9917	3	10059	109680
UNKNOWN	9	C	0.992444576996	T	0.00596480763495	1	9983	15	60	10059	109680
UNKNOWN	10	T	0.998807038473	C	0.00109354806641	1	11	0	10047	10059	109680
UNKNOWN	11	G	0.998807038473	C	0.000497067302913	3	5	10047	4	10059	109680
UNKNOWN	12	C	0.997912317328	T	0.00188885575107	0	10038	2	19	10059	109680
UNKNOWN	13	G	0.998409384631	A	0.00159061536932	16	0	10043	0	10059	109680
UNKNOWN	14	G	0.977930211751	C	0.0208768267223	9	210	9837	3	10059	109680
UNKNOWN	15	G	0.999403519237	A	0.00039765384233	4	1	10053	1	10059	109680
UNKNOWN	16	A	0.997315836564	G	0.00188885575107	10032	7	19	1	10059	109680
UNKNOWN	17	G	0.995029326971	A	0.00407595188389	41	6	10009	3	10059	109680
UNKNOWN	18	T	0.997315836564	C	0.00149120190874	5	15	7	10032	10059	109680
UNKNOWN	19	C	0.999304105776	T	0.00039765384233	3	10052	0	4	10059	109680
UNKNOWN	20	G	0.887861616463	A	0.111442489313	1121	2	8931	5	10059	109680
UNKNOWN	21	G	0.999204692315	A	0.00039765384233	4	4	10051	0	10059	109680
UNKNOWN	22	G	0.999105278855	C	0.000596480763495	3	6	10050	0	10059	109680
UNKNOWN	23	C	0.999005865394	T	0.000894721145243	0	10049	1	9	10059	109680
UNKNOWN	24	C	0.999602346158	T	0.000298240381748	0	10055	1	3	10059	109680
UNKNOWN	25	C	0.998608211552	T	0.00129237498757	1	10045	0	13	10059	109680
UNKNOWN	26	C	0.998807038473	A	0.000695894224078	7	10047	1	4	10059	109680
UNKNOWN	27	A	0.995426980813	G	0.00278357689631	10013	17	28	1	10059	109680
UNKNOWN	28	G	0.993637538523	A	0.0045730191868	46	12	9995	6	10059	109680
UNKNOWN	29	C	0.99830997117	T	0.00129237498757	0	10042	4	13	10059	109680
UNKNOWN	30	C	0.999105278855	T	0.000695894224078	2	10050	0	7	10059	109680
UNKNOWN	31	T	0.996719355801	C	0.00188885575107	3	19	11	10026	10059	109680
UNKNOWN	32	G	0.986778009743	C	0.00745600954369	53	75	9926	5	10059	109680
UNKNOWN	33	G	0.995924048116	C	0.0016900288299	16	17	10018	8	10059	109680
UNKNOWN	34	T	0.996321701958	C	0.00248533651456	2	25	10	10022	10059	109680
UNKNOWN	35	G	0.996023461577	A	0.00338005765981	34	5	10019	1	10059	109680
UNKNOWN	36	A	0.998409384631	G	0.000795307684661	10043	5	8	3	10059	109680
UNKNOWN	37	A	0.994134605826	G	0.00407595188389	10000	15	41	3	10059	109680
UNKNOWN	38	G	0.99652052888	A	0.00258474997515	26	8	10024	1	10059	109680
UNKNOWN	39	C	0.995625807734	T	0.00377771150214	0	10015	6	38	10059	109680
UNKNOWN	40	C	0.999701759618	T	0.000198826921165	1	10056	0	2	10059	109680
UNKNOWN	41	C	0.997713490407	G	0.00159061536932	0	10036	16	7	10059	109680
UNKNOWN	42	T	0.995924048116	C	0.00308181727806	3	31	7	10018	10059	109680
UNKNOWN	43	C	0.999105278855	A	0.000795307684661	8	10050	0	1	10059	109680
UNKNOWN	44	A	0.995029326971	C	0.0022865095934	10009	23	22	5	10059	109680
UNKNOWN	45	C	0.998508798091	A	0.000894721145243	9	10044	6	0	10059	109680
UNKNOWN	46	A	0.994631673129	C	0.00328064419922	10005	33	20	1	10059	109680
UNKNOWN	47	G	0.996321701958	A	0.00338005765981	34	3	10022	0	10059	109680
UNKNOWN	48	A	0.99492991351	C	0.00258474997515	10008	26	16	9	10059	109680
UNKNOWN	49	C	0.998409384631	T	0.000795307684661	1	10043	7	8	10059	109680
UNKNOWN	50	C	0.998906451934	T	0.000795307684661	1	10048	2	8	10059	109680
UNKNOWN	51	C	0.998508798091	T	0.000795307684661	1	10044	6	8	10059	109680
UNKNOWN	52	T	0.99483050005	C	0.00477184610796	2	48	2	10007	10059	109680
UNKNOWN	53	C	0.998906451934	T	0.000695894224078	0	10048	4	7	10059	109680
UNKNOWN	54	T	0.996818769261	C	0.00258474997515	4	26	2	10027	10059	109680
UNKNOWN	55	C	0.999005865394	A	0.000497067302913	5	10049	1	4	10059	109680
UNKNOWN	56	C	0.995526394274	T	0.00278357689631	3	10014	14	28	10059	109680
UNKNOWN	57	C	0.997315836564	G	0.00149120190874	1	10032	15	11	10059	109680
UNKNOWN	58	T	0.997117009643	C	0.00268416343573	1	27	1	10030	10059	109680
UNKNOWN	59	C	0.998011730788	A	0.00109354806641	11	10039	2	7	10059	109680
UNKNOWN	60	A	0.98797097127	G	0.00576598071379	9938	56	58	7	10059	109680
UNKNOWN	61	C	0.99821055771	T	0.00129237498757	1	10041	4	13	10059	109680
UNKNOWN	62	C	0.99492991351	T	0.00367829804155	5	10008	9	37	10059	109680
UNKNOWN	63	T	0.997514663485	C	0.0016900288299	0	17	8	10034	10059	109680
UNKNOWN	64	G	0.998111144249	C	0.00109354806641	6	11	10040	2	10059	109680
UNKNOWN	65	C	0.99652052888	T	0.00278357689631	7	10024	0	28	10059	109680
UNKNOWN	66	A	0.993041057759	C	0.00338005765981	9989	34	28	8	10059	109680
UNKNOWN	67	C	0.995029326971	T	0.00328064419922	1	10009	16	33	10059	109680
UNKNOWN	68	G	0.985883288597	A	0.011432547967	115	16	9917	11	10059	109680
UNKNOWN	69	A	0.796301819266	G	0.200815190377	8010	15	2020	14	10059	109680
UNKNOWN	70	T	0.980514961726	C	0.0172979421414	2	174	20	9863	10059	109680
UNKNOWN	71	C	0.984789740531	T	0.00765483646486	13	9906	63	77	10059	109680
UNKNOWN	72	T	0.995128740431	C	0.00338005765981	4	34	11	10010	10059	109680
UNKNOWN	73	C	0.995924048116	T	0.00278357689631	11	10018	2	28	10059	109680
UNKNOWN	74	T	0.988468038572	C	0.00775424992544	3	78	35	9943	10059	109680
UNKNOWN	75	G	0.997315836564	A	0.00208768267223	21	2	10032	4	10059	109680
UNKNOWN	76	G	0.995128740431	A	0.0039765384233	40	3	10010	6	10059	109680
UNKNOWN	77	A	0.985783875137	C	0.00606422109554	9916	61	58	24	10059	109680
UNKNOWN	78	T	0.990655134705	C	0.00507008648971	5	51	38	9965	10059	109680
UNKNOWN	79	T	0.99154985585	C	0.00526891341088	20	53	12	9974	10059	109680
UNKNOWN	80	C	0.986479769361	T	0.0104384133612	8	9923	23	105	10059	109680
UNKNOWN	81	T	0.989859827021	C	0.00745600954369	13	75	14	9957	10059	109680
UNKNOWN	82	C	0.995228153892	T	0.00338005765981	11	10011	3	34	10059	109680
UNKNOWN	83	A	0.99154985585	C	0.00427477880505	9974	43	27	15	10059	109680
UNKNOWN	84	T	0.983397952083	C	0.0149120190874	2	150	15	9892	10059	109680
UNKNOWN	85	T	0.995228153892	G	0.0039765384233	1	7	40	10011	10059	109680
UNKNOWN	86	G	0.975643702157	A	0.0227656824734	229	12	9814	4	10059	109680
UNKNOWN	87	A	0.987672730888	G	0.00874838453127	9935	28	88	8	10059	109680
UNKNOWN	88	G	0.939656029426	A	0.0356894323491	359	222	9452	26	10059	109680
UNKNOWN	89	C	0.948205587036	T	0.0330052689134	94	9538	95	332	10059	109680
UNKNOWN	90	A	0.967790038771	G	0.0257480862909	9735	52	259	13	10059	109680
UNKNOWN	91	G	0.842230838055	A	0.10577592206	1064	338	8472	185	10059	109680
UNKNOWN	92	C	0.958345760016	T	0.03071875932	85	9640	25	309	10059	109680
UNKNOWN	93	T	0.973556019485	A	0.0101401729794	102	87	77	9793	10059	109680
UNKNOWN	94	A	0.963614673427	T	0.016204394075	9693	75	128	163	10059	109680
UNKNOWN	95	T	0.981707923253	C	0.0120290287305	20	121	43	9875	10059	109680
UNKNOWN	96	G	0.889452231832	A	0.0755542300427	760	163	8947	189	10059	109680
UNKNOWN	97	C	0.897206481758	G	0.0447360572622	247	9025	450	337	10059	109680
UNKNOWN	98	T	0.989263346257	A	0.00387712496272	39	39	30	9951	10059	109680
UNKNOWN	99	G	0.973158365643	A	0.0230639228552	232	8	9789	30	10059	109680
UNKNOWN	100	T	0.992543990456	C	0.00556715379262	9	56	10	9984	10059	109680
UNKNOWN	101	A	0.971567750273	G	0.0187891440501	9773	71	189	26	10059	109680
UNKNOWN	102	G	0.958047519634	A	0.0336017496769	338	62	9637	22	10059	109680
UNKNOWN	103	G	0.859131126355	A	0.101501143255	1021	214	8642	182	10059	109680
UNKNOWN	104	C	0.987275077045	T	0.00616363455612	14	9931	52	62	10059	109680
UNKNOWN	105	T	0.997017596183	G	0.00178944229049	0	12	18	10029	10059	109680
UNKNOWN	106	G	0.998409384631	T	0.000994134605826	3	3	10043	10	10059	109680
UNKNOWN	107	G	0.998707625012	C	0.000894721145243	0	9	10046	4	10059	109680
UNKNOWN	108	G	0.972462471419	A	0.0232627497763	234	18	9782	25	10059	109680
UNKNOWN	109	T	0.993538125062	C	0.00566656725321	0	57	8	9994	10059	109680
UNKNOWN	110	C	0.994333432747	T	0.00298240381748	15	10002	12	30	10059	109680
UNKNOWN	111	C	0.997912317328	G	0.00119296152699	2	10038	12	7	10059	109680
UNKNOWN	112	G	0.997315836564	C	0.00149120190874	11	15	10032	1	10059	109680
UNKNOWN	113	C	0.99652052888	T	0.00188885575107	5	10024	11	19	10059	109680
UNKNOWN	114	C	0.997812903867	A	0.00129237498757	13	10037	8	1	10059	109680
UNKNOWN	115	A	0.991748682772	G	0.00576598071379	9976	22	58	3	10059	109680
UNKNOWN	116	G	0.99661994234	A	0.00198826921165	20	4	10025	10	10059	109680
UNKNOWN	117	G	0.982204990556	A	0.00984193259767	99	58	9880	22	10059	109680
UNKNOWN	118	C	0.995526394274	T	0.0022865095934	4	10014	18	23	10059	109680
UNKNOWN	119	T	0.991748682772	C	0.00646187493787	2	65	16	9976	10059	109680
UNKNOWN	120	C	0.995526394274	T	0.00288299035689	5	10014	11	29	10059	109680
UNKNOWN	121	C	0.997415250025	G	0.00198826921165	0	10033	20	6	10059	109680
UNKNOWN	122	G	0.982304404016	A	0.0168008748385	169	3	9881	6	10059	109680
UNKNOWN	123	G	0.99821055771	A	0.00129237498757	13	0	10041	5	10059	109680
UNKNOWN	124	G	0.994631673129	A	0.00407595188389	41	5	10005	8	10059	109680
UNKNOWN	125	G	0.976339596381	A	0.0224674420917	226	5	9821	7	10059	109680
UNKNOWN	126	A	0.997216423104	G	0.00248533651456	10031	2	25	1	10059	109680
UNKNOWN	127	A	0.989959240481	G	0.00845014414952	9958	14	85	2	10059	109680
UNKNOWN	128	G	0.998011730788	A	0.00119296152699	12	4	10039	4	10059	109680
UNKNOWN	129	G	0.98976041356	A	0.00516949995029	52	47	9956	4	10059	109680
UNKNOWN	130	C	0.995228153892	T	0.00248533651456	3	10011	20	25	10059	109680
UNKNOWN	131	G	0.877622030023	A	0.116711402724	1174	42	8828	15	10059	109680
UNKNOWN	132	C	0.984193259767	T	0.00864897107068	13	9900	59	87	10059	109680
UNKNOWN	133	T	0.990853961626	C	0.0045730191868	13	46	33	9967	10059	109680
UNKNOWN	134	G	0.980514961726	A	0.0149120190874	150	8	9863	38	10059	109680
UNKNOWN	135	G	0.995526394274	A	0.00238592305398	24	13	10014	8	10059	109680
UNKNOWN	136	A	0.993438711602	G	0.00516949995029	9993	10	52	4	10059	109680
UNKNOWN	137	G	0.967392384929	A	0.0256486728303	258	47	9731	23	10059	109680
UNKNOWN	138	T	0.995824634656	G	0.00288299035689	3	10	29	10017	10059	109680
UNKNOWN	139	G	0.996122875037	T	0.00268416343573	9	3	10020	27	10059	109680
UNKNOWN	140	G	0.99145044239	T	0.00556715379262	6	24	9973	56	10059	109680
UNKNOWN	141	G	0.912317327766	A	0.0589521821255	593	263	9177	26	10059	109680
UNKNOWN	142	T	0.996818769261	C	0.00149120190874	2	15	15	10027	10059	109680
UNKNOWN	143	T	0.980216721344	G	0.00994134605826	16	83	100	9860	10059	109680
UNKNOWN	144	G	0.994631673129	A	0.00437419226563	44	1	10005	9	10059	109680
UNKNOWN	145	G	0.985286807834	C	0.0119296152699	3	120	9911	25	10059	109680
UNKNOWN	146	T	0.964409981111	G	0.016900288299	90	98	170	9701	10059	109680
UNKNOWN	147	G	0.816880405607	A	0.14852371011	1494	130	8217	218	10059	109680
UNKNOWN	148	G	0.771846107963	A	0.151704940849	1526	443	7764	326	10059	109680
UNKNOWN	149	T	0.911124366239	G	0.0393677303907	290	208	396	9165	10059	109680
UNKNOWN	150	A	0.944229048613	G	0.0458296053286	9498	26	461	74	10059	109680
UNKNOWN	151	T	0.988468038572	A	0.0068595287802	69	24	23	9943	10059	109680
UNKNOWN	152	A	0.93011233721	G	0.0370812207973	9356	114	373	216	10059	109680
UNKNOWN	153	A	0.898399443285	G	0.0833084799682	9037	137	838	47	10059	109680
UNKNOWN	154	G	0.845412068794	A	0.10070583557	1013	460	8504	82	10059	109680
UNKNOWN	155	T	0.942837260165	G	0.0221692017099	176	176	223	9484	10059	109680
UNKNOWN	156	A	0.788845809723	G	0.18262252709	7935	148	1837	139	10059	109680
UNKNOWN	157	G	0.849090366836	A	0.0615369321006	619	617	8541	282	10059	109680
UNKNOWN	158	T	0.954468635053	G	0.0189879709713	114	153	191	9601	10059	109680
UNKNOWN	159	G	0.693011233721	A	0.230042747788	2314	606	6971	168	10059	109680
UNKNOWN	160	G	0.805050203798	A	0.100009941346	1006	724	8098	231	10059	109680
UNKNOWN	161	T	0.957053385028	C	0.016900288299	99	170	163	9627	10059	109680
UNKNOWN	162	G	0.988567452033	A	0.00994134605826	100	9	9944	6	10059	109680
UNKNOWN	163	G	0.983895019386	A	0.00994134605826	100	37	9897	25	10059	109680
UNKNOWN	164	A	0.958445173476	G	0.0269410478179	9641	119	271	28	10059	109680
UNKNOWN	165	A	0.936474798688	G	0.0485137687643	9420	98	488	53	10059	109680
UNKNOWN	166	G	0.777214434834	A	0.117307883487	1180	682	7818	379	10059	109680
UNKNOWN	167	C	0.878417337708	G	0.0480167014614	288	8836	483	452	10059	109680
UNKNOWN	168	A	0.966895317626	G	0.0202803459588	9726	92	204	37	10059	109680
UNKNOWN	169	C	0.961626404215	T	0.0249527786062	79	9673	56	251	10059	109680
UNKNOWN	170	A	0.985883288597	G	0.00656128839845	9917	34	66	42	10059	109680
UNKNOWN	171	T	0.967690625311	G	0.0146137787056	81	97	147	9734	10059	109680
UNKNOWN	172	G	0.868078337807	A	0.118401431554	1191	72	8732	64	10059	109680
UNKNOWN	173	C	0.980415548265	T	0.0149120190874	22	9862	25	150	10059	109680
UNKNOWN	174	C	0.851873943732	T	0.137588229446	68	8569	38	1384	10059	109680
UNKNOWN	175	T	0.846207376479	A	0.131822248732	1326	123	98	8512	10059	109680
UNKNOWN	176	T	0.961924644597	C	0.0170991152202	82	172	129	9676	10059	109680
UNKNOWN	177	A	0.982204990556	C	0.00934486529476	9880	94	75	10	10059	109680
UNKNOWN	178	A	0.984789740531	G	0.0085495576101	9906	61	86	6	10059	109680
UNKNOWN	179	C	0.883288597276	T	0.0951386817775	33	8885	184	957	10059	109680
UNKNOWN	180	C	0.938363654439	T	0.0296252112536	38	9439	284	298	10059	109680
UNKNOWN	181	C	0.982204990556	A	0.00954369221593	96	9880	36	47	10059	109680
UNKNOWN	182	A	0.985187394373	G	0.00944427875534	9910	39	95	15	10059	109680
UNKNOWN	183	G	0.982105577095	A	0.01023958644	103	45	9879	32	10059	109680
UNKNOWN	184	C	0.975345461776	T	0.0110348941247	68	9811	69	111	10059	109680
UNKNOWN	185	C	0.997117009643	T	0.00119296152699	8	10030	9	12	10059	109680
UNKNOWN	186	C	0.993935778904	T	0.00387712496272	14	9998	8	39	10059	109680
UNKNOWN	187	T	0.994432846207	G	0.00258474997515	14	16	26	10003	10059	109680
UNKNOWN	188	G	0.975743115618	A	0.015707326772	158	35	9815	51	10059	109680
UNKNOWN	189	A	0.984193259767	G	0.0106372402823	9900	27	107	25	10059	109680
UNKNOWN	190	A	0.986778009743	C	0.00745600954369	9926	75	45	13	10059	109680
UNKNOWN	191	A	0.984292673228	G	0.00656128839845	9901	48	66	44	10059	109680
UNKNOWN	192	T	0.986082115518	C	0.00616363455612	51	62	27	9919	10059	109680
UNKNOWN	193	C	0.995426980813	T	0.00268416343573	10	10013	9	27	10059	109680
UNKNOWN	194	C	0.989462173178	T	0.00666070185903	12	9953	27	67	10059	109680
UNKNOWN	195	C	0.995924048116	G	0.00268416343573	8	10018	27	6	10059	109680
UNKNOWN	196	G	0.996321701958	T	0.00149120190874	14	8	10022	15	10059	109680
UNKNOWN	197	G	0.932895914107	A	0.0443384034198	446	129	9384	100	10059	109680
UNKNOWN	198	C	0.980813202108	T	0.0101401729794	34	9866	57	102	10059	109680
UNKNOWN	199	T	0.990555721245	C	0.00606422109554	20	61	14	9964	10059	109680
UNKNOWN	200	C	0.990754548166	A	0.00387712496272	39	9966	17	37	10059	109680
UNKNOWN	201	A	0.98807038473	G	0.00994134605826	9939	17	100	3	10059	109680
UNKNOWN	202	G	0.974152500249	C	0.0171985286808	36	173	9799	51	10059	109680
UNKNOWN	203	C	0.956357490804	T	0.0315140670047	72	9620	50	317	10059	109680
UNKNOWN	204	A	0.986976836664	G	0.00695894224078	9928	21	70	40	10059	109680
UNKNOWN	205	T	0.99154985585	C	0.00656128839845	13	66	6	9974	10059	109680
UNKNOWN	206	C	0.990655134705	T	0.0045730191868	40	9965	8	46	10059	109680
UNKNOWN	207	A	0.985087980913	G	0.00795307684661	9909	46	80	24	10059	109680
UNKNOWN	208	C	0.9863803559	T	0.00606422109554	34	9922	42	61	10059	109680
UNKNOWN	209	C	0.972263644497	T	0.0115319614276	62	9780	101	116	10059	109680
UNKNOWN	210	A	0.985684461676	C	0.0100407595188	9915	101	40	3	10059	109680
UNKNOWN	211	A	0.980912615568	G	0.0113331345064	9867	23	114	55	10059	109680
UNKNOWN	212	G	0.97952082712	A	0.016900288299	170	32	9853	4	10059	109680
UNKNOWN	213	G	0.990754548166	A	0.00775424992544	78	5	9966	10	10059	109680
UNKNOWN	214	A	0.990158067402	C	0.0045730191868	9960	46	27	26	10059	109680
UNKNOWN	215	C	0.977134904066	T	0.0134208171786	52	9829	43	135	10059	109680
UNKNOWN	216	A	0.983795605925	G	0.0100407595188	9896	29	101	33	10059	109680
UNKNOWN	217	A	0.974848394473	G	0.0116313748882	9806	66	117	70	10059	109680
UNKNOWN	218	C	0.97435132717	T	0.0188885575107	2	9801	66	190	10059	109680
UNKNOWN	219	T	0.985386221294	C	0.00775424992544	26	78	43	9912	10059	109680
UNKNOWN	220	C	0.994731086589	A	0.00367829804155	37	10006	2	14	10059	109680
UNKNOWN	221	C	0.986579182821	G	0.00507008648971	38	9924	51	46	10059	109680
UNKNOWN	222	A	0.985585048216	C	0.00765483646486	9914	77	62	6	10059	109680
UNKNOWN	223	A	0.983596779004	G	0.0145143652451	9894	11	146	8	10059	109680
UNKNOWN	224	G	0.984491500149	C	0.00795307684661	64	80	9903	12	10059	109680
UNKNOWN	225	A	0.986976836664	G	0.00815190376777	9928	41	82	8	10059	109680
UNKNOWN	226	G	0.946217317825	A	0.044537230341	448	81	9518	12	10059	109680
UNKNOWN	227	C	0.964807634954	T	0.0265433939755	32	9705	55	267	10059	109680
UNKNOWN	228	C	0.98628094244	G	0.0068595287802	62	9921	69	7	10059	109680
UNKNOWN	229	A	0.992245750075	G	0.00298240381748	9981	22	30	26	10059	109680
UNKNOWN	230	A	0.9727607118	G	0.0246545382245	9785	17	248	9	10059	109680
UNKNOWN	231	G	0.96411174073	A	0.016900288299	170	102	9698	89	10059	109680
UNKNOWN	232	T	0.990953375087	C	0.00715776916194	9	72	10	9968	10059	109680
UNKNOWN	233	C	0.956854558107	T	0.025251018988	34	9625	146	254	10059	109680
UNKNOWN	234	T	0.989163932797	C	0.00646187493787	21	65	23	9950	10059	109680
UNKNOWN	235	C	0.985386221294	T	0.00924545183418	48	9912	6	93	10059	109680
UNKNOWN	236	T	0.976737250224	C	0.0123272691122	30	124	80	9825	10059	109680
UNKNOWN	237	C	0.991251615469	T	0.00546774033204	18	9971	15	55	10059	109680
UNKNOWN	238	T	0.994035192365	G	0.00357888458097	1	23	36	9999	10059	109680
UNKNOWN	239	G	0.93687245253	A	0.0464260860921	467	48	9424	120	10059	109680
UNKNOWN	240	T	0.985982702058	C	0.00666070185903	36	67	38	9918	10059	109680
UNKNOWN	241	C	0.982304404016	T	0.0133214037181	40	9881	4	134	10059	109680
UNKNOWN	242	A	0.973456606024	G	0.0171985286808	9792	62	173	32	10059	109680
UNKNOWN	243	G	0.831593597773	C	0.132120489114	282	1329	8365	83	10059	109680
UNKNOWN	244	T	0.992444576996	G	0.0039765384233	10	26	40	9983	10059	109680
UNKNOWN	245	G	0.976339596381	A	0.0144149517845	145	55	9821	38	10059	109680
UNKNOWN	246	A	0.977930211751	G	0.015707326772	9837	56	158	8	10059	109680
UNKNOWN	247	G	0.943533154389	A	0.0361864996521	364	139	9491	65	10059	109680
UNKNOWN	248	C	0.959339894622	T	0.027139874739	69	9650	67	273	10059	109680
UNKNOWN	249	A	0.975842529078	G	0.0200815190377	9816	35	202	6	10059	109680
UNKNOWN	250	G	0.984193259767	C	0.00924545183418	46	93	9900	20	10059	109680
UNKNOWN	251	C	0.979918480962	T	0.0118302018093	32	9857	51	119	10059	109680
UNKNOWN	252	G	0.98797097127	A	0.00676011531961	68	11	9938	42	10059	109680
UNKNOWN	253	T	0.986479769361	C	0.00835073068894	9	84	43	9923	10059	109680
UNKNOWN	254	G	0.93170295258	A	0.0367829804155	370	218	9372	99	10059	109680
UNKNOWN	255	A	0.981409682871	G	0.0110348941247	9872	41	111	35	10059	109680
UNKNOWN	256	C	0.986479769361	A	0.00586539417437	59	9923	44	33	10059	109680
UNKNOWN	257	A	0.9624217119	G	0.028332836266	9681	47	285	46	10059	109680
UNKNOWN	258	A	0.805249030719	C	0.168505815687	8100	1695	209	55	10059	109680
UNKNOWN	259	C	0.920071577692	G	0.0483149418431	67	9255	486	251	10059	109680
UNKNOWN	260	T	0.973556019485	G	0.0133214037181	33	99	134	9793	10059	109680
UNKNOWN	261	G	0.987871557809	A	0.00745600954369	75	19	9937	28	10059	109680
UNKNOWN	262	A	0.985485634755	G	0.00735659608311	9913	46	74	26	10059	109680
UNKNOWN	263	G	0.943135500547	C	0.0267422208967	241	269	9487	62	10059	109680
UNKNOWN	264	G	0.988468038572	A	0.00725718262253	73	8	9943	35	10059	109680
UNKNOWN	265	A	0.989064519336	C	0.00666070185903	9949	67	28	15	10059	109680
UNKNOWN	266	C	0.979421413659	A	0.00874838453127	88	9852	36	83	10059	109680
UNKNOWN	267	A	0.971269509892	G	0.0136196440998	9770	49	137	103	10059	109680
UNKNOWN	268	C	0.986479769361	G	0.00497067302913	39	9923	50	47	10059	109680
UNKNOWN	269	G	0.989561586639	T	0.00417536534447	32	31	9954	42	10059	109680
UNKNOWN	270	G	0.989263346257	A	0.00417536534447	42	36	9951	30	10059	109680
UNKNOWN	271	C	0.987473903967	G	0.00586539417437	53	9933	59	14	10059	109680
UNKNOWN	272	C	0.984093846307	A	0.00795307684661	80	9899	57	23	10059	109680
UNKNOWN	273	A	0.978824932896	G	0.0142161248633	9846	36	143	34	10059	109680
UNKNOWN	274	C	0.981906750174	A	0.00815190376777	82	9877	32	68	10059	109680
UNKNOWN	275	A	0.954866288896	G	0.0213738940253	9605	147	215	92	10059	109680
UNKNOWN	276	T	0.989661000099	G	0.00427477880505	42	19	43	9955	10059	109680
UNKNOWN	277	A	0.988269211651	C	0.00616363455612	9941	62	30	26	10059	109680
UNKNOWN	278	C	0.945223183219	T	0.0496073168307	35	9508	17	499	10059	109680
UNKNOWN	279	T	0.976538423303	C	0.0112337210458	57	113	66	9823	10059	109680
UNKNOWN	280	A	0.974748981012	T	0.0108360672035	9805	96	49	109	10059	109680
UNKNOWN	281	C	0.969977134904	T	0.0266428074361	15	9757	19	268	10059	109680
UNKNOWN	282	T	0.984988567452	G	0.0119296152699	21	10	120	9908	10059	109680
