Type	Position	Nucl1	Freq1	Nucl2	Freq2	NumAs	NumCs	NumGs	NumTs	NumAligned	NumNaive
UNKNOWN	0	C	1.0	A	0.0	0	16163	0	0	16163	78427
UNKNOWN	1	A	1.0	C	0.0	16163	0	0	0	16163	78427
UNKNOWN	2	G	1.0	A	0.0	0	0	16163	0	16163	78427
UNKNOWN	3	G	1.0	A	0.0	0	0	16163	0	16163	78427
UNKNOWN	4	T	1.0	A	0.0	0	0	0	16163	16163	78427
UNKNOWN	5	G	1.0	A	0.0	0	0	16163	0	16163	78427
UNKNOWN	6	C	1.0	A	0.0	0	16163	0	0	16163	78427
UNKNOWN	7	A	0.998515127142	G	0.000866175833694	16139	3	14	7	16163	78427
UNKNOWN	8	G	0.994988554105	A	0.00408340035884	66	8	16082	7	16163	78427
UNKNOWN	9	C	0.997710821011	T	0.00105178494091	3	16126	17	17	16163	78427
UNKNOWN	10	T	0.999505042381	C	0.000494957619254	0	8	0	16155	16163	78427
UNKNOWN	11	G	0.998700736249	A	0.00105178494091	17	2	16142	2	16163	78427
UNKNOWN	12	C	0.999319433274	T	0.000556827321661	1	16152	1	9	16163	78427
UNKNOWN	13	G	0.998267648333	A	0.00136113345295	22	0	16135	6	16163	78427
UNKNOWN	14	C	0.50411433521	G	0.493472746396	24	8148	7976	15	16163	78427
UNKNOWN	15	G	0.999628781786	A	0.00018560910722	3	0	16157	3	16163	78427
UNKNOWN	16	A	0.998700736249	G	0.00105178494091	16142	3	17	1	16163	78427
UNKNOWN	17	G	0.995236032915	A	0.00451648827569	73	1	16086	3	16163	78427
UNKNOWN	18	T	0.998700736249	C	0.000742436428881	3	12	6	16142	16163	78427
UNKNOWN	19	C	0.999628781786	T	0.00018560910722	2	16157	1	3	16163	78427
UNKNOWN	20	G	0.890057538823	A	0.109385633855	1768	3	14386	6	16163	78427
UNKNOWN	21	G	0.99690651488	T	0.00154674256017	4	21	16113	25	16163	78427
UNKNOWN	22	G	0.999071954464	A	0.000309348512034	5	5	16148	5	16163	78427
UNKNOWN	23	C	0.998267648333	T	0.00160861226258	2	16135	0	26	16163	78427
UNKNOWN	24	C	0.995669120832	A	0.00321722452515	52	16093	1	17	16163	78427
UNKNOWN	25	C	0.996287817856	A	0.00303161541793	49	16103	3	8	16163	78427
UNKNOWN	26	C	0.999195693869	A	0.000618697024067	10	16150	0	3	16163	78427
UNKNOWN	27	A	0.997587081606	G	0.00228917898905	16124	2	37	0	16163	78427
UNKNOWN	28	G	0.992204417497	A	0.0064344490503	104	19	16037	3	16163	78427
UNKNOWN	29	C	0.99845325744	T	0.00117552434573	1	16138	5	19	16163	78427
UNKNOWN	30	C	0.999071954464	T	0.000804306131288	1	16148	1	13	16163	78427
UNKNOWN	31	T	0.997153993689	G	0.00136113345295	5	19	22	16117	16163	78427
UNKNOWN	32	G	0.99641155726	A	0.00290787601312	47	2	16105	9	16163	78427
UNKNOWN	33	G	0.997215863392	A	0.00167048196498	27	9	16118	9	16163	78427
UNKNOWN	34	T	0.997153993689	C	0.00142300315535	4	23	19	16117	16163	78427
UNKNOWN	35	G	0.998020169523	A	0.00154674256017	25	2	16131	5	16163	78427
UNKNOWN	36	A	0.998700736249	G	0.000742436428881	16142	5	12	4	16163	78427
UNKNOWN	37	A	0.995297902617	G	0.00303161541793	16087	23	49	4	16163	78427
UNKNOWN	38	G	0.997092123987	A	0.00160861226258	26	9	16116	12	16163	78427
UNKNOWN	39	C	0.997587081606	T	0.00154674256017	3	16124	11	25	16163	78427
UNKNOWN	40	C	0.998948215059	T	0.000556827321661	7	16146	1	9	16163	78427
UNKNOWN	41	C	0.996287817856	G	0.0027222669059	7	16103	44	9	16163	78427
UNKNOWN	42	T	0.997710821011	C	0.00191796077461	3	31	3	16126	16163	78427
UNKNOWN	43	C	0.999010084761	A	0.000742436428881	12	16147	0	4	16163	78427
UNKNOWN	44	A	0.997339602797	G	0.00129926375054	16120	16	21	6	16163	78427
UNKNOWN	45	C	0.997896430118	A	0.00111365464332	18	16129	13	3	16163	78427
UNKNOWN	46	A	0.998020169523	G	0.00105178494091	16131	15	17	0	16163	78427
UNKNOWN	47	G	0.997710821011	A	0.00216543958424	35	2	16126	0	16163	78427
UNKNOWN	48	A	0.99641155726	C	0.00191796077461	16105	31	23	4	16163	78427
UNKNOWN	49	C	0.998948215059	T	0.000494957619254	4	16146	5	8	16163	78427
UNKNOWN	50	C	0.998391387737	T	0.000680566726474	9	16137	6	11	16163	78427
UNKNOWN	51	C	0.998638866547	T	0.000804306131288	4	16141	5	13	16163	78427
UNKNOWN	52	T	0.997401472499	C	0.00228917898905	4	37	1	16121	16163	78427
UNKNOWN	53	C	0.999319433274	T	0.000556827321661	2	16152	0	9	16163	78427
UNKNOWN	54	T	0.996287817856	C	0.00315535482274	5	51	4	16103	16163	78427
UNKNOWN	55	C	0.997648951309	A	0.00154674256017	25	16125	0	13	16163	78427
UNKNOWN	56	C	0.994679205593	G	0.00222730928664	28	16077	36	22	16163	78427
UNKNOWN	57	C	0.997401472499	G	0.00160861226258	3	16121	26	13	16163	78427
UNKNOWN	58	T	0.996844645177	C	0.0027222669059	7	44	0	16112	16163	78427
UNKNOWN	59	C	0.996968384582	A	0.00204170017942	33	16114	4	12	16163	78427
UNKNOWN	60	A	0.996782775475	C	0.00197983047702	16111	32	18	2	16163	78427
UNKNOWN	61	C	0.998082039225	T	0.00105178494091	12	16132	2	17	16163	78427
UNKNOWN	62	C	0.994307987379	T	0.00321722452515	22	16071	18	52	16163	78427
UNKNOWN	63	T	0.997958299821	C	0.00105178494091	5	17	11	16130	16163	78427
UNKNOWN	64	G	0.998515127142	C	0.000680566726474	10	11	16139	3	16163	78427
UNKNOWN	65	C	0.997710821011	A	0.00154674256017	25	16126	1	11	16163	78427
UNKNOWN	66	A	0.994369857081	G	0.0027841366083	16072	32	45	14	16163	78427
UNKNOWN	67	C	0.996102208748	T	0.00160861226258	23	16100	14	26	16163	78427
UNKNOWN	68	G	0.994988554105	A	0.00433087916847	70	7	16082	4	16163	78427
UNKNOWN	69	G	0.979335519396	A	0.0186846501268	302	15	15829	17	16163	78427
UNKNOWN	70	T	0.991585720473	C	0.0073624945864	2	119	15	16027	16163	78427
UNKNOWN	71	C	0.986450535173	G	0.00600136113345	31	15944	97	91	16163	78427
UNKNOWN	72	T	0.996225948153	C	0.00266039720349	6	43	12	16102	16163	78427
UNKNOWN	73	C	0.997958299821	T	0.00142300315535	10	16130	0	23	16163	78427
UNKNOWN	74	T	0.994802944998	C	0.00296974571552	16	48	20	16079	16163	78427
UNKNOWN	75	G	0.998886345357	A	0.000989915238508	16	2	16145	0	16163	78427
UNKNOWN	76	G	0.994493596486	A	0.00395966095403	64	21	16074	4	16163	78427
UNKNOWN	77	A	0.997525211904	G	0.00123739404813	16123	7	20	13	16163	78427
UNKNOWN	78	T	0.99820577863	G	0.00105178494091	5	7	17	16134	16163	78427
UNKNOWN	79	T	0.997339602797	C	0.00235104869146	1	38	4	16120	16163	78427
UNKNOWN	80	C	0.9948648147	T	0.00352657303718	20	16080	6	57	16163	78427
UNKNOWN	81	T	0.995669120832	C	0.00303161541793	1	49	20	16093	16163	78427
UNKNOWN	82	C	0.995854729939	T	0.00210356988183	32	16096	1	34	16163	78427
UNKNOWN	83	A	0.990967023449	G	0.0055064035142	16017	12	89	45	16163	78427
UNKNOWN	84	T	0.983171440945	C	0.0126832889934	15	205	52	15891	16163	78427
UNKNOWN	85	T	0.997092123987	G	0.00154674256017	2	20	25	16116	16163	78427
UNKNOWN	86	G	0.990967023449	A	0.00816680071769	132	4	16017	10	16163	78427
UNKNOWN	87	A	0.991956938687	G	0.00581575202623	16033	32	94	4	16163	78427
UNKNOWN	88	G	0.975561467549	A	0.0160861226258	260	124	15768	11	16163	78427
UNKNOWN	89	C	0.98843036565	T	0.00680566726474	48	15976	29	110	16163	78427
UNKNOWN	90	A	0.990905153746	G	0.00730062488399	16016	14	118	15	16163	78427
UNKNOWN	91	G	0.952855286766	A	0.0306873723937	496	215	15401	51	16163	78427
UNKNOWN	92	C	0.977046340407	T	0.0125595495886	68	15792	100	203	16163	78427
UNKNOWN	93	T	0.982738353029	A	0.00705314607437	114	66	99	15884	16163	78427
UNKNOWN	94	A	0.982367134814	G	0.00618697024067	15878	90	100	95	16163	78427
UNKNOWN	95	T	0.99356555095	C	0.00420713976366	6	68	30	16059	16163	78427
UNKNOWN	96	G	0.936336076223	A	0.0487533254965	788	107	15134	134	16163	78427
UNKNOWN	97	C	0.947348883252	T	0.0201695229846	209	15312	316	326	16163	78427
UNKNOWN	98	T	0.992080678092	C	0.00340283363237	20	55	53	16035	16163	78427
UNKNOWN	99	G	0.94011012807	A	0.057353214131	927	8	15195	33	16163	78427
UNKNOWN	100	T	0.995297902617	C	0.00346470333478	16	56	4	16087	16163	78427
UNKNOWN	101	A	0.948957495514	G	0.0288312813215	15338	160	466	199	16163	78427
UNKNOWN	102	A	0.793973890986	G	0.189445028769	12833	118	3062	150	16163	78427
UNKNOWN	103	G	0.7609354699	A	0.156901565303	2536	927	12299	401	16163	78427
UNKNOWN	104	C	0.983047701541	T	0.0100847614923	50	15889	61	163	16163	78427
UNKNOWN	105	T	0.997401472499	G	0.00173235166739	1	13	28	16121	16163	78427
UNKNOWN	106	G	0.999010084761	T	0.000742436428881	3	1	16147	12	16163	78427
UNKNOWN	107	G	0.999628781786	A	0.000247478809627	4	2	16157	0	16163	78427
UNKNOWN	108	G	0.98533688053	A	0.00897110684898	145	33	15926	59	16163	78427
UNKNOWN	109	T	0.998020169523	C	0.00167048196498	1	27	4	16131	16163	78427
UNKNOWN	110	C	0.996473426963	T	0.00253665779868	3	16106	13	41	16163	78427
UNKNOWN	111	C	0.99820577863	G	0.00105178494091	7	16134	17	5	16163	78427
UNKNOWN	112	G	0.99845325744	C	0.000989915238508	7	16	16138	2	16163	78427
UNKNOWN	113	C	0.999071954464	T	0.00037121821444	5	16148	4	6	16163	78427
UNKNOWN	114	C	0.998020169523	A	0.0017942213698	29	16131	0	3	16163	78427
UNKNOWN	115	A	0.994802944998	G	0.00358844273959	16079	23	58	3	16163	78427
UNKNOWN	116	G	0.998700736249	A	0.000928045536101	15	3	16142	3	16163	78427
UNKNOWN	117	G	0.988121017138	A	0.00816680071769	132	52	15971	8	16163	78427
UNKNOWN	118	C	0.99690651488	T	0.00235104869146	8	16113	4	38	16163	78427
UNKNOWN	119	T	0.996164078451	C	0.00284600631071	6	46	10	16101	16163	78427
UNKNOWN	120	C	0.997896430118	A	0.000804306131288	13	16129	11	10	16163	78427
UNKNOWN	121	C	0.997525211904	A	0.00160861226258	26	16123	5	9	16163	78427
UNKNOWN	122	A	0.89049062674	G	0.107777021593	14393	13	1742	15	16163	78427
UNKNOWN	123	G	0.998886345357	A	0.000742436428881	12	2	16145	4	16163	78427
UNKNOWN	124	G	0.996473426963	A	0.00191796077461	31	14	16106	12	16163	78427
UNKNOWN	125	G	0.986388665471	A	0.0115696343501	187	17	15943	16	16163	78427
UNKNOWN	126	A	0.997215863392	G	0.00228917898905	16118	7	37	1	16163	78427
UNKNOWN	127	A	0.992884984223	G	0.00618697024067	16048	13	100	2	16163	78427
UNKNOWN	128	G	0.995978469344	T	0.00210356988183	17	14	16098	34	16163	78427
UNKNOWN	129	G	0.984718183506	A	0.00841427952732	136	91	15916	20	16163	78427
UNKNOWN	130	C	0.991833199282	T	0.00470209738291	19	16031	37	76	16163	78427
UNKNOWN	131	G	0.895811421147	A	0.09948648147	1608	57	14479	19	16163	78427
UNKNOWN	132	C	0.993936769164	T	0.00439274887088	12	16065	15	71	16163	78427
UNKNOWN	133	T	0.991585720473	G	0.00383592154922	13	61	62	16027	16163	78427
UNKNOWN	134	G	0.979088040587	A	0.0157767741137	255	16	15825	67	16163	78427
UNKNOWN	135	G	0.996225948153	A	0.00296974571552	48	9	16102	4	16163	78427
UNKNOWN	136	A	0.99201880839	G	0.00600136113345	16034	21	97	11	16163	78427
UNKNOWN	137	G	0.984408834994	A	0.0111365464332	180	19	15911	53	16163	78427
UNKNOWN	138	T	0.995174163212	G	0.00334096392996	3	21	54	16085	16163	78427
UNKNOWN	139	G	0.993441811545	C	0.00253665779868	37	41	16057	28	16163	78427
UNKNOWN	140	C	0.589432654829	G	0.39485244076	18	9527	6382	236	16163	78427
UNKNOWN	141	C	0.614366144899	G	0.356369485863	368	9930	5760	105	16163	78427
UNKNOWN	142	T	0.99511229351	C	0.00358844273959	6	58	15	16084	16163	78427
UNKNOWN	143	C	0.619315721091	T	0.373198044917	20	10010	101	6032	16163	78427
UNKNOWN	144	G	0.995669120832	A	0.00358844273959	58	3	16093	9	16163	78427
UNKNOWN	145	G	0.989605889996	C	0.00513518529976	3	83	15995	82	16163	78427
UNKNOWN	146	T	0.984718183506	G	0.00934232506342	35	61	151	15916	16163	78427
UNKNOWN	147	G	0.932005197055	A	0.0566107777022	915	65	15064	119	16163	78427
UNKNOWN	148	G	0.934789333663	C	0.03316216049	256	536	15109	262	16163	78427
UNKNOWN	149	T	0.945616531584	G	0.038792303409	188	64	627	15284	16163	78427
UNKNOWN	150	A	0.947410752954	G	0.0444843160304	15313	8	719	123	16163	78427
UNKNOWN	151	T	0.990657674937	A	0.0045783579781	74	42	35	16012	16163	78427
UNKNOWN	152	A	0.959537214626	G	0.021901874652	15509	107	354	193	16163	78427
UNKNOWN	153	A	0.92055930211	G	0.0670048877065	14879	109	1083	92	16163	78427
UNKNOWN	154	G	0.861349996907	A	0.0987440450411	1596	464	13922	181	16163	78427
UNKNOWN	155	C	0.8277547485	T	0.139206830415	290	13379	244	2250	16163	78427
UNKNOWN	156	A	0.927426839077	G	0.0629214873476	14990	120	1017	36	16163	78427
UNKNOWN	157	G	0.927983666399	A	0.0380498669801	615	302	14999	247	16163	78427
UNKNOWN	158	T	0.976303903978	G	0.0152199467921	54	83	246	15780	16163	78427
UNKNOWN	159	G	0.915114768298	A	0.0715213759822	1156	145	14791	71	16163	78427
UNKNOWN	160	G	0.933613809318	A	0.0411433521005	665	221	15090	187	16163	78427
UNKNOWN	161	T	0.975252119037	G	0.0121264616717	66	138	196	15763	16163	78427
UNKNOWN	162	G	0.99177132958	A	0.00606323083586	98	10	16030	25	16163	78427
UNKNOWN	163	G	0.982243395409	A	0.0153436861969	248	20	15876	19	16163	78427
UNKNOWN	164	A	0.980820392254	G	0.0115077646477	15853	92	186	32	16163	78427
UNKNOWN	165	A	0.947781971169	G	0.0392253913259	15319	98	634	112	16163	78427
UNKNOWN	166	G	0.818103074924	A	0.0977541298026	1580	766	13223	594	16163	78427
UNKNOWN	167	C	0.901132215554	T	0.0438656190064	574	14565	315	709	16163	78427
UNKNOWN	168	A	0.965909793974	G	0.0177566045907	15612	205	287	59	16163	78427
UNKNOWN	169	C	0.96993132463	T	0.0165192105426	179	15677	40	267	16163	78427
UNKNOWN	170	A	0.974509682608	T	0.0116315040525	15751	38	186	188	16163	78427
UNKNOWN	171	G	0.539008847367	T	0.396584792427	792	249	8712	6410	16163	78427
UNKNOWN	172	A	0.592649879354	G	0.358720534554	9579	525	5798	261	16163	78427
UNKNOWN	173	C	0.966528490998	T	0.0173235166739	89	15622	172	280	16163	78427
UNKNOWN	174	T	0.985831838149	A	0.00878549774176	142	73	14	15934	16163	78427
UNKNOWN	175	A	0.981686568088	T	0.0107034585164	15867	54	69	173	16163	78427
UNKNOWN	176	T	0.981377219576	C	0.00934232506342	133	151	17	15862	16163	78427
UNKNOWN	177	A	0.991276371961	G	0.00395966095403	16022	58	64	19	16163	78427
UNKNOWN	178	A	0.985275010827	C	0.00934232506342	15925	151	62	25	16163	78427
UNKNOWN	179	C	0.937944688486	T	0.0493101528182	91	15160	115	797	16163	78427
UNKNOWN	180	C	0.972777330941	T	0.0168285590546	63	15723	105	272	16163	78427
UNKNOWN	181	C	0.983975747077	A	0.0091567159562	148	15904	40	71	16163	78427
UNKNOWN	182	A	0.977231949514	G	0.0145393800656	15795	62	235	71	16163	78427
UNKNOWN	183	G	0.977974385943	C	0.0111984161356	156	181	15807	19	16163	78427
UNKNOWN	184	C	0.985275010827	T	0.00754810369362	44	15925	72	122	16163	78427
UNKNOWN	185	C	0.993874899462	T	0.00334096392996	35	16064	10	54	16163	78427
UNKNOWN	186	C	0.98688362309	T	0.0114458949452	15	15951	12	185	16163	78427
UNKNOWN	187	T	0.987564189816	G	0.0105797191116	17	13	171	15962	16163	78427
UNKNOWN	188	G	0.974757161418	A	0.020231392687	327	32	15755	49	16163	78427
UNKNOWN	189	A	0.990905153746	G	0.00575388232383	16016	40	93	14	16163	78427
UNKNOWN	190	A	0.99022458702	G	0.00507331559735	16005	60	82	16	16163	78427
UNKNOWN	191	A	0.981810307492	T	0.0118789828621	15869	43	59	192	16163	78427
UNKNOWN	192	T	0.983913877374	C	0.0141681618511	13	229	18	15903	16163	78427
UNKNOWN	193	C	0.996844645177	A	0.00197983047702	32	16112	5	14	16163	78427
UNKNOWN	194	C	0.98818288684	T	0.00575388232383	41	15972	57	93	16163	78427
UNKNOWN	195	C	0.987687929221	G	0.0103322403019	20	15964	167	12	16163	78427
UNKNOWN	196	G	0.997092123987	T	0.00117552434573	12	16	16116	19	16163	78427
UNKNOWN	197	G	0.939305821939	A	0.0394728701355	638	263	15182	80	16163	78427
UNKNOWN	198	C	0.984099486481	T	0.0113221555404	32	15906	42	183	16163	78427
UNKNOWN	199	T	0.987131101899	C	0.0111984161356	14	181	13	15955	16163	78427
UNKNOWN	200	C	0.984470704696	A	0.0107034585164	173	15912	23	55	16163	78427
UNKNOWN	201	A	0.982738353029	G	0.0143537709584	15884	32	232	15	16163	78427
UNKNOWN	202	G	0.968013363856	C	0.0240054445338	52	388	15646	77	16163	78427
UNKNOWN	203	C	0.959537214626	T	0.023881705129	225	15509	43	386	16163	78427
UNKNOWN	204	A	0.982367134814	T	0.010641588814	15878	30	83	172	16163	78427
UNKNOWN	205	T	0.986450535173	C	0.0117552434573	20	190	9	15944	16163	78427
UNKNOWN	206	C	0.984718183506	A	0.0116315040525	188	15916	7	52	16163	78427
UNKNOWN	207	A	0.98150095898	C	0.0118171131597	15864	191	69	39	16163	78427
UNKNOWN	208	C	0.991276371961	G	0.00334096392996	44	16022	54	43	16163	78427
UNKNOWN	209	C	0.969560106416	A	0.0147868588752	239	15671	135	118	16163	78427
UNKNOWN	210	A	0.994555466188	G	0.00241291839386	16075	38	39	11	16163	78427
UNKNOWN	211	A	0.982119656004	G	0.01491059828	15874	38	241	10	16163	78427
UNKNOWN	212	G	0.988925323269	A	0.00760997339603	123	43	15984	13	16163	78427
UNKNOWN	213	G	0.979768607313	A	0.0164573408402	266	36	15836	25	16163	78427
UNKNOWN	214	A	0.986264926066	C	0.0110746767308	15941	179	26	17	16163	78427
UNKNOWN	215	C	0.974880900823	A	0.012930767803	209	15757	73	124	16163	78427
UNKNOWN	216	A	0.99152385077	G	0.00569201262142	16026	23	92	22	16163	78427
UNKNOWN	217	A	0.981686568088	C	0.0128070283982	15867	207	73	16	16163	78427
UNKNOWN	218	C	0.969188888201	T	0.0269751902493	18	15665	44	436	16163	78427
UNKNOWN	219	T	0.981562828683	C	0.0126832889934	32	205	61	15865	16163	78427
UNKNOWN	220	C	0.995483511724	A	0.00321722452515	52	16090	1	20	16163	78427
UNKNOWN	221	C	0.97661325249	A	0.0172616469715	279	15785	33	66	16163	78427
UNKNOWN	222	A	0.989049062674	G	0.00631070964549	15986	67	102	8	16163	78427
UNKNOWN	223	A	0.982985831838	G	0.0159623832209	15888	9	258	8	16163	78427
UNKNOWN	224	G	0.978778692074	A	0.016581080245	268	62	15820	13	16163	78427
UNKNOWN	225	A	0.981067871064	G	0.0160861226258	15857	38	260	8	16163	78427
UNKNOWN	226	G	0.942708655571	A	0.0420713976366	680	229	15237	17	16163	78427
UNKNOWN	227	C	0.977046340407	T	0.018560910722	43	15792	28	300	16163	78427
UNKNOWN	228	C	0.982305265112	A	0.0134257254223	217	15877	65	4	16163	78427
UNKNOWN	229	A	0.994926684403	G	0.00352657303718	16081	3	57	22	16163	78427
UNKNOWN	230	A	0.972344243024	G	0.0254903173916	15716	23	412	12	16163	78427
UNKNOWN	231	G	0.963558745282	A	0.0178803439955	289	61	15574	239	16163	78427
UNKNOWN	232	T	0.984718183506	C	0.0144156406608	4	233	10	15916	16163	78427
UNKNOWN	233	C	0.974571552311	T	0.0195508259605	12	15752	83	316	16163	78427
UNKNOWN	234	T	0.983666398565	C	0.0145393800656	6	235	23	15899	16163	78427
UNKNOWN	235	C	0.982490874219	T	0.0163954711378	18	15880	0	265	16163	78427
UNKNOWN	236	T	0.97351976737	C	0.0201076532822	11	325	92	15735	16163	78427
UNKNOWN	237	C	0.984965662315	T	0.013240116315	15	15920	14	214	16163	78427
UNKNOWN	238	T	0.985522489637	G	0.0127451586958	3	25	206	15929	16163	78427
UNKNOWN	239	G	0.961640784508	A	0.0199839138774	323	76	15543	221	16163	78427
UNKNOWN	240	T	0.979768607313	C	0.0140444224463	49	227	51	15836	16163	78427
UNKNOWN	241	C	0.980634783147	A	0.013240116315	214	15850	13	86	16163	78427
UNKNOWN	242	A	0.970983109571	G	0.0216543958424	15694	80	350	39	16163	78427
UNKNOWN	243	G	0.934913073068	A	0.0288931510239	467	314	15111	271	16163	78427
UNKNOWN	244	T	0.985275010827	G	0.0126832889934	11	22	205	15925	16163	78427
UNKNOWN	245	G	0.965847924271	A	0.0276557569758	447	57	15611	48	16163	78427
UNKNOWN	246	A	0.970116933738	G	0.0256140567964	15680	65	414	4	16163	78427
UNKNOWN	247	G	0.936459815628	A	0.0337808575141	546	405	15136	76	16163	78427
UNKNOWN	248	C	0.96863206088	T	0.0147249891728	232	15656	37	238	16163	78427
UNKNOWN	249	A	0.977603167729	G	0.0196745653653	15801	42	318	2	16163	78427
UNKNOWN	250	G	0.973396027965	C	0.0156530347089	163	253	15733	14	16163	78427
UNKNOWN	251	C	0.97995421642	G	0.0136113345295	33	15839	220	71	16163	78427
UNKNOWN	252	G	0.978221864753	T	0.0131782466126	109	30	15811	213	16163	78427
UNKNOWN	253	T	0.9819959166	G	0.0129926375054	12	69	210	15872	16163	78427
UNKNOWN	254	G	0.965786054569	A	0.0269751902493	436	78	15610	39	16163	78427
UNKNOWN	255	A	0.976303903978	C	0.0128070283982	15780	207	123	53	16163	78427
UNKNOWN	256	C	0.98354265916	A	0.0136732042319	221	15897	12	33	16163	78427
UNKNOWN	257	A	0.97327228856	C	0.0142300315535	15731	230	151	51	16163	78427
UNKNOWN	258	C	0.975004640228	A	0.0156530347089	253	15759	55	96	16163	78427
UNKNOWN	259	C	0.976798861597	T	0.0176328651859	35	15788	55	285	16163	78427
UNKNOWN	260	T	0.972962940048	G	0.0188702592341	44	88	305	15726	16163	78427
UNKNOWN	261	G	0.984037616779	A	0.0146631194704	237	8	15905	13	16163	78427
UNKNOWN	262	A	0.981686568088	G	0.016890428757	15867	15	273	8	16163	78427
UNKNOWN	263	G	0.963373136175	A	0.0234486172122	379	163	15571	50	16163	78427
UNKNOWN	264	G	0.984037616779	A	0.0140444224463	227	11	15905	20	16163	78427
UNKNOWN	265	A	0.984656313803	C	0.0136732042319	15915	221	21	6	16163	78427
UNKNOWN	266	C	0.976736991895	A	0.0140444224463	227	15787	23	126	16163	78427
UNKNOWN	267	A	0.97351976737	C	0.0127451586958	15735	206	149	73	16163	78427
UNKNOWN	268	C	0.984780053208	G	0.0111365464332	50	15917	180	16	16163	78427
UNKNOWN	269	G	0.804244261585	A	0.191919816866	3102	44	12999	18	16163	78427
UNKNOWN	270	G	0.981377219576	C	0.0133638557199	30	216	15862	55	16163	78427
UNKNOWN	271	C	0.994431726783	G	0.00290787601312	36	16073	47	7	16163	78427
UNKNOWN	272	C	0.983171440945	A	0.0141681618511	229	15891	18	25	16163	78427
UNKNOWN	273	A	0.98174843779	C	0.0128070283982	15868	207	62	26	16163	78427
UNKNOWN	274	C	0.980387304337	A	0.0140444224463	227	15846	23	67	16163	78427
UNKNOWN	275	A	0.959846563138	G	0.0212213079255	15514	41	343	265	16163	78427
UNKNOWN	276	T	0.985275010827	A	0.0128070283982	207	18	13	15925	16163	78427
UNKNOWN	277	A	0.984099486481	C	0.012621419291	15906	204	19	34	16163	78427
UNKNOWN	278	C	0.949823671348	T	0.0488770649013	16	15352	5	790	16163	78427
UNKNOWN	279	T	0.981810307492	A	0.0137350739343	222	55	17	15869	16163	78427
UNKNOWN	280	A	0.974880900823	C	0.014601249768	15757	236	22	148	16163	78427
UNKNOWN	281	C	0.968013363856	T	0.0305017632865	9	15646	15	493	16163	78427
UNKNOWN	282	T	0.984780053208	G	0.0140444224463	8	11	227	15917	16163	78427
