Type	Position	Nucl1	Freq1	Nucl2	Freq2	NumAs	NumCs	NumGs	NumTs	NumAligned	NumNaive
UNKNOWN	0	C	1.0	A	0.0	0	8474	0	0	8474	141507
UNKNOWN	1	A	1.0	C	0.0	8474	0	0	0	8474	141507
UNKNOWN	2	G	1.0	A	0.0	0	0	8474	0	8474	141507
UNKNOWN	3	G	1.0	A	0.0	0	0	8474	0	8474	141507
UNKNOWN	4	T	1.0	A	0.0	0	0	0	8474	8474	141507
UNKNOWN	5	G	1.0	A	0.0	0	0	8474	0	8474	141507
UNKNOWN	6	C	1.0	A	0.0	0	8474	0	0	8474	141507
UNKNOWN	7	A	0.998819919755	G	0.00106207222091	8464	0	9	1	8474	141507
UNKNOWN	8	G	0.99091338211	A	0.00767052159547	65	7	8397	5	8474	141507
UNKNOWN	9	C	0.998819919755	T	0.00106207222091	0	8464	1	9	8474	141507
UNKNOWN	10	T	0.998937927779	C	0.00106207222091	0	9	0	8465	8474	141507
UNKNOWN	11	G	0.998111871607	A	0.00153410431909	13	1	8458	2	8474	141507
UNKNOWN	12	C	0.998937927779	T	0.000944064196365	1	8465	0	8	8474	141507
UNKNOWN	13	G	0.998111871607	A	0.00165211234364	14	1	8458	1	8474	141507
UNKNOWN	14	G	0.875619542129	C	0.123908425773	3	1050	7420	1	8474	141507
UNKNOWN	15	G	0.998583903705	C	0.000708048147274	3	6	8462	3	8474	141507
UNKNOWN	16	A	0.997757847534	G	0.00141609629455	8455	6	12	1	8474	141507
UNKNOWN	17	G	0.990323341987	A	0.00837856974274	71	10	8392	1	8474	141507
UNKNOWN	18	T	0.998347887656	C	0.00141609629455	1	12	1	8460	8474	141507
UNKNOWN	19	C	0.999173943828	T	0.000472032098183	2	8467	1	4	8474	141507
UNKNOWN	20	G	0.997167807411	A	0.00236016049091	20	3	8450	1	8474	141507
UNKNOWN	21	G	0.999291951853	C	0.000590040122728	0	5	8468	1	8474	141507
UNKNOWN	22	G	0.998819919755	C	0.000708048147274	3	6	8464	1	8474	141507
UNKNOWN	23	C	0.998937927779	T	0.00082605617182	2	8465	0	7	8474	141507
UNKNOWN	24	C	1.0	A	0.0	0	8474	0	0	8474	141507
UNKNOWN	25	C	0.999527967902	T	0.000354024073637	0	8470	1	3	8474	141507
UNKNOWN	26	C	0.999409959877	A	0.000472032098183	4	8469	0	1	8474	141507
UNKNOWN	27	A	0.998229879632	G	0.00153410431909	8459	1	13	1	8474	141507
UNKNOWN	28	G	0.995869719141	C	0.00259617654	12	22	8439	1	8474	141507
UNKNOWN	29	C	0.998465895681	T	0.00106207222091	0	8461	4	9	8474	141507
UNKNOWN	30	C	0.999055935804	T	0.00082605617182	1	8466	0	7	8474	141507
UNKNOWN	31	T	0.998229879632	C	0.00118008024546	1	10	4	8459	8474	141507
UNKNOWN	32	G	0.993863582724	A	0.00377625678546	32	3	8422	17	8474	141507
UNKNOWN	33	G	0.99870191173	C	0.000590040122728	3	5	8463	3	8474	141507
UNKNOWN	34	T	0.997993863583	C	0.00165211234364	0	14	3	8457	8474	141507
UNKNOWN	35	G	0.998111871607	A	0.00129808827	11	4	8458	1	8474	141507
UNKNOWN	36	A	0.998937927779	C	0.000708048147274	8465	6	3	0	8474	141507
UNKNOWN	37	A	0.995397687043	G	0.00389426481001	8435	6	33	0	8474	141507
UNKNOWN	38	G	0.997285815435	A	0.00236016049091	20	3	8451	0	8474	141507
UNKNOWN	39	C	0.994217606797	T	0.00295020061364	9	8425	15	25	8474	141507
UNKNOWN	40	C	0.999763983951	A	0.000118008024546	1	8472	0	1	8474	141507
UNKNOWN	41	C	0.997049799386	G	0.00236016049091	0	8449	20	5	8474	141507
UNKNOWN	42	T	0.998229879632	C	0.00153410431909	0	13	2	8459	8474	141507
UNKNOWN	43	C	0.998465895681	T	0.000944064196365	5	8461	0	8	8474	141507
UNKNOWN	44	A	0.997521831485	C	0.00118008024546	8453	10	9	2	8474	141507
UNKNOWN	45	C	0.998819919755	G	0.000590040122728	4	8464	5	1	8474	141507
UNKNOWN	46	A	0.998583903705	G	0.000944064196365	8462	3	8	1	8474	141507
UNKNOWN	47	G	0.998111871607	A	0.00165211234364	14	2	8458	0	8474	141507
UNKNOWN	48	A	0.997285815435	C	0.00118008024546	8451	10	10	3	8474	141507
UNKNOWN	49	C	0.999291951853	T	0.000472032098183	0	8468	2	4	8474	141507
UNKNOWN	50	C	0.998583903705	T	0.000944064196365	2	8462	2	8	8474	141507
UNKNOWN	51	C	0.996931791362	T	0.00247816851546	4	8448	1	21	8474	141507
UNKNOWN	52	T	0.997757847534	C	0.00224215246637	0	19	0	8455	8474	141507
UNKNOWN	53	C	0.998819919755	T	0.000590040122728	3	8464	2	5	8474	141507
UNKNOWN	54	T	0.997875855558	C	0.00177012036819	1	15	2	8456	8474	141507
UNKNOWN	55	C	0.998819919755	T	0.00082605617182	3	8464	0	7	8474	141507
UNKNOWN	56	C	0.998229879632	G	0.00129808827	0	8459	11	4	8474	141507
UNKNOWN	57	C	0.997993863583	T	0.00129808827	2	8457	4	11	8474	141507
UNKNOWN	58	T	0.997757847534	C	0.00224215246637	0	19	0	8455	8474	141507
UNKNOWN	59	C	0.99870191173	A	0.000708048147274	6	8463	1	4	8474	141507
UNKNOWN	60	A	0.998111871607	C	0.000944064196365	8458	8	8	0	8474	141507
UNKNOWN	61	C	0.999173943828	T	0.000354024073637	1	8467	3	3	8474	141507
UNKNOWN	62	C	0.998819919755	T	0.00082605617182	1	8464	2	7	8474	141507
UNKNOWN	63	T	0.998229879632	C	0.00118008024546	0	10	5	8459	8474	141507
UNKNOWN	64	G	0.999291951853	C	0.000472032098183	2	4	8468	0	8474	141507
UNKNOWN	65	C	0.99610573519	T	0.00295020061364	6	8441	2	25	8474	141507
UNKNOWN	66	A	0.99740382346	G	0.00118008024546	8452	8	10	4	8474	141507
UNKNOWN	67	C	0.997049799386	T	0.00247816851546	0	8449	4	21	8474	141507
UNKNOWN	68	G	0.994453622846	A	0.00330422468728	28	18	8427	1	8474	141507
UNKNOWN	69	A	0.712414444182	G	0.281449138541	6037	37	2385	15	8474	141507
UNKNOWN	70	T	0.992447486429	C	0.00696247344819	1	59	4	8410	8474	141507
UNKNOWN	71	C	0.985248996932	T	0.00719848949729	23	8349	41	61	8474	141507
UNKNOWN	72	T	0.997521831485	C	0.00236016049091	0	20	1	8453	8474	141507
UNKNOWN	73	C	0.999055935804	T	0.000590040122728	3	8466	0	5	8474	141507
UNKNOWN	74	T	0.997049799386	C	0.00177012036819	3	15	7	8449	8474	141507
UNKNOWN	75	G	0.998819919755	A	0.00106207222091	9	0	8464	1	8474	141507
UNKNOWN	76	G	0.996459759264	A	0.00259617654	22	4	8444	4	8474	141507
UNKNOWN	77	A	0.991739438282	G	0.00389426481001	8404	26	33	11	8474	141507
UNKNOWN	78	T	0.996341751239	C	0.00295020061364	2	25	4	8443	8474	141507
UNKNOWN	79	T	0.997167807411	C	0.00177012036819	0	15	9	8450	8474	141507
UNKNOWN	80	C	0.996459759264	T	0.00247816851546	4	8444	5	21	8474	141507
UNKNOWN	81	T	0.996341751239	C	0.0028321925891	2	24	5	8443	8474	141507
UNKNOWN	82	C	0.996459759264	T	0.00236016049091	10	8444	0	20	8474	141507
UNKNOWN	83	A	0.996341751239	G	0.00141609629455	8443	11	12	8	8474	141507
UNKNOWN	84	T	0.985839037055	C	0.01168279443	5	99	16	8354	8474	141507
UNKNOWN	85	T	0.997167807411	C	0.00177012036819	0	15	9	8450	8474	141507
UNKNOWN	86	G	0.990441350012	A	0.00885060184093	75	2	8393	4	8474	141507
UNKNOWN	87	A	0.992683502478	G	0.00531036110456	8412	15	45	2	8474	141507
UNKNOWN	88	G	0.968727873495	A	0.0189992919519	161	86	8209	18	8474	141507
UNKNOWN	89	C	0.978286523484	T	0.0120368185037	28	8290	54	102	8474	141507
UNKNOWN	90	A	0.991857446306	G	0.00590040122728	8405	16	50	3	8474	141507
UNKNOWN	91	G	0.9091338211	A	0.0567618598065	481	129	7704	160	8474	141507
UNKNOWN	92	C	0.964479584612	G	0.0177012036819	18	8173	150	133	8474	141507
UNKNOWN	93	T	0.983714892613	A	0.0082605617182	70	36	32	8336	8474	141507
UNKNOWN	94	A	0.98182676422	C	0.00849657776729	8320	72	25	57	8474	141507
UNKNOWN	95	T	0.991621430257	G	0.0041302808591	4	32	35	8403	8474	141507
UNKNOWN	96	G	0.921996695775	A	0.0562898277083	477	108	7813	76	8474	141507
UNKNOWN	97	C	0.785107387302	G	0.172999763984	217	6653	1466	138	8474	141507
UNKNOWN	98	T	0.993391550625	C	0.00389426481001	5	33	18	8418	8474	141507
UNKNOWN	99	G	0.979938635827	A	0.0178192117064	151	6	8304	13	8474	141507
UNKNOWN	100	T	0.997639839509	A	0.00106207222091	9	9	2	8454	8474	141507
UNKNOWN	101	A	0.981590748171	G	0.0123908425773	8318	32	105	19	8474	141507
UNKNOWN	102	G	0.861340571159	A	0.134411139958	1139	25	7299	11	8474	141507
UNKNOWN	103	G	0.929431201322	A	0.0466131696955	395	115	7876	88	8474	141507
UNKNOWN	104	C	0.99091338211	T	0.00578239320274	11	8397	17	49	8474	141507
UNKNOWN	105	T	0.99740382346	C	0.00141609629455	0	12	10	8452	8474	141507
UNKNOWN	106	G	0.999055935804	C	0.000472032098183	2	4	8466	2	8474	141507
UNKNOWN	107	G	0.999291951853	C	0.000354024073637	0	3	8468	3	8474	141507
UNKNOWN	108	G	0.982652820392	A	0.0123908425773	105	24	8327	18	8474	141507
UNKNOWN	109	T	0.996695775313	C	0.00295020061364	2	25	1	8446	8474	141507
UNKNOWN	110	C	0.99870191173	T	0.000944064196365	0	8463	3	8	8474	141507
UNKNOWN	111	C	0.998465895681	G	0.000944064196365	1	8461	8	4	8474	141507
UNKNOWN	112	G	0.998111871607	C	0.00106207222091	5	9	8458	2	8474	141507
UNKNOWN	113	C	0.999291951853	T	0.000472032098183	2	8468	0	4	8474	141507
UNKNOWN	114	C	0.99870191173	A	0.00118008024546	10	8463	0	1	8474	141507
UNKNOWN	115	A	0.996341751239	G	0.00306820863819	8443	5	26	0	8474	141507
UNKNOWN	116	G	0.998347887656	C	0.00106207222091	4	9	8460	1	8474	141507
UNKNOWN	117	G	0.989969317914	A	0.00861458579183	73	10	8389	2	8474	141507
UNKNOWN	118	C	0.993627566675	G	0.00354024073637	0	8420	30	24	8474	141507
UNKNOWN	119	T	0.992683502478	C	0.00531036110456	1	45	16	8412	8474	141507
UNKNOWN	120	C	0.997639839509	G	0.00141609629455	5	8454	12	3	8474	141507
UNKNOWN	121	C	0.998465895681	A	0.00129808827	11	8461	0	2	8474	141507
UNKNOWN	122	A	0.985012980883	G	0.01168279443	8347	24	99	4	8474	141507
UNKNOWN	123	G	0.997993863583	A	0.00165211234364	14	2	8457	1	8474	141507
UNKNOWN	124	G	0.998111871607	A	0.00106207222091	9	2	8458	5	8474	141507
UNKNOWN	125	G	0.989851309889	A	0.00944064196365	80	5	8388	1	8474	141507
UNKNOWN	126	A	0.998465895681	G	0.00129808827	8461	1	11	1	8474	141507
UNKNOWN	127	A	0.995397687043	G	0.00424828888364	8435	1	36	2	8474	141507
UNKNOWN	128	G	0.998347887656	A	0.00153410431909	13	1	8460	0	8474	141507
UNKNOWN	129	G	0.988435213595	A	0.00649044135001	55	24	8376	19	8474	141507
UNKNOWN	130	C	0.995987727165	T	0.00224215246637	3	8440	12	19	8474	141507
UNKNOWN	131	G	0.98572102903	A	0.00908661789002	77	26	8353	18	8474	141507
UNKNOWN	132	C	0.990795374085	T	0.00601840925183	25	8396	2	51	8474	141507
UNKNOWN	133	T	0.990323341987	C	0.00601840925183	3	51	28	8392	8474	141507
UNKNOWN	134	G	0.971914090158	A	0.02336558886	198	9	8236	31	8474	141507
UNKNOWN	135	G	0.997049799386	A	0.00177012036819	15	7	8449	3	8474	141507
UNKNOWN	136	A	0.991385414208	G	0.00778852962001	8401	7	66	0	8474	141507
UNKNOWN	137	G	0.932853434034	A	0.0630162851074	534	21	7905	14	8474	141507
UNKNOWN	138	T	0.993391550625	G	0.00401227283455	10	12	34	8418	8474	141507
UNKNOWN	139	G	0.950790653764	A	0.0356384234128	302	49	8057	66	8474	141507
UNKNOWN	140	T	0.869247108803	C	0.103965069625	10	881	217	7366	8474	141507
UNKNOWN	141	C	0.972858154354	G	0.0239556289828	12	8244	203	15	8474	141507
UNKNOWN	142	T	0.997993863583	C	0.00118008024546	0	10	7	8457	8474	141507
UNKNOWN	143	T	0.881991975454	C	0.108331366533	7	918	75	7474	8474	141507
UNKNOWN	144	G	0.990441350012	A	0.00885060184093	75	2	8393	4	8474	141507
UNKNOWN	145	G	0.989497285815	C	0.00908661789002	0	77	8385	12	8474	141507
UNKNOWN	146	T	0.984658956809	G	0.00578239320274	37	44	49	8344	8474	141507
UNKNOWN	147	G	0.86629690819	A	0.118244040595	1002	40	7341	91	8474	141507
UNKNOWN	148	G	0.905357564314	A	0.0533396270946	452	179	7672	171	8474	141507
UNKNOWN	149	T	0.967075761152	G	0.0130988907246	74	94	111	8195	8474	141507
UNKNOWN	150	A	0.961647392023	G	0.033514278971	8149	7	284	34	8474	141507
UNKNOWN	151	T	0.993745574699	C	0.00247816851546	18	21	14	8421	8474	141507
UNKNOWN	152	A	0.970497993864	T	0.0123908425773	8224	48	97	105	8474	141507
UNKNOWN	153	A	0.927779088978	G	0.0660844937456	7862	24	560	28	8474	141507
UNKNOWN	154	G	0.875265518055	A	0.0926362992684	785	225	7417	47	8474	141507
UNKNOWN	155	T	0.918928487137	C	0.0679726221383	51	576	60	7787	8474	141507
UNKNOWN	156	A	0.835614821808	G	0.150696247345	7081	73	1277	43	8474	141507
UNKNOWN	157	G	0.884706160019	C	0.0534576351192	347	453	7497	177	8474	141507
UNKNOWN	158	T	0.982180788294	G	0.0107387302337	39	21	91	8323	8474	141507
UNKNOWN	159	G	0.757847533632	A	0.197545433089	1674	245	6422	133	8474	141507
UNKNOWN	160	G	0.870781213122	A	0.0730469671938	619	354	7379	122	8474	141507
UNKNOWN	161	T	0.96624970498	G	0.0212414444182	37	69	180	8188	8474	141507
UNKNOWN	162	G	0.99091338211	A	0.00731649752183	62	11	8397	4	8474	141507
UNKNOWN	163	G	0.989851309889	A	0.00601840925183	51	25	8388	10	8474	141507
UNKNOWN	164	A	0.969317913618	G	0.0192353080009	8214	50	163	47	8474	141507
UNKNOWN	165	A	0.938753835261	G	0.0520415388246	7955	41	441	37	8474	141507
UNKNOWN	166	G	0.631460939344	A	0.204625914562	1734	642	5351	747	8474	141507
UNKNOWN	167	C	0.903351427897	T	0.0385886240264	254	7655	238	327	8474	141507
UNKNOWN	168	A	0.969907953741	G	0.0256077413264	8219	30	217	8	8474	141507
UNKNOWN	169	C	0.973448194477	T	0.0187632759028	42	8249	24	159	8474	141507
UNKNOWN	170	A	0.986193061128	G	0.00944064196365	8357	23	80	14	8474	141507
UNKNOWN	171	G	0.965305640784	A	0.0182912438046	155	79	8180	60	8474	141507
UNKNOWN	172	G	0.832664621194	A	0.119188104791	1010	259	7056	149	8474	141507
UNKNOWN	173	C	0.987609157423	T	0.00708048147274	13	8369	32	60	8474	141507
UNKNOWN	174	T	0.993863582724	C	0.0028321925891	17	24	11	8422	8474	141507
UNKNOWN	175	A	0.991739438282	T	0.00401227283455	8404	23	13	34	8474	141507
UNKNOWN	176	T	0.985248996932	C	0.0122728345527	18	104	3	8349	8474	141507
UNKNOWN	177	A	0.993037526552	C	0.00448430493274	8415	38	15	6	8474	141507
UNKNOWN	178	A	0.991975454331	G	0.0041302808591	8406	27	35	6	8474	141507
UNKNOWN	179	C	0.925772952561	T	0.0677366060892	24	7845	31	574	8474	141507
UNKNOWN	180	C	0.965895680906	T	0.0232475808355	26	8185	66	197	8474	141507
UNKNOWN	181	C	0.985839037055	G	0.00590040122728	31	8354	50	39	8474	141507
UNKNOWN	182	A	0.988789237668	G	0.00625442530092	8379	33	53	9	8474	141507
UNKNOWN	183	G	0.984658956809	A	0.00731649752183	62	56	8344	12	8474	141507
UNKNOWN	184	C	0.984068916686	T	0.00896860986547	12	8339	47	76	8474	141507
UNKNOWN	185	C	0.998347887656	T	0.00106207222091	4	8460	1	9	8474	141507
UNKNOWN	186	C	0.99740382346	T	0.00212414444182	2	8452	2	18	8474	141507
UNKNOWN	187	T	0.996459759264	G	0.00188812839273	7	7	16	8444	8474	141507
UNKNOWN	188	G	0.98961529384	A	0.00873259381638	74	1	8386	13	8474	141507
UNKNOWN	189	A	0.989969317914	G	0.00896860986547	8389	9	76	0	8474	141507
UNKNOWN	190	A	0.993745574699	C	0.00318621666273	8421	27	18	8	8474	141507
UNKNOWN	191	A	0.987609157423	T	0.00554637715365	8369	20	38	47	8474	141507
UNKNOWN	192	T	0.991031390135	C	0.00448430493274	8	38	30	8398	8474	141507
UNKNOWN	193	C	0.997167807411	A	0.00200613641728	17	8450	2	5	8474	141507
UNKNOWN	194	C	0.993391550625	T	0.00401227283455	5	8418	17	34	8474	141507
UNKNOWN	195	C	0.99740382346	G	0.00212414444182	3	8452	18	1	8474	141507
UNKNOWN	196	G	0.998229879632	A	0.000708048147274	6	5	8459	4	8474	141507
UNKNOWN	197	G	0.969317913618	A	0.0206514042955	175	53	8214	32	8474	141507
UNKNOWN	198	C	0.995751711116	T	0.00224215246637	8	8438	9	19	8474	141507
UNKNOWN	199	T	0.996577767288	C	0.00259617654	5	22	2	8445	8474	141507
UNKNOWN	200	C	0.993273542601	A	0.00578239320274	49	8417	3	5	8474	141507
UNKNOWN	201	A	0.995397687043	G	0.00342223271182	8435	9	29	1	8474	141507
UNKNOWN	202	G	0.983596884588	C	0.0118008024546	23	100	8335	16	8474	141507
UNKNOWN	203	C	0.972268114232	T	0.0215954684919	37	8239	15	183	8474	141507
UNKNOWN	204	A	0.994453622846	G	0.00306820863819	8427	4	26	17	8474	141507
UNKNOWN	205	T	0.995397687043	C	0.00318621666273	9	27	3	8435	8474	141507
UNKNOWN	206	C	0.990087325938	T	0.00613641727637	20	8390	12	52	8474	141507
UNKNOWN	207	A	0.992683502478	G	0.00401227283455	8412	21	34	7	8474	141507
UNKNOWN	208	C	0.990205333963	G	0.00436629690819	11	8391	37	35	8474	141507
UNKNOWN	209	C	0.969317913618	T	0.0161670993628	31	8214	92	137	8474	141507
UNKNOWN	210	A	0.993981590748	C	0.00389426481001	8423	33	16	2	8474	141507
UNKNOWN	211	A	0.983242860515	G	0.0146329950437	8332	15	124	3	8474	141507
UNKNOWN	212	G	0.989025253717	A	0.00944064196365	80	10	8381	3	8474	141507
UNKNOWN	213	G	0.994099598773	A	0.00495633703092	42	7	8424	1	8474	141507
UNKNOWN	214	A	0.99480764692	C	0.0028321925891	8430	24	17	3	8474	141507
UNKNOWN	215	C	0.989379277791	T	0.00649044135001	26	8384	9	55	8474	141507
UNKNOWN	216	A	0.987727165447	G	0.00790653764456	8370	32	67	5	8474	141507
UNKNOWN	217	A	0.985367004956	C	0.0082605617182	8350	70	49	5	8474	141507
UNKNOWN	218	C	0.972976162379	T	0.0162851073873	3	8245	88	138	8474	141507
UNKNOWN	219	T	0.992919518527	C	0.00295020061364	24	25	11	8414	8474	141507
UNKNOWN	220	C	0.997167807411	A	0.00153410431909	13	8450	0	11	8474	141507
UNKNOWN	221	C	0.993391550625	T	0.00306820863819	24	8418	6	26	8474	141507
UNKNOWN	222	A	0.992093462355	C	0.00483832900637	8407	41	25	1	8474	141507
UNKNOWN	223	A	0.991385414208	G	0.00755251357092	8401	7	64	2	8474	141507
UNKNOWN	224	G	0.991857446306	A	0.0054283691291	46	12	8405	11	8474	141507
UNKNOWN	225	A	0.991975454331	G	0.00495633703092	8406	21	42	5	8474	141507
UNKNOWN	226	G	0.958815199434	A	0.0362284635355	307	37	8125	5	8474	141507
UNKNOWN	227	C	0.978404531508	T	0.0187632759028	14	8291	10	159	8474	141507
UNKNOWN	228	C	0.990795374085	G	0.00519235308001	28	8396	44	6	8474	141507
UNKNOWN	229	A	0.996223743215	G	0.00177012036819	8442	9	15	8	8474	141507
UNKNOWN	230	A	0.972976162379	G	0.0248996931791	8245	11	211	7	8474	141507
UNKNOWN	231	G	0.97663441114	A	0.0122728345527	104	44	8276	50	8474	141507
UNKNOWN	232	T	0.993273542601	C	0.0054283691291	4	46	7	8417	8474	141507
UNKNOWN	233	C	0.975100306821	T	0.0140429549209	11	8263	81	119	8474	141507
UNKNOWN	234	T	0.994453622846	C	0.00365824876092	2	31	14	8427	8474	141507
UNKNOWN	235	C	0.992447486429	T	0.00660844937456	8	8410	0	56	8474	141507
UNKNOWN	236	T	0.992447486429	C	0.00495633703092	5	42	17	8410	8474	141507
UNKNOWN	237	C	0.996223743215	T	0.00306820863819	1	8442	5	26	8474	141507
UNKNOWN	238	T	0.997521831485	G	0.00212414444182	1	2	18	8453	8474	141507
UNKNOWN	239	G	0.931673353788	A	0.0591220202974	501	32	7895	46	8474	141507
UNKNOWN	240	T	0.99091338211	A	0.00377625678546	32	23	22	8397	8474	141507
UNKNOWN	241	C	0.986665093226	T	0.00979466603729	26	8361	4	83	8474	141507
UNKNOWN	242	A	0.981708756195	G	0.00790653764456	8319	47	67	41	8474	141507
UNKNOWN	243	G	0.806348831721	C	0.141255605381	368	1197	6833	76	8474	141507
UNKNOWN	244	T	0.993981590748	G	0.00259617654	11	18	22	8423	8474	141507
UNKNOWN	245	G	0.980882700024	A	0.0110927543073	94	20	8312	48	8474	141507
UNKNOWN	246	A	0.987963181496	G	0.00896860986547	8372	25	76	1	8474	141507
UNKNOWN	247	G	0.965305640784	A	0.02336558886	198	75	8180	21	8474	141507
UNKNOWN	248	C	0.973684210526	T	0.01687514751	36	8251	44	143	8474	141507
UNKNOWN	249	A	0.991739438282	G	0.00660844937456	8404	12	56	2	8474	141507
UNKNOWN	250	G	0.991267406184	C	0.00566438517819	21	48	8400	5	8474	141507
UNKNOWN	251	C	0.991621430257	T	0.00483832900637	4	8403	26	41	8474	141507
UNKNOWN	252	G	0.991503422233	A	0.0054283691291	46	6	8402	20	8474	141507
UNKNOWN	253	T	0.992801510503	C	0.00389426481001	5	33	23	8413	8474	141507
UNKNOWN	254	G	0.95716308709	A	0.0339863110692	288	40	8111	35	8474	141507
UNKNOWN	255	A	0.990087325938	G	0.00625442530092	8390	25	53	6	8474	141507
UNKNOWN	256	C	0.990677366061	A	0.00377625678546	32	8395	27	20	8474	141507
UNKNOWN	257	A	0.975808354968	G	0.0185272598537	8269	26	157	22	8474	141507
UNKNOWN	258	A	0.768350247817	C	0.213948548501	6511	1813	118	32	8474	141507
UNKNOWN	259	C	0.962237432145	G	0.0188812839273	34	8154	160	126	8474	141507
UNKNOWN	260	T	0.980882700024	G	0.00944064196365	15	67	80	8312	8474	141507
UNKNOWN	261	G	0.989379277791	A	0.0095586499882	81	1	8384	8	8474	141507
UNKNOWN	262	A	0.990441350012	G	0.00625442530092	8393	22	53	6	8474	141507
UNKNOWN	263	G	0.950554637715	A	0.0284399339155	241	143	8055	35	8474	141507
UNKNOWN	264	G	0.992329478405	A	0.0054283691291	46	5	8409	14	8474	141507
UNKNOWN	265	A	0.991503422233	C	0.00436629690819	8402	37	28	7	8474	141507
UNKNOWN	266	C	0.985248996932	T	0.00708048147274	46	8349	19	60	8474	141507
UNKNOWN	267	A	0.977578475336	T	0.0129808827	8284	22	58	110	8474	141507
UNKNOWN	268	C	0.991031390135	A	0.00401227283455	34	8398	25	17	8474	141507
UNKNOWN	269	G	0.968491857446	A	0.0279679018173	237	15	8207	15	8474	141507
UNKNOWN	270	G	0.99350955865	T	0.00224215246637	18	18	8419	19	8474	141507
UNKNOWN	271	C	0.991267406184	A	0.00436629690819	37	8400	28	9	8474	141507
UNKNOWN	272	C	0.991503422233	A	0.00472032098183	40	8402	12	20	8474	141507
UNKNOWN	273	A	0.991857446306	G	0.00531036110456	8405	19	45	5	8474	141507
UNKNOWN	274	C	0.98831720557	A	0.00684446542365	58	8375	17	24	8474	141507
UNKNOWN	275	A	0.979112579655	G	0.00920462591456	8297	31	78	68	8474	141507
UNKNOWN	276	T	0.991385414208	G	0.00389426481001	28	12	33	8401	8474	141507
UNKNOWN	277	A	0.99221147038	C	0.00389426481001	8408	33	17	16	8474	141507
UNKNOWN	278	C	0.956809063016	T	0.0421288647628	6	8108	3	357	8474	141507
UNKNOWN	279	T	0.989025253717	A	0.00389426481001	33	28	32	8381	8474	141507
UNKNOWN	280	A	0.976162379042	T	0.0148690110928	8272	48	28	126	8474	141507
UNKNOWN	281	C	0.961529383998	T	0.0352843993392	16	8148	11	299	8474	141507
UNKNOWN	282	T	0.988199197545	G	0.00814255369365	25	6	69	8374	8474	141507
