Type	Position	Nucl1	Freq1	Nucl2	Freq2	NumAs	NumCs	NumGs	NumTs	NumAligned	NumNaive
UNKNOWN	0	C	1.0	A	0.0	0	10781	0	0	10781	89687
UNKNOWN	1	A	1.0	C	0.0	10781	0	0	0	10781	89687
UNKNOWN	2	G	1.0	A	0.0	0	0	10781	0	10781	89687
UNKNOWN	3	G	1.0	A	0.0	0	0	10781	0	10781	89687
UNKNOWN	4	T	1.0	A	0.0	0	0	0	10781	10781	89687
UNKNOWN	5	G	1.0	A	0.0	0	0	10781	0	10781	89687
UNKNOWN	6	C	1.0	A	0.0	0	10781	0	0	10781	89687
UNKNOWN	7	A	0.997495594101	G	0.00204062702903	10754	3	22	2	10781	89687
UNKNOWN	8	G	0.988962062888	A	0.0102958909192	111	4	10662	4	10781	89687
UNKNOWN	9	C	0.998794174937	T	0.000742046192375	2	10768	3	8	10781	89687
UNKNOWN	10	T	0.998330396067	C	0.00148409238475	2	16	0	10763	10781	89687
UNKNOWN	11	G	0.998515907615	A	0.00120582506261	13	1	10765	2	10781	89687
UNKNOWN	12	C	0.999350709582	T	0.000556534644282	1	10774	0	6	10781	89687
UNKNOWN	13	G	0.998608663389	A	0.00120582506261	13	0	10766	2	10781	89687
UNKNOWN	14	G	0.972358779334	C	0.0268064186996	8	289	10483	1	10781	89687
UNKNOWN	15	G	0.999814488452	A	0.000185511548094	2	0	10779	0	10781	89687
UNKNOWN	16	A	0.998330396067	G	0.00111306928856	10763	4	12	2	10781	89687
UNKNOWN	17	G	0.998886930711	A	0.00111306928856	12	0	10769	0	10781	89687
UNKNOWN	18	T	0.998886930711	C	0.000927557740469	1	10	1	10769	10781	89687
UNKNOWN	19	C	0.999350709582	T	0.000556534644282	0	10774	1	6	10781	89687
UNKNOWN	20	G	0.986921435859	A	0.0114089602078	123	9	10640	9	10781	89687
UNKNOWN	21	G	0.997310082553	T	0.00166960393284	2	9	10752	18	10781	89687
UNKNOWN	22	G	0.998886930711	A	0.000742046192375	8	1	10769	3	10781	89687
UNKNOWN	23	C	0.999814488452	A	9.27557740469e-05	1	10779	0	1	10781	89687
UNKNOWN	24	C	0.998144884519	A	0.000742046192375	8	10761	4	8	10781	89687
UNKNOWN	25	C	0.99907244226	T	0.000556534644282	4	10771	0	6	10781	89687
UNKNOWN	26	C	0.998515907615	A	0.000834801966422	9	10765	0	7	10781	89687
UNKNOWN	27	A	0.996846303682	G	0.00278267322141	10747	3	30	1	10781	89687
UNKNOWN	28	G	0.996939059456	A	0.00222613857713	24	9	10748	0	10781	89687
UNKNOWN	29	C	0.99907244226	T	0.000834801966422	0	10771	1	9	10781	89687
UNKNOWN	30	C	0.998886930711	T	0.00102031351452	1	10769	0	11	10781	89687
UNKNOWN	31	T	0.997124571005	C	0.0015768481588	3	17	11	10750	10781	89687
UNKNOWN	32	G	0.994249142009	A	0.00333920786569	36	2	10719	24	10781	89687
UNKNOWN	33	G	0.996382524812	C	0.00204062702903	9	22	10742	8	10781	89687
UNKNOWN	34	T	0.997773861423	C	0.00120582506261	2	13	9	10757	10781	89687
UNKNOWN	35	G	0.998423151841	A	0.000834801966422	9	0	10764	8	10781	89687
UNKNOWN	36	A	0.997773861423	C	0.00102031351452	10757	11	10	3	10781	89687
UNKNOWN	37	A	0.99656803636	G	0.00306094054355	10744	2	33	2	10781	89687
UNKNOWN	38	G	0.998608663389	C	0.000742046192375	7	8	10766	0	10781	89687
UNKNOWN	39	C	0.998423151841	T	0.00148409238475	1	10764	0	16	10781	89687
UNKNOWN	40	C	0.998608663389	G	0.000742046192375	0	10766	8	7	10781	89687
UNKNOWN	41	G	0.925888136536	C	0.0675262035062	62	728	9982	9	10781	89687
UNKNOWN	42	T	0.99517669975	C	0.00250440589927	1	27	24	10729	10781	89687
UNKNOWN	43	C	0.998330396067	A	0.000834801966422	9	10763	1	8	10781	89687
UNKNOWN	44	A	0.996753547908	G	0.00194787125499	10746	14	21	0	10781	89687
UNKNOWN	45	C	0.998052128745	A	0.00102031351452	11	10760	7	3	10781	89687
UNKNOWN	46	A	0.99703181523	G	0.00204062702903	10749	8	22	2	10781	89687
UNKNOWN	47	G	0.99656803636	A	0.0031536963176	34	2	10744	1	10781	89687
UNKNOWN	48	A	0.995918745942	C	0.00204062702903	10737	22	19	3	10781	89687
UNKNOWN	49	C	0.998515907615	T	0.000927557740469	3	10765	3	10	10781	89687
UNKNOWN	50	C	0.997866617197	T	0.00102031351452	6	10758	6	11	10781	89687
UNKNOWN	51	C	0.998237640293	T	0.00120582506261	5	10762	1	13	10781	89687
UNKNOWN	52	T	0.995918745942	C	0.00389574250997	1	42	1	10737	10781	89687
UNKNOWN	53	C	0.997866617197	T	0.0015768481588	0	10758	6	17	10781	89687
UNKNOWN	54	T	0.996939059456	C	0.00259716167331	2	28	3	10748	10781	89687
UNKNOWN	55	C	0.998144884519	G	0.000927557740469	2	10761	10	8	10781	89687
UNKNOWN	56	G	0.918374918839	C	0.0764307578147	49	824	9901	7	10781	89687
UNKNOWN	57	C	0.998237640293	T	0.00102031351452	2	10762	6	11	10781	89687
UNKNOWN	58	T	0.996660792134	C	0.00306094054355	1	33	2	10745	10781	89687
UNKNOWN	59	C	0.998515907615	A	0.00129858083666	14	10765	1	1	10781	89687
UNKNOWN	60	A	0.995918745942	C	0.00241165012522	10737	26	15	3	10781	89687
UNKNOWN	61	C	0.99907244226	T	0.000556534644282	1	10771	3	6	10781	89687
UNKNOWN	62	C	0.998608663389	T	0.00129858083666	1	10766	0	14	10781	89687
UNKNOWN	63	T	0.997310082553	C	0.00185511548094	0	20	9	10752	10781	89687
UNKNOWN	64	G	0.997773861423	A	0.00120582506261	13	10	10757	1	10781	89687
UNKNOWN	65	C	0.997773861423	T	0.00120582506261	11	10757	0	13	10781	89687
UNKNOWN	66	A	0.993692607365	C	0.00287542899545	10713	31	30	7	10781	89687
UNKNOWN	67	C	0.997402838327	T	0.00120582506261	3	10753	12	13	10781	89687
UNKNOWN	68	G	0.999165198034	A	0.000649290418329	7	2	10772	0	10781	89687
UNKNOWN	69	G	0.989982376403	A	0.00844077543827	91	13	10673	4	10781	89687
UNKNOWN	70	C	0.95714683239	T	0.0420183656433	7	10319	2	453	10781	89687
UNKNOWN	71	C	0.994805676653	T	0.0031536963176	8	10725	14	34	10781	89687
UNKNOWN	72	T	0.99610425749	C	0.00241165012522	4	26	12	10739	10781	89687
UNKNOWN	73	C	0.997773861423	T	0.00129858083666	10	10757	0	14	10781	89687
UNKNOWN	74	T	0.99564047862	C	0.00231889435117	5	25	17	10734	10781	89687
UNKNOWN	75	G	0.992486782302	A	0.00723495037566	78	0	10700	3	10781	89687
UNKNOWN	76	G	0.990909934143	A	0.00723495037566	78	18	10683	2	10781	89687
UNKNOWN	77	A	0.993970874687	C	0.00361747518783	10716	39	13	13	10781	89687
UNKNOWN	78	T	0.99174473611	C	0.00445227715425	6	48	35	10692	10781	89687
UNKNOWN	79	T	0.992765049624	C	0.00408125405807	3	44	31	10703	10781	89687
UNKNOWN	80	C	0.989054818662	T	0.00556534644282	13	10663	45	60	10781	89687
UNKNOWN	81	T	0.99610425749	C	0.0029681847695	3	32	7	10739	10781	89687
UNKNOWN	82	C	0.997866617197	A	0.00148409238475	16	10758	2	5	10781	89687
UNKNOWN	83	A	0.995454967072	C	0.00166960393284	10732	18	17	14	10781	89687
UNKNOWN	84	T	0.993136072721	C	0.00435952138021	6	47	21	10707	10781	89687
UNKNOWN	85	T	0.99517669975	A	0.00204062702903	22	21	9	10729	10781	89687
UNKNOWN	86	A	0.959372970967	G	0.0342268806233	10343	36	369	33	10781	89687
UNKNOWN	87	A	0.982190891383	G	0.00844077543827	10589	85	91	16	10781	89687
UNKNOWN	88	G	0.983211204898	A	0.00862628698636	93	65	10600	23	10781	89687
UNKNOWN	89	C	0.984973564604	T	0.00853353121232	15	10619	55	92	10781	89687
UNKNOWN	90	G	0.964381782766	A	0.0331138113348	357	22	10397	5	10781	89687
UNKNOWN	91	A	0.974492162137	G	0.0184583990353	10506	58	199	18	10781	89687
UNKNOWN	92	C	0.983582227994	T	0.00881179853446	15	10604	67	95	10781	89687
UNKNOWN	93	A	0.9731935813	T	0.0176235970689	10492	39	60	190	10781	89687
UNKNOWN	94	A	0.992486782302	G	0.0045450329283	10700	27	49	5	10781	89687
UNKNOWN	95	G	0.960486040256	T	0.0359892403302	25	13	10355	388	10781	89687
UNKNOWN	96	G	0.953158334106	A	0.0378443558111	408	53	10276	44	10781	89687
UNKNOWN	97	C	0.981819868287	G	0.00714219460161	58	10585	77	61	10781	89687
UNKNOWN	98	T	0.993692607365	G	0.00352471941378	7	23	38	10713	10781	89687
UNKNOWN	99	G	0.986179389667	A	0.0115017159818	124	2	10632	23	10781	89687
UNKNOWN	100	T	0.995918745942	C	0.00222613857713	12	24	8	10737	10781	89687
UNKNOWN	101	A	0.99128095724	G	0.00621463686114	10687	21	67	6	10781	89687
UNKNOWN	102	G	0.986643168537	A	0.0114089602078	123	15	10637	6	10781	89687
UNKNOWN	103	G	0.978016881551	A	0.0140988776551	152	52	10544	33	10781	89687
UNKNOWN	104	C	0.990724422595	T	0.0061218810871	15	10681	19	66	10781	89687
UNKNOWN	105	T	0.996289769038	G	0.00213338280308	1	16	23	10741	10781	89687
UNKNOWN	106	G	0.998979686485	A	0.000556534644282	6	1	10770	4	10781	89687
UNKNOWN	107	G	0.998330396067	T	0.00102031351452	4	3	10763	11	10781	89687
UNKNOWN	108	G	0.985622855023	A	0.0121510064001	131	8	10626	16	10781	89687
UNKNOWN	109	T	0.99564047862	C	0.00371023096188	0	40	7	10734	10781	89687
UNKNOWN	110	C	0.996011501716	T	0.00268991744736	0	10738	14	29	10781	89687
UNKNOWN	111	C	0.997495594101	G	0.0013913366107	3	10754	15	9	10781	89687
UNKNOWN	112	G	0.997959372971	C	0.00148409238475	6	16	10759	0	10781	89687
UNKNOWN	113	C	0.997959372971	T	0.0013913366107	7	10759	0	15	10781	89687
UNKNOWN	114	C	0.997310082553	A	0.00166960393284	18	10752	3	8	10781	89687
UNKNOWN	115	A	0.989054818662	G	0.005936369539	10663	51	64	3	10781	89687
UNKNOWN	116	G	0.996753547908	A	0.00213338280308	23	5	10746	7	10781	89687
UNKNOWN	117	G	0.993043316946	A	0.0045450329283	49	23	10706	3	10781	89687
UNKNOWN	118	C	0.996011501716	T	0.0029681847695	6	10738	5	32	10781	89687
UNKNOWN	119	T	0.993878118913	C	0.00482330025044	2	52	12	10715	10781	89687
UNKNOWN	120	C	0.997124571005	T	0.00111306928856	11	10750	8	12	10781	89687
UNKNOWN	121	C	0.997773861423	A	0.00166960393284	18	10757	3	3	10781	89687
UNKNOWN	122	A	0.990075132177	G	0.00565810221686	10674	44	61	2	10781	89687
UNKNOWN	123	G	0.989054818662	A	0.00927557740469	100	13	10663	5	10781	89687
UNKNOWN	124	G	0.993321584269	A	0.00640014840924	69	1	10709	2	10781	89687
UNKNOWN	125	A	0.868194045079	G	0.128373991281	9360	19	1384	18	10781	89687
UNKNOWN	126	A	0.995825990168	C	0.00185511548094	10736	20	20	5	10781	89687
UNKNOWN	127	A	0.993785363139	G	0.00445227715425	10714	7	48	12	10781	89687
UNKNOWN	128	G	0.99656803636	A	0.00250440589927	27	2	10744	8	10781	89687
UNKNOWN	129	G	0.992115759206	A	0.00482330025044	52	32	10696	1	10781	89687
UNKNOWN	130	C	0.997124571005	G	0.00194787125499	2	10750	21	8	10781	89687
UNKNOWN	131	G	0.989611353307	A	0.00714219460161	77	27	10669	8	10781	89687
UNKNOWN	132	C	0.99267229385	T	0.00473054447639	12	10702	16	51	10781	89687
UNKNOWN	133	T	0.988034505148	G	0.00918282163065	3	27	99	10652	10781	89687
UNKNOWN	134	G	0.992115759206	A	0.00445227715425	48	5	10696	32	10781	89687
UNKNOWN	135	G	0.99703181523	A	0.00204062702903	22	6	10749	4	10781	89687
UNKNOWN	136	A	0.991373713014	G	0.00556534644282	10688	26	60	7	10781	89687
UNKNOWN	137	G	0.987292458956	A	0.0100176235971	108	6	10644	23	10781	89687
UNKNOWN	138	T	0.995733234394	G	0.00259716167331	2	16	28	10735	10781	89687
UNKNOWN	139	G	0.998608663389	A	0.000742046192375	8	3	10766	4	10781	89687
UNKNOWN	140	G	0.990260643725	C	0.00621463686114	9	67	10676	29	10781	89687
UNKNOWN	141	C	0.988591039792	G	0.00723495037566	19	10658	78	26	10781	89687
UNKNOWN	142	T	0.994341897783	C	0.00380298673592	5	41	15	10720	10781	89687
UNKNOWN	143	C	0.987199703182	T	0.0090900658566	11	10643	29	98	10781	89687
UNKNOWN	144	G	0.997124571005	A	0.00148409238475	16	5	10750	10	10781	89687
UNKNOWN	145	G	0.993136072721	T	0.0029681847695	16	26	10707	32	10781	89687
UNKNOWN	146	T	0.987663482052	G	0.00630739263519	20	45	68	10648	10781	89687
UNKNOWN	147	G	0.541879231982	A	0.442630553752	4772	97	5842	70	10781	89687
UNKNOWN	148	G	0.90900658566	A	0.0541693720434	584	266	9800	131	10781	89687
UNKNOWN	149	T	0.98441702996	A	0.00677117150543	73	39	56	10613	10781	89687
UNKNOWN	150	A	0.944346535572	G	0.0472126889899	10181	32	509	59	10781	89687
UNKNOWN	151	T	0.989796864855	C	0.00435952138021	26	47	37	10671	10781	89687
UNKNOWN	152	A	0.966515165569	G	0.0180873759392	10420	118	195	48	10781	89687
UNKNOWN	153	G	0.955569984232	A	0.031536963176	340	50	10302	89	10781	89687
UNKNOWN	154	A	0.972358779334	G	0.0208700491606	10483	62	225	11	10781	89687
UNKNOWN	155	C	0.961228086448	T	0.0226324088675	96	10363	78	244	10781	89687
UNKNOWN	156	A	0.961877376867	G	0.0243947685743	10370	103	263	45	10781	89687
UNKNOWN	157	C	0.939615991095	G	0.0279194879881	89	10130	301	261	10781	89687
UNKNOWN	158	T	0.984324274186	C	0.00788424079399	10	85	74	10612	10781	89687
UNKNOWN	159	G	0.90854280679	A	0.0814395696132	878	83	9795	25	10781	89687
UNKNOWN	160	G	0.939059456451	A	0.0370095538447	399	139	10124	119	10781	89687
UNKNOWN	161	T	0.980150264354	G	0.00844077543827	73	50	91	10567	10781	89687
UNKNOWN	162	G	0.991651980336	A	0.00528707912068	57	15	10691	18	10781	89687
UNKNOWN	163	G	0.969668861887	A	0.027641220666	298	15	10454	14	10781	89687
UNKNOWN	164	A	0.989889620629	G	0.00704943882757	10672	23	76	10	10781	89687
UNKNOWN	165	A	0.984695297282	G	0.0100176235971	10616	52	108	5	10781	89687
UNKNOWN	166	G	0.81365364994	A	0.135516185883	1461	430	8772	118	10781	89687
UNKNOWN	167	C	0.949169835822	T	0.0249513032186	172	10233	107	269	10781	89687
UNKNOWN	168	A	0.970596419627	G	0.0187366663575	10464	86	202	29	10781	89687
UNKNOWN	169	C	0.985251831927	A	0.00714219460161	77	10622	20	62	10781	89687
UNKNOWN	170	A	0.983118449123	G	0.0112234486597	10599	51	121	10	10781	89687
UNKNOWN	171	G	0.97616176607	A	0.0179018643911	193	28	10524	36	10781	89687
UNKNOWN	172	G	0.862072163992	A	0.109730080698	1183	253	9294	51	10781	89687
UNKNOWN	173	C	0.97616176607	G	0.00927557740469	60	10524	100	97	10781	89687
UNKNOWN	174	T	0.989147574437	G	0.00519432334663	30	31	56	10664	10781	89687
UNKNOWN	175	A	0.99220851498	C	0.00333920786569	10697	36	18	30	10781	89687
UNKNOWN	176	T	0.987477970504	C	0.00918282163065	33	99	3	10646	10781	89687
UNKNOWN	177	A	0.993414340043	C	0.00389574250997	10710	42	24	5	10781	89687
UNKNOWN	178	A	0.989147574437	C	0.00640014840924	10664	69	43	5	10781	89687
UNKNOWN	179	C	0.954920693813	T	0.0352471941378	64	10295	42	380	10781	89687
UNKNOWN	180	C	0.978387904647	T	0.00973935627493	52	10548	76	105	10781	89687
UNKNOWN	181	C	0.983767739542	A	0.00853353121232	92	10606	17	66	10781	89687
UNKNOWN	182	A	0.982932937575	G	0.00964660050088	10597	71	104	9	10781	89687
UNKNOWN	183	G	0.992301270754	A	0.00584361376496	63	12	10698	8	10781	89687
UNKNOWN	184	G	0.957981634357	C	0.0306094054355	93	330	10328	30	10781	89687
UNKNOWN	185	C	0.995918745942	A	0.0015768481588	17	10737	13	14	10781	89687
UNKNOWN	186	C	0.996289769038	T	0.00250440589927	8	10741	5	27	10781	89687
UNKNOWN	187	T	0.993692607365	G	0.0029681847695	12	24	32	10713	10781	89687
UNKNOWN	188	G	0.986550412763	A	0.0102958909192	111	8	10636	26	10781	89687
UNKNOWN	189	A	0.991095445691	C	0.00435952138021	10685	47	47	2	10781	89687
UNKNOWN	190	A	0.991559224562	C	0.00463778870235	10690	50	29	12	10781	89687
UNKNOWN	191	A	0.993692607365	T	0.00241165012522	10713	24	18	26	10781	89687
UNKNOWN	192	T	0.989054818662	C	0.00435952138021	44	47	27	10663	10781	89687
UNKNOWN	193	C	0.99267229385	T	0.00398849828402	31	10702	5	43	10781	89687
UNKNOWN	194	C	0.988869307114	T	0.00658565995733	24	10661	25	71	10781	89687
UNKNOWN	195	C	0.994434653557	G	0.00250440589927	21	10721	27	12	10781	89687
UNKNOWN	196	G	0.997402838327	T	0.00129858083666	8	6	10753	14	10781	89687
UNKNOWN	197	G	0.960207772934	A	0.029681847695	320	60	10352	49	10781	89687
UNKNOWN	198	C	0.991002689917	A	0.00398849828402	43	10684	15	39	10781	89687
UNKNOWN	199	T	0.991188201466	C	0.00519432334663	16	56	23	10686	10781	89687
UNKNOWN	200	C	0.991188201466	A	0.00537983489472	58	10686	14	23	10781	89687
UNKNOWN	201	A	0.986643168537	G	0.0075132176978	10637	58	81	5	10781	89687
UNKNOWN	202	G	0.981263333643	C	0.0116872275299	28	126	10579	48	10781	89687
UNKNOWN	203	C	0.965031073184	T	0.0232816992858	87	10404	39	251	10781	89687
UNKNOWN	204	A	0.988962062888	G	0.00417400983211	10662	34	45	40	10781	89687
UNKNOWN	205	T	0.992115759206	C	0.00435952138021	15	47	23	10696	10781	89687
UNKNOWN	206	C	0.982190891383	A	0.0113162044337	122	10589	4	66	10781	89687
UNKNOWN	207	A	0.983118449123	C	0.0102958909192	10599	111	52	19	10781	89687
UNKNOWN	208	C	0.986457656989	T	0.00528707912068	52	10635	37	57	10781	89687
UNKNOWN	209	C	0.971709488916	T	0.0165105277804	55	10476	72	178	10781	89687
UNKNOWN	210	A	0.992579538076	C	0.00371023096188	10701	40	36	4	10781	89687
UNKNOWN	211	A	0.982005379835	G	0.0153047027177	10587	17	165	12	10781	89687
UNKNOWN	212	G	0.987199703182	A	0.00834801966422	90	36	10643	12	10781	89687
UNKNOWN	213	G	0.991002689917	A	0.00677117150543	73	14	10684	10	10781	89687
UNKNOWN	214	A	0.982932937575	G	0.00946108895279	10597	72	102	10	10781	89687
UNKNOWN	215	C	0.980243020128	T	0.0108524255635	76	10568	20	117	10781	89687
UNKNOWN	216	A	0.992950561172	C	0.0031536963176	10705	34	34	8	10781	89687
UNKNOWN	217	A	0.987570726278	G	0.00584361376496	10647	59	63	12	10781	89687
UNKNOWN	218	C	0.972451535108	T	0.0159539931361	62	10484	63	172	10781	89687
UNKNOWN	219	T	0.987477970504	C	0.00510156757258	29	55	51	10646	10781	89687
UNKNOWN	220	C	0.992857805398	A	0.00435952138021	47	10704	7	23	10781	89687
UNKNOWN	221	C	0.977460346907	T	0.0127075410444	55	10538	51	137	10781	89687
UNKNOWN	222	A	0.98348947222	G	0.0106669140154	10603	48	115	15	10781	89687
UNKNOWN	223	A	0.984602541508	G	0.0112234486597	10615	40	121	5	10781	89687
UNKNOWN	224	G	0.992394026528	A	0.00435952138021	47	22	10699	13	10781	89687
UNKNOWN	225	A	0.982098135609	G	0.011872739078	10588	54	128	11	10781	89687
UNKNOWN	226	G	0.958816436323	A	0.0325572766905	351	74	10337	19	10781	89687
UNKNOWN	227	C	0.97226602356	T	0.0184583990353	69	10482	31	199	10781	89687
UNKNOWN	228	C	0.992023003432	A	0.00510156757258	55	10695	25	6	10781	89687
UNKNOWN	229	A	0.993599851591	G	0.0031536963176	10712	31	34	4	10781	89687
UNKNOWN	230	A	0.983396716446	G	0.0146554122994	10602	9	158	12	10781	89687
UNKNOWN	231	G	0.972358779334	A	0.0199424914201	215	30	10483	53	10781	89687
UNKNOWN	232	T	0.991837491884	C	0.00500881179853	10	54	24	10693	10781	89687
UNKNOWN	233	C	0.976996568036	T	0.00983211204898	40	10533	102	106	10781	89687
UNKNOWN	234	T	0.987941749374	C	0.0076987292459	18	83	29	10651	10781	89687
UNKNOWN	235	C	0.992394026528	T	0.00435952138021	32	10699	3	47	10781	89687
UNKNOWN	236	T	0.981912624061	C	0.00983211204898	24	106	65	10586	10781	89687
UNKNOWN	237	C	0.993507095817	T	0.00333920786569	23	10711	11	36	10781	89687
UNKNOWN	238	T	0.994898432427	G	0.00287542899545	7	17	31	10726	10781	89687
UNKNOWN	239	G	0.963361469251	A	0.0267136629255	288	37	10386	70	10781	89687
UNKNOWN	240	T	0.98488080883	A	0.00602912531305	65	48	50	10618	10781	89687
UNKNOWN	241	C	0.986735924311	T	0.00714219460161	59	10638	7	77	10781	89687
UNKNOWN	242	A	0.986179389667	G	0.0076987292459	10632	53	83	13	10781	89687
UNKNOWN	243	G	0.937111585196	C	0.0308876727576	263	333	10103	82	10781	89687
UNKNOWN	244	T	0.992301270754	C	0.00361747518783	10	39	34	10698	10781	89687
UNKNOWN	245	G	0.977460346907	A	0.0159539931361	172	33	10538	38	10781	89687
UNKNOWN	246	A	0.979964752806	G	0.013913366107	10565	55	150	11	10781	89687
UNKNOWN	247	G	0.961228086448	A	0.0272701975698	294	103	10363	21	10781	89687
UNKNOWN	248	C	0.97226602356	T	0.0163250162323	96	10482	27	176	10781	89687
UNKNOWN	249	A	0.988034505148	G	0.00881179853446	10652	34	95	0	10781	89687
UNKNOWN	250	G	0.990909934143	A	0.00445227715425	48	38	10683	12	10781	89687
UNKNOWN	251	C	0.985993878119	T	0.00649290418329	31	10630	50	70	10781	89687
UNKNOWN	252	G	0.988498284018	A	0.00575085799091	62	24	10657	38	10781	89687
UNKNOWN	253	T	0.99174473611	C	0.00380298673592	10	41	38	10692	10781	89687
UNKNOWN	254	G	0.960857063352	A	0.0294035803729	317	26	10359	79	10781	89687
UNKNOWN	255	A	0.981634356739	G	0.0105741582414	10583	39	114	45	10781	89687
UNKNOWN	256	C	0.988683795566	A	0.00575085799091	62	10659	21	39	10781	89687
UNKNOWN	257	A	0.974863185233	G	0.017716352843	10510	56	191	24	10781	89687
UNKNOWN	258	A	0.848066042111	C	0.141452555422	9143	1525	88	25	10781	89687
UNKNOWN	259	C	0.96401075967	G	0.0159539931361	82	10393	172	134	10781	89687
UNKNOWN	260	T	0.980706798998	G	0.0134495872368	16	47	145	10573	10781	89687
UNKNOWN	261	G	0.990909934143	A	0.00510156757258	55	8	10683	35	10781	89687
UNKNOWN	262	A	0.990631666821	G	0.00640014840924	10680	25	69	7	10781	89687
UNKNOWN	263	G	0.957332343938	A	0.0288470457286	311	96	10321	53	10781	89687
UNKNOWN	264	G	0.990909934143	A	0.00575085799091	62	8	10683	28	10781	89687
UNKNOWN	265	A	0.991559224562	C	0.00389574250997	10690	42	33	16	10781	89687
UNKNOWN	266	C	0.983582227994	T	0.0104814024673	40	10604	24	113	10781	89687
UNKNOWN	267	T	0.815230498099	A	0.174009832112	1876	38	78	8789	10781	89687
UNKNOWN	268	C	0.992579538076	G	0.00408125405807	24	10701	44	12	10781	89687
UNKNOWN	269	G	0.971060198497	A	0.0230961877377	249	26	10469	37	10781	89687
UNKNOWN	270	G	0.992115759206	C	0.00287542899545	27	31	10696	27	10781	89687
UNKNOWN	271	C	0.991002689917	A	0.00435952138021	47	10684	29	21	10781	89687
UNKNOWN	272	C	0.991651980336	A	0.00491605602449	53	10691	16	21	10781	89687
UNKNOWN	273	A	0.992023003432	G	0.00380298673592	10695	34	41	11	10781	89687
UNKNOWN	274	C	0.987756237826	A	0.00537983489472	58	10649	18	56	10781	89687
UNKNOWN	275	A	0.975326964104	G	0.0164177720063	10515	45	177	44	10781	89687
UNKNOWN	276	T	0.989796864855	A	0.00417400983211	45	28	37	10671	10781	89687
UNKNOWN	277	A	0.988962062888	C	0.00556534644282	10662	60	30	29	10781	89687
UNKNOWN	278	C	0.954920693813	T	0.0404415174845	27	10295	23	436	10781	89687
UNKNOWN	279	T	0.980150264354	C	0.0105741582414	47	114	53	10567	10781	89687
UNKNOWN	280	A	0.978202393099	T	0.0102031351452	10546	80	45	110	10781	89687
UNKNOWN	281	C	0.976069010296	T	0.0208700491606	21	10523	12	225	10781	89687
UNKNOWN	282	T	0.989704109081	G	0.00640014840924	20	22	69	10670	10781	89687
UNKNOWN	283	G	0.992023003432	T	0.00417400983211	30	11	10695	45	10781	89687
UNKNOWN	284	T	0.967999257954	C	0.0242092570262	39	261	45	10436	10781	89687
UNKNOWN	285	A	0.710880252296	G	0.24960578796	7664	139	2691	287	10781	89687
UNKNOWN	286	C	0.845654391986	T	0.0721639922085	255	9117	631	778	10781	89687
UNKNOWN	287	T	0.691865318616	A	0.175679436045	1894	484	944	7459	10781	89687
UNKNOWN	288	A	0.919209720805	G	0.0390501808738	9910	165	421	285	10781	89687
UNKNOWN	289	C	0.757907429738	A	0.159632687135	1721	8171	704	185	10781	89687
UNKNOWN	290	T	0.74649846953	A	0.15722103701	1695	222	816	8048	10781	89687
