Type	Position	Nucl1	Freq1	Nucl2	Freq2	NumAs	NumCs	NumGs	NumTs	NumAligned	NumNaive
UNKNOWN	0	C	1.0	A	0.0	0	686	0	0	686	89687
UNKNOWN	1	A	1.0	C	0.0	686	0	0	0	686	89687
UNKNOWN	2	G	1.0	A	0.0	0	0	686	0	686	89687
UNKNOWN	3	G	1.0	A	0.0	0	0	686	0	686	89687
UNKNOWN	4	T	1.0	A	0.0	0	0	0	686	686	89687
UNKNOWN	5	G	1.0	A	0.0	0	0	686	0	686	89687
UNKNOWN	6	C	1.0	A	0.0	0	686	0	0	686	89687
UNKNOWN	7	A	0.998542274052	T	0.00145772594752	685	0	0	1	686	89687
UNKNOWN	8	G	0.997084548105	A	0.00145772594752	1	1	684	0	686	89687
UNKNOWN	9	C	0.998542274052	T	0.00145772594752	0	685	0	1	686	89687
UNKNOWN	10	T	0.998542274052	C	0.00145772594752	0	1	0	685	686	89687
UNKNOWN	11	G	1.0	A	0.0	0	0	686	0	686	89687
UNKNOWN	12	C	1.0	A	0.0	0	686	0	0	686	89687
UNKNOWN	13	G	1.0	A	0.0	0	0	686	0	686	89687
UNKNOWN	14	C	0.549562682216	G	0.448979591837	0	377	308	1	686	89687
UNKNOWN	15	G	1.0	A	0.0	0	0	686	0	686	89687
UNKNOWN	16	A	0.998542274052	G	0.00145772594752	685	0	1	0	686	89687
UNKNOWN	17	G	0.99416909621	A	0.00583090379009	4	0	682	0	686	89687
UNKNOWN	18	T	1.0	A	0.0	0	0	0	686	686	89687
UNKNOWN	19	C	1.0	A	0.0	0	686	0	0	686	89687
UNKNOWN	20	G	0.954810495627	A	0.0451895043732	31	0	655	0	686	89687
UNKNOWN	21	G	1.0	A	0.0	0	0	686	0	686	89687
UNKNOWN	22	G	1.0	A	0.0	0	0	686	0	686	89687
UNKNOWN	23	C	1.0	A	0.0	0	686	0	0	686	89687
UNKNOWN	24	C	0.998542274052	G	0.00145772594752	0	685	1	0	686	89687
UNKNOWN	25	C	1.0	A	0.0	0	686	0	0	686	89687
UNKNOWN	26	C	1.0	A	0.0	0	686	0	0	686	89687
UNKNOWN	27	A	0.998542274052	G	0.00145772594752	685	0	1	0	686	89687
UNKNOWN	28	G	0.995626822157	A	0.00437317784257	3	0	683	0	686	89687
UNKNOWN	29	C	0.997084548105	T	0.00291545189504	0	684	0	2	686	89687
UNKNOWN	30	C	1.0	A	0.0	0	686	0	0	686	89687
UNKNOWN	31	T	0.998542274052	C	0.00145772594752	0	1	0	685	686	89687
UNKNOWN	32	G	0.992711370262	A	0.00437317784257	3	1	681	1	686	89687
UNKNOWN	33	G	0.995626822157	A	0.00291545189504	2	1	683	0	686	89687
UNKNOWN	34	T	0.997084548105	C	0.00291545189504	0	2	0	684	686	89687
UNKNOWN	35	G	1.0	A	0.0	0	0	686	0	686	89687
UNKNOWN	36	A	1.0	C	0.0	686	0	0	0	686	89687
UNKNOWN	37	A	0.998542274052	G	0.00145772594752	685	0	1	0	686	89687
UNKNOWN	38	G	0.998542274052	A	0.00145772594752	1	0	685	0	686	89687
UNKNOWN	39	C	1.0	A	0.0	0	686	0	0	686	89687
UNKNOWN	40	C	1.0	A	0.0	0	686	0	0	686	89687
UNKNOWN	41	C	0.998542274052	G	0.00145772594752	0	685	1	0	686	89687
UNKNOWN	42	T	1.0	A	0.0	0	0	0	686	686	89687
UNKNOWN	43	C	1.0	A	0.0	0	686	0	0	686	89687
UNKNOWN	44	A	0.998542274052	G	0.00145772594752	685	0	1	0	686	89687
UNKNOWN	45	C	0.998542274052	G	0.00145772594752	0	685	1	0	686	89687
UNKNOWN	46	A	1.0	C	0.0	686	0	0	0	686	89687
UNKNOWN	47	G	0.998542274052	A	0.00145772594752	1	0	685	0	686	89687
UNKNOWN	48	A	0.997084548105	G	0.00291545189504	684	0	2	0	686	89687
UNKNOWN	49	C	0.998542274052	T	0.00145772594752	0	685	0	1	686	89687
UNKNOWN	50	C	1.0	A	0.0	0	686	0	0	686	89687
UNKNOWN	51	C	1.0	A	0.0	0	686	0	0	686	89687
UNKNOWN	52	T	1.0	A	0.0	0	0	0	686	686	89687
UNKNOWN	53	C	0.998542274052	G	0.00145772594752	0	685	1	0	686	89687
UNKNOWN	54	T	1.0	A	0.0	0	0	0	686	686	89687
UNKNOWN	55	C	0.998542274052	A	0.00145772594752	1	685	0	0	686	89687
UNKNOWN	56	C	0.998542274052	G	0.00145772594752	0	685	1	0	686	89687
UNKNOWN	57	C	0.998542274052	G	0.00145772594752	0	685	1	0	686	89687
UNKNOWN	58	T	0.998542274052	C	0.00145772594752	0	1	0	685	686	89687
UNKNOWN	59	C	1.0	A	0.0	0	686	0	0	686	89687
UNKNOWN	60	A	1.0	C	0.0	686	0	0	0	686	89687
UNKNOWN	61	C	1.0	A	0.0	0	686	0	0	686	89687
UNKNOWN	62	C	0.998542274052	G	0.00145772594752	0	685	1	0	686	89687
UNKNOWN	63	T	0.998542274052	C	0.00145772594752	0	1	0	685	686	89687
UNKNOWN	64	G	1.0	A	0.0	0	0	686	0	686	89687
UNKNOWN	65	C	1.0	A	0.0	0	686	0	0	686	89687
UNKNOWN	66	A	0.998542274052	C	0.00145772594752	685	1	0	0	686	89687
UNKNOWN	67	C	1.0	A	0.0	0	686	0	0	686	89687
UNKNOWN	68	G	0.99416909621	A	0.00583090379009	4	0	682	0	686	89687
UNKNOWN	69	G	0.965014577259	A	0.0349854227405	24	0	662	0	686	89687
UNKNOWN	70	T	0.991253644315	C	0.00874635568513	0	6	0	680	686	89687
UNKNOWN	71	C	0.98250728863	T	0.0102040816327	1	674	4	7	686	89687
UNKNOWN	72	T	0.997084548105	A	0.00145772594752	1	1	0	684	686	89687
UNKNOWN	73	C	1.0	A	0.0	0	686	0	0	686	89687
UNKNOWN	74	T	1.0	A	0.0	0	0	0	686	686	89687
UNKNOWN	75	G	1.0	A	0.0	0	0	686	0	686	89687
UNKNOWN	76	G	1.0	A	0.0	0	0	686	0	686	89687
UNKNOWN	77	A	0.995626822157	G	0.00291545189504	683	1	2	0	686	89687
UNKNOWN	78	T	0.99416909621	C	0.00437317784257	0	3	1	682	686	89687
UNKNOWN	79	T	0.995626822157	C	0.00291545189504	0	2	1	683	686	89687
UNKNOWN	80	C	0.99416909621	T	0.00437317784257	0	682	1	3	686	89687
UNKNOWN	81	T	0.992711370262	C	0.00437317784257	1	3	1	681	686	89687
UNKNOWN	82	C	0.998542274052	A	0.00145772594752	1	685	0	0	686	89687
UNKNOWN	83	A	0.99416909621	T	0.00437317784257	682	1	0	3	686	89687
UNKNOWN	84	T	0.99416909621	C	0.00437317784257	0	3	1	682	686	89687
UNKNOWN	85	T	0.997084548105	C	0.00145772594752	0	1	1	684	686	89687
UNKNOWN	86	G	0.995626822157	A	0.00437317784257	3	0	683	0	686	89687
UNKNOWN	87	A	0.992711370262	G	0.00437317784257	681	0	3	2	686	89687
UNKNOWN	88	G	0.946064139942	A	0.0422740524781	29	7	649	1	686	89687
UNKNOWN	89	C	0.946064139942	T	0.0510204081633	1	649	1	35	686	89687
UNKNOWN	90	A	0.991253644315	C	0.00437317784257	680	3	3	0	686	89687
UNKNOWN	91	G	0.921282798834	A	0.0510204081633	35	12	632	7	686	89687
UNKNOWN	92	C	0.989795918367	T	0.00728862973761	0	679	2	5	686	89687
UNKNOWN	93	T	0.960641399417	A	0.0320699708455	22	1	4	659	686	89687
UNKNOWN	94	A	0.991253644315	C	0.00291545189504	680	2	2	2	686	89687
UNKNOWN	95	T	0.99416909621	C	0.00291545189504	1	2	1	682	686	89687
UNKNOWN	96	G	0.928571428571	A	0.0451895043732	31	5	637	13	686	89687
UNKNOWN	97	G	0.572886297376	C	0.383381924198	15	263	393	15	686	89687
UNKNOWN	98	T	0.98833819242	C	0.00874635568513	0	6	2	678	686	89687
UNKNOWN	99	G	0.981049562682	A	0.0160349854227	11	2	673	0	686	89687
UNKNOWN	100	T	1.0	A	0.0	0	0	0	686	686	89687
UNKNOWN	101	A	0.965014577259	G	0.0174927113703	662	7	12	5	686	89687
UNKNOWN	102	A	0.654518950437	G	0.339650145773	449	1	233	3	686	89687
UNKNOWN	103	G	0.893586005831	A	0.0655976676385	45	14	613	14	686	89687
UNKNOWN	104	C	0.986880466472	A	0.00437317784257	3	677	3	3	686	89687
UNKNOWN	105	T	1.0	A	0.0	0	0	0	686	686	89687
UNKNOWN	106	G	1.0	A	0.0	0	0	686	0	686	89687
UNKNOWN	107	G	1.0	A	0.0	0	0	686	0	686	89687
UNKNOWN	108	G	0.98833819242	A	0.0102040816327	7	0	678	1	686	89687
UNKNOWN	109	T	0.995626822157	C	0.00437317784257	0	3	0	683	686	89687
UNKNOWN	110	C	1.0	A	0.0	0	686	0	0	686	89687
UNKNOWN	111	C	0.998542274052	T	0.00145772594752	0	685	0	1	686	89687
UNKNOWN	112	G	1.0	A	0.0	0	0	686	0	686	89687
UNKNOWN	113	C	1.0	A	0.0	0	686	0	0	686	89687
UNKNOWN	114	C	1.0	A	0.0	0	686	0	0	686	89687
UNKNOWN	115	A	0.995626822157	G	0.00437317784257	683	0	3	0	686	89687
UNKNOWN	116	G	1.0	A	0.0	0	0	686	0	686	89687
UNKNOWN	117	G	0.992711370262	A	0.00583090379009	4	0	681	1	686	89687
UNKNOWN	118	C	0.997084548105	G	0.00291545189504	0	684	2	0	686	89687
UNKNOWN	119	T	0.997084548105	G	0.00291545189504	0	0	2	684	686	89687
UNKNOWN	120	C	1.0	A	0.0	0	686	0	0	686	89687
UNKNOWN	121	C	1.0	A	0.0	0	686	0	0	686	89687
UNKNOWN	122	A	0.946064139942	G	0.0510204081633	649	2	35	0	686	89687
UNKNOWN	123	G	1.0	A	0.0	0	0	686	0	686	89687
UNKNOWN	124	G	1.0	A	0.0	0	0	686	0	686	89687
UNKNOWN	125	G	0.983965014577	A	0.0145772594752	10	0	675	1	686	89687
UNKNOWN	126	A	1.0	C	0.0	686	0	0	0	686	89687
UNKNOWN	127	A	0.998542274052	C	0.00145772594752	685	1	0	0	686	89687
UNKNOWN	128	G	0.998542274052	T	0.00145772594752	0	0	685	1	686	89687
UNKNOWN	129	G	0.986880466472	A	0.0131195335277	9	0	677	0	686	89687
UNKNOWN	130	C	0.998542274052	G	0.00145772594752	0	685	1	0	686	89687
UNKNOWN	131	G	0.975218658892	A	0.0174927113703	12	5	669	0	686	89687
UNKNOWN	132	C	0.989795918367	G	0.00583090379009	0	679	4	3	686	89687
UNKNOWN	133	T	0.998542274052	C	0.00145772594752	0	1	0	685	686	89687
UNKNOWN	134	G	0.99416909621	A	0.00583090379009	4	0	682	0	686	89687
UNKNOWN	135	G	0.998542274052	C	0.00145772594752	0	1	685	0	686	89687
UNKNOWN	136	A	0.998542274052	G	0.00145772594752	685	0	1	0	686	89687
UNKNOWN	137	G	0.985422740525	A	0.0145772594752	10	0	676	0	686	89687
UNKNOWN	138	T	0.995626822157	A	0.00145772594752	1	1	1	683	686	89687
UNKNOWN	139	G	0.989795918367	A	0.00874635568513	6	1	679	0	686	89687
UNKNOWN	140	C	0.683673469388	T	0.183673469388	1	469	90	126	686	89687
UNKNOWN	141	C	0.890670553936	G	0.100583090379	4	611	69	2	686	89687
UNKNOWN	142	T	0.997084548105	G	0.00291545189504	0	0	2	684	686	89687
UNKNOWN	143	C	0.720116618076	T	0.272594752187	2	494	3	187	686	89687
UNKNOWN	144	G	0.995626822157	A	0.00437317784257	3	0	683	0	686	89687
UNKNOWN	145	G	0.99416909621	T	0.00291545189504	1	1	682	2	686	89687
UNKNOWN	146	T	0.985422740525	C	0.00874635568513	1	6	3	676	686	89687
UNKNOWN	147	G	0.912536443149	A	0.064139941691	44	12	626	4	686	89687
UNKNOWN	148	G	0.979591836735	A	0.00874635568513	6	5	672	3	686	89687
UNKNOWN	149	T	0.986880466472	G	0.00583090379009	3	2	4	677	686	89687
UNKNOWN	150	A	0.97667638484	G	0.0189504373178	670	0	13	3	686	89687
UNKNOWN	151	T	0.99416909621	A	0.00291545189504	2	1	1	682	686	89687
UNKNOWN	152	A	0.981049562682	T	0.0102040816327	673	2	4	7	686	89687
UNKNOWN	153	A	0.972303206997	G	0.0174927113703	667	3	12	4	686	89687
UNKNOWN	154	G	0.887755102041	A	0.0830903790087	57	16	609	4	686	89687
UNKNOWN	155	T	0.514577259475	C	0.424198250729	24	291	18	353	686	89687
UNKNOWN	156	A	0.931486880466	G	0.0612244897959	639	3	42	2	686	89687
UNKNOWN	157	G	0.943148688047	A	0.0262390670554	18	15	647	6	686	89687
UNKNOWN	158	T	0.978134110787	C	0.0102040816327	2	7	6	671	686	89687
UNKNOWN	159	G	0.880466472303	A	0.102040816327	70	7	604	5	686	89687
UNKNOWN	160	G	0.915451895044	A	0.064139941691	44	5	628	9	686	89687
UNKNOWN	161	T	0.98250728863	G	0.00874635568513	2	4	6	674	686	89687
UNKNOWN	162	G	0.995626822157	A	0.00437317784257	3	0	683	0	686	89687
UNKNOWN	163	G	0.972303206997	A	0.0276967930029	19	0	667	0	686	89687
UNKNOWN	164	A	0.978134110787	G	0.0116618075802	671	4	8	3	686	89687
UNKNOWN	165	A	0.948979591837	G	0.0422740524781	651	1	29	5	686	89687
UNKNOWN	166	G	0.730320699708	A	0.15306122449	105	47	501	33	686	89687
UNKNOWN	167	C	0.896501457726	T	0.0612244897959	14	615	15	42	686	89687
UNKNOWN	168	A	0.978134110787	G	0.0174927113703	671	1	12	2	686	89687
UNKNOWN	169	C	0.981049562682	T	0.0145772594752	3	673	0	10	686	89687
UNKNOWN	170	A	0.991253644315	G	0.00583090379009	680	1	4	1	686	89687
UNKNOWN	171	G	0.944606413994	T	0.0408163265306	6	4	648	28	686	89687
UNKNOWN	172	G	0.880466472303	A	0.0932944606414	64	12	604	6	686	89687
UNKNOWN	173	C	0.992711370262	T	0.00437317784257	0	681	2	3	686	89687
UNKNOWN	174	T	0.98250728863	C	0.0131195335277	2	9	1	674	686	89687
UNKNOWN	175	A	0.991253644315	T	0.00437317784257	680	2	1	3	686	89687
UNKNOWN	176	T	0.981049562682	C	0.0145772594752	3	10	0	673	686	89687
UNKNOWN	177	A	0.99416909621	C	0.00291545189504	682	2	2	0	686	89687
UNKNOWN	178	A	0.995626822157	G	0.00291545189504	683	1	2	0	686	89687
UNKNOWN	179	C	0.957725947522	T	0.036443148688	2	657	2	25	686	89687
UNKNOWN	180	C	0.972303206997	T	0.0160349854227	2	667	6	11	686	89687
UNKNOWN	181	C	0.98833819242	G	0.00728862973761	2	678	5	1	686	89687
UNKNOWN	182	A	0.99416909621	G	0.00437317784257	682	1	3	0	686	89687
UNKNOWN	183	G	0.99416909621	A	0.00437317784257	3	1	682	0	686	89687
UNKNOWN	184	C	0.998542274052	G	0.00145772594752	0	685	1	0	686	89687
UNKNOWN	185	C	1.0	A	0.0	0	686	0	0	686	89687
UNKNOWN	186	C	0.995626822157	T	0.00291545189504	0	683	1	2	686	89687
UNKNOWN	187	T	0.998542274052	G	0.00145772594752	0	0	1	685	686	89687
UNKNOWN	188	G	0.995626822157	A	0.00291545189504	2	0	683	1	686	89687
UNKNOWN	189	A	0.997084548105	C	0.00291545189504	684	2	0	0	686	89687
UNKNOWN	190	A	0.998542274052	C	0.00145772594752	685	1	0	0	686	89687
UNKNOWN	191	A	0.997084548105	T	0.00145772594752	684	0	1	1	686	89687
UNKNOWN	192	T	0.998542274052	C	0.00145772594752	0	1	0	685	686	89687
UNKNOWN	193	C	0.99416909621	A	0.00291545189504	2	682	1	1	686	89687
UNKNOWN	194	C	0.992711370262	T	0.00583090379009	1	681	0	4	686	89687
UNKNOWN	195	C	0.998542274052	G	0.00145772594752	0	685	1	0	686	89687
UNKNOWN	196	G	1.0	A	0.0	0	0	686	0	686	89687
UNKNOWN	197	G	0.98833819242	A	0.00874635568513	6	1	678	1	686	89687
UNKNOWN	198	C	0.995626822157	A	0.00291545189504	2	683	0	1	686	89687
UNKNOWN	199	T	0.998542274052	C	0.00145772594752	0	1	0	685	686	89687
UNKNOWN	200	C	0.998542274052	A	0.00145772594752	1	685	0	0	686	89687
UNKNOWN	201	A	0.99416909621	G	0.00583090379009	682	0	4	0	686	89687
UNKNOWN	202	G	0.991253644315	C	0.00874635568513	0	6	680	0	686	89687
UNKNOWN	203	C	0.972303206997	T	0.0204081632653	1	667	4	14	686	89687
UNKNOWN	204	A	0.995626822157	G	0.00291545189504	683	0	2	1	686	89687
UNKNOWN	205	T	0.997084548105	C	0.00291545189504	0	2	0	684	686	89687
UNKNOWN	206	C	0.99416909621	A	0.00437317784257	3	682	0	1	686	89687
UNKNOWN	207	A	0.998542274052	C	0.00145772594752	685	1	0	0	686	89687
UNKNOWN	208	C	0.995626822157	G	0.00437317784257	0	683	3	0	686	89687
UNKNOWN	209	C	0.98250728863	T	0.00728862973761	2	674	5	5	686	89687
UNKNOWN	210	A	0.997084548105	G	0.00291545189504	684	0	2	0	686	89687
UNKNOWN	211	A	0.998542274052	G	0.00145772594752	685	0	1	0	686	89687
UNKNOWN	212	G	0.995626822157	C	0.00291545189504	1	2	683	0	686	89687
UNKNOWN	213	G	0.995626822157	A	0.00291545189504	2	1	683	0	686	89687
UNKNOWN	214	A	0.99416909621	C	0.00437317784257	682	3	1	0	686	89687
UNKNOWN	215	C	0.989795918367	T	0.00728862973761	1	679	1	5	686	89687
UNKNOWN	216	A	0.995626822157	G	0.00437317784257	683	0	3	0	686	89687
UNKNOWN	217	A	0.991253644315	C	0.00437317784257	680	3	1	2	686	89687
UNKNOWN	218	C	0.985422740525	T	0.0131195335277	1	676	0	9	686	89687
UNKNOWN	219	T	0.998542274052	C	0.00145772594752	0	1	0	685	686	89687
UNKNOWN	220	C	0.998542274052	A	0.00145772594752	1	685	0	0	686	89687
UNKNOWN	221	C	0.99416909621	A	0.00291545189504	2	682	0	2	686	89687
UNKNOWN	222	A	0.992711370262	C	0.00291545189504	681	2	2	1	686	89687
UNKNOWN	223	A	0.99416909621	C	0.00291545189504	682	2	2	0	686	89687
UNKNOWN	224	G	0.992711370262	A	0.00437317784257	3	2	681	0	686	89687
UNKNOWN	225	A	0.99416909621	C	0.00291545189504	682	2	2	0	686	89687
UNKNOWN	226	G	0.975218658892	A	0.0233236151603	16	1	669	0	686	89687
UNKNOWN	227	C	0.98250728863	T	0.0160349854227	0	674	1	11	686	89687
UNKNOWN	228	C	0.997084548105	A	0.00145772594752	1	684	1	0	686	89687
UNKNOWN	229	A	1.0	C	0.0	686	0	0	0	686	89687
UNKNOWN	230	A	0.991253644315	G	0.00874635568513	680	0	6	0	686	89687
UNKNOWN	231	G	0.985422740525	A	0.00874635568513	6	1	676	3	686	89687
UNKNOWN	232	T	0.997084548105	C	0.00291545189504	0	2	0	684	686	89687
UNKNOWN	233	C	0.986880466472	T	0.00874635568513	0	677	3	6	686	89687
UNKNOWN	234	T	0.997084548105	A	0.00145772594752	1	1	0	684	686	89687
UNKNOWN	235	C	0.995626822157	T	0.00437317784257	0	683	0	3	686	89687
UNKNOWN	236	T	0.992711370262	C	0.00728862973761	0	5	0	681	686	89687
UNKNOWN	237	C	0.998542274052	T	0.00145772594752	0	685	0	1	686	89687
UNKNOWN	238	T	0.998542274052	C	0.00145772594752	0	1	0	685	686	89687
UNKNOWN	239	G	0.844023323615	A	0.151603498542	104	1	579	2	686	89687
UNKNOWN	240	T	0.992711370262	G	0.00437317784257	1	1	3	681	686	89687
UNKNOWN	241	C	0.989795918367	T	0.00874635568513	1	679	0	6	686	89687
UNKNOWN	242	A	0.98833819242	G	0.00728862973761	678	2	5	1	686	89687
UNKNOWN	243	G	0.603498542274	C	0.362973760933	19	249	414	4	686	89687
UNKNOWN	244	T	0.997084548105	C	0.00145772594752	0	1	1	684	686	89687
UNKNOWN	245	G	0.986880466472	A	0.0116618075802	8	0	677	1	686	89687
UNKNOWN	246	A	0.991253644315	G	0.00583090379009	680	2	4	0	686	89687
UNKNOWN	247	G	0.983965014577	A	0.0102040816327	7	4	675	0	686	89687
UNKNOWN	248	C	0.98250728863	T	0.0102040816327	3	674	2	7	686	89687
UNKNOWN	249	A	0.997084548105	G	0.00291545189504	684	0	2	0	686	89687
UNKNOWN	250	G	0.989795918367	A	0.00437317784257	3	3	679	1	686	89687
UNKNOWN	251	C	0.989795918367	G	0.00583090379009	1	679	4	2	686	89687
UNKNOWN	252	G	0.995626822157	T	0.00291545189504	1	0	683	2	686	89687
UNKNOWN	253	T	0.99416909621	C	0.00291545189504	0	2	2	682	686	89687
UNKNOWN	254	G	0.983965014577	A	0.0102040816327	7	1	675	3	686	89687
UNKNOWN	255	A	0.995626822157	G	0.00291545189504	683	1	2	0	686	89687
UNKNOWN	256	C	0.995626822157	T	0.00291545189504	1	683	0	2	686	89687
UNKNOWN	257	A	0.985422740525	G	0.0116618075802	676	1	8	1	686	89687
UNKNOWN	258	C	0.599125364431	A	0.386297376093	265	411	8	2	686	89687
UNKNOWN	259	C	0.981049562682	T	0.0102040816327	0	673	6	7	686	89687
UNKNOWN	260	T	0.986880466472	C	0.00583090379009	1	4	4	677	686	89687
UNKNOWN	261	G	0.997084548105	A	0.00291545189504	2	0	684	0	686	89687
UNKNOWN	262	A	0.995626822157	G	0.00291545189504	683	1	2	0	686	89687
UNKNOWN	263	G	0.97084548105	A	0.0174927113703	12	6	666	2	686	89687
UNKNOWN	264	G	0.995626822157	A	0.00291545189504	2	0	683	1	686	89687
UNKNOWN	265	A	0.989795918367	C	0.00583090379009	679	4	1	2	686	89687
UNKNOWN	266	C	0.979591836735	T	0.0160349854227	3	672	0	11	686	89687
UNKNOWN	267	A	0.985422740525	T	0.00874635568513	676	1	3	6	686	89687
UNKNOWN	268	C	0.995626822157	A	0.00291545189504	2	683	0	1	686	89687
UNKNOWN	269	G	0.978134110787	A	0.0204081632653	14	0	671	1	686	89687
UNKNOWN	270	G	0.995626822157	T	0.00291545189504	0	1	683	2	686	89687
UNKNOWN	271	C	0.998542274052	G	0.00145772594752	0	685	1	0	686	89687
UNKNOWN	272	C	0.992711370262	A	0.00583090379009	4	681	1	0	686	89687
UNKNOWN	273	A	0.995626822157	C	0.00145772594752	683	1	1	1	686	89687
UNKNOWN	274	C	0.986880466472	T	0.00874635568513	2	677	1	6	686	89687
UNKNOWN	275	A	0.98250728863	G	0.00874635568513	674	5	6	1	686	89687
UNKNOWN	276	T	0.995626822157	A	0.00145772594752	1	1	1	683	686	89687
UNKNOWN	277	A	0.995626822157	G	0.00291545189504	683	1	2	0	686	89687
UNKNOWN	278	C	0.966472303207	T	0.030612244898	1	663	1	21	686	89687
UNKNOWN	279	T	0.99416909621	C	0.00437317784257	1	3	0	682	686	89687
UNKNOWN	280	A	0.983965014577	C	0.00874635568513	675	6	0	5	686	89687
UNKNOWN	281	C	0.981049562682	T	0.0160349854227	1	673	1	11	686	89687
UNKNOWN	282	T	0.991253644315	G	0.00583090379009	1	1	4	680	686	89687
