Type	Position	Nucl1	Freq1	Nucl2	Freq2	NumAs	NumCs	NumGs	NumTs	NumAligned	NumNaive
UNKNOWN	0	A	1.0	C	0.0	1046	0	0	0	1046	78511
UNKNOWN	1	A	1.0	C	0.0	1046	0	0	0	1046	78511
UNKNOWN	2	G	1.0	A	0.0	0	0	1046	0	1046	78511
UNKNOWN	3	G	1.0	A	0.0	0	0	1046	0	1046	78511
UNKNOWN	4	T	1.0	A	0.0	0	0	0	1046	1046	78511
UNKNOWN	5	G	1.0	A	0.0	0	0	1046	0	1046	78511
UNKNOWN	6	C	1.0	A	0.0	0	1046	0	0	1046	78511
UNKNOWN	7	A	0.999043977055	G	0.000956022944551	1045	0	1	0	1046	78511
UNKNOWN	8	G	0.984703632887	A	0.0152963671128	16	0	1030	0	1046	78511
UNKNOWN	9	C	0.984703632887	G	0.0133843212237	0	1030	14	2	1046	78511
UNKNOWN	10	T	0.998087954111	C	0.0019120458891	0	2	0	1044	1046	78511
UNKNOWN	11	G	0.999043977055	A	0.000956022944551	1	0	1045	0	1046	78511
UNKNOWN	12	C	0.998087954111	T	0.0019120458891	0	1044	0	2	1046	78511
UNKNOWN	13	A	0.656787762906	G	0.336520076482	687	7	352	0	1046	78511
UNKNOWN	14	G	0.972275334608	C	0.0200764818356	8	21	1017	0	1046	78511
UNKNOWN	15	G	0.998087954111	A	0.0019120458891	2	0	1044	0	1046	78511
UNKNOWN	16	A	0.999043977055	G	0.000956022944551	1045	0	1	0	1046	78511
UNKNOWN	17	G	0.985659655832	A	0.0105162523901	11	3	1031	1	1046	78511
UNKNOWN	18	T	0.997131931166	G	0.0019120458891	0	1	2	1043	1046	78511
UNKNOWN	19	C	0.993307839388	T	0.0057361376673	1	1039	0	6	1046	78511
UNKNOWN	20	G	0.762906309751	A	0.237093690249	248	0	798	0	1046	78511
UNKNOWN	21	G	0.998087954111	C	0.000956022944551	0	1	1044	1	1046	78511
UNKNOWN	22	G	0.998087954111	A	0.000956022944551	1	1	1044	0	1046	78511
UNKNOWN	23	C	0.980879541109	T	0.019120458891	0	1026	0	20	1046	78511
UNKNOWN	24	C	0.999043977055	A	0.000956022944551	1	1045	0	0	1046	78511
UNKNOWN	25	C	0.999043977055	T	0.000956022944551	0	1045	0	1	1046	78511
UNKNOWN	26	C	0.999043977055	A	0.000956022944551	1	1045	0	0	1046	78511
UNKNOWN	27	A	0.999043977055	G	0.000956022944551	1045	0	1	0	1046	78511
UNKNOWN	28	G	0.997131931166	A	0.0019120458891	2	1	1043	0	1046	78511
UNKNOWN	29	C	0.995219885277	T	0.00478011472275	0	1041	0	5	1046	78511
UNKNOWN	30	C	0.998087954111	T	0.0019120458891	0	1044	0	2	1046	78511
UNKNOWN	31	T	0.995219885277	G	0.00286806883365	0	2	3	1041	1046	78511
UNKNOWN	32	G	0.996175908222	A	0.00286806883365	3	1	1042	0	1046	78511
UNKNOWN	33	G	0.998087954111	A	0.000956022944551	1	0	1044	1	1046	78511
UNKNOWN	34	T	0.998087954111	C	0.000956022944551	0	1	1	1044	1046	78511
UNKNOWN	35	G	0.987571701721	A	0.0114722753346	12	0	1033	1	1046	78511
UNKNOWN	36	A	0.995219885277	C	0.0019120458891	1041	2	2	1	1046	78511
UNKNOWN	37	A	0.997131931166	T	0.0019120458891	1043	0	1	2	1046	78511
UNKNOWN	38	G	0.996175908222	A	0.0019120458891	2	2	1042	0	1046	78511
UNKNOWN	39	C	0.996175908222	T	0.00286806883365	1	1042	0	3	1046	78511
UNKNOWN	40	C	0.999043977055	A	0.000956022944551	1	1045	0	0	1046	78511
UNKNOWN	41	C	0.998087954111	T	0.000956022944551	0	1044	1	1	1046	78511
UNKNOWN	42	T	0.994263862333	C	0.0038240917782	0	4	2	1040	1046	78511
UNKNOWN	43	C	0.997131931166	T	0.0019120458891	1	1043	0	2	1046	78511
UNKNOWN	44	A	0.997131931166	C	0.0019120458891	1043	2	1	0	1046	78511
UNKNOWN	45	C	0.998087954111	A	0.000956022944551	1	1044	1	0	1046	78511
UNKNOWN	46	A	0.996175908222	C	0.00286806883365	1042	3	1	0	1046	78511
UNKNOWN	47	G	0.998087954111	A	0.0019120458891	2	0	1044	0	1046	78511
UNKNOWN	48	A	0.997131931166	C	0.0019120458891	1043	2	1	0	1046	78511
UNKNOWN	49	C	0.998087954111	A	0.0019120458891	2	1044	0	0	1046	78511
UNKNOWN	50	C	1.0	A	0.0	0	1046	0	0	1046	78511
UNKNOWN	51	C	0.996175908222	A	0.0019120458891	2	1042	0	2	1046	78511
UNKNOWN	52	T	0.996175908222	C	0.00286806883365	1	3	0	1042	1046	78511
UNKNOWN	53	C	0.998087954111	T	0.0019120458891	0	1044	0	2	1046	78511
UNKNOWN	54	T	0.996175908222	C	0.0038240917782	0	4	0	1042	1046	78511
UNKNOWN	55	C	1.0	A	0.0	0	1046	0	0	1046	78511
UNKNOWN	56	C	0.995219885277	T	0.00286806883365	1	1041	1	3	1046	78511
UNKNOWN	57	C	0.999043977055	T	0.000956022944551	0	1045	0	1	1046	78511
UNKNOWN	58	T	0.995219885277	C	0.0038240917782	1	4	0	1041	1046	78511
UNKNOWN	59	C	0.999043977055	A	0.000956022944551	1	1045	0	0	1046	78511
UNKNOWN	60	A	0.997131931166	G	0.0019120458891	1043	1	2	0	1046	78511
UNKNOWN	61	C	1.0	A	0.0	0	1046	0	0	1046	78511
UNKNOWN	62	C	0.998087954111	T	0.000956022944551	0	1044	1	1	1046	78511
UNKNOWN	63	T	0.997131931166	C	0.0019120458891	0	2	1	1043	1046	78511
UNKNOWN	64	G	0.999043977055	C	0.000956022944551	0	1	1045	0	1046	78511
UNKNOWN	65	C	0.993307839388	T	0.0038240917782	3	1039	0	4	1046	78511
UNKNOWN	66	A	0.997131931166	C	0.0019120458891	1043	2	1	0	1046	78511
UNKNOWN	67	C	0.98948374761	T	0.00764818355641	2	1035	1	8	1046	78511
UNKNOWN	68	G	0.997131931166	A	0.00286806883365	3	0	1043	0	1046	78511
UNKNOWN	69	A	0.987571701721	G	0.0114722753346	1033	1	12	0	1046	78511
UNKNOWN	70	C	0.987571701721	T	0.0124282982792	0	1033	0	13	1046	78511
UNKNOWN	71	C	0.993307839388	G	0.0057361376673	0	1039	6	1	1046	78511
UNKNOWN	72	T	0.997131931166	C	0.00286806883365	0	3	0	1043	1046	78511
UNKNOWN	73	C	0.997131931166	A	0.000956022944551	1	1043	1	1	1046	78511
UNKNOWN	74	T	0.996175908222	C	0.00286806883365	0	3	1	1042	1046	78511
UNKNOWN	75	G	0.999043977055	A	0.000956022944551	1	0	1045	0	1046	78511
UNKNOWN	76	G	0.999043977055	A	0.000956022944551	1	0	1045	0	1046	78511
UNKNOWN	77	A	0.993307839388	C	0.0038240917782	1039	4	1	2	1046	78511
UNKNOWN	78	T	0.996175908222	G	0.00286806883365	0	1	3	1042	1046	78511
UNKNOWN	79	T	0.997131931166	C	0.00286806883365	0	3	0	1043	1046	78511
UNKNOWN	80	C	0.999043977055	T	0.000956022944551	0	1045	0	1	1046	78511
UNKNOWN	81	T	0.995219885277	C	0.00286806883365	1	3	1	1041	1046	78511
UNKNOWN	82	C	0.999043977055	A	0.000956022944551	1	1045	0	0	1046	78511
UNKNOWN	83	A	0.998087954111	C	0.000956022944551	1044	1	0	1	1046	78511
UNKNOWN	84	T	0.997131931166	C	0.00286806883365	0	3	0	1043	1046	78511
UNKNOWN	85	T	0.996175908222	G	0.0019120458891	1	1	2	1042	1046	78511
UNKNOWN	86	G	0.985659655832	A	0.00764818355641	8	3	1031	4	1046	78511
UNKNOWN	87	A	0.992351816444	G	0.00669216061185	1038	1	7	0	1046	78511
UNKNOWN	88	C	0.921606118547	A	0.0430210325048	45	964	26	11	1046	78511
UNKNOWN	89	C	0.996175908222	T	0.0019120458891	1	1042	1	2	1046	78511
UNKNOWN	90	A	0.996175908222	C	0.0019120458891	1042	2	2	0	1046	78511
UNKNOWN	91	G	0.929254302103	A	0.0439770554493	46	22	972	6	1046	78511
UNKNOWN	92	C	0.97896749522	T	0.0200764818356	1	1024	0	21	1046	78511
UNKNOWN	93	T	0.98948374761	A	0.00764818355641	8	2	1	1035	1046	78511
UNKNOWN	94	A	0.984703632887	C	0.0124282982792	1030	13	1	2	1046	78511
UNKNOWN	95	T	0.995219885277	C	0.00286806883365	0	3	2	1041	1046	78511
UNKNOWN	96	G	0.98948374761	A	0.0105162523901	11	0	1035	0	1046	78511
UNKNOWN	97	G	0.951242829828	A	0.0219885277247	23	23	995	5	1046	78511
UNKNOWN	98	T	0.999043977055	G	0.000956022944551	0	0	1	1045	1046	78511
UNKNOWN	99	G	0.993307839388	A	0.0057361376673	6	0	1039	1	1046	78511
UNKNOWN	100	T	0.997131931166	C	0.0019120458891	1	2	0	1043	1046	78511
UNKNOWN	101	A	0.975143403442	T	0.0152963671128	1020	7	3	16	1046	78511
UNKNOWN	102	A	0.983747609943	G	0.0143403441683	1029	2	15	0	1046	78511
UNKNOWN	103	G	0.877629063098	A	0.0869980879541	91	25	918	12	1046	78511
UNKNOWN	104	C	0.991395793499	T	0.00764818355641	0	1037	1	8	1046	78511
UNKNOWN	105	T	0.999043977055	G	0.000956022944551	0	0	1	1045	1046	78511
UNKNOWN	106	G	1.0	A	0.0	0	0	1046	0	1046	78511
UNKNOWN	107	G	0.997131931166	A	0.0019120458891	2	0	1043	1	1046	78511
UNKNOWN	108	G	0.992351816444	C	0.0038240917782	3	4	1038	1	1046	78511
UNKNOWN	109	T	0.996175908222	C	0.0019120458891	0	2	2	1042	1046	78511
UNKNOWN	110	C	1.0	A	0.0	0	1046	0	0	1046	78511
UNKNOWN	111	C	0.999043977055	G	0.000956022944551	0	1045	1	0	1046	78511
UNKNOWN	112	G	0.999043977055	C	0.000956022944551	0	1	1045	0	1046	78511
UNKNOWN	113	C	0.999043977055	T	0.000956022944551	0	1045	0	1	1046	78511
UNKNOWN	114	C	0.998087954111	A	0.000956022944551	1	1044	0	1	1046	78511
UNKNOWN	115	A	0.98948374761	G	0.00956022944551	1035	1	10	0	1046	78511
UNKNOWN	116	G	0.999043977055	A	0.000956022944551	1	0	1045	0	1046	78511
UNKNOWN	117	G	0.994263862333	A	0.00478011472275	5	1	1040	0	1046	78511
UNKNOWN	118	C	0.997131931166	A	0.000956022944551	1	1043	1	1	1046	78511
UNKNOWN	119	T	0.990439770554	G	0.00478011472275	1	4	5	1036	1046	78511
UNKNOWN	120	C	1.0	A	0.0	0	1046	0	0	1046	78511
UNKNOWN	121	C	0.999043977055	A	0.000956022944551	1	1045	0	0	1046	78511
UNKNOWN	122	A	0.98948374761	G	0.00764818355641	1035	3	8	0	1046	78511
UNKNOWN	123	G	0.995219885277	A	0.00478011472275	5	0	1041	0	1046	78511
UNKNOWN	124	G	0.998087954111	A	0.0019120458891	2	0	1044	0	1046	78511
UNKNOWN	125	A	0.68068833652	G	0.318355640535	712	0	333	1	1046	78511
UNKNOWN	126	A	1.0	C	0.0	1046	0	0	0	1046	78511
UNKNOWN	127	A	0.997131931166	G	0.00286806883365	1043	0	3	0	1046	78511
UNKNOWN	128	G	0.999043977055	A	0.000956022944551	1	0	1045	0	1046	78511
UNKNOWN	129	G	0.994263862333	C	0.0038240917782	2	4	1040	0	1046	78511
UNKNOWN	130	C	0.998087954111	G	0.0019120458891	0	1044	2	0	1046	78511
UNKNOWN	131	G	0.997131931166	C	0.0019120458891	1	2	1043	0	1046	78511
UNKNOWN	132	C	0.988527724665	T	0.0114722753346	0	1034	0	12	1046	78511
UNKNOWN	133	T	0.992351816444	C	0.0038240917782	0	4	4	1038	1046	78511
UNKNOWN	134	G	0.986615678776	A	0.0124282982792	13	1	1032	0	1046	78511
UNKNOWN	135	G	0.997131931166	A	0.00286806883365	3	0	1043	0	1046	78511
UNKNOWN	136	A	0.992351816444	G	0.00669216061185	1038	1	7	0	1046	78511
UNKNOWN	137	G	0.997131931166	T	0.00286806883365	0	0	1043	3	1046	78511
UNKNOWN	138	T	0.994263862333	G	0.00286806883365	1	2	3	1040	1046	78511
UNKNOWN	139	G	1.0	A	0.0	0	0	1046	0	1046	78511
UNKNOWN	140	G	0.985659655832	C	0.00956022944551	1	10	1031	4	1046	78511
UNKNOWN	141	C	0.995219885277	T	0.0038240917782	1	1041	0	4	1046	78511
UNKNOWN	142	T	0.997131931166	C	0.00286806883365	0	3	0	1043	1046	78511
UNKNOWN	143	C	0.993307839388	G	0.0038240917782	0	1039	4	3	1046	78511
UNKNOWN	144	G	1.0	A	0.0	0	0	1046	0	1046	78511
UNKNOWN	145	G	0.997131931166	T	0.00286806883365	0	0	1043	3	1046	78511
UNKNOWN	146	T	0.992351816444	G	0.0038240917782	3	1	4	1038	1046	78511
UNKNOWN	147	G	0.964627151052	A	0.027724665392	29	6	1009	2	1046	78511
UNKNOWN	148	G	0.948374760994	A	0.0248565965583	26	24	992	4	1046	78511
UNKNOWN	149	T	0.984703632887	G	0.00860420650096	6	1	9	1030	1046	78511
UNKNOWN	150	A	0.954110898662	G	0.0325047801147	998	0	34	14	1046	78511
UNKNOWN	151	T	0.993307839388	A	0.0038240917782	4	2	1	1039	1046	78511
UNKNOWN	152	A	0.965583173996	G	0.0162523900574	1010	9	17	10	1046	78511
UNKNOWN	153	G	0.928298279159	A	0.0487571701721	51	17	971	7	1046	78511
UNKNOWN	154	A	0.703632887189	G	0.260994263862	736	14	273	23	1046	78511
UNKNOWN	155	T	0.950286806883	C	0.0248565965583	8	26	18	994	1046	78511
UNKNOWN	156	A	0.919694072658	G	0.0764818355641	962	2	80	2	1046	78511
UNKNOWN	157	G	0.934034416826	A	0.0535372848948	56	8	977	5	1046	78511
UNKNOWN	158	T	0.97896749522	C	0.0152963671128	1	16	5	1024	1046	78511
UNKNOWN	159	G	0.89292543021	A	0.0975143403442	102	10	934	0	1046	78511
UNKNOWN	160	G	0.870936902486	C	0.093690248566	22	98	911	15	1046	78511
UNKNOWN	161	T	0.974187380497	G	0.0133843212237	6	7	14	1019	1046	78511
UNKNOWN	162	G	0.999043977055	T	0.000956022944551	0	0	1045	1	1046	78511
UNKNOWN	163	G	0.991395793499	A	0.00669216061185	7	0	1037	2	1046	78511
UNKNOWN	164	A	0.992351816444	T	0.0038240917782	1038	1	3	4	1046	78511
UNKNOWN	165	A	0.978011472275	G	0.019120458891	1023	1	20	2	1046	78511
UNKNOWN	166	G	0.785850860421	A	0.140535372849	147	26	822	51	1046	78511
UNKNOWN	167	C	0.942638623327	A	0.038240917782	40	986	9	11	1046	78511
UNKNOWN	168	A	0.981835564054	G	0.0124282982792	1027	6	13	0	1046	78511
UNKNOWN	169	C	0.981835564054	T	0.0114722753346	7	1027	0	12	1046	78511
UNKNOWN	170	A	0.990439770554	G	0.00860420650096	1036	1	9	0	1046	78511
UNKNOWN	171	G	0.98948374761	C	0.0057361376673	2	6	1035	3	1046	78511
UNKNOWN	172	G	0.919694072658	A	0.0621414913958	65	14	962	5	1046	78511
UNKNOWN	173	C	0.988527724665	T	0.00764818355641	1	1034	3	8	1046	78511
UNKNOWN	174	T	0.991395793499	A	0.0057361376673	6	3	0	1037	1046	78511
UNKNOWN	175	A	0.995219885277	T	0.00478011472275	1041	0	0	5	1046	78511
UNKNOWN	176	T	0.988527724665	C	0.00669216061185	5	7	0	1034	1046	78511
UNKNOWN	177	A	0.999043977055	C	0.000956022944551	1045	1	0	0	1046	78511
UNKNOWN	178	A	0.994263862333	C	0.00478011472275	1040	5	1	0	1046	78511
UNKNOWN	179	C	0.941682600382	T	0.0525812619503	3	985	3	55	1046	78511
UNKNOWN	180	C	0.978011472275	T	0.0200764818356	0	1023	2	21	1046	78511
UNKNOWN	181	C	0.991395793499	A	0.00478011472275	5	1037	0	4	1046	78511
UNKNOWN	182	A	0.982791586998	G	0.00956022944551	1028	8	10	0	1046	78511
UNKNOWN	183	G	0.999043977055	A	0.000956022944551	1	0	1045	0	1046	78511
UNKNOWN	184	G	0.958891013384	C	0.0372848948375	3	39	1003	1	1046	78511
UNKNOWN	185	C	1.0	A	0.0	0	1046	0	0	1046	78511
UNKNOWN	186	C	0.994263862333	T	0.0057361376673	0	1040	0	6	1046	78511
UNKNOWN	187	T	0.992351816444	G	0.0057361376673	1	1	6	1038	1046	78511
UNKNOWN	188	G	0.986615678776	A	0.0114722753346	12	0	1032	2	1046	78511
UNKNOWN	189	A	0.995219885277	G	0.0038240917782	1041	1	4	0	1046	78511
UNKNOWN	190	A	0.999043977055	G	0.000956022944551	1045	0	1	0	1046	78511
UNKNOWN	191	A	0.988527724665	G	0.00478011472275	1034	3	5	4	1046	78511
UNKNOWN	192	T	0.746653919694	C	0.237093690249	3	248	14	781	1046	78511
UNKNOWN	193	C	0.997131931166	A	0.0019120458891	2	1043	0	1	1046	78511
UNKNOWN	194	C	0.987571701721	A	0.00669216061185	7	1033	1	5	1046	78511
UNKNOWN	195	A	0.921606118547	C	0.0707456978967	964	74	8	0	1046	78511
UNKNOWN	196	G	0.998087954111	A	0.0019120458891	2	0	1044	0	1046	78511
UNKNOWN	197	G	0.978011472275	A	0.0114722753346	12	8	1023	3	1046	78511
UNKNOWN	198	C	0.990439770554	T	0.00860420650096	1	1036	0	9	1046	78511
UNKNOWN	199	T	0.988527724665	C	0.0105162523901	0	11	1	1034	1046	78511
UNKNOWN	200	C	0.982791586998	A	0.00956022944551	10	1028	1	7	1046	78511
UNKNOWN	201	A	0.990439770554	G	0.00764818355641	1036	2	8	0	1046	78511
UNKNOWN	202	G	0.983747609943	T	0.0124282982792	2	2	1029	13	1046	78511
UNKNOWN	203	T	0.624282982792	C	0.365200764818	9	382	2	653	1046	78511
UNKNOWN	204	A	0.984703632887	T	0.00956022944551	1030	1	5	10	1046	78511
UNKNOWN	205	T	0.98948374761	C	0.00860420650096	2	9	0	1035	1046	78511
UNKNOWN	206	C	0.986615678776	T	0.00764818355641	6	1032	0	8	1046	78511
UNKNOWN	207	A	0.991395793499	C	0.00669216061185	1037	7	1	1	1046	78511
UNKNOWN	208	C	0.976099426386	T	0.0219885277247	0	1021	2	23	1046	78511
UNKNOWN	209	C	0.970363288719	A	0.0172084130019	18	1015	0	13	1046	78511
UNKNOWN	210	A	0.991395793499	G	0.00764818355641	1037	0	8	1	1046	78511
UNKNOWN	211	G	0.914913957935	A	0.0841300191205	88	1	957	0	1046	78511
UNKNOWN	212	G	0.988527724665	A	0.0114722753346	12	0	1034	0	1046	78511
UNKNOWN	213	G	0.988527724665	A	0.0105162523901	11	0	1034	1	1046	78511
UNKNOWN	214	A	0.988527724665	C	0.00764818355641	1034	8	4	0	1046	78511
UNKNOWN	215	C	0.983747609943	A	0.00860420650096	9	1029	0	8	1046	78511
UNKNOWN	216	A	0.995219885277	C	0.0038240917782	1041	4	1	0	1046	78511
UNKNOWN	217	A	0.979923518164	C	0.0152963671128	1025	16	3	2	1046	78511
UNKNOWN	218	C	0.977055449331	T	0.0143403441683	0	1022	9	15	1046	78511
UNKNOWN	219	T	0.980879541109	C	0.00956022944551	1	10	9	1026	1046	78511
UNKNOWN	220	C	0.987571701721	G	0.00764818355641	1	1033	8	4	1046	78511
UNKNOWN	221	C	0.990439770554	A	0.00764818355641	8	1036	0	2	1046	78511
UNKNOWN	222	A	0.988527724665	G	0.00956022944551	1034	2	10	0	1046	78511
UNKNOWN	223	A	0.98948374761	G	0.0105162523901	1035	0	11	0	1046	78511
UNKNOWN	224	G	0.986615678776	A	0.0124282982792	13	0	1032	1	1046	78511
UNKNOWN	225	A	0.979923518164	G	0.0181644359465	1025	1	19	1	1046	78511
UNKNOWN	226	G	0.979923518164	C	0.0114722753346	9	12	1025	0	1046	78511
UNKNOWN	227	C	0.985659655832	T	0.0143403441683	0	1031	0	15	1046	78511
UNKNOWN	228	C	0.988527724665	A	0.00956022944551	10	1034	1	1	1046	78511
UNKNOWN	229	A	0.987571701721	C	0.00860420650096	1033	9	1	3	1046	78511
UNKNOWN	230	A	0.979923518164	G	0.019120458891	1025	0	20	1	1046	78511
UNKNOWN	231	G	0.979923518164	A	0.00956022944551	10	1	1025	10	1046	78511
UNKNOWN	232	T	0.98948374761	C	0.0105162523901	0	11	0	1035	1046	78511
UNKNOWN	233	C	0.984703632887	T	0.0124282982792	1	1030	2	13	1046	78511
UNKNOWN	234	T	0.98948374761	C	0.0105162523901	0	11	0	1035	1046	78511
UNKNOWN	235	C	0.985659655832	T	0.0105162523901	3	1031	1	11	1046	78511
UNKNOWN	236	T	0.978011472275	C	0.019120458891	2	20	1	1023	1046	78511
UNKNOWN	237	C	0.987571701721	T	0.0105162523901	0	1033	2	11	1046	78511
UNKNOWN	238	T	0.986615678776	G	0.0105162523901	1	2	11	1032	1046	78511
UNKNOWN	239	G	0.971319311663	A	0.0143403441683	15	4	1016	11	1046	78511
UNKNOWN	240	T	0.983747609943	C	0.0124282982792	2	13	2	1029	1046	78511
UNKNOWN	241	C	0.983747609943	A	0.0124282982792	13	1029	0	4	1046	78511
UNKNOWN	242	A	0.979923518164	G	0.0162523900574	1025	2	17	2	1046	78511
UNKNOWN	243	G	0.953154875717	C	0.0219885277247	11	23	997	15	1046	78511
UNKNOWN	244	T	0.984703632887	G	0.0105162523901	0	5	11	1030	1046	78511
UNKNOWN	245	G	0.97896749522	A	0.0162523900574	17	0	1024	5	1046	78511
UNKNOWN	246	A	0.979923518164	G	0.0172084130019	1025	3	18	0	1046	78511
UNKNOWN	247	G	0.954110898662	A	0.0286806883365	30	16	998	2	1046	78511
UNKNOWN	248	C	0.972275334608	A	0.0143403441683	15	1017	2	12	1046	78511
UNKNOWN	249	A	0.985659655832	G	0.0143403441683	1031	0	15	0	1046	78511
UNKNOWN	250	G	0.977055449331	C	0.0152963671128	8	16	1022	0	1046	78511
UNKNOWN	251	C	0.985659655832	G	0.0114722753346	0	1031	12	3	1046	78511
UNKNOWN	252	G	0.979923518164	T	0.0114722753346	5	4	1025	12	1046	78511
UNKNOWN	253	T	0.987571701721	G	0.0105162523901	0	2	11	1033	1046	78511
UNKNOWN	254	G	0.964627151052	A	0.0286806883365	30	2	1009	5	1046	78511
UNKNOWN	255	A	0.975143403442	G	0.0133843212237	1020	11	14	1	1046	78511
UNKNOWN	256	C	0.982791586998	A	0.0133843212237	14	1028	1	3	1046	78511
UNKNOWN	257	A	0.952198852772	C	0.0239005736138	996	25	25	0	1046	78511
UNKNOWN	258	C	0.917782026769	A	0.0736137667304	77	960	7	2	1046	78511
UNKNOWN	259	C	0.981835564054	T	0.0124282982792	2	1027	4	13	1046	78511
UNKNOWN	260	T	0.974187380497	G	0.0162523900574	2	8	17	1019	1046	78511
UNKNOWN	261	G	0.986615678776	A	0.0124282982792	13	0	1032	1	1046	78511
UNKNOWN	262	A	0.979923518164	G	0.0181644359465	1025	1	19	1	1046	78511
UNKNOWN	263	G	0.956978967495	A	0.038240917782	40	2	1001	3	1046	78511
UNKNOWN	264	G	0.986615678776	A	0.0114722753346	12	2	1032	0	1046	78511
UNKNOWN	265	A	0.984703632887	C	0.0124282982792	1030	13	2	1	1046	78511
UNKNOWN	266	C	0.979923518164	A	0.0143403441683	15	1025	0	6	1046	78511
UNKNOWN	267	A	0.97896749522	C	0.0114722753346	1024	12	4	6	1046	78511
UNKNOWN	268	C	0.985659655832	G	0.0124282982792	1	1031	13	1	1046	78511
UNKNOWN	269	G	0.943594646272	A	0.0535372848948	56	2	987	1	1046	78511
UNKNOWN	270	G	0.987571701721	C	0.0114722753346	0	12	1033	1	1046	78511
UNKNOWN	271	C	0.996175908222	A	0.0019120458891	2	1042	1	1	1046	78511
UNKNOWN	272	C	0.986615678776	G	0.0105162523901	1	1032	11	2	1046	78511
UNKNOWN	273	G	0.621414913958	A	0.365200764818	382	1	650	13	1046	78511
UNKNOWN	274	T	0.630975143403	C	0.35086042065	13	367	6	660	1046	78511
UNKNOWN	275	A	0.604206500956	G	0.364244741874	632	11	381	22	1046	78511
UNKNOWN	276	T	0.988527724665	A	0.0114722753346	12	0	0	1034	1046	78511
UNKNOWN	277	A	0.981835564054	C	0.0133843212237	1027	14	3	2	1046	78511
UNKNOWN	278	C	0.955066921606	T	0.0439770554493	0	999	1	46	1046	78511
UNKNOWN	279	T	0.979923518164	A	0.0162523900574	17	3	1	1025	1046	78511
UNKNOWN	280	A	0.978011472275	C	0.0124282982792	1023	13	2	8	1046	78511
UNKNOWN	281	C	0.971319311663	T	0.0286806883365	0	1016	0	30	1046	78511
UNKNOWN	282	T	0.985659655832	G	0.0143403441683	0	0	15	1031	1046	78511
