Type	Position	Nucl1	Freq1	Nucl2	Freq2	NumAs	NumCs	NumGs	NumTs	NumAligned	NumNaive
UNKNOWN	0	C	1.0	A	0.0	0	5166	0	0	5166	78511
UNKNOWN	1	A	1.0	C	0.0	5166	0	0	0	5166	78511
UNKNOWN	2	G	1.0	A	0.0	0	0	5166	0	5166	78511
UNKNOWN	3	G	1.0	A	0.0	0	0	5166	0	5166	78511
UNKNOWN	4	T	1.0	A	0.0	0	0	0	5166	5166	78511
UNKNOWN	5	G	1.0	A	0.0	0	0	5166	0	5166	78511
UNKNOWN	6	C	1.0	A	0.0	0	5166	0	0	5166	78511
UNKNOWN	7	A	0.997870692993	G	0.00116144018583	5155	2	6	3	5166	78511
UNKNOWN	8	G	0.993224932249	A	0.00542005420054	28	3	5131	4	5166	78511
UNKNOWN	9	C	0.997483546264	T	0.00212930700736	0	5153	2	11	5166	78511
UNKNOWN	10	T	0.99864498645	C	0.00135501355014	0	7	0	5159	5166	78511
UNKNOWN	11	G	0.998257839721	A	0.00135501355014	7	2	5157	0	5166	78511
UNKNOWN	12	C	0.998838559814	T	0.000580720092915	1	5160	2	3	5166	78511
UNKNOWN	13	G	0.998451413086	A	0.00154858691444	8	0	5158	0	5166	78511
UNKNOWN	14	G	0.921989934185	C	0.0768486256291	5	397	4763	1	5166	78511
UNKNOWN	15	G	0.999032133178	C	0.000580720092915	1	3	5161	1	5166	78511
UNKNOWN	16	A	0.997483546264	G	0.00212930700736	5153	2	11	0	5166	78511
UNKNOWN	17	G	0.997096399535	A	0.00193573364305	10	4	5151	1	5166	78511
UNKNOWN	18	T	0.99864498645	C	0.000967866821525	0	5	2	5159	5166	78511
UNKNOWN	19	C	0.999612853271	T	0.000193573364305	0	5164	1	1	5166	78511
UNKNOWN	20	G	0.997870692993	A	0.00212930700736	11	0	5155	0	5166	78511
UNKNOWN	21	G	0.998451413086	C	0.000967866821525	3	5	5158	0	5166	78511
UNKNOWN	22	G	0.999612853271	A	0.000193573364305	1	1	5164	0	5166	78511
UNKNOWN	23	C	0.996902826171	T	0.00251645373597	0	5150	3	13	5166	78511
UNKNOWN	24	C	0.999419279907	T	0.00038714672861	1	5163	0	2	5166	78511
UNKNOWN	25	C	0.999419279907	T	0.00038714672861	1	5163	0	2	5166	78511
UNKNOWN	26	C	0.998838559814	T	0.00077429345722	2	5160	0	4	5166	78511
UNKNOWN	27	A	0.996709252807	G	0.00290360046458	5149	1	15	1	5166	78511
UNKNOWN	28	G	0.991869918699	A	0.00638792102207	33	9	5124	0	5166	78511
UNKNOWN	29	C	0.99864498645	T	0.00135501355014	0	5159	0	7	5166	78511
UNKNOWN	30	C	0.999032133178	T	0.000580720092915	1	5161	1	3	5166	78511
UNKNOWN	31	T	0.997677119628	G	0.00116144018583	1	5	6	5154	5166	78511
UNKNOWN	32	G	0.996709252807	A	0.00271002710027	14	0	5149	3	5166	78511
UNKNOWN	33	G	0.999032133178	A	0.00038714672861	2	1	5161	2	5166	78511
UNKNOWN	34	T	0.994579945799	C	0.00483933410763	0	25	3	5138	5166	78511
UNKNOWN	35	G	0.996515679443	A	0.00290360046458	15	1	5148	2	5166	78511
UNKNOWN	36	A	0.99864498645	C	0.000580720092915	5159	3	2	2	5166	78511
UNKNOWN	37	A	0.996128532714	G	0.00251645373597	5146	7	13	0	5166	78511
UNKNOWN	38	G	0.999032133178	A	0.00077429345722	4	1	5161	0	5166	78511
UNKNOWN	39	C	0.998451413086	T	0.000967866821525	3	5158	0	5	5166	78511
UNKNOWN	40	C	0.999806426636	T	0.000193573364305	0	5165	0	1	5166	78511
UNKNOWN	41	C	0.997096399535	T	0.00193573364305	0	5151	5	10	5166	78511
UNKNOWN	42	T	0.996515679443	C	0.00212930700736	2	11	5	5148	5166	78511
UNKNOWN	43	C	0.998838559814	A	0.000967866821525	5	5160	0	1	5166	78511
UNKNOWN	44	A	0.995354239257	G	0.00348432055749	5142	6	18	0	5166	78511
UNKNOWN	45	C	0.999032133178	G	0.000580720092915	2	5161	3	0	5166	78511
UNKNOWN	46	A	0.997677119628	C	0.00116144018583	5154	6	6	0	5166	78511
UNKNOWN	47	G	0.994386372435	A	0.00522648083624	27	2	5137	0	5166	78511
UNKNOWN	48	A	0.995354239257	G	0.00290360046458	5142	8	15	1	5166	78511
UNKNOWN	49	C	0.99864498645	T	0.000967866821525	1	5159	1	5	5166	78511
UNKNOWN	50	C	0.999612853271	G	0.00038714672861	0	5164	2	0	5166	78511
UNKNOWN	51	C	0.999032133178	A	0.00038714672861	2	5161	1	2	5166	78511
UNKNOWN	52	T	0.996709252807	C	0.00329074719319	0	17	0	5149	5166	78511
UNKNOWN	53	C	0.999225706543	T	0.00038714672861	0	5162	2	2	5166	78511
UNKNOWN	54	T	0.996515679443	C	0.00271002710027	2	14	2	5148	5166	78511
UNKNOWN	55	C	0.999032133178	A	0.00038714672861	2	5161	1	2	5166	78511
UNKNOWN	56	C	0.9972899729	G	0.00154858691444	1	5152	8	5	5166	78511
UNKNOWN	57	C	0.998451413086	T	0.00077429345722	1	5158	3	4	5166	78511
UNKNOWN	58	T	0.998064266357	C	0.00174216027875	1	9	0	5156	5166	78511
UNKNOWN	59	C	0.999032133178	A	0.00077429345722	4	5161	1	0	5166	78511
UNKNOWN	60	A	0.996709252807	G	0.00212930700736	5149	5	11	1	5166	78511
UNKNOWN	61	C	0.999419279907	A	0.000580720092915	3	5163	0	0	5166	78511
UNKNOWN	62	C	0.996902826171	T	0.00154858691444	3	5150	5	8	5166	78511
UNKNOWN	63	T	0.99864498645	G	0.00077429345722	0	3	4	5159	5166	78511
UNKNOWN	64	G	0.999612853271	C	0.00038714672861	0	2	5164	0	5166	78511
UNKNOWN	65	C	0.996322106078	T	0.00212930700736	7	5147	1	11	5166	78511
UNKNOWN	66	A	0.992063492063	T	0.00290360046458	5125	12	14	15	5166	78511
UNKNOWN	67	C	0.998451413086	T	0.00077429345722	2	5158	2	4	5166	78511
UNKNOWN	68	G	0.996902826171	A	0.00251645373597	13	3	5150	0	5166	78511
UNKNOWN	69	A	0.785133565621	G	0.209446380178	4056	22	1082	6	5166	78511
UNKNOWN	70	T	0.990514905149	C	0.00793650793651	5	41	3	5117	5166	78511
UNKNOWN	71	C	0.992063492063	G	0.00329074719319	10	5125	17	14	5166	78511
UNKNOWN	72	T	0.996709252807	C	0.00212930700736	0	11	6	5149	5166	78511
UNKNOWN	73	C	0.998838559814	T	0.00077429345722	1	5160	1	4	5166	78511
UNKNOWN	74	T	0.996128532714	C	0.00251645373597	2	13	5	5146	5166	78511
UNKNOWN	75	G	0.998838559814	A	0.000580720092915	3	0	5160	3	5166	78511
UNKNOWN	76	G	0.998257839721	A	0.00154858691444	8	0	5157	1	5166	78511
UNKNOWN	77	A	0.995160665892	C	0.00251645373597	5141	13	8	4	5166	78511
UNKNOWN	78	T	0.996128532714	C	0.00232288037166	1	12	7	5146	5166	78511
UNKNOWN	79	T	0.996322106078	C	0.00271002710027	1	14	4	5147	5166	78511
UNKNOWN	80	C	0.997870692993	T	0.00154858691444	2	5155	1	8	5166	78511
UNKNOWN	81	T	0.993612078978	C	0.00309717382888	1	16	16	5133	5166	78511
UNKNOWN	82	C	0.996709252807	T	0.00271002710027	2	5149	1	14	5166	78511
UNKNOWN	83	A	0.989547038328	G	0.00542005420054	5112	22	28	4	5166	78511
UNKNOWN	84	T	0.988192024777	C	0.0104529616725	5	54	2	5105	5166	78511
UNKNOWN	85	T	0.998451413086	C	0.00077429345722	1	4	3	5158	5166	78511
UNKNOWN	86	G	0.991289198606	A	0.00813008130081	42	3	5121	0	5166	78511
UNKNOWN	87	A	0.995741385985	G	0.00271002710027	5144	6	14	2	5166	78511
UNKNOWN	88	G	0.958962446767	C	0.0216802168022	78	112	4954	22	5166	78511
UNKNOWN	89	C	0.981804103755	T	0.00987224157956	23	5072	20	51	5166	78511
UNKNOWN	90	A	0.991676345335	G	0.00522648083624	5123	14	27	2	5166	78511
UNKNOWN	91	G	0.91366627952	A	0.059039876113	305	120	4720	21	5166	78511
UNKNOWN	92	C	0.975222609369	T	0.0149051490515	12	5038	39	77	5166	78511
UNKNOWN	93	T	0.982191250484	A	0.0075493612079	39	18	35	5074	5166	78511
UNKNOWN	94	A	0.984126984127	C	0.00813008130081	5084	42	20	20	5166	78511
UNKNOWN	95	T	0.990514905149	C	0.00658149438637	3	34	12	5117	5166	78511
UNKNOWN	96	G	0.897212543554	A	0.0776229190863	401	36	4635	94	5166	78511
UNKNOWN	97	C	0.821525358111	G	0.13801780875	113	4244	713	96	5166	78511
UNKNOWN	98	T	0.989547038328	C	0.00425861401471	11	22	21	5112	5166	78511
UNKNOWN	99	G	0.977932636469	A	0.0212930700736	110	0	5052	4	5166	78511
UNKNOWN	100	T	0.998064266357	C	0.00116144018583	3	6	1	5156	5166	78511
UNKNOWN	101	A	0.97348044909	G	0.0214866434379	5029	14	111	12	5166	78511
UNKNOWN	102	G	0.913085559427	A	0.0739450251645	382	30	4717	37	5166	78511
UNKNOWN	103	G	0.925280681378	A	0.038714672861	200	133	4780	53	5166	78511
UNKNOWN	104	C	0.992450638792	T	0.00503290747193	3	5127	10	26	5166	78511
UNKNOWN	105	T	0.9972899729	C	0.00154858691444	0	8	6	5152	5166	78511
UNKNOWN	106	G	0.999225706543	T	0.00038714672861	1	1	5162	2	5166	78511
UNKNOWN	107	G	0.999225706543	T	0.00038714672861	1	1	5162	2	5166	78511
UNKNOWN	108	G	0.980061943477	A	0.0172280294232	89	8	5063	6	5166	78511
UNKNOWN	109	T	0.994192799071	C	0.00503290747193	1	26	3	5136	5166	78511
UNKNOWN	110	C	0.997870692993	T	0.00174216027875	2	5155	0	9	5166	78511
UNKNOWN	111	C	0.998451413086	G	0.000967866821525	1	5158	5	2	5166	78511
UNKNOWN	112	G	0.997677119628	A	0.00135501355014	7	5	5154	0	5166	78511
UNKNOWN	113	C	0.998451413086	T	0.000967866821525	2	5158	1	5	5166	78511
UNKNOWN	114	C	0.998064266357	A	0.00135501355014	7	5156	1	2	5166	78511
UNKNOWN	115	A	0.994773519164	G	0.00348432055749	5139	7	18	2	5166	78511
UNKNOWN	116	G	0.999225706543	A	0.00038714672861	2	1	5162	1	5166	78511
UNKNOWN	117	G	0.985481997677	A	0.0116144018583	60	13	5091	2	5166	78511
UNKNOWN	118	C	0.993999225707	T	0.00464576074332	1	5135	6	24	5166	78511
UNKNOWN	119	T	0.994192799071	C	0.00483933410763	3	25	2	5136	5166	78511
UNKNOWN	120	C	0.998257839721	T	0.00077429345722	1	5157	4	4	5166	78511
UNKNOWN	121	C	0.997870692993	A	0.00135501355014	7	5155	2	2	5166	78511
UNKNOWN	122	A	0.988579171506	G	0.00851722802942	5107	12	44	3	5166	78511
UNKNOWN	123	G	0.999032133178	A	0.000580720092915	3	1	5161	1	5166	78511
UNKNOWN	124	G	0.996902826171	A	0.00309717382888	16	0	5150	0	5166	78511
UNKNOWN	125	G	0.992257065428	A	0.00677506775068	35	5	5126	0	5166	78511
UNKNOWN	126	A	0.997677119628	G	0.00232288037166	5154	0	12	0	5166	78511
UNKNOWN	127	A	0.993031358885	G	0.00658149438637	5130	2	34	0	5166	78511
UNKNOWN	128	G	0.997677119628	A	0.00212930700736	11	1	5154	0	5166	78511
UNKNOWN	129	G	0.993224932249	A	0.00445218737902	23	12	5131	0	5166	78511
UNKNOWN	130	C	0.992837785521	G	0.00464576074332	1	5129	24	12	5166	78511
UNKNOWN	131	G	0.977739063105	A	0.0152922957801	79	30	5051	6	5166	78511
UNKNOWN	132	C	0.983159117305	A	0.0110336817654	57	5079	1	29	5166	78511
UNKNOWN	133	T	0.989353464963	C	0.00658149438637	2	34	19	5111	5166	78511
UNKNOWN	134	G	0.977545489741	A	0.0170344560588	88	3	5050	25	5166	78511
UNKNOWN	135	G	0.996902826171	A	0.00251645373597	13	1	5150	2	5166	78511
UNKNOWN	136	A	0.993999225707	G	0.00522648083624	5135	2	27	2	5166	78511
UNKNOWN	137	G	0.935927216415	A	0.0555555555556	287	28	4835	16	5166	78511
UNKNOWN	138	T	0.992063492063	C	0.00503290747193	6	26	9	5125	5166	78511
UNKNOWN	139	G	0.963414634146	A	0.0307781649245	159	9	4977	21	5166	78511
UNKNOWN	140	T	0.916569879985	C	0.0638792102207	2	330	99	4735	5166	78511
UNKNOWN	141	C	0.976964769648	G	0.0172280294232	18	5047	89	12	5166	78511
UNKNOWN	142	T	0.998451413086	C	0.000580720092915	2	3	3	5158	5166	78511
UNKNOWN	143	T	0.9289585753	C	0.0619434765776	7	320	40	4799	5166	78511
UNKNOWN	144	G	0.993418505614	A	0.00406504065041	21	5	5132	8	5166	78511
UNKNOWN	145	G	0.991676345335	T	0.0038714672861	4	19	5123	20	5166	78511
UNKNOWN	146	T	0.983546264034	G	0.00813008130081	19	24	42	5081	5166	78511
UNKNOWN	147	G	0.870305845916	A	0.116724738676	603	26	4496	41	5166	78511
UNKNOWN	148	G	0.925667828107	A	0.0404568331398	209	106	4782	69	5166	78511
UNKNOWN	149	T	0.964769647696	G	0.015873015873	52	48	82	4984	5166	78511
UNKNOWN	150	A	0.951025938831	G	0.0445218737902	4913	5	230	18	5166	78511
UNKNOWN	151	T	0.992063492063	A	0.00406504065041	21	7	13	5125	5166	78511
UNKNOWN	152	A	0.955090979481	T	0.0185830429733	4934	46	90	96	5166	78511
UNKNOWN	153	A	0.924312814557	G	0.0658149438637	4775	41	340	10	5166	78511
UNKNOWN	154	G	0.8579171506	A	0.107046070461	553	140	4432	41	5166	78511
UNKNOWN	155	T	0.930700735579	C	0.0466511807975	45	241	72	4808	5166	78511
UNKNOWN	156	A	0.787843592722	G	0.185056136276	4070	117	956	23	5166	78511
UNKNOWN	157	G	0.895276809911	C	0.047619047619	176	246	4625	119	5166	78511
UNKNOWN	158	T	0.974254742547	G	0.0147115756872	34	23	76	5033	5166	78511
UNKNOWN	159	G	0.81339527681	A	0.1393728223	720	177	4202	67	5166	78511
UNKNOWN	160	G	0.869725125823	A	0.0867208672087	448	156	4493	69	5166	78511
UNKNOWN	161	T	0.955284552846	G	0.0238095238095	76	32	123	4935	5166	78511
UNKNOWN	162	G	0.988966318235	A	0.0102593883082	53	0	5109	4	5166	78511
UNKNOWN	163	G	0.993224932249	A	0.00348432055749	18	11	5131	6	5166	78511
UNKNOWN	164	A	0.968641114983	G	0.0243902439024	5004	29	126	7	5166	78511
UNKNOWN	165	A	0.930507162214	G	0.0600077429346	4807	26	310	23	5166	78511
UNKNOWN	166	G	0.646341463415	A	0.213511420828	1103	431	3339	293	5166	78511
UNKNOWN	167	C	0.872435152923	A	0.0468447541618	242	4507	186	231	5166	78511
UNKNOWN	168	A	0.95412311266	G	0.0294231513744	4929	77	152	8	5166	78511
UNKNOWN	169	C	0.975803329462	T	0.0154858691444	21	5041	24	80	5166	78511
UNKNOWN	170	A	0.976577622919	G	0.0145180023229	5045	26	75	20	5166	78511
UNKNOWN	171	G	0.948122338366	A	0.0220673635308	114	96	4898	58	5166	78511
UNKNOWN	172	G	0.840301974448	A	0.116337591947	601	183	4341	41	5166	78511
UNKNOWN	173	C	0.972319008904	T	0.0180023228804	2	5023	48	93	5166	78511
UNKNOWN	174	T	0.99012775842	A	0.00619434765776	32	11	8	5115	5166	78511
UNKNOWN	175	A	0.990321331785	T	0.00677506775068	5116	10	5	35	5166	78511
UNKNOWN	176	T	0.981029810298	C	0.0156794425087	16	81	1	5068	5166	78511
UNKNOWN	177	A	0.99012775842	C	0.00813008130081	5115	42	8	1	5166	78511
UNKNOWN	178	A	0.98741773132	C	0.00735578784359	5101	38	24	3	5166	78511
UNKNOWN	179	C	0.911924119241	T	0.0747193186218	27	4711	42	386	5166	78511
UNKNOWN	180	C	0.955284552846	T	0.0224545102594	26	4935	89	116	5166	78511
UNKNOWN	181	C	0.994579945799	A	0.0036778939218	19	5138	3	6	5166	78511
UNKNOWN	182	A	0.970189701897	C	0.0120015485869	5012	62	62	30	5166	78511
UNKNOWN	183	G	0.980642663569	A	0.00793650793651	41	41	5066	18	5166	78511
UNKNOWN	184	C	0.978706929926	T	0.0172280294232	4	5056	17	89	5166	78511
UNKNOWN	185	C	0.995741385985	G	0.00309717382888	3	5144	16	3	5166	78511
UNKNOWN	186	C	0.992063492063	T	0.00464576074332	17	5125	0	24	5166	78511
UNKNOWN	187	T	0.992063492063	G	0.0038714672861	18	3	20	5125	5166	78511
UNKNOWN	188	G	0.98606271777	A	0.00948509485095	49	15	5094	8	5166	78511
UNKNOWN	189	A	0.990514905149	C	0.00406504065041	5117	21	11	17	5166	78511
UNKNOWN	190	A	0.992837785521	C	0.00348432055749	5129	18	6	13	5166	78511
UNKNOWN	191	A	0.988192024777	C	0.00522648083624	5105	27	14	20	5166	78511
UNKNOWN	192	T	0.990514905149	C	0.00890437475803	1	46	2	5117	5166	78511
UNKNOWN	193	C	0.992450638792	G	0.0038714672861	11	5127	20	8	5166	78511
UNKNOWN	194	C	0.990902051878	T	0.00522648083624	0	5119	20	27	5166	78511
UNKNOWN	195	C	0.995547812621	G	0.0036778939218	0	5143	19	4	5166	78511
UNKNOWN	196	G	0.995547812621	T	0.00348432055749	5	0	5143	18	5166	78511
UNKNOWN	197	G	0.942508710801	A	0.0358110723964	185	77	4869	35	5166	78511
UNKNOWN	198	C	0.990708478513	T	0.00464576074332	21	5118	3	24	5166	78511
UNKNOWN	199	T	0.989547038328	C	0.00580720092915	3	30	21	5112	5166	78511
UNKNOWN	200	C	0.992257065428	A	0.00406504065041	21	5126	4	15	5166	78511
UNKNOWN	201	A	0.978126209834	G	0.0180023228804	5053	20	93	0	5166	78511
UNKNOWN	202	G	0.980449090205	C	0.0120015485869	11	62	5065	28	5166	78511
UNKNOWN	203	C	0.949864498645	T	0.0329074719319	30	4907	59	170	5166	78511
UNKNOWN	204	A	0.984514130856	G	0.011420828494	5086	2	59	19	5166	78511
UNKNOWN	205	T	0.990708478513	C	0.00851722802942	2	44	2	5118	5166	78511
UNKNOWN	206	C	0.984901277584	T	0.0108401084011	20	5088	2	56	5166	78511
UNKNOWN	207	A	0.986643437863	G	0.00658149438637	5097	23	34	12	5166	78511
UNKNOWN	208	C	0.98877274487	G	0.00561362756485	20	5108	29	9	5166	78511
UNKNOWN	209	C	0.96806039489	G	0.0129694154084	50	5001	67	48	5166	78511
UNKNOWN	210	A	0.994192799071	G	0.00464576074332	5136	5	24	1	5166	78511
UNKNOWN	211	A	0.987224157956	G	0.0106465350368	5100	11	55	0	5166	78511
UNKNOWN	212	G	0.985869144406	A	0.00696864111498	36	26	5093	11	5166	78511
UNKNOWN	213	G	0.987998451413	A	0.0102593883082	53	4	5104	5	5166	78511
UNKNOWN	214	A	0.992837785521	C	0.00483933410763	5129	25	10	2	5166	78511
UNKNOWN	215	C	0.978706929926	T	0.0121951219512	27	5056	20	63	5166	78511
UNKNOWN	216	A	0.989159891599	T	0.00619434765776	5110	8	16	32	5166	78511
UNKNOWN	217	A	0.982578397213	C	0.0110336817654	5076	57	21	12	5166	78511
UNKNOWN	218	C	0.982965543941	T	0.0108401084011	2	5078	30	56	5166	78511
UNKNOWN	219	T	0.990514905149	C	0.00503290747193	19	26	4	5117	5166	78511
UNKNOWN	220	C	0.993418505614	A	0.00406504065041	21	5132	0	13	5166	78511
UNKNOWN	221	C	0.985869144406	G	0.00619434765776	26	5093	32	15	5166	78511
UNKNOWN	222	A	0.993031358885	C	0.00348432055749	5130	18	17	1	5166	78511
UNKNOWN	223	A	0.983546264034	G	0.0160665892373	5081	1	83	1	5166	78511
UNKNOWN	224	G	0.983159117305	A	0.00909794812234	47	32	5079	8	5166	78511
UNKNOWN	225	A	0.987611304684	G	0.0077429345722	5102	24	40	0	5166	78511
UNKNOWN	226	G	0.952380952381	A	0.0383275261324	198	43	4920	5	5166	78511
UNKNOWN	227	C	0.969028261711	T	0.0238095238095	17	5006	20	123	5166	78511
UNKNOWN	228	C	0.986837011227	G	0.00735578784359	30	5098	38	0	5166	78511
UNKNOWN	229	A	0.994192799071	T	0.0036778939218	5136	3	8	19	5166	78511
UNKNOWN	230	A	0.97483546264	G	0.0205187766163	5036	22	106	2	5166	78511
UNKNOWN	231	G	0.973093302362	A	0.0116144018583	60	24	5027	55	5166	78511
UNKNOWN	232	T	0.98877274487	C	0.0108401084011	0	56	2	5108	5166	78511
UNKNOWN	233	C	0.968447541618	G	0.0180023228804	1	5003	93	69	5166	78511
UNKNOWN	234	T	0.985869144406	C	0.0110336817654	5	57	11	5093	5166	78511
UNKNOWN	235	C	0.982965543941	T	0.0120015485869	24	5078	2	62	5166	78511
UNKNOWN	236	T	0.986256291134	C	0.0077429345722	1	40	30	5095	5166	78511
UNKNOWN	237	C	0.991869918699	T	0.00813008130081	0	5124	0	42	5166	78511
UNKNOWN	238	T	0.990902051878	G	0.00483933410763	1	21	25	5119	5166	78511
UNKNOWN	239	G	0.953348819202	A	0.0373596593109	193	15	4925	33	5166	78511
UNKNOWN	240	T	0.984514130856	G	0.00658149438637	22	24	34	5086	5166	78511
UNKNOWN	241	C	0.983546264034	T	0.0116144018583	25	5081	0	60	5166	78511
UNKNOWN	242	A	0.968253968254	G	0.0164537359659	5002	28	85	51	5166	78511
UNKNOWN	243	G	0.838946960898	C	0.108207510647	220	559	4334	53	5166	78511
UNKNOWN	244	T	0.989934185056	G	0.00851722802942	0	8	44	5114	5166	78511
UNKNOWN	245	G	0.977351916376	A	0.0135501355014	70	34	5049	13	5166	78511
UNKNOWN	246	A	0.982771970577	G	0.0145180023229	5077	11	75	3	5166	78511
UNKNOWN	247	G	0.961672473868	A	0.0195509097948	101	81	4968	16	5166	78511
UNKNOWN	248	C	0.977351916376	T	0.0135501355014	38	5049	9	70	5166	78511
UNKNOWN	249	A	0.982578397213	G	0.0168408826945	5076	3	87	0	5166	78511
UNKNOWN	250	G	0.988385598142	C	0.00561362756485	12	29	5106	19	5166	78511
UNKNOWN	251	C	0.976577622919	T	0.0137437088657	6	5045	44	71	5166	78511
UNKNOWN	252	G	0.984514130856	A	0.00735578784359	38	17	5086	25	5166	78511
UNKNOWN	253	T	0.987611304684	C	0.0075493612079	3	39	22	5102	5166	78511
UNKNOWN	254	G	0.954316686024	A	0.0360046457607	186	20	4930	30	5166	78511
UNKNOWN	255	A	0.978706929926	C	0.00948509485095	5056	49	44	17	5166	78511
UNKNOWN	256	C	0.982384823848	T	0.00716221447929	25	5075	29	37	5166	78511
UNKNOWN	257	A	0.97212543554	G	0.020325203252	5022	9	105	30	5166	78511
UNKNOWN	258	A	0.823461091754	C	0.152342237708	4254	787	69	56	5166	78511
UNKNOWN	259	C	0.947348044909	T	0.0259388308169	50	4894	88	134	5166	78511
UNKNOWN	260	T	0.95276809911	G	0.0212930700736	53	81	110	4922	5166	78511
UNKNOWN	261	G	0.987611304684	A	0.0075493612079	39	19	5102	6	5166	78511
UNKNOWN	262	A	0.988579171506	G	0.00948509485095	5107	10	49	0	5166	78511
UNKNOWN	263	G	0.955284552846	A	0.0234223770809	121	90	4935	20	5166	78511
UNKNOWN	264	G	0.988966318235	A	0.00967866821525	50	1	5109	6	5166	78511
UNKNOWN	265	A	0.987030584592	C	0.00929152148664	5099	48	14	5	5166	78511
UNKNOWN	266	C	0.979868370112	T	0.0104529616725	32	5062	18	54	5166	78511
UNKNOWN	267	A	0.97348044909	T	0.011420828494	5029	26	52	59	5166	78511
UNKNOWN	268	C	0.992063492063	G	0.00503290747193	8	5125	26	7	5166	78511
UNKNOWN	269	G	0.971544715447	A	0.022841656988	118	22	5019	7	5166	78511
UNKNOWN	270	G	0.989547038328	C	0.00445218737902	22	23	5112	9	5166	78511
UNKNOWN	271	C	0.996515679443	A	0.00193573364305	10	5148	2	6	5166	78511
UNKNOWN	272	C	0.985675571041	A	0.0100658149439	52	5092	9	13	5166	78511
UNKNOWN	273	A	0.976384049555	G	0.0137437088657	5044	27	71	24	5166	78511
UNKNOWN	274	C	0.985094850949	A	0.00948509485095	49	5089	5	23	5166	78511
UNKNOWN	275	A	0.97077042199	G	0.0147115756872	5015	36	76	39	5166	78511
UNKNOWN	276	T	0.989159891599	A	0.00600077429346	31	13	12	5110	5166	78511
UNKNOWN	277	A	0.990514905149	C	0.00638792102207	5117	33	7	9	5166	78511
UNKNOWN	278	C	0.96089818041	T	0.0373596593109	4	4964	5	193	5166	78511
UNKNOWN	279	T	0.988192024777	A	0.00561362756485	29	17	15	5105	5166	78511
UNKNOWN	280	A	0.977545489741	C	0.00851722802942	5050	44	31	41	5166	78511
UNKNOWN	281	C	0.964769647696	T	0.0336817653891	4	4984	4	174	5166	78511
UNKNOWN	282	T	0.987030584592	G	0.0110336817654	6	4	57	5099	5166	78511
