Type	Position	Nucl1	Freq1	Nucl2	Freq2	NumAs	NumCs	NumGs	NumTs	NumAligned	NumNaive
UNKNOWN	0	C	1.0	A	0.0	0	31039	0	0	31039	185085
UNKNOWN	1	A	1.0	C	0.0	31039	0	0	0	31039	185085
UNKNOWN	2	G	1.0	A	0.0	0	0	31039	0	31039	185085
UNKNOWN	3	G	1.0	A	0.0	0	0	31039	0	31039	185085
UNKNOWN	4	T	1.0	A	0.0	0	0	0	31039	31039	185085
UNKNOWN	5	G	1.0	A	0.0	0	0	31039	0	31039	185085
UNKNOWN	6	C	1.0	A	0.0	0	31039	0	0	31039	185085
UNKNOWN	7	A	0.995199587616	T	0.00251296755694	30890	28	43	78	31039	185085
UNKNOWN	8	G	0.980927220593	A	0.0147556300139	458	112	30447	22	31039	185085
UNKNOWN	9	C	0.99281549019	T	0.00608911369567	10	30816	24	189	31039	185085
UNKNOWN	10	T	0.999097909082	C	0.000805438319533	0	25	3	31011	31039	185085
UNKNOWN	11	G	0.997068204517	A	0.00244853249138	76	10	30948	5	31039	185085
UNKNOWN	12	C	0.998292470763	T	0.00144978897516	6	30986	2	45	31039	185085
UNKNOWN	13	G	0.998066948033	A	0.00132091884403	41	4	30979	15	31039	185085
UNKNOWN	14	G	0.91497793099	C	0.0803183092239	115	2493	28400	31	31039	185085
UNKNOWN	15	G	0.998775733754	T	0.000612133122845	6	13	31001	19	31039	185085
UNKNOWN	16	A	0.992686620059	C	0.0058635909662	30812	182	39	6	31039	185085
UNKNOWN	17	G	0.994104191501	A	0.00538032797448	167	6	30856	10	31039	185085
UNKNOWN	18	T	0.997487032443	C	0.00115983118013	16	36	26	30961	31039	185085
UNKNOWN	19	C	0.999226779213	T	0.000644350655627	0	31015	4	20	31039	185085
UNKNOWN	20	G	0.991720094075	A	0.00547698057283	170	17	30782	70	31039	185085
UNKNOWN	21	G	0.995231805148	T	0.00296401301588	8	48	30891	92	31039	185085
UNKNOWN	22	G	0.998389123361	C	0.000676568188408	10	21	30989	19	31039	185085
UNKNOWN	23	C	0.998550211025	T	0.00119204871291	2	30994	6	37	31039	185085
UNKNOWN	24	C	0.999484519475	T	0.000354392860595	5	31023	0	11	31039	185085
UNKNOWN	25	C	0.999355649344	T	0.000515480524501	3	31019	1	16	31039	185085
UNKNOWN	26	C	0.998356905828	T	0.00122426624569	13	30988	0	38	31039	185085
UNKNOWN	27	A	0.994619672026	G	0.00264183768807	30872	80	82	5	31039	185085
UNKNOWN	28	G	0.993234318116	A	0.00412384419601	128	65	30829	17	31039	185085
UNKNOWN	29	C	0.99571506814	T	0.00418827926157	0	30906	3	130	31039	185085
UNKNOWN	30	C	0.999484519475	T	0.000451045458939	0	31023	2	14	31039	185085
UNKNOWN	31	T	0.998002512968	C	0.00112761364735	8	35	19	30977	31039	185085
UNKNOWN	32	G	0.987982860273	A	0.00670124681852	208	132	30666	33	31039	185085
UNKNOWN	33	G	0.988949386256	A	0.00644350655627	200	91	30696	52	31039	185085
UNKNOWN	34	T	0.997261509714	C	0.00183639936854	3	57	25	30954	31039	185085
UNKNOWN	35	G	0.995231805148	A	0.00299623054866	93	7	30891	48	31039	185085
UNKNOWN	36	A	0.983955668675	C	0.0148200650794	30541	460	30	8	31039	185085
UNKNOWN	37	A	0.986307548568	G	0.00699120461355	30614	206	217	2	31039	185085
UNKNOWN	38	G	0.995747285673	A	0.00248075002416	77	42	30907	13	31039	185085
UNKNOWN	39	C	0.995908373337	T	0.00315731821257	9	30912	20	98	31039	185085
UNKNOWN	40	C	0.999645607139	T	0.000128870131125	3	31028	4	4	31039	185085
UNKNOWN	41	C	0.99571506814	G	0.00364058120429	2	30906	113	18	31039	185085
UNKNOWN	42	T	0.996713811656	C	0.00283514288476	6	88	8	30937	31039	185085
UNKNOWN	43	C	0.998228035697	T	0.00122426624569	15	30984	2	38	31039	185085
UNKNOWN	44	A	0.987789555076	C	0.00869873385096	30660	270	92	17	31039	185085
UNKNOWN	45	C	0.997293727246	G	0.00193305196688	19	30955	60	5	31039	185085
UNKNOWN	46	A	0.993298753181	C	0.00509037017945	30831	158	42	8	31039	185085
UNKNOWN	47	G	0.994233061632	A	0.00473597731886	147	14	30860	18	31039	185085
UNKNOWN	48	A	0.987886207674	C	0.00625020135958	30663	194	172	10	31039	185085
UNKNOWN	49	C	0.993073230452	T	0.00618576629402	4	30824	19	192	31039	185085
UNKNOWN	50	C	0.996746029189	T	0.00135313637682	21	30938	38	42	31039	185085
UNKNOWN	51	C	0.997744772705	T	0.001030961049	6	30969	32	32	31039	185085
UNKNOWN	52	T	0.996746029189	C	0.00289957795032	5	90	6	30938	31039	185085
UNKNOWN	53	C	0.998679081156	T	0.000998743516222	2	30998	8	31	31039	185085
UNKNOWN	54	T	0.997068204517	C	0.00212635716357	5	66	20	30948	31039	185085
UNKNOWN	55	C	0.998066948033	T	0.00141757144238	8	30979	8	44	31039	185085
UNKNOWN	56	C	0.995167370083	T	0.00228744482748	27	30889	52	71	31039	185085
UNKNOWN	57	C	0.995682850607	G	0.00322175327813	1	30905	100	33	31039	185085
UNKNOWN	58	T	0.997519249976	C	0.00219079222913	1	68	8	30962	31039	185085
UNKNOWN	59	C	0.998453558426	T	0.000612133122845	18	30991	11	19	31039	185085
UNKNOWN	60	A	0.98888495119	C	0.00847321112149	30694	263	77	5	31039	185085
UNKNOWN	61	C	0.993910886304	T	0.00434936692548	2	30850	52	135	31039	185085
UNKNOWN	62	C	0.989787042108	T	0.00625020135958	5	30722	118	194	31039	185085
UNKNOWN	63	T	0.997776990238	C	0.00125648377847	1	39	29	30970	31039	185085
UNKNOWN	64	G	0.998228035697	C	0.000741003253971	15	23	30984	17	31039	185085
UNKNOWN	65	C	0.997325944779	T	0.00212635716357	17	30956	0	66	31039	185085
UNKNOWN	66	A	0.985212152453	C	0.011340571539	30580	352	86	21	31039	185085
UNKNOWN	67	C	0.996359418796	T	0.00238409742582	13	30926	26	74	31039	185085
UNKNOWN	68	G	0.985018847257	A	0.0107284384162	333	77	30574	55	31039	185085
UNKNOWN	69	G	0.954702148909	A	0.0334095814942	1037	263	29633	106	31039	185085
UNKNOWN	70	T	0.985598762847	C	0.0132736235059	6	412	29	30592	31039	185085
UNKNOWN	71	C	0.969586649054	G	0.0160443313251	50	30095	498	396	31039	185085
UNKNOWN	72	T	0.985695415445	G	0.0109217436129	8	97	339	30595	31039	185085
UNKNOWN	73	C	0.998646863623	T	0.00109539611457	5	30997	3	34	31039	185085
UNKNOWN	74	T	0.994168626567	C	0.00318953574535	5	99	77	30858	31039	185085
UNKNOWN	75	G	0.996842681787	A	0.00257740262251	80	8	30941	10	31039	185085
UNKNOWN	76	G	0.974966977029	A	0.016495376784	512	87	30262	178	31039	185085
UNKNOWN	77	A	0.970359869841	G	0.0167208995135	30119	341	519	60	31039	185085
UNKNOWN	78	T	0.986436418699	G	0.0086342987854	19	134	268	30618	31039	185085
UNKNOWN	79	T	0.99165565901	C	0.00521924031058	10	162	87	30780	31039	185085
UNKNOWN	80	C	0.980379522536	T	0.00979412996553	17	30430	288	304	31039	185085
UNKNOWN	81	T	0.993910886304	C	0.00441380199104	15	137	37	30850	31039	185085
UNKNOWN	82	C	0.996778246722	T	0.00222300976191	26	30939	5	69	31039	185085
UNKNOWN	83	A	0.984084538806	C	0.00853764618705	30545	265	174	55	31039	185085
UNKNOWN	84	T	0.9922355746	C	0.00647572408905	7	201	33	30798	31039	185085
UNKNOWN	85	T	0.994233061632	G	0.00280292535198	9	83	87	30860	31039	185085
UNKNOWN	86	G	0.968169077612	A	0.0285125165115	885	51	30051	52	31039	185085
UNKNOWN	87	A	0.985244369986	G	0.00753890267083	30581	203	234	21	31039	185085
UNKNOWN	88	G	0.925029801218	A	0.0410129192306	1273	838	28712	216	31039	185085
UNKNOWN	89	C	0.952446921615	T	0.0271915976675	271	29563	361	844	31039	185085
UNKNOWN	90	A	0.97429040884	G	0.0205547859145	30241	141	638	19	31039	185085
UNKNOWN	91	G	0.864106446728	A	0.100937530204	3133	755	26821	330	31039	185085
UNKNOWN	92	C	0.953187924869	T	0.0239376268565	250	29586	460	743	31039	185085
UNKNOWN	93	A	0.882921485873	T	0.0588292148587	27405	297	1511	1826	31039	185085
UNKNOWN	94	A	0.947195463771	G	0.0315087470602	29400	398	978	263	31039	185085
UNKNOWN	95	T	0.968555688005	G	0.0203936982506	144	199	633	30063	31039	185085
UNKNOWN	96	G	0.913173749154	A	0.0694610006766	2156	405	28344	134	31039	185085
UNKNOWN	97	G	0.635168658784	C	0.196236992171	4854	6091	19715	379	31039	185085
UNKNOWN	98	T	0.979896259544	G	0.0086342987854	125	231	268	30415	31039	185085
UNKNOWN	99	G	0.964174103547	A	0.0285125165115	885	67	29927	160	31039	185085
UNKNOWN	100	T	0.996069461001	C	0.00260962015529	28	81	13	30917	31039	185085
UNKNOWN	101	A	0.940784174748	G	0.0376622958214	29201	461	1169	208	31039	185085
UNKNOWN	102	G	0.761364734689	A	0.148007345597	4594	2199	23632	614	31039	185085
UNKNOWN	103	T	0.911627307581	G	0.0516447050485	485	655	1603	28296	31039	185085
UNKNOWN	104	C	0.926125197332	T	0.0365991172396	101	28746	1056	1136	31039	185085
UNKNOWN	105	T	0.996488288927	G	0.00219079222913	1	40	68	30930	31039	185085
UNKNOWN	106	G	0.998807951287	T	0.000869873385096	8	2	31002	27	31039	185085
UNKNOWN	107	G	0.99455523696	T	0.00354392860595	13	46	30870	110	31039	185085
UNKNOWN	108	G	0.969296691259	A	0.0224234028158	696	104	30086	153	31039	185085
UNKNOWN	109	T	0.995553980476	C	0.00399497406489	4	124	10	30901	31039	185085
UNKNOWN	110	C	0.996391636328	T	0.00296401301588	6	30927	14	92	31039	185085
UNKNOWN	111	C	0.998324688295	G	0.00119204871291	1	30987	37	14	31039	185085
UNKNOWN	112	G	0.997229292181	C	0.0013853539096	20	43	30953	23	31039	185085
UNKNOWN	113	C	0.99316988305	T	0.00386610393376	66	30827	26	120	31039	185085
UNKNOWN	114	C	0.998324688295	A	0.00119204871291	37	30987	5	10	31039	185085
UNKNOWN	115	A	0.989142691453	G	0.0053481104417	30702	158	166	13	31039	185085
UNKNOWN	116	G	0.989432649248	A	0.0077644254003	241	58	30711	29	31039	185085
UNKNOWN	117	G	0.973195012726	A	0.0209413963079	650	114	30207	68	31039	185085
UNKNOWN	118	C	0.990914655756	T	0.00608911369567	8	30757	85	189	31039	185085
UNKNOWN	119	T	0.992332227198	C	0.00515480524501	21	160	57	30801	31039	185085
UNKNOWN	120	C	0.995811720738	T	0.00170752923741	42	30909	35	53	31039	185085
UNKNOWN	121	C	0.997261509714	A	0.00196526949966	61	30954	8	16	31039	185085
UNKNOWN	122	A	0.985212152453	G	0.011791616998	30580	81	366	12	31039	185085
UNKNOWN	123	G	0.995425110345	C	0.00228744482748	54	71	30897	17	31039	185085
UNKNOWN	124	G	0.993266535649	T	0.00312510067979	90	22	30830	97	31039	185085
UNKNOWN	125	G	0.984310061535	A	0.0130481007764	405	45	30552	37	31039	185085
UNKNOWN	126	A	0.993492058378	C	0.00428493185992	30837	133	64	5	31039	185085
UNKNOWN	127	A	0.982989142691	G	0.0125970553175	30511	131	391	6	31039	185085
UNKNOWN	128	G	0.993910886304	A	0.00509037017945	158	16	30850	15	31039	185085
UNKNOWN	129	G	0.967556944489	A	0.0148200650794	460	401	30032	146	31039	185085
UNKNOWN	130	C	0.995521762943	G	0.00254518508973	4	30900	79	56	31039	185085
UNKNOWN	131	G	0.975772415348	A	0.0155288508006	482	240	30287	30	31039	185085
UNKNOWN	132	C	0.979541866684	T	0.0170430748413	15	30404	91	529	31039	185085
UNKNOWN	133	T	0.991526788879	C	0.00425271432714	9	132	122	30776	31039	185085
UNKNOWN	134	G	0.98192596411	A	0.0122748799897	381	92	30478	88	31039	185085
UNKNOWN	135	G	0.990721350559	C	0.00509037017945	80	158	30751	50	31039	185085
UNKNOWN	136	A	0.993717581108	G	0.00393053899932	30844	59	122	14	31039	185085
UNKNOWN	137	G	0.980830567995	A	0.0152066754728	472	56	30444	67	31039	185085
UNKNOWN	138	T	0.995779503206	G	0.00235187989304	3	55	73	30908	31039	185085
UNKNOWN	139	G	0.994651889558	A	0.00286736041754	89	8	30873	69	31039	185085
UNKNOWN	140	G	0.962144398982	C	0.0293501723638	56	911	29864	208	31039	185085
UNKNOWN	141	C	0.975224717291	G	0.0201037404556	57	30270	624	88	31039	185085
UNKNOWN	142	T	0.995425110345	C	0.00312510067979	5	97	40	30897	31039	185085
UNKNOWN	143	C	0.982377009569	T	0.0100840877606	19	30492	215	313	31039	185085
UNKNOWN	144	G	0.987918425207	A	0.00850542865427	264	9	30664	102	31039	185085
UNKNOWN	145	G	0.988208383002	C	0.00892425658043	19	277	30673	70	31039	185085
UNKNOWN	146	T	0.968297947743	G	0.0131769709076	312	263	409	30055	31039	185085
UNKNOWN	147	G	0.67624601308	A	0.271819324076	8437	577	20990	1035	31039	185085
UNKNOWN	148	G	0.78443248816	A	0.109668481588	3404	2004	24348	1283	31039	185085
UNKNOWN	149	T	0.95563645736	G	0.0162698540546	479	393	505	29662	31039	185085
UNKNOWN	150	A	0.930700086987	G	0.060858919424	28888	62	1889	200	31039	185085
UNKNOWN	151	T	0.97822094784	C	0.0143368020877	85	445	146	30363	31039	185085
UNKNOWN	152	A	0.943426012436	G	0.0322497503141	29283	249	1001	506	31039	185085
UNKNOWN	153	T	0.940526434486	A	0.0343761074777	1067	107	672	29193	31039	185085
UNKNOWN	154	G	0.976416766004	A	0.0165275943168	513	120	30307	99	31039	185085
UNKNOWN	155	C	0.912626051097	T	0.0823157962563	85	28327	72	2555	31039	185085
UNKNOWN	156	A	0.907825638713	G	0.0816392280679	28178	221	2534	106	31039	185085
UNKNOWN	157	G	0.895905151583	A	0.0540288024743	1677	844	27808	710	31039	185085
UNKNOWN	158	T	0.95273687941	G	0.0238087567254	387	341	739	29572	31039	185085
UNKNOWN	159	G	0.806727020845	A	0.167208995135	5190	545	25040	264	31039	185085
UNKNOWN	160	G	0.818196462515	A	0.140951705918	4375	939	25396	329	31039	185085
UNKNOWN	161	T	0.964754019137	G	0.014433454686	359	287	448	29945	31039	185085
UNKNOWN	162	G	0.984600019331	A	0.0134991462354	419	24	30561	35	31039	185085
UNKNOWN	163	G	0.979348561487	A	0.0131769709076	409	130	30398	102	31039	185085
UNKNOWN	164	A	0.962595444441	G	0.026225071684	29878	223	814	124	31039	185085
UNKNOWN	165	A	0.914301362802	G	0.0712651825123	28379	251	2212	197	31039	185085
UNKNOWN	166	G	0.822159219047	C	0.0833467573053	1602	2587	25519	1331	31039	185085
UNKNOWN	167	C	0.884339057315	T	0.0476819485164	843	27449	1267	1480	31039	185085
UNKNOWN	168	A	0.978414253037	G	0.014884500145	30369	178	462	30	31039	185085
UNKNOWN	169	C	0.970134347112	T	0.0159798962595	183	30112	248	496	31039	185085
UNKNOWN	170	A	0.965333934727	G	0.0211347015046	29963	256	656	164	31039	185085
UNKNOWN	171	A	0.891136956732	G	0.0846998936821	27660	249	2629	501	31039	185085
UNKNOWN	172	G	0.736814974709	A	0.171493926995	5323	1879	22870	967	31039	185085
UNKNOWN	173	C	0.892941138568	G	0.0496794355488	516	27716	1542	1265	31039	185085
UNKNOWN	174	T	0.974773671832	C	0.0148522826122	213	461	109	30256	31039	185085
UNKNOWN	175	T	0.943490447502	A	0.0454267212217	1410	186	158	29285	31039	185085
UNKNOWN	176	T	0.946422242985	C	0.0190405618738	528	591	544	29376	31039	185085
UNKNOWN	177	A	0.974902541963	C	0.013112535842	30260	407	203	169	31039	185085
UNKNOWN	178	A	0.985566545314	C	0.00695898708077	30591	216	122	110	31039	185085
UNKNOWN	179	C	0.893617706756	T	0.0833145397725	303	27737	413	2586	31039	185085
UNKNOWN	180	C	0.952285833951	T	0.0277715132575	127	29558	492	862	31039	185085
UNKNOWN	181	C	0.983053577757	T	0.00757112020361	179	30513	112	235	31039	185085
UNKNOWN	182	A	0.978478688102	C	0.0110183962112	30371	342	266	60	31039	185085
UNKNOWN	183	G	0.971455265956	A	0.0151100228744	469	350	30153	67	31039	185085
UNKNOWN	184	C	0.973613840652	T	0.0134991462354	77	30220	323	419	31039	185085
UNKNOWN	185	C	0.99374979864	G	0.00360836367151	43	30845	112	39	31039	185085
UNKNOWN	186	C	0.988208383002	T	0.00541254550727	133	30673	65	168	31039	185085
UNKNOWN	187	T	0.990141434969	A	0.00467154225329	145	55	106	30733	31039	185085
UNKNOWN	188	G	0.95367118786	A	0.0404330036406	1255	35	29601	148	31039	185085
UNKNOWN	189	A	0.981668223847	C	0.00963304230162	30470	299	161	109	31039	185085
UNKNOWN	190	A	0.980701697864	C	0.0106317858178	30440	330	181	88	31039	185085
UNKNOWN	191	A	0.98424562647	C	0.00902090917878	30550	280	110	99	31039	185085
UNKNOWN	192	T	0.985212152453	C	0.0086342987854	55	268	136	30580	31039	185085
UNKNOWN	193	C	0.993137665518	G	0.0034472760076	37	30826	107	69	31039	185085
UNKNOWN	194	C	0.983730145945	T	0.00879538644931	36	30534	196	273	31039	185085
UNKNOWN	195	C	0.995425110345	G	0.00273849028641	35	30897	85	22	31039	185085
UNKNOWN	196	G	0.991204613551	T	0.00451045458939	102	31	30766	140	31039	185085
UNKNOWN	197	G	0.902993008795	A	0.0708141370534	2198	518	28028	295	31039	185085
UNKNOWN	198	C	0.984600019331	A	0.00573472083508	178	30561	132	168	31039	185085
UNKNOWN	199	T	0.988788298592	G	0.00476819485164	60	140	148	30691	31039	185085
UNKNOWN	200	C	0.988820516125	A	0.00473597731886	147	30692	87	113	31039	185085
UNKNOWN	201	A	0.986307548568	G	0.0103418280228	30614	83	321	21	31039	185085
UNKNOWN	202	G	0.96420632108	C	0.0220690099552	191	685	29928	235	31039	185085
UNKNOWN	203	C	0.939978736428	T	0.045233416025	305	29176	154	1404	31039	185085
UNKNOWN	204	A	0.985888720642	G	0.00641128902349	30601	103	199	136	31039	185085
UNKNOWN	205	T	0.988852733658	C	0.00753890267083	57	234	55	30693	31039	185085
UNKNOWN	206	C	0.986339766101	T	0.00805438319533	141	30615	33	250	31039	185085
UNKNOWN	207	A	0.983021360224	G	0.0105995682851	30512	161	329	37	31039	185085
UNKNOWN	208	C	0.97313057766	T	0.0111472663423	251	30205	237	346	31039	185085
UNKNOWN	209	C	0.9455523696	T	0.0276426431264	222	29349	610	858	31039	185085
UNKNOWN	210	A	0.982151486839	C	0.00934308450659	30485	290	258	6	31039	185085
UNKNOWN	211	A	0.979219691356	G	0.0176552079642	30394	80	548	17	31039	185085
UNKNOWN	212	G	0.975289152357	A	0.0138213215632	429	286	30272	52	31039	185085
UNKNOWN	213	G	0.985695415445	A	0.0115016592029	357	45	30595	42	31039	185085
UNKNOWN	214	A	0.991172396018	C	0.0051870227778	30765	161	84	29	31039	185085
UNKNOWN	215	C	0.980637262798	T	0.0106640033506	130	30438	140	331	31039	185085
UNKNOWN	216	A	0.98344018815	G	0.00753890267083	30525	142	234	138	31039	185085
UNKNOWN	217	A	0.974934759496	C	0.0134669287026	30261	418	289	71	31039	185085
UNKNOWN	218	C	0.961564483392	T	0.0290924321015	30	29846	260	903	31039	185085
UNKNOWN	219	T	0.982924707626	A	0.00786107799865	244	161	125	30509	31039	185085
UNKNOWN	220	C	0.988208383002	A	0.00715229227746	222	30673	13	131	31039	185085
UNKNOWN	221	C	0.982763619962	T	0.00679789941686	148	30504	176	211	31039	185085
UNKNOWN	222	A	0.984406714134	G	0.00956860723606	30555	176	297	11	31039	185085
UNKNOWN	223	A	0.978929733561	G	0.0176552079642	30385	68	548	38	31039	185085
UNKNOWN	224	G	0.977866554979	C	0.0131447533748	245	408	30352	34	31039	185085
UNKNOWN	225	A	0.980347305003	G	0.0100518702278	30429	266	312	32	31039	185085
UNKNOWN	226	G	0.949128515738	A	0.0425593608041	1321	222	29460	36	31039	185085
UNKNOWN	227	C	0.958632687909	T	0.0315731821257	162	29755	142	980	31039	185085
UNKNOWN	228	C	0.984342279068	G	0.0096652598344	171	30553	300	15	31039	185085
UNKNOWN	229	A	0.986984116756	G	0.00502593511389	30635	102	156	146	31039	185085
UNKNOWN	230	A	0.977189986791	G	0.0162376365218	30331	186	504	18	31039	185085
UNKNOWN	231	G	0.970295434776	A	0.0161409839235	501	173	30117	248	31039	185085
UNKNOWN	232	T	0.985759850511	C	0.0114050066046	27	354	61	30597	31039	185085
UNKNOWN	233	C	0.952672444344	T	0.0282225587165	53	29570	540	876	31039	185085
UNKNOWN	234	T	0.986661941429	C	0.00815103579368	47	253	114	30625	31039	185085
UNKNOWN	235	C	0.984471149199	T	0.0134347111698	55	30557	10	417	31039	185085
UNKNOWN	236	T	0.979574084217	C	0.00998743516222	59	310	265	30405	31039	185085
UNKNOWN	237	C	0.987918425207	T	0.00956860723606	35	30664	43	297	31039	185085
UNKNOWN	238	T	0.991172396018	C	0.00499371758111	13	155	106	30765	31039	185085
UNKNOWN	239	G	0.942298398789	A	0.0398853055833	1238	272	29248	281	31039	185085
UNKNOWN	240	T	0.984374496601	G	0.00728116240858	131	128	226	30554	31039	185085
UNKNOWN	241	C	0.979541866684	T	0.0161732014562	107	30404	26	502	31039	185085
UNKNOWN	242	A	0.974225973775	G	0.0149167176778	30239	285	463	52	31039	185085
UNKNOWN	243	G	0.886175456684	C	0.0589580849899	1372	1830	27506	331	31039	185085
UNKNOWN	244	T	0.988401688199	G	0.00660459422017	33	122	205	30679	31039	185085
UNKNOWN	245	G	0.967363639293	A	0.0201359579883	625	262	30026	126	31039	185085
UNKNOWN	246	A	0.973613840652	G	0.0161087663907	30220	287	500	32	31039	185085
UNKNOWN	247	G	0.910403041335	A	0.0605045265634	1878	680	28258	223	31039	185085
UNKNOWN	248	C	0.955217629434	T	0.0313476593962	229	29649	188	973	31039	185085
UNKNOWN	249	A	0.977254421856	G	0.016205418989	30333	196	503	7	31039	185085
UNKNOWN	250	G	0.965720545121	A	0.0173330326364	538	386	29975	140	31039	185085
UNKNOWN	251	C	0.977930990045	T	0.0132091884403	53	30354	222	410	31039	185085
UNKNOWN	252	G	0.977769902381	A	0.0136924514321	425	151	30349	114	31039	185085
UNKNOWN	253	T	0.987628467412	C	0.00718450981024	29	223	132	30655	31039	185085
UNKNOWN	254	G	0.949901736525	A	0.0301233931506	935	135	29484	485	31039	185085
UNKNOWN	255	A	0.96849125294	G	0.0186861690132	30061	224	580	174	31039	185085
UNKNOWN	256	C	0.985179934921	T	0.0081188182609	152	30579	56	252	31039	185085
UNKNOWN	257	A	0.961049002867	G	0.0207480911112	29830	291	644	274	31039	185085
UNKNOWN	258	C	0.950030606656	A	0.0296401301588	920	29488	354	277	31039	185085
UNKNOWN	259	C	0.983504623216	T	0.00818325332646	174	30527	84	254	31039	185085
UNKNOWN	260	T	0.968040207481	G	0.0144012371533	111	434	447	30047	31039	185085
UNKNOWN	261	G	0.989207126518	A	0.00683011694964	212	42	30704	81	31039	185085
UNKNOWN	262	A	0.984503366732	G	0.0104384806212	30558	117	324	40	31039	185085
UNKNOWN	263	G	0.936789200683	A	0.0340861496827	1058	738	29077	166	31039	185085
UNKNOWN	264	G	0.986758594027	A	0.00976191243275	303	25	30628	83	31039	185085
UNKNOWN	265	A	0.985469892716	C	0.00969747736718	30588	301	105	45	31039	185085
UNKNOWN	266	C	0.970520957505	T	0.0126614903831	303	30124	219	393	31039	185085
UNKNOWN	267	A	0.972357356874	G	0.0137568864976	30181	106	427	325	31039	185085
UNKNOWN	268	C	0.989368214182	G	0.0048326299172	121	30709	150	59	31039	185085
UNKNOWN	269	G	0.901414349689	A	0.0881471696897	2736	207	27979	117	31039	185085
UNKNOWN	270	G	0.986178678437	A	0.00728116240858	226	106	30610	97	31039	185085
UNKNOWN	271	C	0.985373240117	G	0.00679789941686	205	30585	211	38	31039	185085
UNKNOWN	272	C	0.981861529044	A	0.0103740455556	322	30476	89	152	31039	185085
UNKNOWN	273	A	0.984857759593	T	0.00686233448243	30569	99	158	213	31039	185085
UNKNOWN	274	C	0.976384548471	A	0.0117271819324	364	30306	82	287	31039	185085
UNKNOWN	275	A	0.969296691259	G	0.0163987241857	30086	238	509	206	31039	185085
UNKNOWN	276	T	0.988337253133	G	0.00541254550727	140	54	168	30677	31039	185085
UNKNOWN	277	A	0.989432649248	C	0.00605689616289	30711	188	78	62	31039	185085
UNKNOWN	278	C	0.930087953864	T	0.0659815071362	76	28869	46	2048	31039	185085
UNKNOWN	279	T	0.98286027256	G	0.00699120461355	158	157	217	30507	31039	185085
UNKNOWN	280	A	0.968523470473	T	0.0117271819324	30062	341	272	364	31039	185085
UNKNOWN	281	C	0.963819710687	T	0.0327007957731	51	29916	57	1015	31039	185085
UNKNOWN	282	T	0.981764876446	G	0.0140468442927	83	47	436	30473	31039	185085
