Type	Position	Nucl1	Freq1	Nucl2	Freq2	NumAs	NumCs	NumGs	NumTs	NumAligned	NumNaive
UNKNOWN	0	C	1.0	A	0.0	0	32348	0	0	32348	121049
UNKNOWN	1	A	1.0	C	0.0	32348	0	0	0	32348	121049
UNKNOWN	2	G	1.0	A	0.0	0	0	32348	0	32348	121049
UNKNOWN	3	G	1.0	A	0.0	0	0	32348	0	32348	121049
UNKNOWN	4	T	1.0	A	0.0	0	0	0	32348	32348	121049
UNKNOWN	5	G	1.0	A	0.0	0	0	32348	0	32348	121049
UNKNOWN	6	C	1.0	A	0.0	0	32348	0	0	32348	121049
UNKNOWN	7	A	0.997248670706	G	0.00176208730061	32259	20	57	12	32348	121049
UNKNOWN	8	G	0.990354890565	A	0.00726474588846	235	62	32036	15	32348	121049
UNKNOWN	9	C	0.995332014344	T	0.00330777791517	7	32197	37	107	32348	121049
UNKNOWN	10	T	0.998392481761	C	0.00139112155311	4	45	3	32296	32348	121049
UNKNOWN	11	G	0.997959688389	A	0.00173117348831	56	7	32282	3	32348	121049
UNKNOWN	12	C	0.998547050822	T	0.000741931494992	11	32301	12	24	32348	121049
UNKNOWN	13	G	0.998361567949	A	0.00157660442686	51	2	32295	0	32348	121049
UNKNOWN	14	G	0.940027204155	C	0.0581179671077	46	1880	30408	14	32348	121049
UNKNOWN	15	G	0.99931989613	C	0.000370965747496	6	12	32326	4	32348	121049
UNKNOWN	16	A	0.996846791146	G	0.00145294917769	32246	45	47	10	32348	121049
UNKNOWN	17	G	0.993631754668	A	0.0053480895264	173	30	32142	3	32348	121049
UNKNOWN	18	T	0.997495981204	C	0.00154569061457	7	50	24	32267	32348	121049
UNKNOWN	19	C	0.99931989613	T	0.00046370718437	3	32326	4	15	32348	121049
UNKNOWN	20	G	0.997372325955	A	0.00244219117102	79	5	32263	1	32348	121049
UNKNOWN	21	G	0.998608878447	C	0.000989241993323	10	32	32303	3	32348	121049
UNKNOWN	22	G	0.998948930382	C	0.000711017682701	11	23	32314	0	32348	121049
UNKNOWN	23	C	0.999072585631	T	0.000711017682701	4	32318	3	23	32348	121049
UNKNOWN	24	C	0.999659948065	T	0.000309138122913	1	32337	0	10	32348	121049
UNKNOWN	25	C	0.999412637566	T	0.000556448621244	0	32329	1	18	32348	121049
UNKNOWN	26	C	0.999258068505	A	0.000432793372079	14	32324	1	9	32348	121049
UNKNOWN	27	A	0.996815877334	G	0.00238036354643	32245	23	77	3	32348	121049
UNKNOWN	28	G	0.988345492766	A	0.00871769506616	282	92	31971	3	32348	121049
UNKNOWN	29	C	0.996475825399	T	0.00306046741684	1	32234	14	99	32348	121049
UNKNOWN	30	C	0.99891801657	T	0.000649190058118	1	32313	13	21	32348	121049
UNKNOWN	31	T	0.99703227402	C	0.00188574254977	16	61	19	32252	32348	121049
UNKNOWN	32	G	0.994713738098	A	0.00374057128725	121	19	32177	31	32348	121049
UNKNOWN	33	G	0.99703227402	C	0.00154569061457	26	50	32252	20	32348	121049
UNKNOWN	34	T	0.996197601088	C	0.00272041548164	5	88	30	32225	32348	121049
UNKNOWN	35	G	0.997279584518	A	0.00210213923581	68	13	32260	7	32348	121049
UNKNOWN	36	A	0.996846791146	C	0.00182391492519	32246	59	38	5	32348	121049
UNKNOWN	37	A	0.992920736985	G	0.00389514034871	32119	96	126	7	32348	121049
UNKNOWN	38	G	0.996723135897	A	0.00207122542352	67	35	32242	4	32348	121049
UNKNOWN	39	C	0.990664028688	G	0.00649190058118	3	32046	210	89	32348	121049
UNKNOWN	40	C	0.999659948065	T	0.000247310498331	1	32337	2	8	32348	121049
UNKNOWN	41	C	0.99663039446	G	0.00238036354643	0	32239	77	32	32348	121049
UNKNOWN	42	T	0.996723135897	C	0.00272041548164	4	88	14	32242	32348	121049
UNKNOWN	43	C	0.99891801657	T	0.000525534808953	16	32313	2	17	32348	121049
UNKNOWN	44	A	0.994033634228	G	0.00383331272413	32155	65	124	4	32348	121049
UNKNOWN	45	C	0.997248670706	G	0.00157660442686	27	32259	51	11	32348	121049
UNKNOWN	46	A	0.996970446395	G	0.00176208730061	32250	39	57	2	32348	121049
UNKNOWN	47	G	0.997125015457	A	0.00247310498331	80	11	32255	2	32348	121049
UNKNOWN	48	A	0.994590082849	G	0.00290589835539	32173	55	94	26	32348	121049
UNKNOWN	49	C	0.997619636454	T	0.00123655249165	7	32271	30	40	32348	121049
UNKNOWN	50	C	0.995919376778	T	0.00225670829727	19	32216	40	73	32348	121049
UNKNOWN	51	C	0.998206998887	T	0.000958328181031	0	32290	27	31	32348	121049
UNKNOWN	52	T	0.996661308273	C	0.00296772597997	7	96	5	32240	32348	121049
UNKNOWN	53	C	0.997990602201	T	0.00173117348831	1	32283	8	56	32348	121049
UNKNOWN	54	T	0.995455669593	C	0.00318412266601	8	103	36	32201	32348	121049
UNKNOWN	55	C	0.998979844194	T	0.000772845307283	4	32315	4	25	32348	121049
UNKNOWN	56	C	0.995455669593	T	0.00222579448498	11	32201	64	72	32348	121049
UNKNOWN	57	C	0.996908618771	T	0.00197848398665	3	32248	33	64	32348	121049
UNKNOWN	58	T	0.997094101645	C	0.00244219117102	11	79	4	32254	32348	121049
UNKNOWN	59	C	0.998052429826	A	0.000834672931866	27	32285	17	19	32348	121049
UNKNOWN	60	A	0.995239272907	G	0.00268950166935	32194	58	87	9	32348	121049
UNKNOWN	61	C	0.997866946952	T	0.00163843205144	10	32279	6	53	32348	121049
UNKNOWN	62	C	0.996661308273	T	0.00191665636206	14	32240	32	62	32348	121049
UNKNOWN	63	T	0.997094101645	C	0.00185482873748	5	60	29	32254	32348	121049
UNKNOWN	64	G	0.998330654136	A	0.000803759119575	26	26	32294	2	32348	121049
UNKNOWN	65	C	0.99771237789	T	0.00160751823915	21	32274	1	52	32348	121049
UNKNOWN	66	A	0.992395202176	G	0.00506986521578	32102	59	164	23	32348	121049
UNKNOWN	67	C	0.99595029059	T	0.00219488067268	14	32217	46	71	32348	121049
UNKNOWN	68	G	0.990756770125	A	0.00630641770743	204	80	32049	15	32348	121049
UNKNOWN	69	G	0.610918758501	A	0.384969704464	12453	79	19762	54	32348	121049
UNKNOWN	70	T	0.901477680228	C	0.0968220600965	9	3132	46	29161	32348	121049
UNKNOWN	71	C	0.984975887226	G	0.00840855694324	33	31862	272	181	32348	121049
UNKNOWN	72	T	0.995362928156	C	0.00265858785705	10	86	54	32198	32348	121049
UNKNOWN	73	C	0.998176085075	T	0.00126746630394	13	32289	5	41	32348	121049
UNKNOWN	74	T	0.992147891678	C	0.00386422653642	30	125	99	32094	32348	121049
UNKNOWN	75	G	0.996104859651	A	0.00352417460121	114	9	32222	3	32348	121049
UNKNOWN	76	G	0.992766167924	A	0.00435884753308	141	86	32114	7	32348	121049
UNKNOWN	77	A	0.985841473971	C	0.00596636577223	31890	193	179	86	32348	121049
UNKNOWN	78	T	0.992827995548	C	0.00442067515766	28	143	61	32116	32348	121049
UNKNOWN	79	T	0.995239272907	C	0.00445158896995	7	144	3	32194	32348	121049
UNKNOWN	80	C	0.993106219859	T	0.00460615803141	14	32125	60	149	32348	121049
UNKNOWN	81	T	0.992147891678	C	0.00599727958452	21	194	39	32094	32348	121049
UNKNOWN	82	C	0.997001360208	T	0.00163843205144	40	32251	4	53	32348	121049
UNKNOWN	83	A	0.990756770125	G	0.00451341659453	32049	77	146	76	32348	121049
UNKNOWN	84	T	0.976845554594	C	0.021330530481	23	690	36	31599	32348	121049
UNKNOWN	85	T	0.995301100532	C	0.00327686410288	14	106	32	32196	32348	121049
UNKNOWN	86	G	0.984543093854	A	0.012303697292	398	48	31848	54	32348	121049
UNKNOWN	87	A	0.984264869544	G	0.0108816619265	31839	143	352	14	32348	121049
UNKNOWN	88	G	0.938110547793	A	0.0384567824904	1244	635	30346	123	32348	121049
UNKNOWN	89	C	0.957215283789	T	0.0298936564857	192	30964	225	967	32348	121049
UNKNOWN	90	A	0.961481389885	G	0.0244837393347	31102	360	792	94	32348	121049
UNKNOWN	91	G	0.836249536293	A	0.110022257945	3559	1321	27051	417	32348	121049
UNKNOWN	92	C	0.959750216397	T	0.0263694818845	250	31046	199	853	32348	121049
UNKNOWN	93	T	0.960275751206	C	0.0151477680228	399	490	396	31063	32348	121049
UNKNOWN	94	A	0.962934339063	C	0.0149931989613	31149	485	294	420	32348	121049
UNKNOWN	95	T	0.984110300482	C	0.0108507481143	41	351	122	31834	32348	121049
UNKNOWN	96	G	0.890596018301	A	0.0739458390009	2392	427	28809	720	32348	121049
UNKNOWN	97	C	0.909638926672	G	0.042661060962	721	29425	1380	822	32348	121049
UNKNOWN	98	T	0.990880425374	C	0.00522443427724	40	169	86	32053	32348	121049
UNKNOWN	99	G	0.976350933597	A	0.0204958575492	663	32	31583	70	32348	121049
UNKNOWN	100	T	0.995764807716	C	0.00302955360455	25	98	14	32211	32348	121049
UNKNOWN	101	A	0.957833560035	G	0.0247310498331	30984	174	800	390	32348	121049
UNKNOWN	102	G	0.942809447261	A	0.044670458761	1445	245	30498	160	32348	121049
UNKNOWN	103	G	0.858012860146	A	0.0906392976382	2932	1120	27755	541	32348	121049
UNKNOWN	104	C	0.986521577841	T	0.00581179671077	119	31912	129	188	32348	121049
UNKNOWN	105	T	0.997774205515	C	0.00111289724249	2	36	34	32276	32348	121049
UNKNOWN	106	G	0.999350809942	C	0.000309138122913	7	10	32327	4	32348	121049
UNKNOWN	107	G	0.998268826512	C	0.000834672931866	15	27	32292	14	32348	121049
UNKNOWN	108	G	0.986892543588	A	0.00813033263262	263	68	31924	93	32348	121049
UNKNOWN	109	T	0.994528255224	C	0.00404970941016	10	131	36	32171	32348	121049
UNKNOWN	110	C	0.997619636454	T	0.00117472486707	8	32271	31	38	32348	121049
UNKNOWN	111	C	0.998454309385	G	0.000741931494992	3	32298	24	23	32348	121049
UNKNOWN	112	G	0.998423395573	C	0.000865586744157	17	28	32297	6	32348	121049
UNKNOWN	113	C	0.99771237789	T	0.000989241993323	15	32274	27	32	32348	121049
UNKNOWN	114	C	0.99851613701	A	0.00102015580561	33	32300	4	11	32348	121049
UNKNOWN	115	A	0.993569927043	G	0.0057190552739	32140	13	185	10	32348	121049
UNKNOWN	116	G	0.998547050822	A	0.00092741436874	30	11	32301	6	32348	121049
UNKNOWN	117	G	0.990540373439	A	0.00599727958452	194	80	32042	32	32348	121049
UNKNOWN	118	C	0.997094101645	T	0.00194757017435	6	32254	25	63	32348	121049
UNKNOWN	119	T	0.976505502659	C	0.0219178929146	10	709	41	31588	32348	121049
UNKNOWN	120	C	0.979967849635	T	0.01888833931	9	31700	28	611	32348	121049
UNKNOWN	121	C	0.998454309385	G	0.000958328181031	7	32298	31	12	32348	121049
UNKNOWN	122	G	0.976721899345	A	0.0226598244095	733	11	31595	9	32348	121049
UNKNOWN	123	G	0.998145171263	A	0.000711017682701	23	23	32288	14	32348	121049
UNKNOWN	124	G	0.995826635341	A	0.0028440707308	92	19	32213	24	32348	121049
UNKNOWN	125	G	0.986861629776	A	0.011561765797	374	40	31923	11	32348	121049
UNKNOWN	126	A	0.996475825399	G	0.00247310498331	32234	32	80	2	32348	121049
UNKNOWN	127	A	0.987634475083	G	0.0113144552986	31948	33	366	1	32348	121049
UNKNOWN	128	G	0.99635217015	A	0.00293681216768	95	10	32230	13	32348	121049
UNKNOWN	129	G	0.98853097564	A	0.00584271052306	189	91	31977	91	32348	121049
UNKNOWN	130	C	0.996444911586	G	0.00185482873748	7	32233	60	48	32348	121049
UNKNOWN	131	G	0.982811920366	A	0.012736490664	412	113	31792	31	32348	121049
UNKNOWN	132	C	0.992889823173	T	0.00457524421912	25	32118	57	148	32348	121049
UNKNOWN	133	T	0.985655991097	C	0.00772845307283	8	250	206	31884	32348	121049
UNKNOWN	134	G	0.977216520341	A	0.0193829603067	627	27	31611	83	32348	121049
UNKNOWN	135	G	0.99326078892	C	0.00438976134537	67	142	32130	9	32348	121049
UNKNOWN	136	A	0.994373686163	G	0.00367874366267	32166	48	119	15	32348	121049
UNKNOWN	137	G	0.966458513664	A	0.0248237912699	803	205	31263	77	32348	121049
UNKNOWN	138	T	0.996970446395	G	0.00176208730061	0	41	57	32250	32348	121049
UNKNOWN	139	G	0.99595029059	T	0.00287498454309	32	6	32217	93	32348	121049
UNKNOWN	140	G	0.983337455175	T	0.00942871274886	20	214	31809	305	32348	121049
UNKNOWN	141	G	0.909855323358	A	0.0605292444664	1958	898	29432	60	32348	121049
UNKNOWN	142	T	0.996599480648	C	0.00191665636206	0	62	48	32238	32348	121049
UNKNOWN	143	T	0.974619760109	C	0.0120563867936	62	390	369	31527	32348	121049
UNKNOWN	144	G	0.996383083962	A	0.00281315691851	91	1	32231	25	32348	121049
UNKNOWN	145	G	0.985006801039	C	0.0131074564115	13	424	31863	48	32348	121049
UNKNOWN	146	T	0.96114133795	C	0.0178372696921	268	577	412	31091	32348	121049
UNKNOWN	147	G	0.837517002597	A	0.131847409423	4265	270	27092	721	32348	121049
UNKNOWN	148	G	0.804346482008	A	0.119358229257	3861	1508	26019	960	32348	121049
UNKNOWN	149	T	0.922529986398	G	0.0401570421664	622	585	1299	29842	32348	121049
UNKNOWN	150	A	0.926857920119	G	0.0620440212687	29982	238	2007	121	32348	121049
UNKNOWN	151	T	0.986737974527	C	0.00522443427724	140	169	120	31919	32348	121049
UNKNOWN	152	A	0.906454804006	G	0.0469889946828	29322	623	1520	883	32348	121049
UNKNOWN	153	A	0.88450599728	G	0.0943180413009	28612	508	3051	177	32348	121049
UNKNOWN	154	G	0.857425497712	A	0.0946890070483	3063	1315	27736	234	32348	121049
UNKNOWN	155	T	0.941943860517	C	0.0259366885124	398	839	641	30470	32348	121049
UNKNOWN	156	A	0.791331767034	G	0.179238283665	25598	710	5798	242	32348	121049
UNKNOWN	157	G	0.853221219241	C	0.0704525782119	1791	2279	27600	678	32348	121049
UNKNOWN	158	T	0.948281192037	G	0.0256893780141	342	500	831	30675	32348	121049
UNKNOWN	159	G	0.783386917275	A	0.159824409546	5170	1242	25341	595	32348	121049
UNKNOWN	160	G	0.818350438976	A	0.108538394955	3511	1742	26472	623	32348	121049
UNKNOWN	161	T	0.965160133548	G	0.0176208730061	193	364	570	31221	32348	121049
UNKNOWN	162	G	0.98556324966	A	0.0120254729813	389	47	31881	31	32348	121049
UNKNOWN	163	G	0.987479906022	A	0.00791393594658	256	82	31943	67	32348	121049
UNKNOWN	164	A	0.949115864968	G	0.0338815382713	30702	381	1096	169	32348	121049
UNKNOWN	165	A	0.92821812786	G	0.0542846543836	30026	366	1756	200	32348	121049
UNKNOWN	166	G	0.759521454186	A	0.119172746383	3855	2481	24569	1443	32348	121049
UNKNOWN	167	C	0.889173982936	T	0.0423210090268	954	28763	1262	1369	32348	121049
UNKNOWN	168	A	0.96559292692	G	0.0177136144429	31235	420	573	120	32348	121049
UNKNOWN	169	C	0.964078150117	T	0.0227834796587	286	31186	139	737	32348	121049
UNKNOWN	170	A	0.984017559045	G	0.0089031779399	31831	101	288	128	32348	121049
UNKNOWN	171	T	0.973723259552	G	0.0157351304563	171	170	509	31498	32348	121049
UNKNOWN	172	G	0.970477309262	A	0.0222579448498	720	100	31393	135	32348	121049
UNKNOWN	173	C	0.983893903796	T	0.0119018177322	19	31827	117	385	32348	121049
UNKNOWN	174	C	0.96330530481	T	0.0305428465438	124	31161	75	988	32348	121049
UNKNOWN	175	T	0.953412884877	A	0.0259366885124	839	348	320	30841	32348	121049
UNKNOWN	176	T	0.966489427476	C	0.0151168542105	286	489	309	31264	32348	121049
UNKNOWN	177	A	0.987325336961	G	0.00652281439347	31938	161	211	38	32348	121049
UNKNOWN	178	A	0.985686904909	G	0.00825398788179	31885	185	267	11	32348	121049
UNKNOWN	179	C	0.876221095586	T	0.108754791641	110	28344	376	3518	32348	121049
UNKNOWN	180	C	0.940552738964	T	0.0333560034623	239	30425	605	1079	32348	121049
UNKNOWN	181	C	0.985377766786	A	0.00673921107951	218	31875	88	167	32348	121049
UNKNOWN	182	A	0.982904661803	G	0.010077902807	31795	141	326	86	32348	121049
UNKNOWN	183	G	0.97922591814	A	0.0140657845926	455	152	31676	65	32348	121049
UNKNOWN	184	C	0.974063311488	T	0.0158896995177	160	31509	165	514	32348	121049
UNKNOWN	185	C	0.996723135897	G	0.00111289724249	35	32242	36	35	32348	121049
UNKNOWN	186	C	0.99474465191	T	0.00327686410288	35	32178	29	106	32348	121049
UNKNOWN	187	T	0.991622356869	G	0.00516260665265	44	60	167	32077	32348	121049
UNKNOWN	188	G	0.98030790157	A	0.012520093978	405	71	31711	161	32348	121049
UNKNOWN	189	A	0.984357610981	G	0.0121491282305	31842	77	393	36	32348	121049
UNKNOWN	190	A	0.981080746878	C	0.00979967849635	31736	317	234	61	32348	121049
UNKNOWN	191	A	0.987603561271	G	0.00701743539013	31947	89	227	85	32348	121049
UNKNOWN	192	T	0.987881785582	C	0.00667738345493	55	216	121	31956	32348	121049
UNKNOWN	193	C	0.996692222085	T	0.00207122542352	19	32241	21	67	32348	121049
UNKNOWN	194	C	0.990478545814	T	0.00578088289848	36	32040	85	187	32348	121049
UNKNOWN	195	C	0.994404599975	G	0.00290589835539	65	32167	94	22	32348	121049
UNKNOWN	196	G	0.996073945839	A	0.00219488067268	71	26	32221	30	32348	121049
UNKNOWN	197	G	0.939934462718	A	0.0412390255966	1334	395	30405	214	32348	121049
UNKNOWN	198	C	0.987510819834	T	0.00568814146161	85	31944	135	184	32348	121049
UNKNOWN	199	T	0.991313218746	C	0.00476072709287	73	154	54	32067	32348	121049
UNKNOWN	200	C	0.990200321504	T	0.00432793372079	124	32031	53	140	32348	121049
UNKNOWN	201	A	0.990664028688	G	0.00621367627056	32046	98	201	3	32348	121049
UNKNOWN	202	G	0.968715221961	C	0.0228453072833	126	739	31336	147	32348	121049
UNKNOWN	203	C	0.953876592061	T	0.0335414863361	228	30856	179	1085	32348	121049
UNKNOWN	204	A	0.982688265117	G	0.0112835414863	31788	102	365	93	32348	121049
UNKNOWN	205	T	0.993044392234	C	0.00457524421912	40	148	37	32123	32348	121049
UNKNOWN	206	C	0.990664028688	T	0.00578088289848	100	32046	15	187	32348	121049
UNKNOWN	207	A	0.988098182268	G	0.00596636577223	31963	101	193	91	32348	121049
UNKNOWN	208	C	0.982750092741	G	0.0106961790528	82	31790	346	130	32348	121049
UNKNOWN	209	C	0.967293186596	T	0.0133547669099	250	31290	376	432	32348	121049
UNKNOWN	210	A	0.987665388896	C	0.00683195251638	31949	221	154	24	32348	121049
UNKNOWN	211	A	0.97882403858	G	0.0176517868184	31663	82	571	32	32348	121049
UNKNOWN	212	G	0.983151972301	A	0.010819834302	350	169	31803	26	32348	121049
UNKNOWN	213	G	0.98961295907	A	0.00874860887845	283	32	32012	21	32348	121049
UNKNOWN	214	A	0.992116977866	C	0.00361691603809	32093	117	100	38	32348	121049
UNKNOWN	215	C	0.978638555707	T	0.0102324718684	140	31657	220	331	32348	121049
UNKNOWN	216	A	0.981482626437	G	0.0110671448003	31749	150	358	91	32348	121049
UNKNOWN	217	A	0.974403363423	C	0.0124273525411	31520	402	369	57	32348	121049
UNKNOWN	218	C	0.973599604303	T	0.0176208730061	33	31494	251	570	32348	121049
UNKNOWN	219	T	0.987789044145	C	0.00494620996661	103	160	132	31953	32348	121049
UNKNOWN	220	C	0.992858909361	T	0.00324595029059	93	32117	33	105	32348	121049
UNKNOWN	221	C	0.990262149128	T	0.00401879559787	103	32033	82	130	32348	121049
UNKNOWN	222	A	0.98030790157	C	0.00995424755781	31711	322	300	15	32348	121049
UNKNOWN	223	A	0.979164090516	G	0.0179609249413	31674	60	581	33	32348	121049
UNKNOWN	224	G	0.984388524793	A	0.00794484975887	257	211	31843	37	32348	121049
UNKNOWN	225	A	0.985377766786	G	0.0102633856807	31875	110	332	31	32348	121049
UNKNOWN	226	G	0.953258315816	A	0.0389514034871	1260	219	30836	33	32348	121049
UNKNOWN	227	C	0.966520341288	T	0.0266786200074	103	31265	117	863	32348	121049
UNKNOWN	228	C	0.984017559045	G	0.0119636453567	116	31831	387	14	32348	121049
UNKNOWN	229	A	0.989272907135	T	0.0042661060962	32001	93	116	138	32348	121049
UNKNOWN	230	A	0.973383207617	G	0.0217942376654	31487	122	705	34	32348	121049
UNKNOWN	231	G	0.960213923581	A	0.0192283912452	622	387	31061	278	32348	121049
UNKNOWN	232	T	0.991436873995	C	0.00661555583034	24	214	39	32071	32348	121049
UNKNOWN	233	C	0.9647891678	T	0.0193520464944	25	31209	488	626	32348	121049
UNKNOWN	234	T	0.988654630889	C	0.00568814146161	63	184	120	31981	32348	121049
UNKNOWN	235	C	0.989520217633	T	0.00816124644491	64	32009	11	264	32348	121049
UNKNOWN	236	T	0.979844194386	C	0.00955236799802	52	309	291	31696	32348	121049
UNKNOWN	237	C	0.992487943613	T	0.0049771237789	33	32105	49	161	32348	121049
UNKNOWN	238	T	0.994899220972	G	0.0025040187956	11	73	81	32183	32348	121049
UNKNOWN	239	G	0.952980091505	A	0.0330777791517	1070	280	30827	171	32348	121049
UNKNOWN	240	T	0.98664523309	G	0.00510077902807	146	121	165	31916	32348	121049
UNKNOWN	241	C	0.981018919253	T	0.0156733028317	79	31734	28	507	32348	121049
UNKNOWN	242	A	0.970168171139	G	0.0153332508965	31383	318	496	151	32348	121049
UNKNOWN	243	G	0.90178681835	C	0.0526771361444	1093	1704	29171	380	32348	121049
UNKNOWN	244	T	0.991529615432	C	0.00466798565599	28	151	95	32074	32348	121049
UNKNOWN	245	G	0.971590206504	A	0.0178990973167	579	151	31429	189	32348	121049
UNKNOWN	246	A	0.975732657351	G	0.0170644243848	31563	202	552	31	32348	121049
UNKNOWN	247	G	0.930845801904	A	0.0460924941264	1491	531	30111	215	32348	121049
UNKNOWN	248	C	0.96707678991	T	0.0221652034129	188	31283	160	717	32348	121049
UNKNOWN	249	A	0.98179176456	G	0.0157660442686	31759	70	510	9	32348	121049
UNKNOWN	250	G	0.978360331396	A	0.0131692840361	426	211	31648	63	32348	121049
UNKNOWN	251	C	0.981389885001	T	0.0126746630394	44	31746	148	410	32348	121049
UNKNOWN	252	G	0.984975887226	A	0.010077902807	326	77	31862	83	32348	121049
UNKNOWN	253	T	0.986861629776	C	0.00918140225053	33	297	95	31923	32348	121049
UNKNOWN	254	G	0.961635958946	A	0.0257202918264	832	167	31107	242	32348	121049
UNKNOWN	255	A	0.976598244095	G	0.0166007172004	31591	100	537	120	32348	121049
UNKNOWN	256	C	0.989056510449	T	0.0042970199085	98	31994	117	139	32348	121049
UNKNOWN	257	A	0.95480400643	G	0.0289044144924	30886	199	935	328	32348	121049
UNKNOWN	258	C	0.603159391616	A	0.375540991715	12148	19511	481	208	32348	121049
UNKNOWN	259	C	0.964881909237	T	0.0153023370842	152	31212	489	495	32348	121049
UNKNOWN	260	T	0.965036478299	C	0.0185482873748	108	600	423	31217	32348	121049
UNKNOWN	261	G	0.989860269568	A	0.00646098676889	209	44	32020	75	32348	121049
UNKNOWN	262	A	0.98556324966	G	0.0089031779399	31881	151	288	28	32348	121049
UNKNOWN	263	G	0.948806726846	A	0.0276060343762	893	609	30692	154	32348	121049
UNKNOWN	264	G	0.989767528132	A	0.00689378014097	223	55	32017	53	32348	121049
UNKNOWN	265	A	0.990973166811	C	0.00516260665265	32056	167	95	30	32348	121049
UNKNOWN	266	C	0.977680227526	T	0.0106652652405	253	31626	124	345	32348	121049
UNKNOWN	267	A	0.965685668357	T	0.0168480276988	31238	95	470	545	32348	121049
UNKNOWN	268	C	0.991560529244	G	0.00343143316434	100	32075	111	62	32348	121049
UNKNOWN	269	G	0.959750216397	A	0.0335414863361	1085	110	31046	107	32348	121049
UNKNOWN	270	G	0.989829355756	A	0.00420427847162	136	93	32019	100	32348	121049
UNKNOWN	271	C	0.991034994436	A	0.00506986521578	164	32058	94	32	32348	121049
UNKNOWN	272	C	0.990262149128	A	0.00485346852974	157	32033	69	89	32348	121049
UNKNOWN	273	A	0.98664523309	G	0.00757388401138	31916	87	245	100	32348	121049
UNKNOWN	274	C	0.980246073946	T	0.0101088166193	215	31709	97	327	32348	121049
UNKNOWN	275	A	0.9647891678	G	0.0204958575492	31209	231	663	245	32348	121049
UNKNOWN	276	T	0.988778286138	G	0.00568814146161	111	68	184	31985	32348	121049
UNKNOWN	277	A	0.991313218746	C	0.00454433040683	32067	147	70	64	32348	121049
UNKNOWN	278	C	0.945437121306	T	0.0515333250897	67	30583	31	1667	32348	121049
UNKNOWN	279	T	0.975609002102	C	0.0109744033634	193	355	241	31559	32348	121049
UNKNOWN	280	A	0.971219240757	T	0.0140657845926	31417	295	181	455	32348	121049
UNKNOWN	281	C	0.964727340176	T	0.0320576233461	53	31207	51	1037	32348	121049
UNKNOWN	282	T	0.984388524793	G	0.0104797823668	118	48	339	31843	32348	121049
