Type	Position	Nucl1	Freq1	Nucl2	Freq2	NumAs	NumCs	NumGs	NumTs	NumAligned	NumNaive
UNKNOWN	0	C	1.0	A	0.0	0	12670	0	0	12670	165975
UNKNOWN	1	A	1.0	C	0.0	12670	0	0	0	12670	165975
UNKNOWN	2	G	1.0	A	0.0	0	0	12670	0	12670	165975
UNKNOWN	3	G	1.0	A	0.0	0	0	12670	0	12670	165975
UNKNOWN	4	T	1.0	A	0.0	0	0	0	12670	12670	165975
UNKNOWN	5	G	1.0	A	0.0	0	0	12670	0	12670	165975
UNKNOWN	6	C	1.0	A	0.0	0	12670	0	0	12670	165975
UNKNOWN	7	A	0.997553275454	G	0.0017363851618	12639	3	22	6	12670	165975
UNKNOWN	8	G	0.993291239148	A	0.00584056827151	74	10	12585	1	12670	165975
UNKNOWN	9	C	0.997553275454	T	0.00197316495659	0	12639	6	25	12670	165975
UNKNOWN	10	T	0.998973954223	C	0.00102604577743	0	13	0	12657	12670	165975
UNKNOWN	11	G	0.995737963694	A	0.00386740331492	49	2	12616	3	12670	165975
UNKNOWN	12	C	0.998816101026	T	0.00110497237569	1	12655	0	14	12670	165975
UNKNOWN	13	G	0.998026835043	A	0.00142067876875	18	0	12645	7	12670	165975
UNKNOWN	14	G	0.969218626677	C	0.0296764009471	6	376	12280	8	12670	165975
UNKNOWN	15	G	0.999131807419	A	0.000315706393054	4	3	12659	4	12670	165975
UNKNOWN	16	A	0.997553275454	G	0.00157853196527	12639	10	20	1	12670	165975
UNKNOWN	17	G	0.995974743489	A	0.00315706393054	40	8	12619	3	12670	165975
UNKNOWN	18	T	0.997237569061	C	0.00189423835833	3	24	8	12635	12670	165975
UNKNOWN	19	C	0.999289660616	T	0.000394632991318	2	12661	2	5	12670	165975
UNKNOWN	20	G	0.998105761642	A	0.00110497237569	14	2	12646	8	12670	165975
UNKNOWN	21	G	0.998342541436	C	0.00102604577743	5	13	12649	3	12670	165975
UNKNOWN	22	G	0.99865824783	C	0.000710339384373	4	9	12653	4	12670	165975
UNKNOWN	23	C	0.998579321231	T	0.00102604577743	5	12652	0	13	12670	165975
UNKNOWN	24	C	0.999289660616	A	0.000315706393054	4	12661	2	3	12670	165975
UNKNOWN	25	C	0.998973954223	T	0.000473559589582	4	12657	3	6	12670	165975
UNKNOWN	26	C	0.998973954223	A	0.000789265982636	10	12657	0	3	12670	165975
UNKNOWN	27	A	0.99771112865	G	0.00197316495659	12641	3	25	1	12670	165975
UNKNOWN	28	G	0.991554853986	A	0.00702446724546	89	16	12563	2	12670	165975
UNKNOWN	29	C	0.997474348856	T	0.00236779794791	0	12638	2	30	12670	165975
UNKNOWN	30	C	0.998342541436	T	0.00157853196527	1	12649	0	20	12670	165975
UNKNOWN	31	T	0.997316495659	C	0.00149960536701	3	19	12	12636	12670	165975
UNKNOWN	32	G	0.996842936069	A	0.00228887134964	29	3	12630	8	12670	165975
UNKNOWN	33	G	0.996685082873	A	0.00189423835833	24	7	12628	11	12670	165975
UNKNOWN	34	T	0.996211523283	C	0.0026045777427	3	33	12	12622	12670	165975
UNKNOWN	35	G	0.997395422257	A	0.00205209155485	26	6	12637	1	12670	165975
UNKNOWN	36	A	0.996921862668	C	0.00165745856354	12631	21	16	2	12670	165975
UNKNOWN	37	A	0.994238358327	G	0.00378847671665	12597	21	48	4	12670	165975
UNKNOWN	38	G	0.998421468035	C	0.00102604577743	5	13	12650	2	12670	165975
UNKNOWN	39	C	0.99636937648	T	0.00315706393054	2	12624	4	40	12670	165975
UNKNOWN	40	C	0.999368587214	T	0.000473559589582	1	12662	1	6	12670	165975
UNKNOWN	41	C	0.992501973165	T	0.00528808208366	2	12575	26	67	12670	165975
UNKNOWN	42	T	0.99589581689	C	0.00378847671665	2	48	2	12618	12670	165975
UNKNOWN	43	C	0.998421468035	A	0.0008681925809	11	12650	1	8	12670	165975
UNKNOWN	44	A	0.995501183899	G	0.00213101815312	12613	24	27	6	12670	165975
UNKNOWN	45	C	0.997868981847	A	0.0008681925809	11	12643	10	6	12670	165975
UNKNOWN	46	A	0.997158642463	G	0.00189423835833	12634	9	24	3	12670	165975
UNKNOWN	47	G	0.996132596685	A	0.00292028413575	37	11	12621	1	12670	165975
UNKNOWN	48	A	0.995343330702	C	0.00220994475138	12611	28	26	5	12670	165975
UNKNOWN	49	C	0.99771112865	T	0.00157853196527	2	12641	7	20	12670	165975
UNKNOWN	50	C	0.998105761642	T	0.00142067876875	5	12646	1	18	12670	165975
UNKNOWN	51	C	0.998342541436	T	0.00126282557222	4	12649	1	16	12670	165975
UNKNOWN	52	T	0.996290449882	C	0.00315706393054	4	40	3	12623	12670	165975
UNKNOWN	53	C	0.989897395422	G	0.008681925809	3	12542	110	15	12670	165975
UNKNOWN	54	T	0.995264404104	C	0.0034727703236	7	44	9	12610	12670	165975
UNKNOWN	55	C	0.999052880821	T	0.000789265982636	1	12658	1	10	12670	165975
UNKNOWN	56	C	0.99589581689	T	0.00268350434096	2	12618	16	34	12670	165975
UNKNOWN	57	C	0.997395422257	T	0.00126282557222	10	12637	7	16	12670	165975
UNKNOWN	58	T	0.996132596685	C	0.00323599052881	4	41	4	12621	12670	165975
UNKNOWN	59	C	0.996921862668	A	0.00149960536701	19	12631	5	15	12670	165975
UNKNOWN	60	A	0.994711917916	C	0.00252565114444	12603	32	32	3	12670	165975
UNKNOWN	61	C	0.998105761642	T	0.00142067876875	1	12646	5	18	12670	165975
UNKNOWN	62	C	0.996211523283	T	0.00244672454617	5	12622	12	31	12670	165975
UNKNOWN	63	T	0.997079715864	C	0.00165745856354	1	21	15	12633	12670	165975
UNKNOWN	64	G	0.998105761642	C	0.00110497237569	6	14	12646	4	12670	165975
UNKNOWN	65	C	0.997237569061	T	0.00181531176006	12	12635	0	23	12670	165975
UNKNOWN	66	A	0.991554853986	G	0.00481452249408	12563	38	61	8	12670	165975
UNKNOWN	67	C	0.993291239148	T	0.00544593528019	2	12585	14	69	12670	165975
UNKNOWN	68	G	0.9909234412	A	0.0069455406472	88	19	12555	8	12670	165975
UNKNOWN	69	G	0.98318863457	A	0.0131018153118	166	18	12457	29	12670	165975
UNKNOWN	70	T	0.992975532755	C	0.00655090765588	1	83	5	12581	12670	165975
UNKNOWN	71	C	0.989029202841	T	0.00647198105762	5	12531	52	82	12670	165975
UNKNOWN	72	T	0.992817679558	C	0.00378847671665	3	48	40	12579	12670	165975
UNKNOWN	73	C	0.994790844515	A	0.00292028413575	37	12604	5	24	12670	165975
UNKNOWN	74	T	0.991239147593	G	0.00363062352013	20	45	46	12559	12670	165975
UNKNOWN	75	G	0.989660615627	A	0.00923441199684	117	9	12539	5	12670	165975
UNKNOWN	76	G	0.985161799526	A	0.01136543015	144	37	12482	7	12670	165975
UNKNOWN	77	A	0.988318863457	C	0.00560378847672	12522	71	35	42	12670	165975
UNKNOWN	78	T	0.991633780584	G	0.00339384372534	21	42	43	12564	12670	165975
UNKNOWN	79	T	0.995501183899	C	0.0043409629045	2	55	0	12613	12670	165975
UNKNOWN	80	C	0.976322020521	T	0.011681136543	51	12370	101	148	12670	165975
UNKNOWN	81	T	0.993685872139	C	0.00497237569061	6	63	11	12590	12670	165975
UNKNOWN	82	C	0.988397790055	T	0.00923441199684	25	12523	5	117	12670	165975
UNKNOWN	83	A	0.995659037096	T	0.00181531176006	12615	19	13	23	12670	165975
UNKNOWN	84	T	0.991081294396	C	0.00441988950276	16	56	41	12557	12670	165975
UNKNOWN	85	T	0.996132596685	C	0.00228887134964	15	29	5	12621	12670	165975
UNKNOWN	86	A	0.977190213102	G	0.0191002367798	12381	24	242	23	12670	165975
UNKNOWN	87	A	0.985951065509	G	0.0108918705604	12492	34	138	6	12670	165975
UNKNOWN	88	G	0.973954222573	A	0.0160220994475	203	66	12340	61	12670	165975
UNKNOWN	89	C	0.943093922652	T	0.0359116022099	57	11949	209	455	12670	165975
UNKNOWN	90	G	0.961483820047	A	0.0330702446725	419	31	12182	38	12670	165975
UNKNOWN	91	A	0.918547750592	G	0.0495659037096	11638	251	628	153	12670	165975
UNKNOWN	92	T	0.911996842936	C	0.0445146014207	261	564	290	11555	12670	165975
UNKNOWN	93	A	0.908681925809	G	0.0426203630624	11513	218	540	399	12670	165975
UNKNOWN	94	A	0.951696921863	G	0.0247829518548	12058	129	314	169	12670	165975
UNKNOWN	95	T	0.95319652723	G	0.0199684293607	232	108	253	12077	12670	165975
UNKNOWN	96	A	0.880820836622	G	0.0707971586425	11160	426	897	187	12670	165975
UNKNOWN	97	G	0.525966850829	A	0.268745067088	3405	2101	6664	500	12670	165975
UNKNOWN	98	T	0.97134964483	G	0.0149960536701	60	113	190	12307	12670	165975
UNKNOWN	99	G	0.963930544594	A	0.0308602999211	391	25	12213	41	12670	165975
UNKNOWN	100	T	0.995501183899	C	0.00220994475138	19	28	10	12613	12670	165975
UNKNOWN	101	A	0.97134964483	G	0.0184688239937	12307	45	234	84	12670	165975
UNKNOWN	102	G	0.921389108129	A	0.0561168113654	711	241	11674	44	12670	165975
UNKNOWN	103	G	0.772138910813	A	0.181846882399	2304	408	9783	175	12670	165975
UNKNOWN	104	C	0.974585635359	G	0.0117600631413	71	12348	149	102	12670	165975
UNKNOWN	105	T	0.996448303078	G	0.00213101815312	0	18	27	12625	12670	165975
UNKNOWN	106	G	0.999368587214	T	0.000315706393054	2	2	12662	4	12670	165975
UNKNOWN	107	G	0.998737174428	T	0.000552486187845	5	4	12654	7	12670	165975
UNKNOWN	108	G	0.973559589582	A	0.0168902920284	214	48	12335	73	12670	165975
UNKNOWN	109	T	0.992580899763	C	0.00662983425414	1	84	9	12576	12670	165975
UNKNOWN	110	C	0.993843725335	T	0.00339384372534	23	12592	12	43	12670	165975
UNKNOWN	111	C	0.997158642463	G	0.00181531176006	3	12634	23	10	12670	165975
UNKNOWN	112	G	0.997474348856	C	0.00197316495659	6	25	12638	1	12670	165975
UNKNOWN	113	C	0.996606156275	T	0.00213101815312	12	12627	4	27	12670	165975
UNKNOWN	114	C	0.997079715864	A	0.00213101815312	27	12633	4	6	12670	165975
UNKNOWN	115	A	0.993922651934	G	0.00505130228887	12593	12	64	1	12670	165975
UNKNOWN	116	G	0.996921862668	A	0.00134175217048	17	8	12631	14	12670	165975
UNKNOWN	117	G	0.972928176796	A	0.0225730071034	286	41	12327	16	12670	165975
UNKNOWN	118	C	0.993843725335	T	0.0034727703236	7	12592	27	44	12670	165975
UNKNOWN	119	T	0.993685872139	C	0.0052091554854	6	66	8	12590	12670	165975
UNKNOWN	120	C	0.99818468824	A	0.0008681925809	11	12647	4	8	12670	165975
UNKNOWN	121	C	0.996448303078	A	0.00244672454617	31	12625	3	11	12670	165975
UNKNOWN	122	A	0.993922651934	G	0.00457774269929	12593	18	58	1	12670	165975
UNKNOWN	123	G	0.993685872139	A	0.00299921073402	38	36	12590	6	12670	165975
UNKNOWN	124	G	0.994475138122	A	0.00457774269929	58	4	12600	8	12670	165975
UNKNOWN	125	A	0.98271507498	G	0.0156274664562	12451	18	198	3	12670	165975
UNKNOWN	126	A	0.993764798737	G	0.00426203630624	12591	23	54	2	12670	165975
UNKNOWN	127	A	0.992107340174	G	0.00623520126283	12570	18	79	3	12670	165975
UNKNOWN	128	G	0.99771112865	A	0.0017363851618	22	4	12641	3	12670	165975
UNKNOWN	129	G	0.990607734807	C	0.00410418310971	49	52	12551	18	12670	165975
UNKNOWN	130	C	0.99636937648	G	0.00284135753749	2	12624	36	8	12670	165975
UNKNOWN	131	G	0.9863456985	A	0.00836621941594	106	44	12497	23	12670	165975
UNKNOWN	132	C	0.993922651934	T	0.0043409629045	14	12593	8	55	12670	165975
UNKNOWN	133	T	0.987608524073	C	0.0078137332281	8	99	50	12513	12670	165975
UNKNOWN	134	G	0.990370955012	A	0.00591949486977	75	6	12548	41	12670	165975
UNKNOWN	135	G	0.995343330702	A	0.00284135753749	36	16	12611	7	12670	165975
UNKNOWN	136	A	0.994632991318	G	0.00465666929755	12602	4	59	5	12670	165975
UNKNOWN	137	G	0.9909234412	A	0.00702446724546	89	0	12555	26	12670	165975
UNKNOWN	138	T	0.995343330702	G	0.00299921073402	3	18	38	12611	12670	165975
UNKNOWN	139	G	0.996842936069	T	0.00157853196527	13	7	12630	20	12670	165975
UNKNOWN	140	G	0.986424625099	C	0.00860299921073	13	109	12498	50	12670	165975
UNKNOWN	141	C	0.982872928177	G	0.0115232833465	40	12453	146	31	12670	165975
UNKNOWN	142	T	0.995737963694	C	0.00323599052881	5	41	8	12616	12670	165975
UNKNOWN	143	C	0.987213891081	T	0.00970797158642	11	12508	28	123	12670	165975
UNKNOWN	144	G	0.991318074191	A	0.00734017363852	93	3	12560	14	12670	165975
UNKNOWN	145	G	0.983662194159	C	0.01136543015	35	144	12463	28	12670	165975
UNKNOWN	146	T	0.978137332281	G	0.0118389897395	43	84	150	12393	12670	165975
UNKNOWN	147	G	0.825414364641	A	0.128808208366	1632	243	10458	337	12670	165975
UNKNOWN	148	T	0.885477505919	C	0.0469613259669	437	595	419	11219	12670	165975
UNKNOWN	149	C	0.896842936069	T	0.0700078926598	314	11363	106	887	12670	165975
UNKNOWN	150	A	0.956432517758	G	0.0318074191002	12118	76	403	73	12670	165975
UNKNOWN	151	T	0.965035516969	C	0.0137332280979	130	174	139	12227	12670	165975
UNKNOWN	152	A	0.913259668508	G	0.052091554854	11571	174	660	265	12670	165975
UNKNOWN	153	T	0.880347277032	G	0.0468823993686	543	379	594	11154	12670	165975
UNKNOWN	154	A	0.892817679558	G	0.0758484609313	11312	125	961	272	12670	165975
UNKNOWN	155	T	0.945619573796	C	0.026045777427	103	330	256	11981	12670	165975
UNKNOWN	156	A	0.893133385951	G	0.0908445146014	11316	113	1151	90	12670	165975
UNKNOWN	157	G	0.828966061563	A	0.0890292028414	1128	650	10503	389	12670	165975
UNKNOWN	158	T	0.957300710339	G	0.0234411996843	143	101	297	12129	12670	165975
UNKNOWN	159	G	0.75043409629	A	0.203788476717	2582	465	9508	115	12670	165975
UNKNOWN	160	G	0.830623520126	A	0.12225730071	1549	438	10524	159	12670	165975
UNKNOWN	161	T	0.94364640884	A	0.0239936858721	304	138	272	11956	12670	165975
UNKNOWN	162	G	0.982083662194	A	0.0153906866614	195	14	12443	18	12670	165975
UNKNOWN	163	G	0.980347277032	A	0.0122336227309	155	48	12421	46	12670	165975
UNKNOWN	164	A	0.968508287293	G	0.0210734017364	12271	53	267	79	12670	165975
UNKNOWN	165	A	0.917679558011	G	0.0734806629834	11627	75	931	37	12670	165975
UNKNOWN	166	G	0.69589581689	A	0.173480662983	2198	1044	8817	611	12670	165975
UNKNOWN	167	C	0.889897395422	T	0.0501183898974	497	11275	263	635	12670	165975
UNKNOWN	168	A	0.960378847672	G	0.0211523283346	12168	97	268	137	12670	165975
UNKNOWN	169	C	0.959826361484	T	0.0244672454617	113	12161	86	310	12670	165975
UNKNOWN	170	A	0.984214680347	G	0.0108129439621	12470	43	137	20	12670	165975
UNKNOWN	171	G	0.943014996054	A	0.0345698500395	438	172	11948	112	12670	165975
UNKNOWN	172	G	0.653512233623	A	0.280662983425	3556	495	8280	339	12670	165975
UNKNOWN	173	C	0.971586424625	G	0.0166535122336	44	12310	211	105	12670	165975
UNKNOWN	174	T	0.986582478295	A	0.00552486187845	70	58	42	12500	12670	165975
UNKNOWN	175	A	0.987056037885	T	0.00678768745067	12506	29	49	86	12670	165975
UNKNOWN	176	T	0.979873717443	C	0.0156274664562	41	198	16	12415	12670	165975
UNKNOWN	177	A	0.981925808998	G	0.0120757695343	12441	45	153	31	12670	165975
UNKNOWN	178	A	0.985872138911	C	0.00686661404893	12491	87	87	5	12670	165975
UNKNOWN	179	C	0.912549329124	T	0.0741120757695	31	11562	138	939	12670	165975
UNKNOWN	180	C	0.949408050513	T	0.0355169692186	56	12029	135	450	12670	165975
UNKNOWN	181	C	0.986661404893	A	0.00631412786109	80	12501	42	47	12670	165975
UNKNOWN	182	A	0.986661404893	G	0.00836621941594	12501	37	106	26	12670	165975
UNKNOWN	183	G	0.979873717443	A	0.0118389897395	150	86	12415	19	12670	165975
UNKNOWN	184	C	0.984688239937	T	0.0078137332281	23	12476	72	99	12670	165975
UNKNOWN	185	C	0.997790055249	A	0.000789265982636	10	12642	8	10	12670	165975
UNKNOWN	186	C	0.993370165746	T	0.0034727703236	9	12586	31	44	12670	165975
UNKNOWN	187	T	0.995106550908	G	0.00331491712707	12	8	42	12608	12670	165975
UNKNOWN	188	G	0.985082872928	A	0.0112075769534	142	15	12481	32	12670	165975
UNKNOWN	189	A	0.990292028414	G	0.00749802683504	12547	23	95	5	12670	165975
UNKNOWN	190	A	0.996211523283	C	0.00236779794791	12622	30	10	8	12670	165975
UNKNOWN	191	A	0.989818468824	C	0.00457774269929	12541	58	32	39	12670	165975
UNKNOWN	192	T	0.989739542226	C	0.00591949486977	21	75	34	12540	12670	165975
UNKNOWN	193	C	0.996527229676	A	0.00165745856354	21	12626	2	21	12670	165975
UNKNOWN	194	C	0.994948697711	T	0.00276243093923	7	12606	22	35	12670	165975
UNKNOWN	195	C	0.995185477506	G	0.00299921073402	13	12609	38	10	12670	165975
UNKNOWN	196	G	0.995106550908	A	0.00276243093923	35	10	12608	17	12670	165975
UNKNOWN	197	G	0.960142067877	A	0.0273875295975	347	94	12165	64	12670	165975
UNKNOWN	198	C	0.992423046567	T	0.00378847671665	37	12574	11	48	12670	165975
UNKNOWN	199	T	0.991397000789	C	0.00544593528019	25	69	15	12561	12670	165975
UNKNOWN	200	C	0.991081294396	T	0.00418310970797	45	12557	15	53	12670	165975
UNKNOWN	201	A	0.989502762431	G	0.00544593528019	12537	53	69	11	12670	165975
UNKNOWN	202	G	0.976558800316	C	0.0138910812944	27	176	12373	94	12670	165975
UNKNOWN	203	C	0.973401736385	T	0.0127071823204	127	12333	49	161	12670	165975
UNKNOWN	204	A	0.987608524073	T	0.00489344909234	12513	34	61	62	12670	165975
UNKNOWN	205	T	0.992580899763	C	0.00497237569061	15	63	16	12576	12670	165975
UNKNOWN	206	C	0.990134175217	T	0.00513022888713	59	12545	1	65	12670	165975
UNKNOWN	207	A	0.990055248619	G	0.00497237569061	12544	52	63	11	12670	165975
UNKNOWN	208	C	0.986582478295	T	0.00623520126283	30	12500	61	79	12670	165975
UNKNOWN	209	C	0.9681925809	T	0.0116022099448	120	12267	136	147	12670	165975
UNKNOWN	210	A	0.990607734807	C	0.00528808208366	12551	67	50	2	12670	165975
UNKNOWN	211	A	0.984846093133	G	0.0108129439621	12478	30	137	25	12670	165975
UNKNOWN	212	G	0.985082872928	A	0.00978689818469	124	57	12481	8	12670	165975
UNKNOWN	213	G	0.987450670876	A	0.0101026045777	128	16	12511	15	12670	165975
UNKNOWN	214	A	0.990134175217	C	0.00465666929755	12545	59	28	38	12670	165975
UNKNOWN	215	C	0.983030781373	A	0.00639305445935	81	12455	57	77	12670	165975
UNKNOWN	216	A	0.98863456985	G	0.00662983425414	12526	44	84	16	12670	165975
UNKNOWN	217	A	0.977821625888	G	0.0149171270718	12389	62	189	30	12670	165975
UNKNOWN	218	C	0.976953433307	T	0.0130228887135	21	12378	106	165	12670	165975
UNKNOWN	219	T	0.986582478295	C	0.00599842146803	54	76	40	12500	12670	165975
UNKNOWN	220	C	0.994948697711	A	0.00307813733228	39	12606	0	25	12670	165975
UNKNOWN	221	C	0.989029202841	A	0.00465666929755	59	12531	50	30	12670	165975
UNKNOWN	222	A	0.985714285714	G	0.00844514601421	12489	73	107	1	12670	165975
UNKNOWN	223	A	0.983583267561	G	0.0132596685083	12462	26	168	14	12670	165975
UNKNOWN	224	G	0.987450670876	A	0.00584056827151	74	59	12511	26	12670	165975
UNKNOWN	225	A	0.9863456985	G	0.0102604577743	12497	39	130	4	12670	165975
UNKNOWN	226	G	0.963851617995	A	0.0282557221784	358	86	12212	14	12670	165975
UNKNOWN	227	C	0.951933701657	T	0.0228097868982	269	12061	51	289	12670	165975
UNKNOWN	228	C	0.991870560379	A	0.00481452249408	61	12567	35	7	12670	165975
UNKNOWN	229	A	0.990765588003	G	0.00426203630624	12553	25	54	38	12670	165975
UNKNOWN	230	A	0.980268350434	G	0.0169692186267	12420	21	215	14	12670	165975
UNKNOWN	231	G	0.972296764009	C	0.01136543015	126	144	12319	81	12670	165975
UNKNOWN	232	T	0.988871349645	C	0.00797158642463	9	101	31	12529	12670	165975
UNKNOWN	233	C	0.976400947119	T	0.0136543014996	25	12371	101	173	12670	165975
UNKNOWN	234	T	0.988397790055	C	0.00560378847672	37	71	39	12523	12670	165975
UNKNOWN	235	C	0.992975532755	T	0.00497237569061	25	12581	1	63	12670	165975
UNKNOWN	236	T	0.984056827151	C	0.00978689818469	24	124	54	12468	12670	165975
UNKNOWN	237	C	0.990686661405	T	0.00528808208366	24	12552	27	67	12670	165975
UNKNOWN	238	T	0.993528018942	A	0.00363062352013	46	22	14	12588	12670	165975
UNKNOWN	239	A	0.890844514601	G	0.0936858721389	11287	69	1187	127	12670	165975
UNKNOWN	240	T	0.986108918706	G	0.00591949486977	38	63	75	12494	12670	165975
UNKNOWN	241	C	0.979321231255	T	0.0164167324388	51	12408	3	208	12670	165975
UNKNOWN	242	A	0.980189423836	G	0.008681925809	12419	90	110	51	12670	165975
UNKNOWN	243	C	0.898421468035	G	0.0818468823994	93	11383	1037	157	12670	165975
UNKNOWN	244	T	0.992659826361	G	0.00449881610103	19	17	57	12577	12670	165975
UNKNOWN	245	G	0.973007103394	A	0.0191002367798	242	47	12328	53	12670	165975
UNKNOWN	246	A	0.983030781373	G	0.0138910812944	12455	32	176	7	12670	165975
UNKNOWN	247	G	0.958484609313	A	0.0272296764009	345	132	12144	49	12670	165975
UNKNOWN	248	C	0.959747434886	T	0.026045777427	121	12160	59	330	12670	165975
UNKNOWN	249	A	0.986424625099	G	0.00915548539858	12498	54	116	2	12670	165975
UNKNOWN	250	G	0.983583267561	C	0.0101026045777	60	128	12462	20	12670	165975
UNKNOWN	251	C	0.983425414365	T	0.00970797158642	24	12460	63	123	12670	165975
UNKNOWN	252	G	0.980031570639	A	0.0127861089187	162	44	12417	47	12670	165975
UNKNOWN	253	T	0.984372533544	C	0.0104183109708	12	132	54	12472	12670	165975
UNKNOWN	254	G	0.951775848461	A	0.0265982636148	337	82	12059	192	12670	165975
UNKNOWN	255	A	0.980031570639	G	0.0139700078927	12417	59	177	17	12670	165975
UNKNOWN	256	C	0.985793212313	A	0.00749802683504	95	12490	46	39	12670	165975
UNKNOWN	257	A	0.979400157853	G	0.0131018153118	12409	69	166	26	12670	165975
UNKNOWN	258	A	0.884767166535	C	0.0992896606156	11210	1258	179	23	12670	165975
UNKNOWN	259	C	0.964483030781	G	0.0167324388319	41	12220	212	197	12670	165975
UNKNOWN	260	T	0.971428571429	G	0.0141278610892	36	147	179	12308	12670	165975
UNKNOWN	261	G	0.986266771902	A	0.00789265982636	100	26	12496	48	12670	165975
UNKNOWN	262	A	0.985161799526	G	0.00994475138122	12482	31	126	31	12670	165975
UNKNOWN	263	G	0.948776637727	A	0.0330702446725	419	162	12021	68	12670	165975
UNKNOWN	264	G	0.984293606946	A	0.0105761641673	134	15	12471	50	12670	165975
UNKNOWN	265	A	0.984846093133	C	0.00899763220205	12478	114	67	11	12670	165975
UNKNOWN	266	C	0.982636148382	A	0.00899763220205	114	12450	16	90	12670	165975
UNKNOWN	267	A	0.979163378058	T	0.00828729281768	12406	56	103	105	12670	165975
UNKNOWN	268	C	0.988082083662	G	0.00465666929755	46	12519	59	46	12670	165975
UNKNOWN	269	G	0.972217837411	A	0.0213101815312	270	28	12318	54	12670	165975
UNKNOWN	270	G	0.986898184688	T	0.00465666929755	56	51	12504	59	12670	165975
UNKNOWN	271	C	0.989660615627	A	0.00655090765588	83	12539	39	9	12670	165975
UNKNOWN	272	C	0.986266771902	A	0.00876085240726	111	12496	13	50	12670	165975
UNKNOWN	273	A	0.987056037885	G	0.00584056827151	12506	50	74	40	12670	165975
UNKNOWN	274	C	0.981767955801	A	0.0104183109708	132	12439	36	63	12670	165975
UNKNOWN	275	A	0.972454617206	G	0.0124704025257	12321	122	158	69	12670	165975
UNKNOWN	276	T	0.987213891081	G	0.0052091554854	64	32	66	12508	12670	165975
UNKNOWN	277	A	0.987134964483	C	0.00670876085241	12507	85	50	28	12670	165975
UNKNOWN	278	C	0.953749013418	T	0.0430939226519	32	12084	8	546	12670	165975
UNKNOWN	279	T	0.97592738753	C	0.0095501183899	97	121	87	12365	12670	165975
UNKNOWN	280	A	0.966219415943	T	0.0155485398579	12242	113	118	197	12670	165975
UNKNOWN	281	C	0.966061562747	T	0.0310181531176	22	12240	15	393	12670	165975
UNKNOWN	282	T	0.980662983425	G	0.012865035517	64	18	163	12425	12670	165975
