Type	Position	Nucl1	Freq1	Nucl2	Freq2	NumAs	NumCs	NumGs	NumTs	NumAligned	NumNaive
UNKNOWN	0	C	1.0	A	0.0	0	4936	0	0	4936	79791
UNKNOWN	1	A	1.0	C	0.0	4936	0	0	0	4936	79791
UNKNOWN	2	G	1.0	A	0.0	0	0	4936	0	4936	79791
UNKNOWN	3	G	1.0	A	0.0	0	0	4936	0	4936	79791
UNKNOWN	4	T	1.0	A	0.0	0	0	0	4936	4936	79791
UNKNOWN	5	G	1.0	A	0.0	0	0	4936	0	4936	79791
UNKNOWN	6	C	1.0	A	0.0	0	4936	0	0	4936	79791
UNKNOWN	7	A	0.997974068071	G	0.00141815235008	4926	0	7	3	4936	79791
UNKNOWN	8	G	0.993111831442	A	0.00587520259319	29	2	4902	3	4936	79791
UNKNOWN	9	C	0.998379254457	T	0.00162074554295	0	4928	0	8	4936	79791
UNKNOWN	10	T	0.998176661264	C	0.00162074554295	1	8	0	4927	4936	79791
UNKNOWN	11	G	0.999594813614	A	0.000405186385737	2	0	4934	0	4936	79791
UNKNOWN	12	C	1.0	A	0.0	0	4936	0	0	4936	79791
UNKNOWN	13	G	0.998379254457	A	0.00101296596434	5	1	4928	2	4936	79791
UNKNOWN	14	G	0.935980551053	C	0.0630064829822	2	311	4620	3	4936	79791
UNKNOWN	15	G	0.999189627229	A	0.000607779578606	3	1	4932	0	4936	79791
UNKNOWN	16	A	0.998987034036	C	0.000405186385737	4931	2	2	1	4936	79791
UNKNOWN	17	G	0.99290923825	A	0.00607779578606	30	4	4901	1	4936	79791
UNKNOWN	18	T	0.998987034036	C	0.000810372771475	0	4	1	4931	4936	79791
UNKNOWN	19	C	0.999797406807	G	0.000202593192869	0	4935	1	0	4936	79791
UNKNOWN	20	G	0.997568881686	A	0.00222852512156	11	1	4924	0	4936	79791
UNKNOWN	21	G	0.999594813614	C	0.000405186385737	0	2	4934	0	4936	79791
UNKNOWN	22	G	0.998784440843	A	0.000607779578606	3	3	4930	0	4936	79791
UNKNOWN	23	C	0.998784440843	T	0.00121555915721	0	4930	0	6	4936	79791
UNKNOWN	24	C	0.999392220421	A	0.000202593192869	1	4933	1	1	4936	79791
UNKNOWN	25	C	1.0	A	0.0	0	4936	0	0	4936	79791
UNKNOWN	26	C	0.998987034036	A	0.000607779578606	3	4931	0	2	4936	79791
UNKNOWN	27	A	0.994529983793	G	0.00526742301459	4909	0	26	1	4936	79791
UNKNOWN	28	G	0.994124797407	A	0.00425445705024	21	7	4907	1	4936	79791
UNKNOWN	29	C	0.998784440843	T	0.00101296596434	1	4930	0	5	4936	79791
UNKNOWN	30	C	0.99858184765	T	0.00141815235008	0	4929	0	7	4936	79791
UNKNOWN	31	T	0.997771474878	C	0.00121555915721	1	6	4	4925	4936	79791
UNKNOWN	32	G	0.995948136143	A	0.00263371150729	13	6	4916	1	4936	79791
UNKNOWN	33	G	0.990275526742	A	0.00790113452188	39	6	4888	3	4936	79791
UNKNOWN	34	T	0.996961102107	C	0.00202593192869	0	10	5	4921	4936	79791
UNKNOWN	35	G	0.998379254457	A	0.00101296596434	5	2	4928	1	4936	79791
UNKNOWN	36	A	0.997568881686	C	0.00121555915721	4924	6	5	1	4936	79791
UNKNOWN	37	A	0.995948136143	G	0.00243111831442	4916	6	12	2	4936	79791
UNKNOWN	38	G	0.99858184765	A	0.000810372771475	4	3	4929	0	4936	79791
UNKNOWN	39	C	0.997366288493	T	0.00202593192869	2	4923	1	10	4936	79791
UNKNOWN	40	C	0.999797406807	A	0.000202593192869	1	4935	0	0	4936	79791
UNKNOWN	41	C	0.994529983793	G	0.00445705024311	0	4909	22	5	4936	79791
UNKNOWN	42	T	0.998176661264	C	0.00141815235008	1	7	1	4927	4936	79791
UNKNOWN	43	C	0.99858184765	T	0.000810372771475	3	4929	0	4	4936	79791
UNKNOWN	44	A	0.996758508914	G	0.00202593192869	4920	5	10	1	4936	79791
UNKNOWN	45	C	0.997771474878	G	0.00162074554295	3	4925	8	0	4936	79791
UNKNOWN	46	A	0.998176661264	G	0.00141815235008	4927	2	7	0	4936	79791
UNKNOWN	47	G	0.99858184765	A	0.00141815235008	7	0	4929	0	4936	79791
UNKNOWN	48	A	0.994529983793	G	0.00303889789303	4909	11	15	1	4936	79791
UNKNOWN	49	C	0.9971636953	G	0.00243111831442	1	4922	12	1	4936	79791
UNKNOWN	50	C	0.99858184765	G	0.000810372771475	0	4929	4	3	4936	79791
UNKNOWN	51	C	0.998987034036	T	0.000810372771475	1	4931	0	4	4936	79791
UNKNOWN	52	T	0.998379254457	C	0.00141815235008	0	7	1	4928	4936	79791
UNKNOWN	53	C	0.998784440843	T	0.000810372771475	0	4930	2	4	4936	79791
UNKNOWN	54	T	0.998176661264	C	0.00121555915721	3	6	0	4927	4936	79791
UNKNOWN	55	C	0.998784440843	T	0.000810372771475	0	4930	2	4	4936	79791
UNKNOWN	56	C	0.997974068071	G	0.00121555915721	1	4926	6	3	4936	79791
UNKNOWN	57	C	0.997366288493	T	0.00141815235008	1	4923	5	7	4936	79791
UNKNOWN	58	T	0.9971636953	C	0.00263371150729	0	13	1	4922	4936	79791
UNKNOWN	59	C	0.997974068071	A	0.00101296596434	5	4926	0	5	4936	79791
UNKNOWN	60	A	0.996353322528	G	0.00182333873582	4918	6	9	3	4936	79791
UNKNOWN	61	C	0.996758508914	T	0.00202593192869	0	4920	6	10	4936	79791
UNKNOWN	62	C	0.995542949757	T	0.00263371150729	2	4914	7	13	4936	79791
UNKNOWN	63	T	0.997974068071	C	0.00121555915721	0	6	4	4926	4936	79791
UNKNOWN	64	G	0.998784440843	C	0.000810372771475	1	4	4930	1	4936	79791
UNKNOWN	65	C	0.996555915721	T	0.00243111831442	5	4919	0	12	4936	79791
UNKNOWN	66	A	0.992504051864	G	0.00607779578606	4899	5	30	2	4936	79791
UNKNOWN	67	C	0.997974068071	G	0.000810372771475	3	4926	4	3	4936	79791
UNKNOWN	68	G	0.982171799028	A	0.0166126418152	82	5	4848	1	4936	79791
UNKNOWN	69	G	0.8693273906	A	0.1193273906	589	17	4291	39	4936	79791
UNKNOWN	70	T	0.921799027553	C	0.077188006483	1	381	4	4550	4936	79791
UNKNOWN	71	C	0.978727714749	T	0.0105348460292	1	4831	52	52	4936	79791
UNKNOWN	72	T	0.997366288493	C	0.00222852512156	1	11	1	4923	4936	79791
UNKNOWN	73	C	0.998784440843	T	0.00101296596434	1	4930	0	5	4936	79791
UNKNOWN	74	T	0.993922204214	C	0.00283630470016	5	14	11	4906	4936	79791
UNKNOWN	75	G	0.99858184765	A	0.00141815235008	7	0	4929	0	4936	79791
UNKNOWN	76	G	0.988452188006	A	0.00769854132901	38	16	4879	3	4936	79791
UNKNOWN	77	A	0.9943273906	C	0.00202593192869	4908	10	10	8	4936	79791
UNKNOWN	78	T	0.99574554295	C	0.00182333873582	4	9	8	4915	4936	79791
UNKNOWN	79	T	0.997568881686	C	0.00182333873582	0	9	3	4924	4936	79791
UNKNOWN	80	C	0.993111831442	T	0.0064829821718	0	4902	2	32	4936	79791
UNKNOWN	81	T	0.989870340357	C	0.00931928687196	2	46	2	4886	4936	79791
UNKNOWN	82	C	0.995542949757	T	0.0032414910859	6	4914	0	16	4936	79791
UNKNOWN	83	A	0.996353322528	G	0.00222852512156	4918	7	11	0	4936	79791
UNKNOWN	84	C	0.500202593193	T	0.497974068071	0	2469	9	2458	4936	79791
UNKNOWN	85	T	0.996961102107	C	0.00141815235008	2	7	6	4921	4936	79791
UNKNOWN	86	G	0.985818476499	A	0.0121555915721	60	6	4866	4	4936	79791
UNKNOWN	87	A	0.992098865478	G	0.00526742301459	4897	12	26	1	4936	79791
UNKNOWN	88	G	0.956645056726	A	0.0245137763371	121	90	4722	3	4936	79791
UNKNOWN	89	C	0.975486223663	T	0.0202593192869	16	4815	5	100	4936	79791
UNKNOWN	90	A	0.978525121556	C	0.0133711507293	4830	66	35	5	4936	79791
UNKNOWN	91	G	0.943071312804	A	0.035453808752	175	82	4655	24	4936	79791
UNKNOWN	92	C	0.977917341977	T	0.0172204213938	12	4827	12	85	4936	79791
UNKNOWN	93	T	0.66876012966	A	0.29517828201	1457	27	151	3301	4936	79791
UNKNOWN	94	A	0.946717990276	G	0.0295786061588	4673	47	146	70	4936	79791
UNKNOWN	95	T	0.979943273906	C	0.010737439222	14	53	32	4837	4936	79791
UNKNOWN	96	G	0.905591572123	A	0.0441653160454	218	203	4470	45	4936	79791
UNKNOWN	97	C	0.620137763371	G	0.284035656402	395	3061	1402	78	4936	79791
UNKNOWN	98	T	0.989870340357	C	0.00364667747164	14	18	18	4886	4936	79791
UNKNOWN	99	G	0.978727714749	A	0.0186385737439	92	1	4831	12	4936	79791
UNKNOWN	100	T	0.996555915721	C	0.00243111831442	5	12	0	4919	4936	79791
UNKNOWN	101	A	0.959481361426	G	0.0301863857374	4736	29	149	22	4936	79791
UNKNOWN	102	G	0.886547811994	A	0.108589951378	536	15	4376	9	4936	79791
UNKNOWN	103	G	0.877431118314	A	0.077188006483	381	136	4331	88	4936	79791
UNKNOWN	104	C	0.994732576985	T	0.00303889789303	7	4910	4	15	4936	79791
UNKNOWN	105	T	0.997771474878	G	0.00141815235008	0	4	7	4925	4936	79791
UNKNOWN	106	G	0.999594813614	A	0.000405186385737	2	0	4934	0	4936	79791
UNKNOWN	107	G	0.999594813614	A	0.000202593192869	1	0	4934	1	4936	79791
UNKNOWN	108	G	0.989870340357	A	0.00850891410049	42	1	4886	7	4936	79791
UNKNOWN	109	T	0.997366288493	C	0.00263371150729	0	13	0	4923	4936	79791
UNKNOWN	110	C	0.996961102107	A	0.00141815235008	7	4921	2	6	4936	79791
UNKNOWN	111	C	0.998379254457	G	0.00121555915721	0	4928	6	2	4936	79791
UNKNOWN	112	G	0.997974068071	C	0.00101296596434	4	5	4926	1	4936	79791
UNKNOWN	113	C	0.996150729335	T	0.00344408427877	2	4917	0	17	4936	79791
UNKNOWN	114	C	0.997771474878	A	0.00141815235008	7	4925	4	0	4936	79791
UNKNOWN	115	A	0.995340356564	G	0.00344408427877	4913	3	17	3	4936	79791
UNKNOWN	116	G	0.998987034036	A	0.00101296596434	5	0	4931	0	4936	79791
UNKNOWN	117	G	0.99574554295	C	0.00243111831442	9	12	4915	0	4936	79791
UNKNOWN	118	C	0.998379254457	T	0.00141815235008	0	4928	1	7	4936	79791
UNKNOWN	119	T	0.996555915721	C	0.00344408427877	0	17	0	4919	4936	79791
UNKNOWN	120	C	0.999392220421	A	0.000202593192869	1	4933	1	1	4936	79791
UNKNOWN	121	C	0.998379254457	A	0.00121555915721	6	4928	0	2	4936	79791
UNKNOWN	122	A	0.818273905997	G	0.181118314425	4039	0	894	3	4936	79791
UNKNOWN	123	G	0.999392220421	A	0.000405186385737	2	1	4933	0	4936	79791
UNKNOWN	124	G	0.986223662885	C	0.0103322528363	16	51	4868	1	4936	79791
UNKNOWN	125	G	0.990478119935	A	0.00911669367909	45	1	4889	1	4936	79791
UNKNOWN	126	A	0.994935170178	G	0.00506482982172	4911	0	25	0	4936	79791
UNKNOWN	127	A	0.996353322528	G	0.0032414910859	4918	1	16	1	4936	79791
UNKNOWN	128	G	0.999797406807	A	0.000202593192869	1	0	4935	0	4936	79791
UNKNOWN	129	G	0.991693679092	A	0.00688816855754	34	7	4895	0	4936	79791
UNKNOWN	130	C	0.997974068071	G	0.00162074554295	0	4926	8	2	4936	79791
UNKNOWN	131	G	0.934764991896	A	0.0609805510535	301	11	4614	10	4936	79791
UNKNOWN	132	C	0.995542949757	T	0.00384927066451	0	4914	3	19	4936	79791
UNKNOWN	133	T	0.990883306321	C	0.00465964343598	13	23	9	4891	4936	79791
UNKNOWN	134	G	0.989059967585	A	0.00587520259319	29	10	4882	15	4936	79791
UNKNOWN	135	G	0.9971636953	A	0.00263371150729	13	0	4922	1	4936	79791
UNKNOWN	136	A	0.991288492707	T	0.00587520259319	4893	0	14	29	4936	79791
UNKNOWN	137	G	0.97244732577	A	0.0251215559157	124	5	4800	7	4936	79791
UNKNOWN	138	T	0.996555915721	C	0.00141815235008	3	7	7	4919	4936	79791
UNKNOWN	139	G	0.99858184765	A	0.00141815235008	7	0	4929	0	4936	79791
UNKNOWN	140	G	0.994732576985	T	0.00303889789303	1	10	4910	15	4936	79791
UNKNOWN	141	G	0.935980551053	A	0.0551053484603	272	33	4620	11	4936	79791
UNKNOWN	142	T	0.999189627229	C	0.000607779578606	0	3	1	4932	4936	79791
UNKNOWN	143	T	0.984197730956	G	0.00871150729335	4	31	43	4858	4936	79791
UNKNOWN	144	G	0.983184764992	A	0.0145867098865	72	1	4853	10	4936	79791
UNKNOWN	145	G	0.991288492707	C	0.00486223662885	0	24	4893	19	4936	79791
UNKNOWN	146	T	0.985008103728	G	0.00668557536467	13	28	33	4862	4936	79791
UNKNOWN	147	G	0.82982171799	A	0.150729335494	744	46	4096	50	4936	79791
UNKNOWN	148	G	0.803282009724	A	0.144854132901	715	170	3965	86	4936	79791
UNKNOWN	149	T	0.934764991896	G	0.0439627228525	39	66	217	4614	4936	79791
UNKNOWN	150	A	0.951175040519	G	0.0451782820097	4695	3	223	15	4936	79791
UNKNOWN	151	T	0.991896272285	A	0.00445705024311	22	13	5	4896	4936	79791
UNKNOWN	152	A	0.967179902755	G	0.0164100486224	4774	28	81	53	4936	79791
UNKNOWN	153	G	0.953606158833	A	0.040113452188	198	12	4707	19	4936	79791
UNKNOWN	154	A	0.950162074554	G	0.0427471636953	4690	18	211	17	4936	79791
UNKNOWN	155	T	0.850081037277	G	0.0784035656402	164	189	387	4196	4936	79791
UNKNOWN	156	A	0.747366288493	G	0.136750405186	3689	132	675	440	4936	79791
UNKNOWN	157	A	0.887763371151	G	0.0626012965964	4382	126	309	119	4936	79791
UNKNOWN	158	T	0.950769854133	G	0.0314019448947	74	14	155	4693	4936	79791
UNKNOWN	159	G	0.923419773096	A	0.0573338735818	283	32	4558	63	4936	79791
UNKNOWN	160	A	0.963330632091	G	0.0198541329011	4755	31	98	52	4936	79791
UNKNOWN	161	T	0.978727714749	G	0.0127633711507	9	33	63	4831	4936	79791
UNKNOWN	162	G	0.996150729335	A	0.00344408427877	17	2	4917	0	4936	79791
UNKNOWN	163	G	0.985615883306	A	0.0117504051864	58	11	4865	2	4936	79791
UNKNOWN	164	A	0.977917341977	G	0.0119529983793	4827	46	59	4	4936	79791
UNKNOWN	165	G	0.931320907618	A	0.0445705024311	220	40	4597	79	4936	79791
UNKNOWN	166	A	0.948946515397	G	0.0316045380875	4684	50	156	46	4936	79791
UNKNOWN	167	C	0.952188006483	A	0.0245137763371	121	4700	47	68	4936	79791
UNKNOWN	168	A	0.981969205835	C	0.00850891410049	4847	42	26	21	4936	79791
UNKNOWN	169	C	0.95482171799	G	0.0206645056726	41	4713	102	80	4936	79791
UNKNOWN	170	A	0.972649918963	G	0.0117504051864	4801	32	58	45	4936	79791
UNKNOWN	171	T	0.926863857374	C	0.0316045380875	71	156	134	4575	4936	79791
UNKNOWN	172	A	0.87074554295	G	0.113654781199	4298	33	561	44	4936	79791
UNKNOWN	173	C	0.974270664506	T	0.0176256077796	10	4809	30	87	4936	79791
UNKNOWN	174	T	0.981766612642	C	0.0131685575365	11	65	14	4846	4936	79791
UNKNOWN	175	A	0.985413290113	T	0.0105348460292	4864	12	8	52	4936	79791
UNKNOWN	176	T	0.97670178282	C	0.0210696920583	10	104	1	4821	4936	79791
UNKNOWN	177	A	0.988857374392	C	0.0064829821718	4881	32	21	2	4936	79791
UNKNOWN	178	A	0.994732576985	C	0.00263371150729	4910	13	3	10	4936	79791
UNKNOWN	179	C	0.864059967585	T	0.117706645057	11	4265	79	581	4936	79791
UNKNOWN	180	C	0.961709886548	T	0.0295786061588	13	4747	30	146	4936	79791
UNKNOWN	181	C	0.989465153971	T	0.00506482982172	18	4884	9	25	4936	79791
UNKNOWN	182	A	0.985818476499	G	0.00668557536467	4866	30	33	7	4936	79791
UNKNOWN	183	G	0.976499189627	A	0.0125607779579	62	28	4820	26	4936	79791
UNKNOWN	184	C	0.979132901135	T	0.017017828201	4	4833	15	84	4936	79791
UNKNOWN	185	C	0.998379254457	T	0.00141815235008	0	4928	1	7	4936	79791
UNKNOWN	186	C	0.995340356564	T	0.00283630470016	0	4913	9	14	4936	79791
UNKNOWN	187	T	0.994732576985	G	0.0032414910859	5	5	16	4910	4936	79791
UNKNOWN	188	G	0.981766612642	A	0.0143841166937	71	10	4846	9	4936	79791
UNKNOWN	189	A	0.975891410049	G	0.0218800648298	4817	11	108	0	4936	79791
UNKNOWN	190	A	0.998176661264	C	0.000810372771475	4927	4	3	2	4936	79791
UNKNOWN	191	A	0.990883306321	G	0.00344408427877	4891	16	17	12	4936	79791
UNKNOWN	192	T	0.991896272285	C	0.00709076175041	2	35	3	4896	4936	79791
UNKNOWN	193	C	0.999797406807	A	0.000202593192869	1	4935	0	0	4936	79791
UNKNOWN	194	C	0.988857374392	T	0.00931928687196	4	4881	5	46	4936	79791
UNKNOWN	195	C	0.996758508914	G	0.00263371150729	0	4920	13	3	4936	79791
UNKNOWN	196	G	0.99858184765	A	0.000810372771475	4	3	4929	0	4936	79791
UNKNOWN	197	G	0.939829821718	A	0.0496353322528	245	37	4639	15	4936	79791
UNKNOWN	198	C	0.991085899514	T	0.00445705024311	8	4892	14	22	4936	79791
UNKNOWN	199	T	0.988452188006	A	0.00607779578606	30	27	0	4879	4936	79791
UNKNOWN	200	C	0.989870340357	A	0.00911669367909	45	4886	2	3	4936	79791
UNKNOWN	201	A	0.994529983793	G	0.00465964343598	4909	3	23	1	4936	79791
UNKNOWN	202	G	0.97953808752	C	0.0149918962723	21	74	4835	6	4936	79791
UNKNOWN	203	C	0.969205834684	T	0.0226904376013	22	4784	18	112	4936	79791
UNKNOWN	204	A	0.985008103728	G	0.0117504051864	4862	2	58	14	4936	79791
UNKNOWN	205	T	0.996150729335	C	0.0032414910859	3	16	0	4917	4936	79791
UNKNOWN	206	C	0.988857374392	G	0.00445705024311	16	4881	22	17	4936	79791
UNKNOWN	207	A	0.975081037277	G	0.0184359805511	4813	16	91	16	4936	79791
UNKNOWN	208	C	0.967382495948	G	0.0228930307942	5	4775	113	43	4936	79791
UNKNOWN	209	C	0.974068071313	T	0.0176256077796	23	4808	18	87	4936	79791
UNKNOWN	210	A	0.991693679092	C	0.00465964343598	4895	23	17	1	4936	79791
UNKNOWN	211	A	0.693679092382	G	0.30510534846	3424	4	1506	2	4936	79791
UNKNOWN	212	G	0.989059967585	A	0.00810372771475	40	13	4882	1	4936	79791
UNKNOWN	213	G	0.995340356564	A	0.00425445705024	21	2	4913	0	4936	79791
UNKNOWN	214	A	0.994529983793	C	0.00364667747164	4909	18	8	1	4936	79791
UNKNOWN	215	C	0.985615883306	T	0.0064829821718	16	4865	23	32	4936	79791
UNKNOWN	216	A	0.990680713128	G	0.00465964343598	4890	17	23	6	4936	79791
UNKNOWN	217	A	0.713128038898	C	0.279173419773	3520	1378	26	12	4936	79791
UNKNOWN	218	C	0.977714748784	T	0.0155996758509	3	4826	30	77	4936	79791
UNKNOWN	219	T	0.984805510535	G	0.00688816855754	13	28	34	4861	4936	79791
UNKNOWN	220	C	0.997771474878	A	0.00162074554295	8	4925	1	2	4936	79791
UNKNOWN	221	C	0.986426256078	G	0.00628038897893	25	4869	31	11	4936	79791
UNKNOWN	222	A	0.986628849271	G	0.00810372771475	4870	24	40	2	4936	79791
UNKNOWN	223	A	0.986628849271	G	0.0097244732577	4870	12	48	6	4936	79791
UNKNOWN	224	G	0.9914910859	C	0.00465964343598	19	23	4894	0	4936	79791
UNKNOWN	225	A	0.990478119935	G	0.00729335494327	4889	9	36	2	4936	79791
UNKNOWN	226	G	0.953808752026	A	0.0366693679092	181	45	4708	2	4936	79791
UNKNOWN	227	C	0.972649918963	T	0.0196515397083	25	4801	13	97	4936	79791
UNKNOWN	228	C	0.988857374392	G	0.00749594813614	17	4881	37	1	4936	79791
UNKNOWN	229	A	0.994732576985	G	0.00243111831442	4910	6	12	8	4936	79791
UNKNOWN	230	A	0.980753646677	G	0.0176256077796	4841	6	87	2	4936	79791
UNKNOWN	231	G	0.958468395462	A	0.0218800648298	108	64	4731	33	4936	79791
UNKNOWN	232	T	0.993719611021	C	0.00547001620746	2	27	2	4905	4936	79791
UNKNOWN	233	C	0.969003241491	T	0.0166126418152	5	4783	66	82	4936	79791
UNKNOWN	234	T	0.991288492707	C	0.00547001620746	2	27	14	4893	4936	79791
UNKNOWN	235	C	0.989465153971	T	0.00871150729335	7	4884	2	43	4936	79791
UNKNOWN	236	T	0.985210696921	C	0.00769854132901	5	38	30	4863	4936	79791
UNKNOWN	237	C	0.993517017828	T	0.00526742301459	2	4904	4	26	4936	79791
UNKNOWN	238	T	0.995137763371	G	0.00303889789303	0	9	15	4912	4936	79791
UNKNOWN	239	G	0.952390599676	A	0.0346434359806	171	34	4701	30	4936	79791
UNKNOWN	240	T	0.989059967585	C	0.00486223662885	14	24	16	4882	4936	79791
UNKNOWN	241	C	0.9914910859	T	0.00506482982172	16	4894	1	25	4936	79791
UNKNOWN	242	A	0.980348460292	G	0.0127633711507	4839	23	63	11	4936	79791
UNKNOWN	243	G	0.921191247974	C	0.0407212317666	154	201	4547	34	4936	79791
UNKNOWN	244	T	0.983589951378	C	0.0125607779579	1	62	18	4855	4936	79791
UNKNOWN	245	G	0.970016207455	A	0.021677471637	107	29	4788	12	4936	79791
UNKNOWN	246	A	0.97953808752	G	0.0139789303079	4835	28	69	4	4936	79791
UNKNOWN	247	G	0.932739059968	A	0.0322123176661	159	111	4604	62	4936	79791
UNKNOWN	248	C	0.961709886548	T	0.0214748784441	31	4747	52	106	4936	79791
UNKNOWN	249	A	0.987844408428	G	0.0097244732577	4876	12	48	0	4936	79791
UNKNOWN	250	G	0.98237439222	C	0.00911669367909	40	45	4849	2	4936	79791
UNKNOWN	251	C	0.988452188006	G	0.00587520259319	1	4879	29	27	4936	79791
UNKNOWN	252	G	0.988654781199	A	0.0064829821718	32	8	4880	16	4936	79791
UNKNOWN	253	T	0.990883306321	C	0.00445705024311	1	22	22	4891	4936	79791
UNKNOWN	254	G	0.974270664506	A	0.0210696920583	104	14	4809	9	4936	79791
UNKNOWN	255	A	0.984400324149	G	0.00952188006483	4859	19	47	11	4936	79791
UNKNOWN	256	C	0.987236628849	T	0.00526742301459	23	4873	14	26	4936	79791
UNKNOWN	257	A	0.976904376013	G	0.0105348460292	4822	27	52	35	4936	79791
UNKNOWN	258	C	0.590356564019	A	0.392220421394	1936	2914	65	21	4936	79791
UNKNOWN	259	C	0.983387358185	T	0.0111426256078	6	4854	21	55	4936	79791
UNKNOWN	260	T	0.97670178282	C	0.0119529983793	11	59	45	4821	4936	79791
UNKNOWN	261	G	0.992504051864	A	0.00547001620746	27	3	4899	7	4936	79791
UNKNOWN	262	A	0.987236628849	G	0.00871150729335	4873	16	43	4	4936	79791
UNKNOWN	263	G	0.957455429498	A	0.0253241491086	125	56	4726	29	4936	79791
UNKNOWN	264	G	0.9914910859	A	0.00567260940032	28	7	4894	7	4936	79791
UNKNOWN	265	A	0.993922204214	C	0.00425445705024	4906	21	5	4	4936	79791
UNKNOWN	266	C	0.981158833063	T	0.0121555915721	26	4843	7	60	4936	79791
UNKNOWN	267	A	0.972042139384	T	0.0168152350081	4798	17	38	83	4936	79791
UNKNOWN	268	C	0.991896272285	G	0.00445705024311	11	4896	22	7	4936	79791
UNKNOWN	269	G	0.854132901135	A	0.141207455429	697	11	4216	12	4936	79791
UNKNOWN	270	G	0.989870340357	C	0.00425445705024	18	21	4886	11	4936	79791
UNKNOWN	271	C	0.991896272285	G	0.00384927066451	16	4896	19	5	4936	79791
UNKNOWN	272	C	0.990680713128	A	0.00526742301459	26	4890	5	15	4936	79791
UNKNOWN	273	A	0.989262560778	G	0.00506482982172	4883	17	25	11	4936	79791
UNKNOWN	274	C	0.990478119935	A	0.00465964343598	23	4889	6	18	4936	79791
UNKNOWN	275	A	0.973662884927	G	0.0155996758509	4806	21	77	32	4936	79791
UNKNOWN	276	T	0.993719611021	A	0.00405186385737	20	4	7	4905	4936	79791
UNKNOWN	277	A	0.993719611021	C	0.00486223662885	4905	24	4	3	4936	79791
UNKNOWN	278	C	0.943881685575	T	0.0540923824959	7	4659	3	267	4936	79791
UNKNOWN	279	T	0.989059967585	A	0.00425445705024	21	19	14	4882	4936	79791
UNKNOWN	280	A	0.983184764992	T	0.00729335494327	4853	30	17	36	4936	79791
UNKNOWN	281	C	0.972852512156	T	0.0261345218801	1	4802	4	129	4936	79791
UNKNOWN	282	T	0.992301458671	G	0.00668557536467	5	0	33	4898	4936	79791
