Type	Position	Nucl1	Freq1	Nucl2	Freq2	NumAs	NumCs	NumGs	NumTs	NumAligned	NumNaive
UNKNOWN	0	C	1.0	A	0.0	0	4851	0	0	4851	74824
UNKNOWN	1	A	1.0	C	0.0	4851	0	0	0	4851	74824
UNKNOWN	2	G	1.0	A	0.0	0	0	4851	0	4851	74824
UNKNOWN	3	G	1.0	A	0.0	0	0	4851	0	4851	74824
UNKNOWN	4	T	1.0	A	0.0	0	0	0	4851	4851	74824
UNKNOWN	5	G	1.0	A	0.0	0	0	4851	0	4851	74824
UNKNOWN	6	C	1.0	A	0.0	0	4851	0	0	4851	74824
UNKNOWN	7	A	0.998556998557	G	0.00123685837972	4844	0	6	1	4851	74824
UNKNOWN	8	G	0.991135848279	A	0.00700886415172	34	9	4808	0	4851	74824
UNKNOWN	9	C	0.997938569367	T	0.00185528756957	0	4841	1	9	4851	74824
UNKNOWN	10	T	0.99814471243	C	0.00185528756957	0	9	0	4842	4851	74824
UNKNOWN	11	G	0.999587713873	C	0.000206143063286	0	1	4849	1	4851	74824
UNKNOWN	12	C	0.999793856937	A	0.000206143063286	1	4850	0	0	4851	74824
UNKNOWN	13	G	0.997938569367	A	0.00206143063286	10	0	4841	0	4851	74824
UNKNOWN	14	G	0.893630179344	C	0.105132962276	5	510	4335	1	4851	74824
UNKNOWN	15	G	0.99938157081	A	0.000206143063286	1	1	4848	1	4851	74824
UNKNOWN	16	A	0.99814471243	G	0.00123685837972	4842	2	6	1	4851	74824
UNKNOWN	17	G	0.997938569367	A	0.001443001443	7	3	4841	0	4851	74824
UNKNOWN	18	T	0.99876314162	C	0.000824572253144	2	4	0	4845	4851	74824
UNKNOWN	19	C	0.99938157081	T	0.000618429189858	0	4848	0	3	4851	74824
UNKNOWN	20	G	0.99814471243	A	0.00185528756957	9	0	4842	0	4851	74824
UNKNOWN	21	G	0.999175427747	C	0.000824572253144	0	4	4847	0	4851	74824
UNKNOWN	22	G	0.999175427747	A	0.000618429189858	3	1	4847	0	4851	74824
UNKNOWN	23	C	0.999175427747	T	0.000824572253144	0	4847	0	4	4851	74824
UNKNOWN	24	C	0.999587713873	A	0.000412286126572	2	4849	0	0	4851	74824
UNKNOWN	25	C	0.99938157081	T	0.000412286126572	1	4848	0	2	4851	74824
UNKNOWN	26	C	0.999175427747	A	0.000824572253144	4	4847	0	0	4851	74824
UNKNOWN	27	A	0.997732426304	G	0.00206143063286	4840	1	10	0	4851	74824
UNKNOWN	28	G	0.990929705215	A	0.00742115027829	36	7	4807	1	4851	74824
UNKNOWN	29	C	0.999175427747	T	0.000824572253144	0	4847	0	4	4851	74824
UNKNOWN	30	C	0.998350855494	T	0.001443001443	1	4843	0	7	4851	74824
UNKNOWN	31	T	0.997526283241	C	0.00103071531643	2	5	5	4839	4851	74824
UNKNOWN	32	G	0.998556998557	A	0.000824572253144	4	1	4844	2	4851	74824
UNKNOWN	33	G	0.996495567924	A	0.00164914450629	8	5	4834	4	4851	74824
UNKNOWN	34	T	0.998350855494	G	0.00103071531643	1	2	5	4843	4851	74824
UNKNOWN	35	G	0.997113997114	A	0.002886002886	14	0	4837	0	4851	74824
UNKNOWN	36	A	0.99876314162	C	0.000824572253144	4845	4	2	0	4851	74824
UNKNOWN	37	A	0.993403421975	G	0.00556586270872	4819	4	27	1	4851	74824
UNKNOWN	38	G	0.99814471243	A	0.000824572253144	4	4	4842	1	4851	74824
UNKNOWN	39	C	0.996495567924	G	0.00226757369615	0	4834	11	6	4851	74824
UNKNOWN	40	C	0.99938157081	T	0.000412286126572	1	4848	0	2	4851	74824
UNKNOWN	41	C	0.997732426304	T	0.001443001443	0	4840	4	7	4851	74824
UNKNOWN	42	T	0.996289424861	C	0.00309214594929	2	15	1	4833	4851	74824
UNKNOWN	43	C	0.997938569367	T	0.00123685837972	4	4841	0	6	4851	74824
UNKNOWN	44	A	0.997320140177	G	0.001443001443	4838	6	7	0	4851	74824
UNKNOWN	45	C	0.997732426304	G	0.00103071531643	4	4840	5	2	4851	74824
UNKNOWN	46	A	0.99814471243	G	0.00185528756957	4842	0	9	0	4851	74824
UNKNOWN	47	G	0.994227994228	A	0.00535971964543	26	2	4823	0	4851	74824
UNKNOWN	48	A	0.996495567924	C	0.00164914450629	4834	8	8	1	4851	74824
UNKNOWN	49	C	0.99938157081	A	0.000206143063286	1	4848	1	1	4851	74824
UNKNOWN	50	C	0.99938157081	T	0.000618429189858	0	4848	0	3	4851	74824
UNKNOWN	51	C	0.999175427747	T	0.000824572253144	0	4847	0	4	4851	74824
UNKNOWN	52	T	0.995877138734	C	0.00391671820243	1	19	0	4831	4851	74824
UNKNOWN	53	C	0.99876314162	T	0.00123685837972	0	4845	0	6	4851	74824
UNKNOWN	54	T	0.997732426304	C	0.00185528756957	2	9	0	4840	4851	74824
UNKNOWN	55	C	1.0	A	0.0	0	4851	0	0	4851	74824
UNKNOWN	56	C	0.998969284684	T	0.000618429189858	1	4846	1	3	4851	74824
UNKNOWN	57	C	0.998969284684	T	0.00103071531643	0	4846	0	5	4851	74824
UNKNOWN	58	T	0.996083281798	C	0.00391671820243	0	19	0	4832	4851	74824
UNKNOWN	59	C	0.998350855494	A	0.000824572253144	4	4843	0	4	4851	74824
UNKNOWN	60	A	0.997320140177	C	0.001443001443	4838	7	6	0	4851	74824
UNKNOWN	61	C	0.997526283241	T	0.00247371675943	0	4839	0	12	4851	74824
UNKNOWN	62	C	0.997732426304	T	0.00185528756957	1	4840	1	9	4851	74824
UNKNOWN	63	T	0.998556998557	G	0.00103071531643	0	2	5	4844	4851	74824
UNKNOWN	64	G	0.998969284684	C	0.000824572253144	0	4	4846	1	4851	74824
UNKNOWN	65	C	0.99876314162	A	0.00103071531643	5	4845	0	1	4851	74824
UNKNOWN	66	A	0.996495567924	G	0.00206143063286	4834	7	10	0	4851	74824
UNKNOWN	67	C	0.995877138734	T	0.00206143063286	2	4831	8	10	4851	74824
UNKNOWN	68	G	0.989898989899	A	0.00865800865801	42	2	4802	5	4851	74824
UNKNOWN	69	A	0.751185322614	G	0.244279529994	3644	16	1185	6	4851	74824
UNKNOWN	70	T	0.990517419089	C	0.00783343640486	0	38	8	4805	4851	74824
UNKNOWN	71	C	0.992372706658	T	0.00556586270872	1	4814	9	27	4851	74824
UNKNOWN	72	T	0.997732426304	C	0.001443001443	0	7	4	4840	4851	74824
UNKNOWN	73	C	0.998969284684	T	0.00103071531643	0	4846	0	5	4851	74824
UNKNOWN	74	T	0.996083281798	G	0.00226757369615	0	8	11	4832	4851	74824
UNKNOWN	75	G	0.99938157081	A	0.000618429189858	3	0	4848	0	4851	74824
UNKNOWN	76	G	0.997732426304	A	0.00226757369615	11	0	4840	0	4851	74824
UNKNOWN	77	A	0.994640280355	T	0.00185528756957	4825	8	9	9	4851	74824
UNKNOWN	78	T	0.995877138734	C	0.00226757369615	4	11	5	4831	4851	74824
UNKNOWN	79	T	0.997320140177	C	0.00267985982272	0	13	0	4838	4851	74824
UNKNOWN	80	C	0.992166563595	T	0.00515357658215	1	4813	12	25	4851	74824
UNKNOWN	81	T	0.995052566481	C	0.00350443207586	2	17	5	4827	4851	74824
UNKNOWN	82	C	0.997113997114	A	0.001443001443	7	4837	0	7	4851	74824
UNKNOWN	83	A	0.995258709544	C	0.00164914450629	4828	8	7	8	4851	74824
UNKNOWN	84	T	0.991135848279	C	0.00680272108844	8	33	2	4808	4851	74824
UNKNOWN	85	T	0.997320140177	C	0.00123685837972	1	6	6	4838	4851	74824
UNKNOWN	86	G	0.991960420532	A	0.00803957946815	39	0	4812	0	4851	74824
UNKNOWN	87	A	0.993403421975	G	0.00453514739229	4819	7	22	3	4851	74824
UNKNOWN	88	G	0.954442383014	A	0.0315398886827	153	55	4630	13	4851	74824
UNKNOWN	89	C	0.977118119975	T	0.0121624407339	27	4740	25	59	4851	74824
UNKNOWN	90	A	0.993197278912	G	0.00597814883529	4818	4	29	0	4851	74824
UNKNOWN	91	G	0.944547515976	A	0.0368996083282	179	74	4582	16	4851	74824
UNKNOWN	92	C	0.970933828077	T	0.0214388785817	17	4710	20	104	4851	74824
UNKNOWN	93	T	0.981034838178	A	0.00989486703772	48	14	30	4759	4851	74824
UNKNOWN	94	A	0.989280560709	C	0.00474129045558	4799	23	10	19	4851	74824
UNKNOWN	95	T	0.990311276026	A	0.00329828901257	16	16	15	4804	4851	74824
UNKNOWN	96	G	0.886415172129	A	0.0758606472892	368	40	4300	143	4851	74824
UNKNOWN	97	C	0.821892393321	G	0.13048855906	111	3987	633	120	4851	74824
UNKNOWN	98	T	0.991754277469	C	0.00453514739229	1	22	17	4811	4851	74824
UNKNOWN	99	G	0.974232117089	A	0.0243248814677	118	0	4726	7	4851	74824
UNKNOWN	100	T	0.996495567924	C	0.00185528756957	6	9	2	4834	4851	74824
UNKNOWN	101	A	0.983508554937	G	0.0105132962276	4771	12	51	17	4851	74824
UNKNOWN	102	G	0.89651618223	A	0.0989486703772	480	8	4349	14	4851	74824
UNKNOWN	103	G	0.903731189445	A	0.0459699031128	223	188	4384	56	4851	74824
UNKNOWN	104	C	0.98742527314	G	0.00639043496186	6	4790	31	24	4851	74824
UNKNOWN	105	T	0.998350855494	G	0.00103071531643	0	3	5	4843	4851	74824
UNKNOWN	106	G	0.99938157081	A	0.000206143063286	1	1	4848	1	4851	74824
UNKNOWN	107	G	1.0	A	0.0	0	0	4851	0	4851	74824
UNKNOWN	108	G	0.977118119975	A	0.0154607297464	75	28	4740	8	4851	74824
UNKNOWN	109	T	0.997526283241	C	0.00226757369615	1	11	0	4839	4851	74824
UNKNOWN	110	C	0.997320140177	T	0.00267985982272	0	4838	0	13	4851	74824
UNKNOWN	111	C	0.99814471243	G	0.001443001443	0	4842	7	2	4851	74824
UNKNOWN	112	G	0.99876314162	C	0.00123685837972	0	6	4845	0	4851	74824
UNKNOWN	113	C	0.997732426304	A	0.00123685837972	6	4840	0	5	4851	74824
UNKNOWN	114	C	0.998556998557	A	0.00103071531643	5	4844	0	2	4851	74824
UNKNOWN	115	A	0.995877138734	G	0.00350443207586	4831	2	17	1	4851	74824
UNKNOWN	116	G	0.996907854051	A	0.00309214594929	15	0	4836	0	4851	74824
UNKNOWN	117	G	0.989692846836	A	0.00907029478458	44	6	4801	0	4851	74824
UNKNOWN	118	C	0.991960420532	T	0.00474129045558	2	4812	14	23	4851	74824
UNKNOWN	119	T	0.994434137291	G	0.002886002886	0	13	14	4824	4851	74824
UNKNOWN	120	C	0.99876314162	T	0.000618429189858	1	4845	2	3	4851	74824
UNKNOWN	121	C	0.998969284684	A	0.000824572253144	4	4846	1	0	4851	74824
UNKNOWN	122	A	0.993403421975	G	0.00618429189858	4819	2	30	0	4851	74824
UNKNOWN	123	G	0.999793856937	A	0.000206143063286	1	0	4850	0	4851	74824
UNKNOWN	124	G	0.997113997114	A	0.00267985982272	13	1	4837	0	4851	74824
UNKNOWN	125	G	0.992784992785	A	0.00639043496186	31	4	4816	0	4851	74824
UNKNOWN	126	A	0.99814471243	G	0.00164914450629	4842	0	8	1	4851	74824
UNKNOWN	127	A	0.992991135848	G	0.00680272108844	4817	0	33	1	4851	74824
UNKNOWN	128	G	0.999587713873	A	0.000412286126572	2	0	4849	0	4851	74824
UNKNOWN	129	G	0.993609565038	A	0.00494743351886	24	6	4820	1	4851	74824
UNKNOWN	130	C	0.99814471243	G	0.00123685837972	0	4842	6	3	4851	74824
UNKNOWN	131	G	0.983508554937	A	0.0133992991136	65	9	4771	6	4851	74824
UNKNOWN	132	C	0.991341991342	T	0.00721500721501	2	4809	5	35	4851	74824
UNKNOWN	133	T	0.989280560709	C	0.00948258091115	0	46	6	4799	4851	74824
UNKNOWN	134	G	0.974232117089	A	0.0162853019996	79	3	4726	43	4851	74824
UNKNOWN	135	G	0.997732426304	A	0.00206143063286	10	0	4840	1	4851	74824
UNKNOWN	136	A	0.994434137291	G	0.00371057513915	4824	6	18	3	4851	74824
UNKNOWN	137	G	0.933209647495	A	0.0618429189858	300	7	4527	17	4851	74824
UNKNOWN	138	T	0.996495567924	C	0.00164914450629	4	8	5	4834	4851	74824
UNKNOWN	139	G	0.947021232736	A	0.0397856112142	193	31	4594	33	4851	74824
UNKNOWN	140	T	0.90022675737	C	0.0727685013399	1	353	130	4367	4851	74824
UNKNOWN	141	C	0.970109255824	G	0.0204081632653	35	4706	99	11	4851	74824
UNKNOWN	142	T	0.99876314162	C	0.000824572253144	0	4	2	4845	4851	74824
UNKNOWN	143	T	0.909915481344	C	0.0816326530612	2	396	39	4414	4851	74824
UNKNOWN	144	G	0.996701710987	A	0.00309214594929	15	0	4835	1	4851	74824
UNKNOWN	145	G	0.989486703772	C	0.00824572253144	2	40	4800	9	4851	74824
UNKNOWN	146	T	0.984126984127	G	0.00721500721501	8	34	35	4774	4851	74824
UNKNOWN	147	G	0.900639043496	A	0.0841063698207	408	12	4369	62	4851	74824
UNKNOWN	148	G	0.893836322408	A	0.0511234796949	248	99	4336	168	4851	74824
UNKNOWN	149	T	0.976293547722	G	0.0107194392909	30	33	52	4736	4851	74824
UNKNOWN	150	A	0.92661306947	G	0.0705009276438	4495	2	342	12	4851	74824
UNKNOWN	151	T	0.993815708101	C	0.002886002886	9	14	7	4821	4851	74824
UNKNOWN	152	A	0.966192537621	G	0.0142238713667	4687	36	69	59	4851	74824
UNKNOWN	153	A	0.921459492888	G	0.0715316429602	4470	23	347	11	4851	74824
UNKNOWN	154	G	0.863739435168	A	0.0975056689342	473	170	4190	18	4851	74824
UNKNOWN	155	T	0.920634920635	C	0.0595753452896	26	289	70	4466	4851	74824
UNKNOWN	156	A	0.847041847042	G	0.135642135642	4109	59	658	25	4851	74824
UNKNOWN	157	G	0.890744176458	A	0.0562770562771	273	170	4321	87	4851	74824
UNKNOWN	158	T	0.976499690785	A	0.0109255823542	53	17	44	4737	4851	74824
UNKNOWN	159	G	0.814883529169	A	0.155844155844	756	96	3953	46	4851	74824
UNKNOWN	160	G	0.833436404865	A	0.0737992166564	358	236	4043	214	4851	74824
UNKNOWN	161	T	0.980004122861	G	0.010101010101	28	20	49	4754	4851	74824
UNKNOWN	162	G	0.996907854051	A	0.002886002886	14	0	4836	1	4851	74824
UNKNOWN	163	G	0.991135848279	A	0.00803957946815	39	1	4808	3	4851	74824
UNKNOWN	164	A	0.98556998557	G	0.0117501546073	4781	5	57	8	4851	74824
UNKNOWN	165	A	0.938981653267	G	0.0517419088848	4555	12	251	33	4851	74824
UNKNOWN	166	G	0.641517212946	A	0.208204493919	1010	411	3112	318	4851	74824
UNKNOWN	167	C	0.889507318079	T	0.0445269016698	145	4315	175	216	4851	74824
UNKNOWN	168	A	0.977530406102	G	0.0152545866832	4742	21	74	14	4851	74824
UNKNOWN	169	C	0.978767264482	T	0.0138115852402	22	4748	14	67	4851	74824
UNKNOWN	170	A	0.98618841476	G	0.00948258091115	4784	9	46	12	4851	74824
UNKNOWN	171	G	0.967635539064	T	0.015873015873	65	15	4694	77	4851	74824
UNKNOWN	172	G	0.847247990105	A	0.11605854463	563	120	4110	58	4851	74824
UNKNOWN	173	C	0.977118119975	T	0.0111317254174	25	4740	32	54	4851	74824
UNKNOWN	174	T	0.995052566481	A	0.00267985982272	13	10	1	4827	4851	74824
UNKNOWN	175	A	0.992991135848	T	0.00329828901257	4817	12	6	16	4851	74824
UNKNOWN	176	T	0.985776128633	C	0.0111317254174	13	54	2	4782	4851	74824
UNKNOWN	177	A	0.997113997114	G	0.00164914450629	4837	4	8	2	4851	74824
UNKNOWN	178	A	0.993403421975	C	0.00309214594929	4819	15	14	3	4851	74824
UNKNOWN	179	C	0.92846835704	T	0.0647289218718	7	4504	26	314	4851	74824
UNKNOWN	180	C	0.953411667697	T	0.0300968872397	7	4625	73	146	4851	74824
UNKNOWN	181	C	0.985982271697	T	0.00948258091115	16	4783	6	46	4851	74824
UNKNOWN	182	A	0.988043702329	G	0.00783343640486	4793	5	38	15	4851	74824
UNKNOWN	183	G	0.979797979798	A	0.010101010101	49	35	4753	14	4851	74824
UNKNOWN	184	C	0.989486703772	G	0.00556586270872	3	4800	27	21	4851	74824
UNKNOWN	185	C	0.999175427747	T	0.000412286126572	1	4847	1	2	4851	74824
UNKNOWN	186	C	0.996289424861	T	0.002886002886	3	4833	1	14	4851	74824
UNKNOWN	187	T	0.996083281798	G	0.00267985982272	2	4	13	4832	4851	74824
UNKNOWN	188	G	0.990723562152	A	0.00721500721501	35	0	4806	10	4851	74824
UNKNOWN	189	A	0.995670995671	G	0.00309214594929	4830	5	15	1	4851	74824
UNKNOWN	190	A	0.995464852608	G	0.00247371675943	4829	6	12	4	4851	74824
UNKNOWN	191	A	0.990929705215	G	0.00597814883529	4807	2	29	13	4851	74824
UNKNOWN	192	T	0.993403421975	C	0.00371057513915	3	18	11	4819	4851	74824
UNKNOWN	193	C	0.995258709544	A	0.00350443207586	17	4828	1	5	4851	74824
UNKNOWN	194	C	0.991341991342	T	0.00412286126572	6	4809	16	20	4851	74824
UNKNOWN	195	C	0.996083281798	G	0.00267985982272	2	4832	13	4	4851	74824
UNKNOWN	196	G	0.998556998557	A	0.00123685837972	6	0	4844	1	4851	74824
UNKNOWN	197	G	0.941867656153	A	0.0488559059988	237	24	4569	21	4851	74824
UNKNOWN	198	C	0.994021851165	T	0.00391671820243	6	4822	4	19	4851	74824
UNKNOWN	199	T	0.996289424861	C	0.00350443207586	0	17	1	4833	4851	74824
UNKNOWN	200	C	0.995670995671	A	0.00247371675943	12	4830	6	3	4851	74824
UNKNOWN	201	A	0.992784992785	G	0.00515357658215	4816	8	25	2	4851	74824
UNKNOWN	202	G	0.979797979798	C	0.0127808699237	7	62	4753	29	4851	74824
UNKNOWN	203	C	0.964337250052	T	0.0249433106576	38	4678	14	121	4851	74824
UNKNOWN	204	A	0.982683982684	G	0.00968872397444	4767	22	47	15	4851	74824
UNKNOWN	205	T	0.992784992785	C	0.00556586270872	4	27	4	4816	4851	74824
UNKNOWN	206	C	0.988043702329	A	0.00721500721501	35	4793	0	23	4851	74824
UNKNOWN	207	A	0.991754277469	G	0.00453514739229	4811	13	22	5	4851	74824
UNKNOWN	208	C	0.989692846836	G	0.00659657802515	4	4801	32	14	4851	74824
UNKNOWN	209	C	0.983714698	A	0.00577200577201	28	4772	24	27	4851	74824
UNKNOWN	210	A	0.995052566481	G	0.002886002886	4827	9	14	1	4851	74824
UNKNOWN	211	A	0.988868274583	G	0.00927643784787	4797	7	45	2	4851	74824
UNKNOWN	212	G	0.992372706658	A	0.00535971964543	26	8	4814	3	4851	74824
UNKNOWN	213	G	0.988662131519	A	0.00927643784787	45	5	4796	5	4851	74824
UNKNOWN	214	A	0.995877138734	C	0.00309214594929	4831	15	4	1	4851	74824
UNKNOWN	215	C	0.986600700886	T	0.00824572253144	19	4786	6	40	4851	74824
UNKNOWN	216	A	0.994021851165	G	0.00412286126572	4822	4	20	5	4851	74824
UNKNOWN	217	A	0.985363842507	C	0.00803957946815	4780	39	29	3	4851	74824
UNKNOWN	218	C	0.980622552051	T	0.0131931560503	2	4757	28	64	4851	74824
UNKNOWN	219	T	0.993197278912	C	0.00515357658215	7	25	1	4818	4851	74824
UNKNOWN	220	C	0.996495567924	A	0.00247371675943	12	4834	0	5	4851	74824
UNKNOWN	221	C	0.992166563595	A	0.00371057513915	18	4813	4	16	4851	74824
UNKNOWN	222	A	0.992578849722	G	0.00577200577201	4815	7	28	1	4851	74824
UNKNOWN	223	A	0.986600700886	G	0.0131931560503	4786	1	64	0	4851	74824
UNKNOWN	224	G	0.984745413317	A	0.010101010101	49	23	4777	2	4851	74824
UNKNOWN	225	A	0.992578849722	G	0.00556586270872	4815	7	27	2	4851	74824
UNKNOWN	226	G	0.963718820862	A	0.0300968872397	146	27	4675	3	4851	74824
UNKNOWN	227	C	0.97175840033	T	0.0210265924552	16	4714	19	102	4851	74824
UNKNOWN	228	C	0.992372706658	G	0.00350443207586	16	4814	17	4	4851	74824
UNKNOWN	229	A	0.992166563595	G	0.00680272108844	4813	2	33	3	4851	74824
UNKNOWN	230	A	0.982477839621	G	0.0160791589363	4766	5	78	2	4851	74824
UNKNOWN	231	G	0.965986394558	A	0.0171098742527	83	33	4686	49	4851	74824
UNKNOWN	232	T	0.993403421975	C	0.00597814883529	2	29	1	4819	4851	74824
UNKNOWN	233	C	0.980622552051	T	0.0107194392909	2	4757	40	52	4851	74824
UNKNOWN	234	T	0.992784992785	C	0.00597814883529	4	29	2	4816	4851	74824
UNKNOWN	235	C	0.991548134405	T	0.00700886415172	7	4810	0	34	4851	74824
UNKNOWN	236	T	0.992372706658	C	0.00639043496186	1	31	5	4814	4851	74824
UNKNOWN	237	C	0.995258709544	T	0.00371057513915	0	4828	5	18	4851	74824
UNKNOWN	238	T	0.994640280355	C	0.00247371675943	2	12	12	4825	4851	74824
UNKNOWN	239	G	0.946815089672	A	0.0437023294166	212	14	4593	32	4851	74824
UNKNOWN	240	T	0.990517419089	C	0.004329004329	11	21	14	4805	4851	74824
UNKNOWN	241	C	0.990517419089	T	0.00597814883529	15	4805	2	29	4851	74824
UNKNOWN	242	A	0.988249845393	G	0.00803957946815	4794	16	39	2	4851	74824
UNKNOWN	243	G	0.841063698207	C	0.0931766646052	271	452	4080	48	4851	74824
UNKNOWN	244	T	0.994227994228	G	0.00350443207586	3	8	17	4823	4851	74824
UNKNOWN	245	G	0.968253968254	A	0.0232941661513	113	24	4697	17	4851	74824
UNKNOWN	246	A	0.988043702329	G	0.00824572253144	4793	16	40	2	4851	74824
UNKNOWN	247	G	0.946402803546	A	0.0393733250876	191	50	4591	19	4851	74824
UNKNOWN	248	C	0.976499690785	T	0.0140177283034	26	4737	20	68	4851	74824
UNKNOWN	249	A	0.987837559266	G	0.0111317254174	4792	5	54	0	4851	74824
UNKNOWN	250	G	0.992784992785	C	0.004329004329	12	21	4816	2	4851	74824
UNKNOWN	251	C	0.990723562152	T	0.00474129045558	5	4806	17	23	4851	74824
UNKNOWN	252	G	0.960626674912	A	0.0350443207586	170	4	4660	17	4851	74824
UNKNOWN	253	T	0.990517419089	C	0.00535971964543	4	26	16	4805	4851	74824
UNKNOWN	254	G	0.960420531849	A	0.0267985982272	130	30	4659	32	4851	74824
UNKNOWN	255	A	0.978354978355	G	0.011544011544	4746	17	56	32	4851	74824
UNKNOWN	256	C	0.991341991342	A	0.00474129045558	23	4809	4	15	4851	74824
UNKNOWN	257	A	0.976293547722	G	0.0177283034426	4736	19	86	10	4851	74824
UNKNOWN	258	A	0.789940218512	C	0.192537621109	3832	934	56	29	4851	74824
UNKNOWN	259	C	0.967429396001	G	0.0154607297464	27	4693	75	56	4851	74824
UNKNOWN	260	T	0.970109255824	C	0.0148423005566	18	72	55	4706	4851	74824
UNKNOWN	261	G	0.991548134405	A	0.00700886415172	34	0	4810	7	4851	74824
UNKNOWN	262	A	0.992372706658	G	0.00597814883529	4814	8	29	0	4851	74824
UNKNOWN	263	G	0.950937950938	A	0.0315398886827	153	47	4613	38	4851	74824
UNKNOWN	264	G	0.993403421975	A	0.00535971964543	26	2	4819	4	4851	74824
UNKNOWN	265	A	0.993815708101	C	0.004329004329	4821	21	5	4	4851	74824
UNKNOWN	266	C	0.988455988456	A	0.00515357658215	25	4795	8	23	4851	74824
UNKNOWN	267	A	0.96990311276	T	0.0183467326324	4705	16	41	89	4851	74824
UNKNOWN	268	C	0.992991135848	G	0.00474129045558	5	4817	23	6	4851	74824
UNKNOWN	269	G	0.967429396001	A	0.0290661719233	141	7	4693	10	4851	74824
UNKNOWN	270	G	0.992784992785	C	0.00350443207586	10	17	4816	8	4851	74824
UNKNOWN	271	C	0.995052566481	A	0.00247371675943	12	4827	7	5	4851	74824
UNKNOWN	272	C	0.992784992785	A	0.00391671820243	19	4816	5	11	4851	74824
UNKNOWN	273	A	0.990311276026	G	0.00556586270872	4804	19	27	1	4851	74824
UNKNOWN	274	C	0.987631416203	A	0.00597814883529	29	4791	18	13	4851	74824
UNKNOWN	275	A	0.977324263039	G	0.011544011544	4741	24	56	30	4851	74824
UNKNOWN	276	T	0.992166563595	A	0.00371057513915	18	9	11	4813	4851	74824
UNKNOWN	277	A	0.993197278912	C	0.00535971964543	4818	26	5	2	4851	74824
UNKNOWN	278	C	0.965574108431	T	0.0329828901257	5	4684	2	160	4851	74824
UNKNOWN	279	T	0.988249845393	C	0.00474129045558	22	23	12	4794	4851	74824
UNKNOWN	280	A	0.978148835292	C	0.0103071531643	4745	50	13	43	4851	74824
UNKNOWN	281	C	0.974850546279	T	0.0222634508349	6	4729	8	108	4851	74824
UNKNOWN	282	T	0.988662131519	G	0.00783343640486	11	6	38	4796	4851	74824
