Type	Position	Nucl1	Freq1	Nucl2	Freq2	NumAs	NumCs	NumGs	NumTs	NumAligned	NumNaive
UNKNOWN	0	C	1.0	A	0.0	0	34250	0	0	34250	187818
UNKNOWN	1	A	1.0	C	0.0	34250	0	0	0	34250	187818
UNKNOWN	2	G	1.0	A	0.0	0	0	34250	0	34250	187818
UNKNOWN	3	G	1.0	A	0.0	0	0	34250	0	34250	187818
UNKNOWN	4	T	1.0	A	0.0	0	0	0	34250	34250	187818
UNKNOWN	5	G	1.0	A	0.0	0	0	34250	0	34250	187818
UNKNOWN	6	C	1.0	A	0.0	0	34250	0	0	34250	187818
UNKNOWN	7	A	0.997051094891	G	0.0021897810219	34149	5	75	21	34250	187818
UNKNOWN	8	G	0.995562043796	A	0.00350364963504	120	22	34098	10	34250	187818
UNKNOWN	9	C	0.996525547445	T	0.00172262773723	34	34131	26	59	34250	187818
UNKNOWN	10	T	0.997868613139	C	0.00204379562044	3	70	0	34177	34250	187818
UNKNOWN	11	G	0.998919708029	A	0.000700729927007	24	3	34213	10	34250	187818
UNKNOWN	12	C	0.998890510949	T	0.00102189781022	1	34212	2	35	34250	187818
UNKNOWN	13	G	0.999299270073	A	0.000671532846715	23	0	34226	1	34250	187818
UNKNOWN	14	G	0.987591240876	C	0.0112408759124	33	385	33825	7	34250	187818
UNKNOWN	15	G	0.998773722628	C	0.000729927007299	10	25	34208	7	34250	187818
UNKNOWN	16	A	0.996846715328	G	0.00186861313869	34142	41	64	3	34250	187818
UNKNOWN	17	G	0.996613138686	A	0.00210218978102	72	35	34134	9	34250	187818
UNKNOWN	18	T	0.997547445255	C	0.00125547445255	2	43	39	34166	34250	187818
UNKNOWN	19	C	0.999532846715	T	0.000350364963504	1	34234	3	12	34250	187818
UNKNOWN	20	G	0.987240875912	A	0.0122919708029	421	10	33813	6	34250	187818
UNKNOWN	21	G	0.99900729927	A	0.000554744525547	19	12	34216	3	34250	187818
UNKNOWN	22	G	0.998919708029	C	0.000408759124088	10	14	34213	13	34250	187818
UNKNOWN	23	C	0.998744525547	T	0.000963503649635	3	34207	7	33	34250	187818
UNKNOWN	24	C	0.999328467153	G	0.00043795620438	0	34227	15	8	34250	187818
UNKNOWN	25	C	0.999474452555	T	0.000496350364964	0	34232	1	17	34250	187818
UNKNOWN	26	C	0.998890510949	A	0.000671532846715	23	34212	1	14	34250	187818
UNKNOWN	27	A	0.996233576642	G	0.00329927007299	34121	11	113	5	34250	187818
UNKNOWN	28	G	0.994569343066	A	0.00402919708029	138	39	34064	9	34250	187818
UNKNOWN	29	C	0.995474452555	T	0.00429197080292	6	34095	2	147	34250	187818
UNKNOWN	30	C	0.998218978102	T	0.00110948905109	11	34189	12	38	34250	187818
UNKNOWN	31	T	0.996759124088	C	0.00201459854015	6	69	36	34139	34250	187818
UNKNOWN	32	G	0.995912408759	A	0.0032700729927	112	14	34110	14	34250	187818
UNKNOWN	33	G	0.996671532847	A	0.00163503649635	56	28	34136	30	34250	187818
UNKNOWN	34	T	0.995824817518	C	0.00303649635036	6	104	33	34107	34250	187818
UNKNOWN	35	G	0.997897810219	A	0.00160583941606	55	7	34178	10	34250	187818
UNKNOWN	36	A	0.995299270073	C	0.00312408759124	34089	107	44	10	34250	187818
UNKNOWN	37	A	0.993226277372	G	0.00470072992701	34018	66	161	5	34250	187818
UNKNOWN	38	G	0.99795620438	C	0.000963503649635	23	33	34180	14	34250	187818
UNKNOWN	39	C	0.998423357664	T	0.00116788321168	5	34196	9	40	34250	187818
UNKNOWN	40	C	0.999416058394	A	0.00029197080292	10	34230	3	7	34250	187818
UNKNOWN	41	C	0.998744525547	T	0.0010802919708	0	34207	6	37	34250	187818
UNKNOWN	42	T	0.996262773723	C	0.00309489051095	15	106	7	34122	34250	187818
UNKNOWN	43	C	0.998423357664	A	0.00137226277372	47	34196	0	7	34250	187818
UNKNOWN	44	A	0.987357664234	T	0.00700729927007	33817	62	131	240	34250	187818
UNKNOWN	45	C	0.99097810219	G	0.00759124087591	38	33941	260	11	34250	187818
UNKNOWN	46	A	0.996437956204	G	0.00233576642336	34128	28	80	14	34250	187818
UNKNOWN	47	G	0.995416058394	A	0.00385401459854	132	18	34093	7	34250	187818
UNKNOWN	48	A	0.994598540146	G	0.00280291970803	34065	81	96	8	34250	187818
UNKNOWN	49	C	0.997751824818	T	0.00128467153285	10	34173	23	44	34250	187818
UNKNOWN	50	C	0.997226277372	T	0.0021897810219	11	34155	9	75	34250	187818
UNKNOWN	51	C	0.998627737226	T	0.000934306569343	5	34203	10	32	34250	187818
UNKNOWN	52	T	0.996437956204	C	0.00344525547445	3	118	1	34128	34250	187818
UNKNOWN	53	C	0.992262773723	G	0.00499270072993	7	33985	171	87	34250	187818
UNKNOWN	54	T	0.995386861314	C	0.00417518248175	4	143	11	34092	34250	187818
UNKNOWN	55	C	0.998452554745	T	0.00105109489051	16	34197	1	36	34250	187818
UNKNOWN	56	C	0.995941605839	T	0.00259854014599	6	34111	44	89	34250	187818
UNKNOWN	57	C	0.99401459854	G	0.00470072992701	2	34045	161	42	34250	187818
UNKNOWN	58	T	0.996642335766	C	0.0029197080292	15	100	0	34135	34250	187818
UNKNOWN	59	C	0.997489051095	A	0.00137226277372	47	34164	5	34	34250	187818
UNKNOWN	60	A	0.993547445255	C	0.00315328467153	34029	108	105	8	34250	187818
UNKNOWN	61	C	0.998510948905	T	0.000905109489051	4	34199	16	31	34250	187818
UNKNOWN	62	C	0.995153284672	T	0.00265693430657	23	34084	52	91	34250	187818
UNKNOWN	63	T	0.99702189781	C	0.0018102189781	4	62	36	34148	34250	187818
UNKNOWN	64	G	0.998335766423	C	0.000963503649635	16	33	34193	8	34250	187818
UNKNOWN	65	C	0.997372262774	T	0.00154744525547	34	34160	3	53	34250	187818
UNKNOWN	66	A	0.992875912409	G	0.00490510948905	34006	61	168	15	34250	187818
UNKNOWN	67	C	0.992204379562	T	0.00578102189781	4	33983	65	198	34250	187818
UNKNOWN	68	G	0.992	A	0.00648175182482	222	43	33976	9	34250	187818
UNKNOWN	69	G	0.983357664234	A	0.0137810218978	472	39	33680	59	34250	187818
UNKNOWN	70	T	0.991065693431	C	0.00788321167883	4	270	32	33944	34250	187818
UNKNOWN	71	C	0.983357664234	G	0.00919708029197	68	33680	315	187	34250	187818
UNKNOWN	72	T	0.995678832117	C	0.00286131386861	4	98	46	34102	34250	187818
UNKNOWN	73	C	0.99696350365	T	0.00289051094891	2	34146	3	99	34250	187818
UNKNOWN	74	T	0.990218978102	C	0.00499270072993	29	171	135	33915	34250	187818
UNKNOWN	75	G	0.99395620438	A	0.00563503649635	193	11	34043	3	34250	187818
UNKNOWN	76	G	0.987299270073	A	0.00975182481752	334	90	33815	11	34250	187818
UNKNOWN	77	A	0.981518248175	T	0.00794160583942	33617	133	228	272	34250	187818
UNKNOWN	78	T	0.989693430657	C	0.00610218978102	31	209	113	33897	34250	187818
UNKNOWN	79	T	0.991708029197	C	0.00677372262774	10	232	42	33966	34250	187818
UNKNOWN	80	C	0.981459854015	T	0.0102773722628	85	33615	198	352	34250	187818
UNKNOWN	81	T	0.993635036496	C	0.00531386861314	25	182	11	34032	34250	187818
UNKNOWN	82	C	0.994890510949	T	0.00379562043796	41	34075	4	130	34250	187818
UNKNOWN	83	A	0.992846715328	G	0.00283211678832	34005	70	97	78	34250	187818
UNKNOWN	84	T	0.984525547445	C	0.00738686131387	88	253	189	33720	34250	187818
UNKNOWN	85	T	0.995474452555	C	0.00271532846715	44	93	18	34095	34250	187818
UNKNOWN	86	A	0.972671532847	G	0.0216642335766	33314	167	742	27	34250	187818
UNKNOWN	87	A	0.97503649635	G	0.0200583941606	33395	155	687	13	34250	187818
UNKNOWN	88	G	0.973138686131	A	0.0169635036496	581	244	33330	95	34250	187818
UNKNOWN	89	C	0.951766423358	T	0.0328467153285	116	32598	411	1125	34250	187818
UNKNOWN	90	G	0.945401459854	A	0.0334890510949	1147	211	32380	512	34250	187818
UNKNOWN	91	A	0.878948905109	G	0.0511824817518	30104	1578	1753	815	34250	187818
UNKNOWN	92	T	0.899182481752	C	0.0450510948905	731	1543	1179	30797	34250	187818
UNKNOWN	93	A	0.873781021898	G	0.0676496350365	29927	668	2317	1338	34250	187818
UNKNOWN	94	A	0.93004379562	G	0.0352116788321	31854	514	1206	676	34250	187818
UNKNOWN	95	T	0.93804379562	G	0.0302773722628	634	451	1037	32128	34250	187818
UNKNOWN	96	A	0.87900729927	G	0.0774598540146	30106	1071	2653	420	34250	187818
UNKNOWN	97	G	0.528350364964	A	0.277722627737	9512	5066	18096	1576	34250	187818
UNKNOWN	98	T	0.969897810219	C	0.0131678832117	219	451	361	33219	34250	187818
UNKNOWN	99	G	0.962131386861	A	0.030598540146	1048	38	32953	211	34250	187818
UNKNOWN	100	T	0.988554744526	C	0.00925547445255	50	317	25	33858	34250	187818
UNKNOWN	101	A	0.944262773723	G	0.0428613138686	32341	192	1468	249	34250	187818
UNKNOWN	102	G	0.944875912409	A	0.0377518248175	1293	410	32362	185	34250	187818
UNKNOWN	103	G	0.795357664234	A	0.139270072993	4770	1381	27241	858	34250	187818
UNKNOWN	104	C	0.973576642336	T	0.0125839416058	146	33345	328	431	34250	187818
UNKNOWN	105	T	0.995766423358	G	0.00265693430657	6	48	91	34105	34250	187818
UNKNOWN	106	G	0.998335766423	T	0.00110948905109	15	4	34193	38	34250	187818
UNKNOWN	107	G	0.997693430657	C	0.000934306569343	28	32	34171	19	34250	187818
UNKNOWN	108	G	0.98102189781	A	0.00989781021898	339	214	33600	97	34250	187818
UNKNOWN	109	T	0.993810218978	C	0.00516788321168	9	177	26	34038	34250	187818
UNKNOWN	110	C	0.995240875912	T	0.00248175182482	16	34087	62	85	34250	187818
UNKNOWN	111	C	0.997693430657	G	0.00172262773723	5	34171	59	15	34250	187818
UNKNOWN	112	G	0.997197080292	C	0.00183941605839	30	63	34154	3	34250	187818
UNKNOWN	113	C	0.995124087591	T	0.00204379562044	29	34083	68	70	34250	187818
UNKNOWN	114	C	0.997284671533	A	0.00192700729927	66	34157	11	16	34250	187818
UNKNOWN	115	A	0.992934306569	G	0.0058102189781	34008	31	199	12	34250	187818
UNKNOWN	116	G	0.998189781022	A	0.00119708029197	41	9	34188	12	34250	187818
UNKNOWN	117	G	0.990306569343	A	0.00630656934307	216	91	33918	25	34250	187818
UNKNOWN	118	C	0.996291970803	T	0.00242335766423	17	34123	27	83	34250	187818
UNKNOWN	119	T	0.991824817518	C	0.00624817518248	22	214	44	33970	34250	187818
UNKNOWN	120	C	0.997489051095	T	0.00110948905109	33	34164	15	38	34250	187818
UNKNOWN	121	C	0.995941605839	A	0.00309489051095	106	34111	21	12	34250	187818
UNKNOWN	122	A	0.989197080292	G	0.00875912408759	33880	54	300	16	34250	187818
UNKNOWN	123	G	0.992846715328	A	0.00470072992701	161	80	34005	4	34250	187818
UNKNOWN	124	G	0.995678832117	A	0.00367883211679	126	11	34102	11	34250	187818
UNKNOWN	125	A	0.981897810219	G	0.0135766423358	33630	116	465	39	34250	187818
UNKNOWN	126	A	0.994890510949	G	0.00356204379562	34075	51	122	2	34250	187818
UNKNOWN	127	A	0.99097810219	G	0.0076496350365	33941	40	262	7	34250	187818
UNKNOWN	128	G	0.998248175182	C	0.000963503649635	24	33	34190	3	34250	187818
UNKNOWN	129	G	0.98995620438	A	0.00519708029197	178	144	33906	22	34250	187818
UNKNOWN	130	C	0.996	G	0.00248175182482	6	34113	85	46	34250	187818
UNKNOWN	131	G	0.984321167883	A	0.0114160583942	391	113	33713	33	34250	187818
UNKNOWN	132	C	0.994656934307	T	0.00373722627737	26	34067	29	128	34250	187818
UNKNOWN	133	T	0.988525547445	C	0.00531386861314	29	182	182	33857	34250	187818
UNKNOWN	134	G	0.99004379562	A	0.00802919708029	275	34	33909	32	34250	187818
UNKNOWN	135	G	0.994569343066	A	0.00303649635036	104	70	34064	12	34250	187818
UNKNOWN	136	A	0.99395620438	G	0.00467153284672	34043	30	160	17	34250	187818
UNKNOWN	137	G	0.983795620438	A	0.0103941605839	356	107	33695	92	34250	187818
UNKNOWN	138	T	0.992934306569	G	0.00347445255474	16	107	119	34008	34250	187818
UNKNOWN	139	G	0.995562043796	C	0.00230656934307	44	79	34098	29	34250	187818
UNKNOWN	140	G	0.989255474453	C	0.00621897810219	52	213	33882	103	34250	187818
UNKNOWN	141	C	0.986627737226	G	0.00820437956204	66	33792	281	111	34250	187818
UNKNOWN	142	T	0.994072992701	C	0.00397080291971	21	136	46	34047	34250	187818
UNKNOWN	143	C	0.989664233577	T	0.00636496350365	26	33896	110	218	34250	187818
UNKNOWN	144	G	0.993722627737	A	0.00528467153285	181	6	34035	28	34250	187818
UNKNOWN	145	G	0.97699270073	C	0.0159708029197	130	547	33462	111	34250	187818
UNKNOWN	146	T	0.979620437956	G	0.0105401459854	125	212	361	33552	34250	187818
UNKNOWN	147	G	0.878569343066	A	0.0801459854015	2745	603	30091	811	34250	187818
UNKNOWN	148	T	0.899357664234	A	0.040496350365	1387	1024	1036	30803	34250	187818
UNKNOWN	149	C	0.892817518248	T	0.0610802919708	881	30579	698	2092	34250	187818
UNKNOWN	150	A	0.958423357664	G	0.0349489051095	32826	67	1197	160	34250	187818
UNKNOWN	151	T	0.967503649635	G	0.0157372262774	267	307	539	33137	34250	187818
UNKNOWN	152	A	0.887854014599	G	0.0599708029197	30409	538	2054	1249	34250	187818
UNKNOWN	153	T	0.827357664234	G	0.0766423357664	1504	1784	2625	28337	34250	187818
UNKNOWN	154	A	0.864934306569	G	0.0753868613139	29624	512	2582	1532	34250	187818
UNKNOWN	155	T	0.937664233577	G	0.0295182481752	182	942	1011	32115	34250	187818
UNKNOWN	156	A	0.86397080292	G	0.109226277372	29591	586	3741	332	34250	187818
UNKNOWN	157	G	0.844613138686	A	0.0670364963504	2296	2059	28928	967	34250	187818
UNKNOWN	158	T	0.953167883212	G	0.0231532846715	431	380	793	32646	34250	187818
UNKNOWN	159	G	0.780116788321	A	0.165547445255	5670	1238	26719	623	34250	187818
UNKNOWN	160	G	0.841635036496	A	0.097401459854	3336	1421	28826	667	34250	187818
UNKNOWN	161	T	0.956321167883	G	0.0202919708029	276	525	695	32754	34250	187818
UNKNOWN	162	G	0.986306569343	A	0.0123211678832	422	32	33781	15	34250	187818
UNKNOWN	163	G	0.980437956204	A	0.0138394160584	474	117	33580	79	34250	187818
UNKNOWN	164	A	0.960058394161	G	0.0281167883212	32882	183	963	222	34250	187818
UNKNOWN	165	A	0.891883211679	G	0.0919416058394	30547	235	3149	319	34250	187818
UNKNOWN	166	G	0.70496350365	A	0.17197080292	5890	2602	24145	1613	34250	187818
UNKNOWN	167	C	0.900291970803	T	0.0543649635036	704	30835	849	1862	34250	187818
UNKNOWN	168	A	0.960058394161	G	0.0305109489051	32882	220	1045	103	34250	187818
UNKNOWN	169	C	0.974890510949	T	0.0130802919708	226	33390	186	448	34250	187818
UNKNOWN	170	A	0.974890510949	G	0.0137226277372	33390	137	470	253	34250	187818
UNKNOWN	171	G	0.93004379562	A	0.0378394160584	1296	667	31854	433	34250	187818
UNKNOWN	172	G	0.676233576642	A	0.254715328467	8724	1281	23161	1084	34250	187818
UNKNOWN	173	C	0.961664233577	G	0.0219854014599	226	32937	753	334	34250	187818
UNKNOWN	174	T	0.985109489051	A	0.00703649635036	241	171	98	33740	34250	187818
UNKNOWN	175	A	0.985635036496	T	0.00779562043796	33758	137	88	267	34250	187818
UNKNOWN	176	T	0.977167883212	C	0.0182189781022	127	624	31	33468	34250	187818
UNKNOWN	177	A	0.982452554745	G	0.00846715328467	33649	255	290	56	34250	187818
UNKNOWN	178	A	0.978919708029	G	0.0114160583942	33528	307	391	24	34250	187818
UNKNOWN	179	C	0.911649635036	T	0.0678832116788	128	31224	573	2325	34250	187818
UNKNOWN	180	C	0.959532846715	T	0.0217810218978	178	32864	462	746	34250	187818
UNKNOWN	181	C	0.987766423358	A	0.00470072992701	161	33831	100	158	34250	187818
UNKNOWN	182	A	0.983883211679	G	0.00843795620438	33698	220	289	43	34250	187818
UNKNOWN	183	G	0.979153284672	A	0.0123503649635	423	170	33536	121	34250	187818
UNKNOWN	184	C	0.985401459854	T	0.00794160583942	84	33750	144	272	34250	187818
UNKNOWN	185	C	0.99696350365	T	0.00166423357664	27	34146	20	57	34250	187818
UNKNOWN	186	C	0.994364963504	T	0.004	20	34057	36	137	34250	187818
UNKNOWN	187	T	0.991737226277	G	0.00405839416058	86	58	139	33967	34250	187818
UNKNOWN	188	G	0.983240875912	A	0.0103941605839	356	68	33676	150	34250	187818
UNKNOWN	189	A	0.986715328467	G	0.00875912408759	33795	107	300	48	34250	187818
UNKNOWN	190	A	0.985518248175	G	0.00668613138686	33754	214	229	53	34250	187818
UNKNOWN	191	A	0.985051094891	C	0.00665693430657	33738	228	159	125	34250	187818
UNKNOWN	192	T	0.987883211679	C	0.008	67	274	74	33835	34250	187818
UNKNOWN	193	C	0.997284671533	T	0.00172262773723	18	34157	16	59	34250	187818
UNKNOWN	194	C	0.990802919708	T	0.00423357664234	49	33935	121	145	34250	187818
UNKNOWN	195	C	0.993722627737	G	0.00385401459854	64	34035	132	19	34250	187818
UNKNOWN	196	G	0.994569343066	C	0.00236496350365	66	81	34064	39	34250	187818
UNKNOWN	197	G	0.946072992701	A	0.0379562043796	1300	275	32403	272	34250	187818
UNKNOWN	198	C	0.992759124088	T	0.0043795620438	46	34002	52	150	34250	187818
UNKNOWN	199	T	0.990744525547	C	0.00510948905109	76	175	66	33933	34250	187818
UNKNOWN	200	C	0.992671532847	A	0.00464233576642	159	33999	35	57	34250	187818
UNKNOWN	201	A	0.986335766423	G	0.010102189781	33782	110	346	12	34250	187818
UNKNOWN	202	G	0.977109489051	C	0.0150364963504	147	515	33466	122	34250	187818
UNKNOWN	203	C	0.968379562044	T	0.0194744525547	266	33167	150	667	34250	187818
UNKNOWN	204	A	0.983766423358	G	0.00875912408759	33694	73	300	183	34250	187818
UNKNOWN	205	T	0.989313868613	C	0.00583941605839	69	200	97	33884	34250	187818
UNKNOWN	206	C	0.988729927007	T	0.00636496350365	144	33864	24	218	34250	187818
UNKNOWN	207	A	0.984408759124	G	0.00802919708029	33716	218	275	41	34250	187818
UNKNOWN	208	C	0.987678832117	G	0.00551824817518	86	33828	189	147	34250	187818
UNKNOWN	209	C	0.967270072993	T	0.0127883211679	248	33129	435	438	34250	187818
UNKNOWN	210	A	0.991357664234	G	0.00449635036496	33954	134	154	8	34250	187818
UNKNOWN	211	A	0.983824817518	G	0.013401459854	33696	74	459	21	34250	187818
UNKNOWN	212	G	0.988642335766	A	0.0076496350365	262	94	33861	33	34250	187818
UNKNOWN	213	G	0.988233576642	A	0.00899270072993	308	62	33847	33	34250	187818
UNKNOWN	214	A	0.989664233577	C	0.00563503649635	33896	193	115	46	34250	187818
UNKNOWN	215	C	0.986335766423	A	0.0047299270073	162	33782	145	161	34250	187818
UNKNOWN	216	A	0.985781021898	G	0.00910948905109	33763	121	312	54	34250	187818
UNKNOWN	217	A	0.978072992701	G	0.0141313868613	33499	186	484	81	34250	187818
UNKNOWN	218	C	0.978686131387	T	0.0126423357664	27	33520	270	433	34250	187818
UNKNOWN	219	T	0.98499270073	C	0.00703649635036	140	241	133	33736	34250	187818
UNKNOWN	220	C	0.992759124088	A	0.00388321167883	133	34002	12	103	34250	187818
UNKNOWN	221	C	0.990364963504	A	0.00475912408759	163	33920	44	123	34250	187818
UNKNOWN	222	A	0.98797080292	G	0.00633576642336	33838	191	217	4	34250	187818
UNKNOWN	223	A	0.977868613139	G	0.0187445255474	33492	70	642	46	34250	187818
UNKNOWN	224	G	0.987532846715	A	0.00750364963504	257	142	33823	28	34250	187818
UNKNOWN	225	A	0.985051094891	G	0.00884671532847	33738	175	303	34	34250	187818
UNKNOWN	226	G	0.953343065693	A	0.0372846715328	1277	286	32652	35	34250	187818
UNKNOWN	227	C	0.969109489051	T	0.0229781021898	150	33192	121	787	34250	187818
UNKNOWN	228	C	0.989518248175	A	0.00557664233577	191	33891	148	20	34250	187818
UNKNOWN	229	A	0.985781021898	G	0.00782481751825	33763	106	268	113	34250	187818
UNKNOWN	230	A	0.967328467153	G	0.0277080291971	33131	87	949	83	34250	187818
UNKNOWN	231	G	0.970540145985	A	0.0118540145985	406	324	33241	279	34250	187818
UNKNOWN	232	T	0.988729927007	C	0.00928467153285	20	318	48	33864	34250	187818
UNKNOWN	233	C	0.956613138686	G	0.0250802919708	70	32764	859	557	34250	187818
UNKNOWN	234	T	0.986160583942	C	0.00674452554745	78	231	165	33776	34250	187818
UNKNOWN	235	C	0.99097810219	T	0.00788321167883	20	33941	19	270	34250	187818
UNKNOWN	236	T	0.979240875912	C	0.0123795620438	115	424	172	33539	34250	187818
UNKNOWN	237	C	0.988934306569	T	0.0058102189781	64	33871	116	199	34250	187818
UNKNOWN	238	T	0.993693430657	A	0.00324087591241	111	69	36	34034	34250	187818
UNKNOWN	239	A	0.897751824818	G	0.0849927007299	30748	317	2911	274	34250	187818
UNKNOWN	240	T	0.980642335766	G	0.00829197080292	175	204	284	33587	34250	187818
UNKNOWN	241	C	0.97795620438	T	0.0175474452555	139	33495	15	601	34250	187818
UNKNOWN	242	A	0.97900729927	G	0.00966423357664	33531	289	331	99	34250	187818
UNKNOWN	243	C	0.956496350365	G	0.0274744525547	122	32760	941	427	34250	187818
UNKNOWN	244	T	0.992905109489	G	0.00420437956204	54	45	144	34007	34250	187818
UNKNOWN	245	G	0.96496350365	A	0.0213722627737	732	271	33050	197	34250	187818
UNKNOWN	246	A	0.978540145985	G	0.0154744525547	33515	177	530	28	34250	187818
UNKNOWN	247	G	0.957868613139	A	0.0197664233577	677	579	32807	187	34250	187818
UNKNOWN	248	C	0.969547445255	T	0.0171094890511	214	33207	243	586	34250	187818
UNKNOWN	249	A	0.980321167883	G	0.0145693430657	33576	154	499	21	34250	187818
UNKNOWN	250	G	0.98402919708	C	0.0105401459854	125	361	33703	61	34250	187818
UNKNOWN	251	C	0.985722627737	T	0.00881751824818	35	33761	152	302	34250	187818
UNKNOWN	252	G	0.982306569343	A	0.0090802919708	311	105	33644	190	34250	187818
UNKNOWN	253	T	0.987416058394	C	0.00677372262774	40	232	159	33819	34250	187818
UNKNOWN	254	G	0.953576642336	A	0.0303649635036	1040	212	32660	338	34250	187818
UNKNOWN	255	A	0.975094890511	G	0.016204379562	33397	151	555	147	34250	187818
UNKNOWN	256	C	0.98703649635	A	0.00610218978102	209	33806	122	113	34250	187818
UNKNOWN	257	A	0.944583941606	G	0.0389197080292	32352	283	1333	282	34250	187818
UNKNOWN	258	A	0.935240875912	C	0.0306569343066	32032	1050	981	187	34250	187818
UNKNOWN	259	C	0.959299270073	G	0.0216350364964	155	32856	741	498	34250	187818
UNKNOWN	260	T	0.963386861314	G	0.0158832116788	171	539	544	32996	34250	187818
UNKNOWN	261	G	0.99103649635	A	0.00627737226277	215	41	33943	51	34250	187818
UNKNOWN	262	A	0.98604379562	G	0.0101313868613	33772	116	347	15	34250	187818
UNKNOWN	263	G	0.955620437956	A	0.0245547445255	841	497	32730	182	34250	187818
UNKNOWN	264	G	0.98998540146	A	0.00718248175182	246	44	33907	53	34250	187818
UNKNOWN	265	A	0.989868613139	C	0.00560583941606	33903	192	136	19	34250	187818
UNKNOWN	266	C	0.988759124088	A	0.00540145985401	185	33865	59	141	34250	187818
UNKNOWN	267	A	0.975591240876	G	0.0126715328467	33414	136	434	266	34250	187818
UNKNOWN	268	C	0.990540145985	G	0.0061897810219	53	33926	212	59	34250	187818
UNKNOWN	269	G	0.990948905109	C	0.0032700729927	111	112	33940	87	34250	187818
UNKNOWN	270	G	0.991532846715	C	0.00420437956204	98	144	33960	48	34250	187818
UNKNOWN	271	C	0.992583941606	A	0.00391240875912	134	33996	84	36	34250	187818
UNKNOWN	272	C	0.990510948905	A	0.00540145985401	185	33925	55	85	34250	187818
UNKNOWN	273	A	0.986277372263	G	0.00694890510949	33780	142	238	90	34250	187818
UNKNOWN	274	C	0.98397080292	A	0.00662773722628	227	33701	131	191	34250	187818
UNKNOWN	275	A	0.964554744526	G	0.018102189781	33036	155	620	439	34250	187818
UNKNOWN	276	T	0.986481751825	G	0.00487591240876	142	154	167	33787	34250	187818
UNKNOWN	277	A	0.989635036496	C	0.00525547445255	33895	180	96	79	34250	187818
UNKNOWN	278	C	0.952729927007	T	0.044	85	32631	27	1507	34250	187818
UNKNOWN	279	T	0.978948905109	C	0.00849635036496	189	291	241	33529	34250	187818
UNKNOWN	280	A	0.972934306569	T	0.0142189781022	33323	282	158	487	34250	187818
UNKNOWN	281	C	0.968145985401	T	0.0289343065693	36	33159	64	991	34250	187818
UNKNOWN	282	T	0.987766423358	G	0.00960583941606	57	33	329	33831	34250	187818
