Type	Position	Nucl1	Freq1	Nucl2	Freq2	NumAs	NumCs	NumGs	NumTs	NumAligned	NumNaive
UNKNOWN	0	C	1.0	A	0.0	0	36476	0	0	36476	282984
UNKNOWN	1	A	1.0	C	0.0	36476	0	0	0	36476	282984
UNKNOWN	2	G	1.0	A	0.0	0	0	36476	0	36476	282984
UNKNOWN	3	G	1.0	A	0.0	0	0	36476	0	36476	282984
UNKNOWN	4	T	1.0	A	0.0	0	0	0	36476	36476	282984
UNKNOWN	5	G	1.0	A	0.0	0	0	36476	0	36476	282984
UNKNOWN	6	C	1.0	A	0.0	0	36476	0	0	36476	282984
UNKNOWN	7	A	0.996463428007	G	0.00279635924992	36347	12	102	15	36476	282984
UNKNOWN	8	G	0.991830244544	A	0.00638776181599	233	56	36178	9	36476	282984
UNKNOWN	9	C	0.997614870052	T	0.00211097708082	3	36389	7	77	36476	282984
UNKNOWN	10	T	0.998382498081	C	0.00145301019849	4	53	2	36417	36476	282984
UNKNOWN	11	G	0.997806777059	A	0.00169974777936	62	7	36396	11	36476	282984
UNKNOWN	12	C	0.998875973243	T	0.000575721022042	17	36435	3	21	36476	282984
UNKNOWN	13	G	0.998190591074	A	0.00139817962496	51	7	36410	8	36476	282984
UNKNOWN	14	G	0.980973790986	C	0.0173538765215	47	633	35782	14	36476	282984
UNKNOWN	15	G	0.998793727382	C	0.000575721022042	15	21	36432	8	36476	282984
UNKNOWN	16	A	0.996024783419	G	0.00219322294111	36331	58	80	7	36476	282984
UNKNOWN	17	G	0.996408597434	A	0.00216580765435	79	33	36345	19	36476	282984
UNKNOWN	18	T	0.997148810177	C	0.00241254523522	5	88	11	36372	36476	282984
UNKNOWN	19	C	0.998766312096	T	0.000657966882334	9	36431	12	24	36476	282984
UNKNOWN	20	G	0.997505208904	A	0.00178199363965	65	11	36385	15	36476	282984
UNKNOWN	21	G	0.997450378331	C	0.00205614650729	7	75	36383	11	36476	282984
UNKNOWN	22	G	0.997998684066	C	0.00126110319114	15	46	36403	12	36476	282984
UNKNOWN	23	C	0.998903388529	T	0.0009869503235	3	36436	1	36	36476	282984
UNKNOWN	24	C	0.999479109551	A	0.000301568154403	11	36457	0	8	36476	282984
UNKNOWN	25	C	0.999232371971	T	0.000328983441167	8	36448	8	12	36476	282984
UNKNOWN	26	C	0.998272836934	A	0.000932119749973	34	36413	4	25	36476	282984
UNKNOWN	27	A	0.995750630552	G	0.00315275797785	36321	33	115	7	36476	282984
UNKNOWN	28	G	0.994599188508	A	0.00345432613225	126	66	36279	5	36476	282984
UNKNOWN	29	C	0.997176225463	T	0.00243996052199	10	36373	4	89	36476	282984
UNKNOWN	30	C	0.998629235662	T	0.00106919618379	9	36426	2	39	36476	282984
UNKNOWN	31	T	0.996984318456	C	0.00153525605878	4	56	50	36366	36476	282984
UNKNOWN	32	G	0.992817194868	A	0.00435903059546	159	77	36214	26	36476	282984
UNKNOWN	33	G	0.995668384691	A	0.00189165478671	69	46	36318	43	36476	282984
UNKNOWN	34	T	0.995695799978	C	0.00315275797785	5	115	37	36319	36476	282984
UNKNOWN	35	G	0.996737580875	A	0.00246737580875	90	12	36357	17	36476	282984
UNKNOWN	36	A	0.996490843294	C	0.00191907007347	36348	70	42	16	36476	282984
UNKNOWN	37	A	0.992186643272	G	0.0056201337866	36191	71	205	9	36476	282984
UNKNOWN	38	G	0.997477793618	C	0.00117885733085	42	43	36384	7	36476	282984
UNKNOWN	39	C	0.994955587235	T	0.00361881785283	35	36292	17	132	36476	282984
UNKNOWN	40	C	0.998519574515	G	0.000932119749973	6	36422	34	14	36476	282984
UNKNOWN	41	G	0.882525496217	C	0.111223818401	144	4057	32191	84	36476	282984
UNKNOWN	42	T	0.993749314618	C	0.00452352231604	28	165	35	36248	36476	282984
UNKNOWN	43	C	0.994873341375	T	0.00386555543371	43	36289	3	141	36476	282984
UNKNOWN	44	A	0.994434696787	G	0.00285118982345	36273	80	104	19	36476	282984
UNKNOWN	45	C	0.99728588661	A	0.00117885733085	43	36377	36	20	36476	282984
UNKNOWN	46	A	0.995394231824	G	0.00252220638228	36308	67	92	9	36476	282984
UNKNOWN	47	G	0.995531308257	A	0.00309792740432	113	30	36313	20	36476	282984
UNKNOWN	48	A	0.994818510802	C	0.00233029937493	36287	85	77	27	36476	282984
UNKNOWN	49	C	0.997477793618	T	0.00142559491172	5	36384	35	52	36476	282984
UNKNOWN	50	C	0.997093979603	T	0.00189165478671	22	36370	15	69	36476	282984
UNKNOWN	51	C	0.997422963044	T	0.00202873122053	17	36382	3	74	36476	282984
UNKNOWN	52	T	0.995586138831	C	0.00397521658077	9	145	7	36315	36476	282984
UNKNOWN	53	C	0.988787147714	G	0.0095679350806	14	36067	349	46	36476	282984
UNKNOWN	54	T	0.995503892971	C	0.00359140256607	10	131	23	36312	36476	282984
UNKNOWN	55	C	0.998163175787	T	0.000959535036736	29	36409	3	35	36476	282984
UNKNOWN	56	C	0.997093979603	T	0.00150784077201	7	36370	44	55	36476	282984
UNKNOWN	57	C	0.996792411449	T	0.00172716306613	15	36359	39	63	36476	282984
UNKNOWN	58	T	0.995832876412	C	0.00389297072047	6	142	4	36324	36476	282984
UNKNOWN	59	C	0.997477793618	A	0.00120627261761	44	36384	9	39	36476	282984
UNKNOWN	60	A	0.994133128633	G	0.00282377453668	36262	97	103	14	36476	282984
UNKNOWN	61	C	0.995640969405	T	0.00359140256607	4	36317	24	131	36476	282984
UNKNOWN	62	C	0.992707533721	T	0.00501699747779	29	36210	54	183	36476	282984
UNKNOWN	63	T	0.995997368132	C	0.00252220638228	7	92	47	36330	36476	282984
UNKNOWN	64	G	0.997751946485	C	0.00134334905143	25	49	36394	8	36476	282984
UNKNOWN	65	C	0.994763680228	T	0.00405746244106	43	36285	0	148	36476	282984
UNKNOWN	66	A	0.993420331177	C	0.00290602039697	36236	106	89	45	36476	282984
UNKNOWN	67	C	0.99448952736	T	0.00323500383814	3	36275	80	118	36476	282984
UNKNOWN	68	G	0.984428117118	A	0.0134060752275	489	55	35908	24	36476	282984
UNKNOWN	69	G	0.969952845707	A	0.0250301568154	913	88	35380	95	36476	282984
UNKNOWN	70	T	0.989554775743	C	0.0089647987718	10	327	44	36095	36476	282984
UNKNOWN	71	C	0.985826296743	T	0.0069086522645	51	35959	214	252	36476	282984
UNKNOWN	72	T	0.995202324816	C	0.00411229301458	6	150	19	36301	36476	282984
UNKNOWN	73	C	0.997505208904	T	0.00205614650729	14	36385	2	75	36476	282984
UNKNOWN	74	T	0.991665752824	G	0.003947801294	23	137	144	36172	36476	282984
UNKNOWN	75	G	0.995503892971	A	0.00411229301458	150	5	36312	9	36476	282984
UNKNOWN	76	G	0.989280622875	A	0.0082794166027	302	57	36085	32	36476	282984
UNKNOWN	77	A	0.988869393574	C	0.00520890448514	36070	190	122	94	36476	282984
UNKNOWN	78	T	0.989088715868	C	0.00501699747779	79	183	136	36078	36476	282984
UNKNOWN	79	T	0.993804145191	C	0.00485250575721	20	177	29	36250	36476	282984
UNKNOWN	80	C	0.988430748986	T	0.00707314398509	56	36054	108	258	36476	282984
UNKNOWN	81	T	0.993776729905	C	0.00353657199254	24	129	74	36249	36476	282984
UNKNOWN	82	C	0.99618927514	T	0.00202873122053	57	36337	8	74	36476	282984
UNKNOWN	83	A	0.992734949008	G	0.00260445224257	36211	80	95	90	36476	282984
UNKNOWN	84	T	0.992817194868	C	0.00529115034543	33	193	36	36214	36476	282984
UNKNOWN	85	T	0.99533940125	C	0.00260445224257	18	95	57	36306	36476	282984
UNKNOWN	86	G	0.985442482728	A	0.0122546331835	447	20	35945	64	36476	282984
UNKNOWN	87	A	0.991665752824	G	0.0052363197719	36172	101	191	12	36476	282984
UNKNOWN	88	G	0.96425046606	A	0.0260993529992	952	282	35172	70	36476	282984
UNKNOWN	89	C	0.983770150236	T	0.00847132361004	85	35884	198	309	36476	282984
UNKNOWN	90	G	0.957917534817	A	0.0386007237636	1408	91	34941	36	36476	282984
UNKNOWN	91	A	0.970446320869	G	0.0234400701831	35398	184	855	39	36476	282984
UNKNOWN	92	C	0.978451584604	T	0.0115144204408	114	35690	252	420	36476	282984
UNKNOWN	93	A	0.957067660928	T	0.029498848558	34910	167	323	1076	36476	282984
UNKNOWN	94	A	0.983276675074	G	0.00951310450707	35866	202	347	61	36476	282984
UNKNOWN	95	G	0.944730781884	T	0.0466059874986	203	113	34460	1700	36476	282984
UNKNOWN	96	G	0.935848228972	A	0.0482783199912	1761	342	34136	237	36476	282984
UNKNOWN	97	C	0.97077530431	T	0.0113499287203	243	35410	409	414	36476	282984
UNKNOWN	98	T	0.980562561684	G	0.0141737032569	30	162	517	35767	36476	282984
UNKNOWN	99	G	0.983331505648	A	0.0131045070731	478	14	35868	116	36476	282984
UNKNOWN	100	T	0.9944072815	C	0.00342691084549	65	125	14	36272	36476	282984
UNKNOWN	101	A	0.983633073802	G	0.0104726395438	35879	163	382	52	36476	282984
UNKNOWN	102	G	0.986319771905	A	0.0116514968747	425	51	35977	23	36476	282984
UNKNOWN	103	G	0.973434587126	A	0.017189384801	627	235	35507	107	36476	282984
UNKNOWN	104	C	0.988814563	T	0.00688123697774	50	36068	107	251	36476	282984
UNKNOWN	105	T	0.995695799978	G	0.00241254523522	5	64	88	36319	36476	282984
UNKNOWN	106	G	0.998574405088	A	0.000657966882334	24	10	36424	18	36476	282984
UNKNOWN	107	G	0.997998684066	A	0.000767628029389	28	20	36403	25	36476	282984
UNKNOWN	108	G	0.990130496765	A	0.00682640640421	249	42	36116	69	36476	282984
UNKNOWN	109	T	0.994133128633	C	0.00474284461015	9	173	32	36262	36476	282984
UNKNOWN	110	C	0.998300252221	T	0.00106919618379	12	36414	11	39	36476	282984
UNKNOWN	111	C	0.997340717184	G	0.00175457835289	5	36379	64	28	36476	282984
UNKNOWN	112	G	0.997066564316	C	0.001973900647	23	72	36369	12	36476	282984
UNKNOWN	113	C	0.997751946485	T	0.00137076433819	30	36394	2	50	36476	282984
UNKNOWN	114	C	0.997093979603	A	0.00211097708082	77	36370	9	20	36476	282984
UNKNOWN	115	A	0.98788244325	G	0.00965018094089	36034	70	352	20	36476	282984
UNKNOWN	116	G	0.997806777059	A	0.00109661147056	40	27	36396	13	36476	282984
UNKNOWN	117	G	0.992844610155	C	0.00328983441167	118	120	36215	23	36476	282984
UNKNOWN	118	C	0.99542164711	T	0.00331724969843	13	36309	33	121	36476	282984
UNKNOWN	119	T	0.992214058559	C	0.00570237964689	14	208	62	36192	36476	282984
UNKNOWN	120	C	0.996573089155	A	0.00150784077201	55	36351	38	32	36476	282984
UNKNOWN	121	C	0.996408597434	A	0.00241254523522	88	36345	18	25	36476	282984
UNKNOWN	122	A	0.989253207589	G	0.00751178857331	36084	101	274	17	36476	282984
UNKNOWN	123	G	0.99805351464	A	0.00101436561026	37	18	36405	16	36476	282984
UNKNOWN	124	G	0.996326351574	C	0.00153525605878	50	56	36342	28	36476	282984
UNKNOWN	125	G	0.989527360456	A	0.00951310450707	347	23	36094	12	36476	282984
UNKNOWN	126	A	0.993804145191	C	0.0032624191249	36250	119	98	9	36476	282984
UNKNOWN	127	A	0.990486895493	G	0.00666191468363	36129	87	243	17	36476	282984
UNKNOWN	128	G	0.997998684066	C	0.000904704463209	31	33	36403	9	36476	282984
UNKNOWN	129	G	0.990733633074	C	0.00553788792631	118	202	36138	18	36476	282984
UNKNOWN	130	C	0.994434696787	G	0.00315275797785	21	36273	115	67	36476	282984
UNKNOWN	131	G	0.986593924772	A	0.00814234016888	297	145	35987	47	36476	282984
UNKNOWN	132	C	0.99161092225	T	0.00551047263954	22	36170	83	201	36476	282984
UNKNOWN	133	T	0.991857659831	G	0.0042493694484	34	108	155	36179	36476	282984
UNKNOWN	134	G	0.988951639434	A	0.00904704463209	330	30	36073	43	36476	282984
UNKNOWN	135	G	0.995613554118	A	0.00287860511021	105	44	36316	11	36476	282984
UNKNOWN	136	A	0.99331067003	G	0.00430420002193	36232	71	157	16	36476	282984
UNKNOWN	137	G	0.97653251453	A	0.01973900647	720	41	35620	95	36476	282984
UNKNOWN	138	T	0.99448952736	G	0.00312534269108	4	83	114	36275	36476	282984
UNKNOWN	139	G	0.998245421647	A	0.000959535036736	35	10	36412	19	36476	282984
UNKNOWN	140	G	0.987827612677	C	0.00753920386007	47	275	36032	122	36476	282984
UNKNOWN	141	C	0.989472529883	G	0.005921701941	71	36092	216	97	36476	282984
UNKNOWN	142	T	0.993941221625	C	0.00367364842636	18	134	69	36255	36476	282984
UNKNOWN	143	C	0.986402017765	T	0.00882772233798	44	35980	130	322	36476	282984
UNKNOWN	144	G	0.995723215265	A	0.00298826625727	109	9	36320	38	36476	282984
UNKNOWN	145	G	0.99339291589	C	0.00339949555872	28	124	36235	89	36476	282984
UNKNOWN	146	T	0.983687904375	C	0.00636034652922	158	232	205	35881	36476	282984
UNKNOWN	147	G	0.598064480754	A	0.385157363746	14049	268	21815	344	36476	282984
UNKNOWN	148	G	0.850175457835	A	0.0749533940125	2734	1788	31011	943	36476	282984
UNKNOWN	149	T	0.964031143766	G	0.0171071389407	258	430	624	35164	36476	282984
UNKNOWN	150	A	0.947938370435	G	0.0429323390723	34577	143	1566	190	36476	282984
UNKNOWN	151	T	0.989801513324	C	0.00452352231604	109	165	98	36104	36476	282984
UNKNOWN	152	A	0.964771356508	G	0.0189165478671	35191	360	690	235	36476	282984
UNKNOWN	153	G	0.945306502906	A	0.0372573747121	1359	300	34481	336	36476	282984
UNKNOWN	154	A	0.957561136089	G	0.0308421976094	34928	344	1125	79	36476	282984
UNKNOWN	155	C	0.949583287641	T	0.0328435135432	306	34637	335	1198	36476	282984
UNKNOWN	156	A	0.949034981906	G	0.0341046167343	34617	395	1244	220	36476	282984
UNKNOWN	157	C	0.918083123149	G	0.0388474613444	372	33488	1417	1199	36476	282984
UNKNOWN	158	T	0.975847132361	G	0.0152703147275	108	216	557	35595	36476	282984
UNKNOWN	159	G	0.912956464525	A	0.067469020726	2461	372	33301	342	36476	282984
UNKNOWN	160	G	0.9096940454	A	0.0540903607852	1973	877	33182	444	36476	282984
UNKNOWN	161	T	0.969514201119	C	0.0187794714333	134	685	293	35364	36476	282984
UNKNOWN	162	G	0.989225792302	A	0.00869064590416	317	36	36083	40	36476	282984
UNKNOWN	163	G	0.973187849545	A	0.0220418905582	804	112	35498	62	36476	282984
UNKNOWN	164	A	0.973434587126	G	0.016832986073	35507	238	614	117	36476	282984
UNKNOWN	165	A	0.970089922141	G	0.0236319771905	35385	181	862	48	36476	282984
UNKNOWN	166	G	0.767600614102	A	0.152757977848	5572	1938	27999	967	36476	282984
UNKNOWN	167	C	0.920358591951	T	0.0497587454765	606	33571	484	1815	36476	282984
UNKNOWN	168	A	0.973242680118	G	0.0161476039039	35500	325	589	62	36476	282984
UNKNOWN	169	C	0.978232262309	T	0.0110757758526	258	35682	132	404	36476	282984
UNKNOWN	170	A	0.979767518368	G	0.0124465401908	35738	197	454	87	36476	282984
UNKNOWN	171	G	0.963455422744	A	0.0240157912052	876	189	35143	268	36476	282984
UNKNOWN	172	G	0.87021603246	A	0.087317688343	3185	1024	31742	525	36476	282984
UNKNOWN	173	C	0.967019410023	G	0.016366926198	130	35273	597	476	36476	282984
UNKNOWN	174	T	0.985442482728	C	0.00638776181599	169	233	129	35945	36476	282984
UNKNOWN	175	A	0.986073034324	T	0.00814234016888	35968	145	66	297	36476	282984
UNKNOWN	176	T	0.977574295427	C	0.017655444676	132	644	42	35658	36476	282984
UNKNOWN	177	A	0.984949007567	C	0.00863581533063	35927	315	188	46	36476	282984
UNKNOWN	178	A	0.98297510692	G	0.00937602807325	35855	266	342	13	36476	282984
UNKNOWN	179	C	0.922469569032	T	0.0641517710275	195	33648	293	2340	36476	282984
UNKNOWN	180	C	0.966854918302	T	0.0142559491172	198	35267	491	520	36476	282984
UNKNOWN	181	C	0.988211426692	T	0.00455093760281	134	36046	130	166	36476	282984
UNKNOWN	182	A	0.974394122163	G	0.0145301019849	35542	334	530	70	36476	282984
UNKNOWN	183	G	0.992570457287	A	0.00403004715429	147	82	36205	42	36476	282984
UNKNOWN	184	G	0.928363855686	C	0.0561190920057	399	2047	33863	167	36476	282984
UNKNOWN	185	C	0.995092663669	T	0.00238512994846	55	36297	37	87	36476	282984
UNKNOWN	186	C	0.993255839456	T	0.00386555543371	72	36230	33	141	36476	282984
UNKNOWN	187	T	0.992022151552	G	0.0042493694484	45	91	155	36185	36476	282984
UNKNOWN	188	G	0.985826296743	A	0.0102259019629	373	65	35959	79	36476	282984
UNKNOWN	189	A	0.985387652155	C	0.00721022041891	35943	263	236	34	36476	282984
UNKNOWN	190	A	0.985908542603	C	0.00723763570567	35962	264	141	109	36476	282984
UNKNOWN	191	A	0.980589976971	G	0.00786818730124	35768	279	287	142	36476	282984
UNKNOWN	192	T	0.983468582081	C	0.00737471213949	68	269	266	35873	36476	282984
UNKNOWN	193	C	0.990733633074	T	0.00578462550718	106	36138	21	211	36476	282984
UNKNOWN	194	C	0.984537778265	T	0.00707314398509	87	35912	219	258	36476	282984
UNKNOWN	195	C	0.994955587235	G	0.00339949555872	21	36292	124	39	36476	282984
UNKNOWN	196	G	0.99246079614	C	0.00328983441167	103	120	36201	52	36476	282984
UNKNOWN	197	G	0.945087180612	A	0.0415615747341	1516	292	34473	195	36476	282984
UNKNOWN	198	C	0.989225792302	T	0.0049347516175	96	36083	117	180	36476	282984
UNKNOWN	199	T	0.988595240706	C	0.00597653251453	71	218	127	36060	36476	282984
UNKNOWN	200	C	0.991309354096	A	0.00507182805132	185	36159	45	87	36476	282984
UNKNOWN	201	A	0.984674854699	G	0.00877289176445	35917	221	320	18	36476	282984
UNKNOWN	202	G	0.968472420222	C	0.0206162956465	227	752	35326	171	36476	282984
UNKNOWN	203	C	0.953668165369	T	0.0335014804255	257	34786	211	1222	36476	282984
UNKNOWN	204	A	0.97738238842	G	0.0116514968747	35651	254	425	146	36476	282984
UNKNOWN	205	T	0.9906788025	C	0.00537339620572	56	196	88	36136	36476	282984
UNKNOWN	206	C	0.981905910736	T	0.0120353108894	189	35816	32	439	36476	282984
UNKNOWN	207	A	0.97093979603	G	0.0130770917864	35416	432	477	151	36476	282984
UNKNOWN	208	C	0.981851080162	G	0.00671674525716	214	35814	245	203	36476	282984
UNKNOWN	209	C	0.974257045729	T	0.0117063274482	298	35537	214	427	36476	282984
UNKNOWN	210	A	0.961234784516	C	0.0309518587564	35062	1129	265	20	36476	282984
UNKNOWN	211	A	0.975326241912	G	0.0147768395657	35576	319	539	42	36476	282984
UNKNOWN	212	G	0.979877179515	A	0.0160105274701	584	108	35742	42	36476	282984
UNKNOWN	213	G	0.98483934642	A	0.010911284132	398	95	35923	60	36476	282984
UNKNOWN	214	A	0.979767518368	C	0.0135431516614	35738	494	169	75	36476	282984
UNKNOWN	215	C	0.979109551486	T	0.00849873889681	265	35714	187	310	36476	282984
UNKNOWN	216	A	0.977217896699	C	0.0108290382717	35645	395	350	86	36476	282984
UNKNOWN	217	A	0.97560039478	G	0.0119804803158	35586	314	437	139	36476	282984
UNKNOWN	218	C	0.972666959096	T	0.0144478561246	93	35479	377	527	36476	282984
UNKNOWN	219	T	0.982399385898	C	0.007895602588	137	288	217	35834	36476	282984
UNKNOWN	220	C	0.989280622875	A	0.00641517710275	234	36085	32	125	36476	282984
UNKNOWN	221	C	0.989445114596	A	0.00614102423511	224	36091	46	115	36476	282984
UNKNOWN	222	A	0.973105603685	C	0.0193003618818	35495	704	256	21	36476	282984
UNKNOWN	223	A	0.972666959096	G	0.0155992981687	35479	171	569	257	36476	282984
UNKNOWN	224	G	0.984126548964	A	0.00899221405856	328	174	35897	77	36476	282984
UNKNOWN	225	A	0.982180063603	G	0.0101710713894	35826	253	371	26	36476	282984
UNKNOWN	226	G	0.956300032898	A	0.0302116460138	1102	411	34882	81	36476	282984
UNKNOWN	227	C	0.954435793398	T	0.0369558065577	146	34814	168	1348	36476	282984
UNKNOWN	228	C	0.990157912052	A	0.0053185656322	194	36117	148	17	36476	282984
UNKNOWN	229	A	0.988348503125	G	0.0049347516175	36051	156	180	89	36476	282984
UNKNOWN	230	A	0.972200899221	G	0.0241254523522	35462	91	880	43	36476	282984
UNKNOWN	231	G	0.97178966992	A	0.0157089593157	573	201	35447	255	36476	282984
UNKNOWN	232	T	0.988924224147	C	0.00775852615418	41	283	80	36072	36476	282984
UNKNOWN	233	C	0.967403224038	G	0.0157637898892	89	35287	575	525	36476	282984
UNKNOWN	234	T	0.985826296743	C	0.00693606755127	72	253	192	35959	36476	282984
UNKNOWN	235	C	0.9906788025	T	0.00638776181599	87	36136	20	233	36476	282984
UNKNOWN	236	T	0.974777936177	C	0.0134609058011	86	491	343	35556	36476	282984
UNKNOWN	237	C	0.99152867639	T	0.0052363197719	66	36167	52	191	36476	282984
UNKNOWN	238	T	0.992680118434	G	0.00455093760281	36	65	166	36209	36476	282984
UNKNOWN	239	G	0.934559710495	A	0.0502522206382	1833	294	34089	260	36476	282984
UNKNOWN	240	T	0.984592608839	G	0.0063055159557	118	214	230	35914	36476	282984
UNKNOWN	241	C	0.98297510692	T	0.0112128522864	170	35855	42	409	36476	282984
UNKNOWN	242	A	0.973215264832	G	0.0161201886172	35499	293	588	96	36476	282984
UNKNOWN	243	G	0.83564535585	C	0.12317688343	1200	4493	30481	302	36476	282984
UNKNOWN	244	T	0.990048250905	G	0.00518148919838	54	120	189	36113	36476	282984
UNKNOWN	245	G	0.969048141244	A	0.0208630332273	761	190	35347	178	36476	282984
UNKNOWN	246	A	0.972968527251	G	0.0182859962715	35490	279	667	40	36476	282984
UNKNOWN	247	G	0.943634170413	A	0.0361333479548	1318	547	34420	191	36476	282984
UNKNOWN	248	C	0.96153635267	T	0.0233304090361	325	35073	227	851	36476	282984
UNKNOWN	249	A	0.97458602917	G	0.0207533720803	35549	148	757	22	36476	282984
UNKNOWN	250	G	0.985415067442	C	0.00784077201448	174	286	35944	72	36476	282984
UNKNOWN	251	C	0.981357605001	T	0.0117611580217	78	35796	173	429	36476	282984
UNKNOWN	252	G	0.984099133677	A	0.00836166246299	305	92	35896	183	36476	282984
UNKNOWN	253	T	0.985168329861	C	0.00718280513214	40	262	239	35935	36476	282984
UNKNOWN	254	G	0.948870490185	A	0.0363800855357	1327	187	34611	351	36476	282984
UNKNOWN	255	A	0.975189165479	G	0.0156541287422	35571	196	571	138	36476	282984
UNKNOWN	256	C	0.981659173155	A	0.00682640640421	249	35807	221	199	36476	282984
UNKNOWN	257	A	0.953503673648	G	0.0313905033447	34780	352	1145	199	36476	282984
UNKNOWN	258	A	0.918905581752	C	0.0476203531089	33518	1737	1024	197	36476	282984
UNKNOWN	259	C	0.953860072376	T	0.022178966992	135	34793	739	809	36476	282984
UNKNOWN	260	T	0.957149906788	G	0.0219048141244	218	546	799	34913	36476	282984
UNKNOWN	261	G	0.982454216471	A	0.0107467924114	392	112	35836	136	36476	282984
UNKNOWN	262	A	0.982015571883	G	0.012309463757	35820	150	449	57	36476	282984
UNKNOWN	263	G	0.960960631648	A	0.0210549402347	768	433	35052	223	36476	282984
UNKNOWN	264	G	0.985086084	A	0.00929378221296	339	67	35932	138	36476	282984
UNKNOWN	265	A	0.981631757868	C	0.0092663669262	35806	338	213	119	36476	282984
UNKNOWN	266	C	0.975463318346	T	0.0134609058011	263	35581	141	491	36476	282984
UNKNOWN	267	T	0.813521219432	A	0.167260664547	6101	195	506	29674	36476	282984
UNKNOWN	268	C	0.98585371203	G	0.00616843952188	210	35960	225	81	36476	282984
UNKNOWN	269	G	0.984565193552	A	0.00616843952188	225	162	35913	176	36476	282984
UNKNOWN	270	G	0.986758416493	A	0.00501699747779	183	168	35993	132	36476	282984
UNKNOWN	271	C	0.9832218445	A	0.00934861278649	341	35864	193	78	36476	282984
UNKNOWN	272	C	0.984291040684	A	0.0095679350806	349	35903	88	136	36476	282984
UNKNOWN	273	A	0.983934641956	G	0.00852615418357	35890	179	311	96	36476	282984
UNKNOWN	274	C	0.978287092883	A	0.0109386994188	399	35684	120	273	36476	282984
UNKNOWN	275	A	0.968664327229	G	0.016366926198	35333	279	597	267	36476	282984
UNKNOWN	276	T	0.982591292905	G	0.00742954271302	258	106	271	35841	36476	282984
UNKNOWN	277	A	0.984291040684	C	0.00825200131593	35903	301	143	129	36476	282984
UNKNOWN	278	C	0.946732097818	T	0.0475106919618	146	34533	64	1733	36476	282984
UNKNOWN	279	T	0.966443689001	C	0.0174909529554	261	638	325	35252	36476	282984
UNKNOWN	280	A	0.966882333589	T	0.0165862484922	35268	382	221	605	36476	282984
UNKNOWN	281	C	0.963565083891	T	0.0305132141682	125	35147	91	1113	36476	282984
UNKNOWN	282	T	0.981056036846	G	0.0122820484702	169	74	448	35785	36476	282984
UNKNOWN	283	G	0.986840662353	T	0.00677157583068	172	61	35996	247	36476	282984
UNKNOWN	284	T	0.947554556421	C	0.0412600065797	168	1505	240	34563	36476	282984
UNKNOWN	285	A	0.723873231714	G	0.236319771905	26404	393	8620	1059	36476	282984
UNKNOWN	286	C	0.820265379976	G	0.0989143546441	750	29920	3608	2198	36476	282984
UNKNOWN	287	T	0.716525934861	G	0.165423840333	2834	1472	6034	26136	36476	282984
UNKNOWN	288	A	0.889708301349	G	0.0637679570128	32453	604	2326	1093	36476	282984
UNKNOWN	289	C	0.75753920386	A	0.135404101327	4939	27632	2747	1158	36476	282984
UNKNOWN	290	T	0.774673758088	G	0.125671674526	2839	796	4584	28257	36476	282984
