Type	Position	Nucl1	Freq1	Nucl2	Freq2	NumAs	NumCs	NumGs	NumTs	NumAligned	NumNaive
UNKNOWN	0	C	1.0	A	0.0	0	20285	0	0	20285	161185
UNKNOWN	1	A	1.0	C	0.0	20285	0	0	0	20285	161185
UNKNOWN	2	G	1.0	A	0.0	0	0	20285	0	20285	161185
UNKNOWN	3	G	1.0	A	0.0	0	0	20285	0	20285	161185
UNKNOWN	4	T	1.0	A	0.0	0	0	0	20285	20285	161185
UNKNOWN	5	G	1.0	A	0.0	0	0	20285	0	20285	161185
UNKNOWN	6	C	1.0	A	0.0	0	20285	0	0	20285	161185
UNKNOWN	7	A	0.997781612029	G	0.00167611535617	20240	1	34	10	20285	161185
UNKNOWN	8	G	0.991964505792	A	0.00675375893517	137	23	20122	3	20285	161185
UNKNOWN	9	C	0.99585900912	G	0.00256347054474	12	20201	52	20	20285	161185
UNKNOWN	10	T	0.99896475228	C	0.000838057678087	2	17	2	20264	20285	161185
UNKNOWN	11	G	0.998718264728	A	0.000788760167612	16	3	20259	7	20285	161185
UNKNOWN	12	C	0.998521074686	T	0.00113384274094	6	20255	1	23	20285	161185
UNKNOWN	13	G	0.999161942322	A	0.000788760167612	16	0	20268	1	20285	161185
UNKNOWN	14	G	0.975794922356	C	0.0235642100074	11	478	19794	2	20285	161185
UNKNOWN	15	G	0.999211239832	C	0.00034508257333	6	7	20269	3	20285	161185
UNKNOWN	16	A	0.998126694602	G	0.00157752033522	20247	2	32	4	20285	161185
UNKNOWN	17	G	0.996943554351	A	0.00285925560759	58	3	20223	1	20285	161185
UNKNOWN	18	T	0.997732314518	C	0.00157752033522	6	32	8	20239	20285	161185
UNKNOWN	19	C	0.999457727385	G	0.000295785062854	2	20274	6	3	20285	161185
UNKNOWN	20	G	0.998077397091	A	0.00172541286665	35	2	20246	2	20285	161185
UNKNOWN	21	G	0.999556322406	A	0.000295785062854	6	3	20276	0	20285	161185
UNKNOWN	22	G	0.999408429874	A	0.000295785062854	6	6	20273	0	20285	161185
UNKNOWN	23	C	0.99891545477	T	0.000788760167612	4	20263	2	16	20285	161185
UNKNOWN	24	C	0.997830909539	T	0.00103524771999	20	20241	3	21	20285	161185
UNKNOWN	25	C	0.997387231945	T	0.0014296278038	19	20232	5	29	20285	161185
UNKNOWN	26	C	0.998225289623	T	0.000985950209514	15	20249	1	20	20285	161185
UNKNOWN	27	A	0.996302686714	G	0.00340152822282	20210	5	69	1	20285	161185
UNKNOWN	28	G	0.992408183387	A	0.00492975104757	100	51	20131	3	20285	161185
UNKNOWN	29	C	0.993098348533	T	0.00645797387232	5	20145	4	131	20285	161185
UNKNOWN	30	C	0.993936406211	G	0.005077643579	5	20162	103	15	20285	161185
UNKNOWN	31	T	0.997042149371	C	0.0020211979295	6	41	13	20225	20285	161185
UNKNOWN	32	G	0.986196697067	C	0.00941582450086	85	191	20005	4	20285	161185
UNKNOWN	33	G	0.996647769288	A	0.00192260290855	39	19	20217	10	20285	161185
UNKNOWN	34	T	0.99689425684	C	0.00251417303426	2	51	10	20222	20285	161185
UNKNOWN	35	G	0.998422479665	A	0.00118314025142	24	3	20253	5	20285	161185
UNKNOWN	36	A	0.997288636924	G	0.00177471037713	20230	6	36	13	20285	161185
UNKNOWN	37	A	0.994380083806	G	0.00389450332758	20171	29	79	6	20285	161185
UNKNOWN	38	G	0.997535124476	A	0.00138033029332	28	16	20235	6	20285	161185
UNKNOWN	39	C	0.997239339413	T	0.00177471037713	9	20229	11	36	20285	161185
UNKNOWN	40	C	0.998816859749	T	0.000739462657136	7	20261	2	15	20285	161185
UNKNOWN	41	C	0.997387231945	G	0.00157752033522	1	20232	32	20	20285	161185
UNKNOWN	42	T	0.993887108701	C	0.00478185851614	4	97	23	20161	20285	161185
UNKNOWN	43	C	0.99788020705	A	0.00128173527237	26	20242	2	15	20285	161185
UNKNOWN	44	A	0.996351984225	G	0.00256347054474	20211	18	52	4	20285	161185
UNKNOWN	45	C	0.995661819078	G	0.00261276805521	28	20197	53	7	20285	161185
UNKNOWN	46	A	0.997288636924	G	0.00211979295046	20230	9	43	3	20285	161185
UNKNOWN	47	G	0.995168843973	A	0.00468326349519	95	3	20187	0	20285	161185
UNKNOWN	48	A	0.996746364309	G	0.00211979295046	20219	23	43	0	20285	161185
UNKNOWN	49	C	0.998816859749	T	0.00069016514666	4	20261	6	14	20285	161185
UNKNOWN	50	C	0.998028099581	T	0.00118314025142	15	20245	1	24	20285	161185
UNKNOWN	51	C	0.998323884644	T	0.00118314025142	8	20251	2	24	20285	161185
UNKNOWN	52	T	0.995612521568	C	0.00285925560759	9	58	22	20196	20285	161185
UNKNOWN	53	G	0.718412620163	C	0.279467586887	16	5669	14573	27	20285	161185
UNKNOWN	54	T	0.994577273848	C	0.00448607345329	5	91	14	20175	20285	161185
UNKNOWN	55	C	0.996351984225	T	0.00167611535617	32	20211	8	34	20285	161185
UNKNOWN	56	C	0.994527976337	T	0.00261276805521	6	20174	52	53	20285	161185
UNKNOWN	57	C	0.997436529455	T	0.00128173527237	6	20233	20	26	20285	161185
UNKNOWN	58	T	0.996006901651	C	0.0034508257333	9	70	2	20204	20285	161185
UNKNOWN	59	C	0.997140744392	A	0.00172541286665	35	20227	6	17	20285	161185
UNKNOWN	60	A	0.99373921617	G	0.00473256100567	20158	27	96	4	20285	161185
UNKNOWN	61	C	0.995612521568	T	0.0036480157752	8	20196	7	74	20285	161185
UNKNOWN	62	C	0.992309588366	T	0.00537342864185	12	20129	35	109	20285	161185
UNKNOWN	63	T	0.996795661819	C	0.00216909046093	2	44	19	20220	20285	161185
UNKNOWN	64	G	0.998570372196	C	0.000838057678087	12	17	20256	0	20285	161185
UNKNOWN	65	C	0.993147646044	T	0.00532413113138	31	20146	0	108	20285	161185
UNKNOWN	66	A	0.994725166379	G	0.00335223071235	20178	29	68	10	20285	161185
UNKNOWN	67	C	0.992013803303	T	0.00611289129899	13	20123	25	124	20285	161185
UNKNOWN	68	G	0.990534877989	A	0.00586640374661	119	63	20093	10	20285	161185
UNKNOWN	69	G	0.978062607838	A	0.0197190041903	400	23	19840	22	20285	161185
UNKNOWN	70	T	0.994182893764	C	0.00463396598472	9	94	15	20167	20285	161185
UNKNOWN	71	C	0.98442198669	G	0.00990879960562	6	19969	201	109	20285	161185
UNKNOWN	72	T	0.996401281735	C	0.00251417303426	8	51	14	20212	20285	161185
UNKNOWN	73	C	0.997091446882	T	0.00157752033522	13	20226	14	32	20285	161185
UNKNOWN	74	T	0.991422233177	C	0.00631008134089	1	128	45	20111	20285	161185
UNKNOWN	75	G	0.992063100813	A	0.00739462657136	150	8	20124	3	20285	161185
UNKNOWN	76	G	0.986147399556	A	0.0116342124723	236	38	20004	7	20285	161185
UNKNOWN	77	A	0.986640374661	G	0.0067044614247	20014	54	136	81	20285	161185
UNKNOWN	78	T	0.990288390436	G	0.00468326349519	27	75	95	20088	20285	161185
UNKNOWN	79	T	0.99275326596	C	0.00522553611043	8	106	33	20138	20285	161185
UNKNOWN	80	C	0.985999507025	G	0.00685235395613	34	20001	139	111	20285	161185
UNKNOWN	81	T	0.993196943554	C	0.00586640374661	5	119	14	20147	20285	161185
UNKNOWN	82	C	0.987724919892	T	0.00961301454277	52	20036	2	195	20285	161185
UNKNOWN	83	A	0.993492728617	G	0.00399309834853	20153	19	81	32	20285	161185
UNKNOWN	84	T	0.99068277052	C	0.00522553611043	46	106	37	20096	20285	161185
UNKNOWN	85	T	0.99580971161	C	0.00177471037713	30	36	19	20200	20285	161185
UNKNOWN	86	A	0.969879221099	G	0.0272615232931	19674	26	553	32	20285	161185
UNKNOWN	87	A	0.981217648509	G	0.0113877249199	19904	124	231	26	20285	161185
UNKNOWN	88	G	0.96889327089	A	0.0196697066798	399	164	19654	68	20285	161185
UNKNOWN	89	C	0.951047572098	T	0.0338673896968	56	19292	250	687	20285	161185
UNKNOWN	90	G	0.950751787035	A	0.0412620162682	837	66	19286	96	20285	161185
UNKNOWN	91	A	0.914813901898	G	0.0513187084052	18557	461	1041	226	20285	161185
UNKNOWN	92	T	0.929849642593	C	0.0319940842987	355	649	419	18862	20285	161185
UNKNOWN	93	A	0.905102292334	G	0.0480650727138	18360	325	975	625	20285	161185
UNKNOWN	94	A	0.953265960069	G	0.0230219373922	19337	234	467	247	20285	161185
UNKNOWN	95	T	0.948484101553	G	0.0205077643579	359	270	416	19240	20285	161185
UNKNOWN	96	A	0.877298496426	G	0.0886369238353	17796	410	1798	281	20285	161185
UNKNOWN	97	G	0.481192999754	A	0.324624106483	6585	2893	9761	1046	20285	161185
UNKNOWN	98	T	0.955829430614	G	0.0270150357407	175	173	548	19389	20285	161185
UNKNOWN	99	G	0.959181661326	A	0.0321912743406	653	97	19457	78	20285	161185
UNKNOWN	100	T	0.995711116589	C	0.00221838797141	26	45	16	20198	20285	161185
UNKNOWN	101	A	0.970766576288	G	0.0191274340646	19692	139	388	66	20285	161185
UNKNOWN	102	G	0.902193739216	A	0.0682770520089	1385	503	18301	96	20285	161185
UNKNOWN	103	G	0.722750801085	A	0.186936159724	3792	948	14661	884	20285	161185
UNKNOWN	104	C	0.965738230219	G	0.0159230958837	129	19590	323	243	20285	161185
UNKNOWN	105	T	0.996302686714	G	0.00221838797141	5	25	45	20210	20285	161185
UNKNOWN	106	G	0.998570372196	T	0.000985950209514	9	0	20256	20	20285	161185
UNKNOWN	107	G	0.998521074686	T	0.00069016514666	8	8	20255	14	20285	161185
UNKNOWN	108	G	0.974513187084	A	0.0199161942322	404	46	19768	67	20285	161185
UNKNOWN	109	T	0.985605126941	C	0.0129159477446	9	262	21	19993	20285	161185
UNKNOWN	110	C	0.995267438994	T	0.00231698299236	31	20189	18	47	20285	161185
UNKNOWN	111	C	0.997584421987	G	0.00138033029332	7	20236	28	14	20285	161185
UNKNOWN	112	G	0.997436529455	C	0.0018240078876	14	37	20233	1	20285	161185
UNKNOWN	113	C	0.995908306631	G	0.00167611535617	17	20202	34	32	20285	161185
UNKNOWN	114	C	0.997042149371	A	0.0018240078876	37	20225	14	9	20285	161185
UNKNOWN	115	A	0.992013803303	G	0.0070988415085	20123	10	144	8	20285	161185
UNKNOWN	116	G	0.996154794183	T	0.00147892531427	27	21	20207	30	20285	161185
UNKNOWN	117	G	0.983731821543	A	0.0119299975351	242	60	19955	28	20285	161185
UNKNOWN	118	C	0.992013803303	T	0.00655656889327	10	20123	19	133	20285	161185
UNKNOWN	119	T	0.99373921617	C	0.00394380083806	5	80	42	20158	20285	161185
UNKNOWN	120	C	0.994577273848	T	0.00409169336948	16	20175	11	83	20285	161185
UNKNOWN	121	C	0.99689425684	A	0.00216909046093	44	20222	10	9	20285	161185
UNKNOWN	122	A	0.994182893764	G	0.00423958590091	20167	29	86	3	20285	161185
UNKNOWN	123	G	0.994971653931	A	0.00350012324378	71	24	20183	7	20285	161185
UNKNOWN	124	G	0.99684495933	A	0.00280995809712	57	3	20221	4	20285	161185
UNKNOWN	125	A	0.980773970914	G	0.0167611535617	19895	33	340	17	20285	161185
UNKNOWN	126	A	0.986886862213	G	0.0070988415085	20019	112	144	10	20285	161185
UNKNOWN	127	A	0.990091200394	G	0.00877495686468	20084	18	178	5	20285	161185
UNKNOWN	128	G	0.998422479665	A	0.000640867636184	13	10	20253	9	20285	161185
UNKNOWN	129	G	0.986738969682	A	0.00754251910279	153	107	20016	9	20285	161185
UNKNOWN	130	C	0.996105496672	T	0.00187330539808	5	20206	36	38	20285	161185
UNKNOWN	131	G	0.980133103278	A	0.0149371456741	303	87	19882	13	20285	161185
UNKNOWN	132	C	0.984668474242	T	0.0137540054227	9	19974	23	279	20285	161185
UNKNOWN	133	T	0.99068277052	C	0.00453537096377	6	92	91	20096	20285	161185
UNKNOWN	134	G	0.985555829431	A	0.0106482622628	216	33	19992	44	20285	161185
UNKNOWN	135	G	0.996253389204	A	0.00246487552379	50	21	20209	5	20285	161185
UNKNOWN	136	A	0.991027853093	G	0.00626078383042	20103	24	127	31	20285	161185
UNKNOWN	137	G	0.981759921124	A	0.0148878481637	302	29	19915	39	20285	161185
UNKNOWN	138	T	0.993049051023	G	0.00473256100567	2	43	96	20144	20285	161185
UNKNOWN	139	G	0.995119546463	A	0.00226768548188	46	22	20186	31	20285	161185
UNKNOWN	140	G	0.976731575055	T	0.0145427655903	23	154	19813	295	20285	161185
UNKNOWN	141	C	0.987034754745	G	0.00704954399803	70	20022	143	50	20285	161185
UNKNOWN	142	T	0.996056199162	C	0.00305644564949	8	62	10	20205	20285	161185
UNKNOWN	143	C	0.990386985457	T	0.0067044614247	15	20090	44	136	20285	161185
UNKNOWN	144	G	0.988464382549	A	0.0103031796894	209	3	20051	22	20285	161185
UNKNOWN	145	G	0.969682031057	C	0.0231698299236	94	470	19670	51	20285	161185
UNKNOWN	146	T	0.98033029332	G	0.00912003943801	93	121	185	19886	20285	161185
UNKNOWN	147	G	0.835099827459	A	0.111116588612	2254	322	16940	769	20285	161185
UNKNOWN	148	T	0.872319447868	C	0.0603401528223	862	1224	504	17695	20285	161185
UNKNOWN	149	C	0.879073206803	T	0.0874044860735	439	17832	241	1773	20285	161185
UNKNOWN	150	A	0.953956125216	G	0.0373675129406	19351	65	758	111	20285	161185
UNKNOWN	151	T	0.955188562978	G	0.0208035494208	215	272	422	19376	20285	161185
UNKNOWN	152	A	0.887848163668	G	0.0619176731575	18010	265	1256	754	20285	161185
UNKNOWN	153	T	0.856544244516	G	0.0612275080108	1020	648	1242	17375	20285	161185
UNKNOWN	154	A	0.827162928272	G	0.10263741681	16779	675	2082	749	20285	161185
UNKNOWN	155	T	0.915651959576	G	0.0572837071728	101	448	1162	18574	20285	161185
UNKNOWN	156	A	0.880256347054	G	0.093369484841	17856	376	1894	159	20285	161185
UNKNOWN	157	G	0.80310574316	A	0.105595267439	2142	1284	16291	568	20285	161185
UNKNOWN	158	T	0.944244515652	G	0.0259797880207	407	197	527	19154	20285	161185
UNKNOWN	159	G	0.717919645058	A	0.226226275573	4589	824	14563	309	20285	161185
UNKNOWN	160	G	0.80729603155	A	0.126596006902	2568	936	16376	405	20285	161185
UNKNOWN	161	T	0.9388217895	G	0.0278530934188	362	314	565	19044	20285	161185
UNKNOWN	162	G	0.980034508257	A	0.015134335716	307	90	19880	8	20285	161185
UNKNOWN	163	G	0.97101306384	A	0.0170569386246	346	151	19697	91	20285	161185
UNKNOWN	164	A	0.957456248459	G	0.0248952427902	19422	150	505	208	20285	161185
UNKNOWN	165	A	0.898151343357	G	0.0859748582697	18219	170	1744	152	20285	161185
UNKNOWN	166	G	0.612915947745	A	0.217796401282	4418	2260	12433	1174	20285	161185
UNKNOWN	167	C	0.9077643579	T	0.0505299482376	465	18414	381	1025	20285	161185
UNKNOWN	168	A	0.98235149125	G	0.0117821050037	19927	74	239	45	20285	161185
UNKNOWN	169	C	0.955336455509	T	0.0247966477693	198	19379	205	503	20285	161185
UNKNOWN	170	A	0.977618930244	G	0.0138033029332	19831	71	280	103	20285	161185
UNKNOWN	171	G	0.917426669953	A	0.040522553611	822	471	18610	382	20285	161185
UNKNOWN	172	G	0.60724673404	A	0.293320187331	5950	898	12318	1119	20285	161185
UNKNOWN	173	C	0.965294552625	G	0.0154301207789	134	19581	313	257	20285	161185
UNKNOWN	174	T	0.984914961794	G	0.00581710623614	87	101	118	19979	20285	161185
UNKNOWN	175	A	0.977618930244	C	0.0138033029332	19831	280	49	125	20285	161185
UNKNOWN	176	T	0.97618930244	C	0.0185851614493	91	377	15	19802	20285	161185
UNKNOWN	177	A	0.981612028593	C	0.00847917180182	19912	172	106	95	20285	161185
UNKNOWN	178	A	0.979590830663	G	0.0143455755484	19871	97	291	26	20285	161185
UNKNOWN	179	C	0.909686960808	T	0.0743406457974	49	18453	275	1508	20285	161185
UNKNOWN	180	C	0.944934680799	T	0.0329307369978	161	19168	288	668	20285	161185
UNKNOWN	181	C	0.980675375894	T	0.00783830416564	135	19893	98	159	20285	161185
UNKNOWN	182	A	0.982302193739	G	0.00926793196944	19926	132	188	39	20285	161185
UNKNOWN	183	G	0.974168104511	A	0.0162188809465	329	117	19761	78	20285	161185
UNKNOWN	184	C	0.982203598718	T	0.0101059896475	23	19924	133	205	20285	161185
UNKNOWN	185	C	0.996549174267	T	0.00236628050283	7	20215	15	48	20285	161185
UNKNOWN	186	C	0.991323638156	T	0.00448607345329	17	20109	68	91	20285	161185
UNKNOWN	187	T	0.993098348533	G	0.00310574315997	37	40	63	20145	20285	161185
UNKNOWN	188	G	0.978013310328	A	0.0156273108208	317	20	19839	109	20285	161185
UNKNOWN	189	A	0.991323638156	G	0.00621148631994	20109	33	126	17	20285	161185
UNKNOWN	190	A	0.990189795415	C	0.00404239585901	20086	82	73	44	20285	161185
UNKNOWN	191	A	0.984865664284	C	0.00685235395613	19978	139	103	65	20285	161185
UNKNOWN	192	T	0.990929258072	C	0.00675375893517	20	137	27	20101	20285	161185
UNKNOWN	193	C	0.998471777175	T	0.000591570125709	9	20254	10	12	20285	161185
UNKNOWN	194	C	0.993936406211	G	0.00261276805521	20	20162	53	50	20285	161185
UNKNOWN	195	C	0.994380083806	G	0.00409169336948	15	20171	83	16	20285	161185
UNKNOWN	196	G	0.995119546463	A	0.00192260290855	39	36	20186	24	20285	161185
UNKNOWN	197	G	0.940054227262	A	0.0435297017501	883	143	19069	190	20285	161185
UNKNOWN	198	C	0.991027853093	T	0.00497904855805	50	20103	31	101	20285	161185
UNKNOWN	199	T	0.989105250185	C	0.00754251910279	42	153	26	20064	20285	161185
UNKNOWN	200	C	0.990386985457	A	0.00399309834853	81	20090	47	67	20285	161185
UNKNOWN	201	A	0.989746117821	G	0.00729603155041	20077	58	148	2	20285	161185
UNKNOWN	202	G	0.976435789993	C	0.0137047079123	112	278	19807	88	20285	161185
UNKNOWN	203	C	0.963371949717	T	0.0221838797141	138	19542	155	450	20285	161185
UNKNOWN	204	A	0.988070002465	G	0.00463396598472	20043	59	94	89	20285	161185
UNKNOWN	205	T	0.989992605373	C	0.00645797387232	38	131	34	20082	20285	161185
UNKNOWN	206	C	0.991126448114	T	0.00458466847424	81	20105	6	93	20285	161185
UNKNOWN	207	A	0.987675622381	G	0.00660586640375	20035	96	134	20	20285	161185
UNKNOWN	208	C	0.98235149125	G	0.00759181661326	66	19927	154	138	20285	161185
UNKNOWN	209	C	0.959083066305	T	0.0177471037713	201	19455	269	360	20285	161185
UNKNOWN	210	A	0.987872812423	G	0.00724673403993	20039	88	147	11	20285	161185
UNKNOWN	211	A	0.983288143949	G	0.0127680552132	19946	56	259	24	20285	161185
UNKNOWN	212	G	0.978506285433	A	0.0168597485827	342	64	19849	30	20285	161185
UNKNOWN	213	G	0.987084052255	A	0.00916933694848	186	46	20023	30	20285	161185
UNKNOWN	214	A	0.991372935667	C	0.00502834606852	20110	102	55	18	20285	161185
UNKNOWN	215	C	0.98240078876	T	0.00680305644565	124	19928	95	138	20285	161185
UNKNOWN	216	A	0.988365787528	G	0.00759181661326	20049	55	154	27	20285	161185
UNKNOWN	217	A	0.98131624353	G	0.0105003697313	19906	108	213	58	20285	161185
UNKNOWN	218	C	0.978407690412	T	0.0128173527237	49	19847	129	260	20285	161185
UNKNOWN	219	T	0.989795415332	C	0.00660586640375	43	134	30	20078	20285	161185
UNKNOWN	220	C	0.995661819078	A	0.00310574315997	63	20197	3	22	20285	161185
UNKNOWN	221	C	0.986048804535	T	0.00635937885137	127	20002	27	129	20285	161185
UNKNOWN	222	A	0.990436282968	G	0.00645797387232	20091	55	131	8	20285	161185
UNKNOWN	223	A	0.98235149125	G	0.0140497904856	19927	53	285	20	20285	161185
UNKNOWN	224	G	0.988119299975	A	0.00680305644565	138	80	20044	23	20285	161185
UNKNOWN	225	A	0.987774217402	G	0.00823268424945	20037	67	167	14	20285	161185
UNKNOWN	226	G	0.959723933941	A	0.0291841262016	592	202	19468	23	20285	161185
UNKNOWN	227	C	0.968104510722	T	0.0259797880207	63	19638	57	527	20285	161185
UNKNOWN	228	C	0.988760167612	A	0.00611289129899	124	20057	92	12	20285	161185
UNKNOWN	229	A	0.98959822529	G	0.00635937885137	20074	21	129	61	20285	161185
UNKNOWN	230	A	0.972541286665	G	0.0206063593789	19728	78	418	61	20285	161185
UNKNOWN	231	G	0.966576287897	A	0.0153808232684	312	242	19607	124	20285	161185
UNKNOWN	232	T	0.989992605373	C	0.00793689918659	12	161	30	20082	20285	161185
UNKNOWN	233	C	0.962435297018	T	0.0164160709884	117	19523	312	333	20285	161185
UNKNOWN	234	T	0.990929258072	C	0.00581710623614	17	118	49	20101	20285	161185
UNKNOWN	235	C	0.991175745625	T	0.00719743652946	27	20106	6	146	20285	161185
UNKNOWN	236	T	0.981612028593	C	0.0131131377865	36	266	71	19912	20285	161185
UNKNOWN	237	C	0.990091200394	T	0.0052748336209	58	20084	36	107	20285	161185
UNKNOWN	238	T	0.994922356421	A	0.00295785062854	60	31	12	20182	20285	161185
UNKNOWN	239	A	0.872072960316	G	0.109243283214	17690	260	2216	119	20285	161185
UNKNOWN	240	T	0.982499383781	C	0.00719743652946	121	146	88	19930	20285	161185
UNKNOWN	241	C	0.972639881686	T	0.0210993344836	119	19730	8	428	20285	161185
UNKNOWN	242	A	0.979393640621	G	0.00990879960562	19867	139	201	78	20285	161185
UNKNOWN	243	C	0.917328074932	G	0.063938871087	174	18608	1297	206	20285	161185
UNKNOWN	244	T	0.993640621149	G	0.00379590830663	37	15	77	20156	20285	161185
UNKNOWN	245	G	0.971900419029	A	0.018338673897	372	88	19715	110	20285	161185
UNKNOWN	246	A	0.983238846438	G	0.0112398323885	19945	100	228	12	20285	161185
UNKNOWN	247	G	0.950998274587	A	0.0298249938378	605	341	19291	48	20285	161185
UNKNOWN	248	C	0.96480157752	T	0.0195218141484	198	19571	120	396	20285	161185
UNKNOWN	249	A	0.983090953907	G	0.0135568153808	19942	60	275	8	20285	161185
UNKNOWN	250	G	0.985062854326	C	0.00867636184373	83	176	19982	44	20285	161185
UNKNOWN	251	C	0.981759921124	T	0.00842987429135	54	19915	145	171	20285	161185
UNKNOWN	252	G	0.98235149125	A	0.0114863199408	233	34	19927	91	20285	161185
UNKNOWN	253	T	0.987133349766	C	0.00704954399803	37	143	81	20024	20285	161185
UNKNOWN	254	G	0.948385506532	A	0.0335223071235	680	263	19238	104	20285	161185
UNKNOWN	255	A	0.978851368006	G	0.0160216909046	19856	68	325	36	20285	161185
UNKNOWN	256	C	0.985703721962	A	0.00635937885137	129	19995	78	83	20285	161185
UNKNOWN	257	A	0.963618437269	G	0.0262262755731	19547	148	532	58	20285	161185
UNKNOWN	258	A	0.895834360365	C	0.0791225043135	18172	1605	391	117	20285	161185
UNKNOWN	259	C	0.945920631008	G	0.029529208775	107	19188	599	391	20285	161185
UNKNOWN	260	T	0.977964012817	G	0.012127187577	62	139	246	19838	20285	161185
UNKNOWN	261	G	0.982943061375	A	0.0119299975351	242	34	19939	70	20285	161185
UNKNOWN	262	A	0.985210746857	G	0.0106975597732	19985	60	217	23	20285	161185
UNKNOWN	263	G	0.939758442199	A	0.0314518116835	638	380	19063	204	20285	161185
UNKNOWN	264	G	0.984126201627	A	0.0083312792704	169	47	19963	106	20285	161185
UNKNOWN	265	A	0.988316490017	C	0.00557061868376	20048	113	95	29	20285	161185
UNKNOWN	266	C	0.984914961794	T	0.00714813901898	131	19979	30	145	20285	161185
UNKNOWN	267	A	0.976978062608	G	0.0113384274094	19818	82	230	155	20285	161185
UNKNOWN	268	C	0.988957357653	G	0.00566921370471	60	20061	115	49	20285	161185
UNKNOWN	269	G	0.972935666749	A	0.0168104510722	341	88	19736	120	20285	161185
UNKNOWN	270	G	0.986147399556	T	0.00502834606852	78	101	20004	102	20285	161185
UNKNOWN	271	C	0.989450332758	A	0.00695094897708	141	20071	53	20	20285	161185
UNKNOWN	272	C	0.986098102046	A	0.00739462657136	150	20003	33	99	20285	161185
UNKNOWN	273	A	0.988168597486	G	0.00502834606852	20045	88	102	50	20285	161185
UNKNOWN	274	C	0.978555582943	A	0.0107468572837	218	19850	98	119	20285	161185
UNKNOWN	275	A	0.971259551393	G	0.0146413606113	19702	145	297	141	20285	161185
UNKNOWN	276	T	0.985210746857	C	0.00719743652946	83	146	71	19985	20285	161185
UNKNOWN	277	A	0.98649248213	C	0.00581710623614	20011	118	83	73	20285	161185
UNKNOWN	278	C	0.947547448854	T	0.0484101552872	62	19221	20	982	20285	161185
UNKNOWN	279	T	0.981513433572	C	0.00803549420754	113	163	99	19910	20285	161185
UNKNOWN	280	A	0.974611782105	T	0.0105496672418	19770	175	126	214	20285	161185
UNKNOWN	281	C	0.962435297018	T	0.0321419768302	55	19523	55	652	20285	161185
UNKNOWN	282	T	0.988957357653	G	0.00808479171802	38	22	164	20061	20285	161185
