Type	Position	Nucl1	Freq1	Nucl2	Freq2	NumAs	NumCs	NumGs	NumTs	NumAligned	NumNaive
UNKNOWN	0	C	1.0	A	0.0	0	19171	0	0	19171	112811
UNKNOWN	1	A	1.0	C	0.0	19171	0	0	0	19171	112811
UNKNOWN	2	G	1.0	A	0.0	0	0	19171	0	19171	112811
UNKNOWN	3	G	1.0	A	0.0	0	0	19171	0	19171	112811
UNKNOWN	4	T	1.0	A	0.0	0	0	0	19171	19171	112811
UNKNOWN	5	G	1.0	A	0.0	0	0	19171	0	19171	112811
UNKNOWN	6	C	1.0	A	0.0	0	19171	0	0	19171	112811
UNKNOWN	7	A	0.99619216525	G	0.00255594387356	19098	13	49	11	19171	112811
UNKNOWN	8	G	0.985133795837	A	0.0138229617652	265	11	18886	9	19171	112811
UNKNOWN	9	C	0.998591622764	T	0.00109540451724	1	19144	5	21	19171	112811
UNKNOWN	10	T	0.999165406082	C	0.000678107558291	0	13	3	19155	19171	112811
UNKNOWN	11	G	0.998070001565	C	0.000886756037765	15	17	19134	5	19171	112811
UNKNOWN	12	C	0.999426216681	T	0.000521621198686	0	19160	1	10	19171	112811
UNKNOWN	13	G	0.999061081842	A	0.000678107558291	13	4	19153	1	19171	112811
UNKNOWN	14	C	0.848677690261	G	0.15085285066	1	16270	2892	8	19171	112811
UNKNOWN	15	G	0.999582703041	A	0.000208648479474	4	1	19163	3	19171	112811
UNKNOWN	16	A	0.993062438057	C	0.00605080590475	19038	116	15	2	19171	112811
UNKNOWN	17	G	0.994522977414	A	0.00526837410672	101	1	19066	3	19171	112811
UNKNOWN	18	T	0.997652704606	C	0.00140837723645	8	27	10	19126	19171	112811
UNKNOWN	19	C	0.998591622764	T	0.00109540451724	2	19144	4	21	19171	112811
UNKNOWN	20	G	0.992853789578	A	0.00532053622659	102	20	19034	15	19171	112811
UNKNOWN	21	G	0.995253247092	C	0.001982160555	15	38	19080	38	19171	112811
UNKNOWN	22	G	0.999426216681	A	0.000260810599343	5	4	19160	2	19171	112811
UNKNOWN	23	C	0.998748109123	T	0.000938918157634	1	19147	5	18	19171	112811
UNKNOWN	24	C	0.999478378801	T	0.000469459078817	1	19161	0	9	19171	112811
UNKNOWN	25	C	0.999530540921	T	0.000260810599343	3	19162	1	5	19171	112811
UNKNOWN	26	C	0.999165406082	A	0.000417296958948	8	19155	0	8	19171	112811
UNKNOWN	27	A	0.997809190966	G	0.00135621511658	19129	15	26	1	19171	112811
UNKNOWN	28	G	0.993584059256	A	0.00469459078817	90	28	19048	5	19171	112811
UNKNOWN	29	C	0.996922434928	A	0.0018256741954	35	19112	0	24	19171	112811
UNKNOWN	30	C	0.998800271243	A	0.000573783318554	11	19148	1	11	19171	112811
UNKNOWN	31	T	0.998174325805	C	0.000834593917897	4	16	15	19136	19171	112811
UNKNOWN	32	G	0.989776224506	A	0.00949350581608	182	2	18975	12	19171	112811
UNKNOWN	33	G	0.997235407647	A	0.00151270147619	29	14	19118	10	19171	112811
UNKNOWN	34	T	0.998226487924	C	0.00119972875698	2	23	9	19137	19171	112811
UNKNOWN	35	G	0.996452975849	A	0.00302540295238	58	5	19103	5	19171	112811
UNKNOWN	36	A	0.994470815294	C	0.00505972562725	19065	97	5	4	19171	112811
UNKNOWN	37	A	0.986907307913	C	0.00771999374055	18920	148	101	2	19171	112811
UNKNOWN	38	G	0.998748109123	C	0.000573783318554	9	11	19147	4	19171	112811
UNKNOWN	39	C	0.997757028846	T	0.00187783631527	0	19128	7	36	19171	112811
UNKNOWN	40	C	0.999478378801	A	0.000208648479474	4	19161	3	3	19171	112811
UNKNOWN	41	C	0.997183245527	T	0.00140837723645	2	19117	25	27	19171	112811
UNKNOWN	42	T	0.997600542486	C	0.001982160555	3	38	5	19125	19171	112811
UNKNOWN	43	C	0.999269730322	A	0.000521621198686	10	19157	0	4	19171	112811
UNKNOWN	44	A	0.995044598612	C	0.00302540295238	19076	58	33	4	19171	112811
UNKNOWN	45	C	0.998748109123	G	0.000625945438423	10	19147	12	2	19171	112811
UNKNOWN	46	A	0.996713786448	C	0.00208648479474	19108	40	23	0	19171	112811
UNKNOWN	47	G	0.99587919253	A	0.00406864534975	78	0	19092	1	19171	112811
UNKNOWN	48	A	0.996557300089	C	0.00219080903448	19105	42	22	2	19171	112811
UNKNOWN	49	C	0.999113243962	T	0.00036513483908	5	19154	5	7	19171	112811
UNKNOWN	50	C	0.998017839445	T	0.00114756663711	12	19133	4	22	19171	112811
UNKNOWN	51	C	0.999269730322	T	0.000625945438423	1	19157	1	12	19171	112811
UNKNOWN	52	T	0.997496218246	C	0.00219080903448	2	42	4	19123	19171	112811
UNKNOWN	53	C	0.999269730322	T	0.000678107558291	1	19157	0	13	19171	112811
UNKNOWN	54	T	0.997183245527	C	0.00224297115435	5	43	6	19117	19171	112811
UNKNOWN	55	C	0.999426216681	T	0.00036513483908	2	19160	2	7	19171	112811
UNKNOWN	56	C	0.993427572897	T	0.00370351051067	10	19045	45	71	19171	112811
UNKNOWN	57	C	0.996870272808	G	0.00156486359606	14	19111	30	16	19171	112811
UNKNOWN	58	T	0.997235407647	C	0.00245161963382	2	47	4	19118	19171	112811
UNKNOWN	59	C	0.997496218246	T	0.00187783631527	12	19123	0	36	19171	112811
UNKNOWN	60	A	0.994940274373	C	0.00344269991132	19074	66	28	3	19171	112811
UNKNOWN	61	C	0.996452975849	T	0.00312972719211	3	19103	5	60	19171	112811
UNKNOWN	62	C	0.997548380366	T	0.00156486359606	2	19124	15	30	19171	112811
UNKNOWN	63	T	0.997861353085	C	0.00125189087685	2	24	15	19130	19171	112811
UNKNOWN	64	G	0.998748109123	C	0.000625945438423	8	12	19147	4	19171	112811
UNKNOWN	65	C	0.998852433363	A	0.000573783318554	11	19149	0	11	19171	112811
UNKNOWN	66	A	0.993949194095	C	0.0036513483908	19055	70	36	10	19171	112811
UNKNOWN	67	C	0.997548380366	T	0.0018256741954	2	19124	10	35	19171	112811
UNKNOWN	68	G	0.993688383496	A	0.00469459078817	90	27	19050	4	19171	112811
UNKNOWN	69	G	0.979708935371	A	0.0179437692348	344	27	18782	18	19171	112811
UNKNOWN	70	T	0.991445412342	C	0.00766783162068	2	147	15	19007	19171	112811
UNKNOWN	71	C	0.987272442752	G	0.00771999374055	7	18927	148	89	19171	112811
UNKNOWN	72	T	0.996557300089	C	0.00219080903448	4	42	20	19105	19171	112811
UNKNOWN	73	C	0.999008919722	T	0.00073026967816	4	19152	1	14	19171	112811
UNKNOWN	74	T	0.99619216525	C	0.001982160555	3	38	32	19098	19171	112811
UNKNOWN	75	G	0.998539460644	A	0.00140837723645	27	1	19143	0	19171	112811
UNKNOWN	76	G	0.994731625893	A	0.00396432111001	76	13	19070	12	19171	112811
UNKNOWN	77	A	0.975379479422	C	0.0148662041625	18699	285	145	42	19171	112811
UNKNOWN	78	T	0.993375410777	G	0.00312972719211	14	53	60	19044	19171	112811
UNKNOWN	79	T	0.995148922852	C	0.00412080746962	3	79	11	19078	19171	112811
UNKNOWN	80	C	0.990558656304	T	0.00625945438423	1	18990	60	120	19171	112811
UNKNOWN	81	T	0.99191487142	C	0.00385999687027	12	74	69	19016	19171	112811
UNKNOWN	82	C	0.997026759167	A	0.00208648479474	40	19114	0	17	19171	112811
UNKNOWN	83	A	0.991758385061	C	0.0044859423087	19013	86	54	18	19171	112811
UNKNOWN	84	T	0.994210004695	C	0.00469459078817	2	90	19	19060	19171	112811
UNKNOWN	85	T	0.996661624328	C	0.00234729539408	1	45	18	19107	19171	112811
UNKNOWN	86	G	0.986698659434	A	0.01189296333	228	9	18916	18	19171	112811
UNKNOWN	87	A	0.987324604872	C	0.00683323770278	18928	131	106	6	19171	112811
UNKNOWN	88	G	0.967085702363	A	0.0173699859162	333	243	18540	55	19171	112811
UNKNOWN	89	C	0.977205153617	T	0.0153356632414	67	18734	76	294	19171	112811
UNKNOWN	90	A	0.967502999322	G	0.022221063064	18548	150	426	47	19171	112811
UNKNOWN	91	G	0.8254133848	A	0.13092692087	2510	572	15824	265	19171	112811
UNKNOWN	92	C	0.970319753795	T	0.0172134995566	75	18602	164	330	19171	112811
UNKNOWN	93	T	0.985655417036	C	0.0056335089458	99	108	68	18896	19171	112811
UNKNOWN	94	A	0.982004068645	C	0.00798080433989	18826	153	76	116	19171	112811
UNKNOWN	95	T	0.982212717125	C	0.0140837723645	14	270	57	18830	19171	112811
UNKNOWN	96	G	0.878931719785	A	0.0827291221115	1586	313	16850	422	19171	112811
UNKNOWN	97	C	0.917323040008	G	0.0404256428981	341	17586	775	469	19171	112811
UNKNOWN	98	T	0.988576495749	G	0.00599864378488	19	85	115	18952	19171	112811
UNKNOWN	99	G	0.961087058578	A	0.0351572687914	674	22	18425	50	19171	112811
UNKNOWN	100	T	0.998017839445	C	0.00104324239737	14	20	4	19133	19171	112811
UNKNOWN	101	A	0.971154347713	G	0.0181524177143	18618	129	348	76	19171	112811
UNKNOWN	102	A	0.959730843461	G	0.0366699702676	18399	58	703	11	19171	112811
UNKNOWN	103	G	0.798810703667	A	0.128162328517	2457	1015	15314	385	19171	112811
UNKNOWN	104	C	0.982108392885	T	0.0141880966042	44	18828	27	272	19171	112811
UNKNOWN	105	T	0.994522977414	G	0.00323405143185	19	24	62	19066	19171	112811
UNKNOWN	106	G	0.999008919722	T	0.000521621198686	6	3	19152	10	19171	112811
UNKNOWN	107	G	0.997652704606	T	0.00161702571593	7	7	19126	31	19171	112811
UNKNOWN	108	G	0.961608679777	A	0.0268634917323	515	98	18435	123	19171	112811
UNKNOWN	109	T	0.994835950133	C	0.00438161806896	6	84	9	19072	19171	112811
UNKNOWN	110	C	0.995148922852	T	0.0028167544729	34	19078	5	54	19171	112811
UNKNOWN	111	C	0.999008919722	G	0.000625945438423	0	19152	12	7	19171	112811
UNKNOWN	112	G	0.998800271243	C	0.000886756037765	3	17	19148	3	19171	112811
UNKNOWN	113	C	0.998174325805	T	0.00135621511658	7	19136	2	26	19171	112811
UNKNOWN	114	C	0.998643784883	A	0.00073026967816	14	19145	2	10	19171	112811
UNKNOWN	115	A	0.991706222941	G	0.00594648166501	19012	41	114	4	19171	112811
UNKNOWN	116	G	0.996609462209	A	0.00302540295238	58	5	19106	2	19171	112811
UNKNOWN	117	G	0.984664336759	A	0.0128318814877	246	30	18877	18	19171	112811
UNKNOWN	118	C	0.997183245527	T	0.00239945751395	0	19117	8	46	19171	112811
UNKNOWN	119	T	0.995409733452	C	0.00359918627093	3	69	16	19083	19171	112811
UNKNOWN	120	C	0.998435136404	T	0.000834593917897	7	19141	7	16	19171	112811
UNKNOWN	121	C	0.998539460644	A	0.000938918157634	18	19143	7	3	19171	112811
UNKNOWN	122	A	0.989880548746	G	0.00834593917897	18977	29	160	5	19171	112811
UNKNOWN	123	G	0.999113243962	A	0.000521621198686	10	2	19154	5	19171	112811
UNKNOWN	124	G	0.998852433363	A	0.000886756037765	17	1	19149	4	19171	112811
UNKNOWN	125	G	0.99598351677	A	0.00354702415106	68	9	19094	0	19171	112811
UNKNOWN	126	A	0.998852433363	G	0.00073026967816	19149	8	14	0	19171	112811
UNKNOWN	127	A	0.995148922852	G	0.00432945594909	19078	10	83	0	19171	112811
UNKNOWN	128	G	0.999687027281	A	0.000208648479474	4	2	19165	0	19171	112811
UNKNOWN	129	G	0.98002190809	A	0.0165353919983	317	60	18788	6	19171	112811
UNKNOWN	130	C	0.994940274373	G	0.00292107871264	12	19074	56	29	19171	112811
UNKNOWN	131	G	0.967920296281	A	0.0224818736633	431	71	18556	113	19171	112811
UNKNOWN	132	C	0.994888112253	T	0.00333837567159	21	19073	13	64	19171	112811
UNKNOWN	133	T	0.990923791143	C	0.00552918470607	4	106	64	18997	19171	112811
UNKNOWN	134	G	0.972927859788	A	0.0163267435189	313	10	18652	196	19171	112811
UNKNOWN	135	G	0.997861353085	A	0.000834593917897	16	15	19130	10	19171	112811
UNKNOWN	136	A	0.997548380366	G	0.00151270147619	19124	13	29	5	19171	112811
UNKNOWN	137	G	0.989254603307	A	0.00959783005581	184	7	18965	15	19171	112811
UNKNOWN	138	T	0.998278650044	G	0.000938918157634	1	14	18	19138	19171	112811
UNKNOWN	139	G	0.986750821553	A	0.0106410724532	204	25	18917	25	19171	112811
UNKNOWN	140	C	0.780136664754	G	0.187105523968	19	14956	3587	609	19171	112811
UNKNOWN	141	C	0.847008502426	G	0.135412863179	303	16238	2596	34	19171	112811
UNKNOWN	142	T	0.995618381931	C	0.00255594387356	8	49	27	19087	19171	112811
UNKNOWN	143	C	0.812320692713	T	0.183662824057	30	15573	47	3521	19171	112811
UNKNOWN	144	G	0.995357571332	A	0.00302540295238	58	11	19082	20	19171	112811
UNKNOWN	145	G	0.988472171509	C	0.00860674977831	26	165	18950	30	19171	112811
UNKNOWN	146	T	0.972562724949	G	0.013092692087	126	149	251	18645	19171	112811
UNKNOWN	147	G	0.738719941578	A	0.211256585468	4050	429	14162	530	19171	112811
UNKNOWN	148	G	0.651452715038	A	0.273381670231	5241	862	12489	579	19171	112811
UNKNOWN	149	T	0.948933284649	G	0.0237859266601	281	242	456	18192	19171	112811
UNKNOWN	150	A	0.956966251108	G	0.0400083459392	18346	33	767	25	19171	112811
UNKNOWN	151	T	0.995670544051	A	0.00161702571593	31	27	25	19088	19171	112811
UNKNOWN	152	A	0.963747326691	T	0.0147097178029	18476	138	275	282	19171	112811
UNKNOWN	153	A	0.932763027489	G	0.0570653591362	17882	109	1094	86	19171	112811
UNKNOWN	154	G	0.887225496844	A	0.0831985811903	1595	426	17009	141	19171	112811
UNKNOWN	155	C	0.939961400031	T	0.0353659172709	238	18020	235	678	19171	112811
UNKNOWN	156	A	0.914036826457	G	0.0761566950081	17523	142	1460	46	19171	112811
UNKNOWN	157	G	0.940900318189	A	0.035313755151	677	339	18038	117	19171	112811
UNKNOWN	158	T	0.963434353972	G	0.0152835011215	150	258	293	18470	19171	112811
UNKNOWN	159	G	0.866256324657	A	0.110531532001	2119	282	16607	163	19171	112811
UNKNOWN	160	G	0.892493870951	A	0.0791820979605	1518	382	17110	161	19171	112811
UNKNOWN	161	T	0.979865421731	G	0.011110531532	85	88	213	18785	19171	112811
UNKNOWN	162	G	0.990975953263	A	0.00824161493923	158	7	18998	8	19171	112811
UNKNOWN	163	G	0.99201919566	A	0.00552918470607	106	35	19018	12	19171	112811
UNKNOWN	164	A	0.967033540243	G	0.0262897084137	18539	63	504	65	19171	112811
UNKNOWN	165	A	0.942308695425	G	0.046424286683	18065	91	890	125	19171	112811
UNKNOWN	166	G	0.661937301132	A	0.186166605811	3569	1600	12690	1312	19171	112811
UNKNOWN	167	C	0.923113035314	T	0.0304626780032	393	17697	497	584	19171	112811
UNKNOWN	168	A	0.978352720255	G	0.0155964738407	18756	55	299	61	19171	112811
UNKNOWN	169	C	0.97616191122	T	0.0136664754056	130	18714	65	262	19171	112811
UNKNOWN	170	A	0.982317041365	G	0.0118408012102	18832	29	227	83	19171	112811
UNKNOWN	171	G	0.845026341871	T	0.112722341036	640	170	16200	2161	19171	112811
UNKNOWN	172	G	0.788378279693	A	0.169057430494	3241	401	15114	415	19171	112811
UNKNOWN	173	C	0.97600542486	G	0.0143967450837	55	18711	276	129	19171	112811
UNKNOWN	174	T	0.993688383496	C	0.00312972719211	36	60	25	19050	19171	112811
UNKNOWN	175	A	0.992697303218	T	0.00479891502791	19031	25	23	92	19171	112811
UNKNOWN	176	T	0.983777580721	C	0.0136664754056	37	262	12	18860	19171	112811
UNKNOWN	177	A	0.991758385061	C	0.00474675290804	19013	91	62	5	19171	112811
UNKNOWN	178	A	0.993844869856	G	0.00333837567159	19053	47	64	7	19171	112811
UNKNOWN	179	C	0.901935214647	T	0.0903447916123	49	17291	99	1732	19171	112811
UNKNOWN	180	C	0.964529758489	T	0.0211256585468	58	18491	217	405	19171	112811
UNKNOWN	181	C	0.991393250222	T	0.00422513170935	59	19006	25	81	19171	112811
UNKNOWN	182	A	0.991080277502	G	0.00552918470607	19000	45	106	20	19171	112811
UNKNOWN	183	G	0.976996505138	A	0.0155443117208	298	58	18730	85	19171	112811
UNKNOWN	184	C	0.989202441187	T	0.00453810442856	36	18964	84	87	19171	112811
UNKNOWN	185	C	0.997704866726	A	0.00156486359606	30	19127	4	10	19171	112811
UNKNOWN	186	C	0.994679463773	T	0.00276459235303	29	19069	20	53	19171	112811
UNKNOWN	187	T	0.99587919253	C	0.0018256741954	15	35	29	19092	19171	112811
UNKNOWN	188	G	0.979135152053	A	0.0149183662824	286	61	18771	53	19171	112811
UNKNOWN	189	A	0.990558656304	G	0.00584215742528	18990	67	112	2	19171	112811
UNKNOWN	190	A	0.992645141099	G	0.00459026654843	19030	34	88	19	19171	112811
UNKNOWN	191	A	0.991862709301	G	0.00354702415106	19015	57	68	31	19171	112811
UNKNOWN	192	T	0.994783788013	C	0.00302540295238	12	58	30	19071	19171	112811
UNKNOWN	193	C	0.996765948568	T	0.00234729539408	15	19109	2	45	19171	112811
UNKNOWN	194	C	0.992280006259	T	0.00438161806896	22	19023	42	84	19171	112811
UNKNOWN	195	C	0.996609462209	G	0.00187783631527	20	19106	36	9	19171	112811
UNKNOWN	196	G	0.997652704606	A	0.00125189087685	24	9	19126	12	19171	112811
UNKNOWN	197	G	0.948776798289	A	0.0411037504564	788	98	18189	96	19171	112811
UNKNOWN	198	C	0.993114600177	T	0.00354702415106	17	19039	47	68	19171	112811
UNKNOWN	199	T	0.994627301654	C	0.0028167544729	21	54	28	19068	19171	112811
UNKNOWN	200	C	0.994053518335	T	0.00297324083251	48	19057	9	57	19171	112811
UNKNOWN	201	A	0.994731625893	G	0.00333837567159	19070	35	64	2	19171	112811
UNKNOWN	202	G	0.984455688279	C	0.0112670178916	39	216	18873	43	19171	112811
UNKNOWN	203	C	0.950393824005	T	0.0397475353398	93	18220	96	762	19171	112811
UNKNOWN	204	A	0.991810547181	G	0.0038078347504	19014	29	73	55	19171	112811
UNKNOWN	205	T	0.995566219811	C	0.00255594387356	12	49	24	19086	19171	112811
UNKNOWN	206	C	0.990193521465	T	0.00693756194252	46	18983	9	133	19171	112811
UNKNOWN	207	A	0.990871629023	T	0.00323405143185	18996	56	57	62	19171	112811
UNKNOWN	208	C	0.993114600177	G	0.00297324083251	36	19039	57	39	19171	112811
UNKNOWN	209	C	0.970058943195	T	0.0152313390016	128	18597	154	292	19171	112811
UNKNOWN	210	A	0.995566219811	C	0.00224297115435	19086	43	40	2	19171	112811
UNKNOWN	211	A	0.989150279067	G	0.00871107401805	18963	37	167	4	19171	112811
UNKNOWN	212	G	0.979500286892	A	0.0190913358719	366	20	18778	7	19171	112811
UNKNOWN	213	G	0.993792707736	A	0.00505972562725	97	17	19052	5	19171	112811
UNKNOWN	214	A	0.993114600177	C	0.00375567263054	19039	72	42	18	19171	112811
UNKNOWN	215	C	0.981482447447	T	0.00813729069949	129	18816	70	156	19171	112811
UNKNOWN	216	A	0.993271086537	G	0.00438161806896	19042	26	84	19	19171	112811
UNKNOWN	217	A	0.986855145793	G	0.00652026498357	18919	104	125	23	19171	112811
UNKNOWN	218	C	0.977465964217	T	0.017839444995	17	18739	73	342	19171	112811
UNKNOWN	219	T	0.99222784414	C	0.00370351051067	35	71	43	19022	19171	112811
UNKNOWN	220	C	0.995670544051	A	0.00229513327422	44	19088	6	33	19171	112811
UNKNOWN	221	C	0.990610818424	T	0.00438161806896	75	18991	21	84	19171	112811
UNKNOWN	222	A	0.99201919566	G	0.00427729382922	19018	69	82	2	19171	112811
UNKNOWN	223	A	0.9921235199	G	0.00719837254186	19020	7	138	6	19171	112811
UNKNOWN	224	G	0.991601898701	A	0.00469459078817	90	60	19010	11	19171	112811
UNKNOWN	225	A	0.990819466903	G	0.0054770225862	18995	56	105	15	19171	112811
UNKNOWN	226	G	0.96046111314	A	0.0335924051953	644	93	18413	21	19171	112811
UNKNOWN	227	C	0.971988941631	T	0.0238380887799	33	18634	47	457	19171	112811
UNKNOWN	228	C	0.993323248657	A	0.00438161806896	84	19043	38	6	19171	112811
UNKNOWN	229	A	0.99598351677	G	0.00208648479474	19094	22	40	15	19171	112811
UNKNOWN	230	A	0.979813259611	G	0.0185175525533	18784	22	355	10	19171	112811
UNKNOWN	231	G	0.974753533984	A	0.0168483647175	323	73	18687	88	19171	112811
UNKNOWN	232	T	0.995096760732	C	0.00370351051067	8	71	15	19077	19171	112811
UNKNOWN	233	C	0.975483803662	G	0.0118408012102	22	18701	227	221	19171	112811
UNKNOWN	234	T	0.99196703354	C	0.00375567263054	23	72	59	19017	19171	112811
UNKNOWN	235	C	0.993740545616	T	0.00542486046633	14	19051	2	104	19171	112811
UNKNOWN	236	T	0.986802983673	C	0.00771999374055	21	148	84	18918	19171	112811
UNKNOWN	237	C	0.993218924417	T	0.00495540138751	10	19041	25	95	19171	112811
UNKNOWN	238	T	0.995566219811	G	0.00255594387356	6	30	49	19086	19171	112811
UNKNOWN	239	G	0.966459756925	A	0.0231599812216	444	132	18528	67	19171	112811
UNKNOWN	240	T	0.990454332064	A	0.00396432111001	76	56	51	18988	19171	112811
UNKNOWN	241	C	0.990245683585	T	0.0064681028637	49	18984	14	124	19171	112811
UNKNOWN	242	A	0.979761097491	G	0.0126232330082	18783	114	242	32	19171	112811
UNKNOWN	243	G	0.919409524803	C	0.0389651035418	625	747	17626	173	19171	112811
UNKNOWN	244	T	0.995618381931	G	0.00208648479474	16	28	40	19087	19171	112811
UNKNOWN	245	G	0.974910020343	A	0.0169526889573	325	80	18690	76	19171	112811
UNKNOWN	246	A	0.985759741276	G	0.00918053309687	18898	76	176	21	19171	112811
UNKNOWN	247	G	0.948828960409	A	0.0343226748735	658	229	18190	94	19171	112811
UNKNOWN	248	C	0.966459756925	T	0.0251943038965	93	18528	67	483	19171	112811
UNKNOWN	249	A	0.985603254916	G	0.0112670178916	18895	56	216	4	19171	112811
UNKNOWN	250	G	0.980856502008	A	0.0124145845287	238	116	18804	13	19171	112811
UNKNOWN	251	C	0.991080277502	T	0.00500756350738	31	19000	44	96	19171	112811
UNKNOWN	252	G	0.988889468468	A	0.00792864222002	152	19	18958	42	19171	112811
UNKNOWN	253	T	0.994575139534	C	0.00276459235303	10	53	41	19067	19171	112811
UNKNOWN	254	G	0.966042459966	A	0.0237337645402	455	124	18520	72	19171	112811
UNKNOWN	255	A	0.989932710865	G	0.00719837254186	18978	41	138	14	19171	112811
UNKNOWN	256	C	0.993062438057	A	0.00328621355172	63	19038	19	51	19171	112811
UNKNOWN	257	A	0.981430285327	G	0.0105367482134	18815	117	202	37	19171	112811
UNKNOWN	258	C	0.926973032184	A	0.0575869803349	1104	17771	129	167	19171	112811
UNKNOWN	259	C	0.988993792708	T	0.00714621042199	23	18960	51	137	19171	112811
UNKNOWN	260	T	0.978665692974	C	0.0129883678473	23	249	137	18762	19171	112811
UNKNOWN	261	G	0.993688383496	A	0.0046424286683	89	10	19050	22	19171	112811
UNKNOWN	262	A	0.992801627458	G	0.00505972562725	19033	29	97	12	19171	112811
UNKNOWN	263	G	0.963643002452	A	0.0218037661051	418	208	18474	71	19171	112811
UNKNOWN	264	G	0.992384330499	A	0.0046424286683	89	20	19025	37	19171	112811
UNKNOWN	265	A	0.99217568202	C	0.00385999687027	19021	74	49	27	19171	112811
UNKNOWN	266	C	0.982108392885	T	0.00871107401805	126	18828	50	167	19171	112811
UNKNOWN	267	A	0.978196233895	T	0.0108497209327	18753	48	162	208	19171	112811
UNKNOWN	268	C	0.993166762297	G	0.00323405143185	49	19040	62	20	19171	112811
UNKNOWN	269	G	0.883939283292	A	0.11094882896	2127	52	16946	46	19171	112811
UNKNOWN	270	G	0.9921235199	C	0.0028167544729	51	54	19020	46	19171	112811
UNKNOWN	271	C	0.992749465338	A	0.00406864534975	78	19032	47	14	19171	112811
UNKNOWN	272	C	0.9921235199	A	0.00406864534975	78	19020	26	47	19171	112811
UNKNOWN	273	A	0.991132439622	G	0.00459026654843	19001	47	88	35	19171	112811
UNKNOWN	274	C	0.98795055031	T	0.0054770225862	97	18940	29	105	19171	112811
UNKNOWN	275	A	0.978874341453	G	0.0137707996453	18766	61	264	80	19171	112811
UNKNOWN	276	T	0.991706222941	A	0.00312972719211	60	43	56	19012	19171	112811
UNKNOWN	277	A	0.99222784414	C	0.0044859423087	19022	86	36	27	19171	112811
UNKNOWN	278	C	0.951906525481	T	0.0451202336863	42	18249	15	865	19171	112811
UNKNOWN	279	T	0.989515413906	C	0.0038078347504	65	73	63	18970	19171	112811
UNKNOWN	280	A	0.983725418601	T	0.00704188618225	18859	129	48	135	19171	112811
UNKNOWN	281	C	0.97600542486	T	0.0220645767044	13	18711	24	423	19171	112811
UNKNOWN	282	T	0.990767304783	G	0.00657242710344	32	19	126	18994	19171	112811
