Type	Position	Nucl1	Freq1	Nucl2	Freq2	NumAs	NumCs	NumGs	NumTs	NumAligned	NumNaive
UNKNOWN	0	C	1.0	A	0.0	0	8847	0	0	8847	112811
UNKNOWN	1	A	1.0	C	0.0	8847	0	0	0	8847	112811
UNKNOWN	2	G	1.0	A	0.0	0	0	8847	0	8847	112811
UNKNOWN	3	G	1.0	A	0.0	0	0	8847	0	8847	112811
UNKNOWN	4	T	1.0	A	0.0	0	0	0	8847	8847	112811
UNKNOWN	5	G	1.0	A	0.0	0	0	8847	0	8847	112811
UNKNOWN	6	C	1.0	A	0.0	0	8847	0	0	8847	112811
UNKNOWN	7	A	0.998530575336	G	0.00135639199729	8834	0	12	1	8847	112811
UNKNOWN	8	G	0.994461399344	A	0.00384311065898	34	8	8798	7	8847	112811
UNKNOWN	9	C	0.972872160054	G	0.02667570928	0	8607	236	4	8847	112811
UNKNOWN	10	T	0.999095738668	C	0.000791228665084	0	7	1	8839	8847	112811
UNKNOWN	11	G	0.999547869334	A	0.000226065332881	2	1	8843	1	8847	112811
UNKNOWN	12	C	0.999095738668	T	0.000904261331525	0	8839	0	8	8847	112811
UNKNOWN	13	G	0.998643608003	A	0.00113032666441	10	1	8835	1	8847	112811
UNKNOWN	14	G	0.893636260879	C	0.105572510456	5	934	7906	2	8847	112811
UNKNOWN	15	G	0.999660902001	C	0.000226065332881	0	2	8844	1	8847	112811
UNKNOWN	16	A	0.992652876681	C	0.00565163332203	8782	50	14	1	8847	112811
UNKNOWN	17	G	0.997513281338	A	0.00203458799593	18	2	8825	2	8847	112811
UNKNOWN	18	T	0.998869673336	C	0.000452130665762	2	4	4	8837	8847	112811
UNKNOWN	19	C	0.999773934667	A	0.000113032666441	1	8845	0	1	8847	112811
UNKNOWN	20	G	0.996043856675	A	0.00339097999322	30	3	8812	2	8847	112811
UNKNOWN	21	G	0.998078444671	T	0.00135639199729	0	5	8830	12	8847	112811
UNKNOWN	22	G	0.999434836668	A	0.000226065332881	2	2	8842	1	8847	112811
UNKNOWN	23	C	0.999321804001	T	0.000565163332203	1	8841	0	5	8847	112811
UNKNOWN	24	C	0.999208771335	A	0.000339097999322	3	8840	1	3	8847	112811
UNKNOWN	25	C	0.999434836668	T	0.000339097999322	2	8842	0	3	8847	112811
UNKNOWN	26	C	0.999660902001	T	0.000226065332881	1	8844	0	2	8847	112811
UNKNOWN	27	A	0.997400248672	G	0.00146942466373	8824	9	13	1	8847	112811
UNKNOWN	28	G	0.996269922007	A	0.00180852266305	16	9	8814	8	8847	112811
UNKNOWN	29	C	0.995252628009	A	0.00169548999661	15	8805	12	15	8847	112811
UNKNOWN	30	C	0.998869673336	A	0.000678195998644	6	8837	0	4	8847	112811
UNKNOWN	31	T	0.998869673336	C	0.000678195998644	0	6	4	8837	8847	112811
UNKNOWN	32	G	0.984966655363	A	0.0137899853058	122	4	8714	7	8847	112811
UNKNOWN	33	G	0.99841754267	C	0.000678195998644	5	6	8833	3	8847	112811
UNKNOWN	34	T	0.997965412004	C	0.00135639199729	3	12	3	8829	8847	112811
UNKNOWN	35	G	0.998982706002	A	0.000791228665084	7	1	8838	1	8847	112811
UNKNOWN	36	A	0.994348366678	C	0.00440827399118	8797	39	6	5	8847	112811
UNKNOWN	37	A	0.985531818696	C	0.00712105798576	8719	63	63	2	8847	112811
UNKNOWN	38	G	0.995704758675	A	0.00237368599525	21	2	8809	15	8847	112811
UNKNOWN	39	C	0.998643608003	T	0.00124335933085	0	8835	1	11	8847	112811
UNKNOWN	40	C	0.999773934667	A	0.000113032666441	1	8845	1	0	8847	112811
UNKNOWN	41	C	0.99841754267	G	0.00135639199729	0	8833	12	2	8847	112811
UNKNOWN	42	T	0.997852379338	C	0.00158245733017	1	14	4	8828	8847	112811
UNKNOWN	43	C	0.999321804001	A	0.000339097999322	3	8841	1	2	8847	112811
UNKNOWN	44	A	0.995478693342	C	0.00259975132813	8807	23	16	1	8847	112811
UNKNOWN	45	C	0.998982706002	G	0.000791228665084	2	8838	7	0	8847	112811
UNKNOWN	46	A	0.996948118006	C	0.00214762066237	8820	19	8	0	8847	112811
UNKNOWN	47	G	0.999095738668	A	0.000678195998644	6	2	8839	0	8847	112811
UNKNOWN	48	A	0.996722052673	G	0.00203458799593	8818	11	18	0	8847	112811
UNKNOWN	49	C	0.999095738668	T	0.000565163332203	1	8839	2	5	8847	112811
UNKNOWN	50	C	0.997400248672	T	0.00146942466373	1	8824	9	13	8847	112811
UNKNOWN	51	C	0.999321804001	T	0.000678195998644	0	8841	0	6	8847	112811
UNKNOWN	52	T	0.996722052673	C	0.0030518819939	1	27	1	8818	8847	112811
UNKNOWN	53	C	0.999547869334	T	0.000452130665762	0	8843	0	4	8847	112811
UNKNOWN	54	T	0.997739346671	C	0.00146942466373	2	13	5	8827	8847	112811
UNKNOWN	55	C	0.999208771335	G	0.000339097999322	2	8840	3	2	8847	112811
UNKNOWN	56	C	0.996722052673	G	0.00169548999661	5	8818	15	9	8847	112811
UNKNOWN	57	C	0.997965412004	A	0.00101729399797	9	8829	3	6	8847	112811
UNKNOWN	58	T	0.99841754267	C	0.00146942466373	0	13	1	8833	8847	112811
UNKNOWN	59	C	0.999208771335	A	0.000565163332203	5	8840	1	1	8847	112811
UNKNOWN	60	A	0.995365660676	C	0.00327794732678	8806	29	11	1	8847	112811
UNKNOWN	61	C	0.998982706002	T	0.000678195998644	0	8838	3	6	8847	112811
UNKNOWN	62	C	0.998643608003	G	0.000791228665084	0	8835	7	5	8847	112811
UNKNOWN	63	T	0.998982706002	C	0.000678195998644	0	6	3	8838	8847	112811
UNKNOWN	64	G	0.999321804001	A	0.000339097999322	3	3	8841	0	8847	112811
UNKNOWN	65	C	0.999095738668	T	0.000565163332203	3	8839	0	5	8847	112811
UNKNOWN	66	A	0.994687464677	C	0.00350401265966	8800	31	8	8	8847	112811
UNKNOWN	67	C	0.998643608003	T	0.00101729399797	0	8835	3	9	8847	112811
UNKNOWN	68	G	0.988131570024	A	0.0083644173166	74	31	8742	0	8847	112811
UNKNOWN	69	A	0.730191025206	G	0.246072114841	6460	199	2177	11	8847	112811
UNKNOWN	70	T	0.990279190686	C	0.00915564598169	1	81	4	8761	8847	112811
UNKNOWN	71	C	0.99491353001	G	0.00316491466034	6	8802	28	11	8847	112811
UNKNOWN	72	T	0.997061150673	C	0.00169548999661	4	15	7	8821	8847	112811
UNKNOWN	73	C	0.998982706002	T	0.000904261331525	0	8838	1	8	8847	112811
UNKNOWN	74	T	0.994235334012	C	0.00429524132474	2	38	11	8796	8847	112811
UNKNOWN	75	G	0.996948118006	A	0.00282581666102	25	2	8820	0	8847	112811
UNKNOWN	76	G	0.99841754267	A	0.00124335933085	11	1	8833	2	8847	112811
UNKNOWN	77	A	0.989261896688	C	0.00802531931728	8752	71	18	6	8847	112811
UNKNOWN	78	T	0.997626314005	C	0.00113032666441	3	10	8	8826	8847	112811
UNKNOWN	79	T	0.995365660676	C	0.00395614332542	2	35	4	8806	8847	112811
UNKNOWN	80	C	0.997174183339	T	0.00237368599525	0	8822	4	21	8847	112811
UNKNOWN	81	T	0.995478693342	C	0.00327794732678	3	29	8	8807	8847	112811
UNKNOWN	82	C	0.998982706002	T	0.000678195998644	3	8838	0	6	8847	112811
UNKNOWN	83	A	0.992539844015	C	0.00373007799254	8781	33	24	9	8847	112811
UNKNOWN	84	T	0.986323047361	C	0.0132248219736	0	117	4	8726	8847	112811
UNKNOWN	85	T	0.996156889341	C	0.00226065332881	1	20	13	8813	8847	112811
UNKNOWN	86	G	0.987114276026	A	0.0107381033119	95	8	8733	11	8847	112811
UNKNOWN	87	A	0.989035831355	G	0.00553860065559	8750	48	49	0	8847	112811
UNKNOWN	88	G	0.957951848084	A	0.0328925059342	291	47	8475	34	8847	112811
UNKNOWN	89	C	0.970046343393	T	0.0193285859613	42	8582	52	171	8847	112811
UNKNOWN	90	A	0.986775178026	G	0.00938171131457	8730	18	83	16	8847	112811
UNKNOWN	91	G	0.961003730078	A	0.0285972646095	253	50	8502	42	8847	112811
UNKNOWN	92	C	0.988131570024	T	0.0077992539844	6	8742	30	69	8847	112811
UNKNOWN	93	T	0.984966655363	A	0.00983384198033	87	20	26	8714	8847	112811
UNKNOWN	94	A	0.987001243359	C	0.00632982932067	8732	56	24	35	8847	112811
UNKNOWN	95	T	0.992765909348	C	0.00373007799254	3	33	28	8783	8847	112811
UNKNOWN	96	G	0.917034022833	A	0.0586639538827	519	55	8113	160	8847	112811
UNKNOWN	97	C	0.79834972307	G	0.148637956369	253	7063	1315	216	8847	112811
UNKNOWN	98	T	0.991635582683	C	0.00621679665423	5	55	14	8773	8847	112811
UNKNOWN	99	G	0.984853622697	A	0.0126596586413	112	6	8713	16	8847	112811
UNKNOWN	100	T	0.998191477337	C	0.000791228665084	4	7	5	8831	8847	112811
UNKNOWN	101	A	0.98191477337	G	0.00994687464677	8687	59	88	13	8847	112811
UNKNOWN	102	G	0.90855657285	A	0.0847744998305	750	37	8038	22	8847	112811
UNKNOWN	103	G	0.952865378094	A	0.0282581666102	250	117	8430	50	8847	112811
UNKNOWN	104	C	0.994800497344	T	0.00395614332542	3	8801	8	35	8847	112811
UNKNOWN	105	T	0.995704758675	G	0.00226065332881	6	12	20	8809	8847	112811
UNKNOWN	106	G	0.999208771335	T	0.000452130665762	3	0	8840	4	8847	112811
UNKNOWN	107	G	0.998982706002	A	0.000565163332203	5	1	8838	3	8847	112811
UNKNOWN	108	G	0.983271165367	A	0.00813835198372	72	56	8699	20	8847	112811
UNKNOWN	109	T	0.997174183339	C	0.00237368599525	1	21	3	8822	8847	112811
UNKNOWN	110	C	0.984966655363	G	0.0116423646434	3	8714	103	27	8847	112811
UNKNOWN	111	C	0.998869673336	G	0.000791228665084	0	8837	7	3	8847	112811
UNKNOWN	112	G	0.998304510003	C	0.000904261331525	5	8	8832	2	8847	112811
UNKNOWN	113	C	0.998756640669	T	0.000791228665084	3	8836	1	7	8847	112811
UNKNOWN	114	C	0.998530575336	A	0.00113032666441	10	8834	2	1	8847	112811
UNKNOWN	115	A	0.99491353001	G	0.0036170453261	8802	13	32	0	8847	112811
UNKNOWN	116	G	0.999321804001	C	0.000339097999322	1	3	8841	2	8847	112811
UNKNOWN	117	G	0.987340341359	A	0.00757318865152	67	11	8735	34	8847	112811
UNKNOWN	118	C	0.998078444671	T	0.00169548999661	2	8830	0	15	8847	112811
UNKNOWN	119	T	0.995591726009	C	0.00282581666102	6	25	8	8808	8847	112811
UNKNOWN	120	C	0.998530575336	T	0.000904261331525	4	8834	1	8	8847	112811
UNKNOWN	121	C	0.998756640669	A	0.000791228665084	7	8836	2	2	8847	112811
UNKNOWN	122	A	0.985870916695	G	0.012320560642	8722	12	109	4	8847	112811
UNKNOWN	123	G	0.999321804001	A	0.000452130665762	4	2	8841	0	8847	112811
UNKNOWN	124	G	0.998191477337	A	0.00158245733017	14	0	8831	2	8847	112811
UNKNOWN	125	G	0.993670170679	A	0.00565163332203	50	5	8791	1	8847	112811
UNKNOWN	126	A	0.996948118006	G	0.00158245733017	8820	11	14	2	8847	112811
UNKNOWN	127	A	0.979767152707	C	0.0118684299763	8668	105	72	2	8847	112811
UNKNOWN	128	G	0.998304510003	A	0.00113032666441	10	1	8832	4	8847	112811
UNKNOWN	129	G	0.989940092687	A	0.00712105798576	63	24	8758	2	8847	112811
UNKNOWN	130	C	0.996948118006	G	0.00214762066237	2	8820	19	6	8847	112811
UNKNOWN	131	G	0.97490674805	A	0.0211371086244	187	19	8625	16	8847	112811
UNKNOWN	132	C	0.987905504691	T	0.00870351531593	14	8740	16	77	8847	112811
UNKNOWN	133	T	0.991522550017	G	0.00599073132135	3	19	53	8772	8847	112811
UNKNOWN	134	G	0.973211258054	A	0.021024075958	186	4	8610	47	8847	112811
UNKNOWN	135	G	0.997174183339	A	0.00146942466373	13	7	8822	5	8847	112811
UNKNOWN	136	A	0.994461399344	G	0.0036170453261	8798	16	32	1	8847	112811
UNKNOWN	137	G	0.92856335481	A	0.067480501865	597	21	8215	14	8847	112811
UNKNOWN	138	T	0.984740590031	A	0.0118684299763	105	12	18	8712	8847	112811
UNKNOWN	139	G	0.96507290607	A	0.0244150559512	216	23	8538	70	8847	112811
UNKNOWN	140	T	0.908669605516	C	0.0634113258732	8	561	239	8039	8847	112811
UNKNOWN	141	C	0.973437323386	G	0.023849892619	11	8612	211	13	8847	112811
UNKNOWN	142	T	0.999095738668	G	0.000678195998644	0	2	6	8839	8847	112811
UNKNOWN	143	T	0.919746806827	C	0.0699672205267	12	619	79	8137	8847	112811
UNKNOWN	144	G	0.990957386685	A	0.00813835198372	72	2	8767	6	8847	112811
UNKNOWN	145	G	0.995591726009	C	0.00259975132813	4	23	8808	12	8847	112811
UNKNOWN	146	T	0.982140838702	C	0.00904261331525	44	80	34	8689	8847	112811
UNKNOWN	147	G	0.88979315022	A	0.10353792246	916	8	7872	51	8847	112811
UNKNOWN	148	G	0.947100712106	C	0.0215892392902	190	191	8379	87	8847	112811
UNKNOWN	149	T	0.966768396066	G	0.0185373572963	80	50	164	8553	8847	112811
UNKNOWN	150	A	0.969255114728	G	0.0269017746129	8575	17	238	17	8847	112811
UNKNOWN	151	T	0.994687464677	G	0.00203458799593	13	16	18	8800	8847	112811
UNKNOWN	152	A	0.962247089409	T	0.0196676839607	8513	55	105	174	8847	112811
UNKNOWN	153	A	0.943257601447	G	0.049508307901	8345	34	438	30	8847	112811
UNKNOWN	154	G	0.857013676953	A	0.110093817113	974	268	7582	23	8847	112811
UNKNOWN	155	T	0.937153837459	C	0.0501865038996	64	444	48	8291	8847	112811
UNKNOWN	156	A	0.825929693681	G	0.166723183	7307	43	1475	22	8847	112811
UNKNOWN	157	G	0.920198937493	A	0.0356052899288	315	290	8141	101	8847	112811
UNKNOWN	158	T	0.970385441393	G	0.0197807166271	27	60	175	8585	8847	112811
UNKNOWN	159	G	0.779360235108	A	0.179721939641	1590	253	6895	109	8847	112811
UNKNOWN	160	G	0.857352774952	A	0.0860178591613	761	379	7585	122	8847	112811
UNKNOWN	161	T	0.951848084096	C	0.0292754606081	42	259	125	8421	8847	112811
UNKNOWN	162	G	0.991974680683	A	0.0072340906522	64	6	8776	1	8847	112811
UNKNOWN	163	G	0.995365660676	A	0.00384311065898	34	4	8806	3	8847	112811
UNKNOWN	164	A	0.977845597378	G	0.0193285859613	8651	15	171	10	8847	112811
UNKNOWN	165	A	0.946196450774	G	0.0460042952413	8371	41	407	28	8847	112811
UNKNOWN	166	G	0.679439357974	A	0.178704645643	1581	679	6011	576	8847	112811
UNKNOWN	167	C	0.904374364191	T	0.0431784785803	313	8001	151	382	8847	112811
UNKNOWN	168	A	0.974115519385	G	0.0209110432915	8618	26	185	18	8847	112811
UNKNOWN	169	C	0.968350853397	T	0.0271278399457	29	8567	11	240	8847	112811
UNKNOWN	170	A	0.988809766022	G	0.00972080931389	8748	3	86	10	8847	112811
UNKNOWN	171	G	0.962925285407	A	0.0249802192834	221	22	8519	85	8847	112811
UNKNOWN	172	G	0.845484344976	A	0.10986775178	972	311	7480	84	8847	112811
UNKNOWN	173	C	0.980332316039	T	0.00960777664745	13	8673	76	85	8847	112811
UNKNOWN	174	T	0.995026562677	C	0.00248671866169	17	22	5	8803	8847	112811
UNKNOWN	175	A	0.995026562677	C	0.00226065332881	8803	20	4	20	8847	112811
UNKNOWN	176	T	0.984062394032	C	0.0135639199729	17	120	4	8706	8847	112811
UNKNOWN	177	A	0.985192720696	C	0.0118684299763	8716	105	17	9	8847	112811
UNKNOWN	178	A	0.995252628009	C	0.00282581666102	8805	25	13	4	8847	112811
UNKNOWN	179	C	0.902678874195	T	0.0621679665423	18	7986	293	550	8847	112811
UNKNOWN	180	C	0.938171131457	T	0.0404656945857	32	8300	157	358	8847	112811
UNKNOWN	181	C	0.98982706002	T	0.00429524132474	29	8757	23	38	8847	112811
UNKNOWN	182	A	0.985531818696	G	0.0083644173166	8719	35	74	19	8847	112811
UNKNOWN	183	G	0.9831581327	A	0.0102859726461	91	24	8698	34	8847	112811
UNKNOWN	184	C	0.988470668023	T	0.00610376398779	13	8745	35	54	8847	112811
UNKNOWN	185	C	0.997626314005	A	0.00101729399797	9	8826	6	6	8847	112811
UNKNOWN	186	C	0.996722052673	T	0.00169548999661	7	8818	7	15	8847	112811
UNKNOWN	187	T	0.996269922007	G	0.00248671866169	7	4	22	8814	8847	112811
UNKNOWN	188	G	0.987566406692	A	0.0108511359783	96	2	8737	12	8847	112811
UNKNOWN	189	A	0.99174861535	C	0.00474737199051	8774	42	29	2	8847	112811
UNKNOWN	190	A	0.994009268679	T	0.00327794732678	8794	14	10	29	8847	112811
UNKNOWN	191	A	0.99333107268	C	0.00282581666102	8788	25	16	18	8847	112811
UNKNOWN	192	T	0.993896236012	C	0.0036170453261	5	32	17	8793	8847	112811
UNKNOWN	193	C	0.992426811348	A	0.00406917599186	36	8780	2	29	8847	112811
UNKNOWN	194	C	0.991183452018	G	0.00429524132474	15	8769	38	25	8847	112811
UNKNOWN	195	C	0.996156889341	G	0.00226065332881	9	8813	20	5	8847	112811
UNKNOWN	196	G	0.998643608003	C	0.000565163332203	3	5	8835	4	8847	112811
UNKNOWN	197	G	0.945744320109	A	0.0417090539166	369	57	8367	54	8847	112811
UNKNOWN	198	C	0.996043856675	T	0.00271278399457	9	8812	2	24	8847	112811
UNKNOWN	199	T	0.99491353001	C	0.00350401265966	7	31	7	8802	8847	112811
UNKNOWN	200	C	0.994574432011	A	0.00248671866169	22	8799	4	22	8847	112811
UNKNOWN	201	A	0.99174861535	G	0.00497343732339	8774	27	44	2	8847	112811
UNKNOWN	202	G	0.981123544704	C	0.0108511359783	40	96	8680	31	8847	112811
UNKNOWN	203	C	0.93523228213	T	0.0525601898949	42	8274	66	465	8847	112811
UNKNOWN	204	A	0.986775178026	G	0.00983384198033	8730	11	87	19	8847	112811
UNKNOWN	205	T	0.994800497344	C	0.00350401265966	10	31	5	8801	8847	112811
UNKNOWN	206	C	0.983045100034	T	0.01333785464	21	8697	11	118	8847	112811
UNKNOWN	207	A	0.989940092687	G	0.00610376398779	8758	32	54	3	8847	112811
UNKNOWN	208	C	0.992313778682	T	0.0030518819939	18	8779	23	27	8847	112811
UNKNOWN	209	C	0.97682830338	T	0.0132248219736	40	8642	48	117	8847	112811
UNKNOWN	210	A	0.994122301345	G	0.00350401265966	8795	20	31	1	8847	112811
UNKNOWN	211	A	0.985644851362	G	0.0124335933085	8720	15	110	2	8847	112811
UNKNOWN	212	G	0.990392223353	A	0.0083644173166	74	7	8762	4	8847	112811
UNKNOWN	213	G	0.990392223353	A	0.0083644173166	74	5	8762	6	8847	112811
UNKNOWN	214	A	0.993783203346	C	0.0041822086583	8792	37	13	5	8847	112811
UNKNOWN	215	C	0.979428054708	T	0.0114162993105	27	8665	54	101	8847	112811
UNKNOWN	216	A	0.991635582683	G	0.00452130665762	8773	25	40	9	8847	112811
UNKNOWN	217	A	0.982253871369	C	0.00972080931389	8690	86	64	7	8847	112811
UNKNOWN	218	C	0.981236577371	T	0.01333785464	4	8681	44	118	8847	112811
UNKNOWN	219	T	0.992200746016	C	0.0030518819939	25	27	17	8778	8847	112811
UNKNOWN	220	C	0.997400248672	A	0.00203458799593	18	8824	0	5	8847	112811
UNKNOWN	221	C	0.993783203346	A	0.00429524132474	38	8792	5	12	8847	112811
UNKNOWN	222	A	0.991974680683	G	0.00587769865491	8776	18	52	1	8847	112811
UNKNOWN	223	A	0.988696733356	G	0.0102859726461	8747	6	91	3	8847	112811
UNKNOWN	224	G	0.986549112694	A	0.00655589465355	58	15	8728	46	8847	112811
UNKNOWN	225	A	0.992765909348	G	0.00486040465695	8783	16	43	5	8847	112811
UNKNOWN	226	G	0.959195207415	A	0.0354922572623	314	40	8486	7	8847	112811
UNKNOWN	227	C	0.977167401379	T	0.018989487962	22	8645	12	168	8847	112811
UNKNOWN	228	C	0.993218040014	A	0.00452130665762	40	8787	13	7	8847	112811
UNKNOWN	229	A	0.996156889341	C	0.00158245733017	8813	14	12	8	8847	112811
UNKNOWN	230	A	0.988131570024	G	0.010512037979	8742	5	93	7	8847	112811
UNKNOWN	231	G	0.970611506725	A	0.0177461286312	157	53	8587	50	8847	112811
UNKNOWN	232	T	0.992426811348	C	0.00621679665423	5	55	7	8780	8847	112811
UNKNOWN	233	C	0.984401492031	T	0.00915564598169	17	8709	40	81	8847	112811
UNKNOWN	234	T	0.990844354018	C	0.00519950265627	15	46	20	8766	8847	112811
UNKNOWN	235	C	0.994348366678	T	0.00486040465695	6	8797	1	43	8847	112811
UNKNOWN	236	T	0.991522550017	C	0.00565163332203	3	50	22	8772	8847	112811
UNKNOWN	237	C	0.991296484684	T	0.00768622131796	4	8770	5	68	8847	112811
UNKNOWN	238	T	0.996043856675	G	0.00259975132813	1	11	23	8812	8847	112811
UNKNOWN	239	G	0.935797445462	A	0.055159941223	488	32	8279	48	8847	112811
UNKNOWN	240	T	0.992426811348	C	0.00429524132474	11	38	18	8780	8847	112811
UNKNOWN	241	C	0.981688708037	T	0.0152594099695	26	8685	1	135	8847	112811
UNKNOWN	242	A	0.982366904035	G	0.00949474398101	8691	34	84	38	8847	112811
UNKNOWN	243	G	0.765457217136	C	0.172826946988	437	1529	6772	109	8847	112811
UNKNOWN	244	T	0.994348366678	G	0.00327794732678	4	17	29	8797	8847	112811
UNKNOWN	245	G	0.973889454052	A	0.0188764552956	167	37	8616	27	8847	112811
UNKNOWN	246	A	0.986096982028	G	0.0110772013112	8724	21	98	4	8847	112811
UNKNOWN	247	G	0.967446592065	A	0.0230586639539	204	64	8559	20	8847	112811
UNKNOWN	248	C	0.972193964056	T	0.0195546512942	46	8601	27	173	8847	112811
UNKNOWN	249	A	0.988018537357	G	0.00666892732	8741	10	59	37	8847	112811
UNKNOWN	250	G	0.985983949361	C	0.00972080931389	32	86	8723	6	8847	112811
UNKNOWN	251	C	0.986888210693	T	0.00938171131457	7	8731	26	83	8847	112811
UNKNOWN	252	G	0.992313778682	A	0.00316491466034	28	16	8779	24	8847	112811
UNKNOWN	253	T	0.99333107268	G	0.00282581666102	10	24	25	8788	8847	112811
UNKNOWN	254	G	0.942579405448	A	0.0395614332542	350	39	8339	119	8847	112811
UNKNOWN	255	A	0.983836328699	G	0.0102859726461	8704	26	91	26	8847	112811
UNKNOWN	256	C	0.986549112694	A	0.00678195998644	60	8728	35	24	8847	112811
UNKNOWN	257	A	0.97682830338	G	0.0144681813044	8642	38	128	39	8847	112811
UNKNOWN	258	A	0.777777777778	C	0.20165027693	6881	1784	151	31	8847	112811
UNKNOWN	259	C	0.959873403414	G	0.0203458799593	65	8492	180	110	8847	112811
UNKNOWN	260	T	0.977393466712	C	0.0115293319769	34	102	64	8647	8847	112811
UNKNOWN	261	G	0.991635582683	A	0.00519950265627	46	6	8773	22	8847	112811
UNKNOWN	262	A	0.992087713349	G	0.00542556798915	8777	19	48	3	8847	112811
UNKNOWN	263	G	0.954221770092	A	0.0269017746129	238	121	8442	46	8847	112811
UNKNOWN	264	G	0.990279190686	A	0.00621679665423	55	6	8761	25	8847	112811
UNKNOWN	265	A	0.991635582683	C	0.00508646998983	8773	45	27	2	8847	112811
UNKNOWN	266	C	0.986436080027	A	0.00632982932067	56	8727	16	48	8847	112811
UNKNOWN	267	A	0.978523793376	T	0.00972080931389	8657	24	80	86	8847	112811
UNKNOWN	268	C	0.990731321352	A	0.00406917599186	36	8765	34	12	8847	112811
UNKNOWN	269	G	0.961116762744	A	0.0342488979315	303	15	8503	26	8847	112811
UNKNOWN	270	G	0.991183452018	C	0.00316491466034	27	28	8769	23	8847	112811
UNKNOWN	271	C	0.991522550017	A	0.00599073132135	53	8772	14	8	8847	112811
UNKNOWN	272	C	0.989940092687	A	0.00542556798915	48	8758	21	20	8847	112811
UNKNOWN	273	A	0.99174861535	G	0.00406917599186	8774	26	36	11	8847	112811
UNKNOWN	274	C	0.985644851362	A	0.00757318865152	67	8720	15	45	8847	112811
UNKNOWN	275	A	0.980784446705	G	0.00960777664745	8677	46	85	39	8847	112811
UNKNOWN	276	T	0.991296484684	G	0.0041822086583	28	12	37	8770	8847	112811
UNKNOWN	277	A	0.988809766022	C	0.00599073132135	8748	53	36	10	8847	112811
UNKNOWN	278	C	0.949135300102	T	0.0471346219057	19	8397	14	417	8847	112811
UNKNOWN	279	T	0.979880185374	C	0.00949474398101	41	84	53	8669	8847	112811
UNKNOWN	280	A	0.978071662711	C	0.00802531931728	8653	71	65	58	8847	112811
UNKNOWN	281	C	0.972533062055	T	0.0241889906183	15	8604	14	214	8847	112811
UNKNOWN	282	T	0.988018537357	G	0.00983384198033	7	12	87	8741	8847	112811
