Type	Position	Nucl1	Freq1	Nucl2	Freq2	NumAs	NumCs	NumGs	NumTs	NumAligned	NumNaive
UNKNOWN	0	C	1.0	A	0.0	0	14347	0	0	14347	85826
UNKNOWN	1	A	1.0	C	0.0	14347	0	0	0	14347	85826
UNKNOWN	2	G	1.0	A	0.0	0	0	14347	0	14347	85826
UNKNOWN	3	G	1.0	A	0.0	0	0	14347	0	14347	85826
UNKNOWN	4	T	1.0	A	0.0	0	0	0	14347	14347	85826
UNKNOWN	5	G	1.0	A	0.0	0	0	14347	0	14347	85826
UNKNOWN	6	C	1.0	A	0.0	0	14347	0	0	14347	85826
UNKNOWN	7	A	0.997421063637	G	0.0017425245696	14310	5	25	7	14347	85826
UNKNOWN	8	G	0.993029901722	A	0.0060639855022	87	11	14247	2	14347	85826
UNKNOWN	9	C	0.997699867568	T	0.00188192653516	3	14314	3	27	14347	85826
UNKNOWN	10	T	0.999163588207	C	0.000836411793406	0	12	0	14335	14347	85826
UNKNOWN	11	G	0.998327176413	A	0.00118491670733	17	5	14323	2	14347	85826
UNKNOWN	12	C	0.999233289189	T	0.000627308845055	0	14336	2	9	14347	85826
UNKNOWN	13	G	0.999302990172	A	0.000418205896703	6	2	14337	2	14347	85826
UNKNOWN	14	C	0.536767268418	G	0.460653795219	25	7701	6609	12	14347	85826
UNKNOWN	15	G	0.999163588207	A	0.000487906879487	7	4	14335	1	14347	85826
UNKNOWN	16	A	0.996654352826	C	0.00223043144908	14299	32	13	3	14347	85826
UNKNOWN	17	G	0.996027043981	A	0.00369415208754	53	2	14290	2	14347	85826
UNKNOWN	18	T	0.99874538231	C	0.000697009827839	3	10	5	14329	14347	85826
UNKNOWN	19	C	0.999512093121	T	0.000418205896703	0	14340	1	6	14347	85826
UNKNOWN	20	G	0.993378406636	A	0.00571548058828	82	7	14252	6	14347	85826
UNKNOWN	21	G	0.997142259706	T	0.00146372063846	10	10	14306	21	14347	85826
UNKNOWN	22	G	0.998884784275	A	0.000418205896703	6	6	14331	4	14347	85826
UNKNOWN	23	C	0.999860598034	T	0.000139401965568	0	14345	0	2	14347	85826
UNKNOWN	24	C	0.999302990172	A	0.000487906879487	7	14337	1	2	14347	85826
UNKNOWN	25	C	0.999163588207	T	0.000766710810622	1	14335	0	11	14347	85826
UNKNOWN	26	C	0.998884784275	A	0.000766710810622	11	14331	1	4	14347	85826
UNKNOWN	27	A	0.996445249878	G	0.00181222555238	14296	23	26	2	14347	85826
UNKNOWN	28	G	0.995330034153	A	0.00334564717363	48	15	14280	4	14347	85826
UNKNOWN	29	C	0.997978671499	T	0.00118491670733	4	14318	8	17	14347	85826
UNKNOWN	30	C	0.999302990172	T	0.000627308845055	0	14337	1	9	14347	85826
UNKNOWN	31	T	0.997281661671	C	0.00153342162124	3	22	14	14308	14347	85826
UNKNOWN	32	G	0.995399735136	A	0.00404265700146	58	2	14281	6	14347	85826
UNKNOWN	33	G	0.998048372482	T	0.000766710810622	10	7	14319	11	14347	85826
UNKNOWN	34	T	0.997630166585	C	0.00153342162124	3	22	9	14313	14347	85826
UNKNOWN	35	G	0.997699867568	A	0.00181222555238	26	4	14314	3	14347	85826
UNKNOWN	36	A	0.996933156758	C	0.00160312260403	14303	23	18	3	14347	85826
UNKNOWN	37	A	0.994145117446	G	0.00397295601868	14263	27	57	0	14347	85826
UNKNOWN	38	G	0.998187774448	A	0.00090611277619	13	12	14321	1	14347	85826
UNKNOWN	39	C	0.998187774448	T	0.00111521572454	1	14321	9	16	14347	85826
UNKNOWN	40	C	0.999512093121	T	0.000278803931135	3	14340	0	4	14347	85826
UNKNOWN	41	C	0.99825747543	T	0.00104551474176	0	14322	10	15	14347	85826
UNKNOWN	42	T	0.997072558723	C	0.00243953439744	3	35	4	14305	14347	85826
UNKNOWN	43	C	0.999372691155	A	0.000627308845055	9	14338	0	0	14347	85826
UNKNOWN	44	A	0.995120931205	C	0.00341534815641	14277	49	21	0	14347	85826
UNKNOWN	45	C	0.997630166585	G	0.00167282358681	9	14313	24	1	14347	85826
UNKNOWN	46	A	0.997211960689	C	0.00160312260403	14307	23	17	0	14347	85826
UNKNOWN	47	G	0.997839269534	A	0.00167282358681	24	6	14316	1	14347	85826
UNKNOWN	48	A	0.995469436119	C	0.00271833832857	14282	39	24	2	14347	85826
UNKNOWN	49	C	0.999302990172	T	0.000487906879487	0	14337	3	7	14347	85826
UNKNOWN	50	C	0.998605980344	T	0.00104551474176	1	14327	4	15	14347	85826
UNKNOWN	51	C	0.999093887224	T	0.000697009827839	0	14334	3	10	14347	85826
UNKNOWN	52	T	0.997072558723	C	0.002578936363	5	37	0	14305	14347	85826
UNKNOWN	53	C	0.999163588207	T	0.000697009827839	1	14335	1	10	14347	85826
UNKNOWN	54	T	0.99700285774	C	0.00264863734579	3	38	2	14304	14347	85826
UNKNOWN	55	C	0.999372691155	T	0.000487906879487	2	14338	0	7	14347	85826
UNKNOWN	56	C	0.997839269534	T	0.00125461769011	3	14316	10	18	14347	85826
UNKNOWN	57	C	0.997978671499	T	0.00118491670733	0	14318	12	17	14347	85826
UNKNOWN	58	T	0.996654352826	C	0.00306684324249	4	44	0	14299	14347	85826
UNKNOWN	59	C	0.997839269534	T	0.00125461769011	13	14316	0	18	14347	85826
UNKNOWN	60	A	0.993308705653	C	0.00466996584652	14251	67	19	10	14347	85826
UNKNOWN	61	C	0.99700285774	T	0.00195162751795	7	14304	8	28	14347	85826
UNKNOWN	62	C	0.995469436119	T	0.00383355405311	0	14282	10	55	14347	85826
UNKNOWN	63	T	0.996863455775	C	0.00202132850073	0	29	16	14302	14347	85826
UNKNOWN	64	G	0.998605980344	C	0.00090611277619	4	13	14327	3	14347	85826
UNKNOWN	65	C	0.997699867568	T	0.00139401965568	13	14314	0	20	14347	85826
UNKNOWN	66	A	0.992681396808	C	0.0047396668293	14242	68	33	4	14347	85826
UNKNOWN	67	C	0.997630166585	T	0.00118491670733	1	14313	16	17	14347	85826
UNKNOWN	68	G	0.993378406636	A	0.00620338746776	89	3	14252	3	14347	85826
UNKNOWN	69	G	0.94667874817	A	0.0508120164494	729	12	13582	24	14347	85826
UNKNOWN	70	T	0.979577612044	C	0.0195162751795	2	280	11	14054	14347	85826
UNKNOWN	71	C	0.985014288701	T	0.00780651007179	27	14132	76	112	14347	85826
UNKNOWN	72	T	0.996654352826	C	0.00292744127692	0	42	6	14299	14347	85826
UNKNOWN	73	C	0.99874538231	T	0.00111521572454	1	14329	1	16	14347	85826
UNKNOWN	74	T	0.996584651844	C	0.00188192653516	0	27	22	14298	14347	85826
UNKNOWN	75	G	0.998118073465	A	0.00153342162124	22	4	14320	1	14347	85826
UNKNOWN	76	G	0.99275109779	A	0.00585488255384	84	11	14243	9	14347	85826
UNKNOWN	77	A	0.995330034153	C	0.00195162751795	14280	28	20	19	14347	85826
UNKNOWN	78	T	0.997630166585	C	0.00132431867289	6	19	9	14313	14347	85826
UNKNOWN	79	T	0.997281661671	C	0.00250923538022	3	36	0	14308	14347	85826
UNKNOWN	80	C	0.994842127274	T	0.00446086289817	3	14273	7	64	14347	85826
UNKNOWN	81	T	0.99623614693	C	0.00306684324249	3	44	7	14293	14347	85826
UNKNOWN	82	C	0.997351362654	T	0.00160312260403	15	14309	0	23	14347	85826
UNKNOWN	83	A	0.989823656514	C	0.00487906879487	14201	70	45	31	14347	85826
UNKNOWN	84	T	0.855231058758	C	0.141841499965	19	2035	23	12270	14347	85826
UNKNOWN	85	T	0.997839269534	G	0.00125461769011	2	11	18	14316	14347	85826
UNKNOWN	86	G	0.985502195581	A	0.0133825886945	192	3	14139	13	14347	85826
UNKNOWN	87	A	0.990032759462	G	0.00494876977765	14204	59	71	13	14347	85826
UNKNOWN	88	G	0.97121349411	A	0.0204920889385	294	99	13934	20	14347	85826
UNKNOWN	89	C	0.981180734648	T	0.0127552798494	60	14077	27	183	14347	85826
UNKNOWN	90	A	0.986756813271	G	0.0108036523315	14157	31	155	4	14347	85826
UNKNOWN	91	G	0.935875095839	A	0.0448874329128	644	188	13427	88	14347	85826
UNKNOWN	92	C	0.969401268558	T	0.0200738830418	66	13908	85	288	14347	85826
UNKNOWN	93	T	0.983062661184	A	0.00634278943333	91	61	91	14104	14347	85826
UNKNOWN	94	A	0.984526381822	C	0.00599428451941	14125	86	63	73	14347	85826
UNKNOWN	95	T	0.993308705653	C	0.0039032550359	4	56	36	14251	14347	85826
UNKNOWN	96	G	0.918449850143	A	0.0539485606747	774	187	13177	209	14347	85826
UNKNOWN	97	C	0.921098487489	G	0.0414720847564	221	13215	595	316	14347	85826
UNKNOWN	98	T	0.995608838085	G	0.00243953439744	4	24	35	14284	14347	85826
UNKNOWN	99	G	0.97421063637	A	0.0225134174392	323	12	13977	35	14347	85826
UNKNOWN	100	T	0.995469436119	C	0.00285774029414	17	41	7	14282	14347	85826
UNKNOWN	101	A	0.958318812295	G	0.0286471039242	13749	58	411	129	14347	85826
UNKNOWN	102	A	0.502544085872	G	0.481703492019	7210	85	6911	141	14347	85826
UNKNOWN	103	G	0.79243047327	A	0.147766083502	2120	645	11369	213	14347	85826
UNKNOWN	104	C	0.980135219907	T	0.0123370739527	73	14062	35	177	14347	85826
UNKNOWN	105	T	0.997281661671	G	0.00139401965568	2	17	20	14308	14347	85826
UNKNOWN	106	G	0.999442392138	T	0.000418205896703	2	0	14339	6	14347	85826
UNKNOWN	107	G	0.998884784275	C	0.000487906879487	3	7	14331	6	14347	85826
UNKNOWN	108	G	0.982156548407	A	0.0119885690388	172	45	14091	39	14347	85826
UNKNOWN	109	T	0.996514950861	C	0.00313654422527	1	45	4	14297	14347	85826
UNKNOWN	110	C	0.996514950861	T	0.00285774029414	5	14297	4	41	14347	85826
UNKNOWN	111	C	0.998396877396	G	0.00104551474176	0	14324	15	8	14347	85826
UNKNOWN	112	G	0.998048372482	C	0.00132431867289	8	19	14319	1	14347	85826
UNKNOWN	113	C	0.995330034153	T	0.00418205896703	4	14280	3	60	14347	85826
UNKNOWN	114	C	0.99825747543	A	0.00125461769011	18	14322	1	6	14347	85826
UNKNOWN	115	A	0.993726911549	G	0.00411235798425	14257	24	59	7	14347	85826
UNKNOWN	116	G	0.998327176413	A	0.00118491670733	17	4	14323	3	14347	85826
UNKNOWN	117	G	0.986059803443	A	0.0115703631421	166	27	14147	7	14347	85826
UNKNOWN	118	C	0.997908970516	T	0.00167282358681	0	14317	6	24	14347	85826
UNKNOWN	119	T	0.995469436119	C	0.00376385307033	2	54	9	14282	14347	85826
UNKNOWN	120	C	0.998536279362	T	0.000836411793406	5	14326	4	12	14347	85826
UNKNOWN	121	C	0.998466578379	A	0.00125461769011	18	14325	1	3	14347	85826
UNKNOWN	122	A	0.986408308357	G	0.0123370739527	14152	14	177	4	14347	85826
UNKNOWN	123	G	0.998327176413	C	0.00132431867289	5	19	14323	0	14347	85826
UNKNOWN	124	G	0.998187774448	A	0.00160312260403	23	0	14321	3	14347	85826
UNKNOWN	125	G	0.98898724472	A	0.0105248484004	151	5	14189	2	14347	85826
UNKNOWN	126	A	0.997699867568	G	0.00195162751795	14314	3	28	2	14347	85826
UNKNOWN	127	A	0.992402592877	G	0.00662159336447	14238	12	95	2	14347	85826
UNKNOWN	128	G	0.999233289189	A	0.000487906879487	7	2	14336	2	14347	85826
UNKNOWN	129	G	0.991287377152	A	0.00641249041611	92	28	14222	5	14347	85826
UNKNOWN	130	C	0.99700285774	G	0.00188192653516	2	14304	27	14	14347	85826
UNKNOWN	131	G	0.991635882066	A	0.00480936781209	69	37	14227	14	14347	85826
UNKNOWN	132	C	0.990938872238	T	0.00801561302014	10	14217	5	115	14347	85826
UNKNOWN	133	T	0.9894751516	C	0.00724890220952	23	104	24	14196	14347	85826
UNKNOWN	134	G	0.664459468879	T	0.323551962083	118	54	9533	4642	14347	85826
UNKNOWN	135	G	0.991705583049	C	0.00460026486373	40	66	14228	13	14347	85826
UNKNOWN	136	A	0.995608838085	G	0.00341534815641	14284	8	49	6	14347	85826
UNKNOWN	137	G	0.982017146442	A	0.0144281034363	207	17	14089	34	14347	85826
UNKNOWN	138	T	0.995678539067	G	0.00195162751795	17	17	28	14285	14347	85826
UNKNOWN	139	G	0.979786714993	A	0.0172858437304	248	19	14057	23	14347	85826
UNKNOWN	140	C	0.695685509166	G	0.274482470203	23	9981	3938	405	14347	85826
UNKNOWN	141	C	0.753188819962	G	0.228828326479	231	10806	3283	27	14347	85826
UNKNOWN	142	T	0.997281661671	C	0.0017425245696	4	25	10	14308	14347	85826
UNKNOWN	143	C	0.740015334216	T	0.25538440092	5	10617	61	3664	14347	85826
UNKNOWN	144	G	0.995051230222	A	0.00362445110476	52	4	14276	15	14347	85826
UNKNOWN	145	G	0.992681396808	C	0.00550637763992	5	79	14242	21	14347	85826
UNKNOWN	146	T	0.984874886736	G	0.00829441695128	30	68	119	14130	14347	85826
UNKNOWN	147	G	0.858716107897	A	0.118282567784	1697	77	12320	253	14347	85826
UNKNOWN	148	G	0.904649055552	A	0.0529030459329	759	358	12979	251	14347	85826
UNKNOWN	149	T	0.961803861434	G	0.0190980692828	193	81	274	13799	14347	85826
UNKNOWN	150	A	0.939708649892	G	0.055133477382	13482	28	791	46	14347	85826
UNKNOWN	151	T	0.989893357496	C	0.00564577960549	37	81	27	14202	14347	85826
UNKNOWN	152	A	0.942496689203	G	0.0307381334077	13522	104	441	280	14347	85826
UNKNOWN	153	A	0.90360354081	G	0.0785530075974	12964	152	1127	104	14347	85826
UNKNOWN	154	G	0.855509862689	A	0.111939778351	1606	340	12274	127	14347	85826
UNKNOWN	155	C	0.85453404893	T	0.0929811110337	333	12260	420	1334	14347	85826
UNKNOWN	156	A	0.928626193629	G	0.0651007179201	13323	68	934	22	14347	85826
UNKNOWN	157	G	0.904927859483	A	0.0463511535513	665	555	12983	144	14347	85826
UNKNOWN	158	T	0.979647313027	G	0.0140098975396	39	52	201	14055	14347	85826
UNKNOWN	159	G	0.901791315258	A	0.0793894193908	1139	215	12938	55	14347	85826
UNKNOWN	160	G	0.904370251621	A	0.0582700216073	836	378	12975	158	14347	85826
UNKNOWN	161	T	0.987872028996	C	0.00557607862271	20	80	74	14173	14347	85826
UNKNOWN	162	G	0.990450965359	A	0.00801561302014	115	13	14210	9	14347	85826
UNKNOWN	163	G	0.983829371994	A	0.0137310936084	197	15	14115	20	14347	85826
UNKNOWN	164	A	0.977068376664	G	0.0178434515927	14018	47	256	26	14347	85826
UNKNOWN	165	A	0.94716665505	G	0.0476754722242	13589	37	684	37	14347	85826
UNKNOWN	166	G	0.765874398829	A	0.132780372203	1905	760	10988	694	14347	85826
UNKNOWN	167	C	0.910782742037	T	0.0389628493762	350	13067	371	559	14347	85826
UNKNOWN	168	A	0.973374224577	G	0.0182616574894	13965	94	262	26	14347	85826
UNKNOWN	169	C	0.971352896076	T	0.0202132850073	86	13936	35	290	14347	85826
UNKNOWN	170	A	0.984247577891	G	0.00745800515787	14121	65	107	54	14347	85826
UNKNOWN	171	T	0.590994633024	G	0.345228967728	684	231	4953	8479	14347	85826
UNKNOWN	172	A	0.716735205966	G	0.241583606329	10283	287	3466	311	14347	85826
UNKNOWN	173	C	0.979020004182	T	0.0126855788667	18	14046	101	182	14347	85826
UNKNOWN	174	T	0.992472293859	C	0.00418205896703	32	60	16	14239	14347	85826
UNKNOWN	175	A	0.987802328013	T	0.0064821913989	14172	23	59	93	14347	85826
UNKNOWN	176	T	0.97797448944	C	0.0179828535582	27	258	31	14031	14347	85826
UNKNOWN	177	A	0.990799470273	C	0.00460026486373	14215	66	60	6	14347	85826
UNKNOWN	178	A	0.99198438698	G	0.00501847076044	14232	39	72	4	14347	85826
UNKNOWN	179	C	0.930926326061	T	0.0559001881927	57	13356	132	802	14347	85826
UNKNOWN	180	C	0.967937547919	T	0.0218861085941	55	13887	91	314	14347	85826
UNKNOWN	181	C	0.98473548477	A	0.00662159336447	95	14128	36	88	14347	85826
UNKNOWN	182	A	0.990311563393	G	0.00676099533003	14208	25	97	17	14347	85826
UNKNOWN	183	G	0.97922910713	A	0.0111521572454	160	87	14049	51	14347	85826
UNKNOWN	184	C	0.985641597547	T	0.00724890220952	30	14141	72	104	14347	85826
UNKNOWN	185	C	0.998048372482	T	0.000975813758974	10	14319	4	14	14347	85826
UNKNOWN	186	C	0.996724053809	T	0.002578936363	7	14300	3	37	14347	85826
UNKNOWN	187	T	0.995887642016	G	0.00209102948352	11	18	30	14288	14347	85826
UNKNOWN	188	G	0.976231964871	A	0.0140098975396	201	12	14006	128	14347	85826
UNKNOWN	189	A	0.992960200739	G	0.00557607862271	14246	20	80	1	14347	85826
UNKNOWN	190	A	0.992820798773	C	0.00508817174322	14244	73	18	12	14347	85826
UNKNOWN	191	A	0.9914964801	T	0.00292744127692	14225	40	40	42	14347	85826
UNKNOWN	192	T	0.991287377152	C	0.00683069631282	11	98	16	14222	14347	85826
UNKNOWN	193	C	0.997421063637	T	0.00181222555238	11	14310	0	26	14347	85826
UNKNOWN	194	C	0.990660068307	T	0.0043214609326	32	14213	40	62	14347	85826
UNKNOWN	195	C	0.996375548895	G	0.00223043144908	10	14295	32	10	14347	85826
UNKNOWN	196	G	0.99825747543	A	0.000766710810622	11	5	14322	9	14347	85826
UNKNOWN	197	G	0.947863664878	A	0.0418205896703	600	87	13599	61	14347	85826
UNKNOWN	198	C	0.99024186241	T	0.00599428451941	28	14207	26	86	14347	85826
UNKNOWN	199	T	0.994633024326	C	0.00355475012198	10	51	16	14270	14347	85826
UNKNOWN	200	C	0.995120931205	A	0.00236983341465	34	14277	17	19	14347	85826
UNKNOWN	201	A	0.994145117446	G	0.00369415208754	14263	24	53	7	14347	85826
UNKNOWN	202	G	0.981459538579	C	0.0119885690388	36	172	14081	58	14347	85826
UNKNOWN	203	C	0.953648846449	T	0.0351989963058	86	13682	74	505	14347	85826
UNKNOWN	204	A	0.989614553565	G	0.00655189238168	14198	17	94	38	14347	85826
UNKNOWN	205	T	0.995190632188	C	0.00278803931135	13	40	16	14278	14347	85826
UNKNOWN	206	C	0.991705583049	T	0.00529727469157	38	14228	5	76	14347	85826
UNKNOWN	207	A	0.991147975186	G	0.00446086289817	14220	45	64	18	14347	85826
UNKNOWN	208	C	0.993169303687	T	0.00348504913919	16	14249	32	50	14347	85826
UNKNOWN	209	C	0.978322994354	T	0.0110824562626	58	14036	94	159	14347	85826
UNKNOWN	210	A	0.996514950861	G	0.0021607304663	14297	17	31	2	14347	85826
UNKNOWN	211	A	0.985850700495	G	0.0131734857461	14144	13	189	1	14347	85826
UNKNOWN	212	G	0.988150832927	A	0.0105945493831	152	11	14177	7	14347	85826
UNKNOWN	213	G	0.994563323343	A	0.00418205896703	60	7	14269	11	14347	85826
UNKNOWN	214	A	0.995120931205	C	0.00292744127692	14277	42	21	7	14347	85826
UNKNOWN	215	C	0.984805185753	T	0.00871262284798	34	14129	59	125	14347	85826
UNKNOWN	216	A	0.991287377152	G	0.00641249041611	14222	25	92	8	14347	85826
UNKNOWN	217	A	0.982156548407	C	0.00940963267582	14091	135	100	21	14347	85826
UNKNOWN	218	C	0.990381264376	T	0.00766710810622	7	14209	21	110	14347	85826
UNKNOWN	219	T	0.992263190911	C	0.00327594619084	35	47	29	14236	14347	85826
UNKNOWN	220	C	0.996584651844	A	0.002578936363	37	14298	0	12	14347	85826
UNKNOWN	221	C	0.994702725308	A	0.00299714225971	43	14271	4	29	14347	85826
UNKNOWN	222	A	0.990799470273	C	0.00460026486373	14215	66	65	1	14347	85826
UNKNOWN	223	A	0.991287377152	G	0.00759740712344	14222	13	109	3	14347	85826
UNKNOWN	224	G	0.989963058479	C	0.00536697567436	59	77	14203	8	14347	85826
UNKNOWN	225	A	0.991426779118	G	0.00634278943333	14224	23	91	9	14347	85826
UNKNOWN	226	G	0.954973165122	A	0.0367324179271	527	106	13701	13	14347	85826
UNKNOWN	227	C	0.981668641528	T	0.0158918240747	14	14084	21	228	14347	85826
UNKNOWN	228	C	0.993378406636	A	0.0039032550359	56	14252	38	1	14347	85826
UNKNOWN	229	A	0.994842127274	G	0.0021607304663	14273	21	31	22	14347	85826
UNKNOWN	230	A	0.98222624939	G	0.0163797309542	14092	13	235	7	14347	85826
UNKNOWN	231	G	0.970167979369	A	0.020004182059	287	78	13919	63	14347	85826
UNKNOWN	232	T	0.993866313515	C	0.00494876977765	7	71	10	14259	14347	85826
UNKNOWN	233	C	0.981111033666	T	0.0105248484004	27	14076	93	151	14347	85826
UNKNOWN	234	T	0.993657210567	C	0.00383355405311	14	55	22	14256	14347	85826
UNKNOWN	235	C	0.993936014498	T	0.00550637763992	8	14260	0	79	14347	85826
UNKNOWN	236	T	0.9894751516	C	0.0060639855022	12	87	52	14196	14347	85826
UNKNOWN	237	C	0.992611695825	G	0.00404265700146	11	14241	58	37	14347	85826
UNKNOWN	238	T	0.996863455775	G	0.00202132850073	4	12	29	14302	14347	85826
UNKNOWN	239	G	0.969331567575	A	0.0222346135081	319	47	13907	74	14347	85826
UNKNOWN	240	T	0.990381264376	A	0.0043214609326	62	48	28	14209	14347	85826
UNKNOWN	241	C	0.990660068307	T	0.00641249041611	31	14213	11	92	14347	85826
UNKNOWN	242	A	0.987872028996	G	0.00892172579633	14173	32	128	14	14347	85826
UNKNOWN	243	G	0.945005924584	C	0.0234892311982	321	337	13558	131	14347	85826
UNKNOWN	244	T	0.994563323343	C	0.00250923538022	9	36	33	14269	14347	85826
UNKNOWN	245	G	0.975744057991	A	0.017425245696	250	30	13999	68	14347	85826
UNKNOWN	246	A	0.979786714993	G	0.017076740782	14057	30	245	15	14347	85826
UNKNOWN	247	G	0.951069910086	A	0.0310866383216	446	147	13645	109	14347	85826
UNKNOWN	248	C	0.976022861922	T	0.0153342162124	54	14003	70	220	14347	85826
UNKNOWN	249	A	0.98473548477	G	0.0131037847634	14128	25	188	6	14347	85826
UNKNOWN	250	G	0.985362793615	A	0.00927023071025	133	59	14137	18	14347	85826
UNKNOWN	251	C	0.991078274204	T	0.00480936781209	14	14219	45	69	14347	85826
UNKNOWN	252	G	0.988359935875	A	0.00710950024395	102	13	14180	52	14347	85826
UNKNOWN	253	T	0.993587509584	C	0.00327594619084	3	47	42	14255	14347	85826
UNKNOWN	254	G	0.968495155782	A	0.0220255105597	316	41	13895	95	14347	85826
UNKNOWN	255	A	0.988917543737	G	0.00662159336447	14188	43	95	21	14347	85826
UNKNOWN	256	C	0.993169303687	A	0.00341534815641	49	14249	19	30	14347	85826
UNKNOWN	257	A	0.972677214749	G	0.0177737506099	13955	68	255	69	14347	85826
UNKNOWN	258	C	0.905276364397	A	0.0828047675472	1188	12988	79	92	14347	85826
UNKNOWN	259	C	0.988778141772	T	0.00766710810622	22	14186	29	110	14347	85826
UNKNOWN	260	T	0.981738342511	C	0.00927023071025	23	133	106	14085	14347	85826
UNKNOWN	261	G	0.992193489928	A	0.00460026486373	66	6	14235	40	14347	85826
UNKNOWN	262	A	0.987941729978	G	0.0086429218652	14174	35	124	14	14347	85826
UNKNOWN	263	G	0.953788248414	A	0.0294138147348	422	186	13684	55	14347	85826
UNKNOWN	264	G	0.992193489928	A	0.0047396668293	68	8	14235	36	14347	85826
UNKNOWN	265	A	0.989614553565	C	0.00557607862271	14198	80	52	17	14347	85826
UNKNOWN	266	C	0.982574754304	T	0.00843381891685	92	14097	37	121	14347	85826
UNKNOWN	267	A	0.978183592389	T	0.0101763434864	14034	35	132	146	14347	85826
UNKNOWN	268	C	0.992193489928	A	0.00341534815641	49	14235	44	19	14347	85826
UNKNOWN	269	G	0.989684254548	A	0.00439116191538	63	33	14199	52	14347	85826
UNKNOWN	270	G	0.992193489928	T	0.00299714225971	34	35	14235	43	14347	85826
UNKNOWN	271	C	0.993936014498	A	0.00313654422527	45	14260	24	18	14347	85826
UNKNOWN	272	C	0.990869171255	A	0.00557607862271	80	14216	19	32	14347	85826
UNKNOWN	273	A	0.992193489928	G	0.00348504913919	14235	44	50	18	14347	85826
UNKNOWN	274	C	0.986687112288	T	0.00669129434725	79	14156	16	96	14347	85826
UNKNOWN	275	A	0.97971701401	G	0.0102460444692	14056	76	147	68	14347	85826
UNKNOWN	276	T	0.992472293859	G	0.00341534815641	37	22	49	14239	14347	85826
UNKNOWN	277	A	0.991287377152	C	0.00529727469157	14222	76	25	24	14347	85826
UNKNOWN	278	C	0.959921934899	T	0.0374294277549	25	13772	13	537	14347	85826
UNKNOWN	279	T	0.985641597547	C	0.00620338746776	56	89	61	14141	14347	85826
UNKNOWN	280	A	0.982017146442	C	0.00787621105458	14089	113	40	105	14347	85826
UNKNOWN	281	C	0.974489440301	T	0.0221649125253	27	13981	21	318	14347	85826
UNKNOWN	282	T	0.988290234892	G	0.00836411793406	26	22	120	14179	14347	85826
