Type	Position	Nucl1	Freq1	Nucl2	Freq2	NumAs	NumCs	NumGs	NumTs	NumAligned	NumNaive
UNKNOWN	0	C	1.0	A	0.0	0	1101	0	0	1101	136678
UNKNOWN	1	A	1.0	C	0.0	1101	0	0	0	1101	136678
UNKNOWN	2	G	1.0	A	0.0	0	0	1101	0	1101	136678
UNKNOWN	3	G	1.0	A	0.0	0	0	1101	0	1101	136678
UNKNOWN	4	T	1.0	A	0.0	0	0	0	1101	1101	136678
UNKNOWN	5	G	1.0	A	0.0	0	0	1101	0	1101	136678
UNKNOWN	6	C	1.0	A	0.0	0	1101	0	0	1101	136678
UNKNOWN	7	A	0.998183469573	C	0.000908265213442	1099	1	1	0	1101	136678
UNKNOWN	8	G	0.996366939146	A	0.00363306085377	4	0	1097	0	1101	136678
UNKNOWN	9	C	0.99727520436	T	0.00181653042688	0	1098	1	2	1101	136678
UNKNOWN	10	T	0.999091734787	C	0.000908265213442	0	1	0	1100	1101	136678
UNKNOWN	11	G	1.0	A	0.0	0	0	1101	0	1101	136678
UNKNOWN	12	C	1.0	A	0.0	0	1101	0	0	1101	136678
UNKNOWN	13	G	0.999091734787	A	0.000908265213442	1	0	1100	0	1101	136678
UNKNOWN	14	G	0.665758401453	C	0.334241598547	0	368	733	0	1101	136678
UNKNOWN	15	G	0.999091734787	T	0.000908265213442	0	0	1100	1	1101	136678
UNKNOWN	16	A	1.0	C	0.0	1101	0	0	0	1101	136678
UNKNOWN	17	G	0.998183469573	A	0.00181653042688	2	0	1099	0	1101	136678
UNKNOWN	18	T	1.0	A	0.0	0	0	0	1101	1101	136678
UNKNOWN	19	C	1.0	A	0.0	0	1101	0	0	1101	136678
UNKNOWN	20	G	0.996366939146	A	0.00272479564033	3	0	1097	1	1101	136678
UNKNOWN	21	G	0.999091734787	C	0.000908265213442	0	1	1100	0	1101	136678
UNKNOWN	22	G	0.999091734787	C	0.000908265213442	0	1	1100	0	1101	136678
UNKNOWN	23	C	1.0	A	0.0	0	1101	0	0	1101	136678
UNKNOWN	24	C	0.981834695731	T	0.0172570390554	1	1081	0	19	1101	136678
UNKNOWN	25	C	0.980018165304	T	0.0199818346957	0	1079	0	22	1101	136678
UNKNOWN	26	C	0.999091734787	T	0.000908265213442	0	1100	0	1	1101	136678
UNKNOWN	27	A	0.998183469573	C	0.000908265213442	1099	1	1	0	1101	136678
UNKNOWN	28	G	0.99727520436	C	0.00181653042688	1	2	1098	0	1101	136678
UNKNOWN	29	C	0.998183469573	T	0.00181653042688	0	1099	0	2	1101	136678
UNKNOWN	30	C	0.999091734787	G	0.000908265213442	0	1100	1	0	1101	136678
UNKNOWN	31	T	1.0	A	0.0	0	0	0	1101	1101	136678
UNKNOWN	32	G	0.99727520436	A	0.00181653042688	2	0	1098	1	1101	136678
UNKNOWN	33	G	0.999091734787	A	0.000908265213442	1	0	1100	0	1101	136678
UNKNOWN	34	T	0.999091734787	C	0.000908265213442	0	1	0	1100	1101	136678
UNKNOWN	35	G	0.998183469573	A	0.000908265213442	1	1	1099	0	1101	136678
UNKNOWN	36	A	0.998183469573	C	0.000908265213442	1099	1	1	0	1101	136678
UNKNOWN	37	A	0.996366939146	G	0.00363306085377	1097	0	4	0	1101	136678
UNKNOWN	38	G	1.0	A	0.0	0	0	1101	0	1101	136678
UNKNOWN	39	C	0.999091734787	A	0.000908265213442	1	1100	0	0	1101	136678
UNKNOWN	40	C	1.0	A	0.0	0	1101	0	0	1101	136678
UNKNOWN	41	C	0.996366939146	G	0.00272479564033	1	1097	3	0	1101	136678
UNKNOWN	42	T	0.999091734787	C	0.000908265213442	0	1	0	1100	1101	136678
UNKNOWN	43	C	1.0	A	0.0	0	1101	0	0	1101	136678
UNKNOWN	44	A	0.999091734787	G	0.000908265213442	1100	0	1	0	1101	136678
UNKNOWN	45	C	1.0	A	0.0	0	1101	0	0	1101	136678
UNKNOWN	46	A	0.999091734787	C	0.000908265213442	1100	1	0	0	1101	136678
UNKNOWN	47	G	0.99727520436	C	0.00272479564033	0	3	1098	0	1101	136678
UNKNOWN	48	A	0.998183469573	T	0.000908265213442	1099	0	1	1	1101	136678
UNKNOWN	49	C	0.99727520436	T	0.00272479564033	0	1098	0	3	1101	136678
UNKNOWN	50	C	1.0	A	0.0	0	1101	0	0	1101	136678
UNKNOWN	51	C	1.0	A	0.0	0	1101	0	0	1101	136678
UNKNOWN	52	T	0.999091734787	C	0.000908265213442	0	1	0	1100	1101	136678
UNKNOWN	53	C	0.999091734787	T	0.000908265213442	0	1100	0	1	1101	136678
UNKNOWN	54	T	0.999091734787	G	0.000908265213442	0	0	1	1100	1101	136678
UNKNOWN	55	C	1.0	A	0.0	0	1101	0	0	1101	136678
UNKNOWN	56	C	0.998183469573	T	0.000908265213442	0	1099	1	1	1101	136678
UNKNOWN	57	C	0.999091734787	T	0.000908265213442	0	1100	0	1	1101	136678
UNKNOWN	58	T	0.99727520436	C	0.00272479564033	0	3	0	1098	1101	136678
UNKNOWN	59	C	0.999091734787	G	0.000908265213442	0	1100	1	0	1101	136678
UNKNOWN	60	A	0.998183469573	C	0.000908265213442	1099	1	1	0	1101	136678
UNKNOWN	61	C	0.999091734787	T	0.000908265213442	0	1100	0	1	1101	136678
UNKNOWN	62	C	0.996366939146	G	0.00181653042688	1	1097	2	1	1101	136678
UNKNOWN	63	T	1.0	A	0.0	0	0	0	1101	1101	136678
UNKNOWN	64	G	1.0	A	0.0	0	0	1101	0	1101	136678
UNKNOWN	65	C	0.998183469573	T	0.00181653042688	0	1099	0	2	1101	136678
UNKNOWN	66	A	0.993642143506	T	0.00272479564033	1094	1	3	3	1101	136678
UNKNOWN	67	C	0.999091734787	T	0.000908265213442	0	1100	0	1	1101	136678
UNKNOWN	68	G	0.993642143506	A	0.00454132606721	5	1	1094	1	1101	136678
UNKNOWN	69	G	0.936421435059	A	0.0626702997275	69	1	1031	0	1101	136678
UNKNOWN	70	T	0.992733878292	C	0.0063578564941	0	7	1	1093	1101	136678
UNKNOWN	71	C	0.991825613079	G	0.00544959128065	0	1092	6	3	1101	136678
UNKNOWN	72	T	1.0	A	0.0	0	0	0	1101	1101	136678
UNKNOWN	73	C	1.0	A	0.0	0	1101	0	0	1101	136678
UNKNOWN	74	T	0.996366939146	C	0.00181653042688	1	2	1	1097	1101	136678
UNKNOWN	75	G	0.999091734787	A	0.000908265213442	1	0	1100	0	1101	136678
UNKNOWN	76	G	0.990009082652	A	0.00726612170754	8	2	1090	1	1101	136678
UNKNOWN	77	A	0.99727520436	C	0.00181653042688	1098	2	1	0	1101	136678
UNKNOWN	78	T	0.989100817439	C	0.0063578564941	0	7	5	1089	1101	136678
UNKNOWN	79	T	0.99727520436	A	0.00181653042688	2	0	1	1098	1101	136678
UNKNOWN	80	C	0.996366939146	T	0.00272479564033	1	1097	0	3	1101	136678
UNKNOWN	81	T	0.999091734787	G	0.000908265213442	0	0	1	1100	1101	136678
UNKNOWN	82	C	0.996366939146	T	0.00363306085377	0	1097	0	4	1101	136678
UNKNOWN	83	A	0.990917347866	T	0.00363306085377	1091	2	4	4	1101	136678
UNKNOWN	84	T	0.996366939146	C	0.00363306085377	0	4	0	1097	1101	136678
UNKNOWN	85	T	0.999091734787	C	0.000908265213442	0	1	0	1100	1101	136678
UNKNOWN	86	G	0.990009082652	A	0.00999091734787	11	0	1090	0	1101	136678
UNKNOWN	87	A	0.995458673933	G	0.00363306085377	1096	0	4	1	1101	136678
UNKNOWN	88	G	0.969118982743	A	0.0199818346957	22	7	1067	5	1101	136678
UNKNOWN	89	C	0.974568574024	T	0.0154405086285	6	1073	5	17	1101	136678
UNKNOWN	90	A	0.97638510445	G	0.0236148955495	1075	0	26	0	1101	136678
UNKNOWN	91	G	0.901907356948	A	0.0626702997275	69	33	993	6	1101	136678
UNKNOWN	92	C	0.971843778383	T	0.0127157129882	7	1070	10	14	1101	136678
UNKNOWN	93	T	0.966394187103	A	0.0190735694823	21	6	10	1064	1101	136678
UNKNOWN	94	A	0.988192552225	C	0.00454132606721	1088	5	3	5	1101	136678
UNKNOWN	95	T	0.993642143506	C	0.00363306085377	1	4	2	1094	1101	136678
UNKNOWN	96	G	0.930971843778	A	0.0517711171662	57	7	1025	12	1101	136678
UNKNOWN	97	G	0.548592188919	C	0.375113533152	57	413	604	27	1101	136678
UNKNOWN	98	T	0.993642143506	C	0.00454132606721	0	5	2	1094	1101	136678
UNKNOWN	99	G	0.958219800182	A	0.0408719346049	45	1	1055	0	1101	136678
UNKNOWN	100	T	1.0	A	0.0	0	0	0	1101	1101	136678
UNKNOWN	101	A	0.970027247956	G	0.0254314259764	1068	3	28	2	1101	136678
UNKNOWN	102	A	0.499545867393	G	0.492279745686	550	6	542	3	1101	136678
UNKNOWN	103	G	0.834695731153	A	0.101725703906	112	40	919	30	1101	136678
UNKNOWN	104	C	0.984559491371	T	0.00999091734787	1	1084	5	11	1101	136678
UNKNOWN	105	T	1.0	A	0.0	0	0	0	1101	1101	136678
UNKNOWN	106	G	0.999091734787	C	0.000908265213442	0	1	1100	0	1101	136678
UNKNOWN	107	G	0.999091734787	C	0.000908265213442	0	1	1100	0	1101	136678
UNKNOWN	108	G	0.984559491371	A	0.00999091734787	11	5	1084	1	1101	136678
UNKNOWN	109	T	0.99727520436	A	0.000908265213442	1	1	1	1098	1101	136678
UNKNOWN	110	C	0.992733878292	T	0.00363306085377	3	1093	1	4	1101	136678
UNKNOWN	111	C	0.999091734787	T	0.000908265213442	0	1100	0	1	1101	136678
UNKNOWN	112	G	0.998183469573	A	0.00181653042688	2	0	1099	0	1101	136678
UNKNOWN	113	C	0.99727520436	T	0.00272479564033	0	1098	0	3	1101	136678
UNKNOWN	114	C	0.999091734787	A	0.000908265213442	1	1100	0	0	1101	136678
UNKNOWN	115	A	0.999091734787	T	0.000908265213442	1100	0	0	1	1101	136678
UNKNOWN	116	G	1.0	A	0.0	0	0	1101	0	1101	136678
UNKNOWN	117	G	0.988192552225	A	0.00817438692098	9	1	1088	3	1101	136678
UNKNOWN	118	C	0.999091734787	T	0.000908265213442	0	1100	0	1	1101	136678
UNKNOWN	119	T	1.0	A	0.0	0	0	0	1101	1101	136678
UNKNOWN	120	C	0.999091734787	T	0.000908265213442	0	1100	0	1	1101	136678
UNKNOWN	121	C	0.999091734787	A	0.000908265213442	1	1100	0	0	1101	136678
UNKNOWN	122	A	0.971843778383	G	0.0272479564033	1070	1	30	0	1101	136678
UNKNOWN	123	G	1.0	A	0.0	0	0	1101	0	1101	136678
UNKNOWN	124	G	1.0	A	0.0	0	0	1101	0	1101	136678
UNKNOWN	125	G	0.987284287012	A	0.00908265213442	10	2	1087	2	1101	136678
UNKNOWN	126	A	0.998183469573	C	0.000908265213442	1099	1	1	0	1101	136678
UNKNOWN	127	A	0.994550408719	G	0.00363306085377	1095	2	4	0	1101	136678
UNKNOWN	128	G	0.999091734787	A	0.000908265213442	1	0	1100	0	1101	136678
UNKNOWN	129	G	0.992733878292	A	0.00544959128065	6	2	1093	0	1101	136678
UNKNOWN	130	C	0.995458673933	G	0.00454132606721	0	1096	5	0	1101	136678
UNKNOWN	131	G	0.994550408719	A	0.00454132606721	5	0	1095	1	1101	136678
UNKNOWN	132	C	0.998183469573	T	0.00181653042688	0	1099	0	2	1101	136678
UNKNOWN	133	T	0.99727520436	G	0.00181653042688	0	1	2	1098	1101	136678
UNKNOWN	134	G	0.989100817439	A	0.00544959128065	6	0	1089	6	1101	136678
UNKNOWN	135	G	1.0	A	0.0	0	0	1101	0	1101	136678
UNKNOWN	136	A	0.995458673933	G	0.00272479564033	1096	1	3	1	1101	136678
UNKNOWN	137	G	0.972752043597	A	0.0254314259764	28	1	1071	1	1101	136678
UNKNOWN	138	T	0.998183469573	A	0.000908265213442	1	1	0	1099	1101	136678
UNKNOWN	139	G	0.983651226158	A	0.0154405086285	17	1	1083	0	1101	136678
UNKNOWN	140	C	0.480472297911	T	0.411444141689	3	529	116	453	1101	136678
UNKNOWN	141	C	0.920072661217	G	0.0681198910082	13	1013	75	0	1101	136678
UNKNOWN	142	T	1.0	A	0.0	0	0	0	1101	1101	136678
UNKNOWN	143	C	0.513169845595	T	0.481380563124	2	565	4	530	1101	136678
UNKNOWN	144	G	0.99727520436	A	0.00272479564033	3	0	1098	0	1101	136678
UNKNOWN	145	G	0.991825613079	C	0.00454132606721	0	5	1092	4	1101	136678
UNKNOWN	146	T	0.984559491371	C	0.00999091734787	2	11	4	1084	1101	136678
UNKNOWN	147	G	0.910081743869	A	0.0799273387829	88	3	1002	8	1101	136678
UNKNOWN	148	G	0.960036330609	C	0.016348773842	16	18	1057	10	1101	136678
UNKNOWN	149	T	0.977293369664	A	0.00908265213442	10	9	6	1076	1101	136678
UNKNOWN	150	A	0.967302452316	G	0.0326975476839	1065	0	36	0	1101	136678
UNKNOWN	151	T	0.994550408719	C	0.00363306085377	1	4	1	1095	1101	136678
UNKNOWN	152	A	0.97093551317	T	0.0145322434151	1069	3	13	16	1101	136678
UNKNOWN	153	A	0.935513169846	G	0.0535876475931	1030	5	59	7	1101	136678
UNKNOWN	154	G	0.88919164396	A	0.0844686648501	93	26	979	3	1101	136678
UNKNOWN	155	T	0.639418710263	C	0.325158946412	20	358	19	704	1101	136678
UNKNOWN	156	A	0.901907356948	G	0.0871934604905	993	10	96	2	1101	136678
UNKNOWN	157	G	0.910990009083	A	0.05540417802	61	27	1003	10	1101	136678
UNKNOWN	158	T	0.961852861035	A	0.0127157129882	14	14	14	1059	1101	136678
UNKNOWN	159	G	0.849227974569	A	0.122615803815	135	20	935	11	1101	136678
UNKNOWN	160	G	0.898274296094	A	0.0544959128065	60	43	989	9	1101	136678
UNKNOWN	161	T	0.983651226158	G	0.0108991825613	5	1	12	1083	1101	136678
UNKNOWN	162	G	0.988192552225	A	0.00999091734787	11	1	1088	1	1101	136678
UNKNOWN	163	G	0.996366939146	T	0.00272479564033	1	0	1097	3	1101	136678
UNKNOWN	164	A	0.958219800182	G	0.030881017257	1055	8	34	4	1101	136678
UNKNOWN	165	A	0.950953678474	G	0.039055404178	1047	7	43	4	1101	136678
UNKNOWN	166	G	0.680290644868	A	0.172570390554	190	86	749	76	1101	136678
UNKNOWN	167	C	0.894641235241	T	0.05540417802	30	985	25	61	1101	136678
UNKNOWN	168	A	0.980018165304	G	0.0172570390554	1079	2	19	1	1101	136678
UNKNOWN	169	C	0.980018165304	T	0.0145322434151	5	1079	1	16	1101	136678
UNKNOWN	170	A	0.985467756585	G	0.00726612170754	1085	5	8	3	1101	136678
UNKNOWN	171	G	0.945504087193	A	0.0272479564033	30	4	1041	26	1101	136678
UNKNOWN	172	G	0.851044504995	A	0.117166212534	129	24	937	11	1101	136678
UNKNOWN	173	C	0.984559491371	T	0.00817438692098	1	1084	7	9	1101	136678
UNKNOWN	174	T	0.990009082652	C	0.00817438692098	1	9	1	1090	1101	136678
UNKNOWN	175	A	0.990009082652	T	0.0063578564941	1090	2	2	7	1101	136678
UNKNOWN	176	T	0.989100817439	C	0.00999091734787	0	11	1	1089	1101	136678
UNKNOWN	177	A	0.996366939146	C	0.00181653042688	1097	2	2	0	1101	136678
UNKNOWN	178	A	0.989100817439	G	0.00726612170754	1089	3	8	1	1101	136678
UNKNOWN	179	C	0.909173478656	T	0.0799273387829	3	1001	9	88	1101	136678
UNKNOWN	180	C	0.97366030881	G	0.00999091734787	8	1072	11	10	1101	136678
UNKNOWN	181	C	0.992733878292	T	0.0063578564941	0	1093	1	7	1101	136678
UNKNOWN	182	A	0.990917347866	G	0.00454132606721	1091	3	5	2	1101	136678
UNKNOWN	183	G	0.996366939146	A	0.00272479564033	3	1	1097	0	1101	136678
UNKNOWN	184	C	0.988192552225	T	0.00726612170754	0	1088	5	8	1101	136678
UNKNOWN	185	C	0.99727520436	A	0.000908265213442	1	1098	1	1	1101	136678
UNKNOWN	186	C	0.998183469573	A	0.00181653042688	2	1099	0	0	1101	136678
UNKNOWN	187	T	0.996366939146	A	0.00181653042688	2	1	1	1097	1101	136678
UNKNOWN	188	G	0.992733878292	A	0.00544959128065	6	1	1093	1	1101	136678
UNKNOWN	189	A	0.994550408719	T	0.00363306085377	1095	1	1	4	1101	136678
UNKNOWN	190	A	0.990009082652	C	0.0063578564941	1090	7	2	2	1101	136678
UNKNOWN	191	A	0.993642143506	C	0.00363306085377	1094	4	3	0	1101	136678
UNKNOWN	192	T	0.993642143506	C	0.00544959128065	0	6	1	1094	1101	136678
UNKNOWN	193	C	0.986376021798	A	0.00908265213442	10	1086	2	3	1101	136678
UNKNOWN	194	C	0.987284287012	T	0.0063578564941	2	1087	5	7	1101	136678
UNKNOWN	195	C	1.0	A	0.0	0	1101	0	0	1101	136678
UNKNOWN	196	G	0.99727520436	T	0.00272479564033	0	0	1098	3	1101	136678
UNKNOWN	197	G	0.96821071753	A	0.0236148955495	26	6	1066	3	1101	136678
UNKNOWN	198	C	0.998183469573	A	0.000908265213442	1	1099	1	0	1101	136678
UNKNOWN	199	T	0.999091734787	G	0.000908265213442	0	0	1	1100	1101	136678
UNKNOWN	200	C	0.993642143506	T	0.00544959128065	0	1094	1	6	1101	136678
UNKNOWN	201	A	0.998183469573	C	0.000908265213442	1099	1	1	0	1101	136678
UNKNOWN	202	G	0.984559491371	C	0.00726612170754	5	8	1084	4	1101	136678
UNKNOWN	203	C	0.972752043597	T	0.0190735694823	6	1071	3	21	1101	136678
UNKNOWN	204	A	0.992733878292	G	0.00454132606721	1093	1	5	2	1101	136678
UNKNOWN	205	T	0.996366939146	C	0.00363306085377	0	4	0	1097	1101	136678
UNKNOWN	206	C	0.991825613079	T	0.00544959128065	1	1092	2	6	1101	136678
UNKNOWN	207	A	0.983651226158	G	0.0145322434151	1083	1	16	1	1101	136678
UNKNOWN	208	C	0.992733878292	T	0.00363306085377	2	1093	2	4	1101	136678
UNKNOWN	209	C	0.980018165304	G	0.0108991825613	4	1079	12	6	1101	136678
UNKNOWN	210	A	0.99727520436	G	0.00181653042688	1098	1	2	0	1101	136678
UNKNOWN	211	A	0.996366939146	G	0.00272479564033	1097	1	3	0	1101	136678
UNKNOWN	212	G	0.994550408719	A	0.00272479564033	3	3	1095	0	1101	136678
UNKNOWN	213	G	0.996366939146	A	0.00272479564033	3	0	1097	1	1101	136678
UNKNOWN	214	A	0.998183469573	C	0.000908265213442	1099	1	1	0	1101	136678
UNKNOWN	215	C	0.987284287012	T	0.00817438692098	0	1087	5	9	1101	136678
UNKNOWN	216	A	0.990009082652	G	0.00726612170754	1090	0	8	3	1101	136678
UNKNOWN	217	A	0.987284287012	G	0.0063578564941	1087	4	7	3	1101	136678
UNKNOWN	218	C	0.985467756585	T	0.0108991825613	0	1085	4	12	1101	136678
UNKNOWN	219	T	0.994550408719	A	0.00363306085377	4	0	2	1095	1101	136678
UNKNOWN	220	C	0.998183469573	A	0.00181653042688	2	1099	0	0	1101	136678
UNKNOWN	221	C	0.993642143506	T	0.00454132606721	0	1094	2	5	1101	136678
UNKNOWN	222	A	0.994550408719	C	0.00363306085377	1095	4	2	0	1101	136678
UNKNOWN	223	A	0.992733878292	G	0.00726612170754	1093	0	8	0	1101	136678
UNKNOWN	224	G	0.987284287012	C	0.00908265213442	3	10	1087	1	1101	136678
UNKNOWN	225	A	0.993642143506	G	0.00363306085377	1094	1	4	2	1101	136678
UNKNOWN	226	G	0.964577656676	A	0.0326975476839	36	2	1062	1	1101	136678
UNKNOWN	227	C	0.978201634877	T	0.0181653042688	2	1077	2	20	1101	136678
UNKNOWN	228	C	0.991825613079	G	0.0063578564941	2	1092	7	0	1101	136678
UNKNOWN	229	A	0.994550408719	T	0.00272479564033	1095	2	1	3	1101	136678
UNKNOWN	230	A	0.980926430518	G	0.0154405086285	1080	4	17	0	1101	136678
UNKNOWN	231	G	0.97638510445	A	0.0172570390554	19	2	1075	5	1101	136678
UNKNOWN	232	T	0.994550408719	C	0.00454132606721	0	5	1	1095	1101	136678
UNKNOWN	233	C	0.980926430518	G	0.00908265213442	3	1080	10	8	1101	136678
UNKNOWN	234	T	0.994550408719	C	0.00363306085377	0	4	2	1095	1101	136678
UNKNOWN	235	C	0.995458673933	T	0.00454132606721	0	1096	0	5	1101	136678
UNKNOWN	236	T	0.994550408719	C	0.00272479564033	1	3	2	1095	1101	136678
UNKNOWN	237	C	0.998183469573	T	0.00181653042688	0	1099	0	2	1101	136678
UNKNOWN	238	T	0.995458673933	C	0.00363306085377	0	4	1	1096	1101	136678
UNKNOWN	239	G	0.869209809264	A	0.127157129882	140	1	957	3	1101	136678
UNKNOWN	240	T	0.992733878292	A	0.00272479564033	3	3	2	1093	1101	136678
UNKNOWN	241	C	0.991825613079	T	0.00544959128065	2	1092	1	6	1101	136678
UNKNOWN	242	A	0.988192552225	G	0.0063578564941	1088	5	7	1	1101	136678
UNKNOWN	243	C	0.491371480472	G	0.473206176203	28	541	521	11	1101	136678
UNKNOWN	244	T	0.995458673933	C	0.00272479564033	0	3	2	1096	1101	136678
UNKNOWN	245	G	0.980018165304	A	0.00999091734787	11	7	1079	4	1101	136678
UNKNOWN	246	A	0.998183469573	C	0.000908265213442	1099	1	1	0	1101	136678
UNKNOWN	247	G	0.962761126249	A	0.0245231607629	27	10	1060	4	1101	136678
UNKNOWN	248	C	0.982742960945	T	0.00908265213442	6	1082	3	10	1101	136678
UNKNOWN	249	A	0.989100817439	G	0.00817438692098	1089	3	9	0	1101	136678
UNKNOWN	250	G	0.991825613079	A	0.00363306085377	4	3	1092	2	1101	136678
UNKNOWN	251	C	0.990917347866	T	0.00363306085377	3	1091	3	4	1101	136678
UNKNOWN	252	G	0.992733878292	A	0.00363306085377	4	4	1093	0	1101	136678
UNKNOWN	253	T	0.994550408719	C	0.00272479564033	1	3	2	1095	1101	136678
UNKNOWN	254	G	0.97093551317	A	0.0199818346957	22	7	1069	3	1101	136678
UNKNOWN	255	A	0.994550408719	G	0.00363306085377	1095	0	4	2	1101	136678
UNKNOWN	256	C	0.991825613079	T	0.00363306085377	3	1092	2	4	1101	136678
UNKNOWN	257	A	0.974568574024	G	0.0217983651226	1073	1	24	3	1101	136678
UNKNOWN	258	A	0.542234332425	C	0.436875567666	597	481	17	6	1101	136678
UNKNOWN	259	C	0.975476839237	G	0.0136239782016	3	1074	15	9	1101	136678
UNKNOWN	260	T	0.980018165304	G	0.00908265213442	3	9	10	1079	1101	136678
UNKNOWN	261	G	0.990917347866	A	0.00454132606721	5	2	1091	3	1101	136678
UNKNOWN	262	A	0.990009082652	C	0.00908265213442	1090	10	0	1	1101	136678
UNKNOWN	263	G	0.950045413261	A	0.0272479564033	30	21	1046	4	1101	136678
UNKNOWN	264	G	0.990009082652	T	0.00544959128065	4	1	1090	6	1101	136678
UNKNOWN	265	A	0.980018165304	C	0.00999091734787	1079	11	8	3	1101	136678
UNKNOWN	266	C	0.983651226158	T	0.00817438692098	4	1083	5	9	1101	136678
UNKNOWN	267	A	0.986376021798	G	0.00817438692098	1086	2	9	4	1101	136678
UNKNOWN	268	C	0.992733878292	A	0.00544959128065	6	1093	0	2	1101	136678
UNKNOWN	269	G	0.974568574024	A	0.0172570390554	19	4	1073	5	1101	136678
UNKNOWN	270	G	0.988192552225	A	0.00726612170754	8	0	1088	5	1101	136678
UNKNOWN	271	C	0.987284287012	A	0.00908265213442	10	1087	3	1	1101	136678
UNKNOWN	272	C	0.986376021798	G	0.00817438692098	3	1086	9	3	1101	136678
UNKNOWN	273	A	0.995458673933	T	0.00181653042688	1096	1	2	2	1101	136678
UNKNOWN	274	C	0.990009082652	T	0.00363306085377	3	1090	4	4	1101	136678
UNKNOWN	275	A	0.972752043597	G	0.0127157129882	1071	9	14	7	1101	136678
UNKNOWN	276	T	0.992733878292	G	0.00454132606721	3	0	5	1093	1101	136678
UNKNOWN	277	A	0.980926430518	C	0.00817438692098	1080	9	8	4	1101	136678
UNKNOWN	278	C	0.963669391462	T	0.0317892824705	2	1061	3	35	1101	136678
UNKNOWN	279	T	0.982742960945	G	0.00999091734787	3	5	11	1082	1101	136678
UNKNOWN	280	A	0.979109900091	C	0.00817438692098	1078	9	5	9	1101	136678
UNKNOWN	281	C	0.974568574024	T	0.0172570390554	4	1073	5	19	1101	136678
UNKNOWN	282	T	0.989100817439	G	0.00544959128065	3	3	6	1089	1101	136678
