Type	Position	Nucl1	Freq1	Nucl2	Freq2	NumAs	NumCs	NumGs	NumTs	NumAligned	NumNaive
UNKNOWN	0	C	1.0	A	0.0	0	701	0	0	701	340252
UNKNOWN	1	A	1.0	C	0.0	701	0	0	0	701	340252
UNKNOWN	2	G	1.0	A	0.0	0	0	701	0	701	340252
UNKNOWN	3	G	1.0	A	0.0	0	0	701	0	701	340252
UNKNOWN	4	T	1.0	A	0.0	0	0	0	701	701	340252
UNKNOWN	5	G	1.0	A	0.0	0	0	701	0	701	340252
UNKNOWN	6	C	1.0	A	0.0	0	701	0	0	701	340252
UNKNOWN	7	A	0.998573466476	G	0.00142653352354	700	0	1	0	701	340252
UNKNOWN	8	G	0.997146932953	A	0.00285306704708	2	0	699	0	701	340252
UNKNOWN	9	C	1.0	A	0.0	0	701	0	0	701	340252
UNKNOWN	10	T	0.998573466476	C	0.00142653352354	0	1	0	700	701	340252
UNKNOWN	11	G	0.997146932953	A	0.00142653352354	1	1	699	0	701	340252
UNKNOWN	12	C	0.998573466476	T	0.00142653352354	0	700	0	1	701	340252
UNKNOWN	13	A	0.912981455064	G	0.0784593437946	640	5	55	1	701	340252
UNKNOWN	14	G	0.988587731812	C	0.00998573466476	1	7	693	0	701	340252
UNKNOWN	15	G	0.998573466476	A	0.00142653352354	1	0	700	0	701	340252
UNKNOWN	16	A	0.997146932953	T	0.00142653352354	699	0	1	1	701	340252
UNKNOWN	17	G	1.0	A	0.0	0	0	701	0	701	340252
UNKNOWN	18	T	0.998573466476	C	0.00142653352354	0	1	0	700	701	340252
UNKNOWN	19	C	1.0	A	0.0	0	701	0	0	701	340252
UNKNOWN	20	G	1.0	A	0.0	0	0	701	0	701	340252
UNKNOWN	21	G	0.995720399429	C	0.00285306704708	0	2	698	1	701	340252
UNKNOWN	22	G	1.0	A	0.0	0	0	701	0	701	340252
UNKNOWN	23	C	1.0	A	0.0	0	701	0	0	701	340252
UNKNOWN	24	C	0.997146932953	A	0.00142653352354	1	699	0	1	701	340252
UNKNOWN	25	C	0.995720399429	A	0.00285306704708	2	698	0	1	701	340252
UNKNOWN	26	C	0.995720399429	A	0.00285306704708	2	698	0	1	701	340252
UNKNOWN	27	A	1.0	C	0.0	701	0	0	0	701	340252
UNKNOWN	28	G	0.998573466476	T	0.00142653352354	0	0	700	1	701	340252
UNKNOWN	29	C	0.998573466476	T	0.00142653352354	0	700	0	1	701	340252
UNKNOWN	30	C	0.998573466476	T	0.00142653352354	0	700	0	1	701	340252
UNKNOWN	31	T	0.998573466476	C	0.00142653352354	0	1	0	700	701	340252
UNKNOWN	32	G	0.995720399429	A	0.00427960057061	3	0	698	0	701	340252
UNKNOWN	33	G	1.0	A	0.0	0	0	701	0	701	340252
UNKNOWN	34	T	1.0	A	0.0	0	0	0	701	701	340252
UNKNOWN	35	G	0.997146932953	A	0.00285306704708	2	0	699	0	701	340252
UNKNOWN	36	A	0.995720399429	C	0.00285306704708	698	2	1	0	701	340252
UNKNOWN	37	A	0.998573466476	G	0.00142653352354	700	0	1	0	701	340252
UNKNOWN	38	G	1.0	A	0.0	0	0	701	0	701	340252
UNKNOWN	39	A	0.935805991441	C	0.0599144079886	656	42	1	2	701	340252
UNKNOWN	40	C	1.0	A	0.0	0	701	0	0	701	340252
UNKNOWN	41	C	0.994293865906	T	0.00570613409415	0	697	0	4	701	340252
UNKNOWN	42	T	0.995720399429	C	0.00427960057061	0	3	0	698	701	340252
UNKNOWN	43	C	0.998573466476	A	0.00142653352354	1	700	0	0	701	340252
UNKNOWN	44	A	0.997146932953	G	0.00285306704708	699	0	2	0	701	340252
UNKNOWN	45	C	0.998573466476	A	0.00142653352354	1	700	0	0	701	340252
UNKNOWN	46	A	1.0	C	0.0	701	0	0	0	701	340252
UNKNOWN	47	G	1.0	A	0.0	0	0	701	0	701	340252
UNKNOWN	48	A	0.995720399429	C	0.00427960057061	698	3	0	0	701	340252
UNKNOWN	49	C	0.998573466476	A	0.00142653352354	1	700	0	0	701	340252
UNKNOWN	50	A	0.940085592011	C	0.058487874465	659	41	1	0	701	340252
UNKNOWN	51	C	0.995720399429	T	0.00285306704708	0	698	1	2	701	340252
UNKNOWN	52	T	0.997146932953	C	0.00142653352354	0	1	1	699	701	340252
UNKNOWN	53	C	0.997146932953	G	0.00285306704708	0	699	2	0	701	340252
UNKNOWN	54	T	0.997146932953	C	0.00142653352354	0	1	1	699	701	340252
UNKNOWN	55	C	0.997146932953	A	0.00285306704708	2	699	0	0	701	340252
UNKNOWN	56	C	1.0	A	0.0	0	701	0	0	701	340252
UNKNOWN	57	C	1.0	A	0.0	0	701	0	0	701	340252
UNKNOWN	58	T	0.995720399429	C	0.00427960057061	0	3	0	698	701	340252
UNKNOWN	59	C	0.998573466476	A	0.00142653352354	1	700	0	0	701	340252
UNKNOWN	60	A	0.998573466476	T	0.00142653352354	700	0	0	1	701	340252
UNKNOWN	61	C	0.998573466476	G	0.00142653352354	0	700	1	0	701	340252
UNKNOWN	62	T	0.9272467903	C	0.0699001426534	0	49	2	650	701	340252
UNKNOWN	63	T	0.994293865906	C	0.00570613409415	0	4	0	697	701	340252
UNKNOWN	64	G	0.994293865906	A	0.00285306704708	2	1	697	1	701	340252
UNKNOWN	65	C	0.998573466476	T	0.00142653352354	0	700	0	1	701	340252
UNKNOWN	66	A	0.992867332382	C	0.00427960057061	696	3	2	0	701	340252
UNKNOWN	67	C	0.997146932953	T	0.00285306704708	0	699	0	2	701	340252
UNKNOWN	68	G	0.998573466476	A	0.00142653352354	1	0	700	0	701	340252
UNKNOWN	69	G	1.0	A	0.0	0	0	701	0	701	340252
UNKNOWN	70	C	0.977175463623	T	0.0228245363766	0	685	0	16	701	340252
UNKNOWN	71	C	0.998573466476	T	0.00142653352354	0	700	0	1	701	340252
UNKNOWN	72	T	0.994293865906	C	0.00427960057061	0	3	1	697	701	340252
UNKNOWN	73	C	1.0	A	0.0	0	701	0	0	701	340252
UNKNOWN	74	T	0.992867332382	C	0.00427960057061	0	3	2	696	701	340252
UNKNOWN	75	G	0.998573466476	A	0.00142653352354	1	0	700	0	701	340252
UNKNOWN	76	G	1.0	A	0.0	0	0	701	0	701	340252
UNKNOWN	77	A	0.994293865906	C	0.00427960057061	697	3	0	1	701	340252
UNKNOWN	78	T	0.940085592011	C	0.0570613409415	0	40	2	659	701	340252
UNKNOWN	79	T	0.984308131241	C	0.0156918687589	0	11	0	690	701	340252
UNKNOWN	80	A	0.950071326676	C	0.0427960057061	666	30	0	5	701	340252
UNKNOWN	81	T	0.995720399429	C	0.00427960057061	0	3	0	698	701	340252
UNKNOWN	82	C	0.998573466476	A	0.00142653352354	1	700	0	0	701	340252
UNKNOWN	83	A	0.991440798859	C	0.00713266761769	695	5	1	0	701	340252
UNKNOWN	84	T	0.997146932953	C	0.00285306704708	0	2	0	699	701	340252
UNKNOWN	85	T	1.0	A	0.0	0	0	0	701	701	340252
UNKNOWN	86	A	0.95577746077	G	0.0442225392297	670	0	31	0	701	340252
UNKNOWN	87	A	0.978601997147	C	0.0156918687589	686	11	3	1	701	340252
UNKNOWN	88	C	0.971469329529	G	0.0213980028531	3	681	15	2	701	340252
UNKNOWN	89	C	0.991440798859	T	0.00713266761769	1	695	0	5	701	340252
UNKNOWN	90	A	0.991440798859	C	0.00427960057061	695	3	3	0	701	340252
UNKNOWN	91	G	0.930099857347	C	0.055634807418	6	39	652	4	701	340252
UNKNOWN	92	A	0.85877318117	C	0.0670470756063	602	47	38	14	701	340252
UNKNOWN	93	T	0.981455064194	A	0.0142653352354	10	0	3	688	701	340252
UNKNOWN	94	A	0.998573466476	C	0.00142653352354	700	1	0	0	701	340252
UNKNOWN	95	T	0.997146932953	C	0.00142653352354	0	1	1	699	701	340252
UNKNOWN	96	G	0.864479315264	T	0.0699001426534	46	0	606	49	701	340252
UNKNOWN	97	G	0.651925820257	A	0.269614835949	189	52	457	3	701	340252
UNKNOWN	98	T	0.990014265335	C	0.00570613409415	1	4	2	694	701	340252
UNKNOWN	99	A	0.985734664765	G	0.0142653352354	691	0	10	0	701	340252
UNKNOWN	100	T	0.995720399429	A	0.00285306704708	2	1	0	698	701	340252
UNKNOWN	101	A	0.90727532097	C	0.0884450784593	636	62	3	0	701	340252
UNKNOWN	102	C	0.830242510699	A	0.159771754636	112	582	5	2	701	340252
UNKNOWN	103	A	0.982881597718	G	0.00855920114123	689	5	6	1	701	340252
UNKNOWN	104	C	0.803138373752	G	0.191155492154	0	563	134	4	701	340252
UNKNOWN	105	T	0.994293865906	C	0.00427960057061	0	3	1	697	701	340252
UNKNOWN	106	G	0.998573466476	T	0.00142653352354	0	0	700	1	701	340252
UNKNOWN	107	G	0.970042796006	A	0.0285306704708	20	0	680	1	701	340252
UNKNOWN	108	G	0.997146932953	A	0.00285306704708	2	0	699	0	701	340252
UNKNOWN	109	T	0.995720399429	C	0.00285306704708	0	2	1	698	701	340252
UNKNOWN	110	C	1.0	A	0.0	0	701	0	0	701	340252
UNKNOWN	111	C	0.998573466476	A	0.00142653352354	1	700	0	0	701	340252
UNKNOWN	112	G	0.997146932953	A	0.00142653352354	1	0	699	1	701	340252
UNKNOWN	113	C	1.0	A	0.0	0	701	0	0	701	340252
UNKNOWN	114	C	0.998573466476	A	0.00142653352354	1	700	0	0	701	340252
UNKNOWN	115	A	0.995720399429	C	0.00142653352354	698	1	1	1	701	340252
UNKNOWN	116	G	1.0	A	0.0	0	0	701	0	701	340252
UNKNOWN	117	G	0.992867332382	A	0.00570613409415	4	1	696	0	701	340252
UNKNOWN	118	C	0.994293865906	T	0.00427960057061	1	697	0	3	701	340252
UNKNOWN	119	T	0.994293865906	C	0.00285306704708	0	2	2	697	701	340252
UNKNOWN	120	C	0.995720399429	G	0.00285306704708	0	698	2	1	701	340252
UNKNOWN	121	C	0.998573466476	A	0.00142653352354	1	700	0	0	701	340252
UNKNOWN	122	A	0.994293865906	G	0.00427960057061	697	1	3	0	701	340252
UNKNOWN	123	G	0.998573466476	A	0.00142653352354	1	0	700	0	701	340252
UNKNOWN	124	G	0.998573466476	A	0.00142653352354	1	0	700	0	701	340252
UNKNOWN	125	A	0.982881597718	G	0.0156918687589	689	0	11	1	701	340252
UNKNOWN	126	A	1.0	C	0.0	701	0	0	0	701	340252
UNKNOWN	127	A	0.992867332382	G	0.00570613409415	696	1	4	0	701	340252
UNKNOWN	128	G	0.997146932953	T	0.00285306704708	0	0	699	2	701	340252
UNKNOWN	129	G	0.992867332382	C	0.00570613409415	1	4	696	0	701	340252
UNKNOWN	130	C	0.992867332382	T	0.00427960057061	1	696	1	3	701	340252
UNKNOWN	131	G	0.998573466476	C	0.00142653352354	0	1	700	0	701	340252
UNKNOWN	132	C	0.995720399429	T	0.00285306704708	0	698	1	2	701	340252
UNKNOWN	133	T	0.992867332382	C	0.00427960057061	1	3	1	696	701	340252
UNKNOWN	134	G	0.995720399429	A	0.00285306704708	2	0	698	1	701	340252
UNKNOWN	135	G	0.995720399429	A	0.00285306704708	2	0	698	1	701	340252
UNKNOWN	136	A	0.991440798859	G	0.00855920114123	695	0	6	0	701	340252
UNKNOWN	137	G	0.994293865906	A	0.00427960057061	3	0	697	1	701	340252
UNKNOWN	138	T	0.998573466476	G	0.00142653352354	0	0	1	700	701	340252
UNKNOWN	139	G	0.998573466476	T	0.00142653352354	0	0	700	1	701	340252
UNKNOWN	140	G	0.990014265335	T	0.00570613409415	2	1	694	4	701	340252
UNKNOWN	141	C	0.994293865906	G	0.00285306704708	1	697	2	1	701	340252
UNKNOWN	142	T	0.995720399429	C	0.00285306704708	0	2	1	698	701	340252
UNKNOWN	143	T	0.985734664765	C	0.00998573466476	0	7	3	691	701	340252
UNKNOWN	144	G	0.997146932953	A	0.00142653352354	1	0	699	1	701	340252
UNKNOWN	145	G	0.994293865906	T	0.00285306704708	1	1	697	2	701	340252
UNKNOWN	146	T	0.994293865906	C	0.00285306704708	1	2	1	697	701	340252
UNKNOWN	147	G	0.687589158345	T	0.156918687589	69	40	482	110	701	340252
UNKNOWN	148	A	0.713266761769	T	0.144079885877	500	71	29	101	701	340252
UNKNOWN	149	T	0.831669044223	G	0.158345221113	3	4	111	583	701	340252
UNKNOWN	150	A	0.994293865906	T	0.00285306704708	697	0	2	2	701	340252
UNKNOWN	151	T	0.992867332382	G	0.00427960057061	1	1	3	696	701	340252
UNKNOWN	152	A	0.945791726106	G	0.0485021398003	663	2	34	2	701	340252
UNKNOWN	153	A	0.887303851641	G	0.0827389443652	622	1	58	20	701	340252
UNKNOWN	154	G	0.95577746077	A	0.0399429386591	28	3	670	0	701	340252
UNKNOWN	155	C	0.972895863053	G	0.0128388017118	6	682	9	4	701	340252
UNKNOWN	156	A	0.922967189729	G	0.0699001426534	647	3	49	2	701	340252
UNKNOWN	157	G	0.878744650499	C	0.0884450784593	16	62	616	7	701	340252
UNKNOWN	158	T	0.945791726106	G	0.0499286733238	0	3	35	663	701	340252
UNKNOWN	159	G	0.970042796006	A	0.0299572039943	21	0	680	0	701	340252
UNKNOWN	160	G	0.915834522111	A	0.077032810271	54	3	642	2	701	340252
UNKNOWN	161	T	0.992867332382	G	0.00427960057061	0	2	3	696	701	340252
UNKNOWN	162	G	0.995720399429	A	0.00285306704708	2	0	698	1	701	340252
UNKNOWN	163	G	0.958630527817	A	0.0399429386591	28	0	672	1	701	340252
UNKNOWN	164	A	0.991440798859	G	0.00570613409415	695	2	4	0	701	340252
UNKNOWN	165	A	0.981455064194	G	0.0156918687589	688	1	11	1	701	340252
UNKNOWN	166	G	0.619115549215	A	0.261055634807	183	7	434	77	701	340252
UNKNOWN	167	C	0.830242510699	G	0.104136947218	44	582	73	2	701	340252
UNKNOWN	168	A	0.847360912981	G	0.14122681883	594	2	99	6	701	340252
UNKNOWN	169	C	0.995720399429	A	0.00427960057061	3	698	0	0	701	340252
UNKNOWN	170	A	0.991440798859	G	0.00570613409415	695	1	4	1	701	340252
UNKNOWN	171	G	0.893009985735	A	0.0941512125535	66	7	626	2	701	340252
UNKNOWN	172	G	0.851640513552	A	0.13694721826	96	8	597	0	701	340252
UNKNOWN	173	C	0.990014265335	T	0.00713266761769	1	694	1	5	701	340252
UNKNOWN	174	T	0.984308131241	C	0.00998573466476	3	7	1	690	701	340252
UNKNOWN	175	A	0.992867332382	T	0.00427960057061	696	1	1	3	701	340252
UNKNOWN	176	T	0.992867332382	A	0.00427960057061	3	0	2	696	701	340252
UNKNOWN	177	A	0.997146932953	T	0.00142653352354	699	0	1	1	701	340252
UNKNOWN	178	A	0.985734664765	C	0.0114122681883	691	8	2	0	701	340252
UNKNOWN	179	C	0.978601997147	G	0.00998573466476	3	686	7	5	701	340252
UNKNOWN	180	C	0.780313837375	A	0.199714693295	140	547	1	13	701	340252
UNKNOWN	181	C	0.984308131241	A	0.0128388017118	9	690	0	2	701	340252
UNKNOWN	182	A	0.985734664765	G	0.0128388017118	691	0	9	1	701	340252
UNKNOWN	183	G	0.994293865906	A	0.00427960057061	3	0	697	1	701	340252
UNKNOWN	184	G	0.965763195435	C	0.0228245363766	4	16	677	4	701	340252
UNKNOWN	185	C	0.997146932953	A	0.00285306704708	2	699	0	0	701	340252
UNKNOWN	186	C	0.988587731812	T	0.00855920114123	2	693	0	6	701	340252
UNKNOWN	187	T	0.985734664765	G	0.00855920114123	1	3	6	691	701	340252
UNKNOWN	188	G	0.965763195435	A	0.0142653352354	10	4	677	10	701	340252
UNKNOWN	189	A	0.984308131241	G	0.0128388017118	690	1	9	1	701	340252
UNKNOWN	190	A	0.995720399429	G	0.00427960057061	698	0	3	0	701	340252
UNKNOWN	191	A	0.988587731812	T	0.00998573466476	693	1	0	7	701	340252
UNKNOWN	192	T	0.987161198288	C	0.0114122681883	0	8	1	692	701	340252
UNKNOWN	193	C	0.998573466476	A	0.00142653352354	1	700	0	0	701	340252
UNKNOWN	194	C	0.987161198288	A	0.00570613409415	4	692	4	1	701	340252
UNKNOWN	195	C	0.992867332382	G	0.00713266761769	0	696	5	0	701	340252
UNKNOWN	196	G	1.0	A	0.0	0	0	701	0	701	340252
UNKNOWN	197	G	0.991440798859	C	0.00855920114123	0	6	695	0	701	340252
UNKNOWN	198	C	0.988587731812	T	0.00855920114123	2	693	0	6	701	340252
UNKNOWN	199	T	0.990014265335	C	0.00855920114123	0	6	1	694	701	340252
UNKNOWN	200	C	0.991440798859	A	0.00855920114123	6	695	0	0	701	340252
UNKNOWN	201	A	0.990014265335	G	0.00998573466476	694	0	7	0	701	340252
UNKNOWN	202	G	0.987161198288	C	0.00998573466476	2	7	692	0	701	340252
UNKNOWN	203	C	0.947218259629	T	0.0413694721826	7	664	1	29	701	340252
UNKNOWN	204	A	0.985734664765	T	0.00855920114123	691	2	2	6	701	340252
UNKNOWN	205	T	0.987161198288	C	0.00855920114123	1	6	2	692	701	340252
UNKNOWN	206	C	0.990014265335	A	0.00998573466476	7	694	0	0	701	340252
UNKNOWN	207	A	0.982881597718	C	0.0114122681883	689	8	3	1	701	340252
UNKNOWN	208	C	0.992867332382	A	0.00285306704708	2	696	2	1	701	340252
UNKNOWN	209	C	0.920114122682	T	0.0699001426534	7	645	0	49	701	340252
UNKNOWN	210	A	0.985734664765	G	0.0142653352354	691	0	10	0	701	340252
UNKNOWN	211	A	0.984308131241	G	0.0142653352354	690	0	10	1	701	340252
UNKNOWN	212	G	0.997146932953	C	0.00142653352354	0	1	699	1	701	340252
UNKNOWN	213	G	0.991440798859	A	0.00855920114123	6	0	695	0	701	340252
UNKNOWN	214	A	0.985734664765	C	0.0114122681883	691	8	0	2	701	340252
UNKNOWN	215	C	0.987161198288	A	0.0114122681883	8	692	1	0	701	340252
UNKNOWN	216	A	0.998573466476	G	0.00142653352354	700	0	1	0	701	340252
UNKNOWN	217	A	0.987161198288	C	0.00998573466476	692	7	1	1	701	340252
UNKNOWN	218	C	0.987161198288	T	0.00998573466476	2	692	0	7	701	340252
UNKNOWN	219	T	0.985734664765	C	0.00998573466476	0	7	3	691	701	340252
UNKNOWN	220	C	0.991440798859	A	0.00570613409415	4	695	0	2	701	340252
UNKNOWN	221	C	0.988587731812	A	0.00855920114123	6	693	0	2	701	340252
UNKNOWN	222	A	0.995720399429	C	0.00142653352354	698	1	1	1	701	340252
UNKNOWN	223	A	0.985734664765	G	0.0128388017118	691	0	9	1	701	340252
UNKNOWN	224	G	0.98002853067	C	0.00998573466476	6	7	687	1	701	340252
UNKNOWN	225	A	0.978601997147	G	0.0156918687589	686	3	11	1	701	340252
UNKNOWN	226	G	0.970042796006	C	0.0199714693295	7	14	680	0	701	340252
UNKNOWN	227	C	0.991440798859	T	0.00427960057061	2	695	1	3	701	340252
UNKNOWN	228	C	0.981455064194	A	0.0156918687589	11	688	1	1	701	340252
UNKNOWN	229	A	0.995720399429	C	0.00285306704708	698	2	1	0	701	340252
UNKNOWN	230	A	0.9514978602	G	0.0485021398003	667	0	34	0	701	340252
UNKNOWN	231	G	0.978601997147	A	0.00998573466476	7	1	686	7	701	340252
UNKNOWN	232	T	0.990014265335	C	0.00855920114123	1	6	0	694	701	340252
UNKNOWN	233	C	0.982881597718	T	0.0142653352354	1	689	1	10	701	340252
UNKNOWN	234	T	0.985734664765	C	0.00855920114123	3	6	1	691	701	340252
UNKNOWN	235	C	0.987161198288	T	0.00998573466476	1	692	1	7	701	340252
UNKNOWN	236	T	0.977175463623	C	0.0171184022825	3	12	1	685	701	340252
UNKNOWN	237	C	0.985734664765	T	0.00713266761769	1	691	4	5	701	340252
UNKNOWN	238	T	0.987161198288	G	0.00855920114123	1	2	6	692	701	340252
UNKNOWN	239	G	0.910128388017	A	0.0798858773181	56	1	638	6	701	340252
UNKNOWN	240	T	0.984308131241	C	0.00998573466476	1	7	3	690	701	340252
UNKNOWN	241	C	0.988587731812	A	0.00998573466476	7	693	1	0	701	340252
UNKNOWN	242	A	0.827389443652	G	0.162624821683	580	7	114	0	701	340252
UNKNOWN	243	C	0.957203994294	G	0.0256776034237	5	671	18	7	701	340252
UNKNOWN	244	T	0.991440798859	G	0.00855920114123	0	0	6	695	701	340252
UNKNOWN	245	G	0.985734664765	A	0.00998573466476	7	0	691	3	701	340252
UNKNOWN	246	A	0.982881597718	G	0.0142653352354	689	2	10	0	701	340252
UNKNOWN	247	G	0.98002853067	C	0.0114122681883	3	8	687	3	701	340252
UNKNOWN	248	C	0.964336661912	G	0.0142653352354	6	676	10	9	701	340252
UNKNOWN	249	A	0.977175463623	G	0.0142653352354	685	5	10	1	701	340252
UNKNOWN	250	G	0.780313837375	C	0.212553495007	5	149	547	0	701	340252
UNKNOWN	251	C	0.964336661912	A	0.0313837375178	22	676	2	1	701	340252
UNKNOWN	252	C	0.850213980029	G	0.106990014265	3	596	75	27	701	340252
UNKNOWN	253	T	0.987161198288	G	0.00998573466476	2	0	7	692	701	340252
UNKNOWN	254	G	0.982881597718	A	0.0114122681883	8	1	689	3	701	340252
UNKNOWN	255	A	0.970042796006	G	0.0142653352354	680	9	10	2	701	340252
UNKNOWN	256	C	0.982881597718	G	0.0142653352354	1	689	10	1	701	340252
UNKNOWN	257	G	0.878744650499	A	0.104136947218	73	8	616	4	701	340252
UNKNOWN	258	C	0.871611982882	A	0.114122681883	80	611	3	7	701	340252
UNKNOWN	259	C	0.978601997147	T	0.0142653352354	4	686	1	10	701	340252
UNKNOWN	260	T	0.961483594864	C	0.0256776034237	1	18	8	674	701	340252
UNKNOWN	261	G	0.972895863053	A	0.0142653352354	10	2	682	7	701	340252
UNKNOWN	262	A	0.984308131241	G	0.0114122681883	690	3	8	0	701	340252
UNKNOWN	263	G	0.98002853067	A	0.0128388017118	9	3	687	2	701	340252
UNKNOWN	264	G	0.971469329529	A	0.018544935806	13	2	681	5	701	340252
UNKNOWN	265	A	0.977175463623	C	0.0142653352354	685	10	5	1	701	340252
UNKNOWN	266	C	0.985734664765	T	0.00855920114123	3	691	1	6	701	340252
UNKNOWN	267	T	0.877318116976	A	0.105563480742	74	8	4	615	701	340252
UNKNOWN	268	C	0.987161198288	A	0.0128388017118	9	692	0	0	701	340252
UNKNOWN	269	A	0.860199714693	G	0.135520684736	603	2	95	1	701	340252
UNKNOWN	270	G	0.9757489301	C	0.00998573466476	4	7	684	6	701	340252
UNKNOWN	271	C	0.921540656205	G	0.0727532097004	4	646	51	0	701	340252
UNKNOWN	272	C	0.982881597718	A	0.0128388017118	9	689	1	2	701	340252
UNKNOWN	273	A	0.974322396576	C	0.00998573466476	683	7	5	6	701	340252
UNKNOWN	274	C	0.981455064194	A	0.0156918687589	11	688	1	1	701	340252
UNKNOWN	275	A	0.962910128388	T	0.0171184022825	675	4	10	12	701	340252
UNKNOWN	276	T	0.978601997147	A	0.0142653352354	10	1	4	686	701	340252
UNKNOWN	277	A	0.98002853067	C	0.0128388017118	687	9	3	2	701	340252
UNKNOWN	278	C	0.965763195435	T	0.0313837375178	1	677	1	22	701	340252
UNKNOWN	279	T	0.978601997147	A	0.0114122681883	8	2	5	686	701	340252
UNKNOWN	280	A	0.974322396576	C	0.0171184022825	683	12	5	1	701	340252
UNKNOWN	281	C	0.981455064194	T	0.0142653352354	2	688	1	10	701	340252
UNKNOWN	282	T	0.984308131241	G	0.0128388017118	2	0	9	690	701	340252
