Type	Position	Nucl1	Freq1	Nucl2	Freq2	NumAs	NumCs	NumGs	NumTs	NumAligned	NumNaive
UNKNOWN	0	C	1.0	A	0.0	0	76817	0	0	76817	340252
UNKNOWN	1	A	1.0	C	0.0	76817	0	0	0	76817	340252
UNKNOWN	2	G	1.0	A	0.0	0	0	76817	0	76817	340252
UNKNOWN	3	G	1.0	A	0.0	0	0	76817	0	76817	340252
UNKNOWN	4	T	1.0	A	0.0	0	0	0	76817	76817	340252
UNKNOWN	5	G	1.0	A	0.0	0	0	76817	0	76817	340252
UNKNOWN	6	C	1.0	A	0.0	0	76817	0	0	76817	340252
UNKNOWN	7	A	0.994701693636	C	0.00248642878529	76410	191	177	39	76817	340252
UNKNOWN	8	G	0.994571514118	A	0.00468646263197	360	39	76400	18	76817	340252
UNKNOWN	9	C	0.997031907	T	0.00231719541247	8	76589	42	178	76817	340252
UNKNOWN	10	T	0.998711222776	C	0.00113256180273	5	87	7	76718	76817	340252
UNKNOWN	11	G	0.998893474101	A	0.000859184815861	66	11	76732	8	76817	340252
UNKNOWN	12	C	0.999270994702	T	0.000624861684263	3	76761	5	48	76817	340252
UNKNOWN	13	G	0.998555007355	A	0.00123670541677	95	9	76706	7	76817	340252
UNKNOWN	14	G	0.9840530091	C	0.011286564172	335	867	75592	23	76817	340252
UNKNOWN	15	G	0.998997617715	C	0.000663915539529	19	51	76740	7	76817	340252
UNKNOWN	16	A	0.99658929664	G	0.00193967481157	76555	62	149	51	76817	340252
UNKNOWN	17	G	0.997448481456	A	0.00212192613614	163	21	76621	12	76817	340252
UNKNOWN	18	T	0.997630732781	C	0.00148404650012	24	114	44	76635	76817	340252
UNKNOWN	19	C	0.999375138316	T	0.000455628311441	5	76769	8	35	76817	340252
UNKNOWN	20	G	0.998164468802	A	0.00106747204395	82	28	76676	31	76817	340252
UNKNOWN	21	G	0.997682804588	C	0.00100238228517	30	77	76639	71	76817	340252
UNKNOWN	22	G	0.998984599763	A	0.000416574456175	32	25	76739	21	76817	340252
UNKNOWN	23	C	0.998476899645	T	0.00126274132028	11	76700	9	97	76817	340252
UNKNOWN	24	C	0.996198758087	A	0.00218701589492	168	76525	22	102	76817	340252
UNKNOWN	25	C	0.997409427601	A	0.0014319746931	110	76618	11	78	76817	340252
UNKNOWN	26	C	0.998229558561	A	0.00102841818868	79	76681	7	50	76817	340252
UNKNOWN	27	A	0.995248447609	G	0.00386633167137	76452	44	297	24	76817	340252
UNKNOWN	28	G	0.995678040017	A	0.00302016480727	232	91	76485	9	76817	340252
UNKNOWN	29	C	0.997461499408	T	0.00235624926774	7	76622	7	181	76817	340252
UNKNOWN	30	C	0.998997617715	T	0.000872202767617	4	76740	6	67	76817	340252
UNKNOWN	31	T	0.996836637723	C	0.00169233372821	11	130	102	76574	76817	340252
UNKNOWN	32	G	0.994740747491	A	0.00376218805733	289	73	76413	42	76817	340252
UNKNOWN	33	G	0.997721858443	A	0.00110652589922	85	40	76642	50	76817	340252
UNKNOWN	34	T	0.996615332544	C	0.00226512360545	11	174	75	76557	76817	340252
UNKNOWN	35	G	0.996706458206	A	0.00221305179843	170	37	76564	46	76817	340252
UNKNOWN	36	A	0.99688870953	T	0.0011976515615	76578	61	86	92	76817	340252
UNKNOWN	37	A	0.995352591223	G	0.00260359035109	76460	115	200	42	76817	340252
UNKNOWN	38	G	0.998581043259	C	0.00068995144304	35	53	76708	21	76817	340252
UNKNOWN	39	C	0.996198758087	T	0.00266868010987	40	76525	47	205	76817	340252
UNKNOWN	40	C	0.99895856386	T	0.000676933491284	18	76737	10	52	76817	340252
UNKNOWN	41	C	0.996875691579	G	0.00229115950896	9	76577	176	55	76817	340252
UNKNOWN	42	T	0.996198758087	C	0.0030982725178	23	238	31	76525	76817	340252
UNKNOWN	43	C	0.99873725868	T	0.000663915539529	44	76720	2	51	76817	340252
UNKNOWN	44	A	0.996550242785	G	0.00216097999141	76552	79	166	20	76817	340252
UNKNOWN	45	C	0.997917127719	G	0.00106747204395	56	76657	82	22	76817	340252
UNKNOWN	46	A	0.996498170978	G	0.0019006209563	76548	104	146	19	76817	340252
UNKNOWN	47	G	0.997201140373	A	0.0021349440879	164	31	76602	20	76817	340252
UNKNOWN	48	A	0.995248447609	G	0.00240832107476	76452	158	185	22	76817	340252
UNKNOWN	49	C	0.997956181574	A	0.00101540023693	78	76660	26	53	76817	340252
UNKNOWN	50	C	0.997917127719	T	0.00164026192119	17	76657	17	126	76817	340252
UNKNOWN	51	C	0.996433081219	T	0.0033325956494	8	76543	10	256	76817	340252
UNKNOWN	52	T	0.997435463504	C	0.00153611830715	22	118	57	76620	76817	340252
UNKNOWN	53	G	0.950258406342	C	0.044560448859	211	3423	72996	187	76817	340252
UNKNOWN	54	T	0.995951417004	C	0.0034497572152	24	265	22	76506	76817	340252
UNKNOWN	55	C	0.993256700991	A	0.00406160094771	312	76299	26	180	76817	340252
UNKNOWN	56	C	0.996550242785	T	0.00223908770194	19	76552	74	172	76817	340252
UNKNOWN	57	C	0.997630732781	G	0.00118463360975	19	76635	91	72	76817	340252
UNKNOWN	58	T	0.995873309294	C	0.00360597263627	28	277	12	76500	76817	340252
UNKNOWN	59	C	0.995808219535	A	0.00217399794316	167	76495	8	147	76817	340252
UNKNOWN	60	A	0.994896962912	G	0.00249944673705	76425	136	192	64	76817	340252
UNKNOWN	61	C	0.995599932307	T	0.00262962625461	58	76479	78	202	76817	340252
UNKNOWN	62	C	0.995300519416	T	0.00261660830285	65	76456	95	201	76817	340252
UNKNOWN	63	T	0.99733131989	C	0.00158819011417	12	122	71	76612	76817	340252
UNKNOWN	64	G	0.998620097114	C	0.000768059153573	41	59	76711	6	76817	340252
UNKNOWN	65	C	0.996927763386	A	0.00158819011417	122	76581	3	111	76817	340252
UNKNOWN	66	A	0.987008084148	C	0.00761550177695	75819	585	226	187	76817	340252
UNKNOWN	67	C	0.994180975565	T	0.00364502649153	59	76370	108	280	76817	340252
UNKNOWN	68	G	0.995417680982	A	0.00346277516696	266	66	76465	20	76817	340252
UNKNOWN	69	G	0.980694377547	A	0.0167410859575	1286	80	75334	117	76817	340252
UNKNOWN	70	T	0.990848379916	C	0.00764153768046	15	587	101	76114	76817	340252
UNKNOWN	71	C	0.97708840491	G	0.0185505812515	36	75057	1425	299	76817	340252
UNKNOWN	72	T	0.995053178333	C	0.00386633167137	27	297	56	76437	76817	340252
UNKNOWN	73	C	0.998385773982	T	0.00114557975448	20	76693	16	88	76817	340252
UNKNOWN	74	T	0.992241300754	C	0.00484267805304	71	372	153	76221	76817	340252
UNKNOWN	75	G	0.991121756903	A	0.00817527370244	628	33	76135	21	76817	340252
UNKNOWN	76	G	0.982594998503	A	0.0133694364529	1027	276	75480	34	76817	340252
UNKNOWN	77	A	0.992059049429	C	0.00429592407931	76207	330	149	131	76817	340252
UNKNOWN	78	T	0.986539437885	C	0.00709478370673	121	545	368	75783	76817	340252
UNKNOWN	79	T	0.991759636539	C	0.0052332166057	47	402	184	76184	76817	340252
UNKNOWN	80	C	0.98116302381	T	0.0108439538123	122	75370	492	833	76817	340252
UNKNOWN	81	T	0.993686293399	C	0.00393142143015	37	302	146	76332	76817	340252
UNKNOWN	82	C	0.993868544723	T	0.0046474087767	109	76346	5	357	76817	340252
UNKNOWN	83	A	0.989728836065	C	0.0053503781715	76028	411	232	146	76817	340252
UNKNOWN	84	T	0.983896793678	C	0.00837054297877	311	643	283	75580	76817	340252
UNKNOWN	85	T	0.995612950258	C	0.0022521056537	101	173	63	76480	76817	340252
UNKNOWN	86	A	0.968431466993	G	0.025502167489	74392	235	1959	231	76817	340252
UNKNOWN	87	A	0.974758191546	G	0.01320020308	74878	765	1014	160	76817	340252
UNKNOWN	88	G	0.967051564107	A	0.0173919835453	1336	779	74286	416	76817	340252
UNKNOWN	89	C	0.94838382129	T	0.0314253355377	442	72852	1109	2414	76817	340252
UNKNOWN	90	G	0.942890245649	A	0.0452373823503	3475	464	72430	448	76817	340252
UNKNOWN	91	A	0.907064842418	G	0.0568884491714	69678	1722	4370	1047	76817	340252
UNKNOWN	92	T	0.907559524584	C	0.0479581342672	1576	3684	1841	69716	76817	340252
UNKNOWN	93	A	0.892146269706	G	0.0538031946054	68532	1098	4133	3054	76817	340252
UNKNOWN	94	A	0.922178684406	G	0.0340028899853	70839	1141	2612	2225	76817	340252
UNKNOWN	95	T	0.936199018446	G	0.0338727104677	1412	887	2602	71916	76817	340252
UNKNOWN	96	A	0.883163882995	G	0.0855149250817	67842	1493	6569	913	76817	340252
UNKNOWN	97	G	0.397867659502	A	0.336292747699	25833	17637	30563	2784	76817	340252
UNKNOWN	98	T	0.971412577945	G	0.0140203340406	575	544	1077	74621	76817	340252
UNKNOWN	99	G	0.960347318953	A	0.0349011286564	2681	65	73771	300	76817	340252
UNKNOWN	100	T	0.993334808701	C	0.00515510889517	72	396	44	76305	76817	340252
UNKNOWN	101	A	0.957196974628	G	0.0306052045771	73529	467	2351	470	76817	340252
UNKNOWN	102	G	0.89855110197	A	0.0726271528438	5579	1416	69024	798	76817	340252
UNKNOWN	103	G	0.747842274497	A	0.179322285432	13775	3103	57447	2492	76817	340252
UNKNOWN	104	C	0.969707226265	G	0.0122889464572	508	74490	944	875	76817	340252
UNKNOWN	105	T	0.996472135074	G	0.00191363890805	12	112	147	76546	76817	340252
UNKNOWN	106	G	0.998450863741	T	0.000768059153573	46	14	76698	59	76817	340252
UNKNOWN	107	G	0.998281630368	T	0.000715987346551	46	31	76685	55	76817	340252
UNKNOWN	108	G	0.976580704792	A	0.0157256857206	1208	274	75018	317	76817	340252
UNKNOWN	109	T	0.995118268092	C	0.00425687022404	15	327	33	76442	76817	340252
UNKNOWN	110	C	0.995521824596	T	0.00316336227658	67	76473	34	243	76817	340252
UNKNOWN	111	C	0.998138432899	G	0.00105445409219	18	76674	81	44	76817	340252
UNKNOWN	112	G	0.997917127719	C	0.0013148131273	39	101	76657	20	76817	340252
UNKNOWN	113	C	0.997839020009	T	0.00100238228517	62	76651	27	77	76817	340252
UNKNOWN	114	C	0.997344337842	A	0.00153611830715	118	76613	30	56	76817	340252
UNKNOWN	115	A	0.991056667144	G	0.00562375515836	76130	215	432	40	76817	340252
UNKNOWN	116	G	0.997904109767	C	0.000872202767617	66	67	76656	28	76817	340252
UNKNOWN	117	G	0.986890922582	A	0.0098806253824	759	213	75810	35	76817	340252
UNKNOWN	118	C	0.991772654491	T	0.00620956298736	90	76185	65	477	76817	340252
UNKNOWN	119	T	0.99339989846	C	0.0047645703425	48	366	93	76310	76817	340252
UNKNOWN	120	C	0.99658929664	T	0.00195269276332	72	76555	40	150	76817	340252
UNKNOWN	121	C	0.99725321218	A	0.00174440553523	134	76606	28	49	76817	340252
UNKNOWN	122	A	0.989754871968	G	0.00589713214523	76030	175	453	159	76817	340252
UNKNOWN	123	G	0.992683911113	A	0.00497285757059	382	166	76255	14	76817	340252
UNKNOWN	124	G	0.9955478605	A	0.00278584167567	214	98	76475	30	76817	340252
UNKNOWN	125	A	0.966192379291	G	0.029225301691	74220	231	2245	121	76817	340252
UNKNOWN	126	A	0.996537224833	C	0.00195269276332	76551	150	112	4	76817	340252
UNKNOWN	127	A	0.993855526771	G	0.00495983961883	76345	76	381	15	76817	340252
UNKNOWN	128	G	0.998333702175	A	0.000872202767617	67	24	76689	37	76817	340252
UNKNOWN	129	G	0.989624692451	A	0.00533736021974	410	336	76020	51	76817	340252
UNKNOWN	130	C	0.99606857857	G	0.00174440553523	40	76515	134	128	76817	340252
UNKNOWN	131	G	0.982217477902	A	0.0141765494617	1089	183	75451	94	76817	340252
UNKNOWN	132	C	0.993295754846	T	0.00490776781181	75	76302	63	377	76817	340252
UNKNOWN	133	T	0.991811708346	C	0.00387934962313	42	298	289	76188	76817	340252
UNKNOWN	134	G	0.985940612104	A	0.0117031386282	899	30	75737	151	76817	340252
UNKNOWN	135	G	0.995977452908	A	0.00273376986865	210	58	76508	41	76817	340252
UNKNOWN	136	A	0.99243657003	G	0.00568884491714	76236	88	437	56	76817	340252
UNKNOWN	137	G	0.984729942591	A	0.0126143952511	969	69	75644	135	76817	340252
UNKNOWN	138	T	0.994610567973	G	0.00338466745642	12	142	260	76403	76817	340252
UNKNOWN	139	G	0.996654386399	A	0.00130179517555	100	94	76560	63	76817	340252
UNKNOWN	140	G	0.983870757775	C	0.00900842261479	138	692	75578	409	76817	340252
UNKNOWN	141	C	0.989976177148	G	0.00614447322858	132	76047	472	166	76817	340252
UNKNOWN	142	T	0.994909980864	C	0.00305921866254	73	235	83	76426	76817	340252
UNKNOWN	143	C	0.986070791622	T	0.0104403973079	64	75747	204	802	76817	340252
UNKNOWN	144	G	0.992098103284	A	0.00637879636018	490	34	76210	83	76817	340252
UNKNOWN	145	G	0.976073004673	C	0.013148131273	669	1010	74979	159	76817	340252
UNKNOWN	146	T	0.976216202143	G	0.0106356665842	498	512	817	74990	76817	340252
UNKNOWN	147	G	0.850098285536	A	0.10389627296	7981	1366	65302	2168	76817	340252
UNKNOWN	148	T	0.853574078654	A	0.0523712199123	4023	3699	3526	65569	76817	340252
UNKNOWN	149	C	0.891898928623	T	0.0654672793783	2282	68513	993	5029	76817	340252
UNKNOWN	150	A	0.957860890168	G	0.0360076545556	73580	155	2766	316	76817	340252
UNKNOWN	151	T	0.967233815431	G	0.0141765494617	569	859	1089	74300	76817	340252
UNKNOWN	152	A	0.920199955739	G	0.0445344129555	70687	1215	3421	1494	76817	340252
UNKNOWN	153	T	0.803754377286	G	0.086139786766	4950	3508	6617	61742	76817	340252
UNKNOWN	154	A	0.870328182564	G	0.0818438626866	66856	1396	6287	2278	76817	340252
UNKNOWN	155	T	0.922972779463	C	0.0351484697398	538	2700	2679	70900	76817	340252
UNKNOWN	156	A	0.904252964839	G	0.071286303813	69462	1133	5476	746	76817	340252
UNKNOWN	157	G	0.824426884674	A	0.090344585183	6940	4526	63330	2021	76817	340252
UNKNOWN	158	T	0.940833409271	G	0.0244997852038	939	1724	1882	72272	76817	340252
UNKNOWN	159	G	0.767772758634	A	0.189997005871	14595	1823	58978	1421	76817	340252
UNKNOWN	160	G	0.826913313459	A	0.117812463387	9050	2951	63521	1295	76817	340252
UNKNOWN	161	T	0.947641798039	G	0.0222606975019	1126	1186	1710	72795	76817	340252
UNKNOWN	162	G	0.98368850645	A	0.0128487183826	987	136	75564	130	76817	340252
UNKNOWN	163	G	0.979731049117	A	0.0133173646458	1023	332	75260	202	76817	340252
UNKNOWN	164	A	0.951417004049	G	0.0345366260073	73085	468	2653	611	76817	340252
UNKNOWN	165	A	0.903706210865	G	0.0799562596821	69420	796	6142	459	76817	340252
UNKNOWN	166	G	0.682466120781	A	0.207623312548	15949	5418	52425	3025	76817	340252
UNKNOWN	167	C	0.894814949816	T	0.0629027428824	1821	68737	1427	4832	76817	340252
UNKNOWN	168	A	0.972948696252	G	0.017730450291	74739	381	1362	335	76817	340252
UNKNOWN	169	C	0.97041019566	T	0.0160511345145	535	74544	505	1233	76817	340252
UNKNOWN	170	A	0.977765338402	G	0.0106356665842	75109	488	817	403	76817	340252
UNKNOWN	171	G	0.924118359217	A	0.0467474647539	3591	1128	70988	1110	76817	340252
UNKNOWN	172	G	0.659684705208	A	0.270161552781	20753	3256	50675	2133	76817	340252
UNKNOWN	173	C	0.961935509067	G	0.017834593905	648	73893	1370	906	76817	340252
UNKNOWN	174	T	0.983063644766	G	0.00620956298736	403	421	477	75516	76817	340252
UNKNOWN	175	A	0.987437676556	T	0.00609240142156	75852	272	225	468	76817	340252
UNKNOWN	176	T	0.978819792494	C	0.0160381165627	297	1232	98	75190	76817	340252
UNKNOWN	177	A	0.984183188617	C	0.00934688936043	75602	718	369	128	76817	340252
UNKNOWN	178	A	0.984690888736	G	0.00801905828137	75641	486	616	74	76817	340252
UNKNOWN	179	C	0.904318054597	T	0.076662717888	511	69467	950	5889	76817	340252
UNKNOWN	180	C	0.943723394561	T	0.033911764323	716	72494	1002	2605	76817	340252
UNKNOWN	181	C	0.984443547652	T	0.00991967923767	293	75622	140	762	76817	340252
UNKNOWN	182	A	0.980694377547	G	0.0116380488694	75334	450	894	139	76817	340252
UNKNOWN	183	G	0.973326216853	A	0.018472473541	1419	410	74768	220	76817	340252
UNKNOWN	184	C	0.984118098858	T	0.00777171719802	185	75597	438	597	76817	340252
UNKNOWN	185	C	0.995599932307	T	0.00197872866683	99	76479	87	152	76817	340252
UNKNOWN	186	C	0.994285119179	T	0.00305921866254	107	76378	97	235	76817	340252
UNKNOWN	187	T	0.993764401109	G	0.00238228517125	163	133	183	76338	76817	340252
UNKNOWN	188	G	0.981371311038	A	0.0131351133213	1009	67	75386	355	76817	340252
UNKNOWN	189	A	0.98894775896	G	0.00652199382949	75968	266	501	82	76817	340252
UNKNOWN	190	A	0.993022377859	C	0.00303318275902	76281	233	194	109	76817	340252
UNKNOWN	191	A	0.987919340771	C	0.00627465274614	75889	482	209	237	76817	340252
UNKNOWN	192	T	0.986604527644	C	0.00829243526823	160	637	232	75788	76817	340252
UNKNOWN	193	C	0.994714711587	T	0.0028639493862	126	76411	60	220	76817	340252
UNKNOWN	194	C	0.991317026179	T	0.0047645703425	105	76150	196	366	76817	340252
UNKNOWN	195	C	0.995391645079	G	0.00252548264056	73	76463	194	87	76817	340252
UNKNOWN	196	G	0.993998724241	A	0.00326750589062	251	85	76356	125	76817	340252
UNKNOWN	197	G	0.941276019631	A	0.0353827928714	2718	623	72306	1170	76817	340252
UNKNOWN	198	C	0.991160810758	A	0.00341070335993	262	76138	166	251	76817	340252
UNKNOWN	199	T	0.991642474973	C	0.00412669070648	181	317	144	76175	76817	340252
UNKNOWN	200	C	0.992293372561	T	0.00331957769765	222	76225	115	255	76817	340252
UNKNOWN	201	A	0.990223518232	G	0.00632672455316	76066	247	486	18	76817	340252
UNKNOWN	202	G	0.971113165055	C	0.0161162242733	721	1238	74598	260	76817	340252
UNKNOWN	203	C	0.965919002304	T	0.0218311050939	530	74199	411	1677	76817	340252
UNKNOWN	204	A	0.983245896091	G	0.00866995586914	75530	238	666	383	76817	340252
UNKNOWN	205	T	0.991720582684	C	0.00503794732937	153	387	96	76181	76817	340252
UNKNOWN	206	C	0.991277972324	T	0.00447817540388	305	76147	21	344	76817	340252
UNKNOWN	207	A	0.985667235117	G	0.00734212479009	75716	357	564	180	76817	340252
UNKNOWN	208	C	0.981319239231	G	0.00906049442181	270	75382	696	469	76817	340252
UNKNOWN	209	C	0.957561477277	T	0.0237577619537	644	73557	791	1825	76817	340252
UNKNOWN	210	A	0.988218753661	G	0.00700365804444	75912	337	538	30	76817	340252
UNKNOWN	211	A	0.987776143302	G	0.00853977635159	75878	196	656	87	76817	340252
UNKNOWN	212	G	0.985888540297	A	0.00968535610607	744	261	75733	79	76817	340252
UNKNOWN	213	G	0.988374969082	A	0.00893031490425	686	116	75924	91	76817	340252
UNKNOWN	214	A	0.989338297512	C	0.00462137287319	75998	355	231	233	76817	340252
UNKNOWN	215	C	0.969603082651	T	0.0181990965541	508	74482	429	1398	76817	340252
UNKNOWN	216	A	0.988856633297	G	0.00614447322858	75961	239	472	145	76817	340252
UNKNOWN	217	A	0.982165406095	G	0.00894333285601	75447	556	687	127	76817	340252
UNKNOWN	218	C	0.978181912858	T	0.0114037257378	165	75141	635	876	76817	340252
UNKNOWN	219	T	0.987047138003	C	0.00514209094341	381	395	219	75822	76817	340252
UNKNOWN	220	C	0.992866162438	A	0.00447817540388	344	76269	28	176	76817	340252
UNKNOWN	221	C	0.986956012341	T	0.00656104768476	294	75815	204	504	76817	340252
UNKNOWN	222	A	0.981970136819	C	0.00881315333845	75432	677	674	34	76817	340252
UNKNOWN	223	A	0.983792650064	G	0.0135256518739	75572	108	1039	98	76817	340252
UNKNOWN	224	G	0.986669617402	A	0.00715987346551	550	374	75793	100	76817	340252
UNKNOWN	225	A	0.98539385813	G	0.00846166864106	75695	364	650	108	76817	340252
UNKNOWN	226	G	0.95313537368	A	0.0313992996342	2412	1073	73217	115	76817	340252
UNKNOWN	227	C	0.95558274861	T	0.0355259903407	333	73405	350	2729	76817	340252
UNKNOWN	228	C	0.989611674499	A	0.00605334756629	465	76019	292	41	76817	340252
UNKNOWN	229	A	0.992566749548	G	0.00351484697398	76246	141	270	160	76817	340252
UNKNOWN	230	A	0.981045862244	G	0.0155955062031	75361	167	1198	91	76817	340252
UNKNOWN	231	G	0.968574664462	A	0.0171836963172	1320	678	74403	416	76817	340252
UNKNOWN	232	T	0.990991577385	C	0.00686046057513	78	527	87	76125	76817	340252
UNKNOWN	233	C	0.969915513493	G	0.013733939102	209	74506	1055	1047	76817	340252
UNKNOWN	234	T	0.988166681854	C	0.0068995144304	152	530	227	75908	76817	340252
UNKNOWN	235	C	0.989481494982	T	0.00827941731648	145	76009	27	636	76817	340252
UNKNOWN	236	T	0.982699142117	C	0.00963328429905	220	740	369	75488	76817	340252
UNKNOWN	237	C	0.988765507635	T	0.00516812684692	245	75954	221	397	76817	340252
UNKNOWN	238	T	0.99480583725	C	0.00223908770194	156	172	71	76418	76817	340252
UNKNOWN	239	A	0.868779046305	G	0.116849134957	66737	699	8976	405	76817	340252
UNKNOWN	240	T	0.981657705977	G	0.00781077105328	335	474	600	75408	76817	340252
UNKNOWN	241	C	0.980447036463	T	0.0146321777731	313	75315	65	1124	76817	340252
UNKNOWN	242	A	0.976710884309	G	0.0114688154966	75028	605	881	303	76817	340252
UNKNOWN	243	C	0.945689105276	G	0.0382597602093	400	72645	2939	833	76817	340252
UNKNOWN	244	T	0.993269718942	G	0.00355390082924	135	109	273	76300	76817	340252
UNKNOWN	245	G	0.963705950506	A	0.0255151854407	1960	413	74029	415	76817	340252
UNKNOWN	246	A	0.9770102972	G	0.0159860447557	75051	442	1228	96	76817	340252
UNKNOWN	247	G	0.950974393689	A	0.0290560683182	2232	1081	73051	453	76817	340252
UNKNOWN	248	C	0.963784058216	T	0.0189801736595	900	74035	424	1458	76817	340252
UNKNOWN	249	A	0.983415129464	G	0.0106356665842	75543	431	817	26	76817	340252
UNKNOWN	250	G	0.980173659476	C	0.0110392230886	463	848	75294	212	76817	340252
UNKNOWN	251	C	0.981879011156	T	0.010700756343	247	75425	323	822	76817	340252
UNKNOWN	252	G	0.982907429345	A	0.0108179179088	831	217	75504	265	76817	340252
UNKNOWN	253	T	0.989130010284	C	0.00652199382949	96	501	238	75982	76817	340252
UNKNOWN	254	G	0.941080750355	A	0.0334561360116	2570	1429	72291	527	76817	340252
UNKNOWN	255	A	0.977544033222	G	0.0138511006678	75092	331	1064	330	76817	340252
UNKNOWN	256	C	0.984248278376	A	0.00762851972871	586	75607	337	287	76817	340252
UNKNOWN	257	A	0.964734368694	G	0.0245128031556	74108	450	1883	376	76817	340252
UNKNOWN	258	A	0.947667833943	C	0.0284051707304	72797	2182	1477	361	76817	340252
UNKNOWN	259	C	0.95602535897	G	0.0202949867868	560	73439	1559	1259	76817	340252
UNKNOWN	260	T	0.964799458453	C	0.0172618040278	350	1326	1028	74113	76817	340252
UNKNOWN	261	G	0.987632945832	A	0.00777171719802	597	84	75867	269	76817	340252
UNKNOWN	262	A	0.986721689209	G	0.00908653032532	75797	231	698	91	76817	340252
UNKNOWN	263	G	0.946353020816	A	0.0301105224104	2313	1346	72696	462	76817	340252
UNKNOWN	264	G	0.983701524402	A	0.010114948514	777	130	75565	345	76817	340252
UNKNOWN	265	A	0.986591509692	C	0.00697762214093	75787	536	362	132	76817	340252
UNKNOWN	266	C	0.981358293086	A	0.00795396852259	611	75385	240	581	76817	340252
UNKNOWN	267	A	0.972245726857	T	0.0132652928388	74685	220	893	1019	76817	340252
UNKNOWN	268	C	0.989416405223	G	0.00479060624601	286	76004	368	159	76817	340252
UNKNOWN	269	G	0.986552455837	T	0.0052332166057	328	303	75784	402	76817	340252
UNKNOWN	270	G	0.985784396683	A	0.00623559889087	479	255	75725	358	76817	340252
UNKNOWN	271	C	0.989819961727	A	0.0064308681672	494	76035	178	110	76817	340252
UNKNOWN	272	C	0.98687790463	A	0.00684744262338	526	75809	183	299	76817	340252
UNKNOWN	273	A	0.985719306924	G	0.00751135816291	75720	199	577	321	76817	340252
UNKNOWN	274	C	0.980993790437	A	0.00883918924196	679	75357	383	398	76817	340252
UNKNOWN	275	A	0.96966817241	G	0.012562323444	74487	744	965	621	76817	340252
UNKNOWN	276	T	0.988387987034	G	0.00468646263197	304	228	360	75925	76817	340252
UNKNOWN	277	A	0.98657849174	C	0.00605334756629	75786	465	314	252	76817	340252
UNKNOWN	278	C	0.950805160316	T	0.0444693231967	257	73038	106	3416	76817	340252
UNKNOWN	279	T	0.983024590911	G	0.00660010154002	388	409	507	75513	76817	340252
UNKNOWN	280	A	0.970826770116	T	0.0121066951326	74576	738	573	930	76817	340252
UNKNOWN	281	C	0.964734368694	T	0.0305531327701	159	74108	203	2347	76817	340252
UNKNOWN	282	T	0.983402111512	G	0.0107137742948	340	112	823	75542	76817	340252
