Type	Position	Nucl1	Freq1	Nucl2	Freq2	NumAs	NumCs	NumGs	NumTs	NumAligned	NumNaive
UNKNOWN	0	C	1.0	A	0.0	0	16595	0	0	16595	68636
UNKNOWN	1	A	1.0	C	0.0	16595	0	0	0	16595	68636
UNKNOWN	2	G	1.0	A	0.0	0	0	16595	0	16595	68636
UNKNOWN	3	G	1.0	A	0.0	0	0	16595	0	16595	68636
UNKNOWN	4	T	1.0	A	0.0	0	0	0	16595	16595	68636
UNKNOWN	5	G	1.0	A	0.0	0	0	16595	0	16595	68636
UNKNOWN	6	C	1.0	A	0.0	0	16595	0	0	16595	68636
UNKNOWN	7	A	0.999035854173	G	0.000843627598674	16579	0	14	2	16595	68636
UNKNOWN	8	G	0.99367279301	A	0.00512202470624	85	15	16490	5	16595	68636
UNKNOWN	9	C	0.99813196746	T	0.000964145827056	4	16564	11	16	16595	68636
UNKNOWN	10	T	0.999638445315	C	0.000241036456764	0	4	2	16589	16595	68636
UNKNOWN	11	G	0.998734558602	A	0.000662850256101	11	10	16574	0	16595	68636
UNKNOWN	12	C	0.999457667972	T	0.000482072913528	1	16586	0	8	16595	68636
UNKNOWN	13	G	0.999578186201	A	0.000361554685146	6	1	16588	0	16595	68636
UNKNOWN	14	G	0.97800542332	C	0.0210906899669	13	350	16230	2	16595	68636
UNKNOWN	15	G	0.999879481772	A	0.000120518228382	2	0	16593	0	16595	68636
UNKNOWN	16	A	0.999035854173	G	0.00060259114191	16579	5	10	1	16595	68636
UNKNOWN	17	G	0.998674299488	A	0.00114492316963	19	3	16573	0	16595	68636
UNKNOWN	18	T	0.999096113287	C	0.000482072913528	2	8	5	16580	16595	68636
UNKNOWN	19	C	0.999638445315	A	0.000301295570955	5	16589	0	1	16595	68636
UNKNOWN	20	G	0.987466104248	A	0.0120518228382	200	7	16387	1	16595	68636
UNKNOWN	21	G	0.999397408858	T	0.000361554685146	2	2	16585	6	16595	68636
UNKNOWN	22	G	0.999819222657	A	6.0259114191e-05	1	1	16592	1	16595	68636
UNKNOWN	23	C	0.999517927086	T	0.000421813799337	1	16587	0	7	16595	68636
UNKNOWN	24	C	0.998915335945	A	0.000783368484483	13	16577	0	5	16595	68636
UNKNOWN	25	C	0.998373003917	T	0.000964145827056	8	16568	3	16	16595	68636
UNKNOWN	26	C	0.998071708346	T	0.00150647785478	7	16563	0	25	16595	68636
UNKNOWN	27	A	0.980777342573	T	0.0175956613438	16276	3	24	292	16595	68636
UNKNOWN	28	G	0.996083157578	A	0.00277191925279	46	18	16530	1	16595	68636
UNKNOWN	29	C	0.999517927086	T	0.000421813799337	1	16587	0	7	16595	68636
UNKNOWN	30	C	0.999578186201	T	0.000421813799337	0	16588	0	7	16595	68636
UNKNOWN	31	T	0.997047303405	C	0.00162699608316	5	27	17	16546	16595	68636
UNKNOWN	32	G	0.994154865923	A	0.00548357939138	91	3	16498	3	16595	68636
UNKNOWN	33	G	0.996806266948	A	0.00156673696897	26	19	16542	8	16595	68636
UNKNOWN	34	T	0.998433263031	C	0.000964145827056	1	16	9	16569	16595	68636
UNKNOWN	35	G	0.996022898463	A	0.0033745103947	56	2	16529	8	16595	68636
UNKNOWN	36	A	0.998252485688	C	0.000903886712865	16566	15	10	4	16595	68636
UNKNOWN	37	A	0.995842121121	G	0.00367580596565	16526	6	61	2	16595	68636
UNKNOWN	38	G	0.998975595059	A	0.000542332027719	9	7	16578	1	16595	68636
UNKNOWN	39	C	0.997770412775	T	0.00108466405544	5	16558	14	18	16595	68636
UNKNOWN	40	C	0.999397408858	G	0.000361554685146	0	16585	6	4	16595	68636
UNKNOWN	41	G	0.933594456161	C	0.0625489605303	55	1038	15493	9	16595	68636
UNKNOWN	42	T	0.99698704429	C	0.00204880988249	9	34	7	16545	16595	68636
UNKNOWN	43	C	0.998674299488	T	0.000903886712865	7	16573	0	15	16595	68636
UNKNOWN	44	A	0.997649894547	G	0.00102440494125	16556	14	17	8	16595	68636
UNKNOWN	45	C	0.999096113287	A	0.000542332027719	9	16580	3	3	16595	68636
UNKNOWN	46	A	0.99813196746	C	0.000903886712865	16564	15	15	1	16595	68636
UNKNOWN	47	G	0.997167821633	A	0.00186803253992	31	15	16548	1	16595	68636
UNKNOWN	48	A	0.99740885809	G	0.00156673696897	16552	13	26	4	16595	68636
UNKNOWN	49	C	0.999096113287	T	0.000542332027719	3	16580	3	9	16595	68636
UNKNOWN	50	C	0.998553781259	T	0.00120518228382	4	16571	0	20	16595	68636
UNKNOWN	51	C	0.997770412775	G	0.00114492316963	3	16558	19	15	16595	68636
UNKNOWN	52	T	0.997529376318	C	0.00228984633926	2	38	1	16554	16595	68636
UNKNOWN	53	C	0.998373003917	G	0.00114492316963	0	16568	19	8	16595	68636
UNKNOWN	54	T	0.997167821633	C	0.00168725519735	9	28	10	16548	16595	68636
UNKNOWN	55	C	0.997649894547	T	0.00156673696897	4	16556	9	26	16595	68636
UNKNOWN	56	G	0.911961434167	C	0.083278095812	76	1382	15134	3	16595	68636
UNKNOWN	57	C	0.998011449232	G	0.00114492316963	0	16562	19	14	16595	68636
UNKNOWN	58	T	0.997288339861	C	0.00253088279602	1	42	2	16550	16595	68636
UNKNOWN	59	C	0.998252485688	A	0.000783368484483	13	16566	13	3	16595	68636
UNKNOWN	60	A	0.997167821633	G	0.00192829165411	16548	14	32	1	16595	68636
UNKNOWN	61	C	0.997288339861	T	0.00156673696897	2	16550	17	26	16595	68636
UNKNOWN	62	C	0.997770412775	T	0.00180777342573	4	16558	3	30	16595	68636
UNKNOWN	63	T	0.998915335945	C	0.000542332027719	2	9	7	16577	16595	68636
UNKNOWN	64	G	0.999216631516	C	0.000482072913528	4	8	16582	1	16595	68636
UNKNOWN	65	C	0.998614040374	T	0.000783368484483	9	16572	1	13	16595	68636
UNKNOWN	66	A	0.99626393492	C	0.00228984633926	16533	38	23	1	16595	68636
UNKNOWN	67	C	0.998011449232	T	0.00126544139801	3	16562	9	21	16595	68636
UNKNOWN	68	G	0.998553781259	A	0.0013257005122	22	1	16571	1	16595	68636
UNKNOWN	69	G	0.990840614643	A	0.00837601687255	139	12	16443	1	16595	68636
UNKNOWN	70	C	0.956733956011	T	0.0429647484182	3	15877	2	713	16595	68636
UNKNOWN	71	C	0.994998493522	T	0.00349502862308	15	16512	10	58	16595	68636
UNKNOWN	72	T	0.99740885809	C	0.00210906899669	0	35	8	16552	16595	68636
UNKNOWN	73	C	0.99927689063	T	0.000542332027719	3	16583	0	9	16595	68636
UNKNOWN	74	T	0.973727026213	G	0.0244652003616	3	27	406	16159	16595	68636
UNKNOWN	75	G	0.988972582103	A	0.0101837902983	169	11	16412	3	16595	68636
UNKNOWN	76	G	0.988852063875	C	0.00548357939138	81	91	16410	13	16595	68636
UNKNOWN	77	A	0.992467610726	C	0.00500150647785	16470	83	25	17	16595	68636
UNKNOWN	78	T	0.989996987044	G	0.00482072913528	8	78	80	16429	16595	68636
UNKNOWN	79	T	0.98806869539	C	0.00578487496234	15	96	87	16397	16595	68636
UNKNOWN	80	C	0.982765893341	T	0.0147634829768	8	16309	33	245	16595	68636
UNKNOWN	81	T	0.997770412775	C	0.00174751431154	0	29	8	16558	16595	68636
UNKNOWN	82	C	0.997890931003	A	0.00102440494125	17	16560	4	14	16595	68636
UNKNOWN	83	A	0.996806266948	G	0.00150647785478	16542	14	25	14	16595	68636
UNKNOWN	84	T	0.996444712263	C	0.0019885507683	15	33	11	16536	16595	68636
UNKNOWN	85	T	0.995601084664	C	0.00235010545345	31	39	3	16522	16595	68636
UNKNOWN	86	A	0.960470021091	G	0.0332630310334	15939	53	552	51	16595	68636
UNKNOWN	87	A	0.988852063875	C	0.00554383850557	16410	92	80	13	16595	68636
UNKNOWN	88	G	0.981620970172	A	0.0148840012052	247	44	16290	14	16595	68636
UNKNOWN	89	C	0.985658330823	T	0.0111479361253	9	16357	44	185	16595	68636
UNKNOWN	90	G	0.974028321784	A	0.0216932811088	360	29	16164	42	16595	68636
UNKNOWN	91	A	0.980114492317	G	0.0142211509491	16265	84	236	10	16595	68636
UNKNOWN	92	C	0.984453148539	T	0.00717083458873	22	16337	117	119	16595	68636
UNKNOWN	93	A	0.977342573064	T	0.0149442603194	16219	36	92	248	16595	68636
UNKNOWN	94	A	0.996806266948	C	0.00138595962639	16542	23	22	8	16595	68636
UNKNOWN	95	G	0.967038264538	T	0.0276589334137	62	26	16048	459	16595	68636
UNKNOWN	96	G	0.941669177463	A	0.0512202470624	850	50	15627	68	16595	68636
UNKNOWN	97	C	0.991925278698	A	0.00331425128051	55	16461	39	40	16595	68636
UNKNOWN	98	T	0.997047303405	G	0.0013257005122	8	19	22	16546	16595	68636
UNKNOWN	99	G	0.987887918048	A	0.0101235311841	168	4	16394	29	16595	68636
UNKNOWN	100	T	0.998373003917	C	0.000843627598674	8	14	5	16568	16595	68636
UNKNOWN	101	A	0.992708647183	G	0.00548357939138	16474	23	91	7	16595	68636
UNKNOWN	102	G	0.990358541729	A	0.00795420307321	132	19	16435	9	16595	68636
UNKNOWN	103	G	0.98806869539	A	0.00620668876168	103	49	16397	46	16595	68636
UNKNOWN	104	C	0.992347092498	T	0.00554383850557	15	16468	20	92	16595	68636
UNKNOWN	105	T	0.997288339861	C	0.00162699608316	0	27	18	16550	16595	68636
UNKNOWN	106	G	0.999216631516	C	0.000361554685146	3	6	16582	4	16595	68636
UNKNOWN	107	G	0.999337149744	C	0.000241036456764	3	4	16584	4	16595	68636
UNKNOWN	108	G	0.964266345285	A	0.0333835492618	554	13	16002	26	16595	68636
UNKNOWN	109	T	0.997529376318	C	0.00192829165411	0	32	9	16554	16595	68636
UNKNOWN	110	C	0.996746007834	T	0.00138595962639	10	16541	21	23	16595	68636
UNKNOWN	111	C	0.998975595059	G	0.000542332027719	5	16578	9	3	16595	68636
UNKNOWN	112	G	0.999096113287	C	0.00060259114191	4	10	16580	1	16595	68636
UNKNOWN	113	C	0.990117505273	T	0.00885808978608	11	16431	6	147	16595	68636
UNKNOWN	114	C	0.998553781259	A	0.000783368484483	13	16571	2	9	16595	68636
UNKNOWN	115	A	0.991684242242	C	0.00421813799337	16457	70	64	4	16595	68636
UNKNOWN	116	G	0.997348598976	A	0.00235010545345	39	4	16551	1	16595	68636
UNKNOWN	117	G	0.994697197951	A	0.00361554685146	60	26	16507	2	16595	68636
UNKNOWN	118	C	0.995058752636	T	0.00259114191021	14	16513	25	43	16595	68636
UNKNOWN	119	T	0.996324194034	C	0.00289243748117	3	48	10	16534	16595	68636
UNKNOWN	120	C	0.993009942754	T	0.00451943356433	33	16479	8	75	16595	68636
UNKNOWN	121	C	0.998373003917	A	0.00108466405544	18	16568	4	5	16595	68636
UNKNOWN	122	A	0.9910816511	G	0.0047002109069	16447	68	78	2	16595	68636
UNKNOWN	123	G	0.99439590238	A	0.00482072913528	80	13	16502	0	16595	68636
UNKNOWN	124	G	0.996926785176	A	0.0026514010244	44	3	16544	4	16595	68636
UNKNOWN	125	A	0.90207893944	G	0.0938836999096	14970	59	1558	8	16595	68636
UNKNOWN	126	A	0.99481771618	G	0.00331425128051	16509	30	55	1	16595	68636
UNKNOWN	127	A	0.995420307321	G	0.00349502862308	16519	15	58	3	16595	68636
UNKNOWN	128	G	0.978065682434	A	0.0209099126243	347	1	16231	16	16595	68636
UNKNOWN	129	G	0.994275384152	A	0.00391684242242	65	25	16500	5	16595	68636
UNKNOWN	130	C	0.997770412775	G	0.00120518228382	2	16558	20	15	16595	68636
UNKNOWN	131	G	0.990358541729	A	0.00692979813197	115	29	16435	16	16595	68636
UNKNOWN	132	C	0.991744501356	T	0.0066887616752	18	16458	8	111	16595	68636
UNKNOWN	133	T	0.996444712263	G	0.00180777342573	4	25	30	16536	16595	68636
UNKNOWN	134	G	0.977643868635	A	0.0181379933715	301	29	16224	41	16595	68636
UNKNOWN	135	G	0.997890931003	C	0.00102440494125	15	17	16560	3	16595	68636
UNKNOWN	136	A	0.996143416692	G	0.00216932811088	16531	17	36	11	16595	68636
UNKNOWN	137	G	0.972341066586	A	0.0264537511299	439	3	16136	17	16595	68636
UNKNOWN	138	T	0.997469117204	G	0.00144621874058	1	17	24	16553	16595	68636
UNKNOWN	139	G	0.99927689063	A	0.000361554685146	6	3	16583	3	16595	68636
UNKNOWN	140	G	0.987225067792	C	0.0113889725821	10	189	16383	13	16595	68636
UNKNOWN	141	C	0.985296776137	G	0.0115094908105	32	16351	191	21	16595	68636
UNKNOWN	142	T	0.995661343778	C	0.0026514010244	2	44	26	16523	16595	68636
UNKNOWN	143	C	0.986562217535	T	0.0115697499247	9	16372	22	192	16595	68636
UNKNOWN	144	G	0.997951190118	A	0.000964145827056	16	9	16561	9	16595	68636
UNKNOWN	145	G	0.998312744803	T	0.000843627598674	3	11	16567	14	16595	68636
UNKNOWN	146	T	0.989996987044	C	0.00512202470624	35	85	46	16429	16595	68636
UNKNOWN	147	A	0.814944260319	G	0.174751431154	13524	62	2900	109	16595	68636
UNKNOWN	148	G	0.955890328412	A	0.021753540223	361	288	15863	83	16595	68636
UNKNOWN	149	T	0.987225067792	C	0.00855679421513	35	142	35	16383	16595	68636
UNKNOWN	150	A	0.958360952094	G	0.030611630009	15904	90	508	93	16595	68636
UNKNOWN	151	T	0.996022898463	C	0.00235010545345	17	39	10	16529	16595	68636
UNKNOWN	152	A	0.974630912926	G	0.00934016269961	16174	117	155	149	16595	68636
UNKNOWN	153	G	0.964266345285	A	0.0257909008738	428	62	16002	103	16595	68636
UNKNOWN	154	A	0.981500451943	G	0.0127749322085	16288	78	212	17	16595	68636
UNKNOWN	155	C	0.92479662549	T	0.0666465802953	108	15347	34	1106	16595	68636
UNKNOWN	156	A	0.983006929798	G	0.0118710454956	16313	50	197	35	16595	68636
UNKNOWN	157	C	0.947032238626	G	0.0297077432962	194	15716	493	192	16595	68636
UNKNOWN	158	T	0.986080144622	G	0.00837601687255	16	76	139	16364	16595	68636
UNKNOWN	159	G	0.93443808376	A	0.0562820126544	934	130	15507	24	16595	68636
UNKNOWN	160	G	0.968303705936	A	0.0166315155167	276	187	16069	63	16595	68636
UNKNOWN	161	T	0.983730039168	G	0.00795420307321	51	87	132	16325	16595	68636
UNKNOWN	162	G	0.992829165411	A	0.00367580596565	61	9	16476	49	16595	68636
UNKNOWN	163	G	0.980174751431	A	0.0179572160289	298	12	16266	19	16595	68636
UNKNOWN	164	A	0.987948177162	G	0.00843627598674	16395	53	140	7	16595	68636
UNKNOWN	165	A	0.985899367279	G	0.00747213015969	16361	53	124	57	16595	68636
UNKNOWN	166	G	0.801205182284	A	0.138595962639	2300	786	13296	213	16595	68636
UNKNOWN	167	C	0.956553178668	T	0.0290448930401	177	15874	62	482	16595	68636
UNKNOWN	168	A	0.991503464899	G	0.00409761976499	16454	60	68	13	16595	68636
UNKNOWN	169	C	0.977161795722	A	0.0141006327207	234	16216	22	123	16595	68636
UNKNOWN	170	A	0.979752937632	C	0.0130762277795	16259	217	99	20	16595	68636
UNKNOWN	171	G	0.986562217535	T	0.00705031636035	70	36	16372	117	16595	68636
UNKNOWN	172	G	0.952576077132	A	0.0326604398915	542	113	15808	132	16595	68636
UNKNOWN	173	C	0.981078638144	G	0.0110876770111	39	16281	184	91	16595	68636
UNKNOWN	174	T	0.989273877674	C	0.00524254293462	26	87	65	16417	16595	68636
UNKNOWN	175	A	0.991684242242	C	0.0040373606508	16457	67	18	53	16595	68636
UNKNOWN	176	T	0.990479059958	C	0.00686953901778	26	114	18	16437	16595	68636
UNKNOWN	177	A	0.990238023501	C	0.00711057547454	16433	118	26	18	16595	68636
UNKNOWN	178	A	0.992648388069	C	0.00385658330823	16473	64	55	3	16595	68636
UNKNOWN	179	C	0.933594456161	T	0.0566435673396	120	15493	42	940	16595	68636
UNKNOWN	180	C	0.97842723712	T	0.00964145827056	110	16237	88	160	16595	68636
UNKNOWN	181	C	0.991925278698	T	0.00367580596565	60	16461	13	61	16595	68636
UNKNOWN	182	A	0.983006929798	C	0.0136185598072	16313	226	50	6	16595	68636
UNKNOWN	183	G	0.994516420609	A	0.00373606507984	62	12	16504	17	16595	68636
UNKNOWN	184	G	0.947996384453	C	0.0374811690268	200	622	15732	41	16595	68636
UNKNOWN	185	C	0.99439590238	A	0.00277191925279	46	16502	18	29	16595	68636
UNKNOWN	186	C	0.995902380235	A	0.00192829165411	32	16527	13	23	16595	68636
UNKNOWN	187	T	0.993492015667	G	0.00397710153661	9	33	66	16487	16595	68636
UNKNOWN	188	G	0.987104549563	A	0.00915938535704	152	31	16381	31	16595	68636
UNKNOWN	189	A	0.990117505273	C	0.00632720699006	16431	105	54	5	16595	68636
UNKNOWN	190	A	0.994094606809	C	0.0040373606508	16497	67	15	16	16595	68636
UNKNOWN	191	A	0.99367279301	G	0.00301295570955	16490	24	50	31	16595	68636
UNKNOWN	192	T	0.994275384152	C	0.00277191925279	20	46	29	16500	16595	68636
UNKNOWN	193	C	0.988912322989	A	0.00626694787587	104	16411	15	65	16595	68636
UNKNOWN	194	C	0.983428743597	A	0.00711057547454	118	16320	64	93	16595	68636
UNKNOWN	195	C	0.99481771618	A	0.00307321482374	51	16509	29	6	16595	68636
UNKNOWN	196	G	0.996504971377	T	0.00138595962639	20	15	16537	23	16595	68636
UNKNOWN	197	G	0.953299186502	A	0.0340463995179	565	111	15820	99	16595	68636
UNKNOWN	198	C	0.991744501356	A	0.00415787887918	69	16458	23	45	16595	68636
UNKNOWN	199	T	0.985357035252	C	0.0087375715577	29	145	69	16352	16595	68636
UNKNOWN	200	C	0.991684242242	T	0.0040373606508	63	16457	8	67	16595	68636
UNKNOWN	201	A	0.979933714974	C	0.0144621874058	16262	240	92	1	16595	68636
UNKNOWN	202	G	0.976197649895	C	0.0184995480566	35	307	16200	53	16595	68636
UNKNOWN	203	C	0.95715576981	T	0.0303103344381	126	15884	82	503	16595	68636
UNKNOWN	204	A	0.982223561314	C	0.00855679421513	16300	142	93	60	16595	68636
UNKNOWN	205	T	0.992768906297	C	0.00391684242242	25	65	30	16475	16595	68636
UNKNOWN	206	C	0.978547755348	T	0.0114492316963	148	16239	18	190	16595	68636
UNKNOWN	207	A	0.983730039168	C	0.0119313046098	16325	198	61	11	16595	68636
UNKNOWN	208	C	0.973124435071	G	0.0116300090389	128	16149	193	125	16595	68636
UNKNOWN	209	C	0.972401325701	T	0.0124736366375	179	16137	72	207	16595	68636
UNKNOWN	210	A	0.990720096415	C	0.0060259114191	16441	100	50	4	16595	68636
UNKNOWN	211	A	0.983790298283	G	0.00934016269961	16326	103	155	11	16595	68636
UNKNOWN	212	G	0.982163302199	A	0.0147634829768	245	38	16299	13	16595	68636
UNKNOWN	213	G	0.991985537813	A	0.00590539319072	98	22	16462	13	16595	68636
UNKNOWN	214	A	0.987646881591	C	0.00717083458873	16390	119	72	14	16595	68636
UNKNOWN	215	C	0.982223561314	A	0.00723109370292	120	16300	57	118	16595	68636
UNKNOWN	216	A	0.988972582103	C	0.0066887616752	16412	111	60	12	16595	68636
UNKNOWN	217	A	0.985055739681	G	0.00855679421513	16347	92	142	14	16595	68636
UNKNOWN	218	C	0.976981018379	T	0.0106056040976	68	16213	138	176	16595	68636
UNKNOWN	219	T	0.98806869539	C	0.00524254293462	48	87	63	16397	16595	68636
UNKNOWN	220	C	0.990358541729	A	0.00692979813197	115	16435	12	33	16595	68636
UNKNOWN	221	C	0.984151852968	A	0.00831575775836	138	16332	25	100	16595	68636
UNKNOWN	222	A	0.989996987044	G	0.00494124736366	16429	80	82	4	16595	68636
UNKNOWN	223	A	0.988731545646	G	0.00530280204881	16408	84	88	15	16595	68636
UNKNOWN	224	G	0.985839108165	C	0.00729135281711	82	121	16360	32	16595	68636
UNKNOWN	225	A	0.98620066285	G	0.00783368484483	16366	95	130	4	16595	68636
UNKNOWN	226	G	0.959927689063	A	0.0281410063272	467	161	15930	37	16595	68636
UNKNOWN	227	C	0.966857487195	T	0.0269960831576	36	16045	66	448	16595	68636
UNKNOWN	228	C	0.99294968364	A	0.00427839710756	71	16478	40	6	16595	68636
UNKNOWN	229	A	0.992347092498	C	0.00476047002109	16468	79	32	16	16595	68636
UNKNOWN	230	A	0.987767399819	G	0.0109068996686	16392	13	181	9	16595	68636
UNKNOWN	231	G	0.981922265743	A	0.0118710454956	197	32	16295	71	16595	68636
UNKNOWN	232	T	0.992045796927	C	0.00572461584815	5	95	32	16463	16595	68636
UNKNOWN	233	C	0.977342573064	G	0.0102440494125	70	16219	170	136	16595	68636
UNKNOWN	234	T	0.989454655017	C	0.00596565230491	26	99	50	16420	16595	68636
UNKNOWN	235	C	0.993009942754	T	0.00494124736366	27	16479	7	82	16595	68636
UNKNOWN	236	T	0.984814703224	C	0.0080747213016	25	134	93	16343	16595	68636
UNKNOWN	237	C	0.99367279301	T	0.00445917445014	19	16490	12	74	16595	68636
UNKNOWN	238	T	0.995661343778	G	0.00204880988249	12	26	34	16523	16595	68636
UNKNOWN	239	G	0.967038264538	A	0.0212714673094	353	64	16048	130	16595	68636
UNKNOWN	240	T	0.991563724013	C	0.00343476950889	27	57	56	16455	16595	68636
UNKNOWN	241	C	0.990418800844	T	0.00608617053329	52	16436	6	101	16595	68636
UNKNOWN	242	A	0.986019885508	G	0.00831575775836	16363	73	138	21	16595	68636
UNKNOWN	243	G	0.896414582706	C	0.0542332027719	699	900	14876	120	16595	68636
UNKNOWN	244	T	0.995902380235	G	0.00216932811088	7	25	36	16527	16595	68636
UNKNOWN	245	G	0.978366978005	A	0.0133172642362	221	38	16236	100	16595	68636
UNKNOWN	246	A	0.985718589937	G	0.0104850858692	16358	47	174	16	16595	68636
UNKNOWN	247	G	0.947695088882	A	0.0372401325701	618	192	15727	58	16595	68636
UNKNOWN	248	C	0.969147333534	T	0.015787887918	207	16083	43	262	16595	68636
UNKNOWN	249	A	0.987526363362	G	0.00867731244351	16388	59	144	4	16595	68636
UNKNOWN	250	G	0.989996987044	C	0.00578487496234	51	96	16429	19	16595	68636
UNKNOWN	251	C	0.988550768304	T	0.0066887616752	48	16405	31	111	16595	68636
UNKNOWN	252	G	0.988550768304	A	0.00692979813197	115	33	16405	42	16595	68636
UNKNOWN	253	T	0.993612533896	C	0.00307321482374	9	51	46	16489	16595	68636
UNKNOWN	254	G	0.962880385658	A	0.0253088279602	420	64	15979	132	16595	68636
UNKNOWN	255	A	0.986742994878	G	0.00849653510093	16375	44	141	35	16595	68636
UNKNOWN	256	C	0.980656824345	G	0.00843627598674	89	16274	140	92	16595	68636
UNKNOWN	257	A	0.976318168123	G	0.0150045194336	16202	105	249	39	16595	68636
UNKNOWN	258	A	0.864356733956	C	0.120819523953	14344	2005	197	49	16595	68636
UNKNOWN	259	C	0.961916239831	G	0.0175354022296	134	15963	291	207	16595	68636
UNKNOWN	260	T	0.979632419403	C	0.00879783067189	62	146	130	16257	16595	68636
UNKNOWN	261	G	0.990900873757	A	0.00596565230491	99	9	16444	43	16595	68636
UNKNOWN	262	A	0.992829165411	G	0.00421813799337	16476	37	70	12	16595	68636
UNKNOWN	263	G	0.960048207291	A	0.0235010545345	390	153	15932	120	16595	68636
UNKNOWN	264	G	0.989153359446	A	0.00566435673396	94	20	16415	66	16595	68636
UNKNOWN	265	A	0.990961132871	G	0.0040373606508	16445	61	67	22	16595	68636
UNKNOWN	266	C	0.984814703224	T	0.00964145827056	55	16343	37	160	16595	68636
UNKNOWN	267	T	0.816450738174	A	0.172160289244	2857	45	144	13549	16595	68636
UNKNOWN	268	C	0.993371497439	A	0.00301295570955	50	16485	39	21	16595	68636
UNKNOWN	269	G	0.97987345586	A	0.0121120819524	201	52	16261	81	16595	68636
UNKNOWN	270	G	0.992467610726	A	0.00307321482374	51	33	16470	41	16595	68636
UNKNOWN	271	C	0.984272371196	A	0.00723109370292	120	16334	107	34	16595	68636
UNKNOWN	272	C	0.987887918048	A	0.00717083458873	119	16394	20	62	16595	68636
UNKNOWN	273	A	0.993974088581	G	0.00289243748117	16495	41	48	11	16595	68636
UNKNOWN	274	C	0.986441699307	A	0.00638746610425	106	16370	23	96	16595	68636
UNKNOWN	275	A	0.980717083459	G	0.0102440494125	16275	60	170	90	16595	68636
UNKNOWN	276	T	0.993070201868	G	0.00331425128051	37	23	55	16480	16595	68636
UNKNOWN	277	A	0.991865019584	C	0.00421813799337	16460	70	38	27	16595	68636
UNKNOWN	278	C	0.935221452245	T	0.06182585116	31	15520	18	1026	16595	68636
UNKNOWN	279	T	0.979813196746	C	0.0116300090389	50	193	92	16260	16595	68636
UNKNOWN	280	A	0.97023199759	T	0.0207291352817	16101	89	61	344	16595	68636
UNKNOWN	281	C	0.976318168123	T	0.0200060259114	35	16202	26	332	16595	68636
UNKNOWN	282	T	0.991563724013	G	0.00482072913528	33	27	80	16455	16595	68636
UNKNOWN	283	G	0.992829165411	T	0.00343476950889	47	15	16476	57	16595	68636
UNKNOWN	284	T	0.966194636939	C	0.0291051521543	31	483	47	16034	16595	68636
UNKNOWN	285	A	0.684603796324	G	0.275564929196	11361	122	4573	539	16595	68636
UNKNOWN	286	C	0.867791503465	G	0.0670081349804	186	14401	1112	896	16595	68636
UNKNOWN	287	T	0.660319373305	A	0.149864416993	2487	1489	1661	10958	16595	68636
UNKNOWN	288	A	0.929798131967	G	0.0377222054836	15430	193	626	346	16595	68636
UNKNOWN	289	C	0.741488400121	A	0.183006929798	3037	12305	750	503	16595	68636
UNKNOWN	290	T	0.741608918349	A	0.135944561615	2256	563	1469	12307	16595	68636
