Type	Position	Nucl1	Freq1	Nucl2	Freq2	NumAs	NumCs	NumGs	NumTs	NumAligned	NumNaive
UNKNOWN	0	C	1.0	A	0.0	0	3781	0	0	3781	68636
UNKNOWN	1	A	1.0	C	0.0	3781	0	0	0	3781	68636
UNKNOWN	2	G	1.0	A	0.0	0	0	3781	0	3781	68636
UNKNOWN	3	G	1.0	A	0.0	0	0	3781	0	3781	68636
UNKNOWN	4	T	1.0	A	0.0	0	0	0	3781	3781	68636
UNKNOWN	5	G	1.0	A	0.0	0	0	3781	0	3781	68636
UNKNOWN	6	C	1.0	A	0.0	0	3781	0	0	3781	68636
UNKNOWN	7	A	0.999471039408	G	0.000528960592436	3779	0	2	0	3781	68636
UNKNOWN	8	G	0.975667812748	A	0.0238032266596	90	1	3689	1	3781	68636
UNKNOWN	9	C	0.998677598519	G	0.000793440888654	0	3776	3	2	3781	68636
UNKNOWN	10	T	0.999735519704	C	0.000264480296218	0	1	0	3780	3781	68636
UNKNOWN	11	G	0.999206559111	A	0.000528960592436	2	1	3778	0	3781	68636
UNKNOWN	12	C	0.999471039408	T	0.000528960592436	0	3779	0	2	3781	68636
UNKNOWN	13	G	0.998942078815	A	0.000793440888654	3	0	3777	1	3781	68636
UNKNOWN	14	G	0.949484263422	C	0.0502512562814	1	190	3590	0	3781	68636
UNKNOWN	15	G	0.999471039408	A	0.000264480296218	1	1	3779	0	3781	68636
UNKNOWN	16	A	0.998413118223	G	0.00105792118487	3775	2	4	0	3781	68636
UNKNOWN	17	G	0.997619677334	A	0.00238032266596	9	0	3772	0	3781	68636
UNKNOWN	18	T	0.998942078815	C	0.000528960592436	1	2	1	3777	3781	68636
UNKNOWN	19	C	0.999471039408	T	0.000528960592436	0	3779	0	2	3781	68636
UNKNOWN	20	G	0.985453583708	A	0.0140174556996	53	2	3726	0	3781	68636
UNKNOWN	21	G	0.999471039408	A	0.000264480296218	1	0	3779	1	3781	68636
UNKNOWN	22	G	0.999471039408	A	0.000264480296218	1	1	3779	0	3781	68636
UNKNOWN	23	C	0.99788415763	T	0.00158688177731	0	3773	2	6	3781	68636
UNKNOWN	24	C	0.997355197038	A	0.00158688177731	6	3771	0	4	3781	68636
UNKNOWN	25	C	0.999471039408	T	0.000528960592436	0	3779	0	2	3781	68636
UNKNOWN	26	C	0.998677598519	A	0.00105792118487	4	3776	0	1	3781	68636
UNKNOWN	27	A	0.979635017191	T	0.0177201798466	3704	1	9	67	3781	68636
UNKNOWN	28	G	0.994710394076	A	0.00423168473949	16	4	3761	0	3781	68636
UNKNOWN	29	C	0.996826236445	T	0.00264480296218	1	3769	1	10	3781	68636
UNKNOWN	30	C	0.998677598519	T	0.00132240148109	0	3776	0	5	3781	68636
UNKNOWN	31	T	0.991007669929	G	0.00819888918276	0	3	31	3747	3781	68636
UNKNOWN	32	G	0.97831261571	A	0.0214229039937	81	1	3699	0	3781	68636
UNKNOWN	33	G	0.997355197038	T	0.00132240148109	2	3	3771	5	3781	68636
UNKNOWN	34	T	0.996032795557	G	0.00211584236974	2	5	8	3766	3781	68636
UNKNOWN	35	G	0.996826236445	A	0.00238032266596	9	2	3769	1	3781	68636
UNKNOWN	36	A	0.998148637926	C	0.00105792118487	3774	4	2	1	3781	68636
UNKNOWN	37	A	0.994445913779	G	0.00423168473949	3760	5	16	0	3781	68636
UNKNOWN	38	G	0.997619677334	C	0.00158688177731	3	6	3772	0	3781	68636
UNKNOWN	39	C	0.991007669929	G	0.00687648770167	1	3747	26	7	3781	68636
UNKNOWN	40	C	0.999735519704	T	0.000264480296218	0	3780	0	1	3781	68636
UNKNOWN	41	C	0.990478709336	T	0.00899233007141	1	3745	1	34	3781	68636
UNKNOWN	42	T	0.994181433483	C	0.00528960592436	2	20	0	3759	3781	68636
UNKNOWN	43	C	0.99788415763	A	0.00211584236974	8	3773	0	0	3781	68636
UNKNOWN	44	A	0.99788415763	C	0.00158688177731	3773	6	2	0	3781	68636
UNKNOWN	45	C	0.993123512298	G	0.00317376355462	9	3755	12	5	3781	68636
UNKNOWN	46	A	0.997355197038	G	0.00185136207353	3771	3	7	0	3781	68636
UNKNOWN	47	G	0.996561756149	A	0.0029092832584	11	2	3768	0	3781	68636
UNKNOWN	48	A	0.996826236445	C	0.00158688177731	3769	6	4	2	3781	68636
UNKNOWN	49	C	0.999735519704	T	0.000264480296218	0	3780	0	1	3781	68636
UNKNOWN	50	C	0.998942078815	T	0.000793440888654	1	3777	0	3	3781	68636
UNKNOWN	51	C	0.99788415763	T	0.00158688177731	1	3773	1	6	3781	68636
UNKNOWN	52	T	0.994710394076	C	0.0044961650357	2	17	1	3761	3781	68636
UNKNOWN	53	C	0.991007669929	T	0.00793440888654	0	3747	4	30	3781	68636
UNKNOWN	54	T	0.992065591113	C	0.00423168473949	0	16	14	3751	3781	68636
UNKNOWN	55	C	0.994974874372	T	0.00370272414705	3	3762	2	14	3781	68636
UNKNOWN	56	C	0.995239354668	T	0.00396720444327	2	3763	1	15	3781	68636
UNKNOWN	57	C	0.997355197038	T	0.00132240148109	1	3771	4	5	3781	68636
UNKNOWN	58	T	0.996297275853	C	0.00317376355462	1	12	1	3767	3781	68636
UNKNOWN	59	C	0.997355197038	A	0.00211584236974	8	3771	0	2	3781	68636
UNKNOWN	60	A	0.992065591113	C	0.00423168473949	3751	16	3	11	3781	68636
UNKNOWN	61	C	0.994710394076	G	0.00264480296218	2	3761	10	8	3781	68636
UNKNOWN	62	C	0.993387992595	T	0.00555408622058	1	3756	3	21	3781	68636
UNKNOWN	63	T	0.996297275853	C	0.00211584236974	1	8	5	3767	3781	68636
UNKNOWN	64	G	0.99788415763	C	0.00132240148109	2	5	3773	1	3781	68636
UNKNOWN	65	C	0.996032795557	T	0.00264480296218	5	3766	0	10	3781	68636
UNKNOWN	66	A	0.988627347263	C	0.00634752710923	3738	24	14	5	3781	68636
UNKNOWN	67	C	0.99788415763	G	0.00158688177731	0	3773	6	2	3781	68636
UNKNOWN	68	G	0.973023009786	A	0.0238032266596	90	10	3679	2	3781	68636
UNKNOWN	69	G	0.983602221634	A	0.0137529754033	52	3	3719	7	3781	68636
UNKNOWN	70	T	0.985453583708	C	0.00899233007141	0	34	21	3726	3781	68636
UNKNOWN	71	C	0.973551970378	G	0.0198360222163	0	3681	75	25	3781	68636
UNKNOWN	72	T	0.995239354668	C	0.00317376355462	1	12	5	3763	3781	68636
UNKNOWN	73	C	0.997619677334	T	0.00211584236974	0	3772	1	8	3781	68636
UNKNOWN	74	T	0.996561756149	G	0.00238032266596	1	3	9	3768	3781	68636
UNKNOWN	75	G	0.98042845808	A	0.0193070616239	73	1	3707	0	3781	68636
UNKNOWN	76	G	0.987040465485	A	0.0113726527374	43	4	3732	2	3781	68636
UNKNOWN	77	A	0.991007669929	C	0.00343824385083	3747	13	13	8	3781	68636
UNKNOWN	78	T	0.989420788151	G	0.00502512562814	3	18	19	3741	3781	68636
UNKNOWN	79	T	0.989949748744	C	0.0044961650357	5	17	16	3743	3781	68636
UNKNOWN	80	C	0.993916953187	T	0.0029092832584	5	3758	7	11	3781	68636
UNKNOWN	81	T	0.987304945782	C	0.0105792118487	5	40	3	3733	3781	68636
UNKNOWN	82	C	0.995768315261	A	0.00238032266596	9	3765	0	7	3781	68636
UNKNOWN	83	A	0.994974874372	C	0.00185136207353	3762	7	5	7	3781	68636
UNKNOWN	84	T	0.993916953187	G	0.00396720444327	1	7	15	3758	3781	68636
UNKNOWN	85	T	0.995503834964	G	0.00343824385083	1	3	13	3764	3781	68636
UNKNOWN	86	G	0.971171647712	A	0.0222163448823	84	24	3672	1	3781	68636
UNKNOWN	87	A	0.983602221634	G	0.0140174556996	3719	7	53	2	3781	68636
UNKNOWN	88	G	0.94128537424	C	0.0346469188045	85	131	3559	6	3781	68636
UNKNOWN	89	C	0.887066913515	A	0.070351758794	266	3354	33	128	3781	68636
UNKNOWN	90	A	0.984395662523	G	0.0129595345147	3722	8	49	2	3781	68636
UNKNOWN	91	G	0.848188309971	T	0.0822533721238	221	42	3207	311	3781	68636
UNKNOWN	92	C	0.916424226395	T	0.0576567045755	34	3465	64	218	3781	68636
UNKNOWN	93	A	0.79370536895	T	0.0936260248611	3001	281	145	354	3781	68636
UNKNOWN	94	A	0.93149960328	G	0.0420523670987	3522	16	159	84	3781	68636
UNKNOWN	95	T	0.954773869347	G	0.0240677069558	61	19	91	3610	3781	68636
UNKNOWN	96	G	0.932557524464	A	0.0502512562814	190	42	3526	23	3781	68636
UNKNOWN	97	G	0.673102353875	A	0.19439301772	735	483	2545	18	3781	68636
UNKNOWN	98	T	0.988891827559	C	0.00581856651679	5	22	15	3739	3781	68636
UNKNOWN	99	G	0.936260248611	A	0.0550119016133	208	3	3540	30	3781	68636
UNKNOWN	100	T	0.996297275853	C	0.00185136207353	6	7	1	3767	3781	68636
UNKNOWN	101	A	0.969320285639	G	0.0166622586617	3665	25	63	28	3781	68636
UNKNOWN	102	G	0.763554615181	A	0.157630256546	596	255	2887	43	3781	68636
UNKNOWN	103	T	0.909018778101	G	0.055805342502	77	56	211	3437	3781	68636
UNKNOWN	104	C	0.873049457815	T	0.0904522613065	54	3301	84	342	3781	68636
UNKNOWN	105	T	0.995239354668	G	0.00343824385083	0	5	13	3763	3781	68636
UNKNOWN	106	G	0.998148637926	T	0.00185136207353	0	0	3774	7	3781	68636
UNKNOWN	107	G	0.998148637926	T	0.00185136207353	0	0	3774	7	3781	68636
UNKNOWN	108	G	0.953980428458	A	0.0415234065062	157	6	3607	11	3781	68636
UNKNOWN	109	T	0.996032795557	C	0.00396720444327	0	15	0	3766	3781	68636
UNKNOWN	110	C	0.997355197038	T	0.00132240148109	2	3771	3	5	3781	68636
UNKNOWN	111	C	0.997619677334	G	0.00158688177731	2	3772	6	1	3781	68636
UNKNOWN	112	G	0.99788415763	C	0.00185136207353	0	7	3773	1	3781	68636
UNKNOWN	113	C	0.989420788151	T	0.0074054482941	12	3741	0	28	3781	68636
UNKNOWN	114	C	0.996826236445	A	0.00211584236974	8	3769	1	3	3781	68636
UNKNOWN	115	A	0.984131182227	G	0.0134884951071	3721	7	51	2	3781	68636
UNKNOWN	116	G	0.999206559111	A	0.000528960592436	2	1	3778	0	3781	68636
UNKNOWN	117	G	0.971171647712	A	0.0256545887331	97	9	3672	3	3781	68636
UNKNOWN	118	C	0.987040465485	G	0.0100502512563	0	3732	38	11	3781	68636
UNKNOWN	119	T	0.993123512298	C	0.00502512562814	1	19	6	3755	3781	68636
UNKNOWN	120	C	0.994710394076	T	0.00264480296218	7	3761	3	10	3781	68636
UNKNOWN	121	C	0.997619677334	A	0.00158688177731	6	3772	1	2	3781	68636
UNKNOWN	122	A	0.987569426078	G	0.0103147315525	3734	7	39	1	3781	68636
UNKNOWN	123	G	0.991272150225	C	0.00528960592436	13	20	3748	0	3781	68636
UNKNOWN	124	G	0.996032795557	A	0.00238032266596	9	4	3766	2	3781	68636
UNKNOWN	125	G	0.984660142819	A	0.0140174556996	53	4	3723	1	3781	68636
UNKNOWN	126	A	0.997090716742	G	0.00132240148109	3770	4	5	2	3781	68636
UNKNOWN	127	A	0.994710394076	G	0.0044961650357	3761	2	17	1	3781	68636
UNKNOWN	128	G	0.998148637926	A	0.00158688177731	6	1	3774	0	3781	68636
UNKNOWN	129	G	0.981221898969	A	0.0142819359958	54	17	3710	0	3781	68636
UNKNOWN	130	C	0.994974874372	G	0.00211584236974	4	3762	8	7	3781	68636
UNKNOWN	131	G	0.972494049193	A	0.0227453054747	86	14	3677	4	3781	68636
UNKNOWN	132	C	0.989949748744	T	0.00872784977519	1	3743	4	33	3781	68636
UNKNOWN	133	T	0.989685268448	G	0.00555408622058	0	18	21	3742	3781	68636
UNKNOWN	134	G	0.992594551706	A	0.00502512562814	19	2	3753	7	3781	68636
UNKNOWN	135	G	0.987833906374	A	0.00899233007141	34	10	3735	2	3781	68636
UNKNOWN	136	A	0.985718064004	G	0.0119016133298	3727	6	45	3	3781	68636
UNKNOWN	137	G	0.984924623116	A	0.012166093626	46	4	3724	7	3781	68636
UNKNOWN	138	T	0.997619677334	G	0.00185136207353	0	2	7	3772	3781	68636
UNKNOWN	139	G	0.999206559111	A	0.000264480296218	1	1	3778	1	3781	68636
UNKNOWN	140	G	0.937847130389	C	0.0568632636869	9	215	3546	11	3781	68636
UNKNOWN	141	C	0.976990214229	G	0.0203649828088	4	3694	77	6	3781	68636
UNKNOWN	142	T	0.995768315261	C	0.0029092832584	0	11	5	3765	3781	68636
UNKNOWN	143	C	0.9859825443	T	0.0113726527374	1	3728	9	43	3781	68636
UNKNOWN	144	G	0.996561756149	C	0.00132240148109	4	5	3768	4	3781	68636
UNKNOWN	145	G	0.996297275853	T	0.00185136207353	3	4	3767	7	3781	68636
UNKNOWN	146	T	0.952393546681	G	0.018249140439	68	43	69	3601	3781	68636
UNKNOWN	147	G	0.793969849246	A	0.172176672838	651	43	3002	85	3781	68636
UNKNOWN	148	G	0.752975403332	A	0.149431367363	565	213	2847	156	3781	68636
UNKNOWN	149	T	0.923565194393	A	0.0320021158424	121	62	106	3492	3781	68636
UNKNOWN	150	A	0.9370536895	G	0.0433747685797	3543	7	164	67	3781	68636
UNKNOWN	151	T	0.989949748744	A	0.00343824385083	13	13	12	3743	3781	68636
UNKNOWN	152	A	0.959798994975	G	0.024332187252	3629	38	92	22	3781	68636
UNKNOWN	153	T	0.91536630521	A	0.0603015075377	228	14	78	3461	3781	68636
UNKNOWN	154	G	0.981486379265	C	0.00846336947897	30	32	3711	8	3781	68636
UNKNOWN	155	C	0.920920391431	T	0.0692938376091	26	3482	11	262	3781	68636
UNKNOWN	156	A	0.766199418143	G	0.224808251785	2897	12	850	22	3781	68636
UNKNOWN	157	G	0.825971965089	A	0.128537423962	486	157	3123	15	3781	68636
UNKNOWN	158	T	0.973816450674	G	0.0116371330336	17	38	44	3682	3781	68636
UNKNOWN	159	G	0.87833906374	A	0.10632107908	402	45	3321	13	3781	68636
UNKNOWN	160	G	0.856122718857	A	0.090981221899	344	190	3237	10	3781	68636
UNKNOWN	161	T	0.979106056599	G	0.0100502512563	9	32	38	3702	3781	68636
UNKNOWN	162	G	0.993387992595	A	0.0044961650357	17	5	3756	3	3781	68636
UNKNOWN	163	G	0.98254430045	A	0.0156043374769	59	1	3715	6	3781	68636
UNKNOWN	164	A	0.97064268712	G	0.0227453054747	3670	15	86	10	3781	68636
UNKNOWN	165	A	0.965617561492	G	0.0282993916953	3651	12	107	11	3781	68636
UNKNOWN	166	G	0.797143612801	C	0.110288283523	252	417	3014	98	3781	68636
UNKNOWN	167	C	0.879396984925	T	0.0515736577625	92	3325	169	195	3781	68636
UNKNOWN	168	A	0.975403332452	G	0.0137529754033	3688	35	52	6	3781	68636
UNKNOWN	169	C	0.979106056599	G	0.0113726527374	14	3702	43	22	3781	68636
UNKNOWN	170	A	0.987040465485	G	0.0074054482941	3732	14	28	7	3781	68636
UNKNOWN	171	A	0.874900819889	G	0.100766992859	3308	50	381	42	3781	68636
UNKNOWN	172	G	0.654059772547	A	0.257868288812	975	234	2473	99	3781	68636
UNKNOWN	173	C	0.881512827294	G	0.0883364189368	33	3333	334	81	3781	68636
UNKNOWN	174	T	0.97619677334	A	0.014546416292	55	22	13	3691	3781	68636
UNKNOWN	175	T	0.909018778101	A	0.0719386405713	272	31	41	3437	3781	68636
UNKNOWN	176	T	0.974874371859	C	0.014546416292	16	55	24	3686	3781	68636
UNKNOWN	177	A	0.993123512298	C	0.00264480296218	3755	10	10	6	3781	68636
UNKNOWN	178	A	0.989949748744	C	0.00502512562814	3743	19	16	3	3781	68636
UNKNOWN	179	C	0.919333509654	T	0.067971436128	9	3476	39	257	3781	68636
UNKNOWN	180	C	0.930177201798	T	0.0272414705104	85	3517	76	103	3781	68636
UNKNOWN	181	C	0.974609891563	T	0.0179846601428	18	3685	10	68	3781	68636
UNKNOWN	182	A	0.9859825443	G	0.00661200740545	3728	23	25	5	3781	68636
UNKNOWN	183	G	0.979106056599	T	0.0108436921449	19	19	3702	41	3781	68636
UNKNOWN	184	C	0.978048135414	T	0.0153398571806	9	3698	16	58	3781	68636
UNKNOWN	185	C	0.998148637926	A	0.00132240148109	5	3774	1	1	3781	68636
UNKNOWN	186	C	0.994181433483	T	0.00370272414705	2	3759	6	14	3781	68636
UNKNOWN	187	T	0.995239354668	G	0.00264480296218	4	4	10	3763	3781	68636
UNKNOWN	188	G	0.975932293044	A	0.0193070616239	73	6	3690	12	3781	68636
UNKNOWN	189	A	0.993652472891	G	0.00370272414705	3757	10	14	0	3781	68636
UNKNOWN	190	A	0.996297275853	C	0.00211584236974	3767	8	3	3	3781	68636
UNKNOWN	191	A	0.993652472891	T	0.00238032266596	3757	7	8	9	3781	68636
UNKNOWN	192	T	0.994974874372	C	0.00317376355462	2	12	5	3762	3781	68636
UNKNOWN	193	C	0.996826236445	A	0.00238032266596	9	3769	0	3	3781	68636
UNKNOWN	194	C	0.9859825443	G	0.00634752710923	14	3728	24	15	3781	68636
UNKNOWN	195	C	0.996032795557	G	0.00264480296218	0	3766	10	5	3781	68636
UNKNOWN	196	G	0.998413118223	A	0.000793440888654	3	1	3775	2	3781	68636
UNKNOWN	197	G	0.928061359429	A	0.0568632636869	215	38	3509	19	3781	68636
UNKNOWN	198	C	0.993123512298	T	0.0029092832584	8	3755	7	11	3781	68636
UNKNOWN	199	T	0.99233007141	C	0.00528960592436	2	20	7	3752	3781	68636
UNKNOWN	200	C	0.982279820153	A	0.0156043374769	59	3714	2	6	3781	68636
UNKNOWN	201	A	0.981221898969	G	0.0108436921449	3710	29	41	1	3781	68636
UNKNOWN	202	G	0.973551970378	C	0.0195715419201	10	74	3681	16	3781	68636
UNKNOWN	203	C	0.952922507273	T	0.0423168473949	14	3603	4	160	3781	68636
UNKNOWN	204	A	0.992594551706	G	0.00370272414705	3753	4	14	10	3781	68636
UNKNOWN	205	T	0.995239354668	C	0.0029092832584	1	11	6	3763	3781	68636
UNKNOWN	206	C	0.983866701931	A	0.0100502512563	38	3720	10	13	3781	68636
UNKNOWN	207	A	0.982015339857	G	0.00819888918276	3713	19	31	18	3781	68636
UNKNOWN	208	C	0.977519174821	T	0.0105792118487	7	3696	38	40	3781	68636
UNKNOWN	209	C	0.965088600899	T	0.0201005025126	30	3649	26	76	3781	68636
UNKNOWN	210	A	0.990743189632	G	0.00476064533192	3746	15	18	2	3781	68636
UNKNOWN	211	A	0.984660142819	G	0.00978577096006	3723	18	37	3	3781	68636
UNKNOWN	212	G	0.984660142819	A	0.00952129066385	36	13	3723	9	3781	68636
UNKNOWN	213	G	0.987304945782	A	0.0119016133298	45	2	3733	1	3781	68636
UNKNOWN	214	A	0.989685268448	C	0.00396720444327	3742	15	11	13	3781	68636
UNKNOWN	215	C	0.90558053425	T	0.0891298598254	14	3424	6	337	3781	68636
UNKNOWN	216	A	0.991272150225	G	0.00555408622058	3748	8	21	4	3781	68636
UNKNOWN	217	A	0.981221898969	G	0.0111081724412	3710	21	42	8	3781	68636
UNKNOWN	218	C	0.97275852949	T	0.0235387463634	2	3678	12	89	3781	68636
UNKNOWN	219	T	0.990743189632	C	0.00370272414705	13	14	8	3746	3781	68636
UNKNOWN	220	C	0.990743189632	T	0.00476064533192	15	3746	2	18	3781	68636
UNKNOWN	221	C	0.958476593494	T	0.0298862734726	23	3624	21	113	3781	68636
UNKNOWN	222	A	0.994974874372	C	0.00264480296218	3762	10	8	1	3781	68636
UNKNOWN	223	A	0.990743189632	G	0.00714096799788	3746	7	27	1	3781	68636
UNKNOWN	224	G	0.977519174821	A	0.0187781010315	71	12	3696	2	3781	68636
UNKNOWN	225	A	0.99021422904	G	0.00555408622058	3744	12	21	4	3781	68636
UNKNOWN	226	G	0.910605659878	A	0.0785506479767	297	35	3443	6	3781	68636
UNKNOWN	227	C	0.954509389051	T	0.04125892621	10	3609	6	156	3781	68636
UNKNOWN	228	C	0.988891827559	A	0.00581856651679	22	3739	18	2	3781	68636
UNKNOWN	229	A	0.995239354668	C	0.00264480296218	3763	10	5	3	3781	68636
UNKNOWN	230	A	0.979899497487	G	0.0171912192542	3705	7	65	4	3781	68636
UNKNOWN	231	G	0.976990214229	A	0.0100502512563	38	32	3694	17	3781	68636
UNKNOWN	232	T	0.988362866966	C	0.00899233007141	5	34	5	3737	3781	68636
UNKNOWN	233	C	0.959534514679	G	0.0216873842899	15	3628	82	56	3781	68636
UNKNOWN	234	T	0.99233007141	C	0.00502512562814	4	19	6	3752	3781	68636
UNKNOWN	235	C	0.988891827559	T	0.0103147315525	2	3739	1	39	3781	68636
UNKNOWN	236	T	0.97831261571	C	0.0134884951071	14	51	17	3699	3781	68636
UNKNOWN	237	C	0.992859032002	T	0.00476064533192	5	3754	4	18	3781	68636
UNKNOWN	238	T	0.994974874372	G	0.00317376355462	2	5	12	3762	3781	68636
UNKNOWN	239	G	0.946310499868	A	0.0420523670987	159	23	3578	21	3781	68636
UNKNOWN	240	T	0.988891827559	G	0.0044961650357	9	16	17	3739	3781	68636
UNKNOWN	241	C	0.983866701931	T	0.00978577096006	22	3720	2	37	3781	68636
UNKNOWN	242	A	0.985718064004	C	0.00687648770167	3727	26	25	3	3781	68636
UNKNOWN	243	G	0.892620999736	C	0.0544829410209	171	206	3375	29	3781	68636
UNKNOWN	244	T	0.992594551706	G	0.00396720444327	2	11	15	3753	3781	68636
UNKNOWN	245	G	0.969584765935	A	0.0198360222163	75	15	3666	25	3781	68636
UNKNOWN	246	A	0.984924623116	G	0.0105792118487	3724	13	40	4	3781	68636
UNKNOWN	247	G	0.833906373975	T	0.0796085691616	233	94	3153	301	3781	68636
UNKNOWN	248	C	0.959005554086	T	0.0211584236974	43	3626	32	80	3781	68636
UNKNOWN	249	A	0.983073261042	G	0.014546416292	3717	9	55	0	3781	68636
UNKNOWN	250	G	0.973287490082	A	0.0163977783655	62	31	3680	8	3781	68636
UNKNOWN	251	C	0.984660142819	T	0.00978577096006	6	3723	15	37	3781	68636
UNKNOWN	252	G	0.987040465485	A	0.00555408622058	21	13	3732	15	3781	68636
UNKNOWN	253	T	0.987833906374	C	0.00714096799788	3	27	16	3735	3781	68636
UNKNOWN	254	G	0.947632901349	A	0.0420523670987	159	21	3583	18	3781	68636
UNKNOWN	255	A	0.984924623116	G	0.00714096799788	3724	12	27	18	3781	68636
UNKNOWN	256	C	0.967468923565	G	0.0227453054747	23	3658	86	14	3781	68636
UNKNOWN	257	A	0.982279820153	G	0.00952129066385	3714	19	36	12	3781	68636
UNKNOWN	258	C	0.856122718857	G	0.0817244115313	220	3237	309	15	3781	68636
UNKNOWN	259	C	0.988362866966	T	0.00634752710923	15	3737	5	24	3781	68636
UNKNOWN	260	T	0.971965088601	C	0.0179846601428	4	68	34	3675	3781	68636
UNKNOWN	261	G	0.988362866966	A	0.00714096799788	27	4	3737	13	3781	68636
UNKNOWN	262	A	0.988627347263	G	0.00714096799788	3738	12	27	4	3781	68636
UNKNOWN	263	G	0.939698492462	A	0.0415234065062	157	53	3553	18	3781	68636
UNKNOWN	264	G	0.987040465485	A	0.00899233007141	34	4	3732	11	3781	68636
UNKNOWN	265	A	0.990478709336	C	0.00502512562814	3745	19	13	4	3781	68636
UNKNOWN	266	C	0.96852684475	T	0.0150753768844	38	3662	24	57	3781	68636
UNKNOWN	267	A	0.98042845808	T	0.00846336947897	3707	11	31	32	3781	68636
UNKNOWN	268	C	0.988891827559	A	0.00476064533192	18	3739	15	9	3781	68636
UNKNOWN	269	G	0.942343295424	A	0.0528960592436	200	4	3563	14	3781	68636
UNKNOWN	270	G	0.981486379265	A	0.0103147315525	39	11	3711	20	3781	68636
UNKNOWN	271	C	0.984131182227	A	0.00766992859032	29	3721	26	5	3781	68636
UNKNOWN	272	C	0.990743189632	A	0.00528960592436	20	3746	7	8	3781	68636
UNKNOWN	273	A	0.989949748744	G	0.00634752710923	3743	9	24	5	3781	68636
UNKNOWN	274	C	0.987569426078	A	0.00793440888654	30	3734	4	13	3781	68636
UNKNOWN	275	A	0.983866701931	G	0.00766992859032	3720	17	29	15	3781	68636
UNKNOWN	276	T	0.987040465485	G	0.00846336947897	13	4	32	3732	3781	68636
UNKNOWN	277	A	0.983602221634	C	0.00714096799788	3719	27	13	22	3781	68636
UNKNOWN	278	C	0.957154192013	T	0.0399365247289	6	3619	5	151	3781	68636
UNKNOWN	279	T	0.990478709336	G	0.00343824385083	12	11	13	3745	3781	68636
UNKNOWN	280	A	0.971965088601	T	0.0134884951071	3675	36	19	51	3781	68636
UNKNOWN	281	C	0.967204443269	T	0.0301507537688	7	3657	3	114	3781	68636
UNKNOWN	282	T	0.990478709336	G	0.00634752710923	9	3	24	3745	3781	68636
