Type	Position	Nucl1	Freq1	Nucl2	Freq2	NumAs	NumCs	NumGs	NumTs	NumAligned	NumNaive
UNKNOWN	0	C	1.0	A	0.0	0	18584	0	0	18584	106063
UNKNOWN	1	A	1.0	C	0.0	18584	0	0	0	18584	106063
UNKNOWN	2	G	1.0	A	0.0	0	0	18584	0	18584	106063
UNKNOWN	3	G	1.0	A	0.0	0	0	18584	0	18584	106063
UNKNOWN	4	T	1.0	A	0.0	0	0	0	18584	18584	106063
UNKNOWN	5	G	1.0	A	0.0	0	0	18584	0	18584	106063
UNKNOWN	6	C	1.0	A	0.0	0	18584	0	0	18584	106063
UNKNOWN	7	A	0.99730951356	G	0.00231381833836	18534	4	43	3	18584	106063
UNKNOWN	8	G	0.987354713732	A	0.00947051226862	176	44	18349	15	18584	106063
UNKNOWN	9	C	0.980628497632	G	0.0169500645717	2	18224	315	43	18584	106063
UNKNOWN	10	T	0.998762376238	C	0.00123762376238	0	23	0	18561	18584	106063
UNKNOWN	11	G	0.997847610848	A	0.00199095996556	37	1	18544	2	18584	106063
UNKNOWN	12	C	0.998331898407	A	0.000968575118381	18	18553	2	11	18584	106063
UNKNOWN	13	G	0.998116659492	A	0.00166810159277	31	2	18549	2	18584	106063
UNKNOWN	14	G	0.946835987947	C	0.0515497201894	19	958	17596	11	18584	106063
UNKNOWN	15	G	0.999461902712	A	0.000322858372794	6	1	18574	3	18584	106063
UNKNOWN	16	A	0.997148084374	G	0.00204476969436	18531	14	38	1	18584	106063
UNKNOWN	17	G	0.994457597934	A	0.0052195436935	97	5	18481	1	18584	106063
UNKNOWN	18	T	0.996932845458	C	0.00193715023676	7	36	14	18527	18584	106063
UNKNOWN	19	C	0.999139044339	T	0.000699526474387	0	18568	3	13	18584	106063
UNKNOWN	20	G	0.95383125269	A	0.0458996986655	853	2	17726	3	18584	106063
UNKNOWN	21	G	0.998600947051	C	0.000914765389582	2	17	18558	7	18584	106063
UNKNOWN	22	G	0.999461902712	A	0.000269048643995	5	5	18574	0	18584	106063
UNKNOWN	23	C	0.999246663797	T	0.000645716745588	0	18570	2	12	18584	106063
UNKNOWN	24	C	0.998600947051	T	0.00123762376238	1	18558	2	23	18584	106063
UNKNOWN	25	C	0.999354283254	T	0.000430477830392	2	18572	2	8	18584	106063
UNKNOWN	26	C	0.998493327594	A	0.000968575118381	18	18556	2	8	18584	106063
UNKNOWN	27	A	0.996179509255	G	0.00317477399914	18513	8	59	4	18584	106063
UNKNOWN	28	G	0.992251399053	A	0.00468144640551	87	52	18440	5	18584	106063
UNKNOWN	29	C	0.995587602238	T	0.00425096857512	1	18502	2	79	18584	106063
UNKNOWN	30	C	0.99773999139	T	0.00215238915196	0	18542	2	40	18584	106063
UNKNOWN	31	T	0.99687903573	C	0.00161429186397	3	30	25	18526	18584	106063
UNKNOWN	32	G	0.991175204477	A	0.00780241067585	145	4	18420	15	18584	106063
UNKNOWN	33	G	0.996287128713	A	0.00172191132157	32	19	18515	18	18584	106063
UNKNOWN	34	T	0.995802841154	C	0.00285191562635	3	53	22	18506	18584	106063
UNKNOWN	35	G	0.997094274645	A	0.00209857942316	39	7	18530	8	18584	106063
UNKNOWN	36	A	0.996986655187	C	0.00145286267757	18528	27	23	6	18584	106063
UNKNOWN	37	A	0.994565217391	G	0.00398191993112	18483	21	74	6	18584	106063
UNKNOWN	38	G	0.996233318984	A	0.00215238915196	40	28	18514	2	18584	106063
UNKNOWN	39	C	0.996287128713	T	0.00279810589755	2	18515	15	52	18584	106063
UNKNOWN	40	C	0.999515712441	T	0.000430477830392	1	18575	0	8	18584	106063
UNKNOWN	41	C	0.995856650882	T	0.00269048643995	0	18507	27	50	18584	106063
UNKNOWN	42	T	0.996125699526	C	0.00322858372794	7	60	5	18512	18584	106063
UNKNOWN	43	C	0.997524752475	T	0.00134524321997	21	18538	0	25	18584	106063
UNKNOWN	44	A	0.994349978476	G	0.00290572535514	18479	49	54	2	18584	106063
UNKNOWN	45	C	0.99730951356	A	0.00123762376238	23	18534	19	8	18584	106063
UNKNOWN	46	A	0.995856650882	G	0.00263667671115	18507	25	49	3	18584	106063
UNKNOWN	47	G	0.99687903573	A	0.00274429616875	51	7	18526	0	18584	106063
UNKNOWN	48	A	0.994565217391	C	0.00258286698235	18483	48	43	10	18584	106063
UNKNOWN	49	C	0.998977615153	T	0.000591907016789	3	18565	5	11	18584	106063
UNKNOWN	50	C	0.997255703831	T	0.00134524321997	15	18533	11	25	18584	106063
UNKNOWN	51	C	0.998009040034	T	0.00156048213517	1	18547	7	29	18584	106063
UNKNOWN	52	T	0.995856650882	C	0.00387430047353	4	72	1	18507	18584	106063
UNKNOWN	53	C	0.99822427895	T	0.00145286267757	1	18551	5	27	18584	106063
UNKNOWN	54	T	0.995372363323	C	0.00376668101593	9	70	7	18498	18584	106063
UNKNOWN	55	C	0.998116659492	T	0.00134524321997	7	18549	3	25	18584	106063
UNKNOWN	56	C	0.997793801119	T	0.000968575118381	6	18543	17	18	18584	106063
UNKNOWN	57	C	0.995910460611	G	0.00263667671115	2	18508	49	25	18584	106063
UNKNOWN	58	T	0.995641411967	C	0.00408953938872	3	76	2	18503	18584	106063
UNKNOWN	59	C	0.997470942746	A	0.00139905294877	26	18537	4	17	18584	106063
UNKNOWN	60	A	0.994296168747	C	0.00312096427034	18478	58	38	10	18584	106063
UNKNOWN	61	C	0.992305208782	G	0.00634954799828	2	18441	118	23	18584	106063
UNKNOWN	62	C	0.99461902712	T	0.00382049074473	10	18484	19	71	18584	106063
UNKNOWN	63	T	0.996340938442	C	0.00220619888076	2	41	25	18516	18584	106063
UNKNOWN	64	G	0.998062849763	C	0.00139905294877	9	26	18548	1	18584	106063
UNKNOWN	65	C	0.997255703831	T	0.00156048213517	22	18533	0	29	18584	106063
UNKNOWN	66	A	0.991820921223	G	0.00382049074473	18432	69	71	12	18584	106063
UNKNOWN	67	C	0.994349978476	T	0.00312096427034	23	18479	24	58	18584	106063
UNKNOWN	68	G	0.987516142919	A	0.0104928971158	195	36	18352	1	18584	106063
UNKNOWN	69	G	0.608964700818	A	0.386784330607	7188	38	11317	41	18584	106063
UNKNOWN	70	T	0.921760654326	C	0.0775398191993	3	1441	10	17130	18584	106063
UNKNOWN	71	C	0.984556607835	G	0.00726431338786	21	18297	135	131	18584	106063
UNKNOWN	72	T	0.99504950495	C	0.00435858803272	4	81	7	18492	18584	106063
UNKNOWN	73	C	0.997686181662	T	0.00204476969436	3	18541	2	38	18584	106063
UNKNOWN	74	T	0.993166164443	C	0.00387430047353	4	72	51	18457	18584	106063
UNKNOWN	75	G	0.99596427034	A	0.00371287128713	69	4	18509	2	18584	106063
UNKNOWN	76	G	0.994888075764	A	0.00435858803272	81	7	18489	7	18584	106063
UNKNOWN	77	A	0.988323288851	C	0.00419715884632	18367	78	76	63	18584	106063
UNKNOWN	78	T	0.994672836849	C	0.00263667671115	15	49	35	18485	18584	106063
UNKNOWN	79	T	0.99418854929	C	0.0053271631511	2	99	7	18476	18584	106063
UNKNOWN	80	C	0.989668532071	T	0.00823288850624	8	18392	31	153	18584	106063
UNKNOWN	81	T	0.992305208782	C	0.00629573826948	11	117	15	18441	18584	106063
UNKNOWN	82	C	0.995210934137	T	0.00258286698235	27	18495	14	48	18584	106063
UNKNOWN	83	A	0.992735686612	G	0.00349763237193	18449	29	65	41	18584	106063
UNKNOWN	84	T	0.987300904003	C	0.0104928971158	22	195	19	18348	18584	106063
UNKNOWN	85	T	0.997148084374	G	0.00129143349118	6	23	24	18531	18584	106063
UNKNOWN	86	G	0.987785191563	A	0.0110848041326	206	9	18357	12	18584	106063
UNKNOWN	87	A	0.990099009901	G	0.00742574257426	18400	37	138	9	18584	106063
UNKNOWN	88	G	0.951033146793	A	0.0296491605682	551	287	17674	72	18584	106063
UNKNOWN	89	C	0.963624623332	T	0.02329961257	143	17908	100	433	18584	106063
UNKNOWN	90	A	0.980467068446	G	0.0149052948773	18221	69	277	17	18584	106063
UNKNOWN	91	G	0.857296599225	A	0.0981489453293	1824	586	15932	242	18584	106063
UNKNOWN	92	C	0.958405079638	T	0.0289496340938	138	17811	97	538	18584	106063
UNKNOWN	93	T	0.96997417133	C	0.0115690916918	192	215	151	18026	18584	106063
UNKNOWN	94	A	0.962871287129	C	0.0137214808437	17894	255	224	211	18584	106063
UNKNOWN	95	T	0.987408523461	C	0.00559621179509	28	104	102	18350	18584	106063
UNKNOWN	96	G	0.892541971588	A	0.0781317262161	1452	222	16587	323	18584	106063
UNKNOWN	97	C	0.915195867413	G	0.0388506241929	350	17008	722	504	18584	106063
UNKNOWN	98	T	0.991982350409	C	0.0052195436935	7	97	45	18435	18584	106063
UNKNOWN	99	G	0.975086095566	A	0.0210396039604	391	16	18121	56	18584	106063
UNKNOWN	100	T	0.995856650882	C	0.00242143779595	27	45	5	18507	18584	106063
UNKNOWN	101	A	0.97896039604	G	0.0134524321997	18193	95	250	46	18584	106063
UNKNOWN	102	G	0.944145501507	A	0.0449849332759	836	104	17546	98	18584	106063
UNKNOWN	103	G	0.854552303056	A	0.0928217821782	1725	608	15881	370	18584	106063
UNKNOWN	104	C	0.987623762376	T	0.00640335772708	27	18354	84	119	18584	106063
UNKNOWN	105	T	0.996556177357	G	0.00193715023676	0	28	36	18520	18584	106063
UNKNOWN	106	G	0.998923805424	A	0.000430477830392	8	6	18564	6	18584	106063
UNKNOWN	107	G	0.99908523461	A	0.000322858372794	6	5	18567	6	18584	106063
UNKNOWN	108	G	0.988377098579	A	0.00785622040465	146	28	18368	42	18584	106063
UNKNOWN	109	T	0.994780456307	C	0.0050581145071	0	94	3	18487	18584	106063
UNKNOWN	110	C	0.997094274645	T	0.00226000860956	5	18530	7	42	18584	106063
UNKNOWN	111	C	0.997955230306	G	0.00145286267757	2	18546	27	9	18584	106063
UNKNOWN	112	G	0.997847610848	C	0.00156048213517	11	29	18544	0	18584	106063
UNKNOWN	113	C	0.996932845458	T	0.00166810159277	19	18527	7	31	18584	106063
UNKNOWN	114	C	0.998009040034	A	0.00156048213517	29	18547	2	6	18584	106063
UNKNOWN	115	A	0.992681876883	G	0.00602668962548	18448	20	112	4	18584	106063
UNKNOWN	116	G	0.997793801119	A	0.00166810159277	31	7	18543	3	18584	106063
UNKNOWN	117	G	0.986870426173	A	0.00947051226862	176	60	18340	8	18584	106063
UNKNOWN	118	C	0.996179509255	T	0.00269048643995	1	18513	20	50	18584	106063
UNKNOWN	119	T	0.966745587602	C	0.0315325010762	13	586	19	17966	18584	106063
UNKNOWN	120	C	0.971427034008	T	0.0279272492467	7	18053	5	519	18584	106063
UNKNOWN	121	C	0.997201894102	G	0.00172191132157	5	18532	32	15	18584	106063
UNKNOWN	122	G	0.968467498924	A	0.030779164873	572	11	17998	3	18584	106063
UNKNOWN	123	G	0.99865475678	A	0.000807145931985	15	6	18559	4	18584	106063
UNKNOWN	124	G	0.994995695222	A	0.00312096427034	58	22	18491	13	18584	106063
UNKNOWN	125	G	0.987623762376	A	0.011515281963	214	11	18354	5	18584	106063
UNKNOWN	126	A	0.997363323289	G	0.00182953077916	18535	13	34	2	18584	106063
UNKNOWN	127	A	0.992681876883	G	0.00667240637107	18448	8	124	4	18584	106063
UNKNOWN	128	G	0.998278088678	A	0.00139905294877	26	5	18552	1	18584	106063
UNKNOWN	129	G	0.992681876883	A	0.00365906155833	68	66	18448	2	18584	106063
UNKNOWN	130	C	0.995641411967	G	0.00220619888076	3	18503	41	37	18584	106063
UNKNOWN	131	G	0.943930262591	A	0.0518725785622	964	53	17542	25	18584	106063
UNKNOWN	132	C	0.987516142919	T	0.00963194145502	20	18352	33	179	18584	106063
UNKNOWN	133	T	0.993219974171	C	0.00333620318554	7	62	57	18458	18584	106063
UNKNOWN	134	G	0.983964700818	A	0.0131295738269	244	13	18286	41	18584	106063
UNKNOWN	135	G	0.994888075764	A	0.00365906155833	68	24	18489	3	18584	106063
UNKNOWN	136	A	0.994565217391	G	0.00419715884632	18483	16	78	7	18584	106063
UNKNOWN	137	G	0.967229875161	A	0.0271739130435	505	42	17975	62	18584	106063
UNKNOWN	138	T	0.996018080069	G	0.00258286698235	1	25	48	18510	18584	106063
UNKNOWN	139	G	0.994457597934	C	0.00236762806715	29	44	18481	30	18584	106063
UNKNOWN	140	G	0.97939087387	T	0.0159814894533	13	73	18201	297	18584	106063
UNKNOWN	141	G	0.913366336634	A	0.0519801980198	966	596	16974	48	18584	106063
UNKNOWN	142	T	0.997686181662	C	0.00139905294877	1	26	16	18541	18584	106063
UNKNOWN	143	T	0.979659922514	G	0.00947051226862	43	159	176	18206	18584	106063
UNKNOWN	144	G	0.995372363323	A	0.00382049074473	71	1	18498	14	18584	106063
UNKNOWN	145	G	0.989399483427	C	0.00785622040465	6	146	18387	45	18584	106063
UNKNOWN	146	T	0.966368919501	G	0.0161967283685	146	178	301	17959	18584	106063
UNKNOWN	147	G	0.841584158416	A	0.127421437796	2368	119	15640	457	18584	106063
UNKNOWN	148	G	0.804939733104	A	0.122578562204	2278	773	14959	574	18584	106063
UNKNOWN	149	T	0.936988807576	A	0.0253443822643	471	325	375	17413	18584	106063
UNKNOWN	150	A	0.943768833405	G	0.0500968575118	17539	27	931	87	18584	106063
UNKNOWN	151	T	0.988753766681	A	0.00446620749031	83	71	55	18375	18584	106063
UNKNOWN	152	A	0.942100731812	G	0.0252367628067	17508	259	469	348	18584	106063
UNKNOWN	153	A	0.916056823074	G	0.0678002582867	17024	214	1260	86	18584	106063
UNKNOWN	154	G	0.840131295738	A	0.111924235902	2080	725	15613	166	18584	106063
UNKNOWN	155	T	0.949418854929	C	0.022223417994	215	413	312	17644	18584	106063
UNKNOWN	156	A	0.818822643134	G	0.152712010331	15217	296	2838	233	18584	106063
UNKNOWN	157	G	0.851808006888	A	0.0658092983211	1223	880	15830	651	18584	106063
UNKNOWN	158	T	0.957328885062	G	0.019532931554	214	216	363	17791	18584	106063
UNKNOWN	159	G	0.770017219113	A	0.171222557038	3182	664	14310	428	18584	106063
UNKNOWN	160	G	0.814894532932	A	0.114453293155	2127	1000	15144	313	18584	106063
UNKNOWN	161	T	0.969489883771	C	0.0124300473526	122	231	214	18017	18584	106063
UNKNOWN	162	G	0.985417563495	A	0.0131295738269	244	10	18313	17	18584	106063
UNKNOWN	163	G	0.983049935428	A	0.0123762376238	230	42	18269	43	18584	106063
UNKNOWN	164	A	0.957759362893	G	0.0338463194146	17799	86	629	70	18584	106063
UNKNOWN	165	A	0.932199741713	G	0.0556930693069	17324	133	1035	92	18584	106063
UNKNOWN	166	G	0.769748170469	A	0.121287128713	2254	1235	14305	790	18584	106063
UNKNOWN	167	C	0.869780456307	T	0.0612354713732	619	16164	663	1138	18584	106063
UNKNOWN	168	A	0.977238484718	G	0.0134524321997	18161	133	250	40	18584	106063
UNKNOWN	169	C	0.967391304348	T	0.0156048213517	181	17978	135	290	18584	106063
UNKNOWN	170	A	0.98342660353	G	0.00914765389582	18276	60	170	78	18584	106063
UNKNOWN	171	T	0.955553164012	G	0.0303486870426	148	114	564	17758	18584	106063
UNKNOWN	172	G	0.932899268188	A	0.0577916487301	1074	89	17337	84	18584	106063
UNKNOWN	173	C	0.979444683599	T	0.0145824365045	28	18202	83	271	18584	106063
UNKNOWN	174	C	0.912236332329	T	0.0796922083513	108	16953	42	1481	18584	106063
UNKNOWN	175	T	0.907501076195	A	0.0766250538097	1424	162	133	16865	18584	106063
UNKNOWN	176	T	0.968736547568	C	0.0165733964701	150	308	123	18003	18584	106063
UNKNOWN	177	A	0.9829961257	C	0.00898622470943	18268	167	120	29	18584	106063
UNKNOWN	178	A	0.988000430478	G	0.00699526474387	18361	85	130	8	18584	106063
UNKNOWN	179	C	0.863000430478	T	0.114345673698	74	16038	347	2125	18584	106063
UNKNOWN	180	C	0.948988377099	T	0.0279810589755	117	17636	311	520	18584	106063
UNKNOWN	181	C	0.983211364615	T	0.00904003443823	105	18272	39	168	18584	106063
UNKNOWN	182	A	0.988484718037	G	0.00586526043909	18370	80	109	25	18584	106063
UNKNOWN	183	G	0.9798213517	A	0.0133986224709	249	87	18209	39	18584	106063
UNKNOWN	184	C	0.98208136031	T	0.00995479982781	56	18251	92	185	18584	106063
UNKNOWN	185	C	0.996717606543	A	0.00150667240637	28	18523	10	23	18584	106063
UNKNOWN	186	C	0.992466637968	T	0.00430477830392	18	18444	42	80	18584	106063
UNKNOWN	187	T	0.993758071459	G	0.00301334481274	24	36	56	18468	18584	106063
UNKNOWN	188	G	0.97847610848	A	0.0144210073181	268	43	18184	89	18584	106063
UNKNOWN	189	A	0.985686612139	G	0.00979337064141	18318	70	182	14	18584	106063
UNKNOWN	190	A	0.991713301765	C	0.00398191993112	18430	74	62	18	18584	106063
UNKNOWN	191	A	0.987569952647	G	0.00559621179509	18353	65	104	62	18584	106063
UNKNOWN	192	T	0.985363753767	G	0.00629573826948	42	113	117	18312	18584	106063
UNKNOWN	193	C	0.996556177357	A	0.00156048213517	29	18520	9	26	18584	106063
UNKNOWN	194	C	0.991713301765	T	0.00446620749031	35	18430	36	83	18584	106063
UNKNOWN	195	C	0.996233318984	G	0.00274429616875	5	18514	51	14	18584	106063
UNKNOWN	196	G	0.996179509255	A	0.00182953077916	34	20	18513	17	18584	106063
UNKNOWN	197	G	0.942046922084	A	0.0392811020232	730	155	17507	192	18584	106063
UNKNOWN	198	C	0.978637537667	T	0.0122686181662	67	18187	102	228	18584	106063
UNKNOWN	199	T	0.99058329746	C	0.00651097718467	19	121	35	18409	18584	106063
UNKNOWN	200	C	0.992789496341	A	0.00365906155833	68	18450	21	45	18584	106063
UNKNOWN	201	A	0.990529487731	G	0.00721050365906	18408	40	134	2	18584	106063
UNKNOWN	202	G	0.978637537667	C	0.0147976754197	43	275	18187	79	18584	106063
UNKNOWN	203	C	0.951302195437	T	0.0322858372794	165	17679	140	600	18584	106063
UNKNOWN	204	A	0.98165088248	G	0.0134524321997	18243	39	250	52	18584	106063
UNKNOWN	205	T	0.993166164443	C	0.00462763667671	16	86	25	18457	18584	106063
UNKNOWN	206	C	0.986386138614	T	0.00909384416703	67	18331	17	169	18584	106063
UNKNOWN	207	A	0.987731381834	G	0.00672621609987	18356	71	125	32	18584	106063
UNKNOWN	208	C	0.98520232458	T	0.00618811881188	45	18309	115	115	18584	106063
UNKNOWN	209	C	0.969866551873	T	0.0150129143349	98	18024	183	279	18584	106063
UNKNOWN	210	A	0.992251399053	C	0.00441239776152	18440	82	58	4	18584	106063
UNKNOWN	211	A	0.984718037021	G	0.012860525183	18300	31	239	14	18584	106063
UNKNOWN	212	G	0.985848041326	A	0.00909384416703	169	73	18321	21	18584	106063
UNKNOWN	213	G	0.988592337495	A	0.00817907877744	152	51	18372	9	18584	106063
UNKNOWN	214	A	0.990421868274	C	0.0050581145071	18406	94	60	24	18584	106063
UNKNOWN	215	C	0.982942315971	T	0.00995479982781	70	18267	62	185	18584	106063
UNKNOWN	216	A	0.98611708997	G	0.00855574687904	18326	54	159	45	18584	106063
UNKNOWN	217	A	0.982458028412	G	0.00866336633663	18258	125	161	40	18584	106063
UNKNOWN	218	C	0.971104175635	T	0.0196405510116	57	18047	115	365	18584	106063
UNKNOWN	219	T	0.986493758071	C	0.00575764098149	86	107	58	18333	18584	106063
UNKNOWN	220	C	0.99461902712	A	0.00285191562635	53	18484	12	35	18584	106063
UNKNOWN	221	C	0.984718037021	T	0.00839431769264	75	18300	53	156	18584	106063
UNKNOWN	222	A	0.987946620749	C	0.00737193284546	18360	137	80	7	18584	106063
UNKNOWN	223	A	0.983588032716	G	0.0145286267757	18279	24	270	11	18584	106063
UNKNOWN	224	G	0.987085665088	A	0.00801764959105	149	70	18344	21	18584	106063
UNKNOWN	225	A	0.988054240207	G	0.00785622040465	18362	62	146	14	18584	106063
UNKNOWN	226	G	0.959857942316	A	0.032124408093	597	125	17838	24	18584	106063
UNKNOWN	227	C	0.970512268618	T	0.0233534222988	48	18036	66	434	18584	106063
UNKNOWN	228	C	0.991175204477	A	0.00473525613431	88	18420	65	11	18584	106063
UNKNOWN	229	A	0.994726646578	G	0.00252905725355	18486	29	47	22	18584	106063
UNKNOWN	230	A	0.9762699096	G	0.0206629358588	18143	47	384	10	18584	106063
UNKNOWN	231	G	0.966584158416	A	0.0175957813173	327	141	17963	153	18584	106063
UNKNOWN	232	T	0.991390443392	C	0.00645716745588	9	120	31	18424	18584	106063
UNKNOWN	233	C	0.970458458889	T	0.0143671975893	43	18035	239	267	18584	106063
UNKNOWN	234	T	0.988000430478	C	0.00651097718467	37	121	65	18361	18584	106063
UNKNOWN	235	C	0.990206629359	T	0.00823288850624	26	18402	3	153	18584	106063
UNKNOWN	236	T	0.980897546276	C	0.0110309944038	31	205	119	18229	18584	106063
UNKNOWN	237	C	0.992466637968	T	0.0051119242359	14	18444	31	95	18584	106063
UNKNOWN	238	T	0.993327593629	G	0.00355144210073	9	49	66	18460	18584	106063
UNKNOWN	239	G	0.958996986655	A	0.0294877313818	548	97	17822	117	18584	106063
UNKNOWN	240	T	0.986708996987	A	0.0054347826087	101	90	56	18337	18584	106063
UNKNOWN	241	C	0.98746233319	T	0.00871717606543	59	18351	12	162	18584	106063
UNKNOWN	242	A	0.980144210073	G	0.0141519586741	18215	81	263	25	18584	106063
UNKNOWN	243	G	0.912074903142	C	0.040680154972	712	756	16950	166	18584	106063
UNKNOWN	244	T	0.990906155833	C	0.00446620749031	13	83	73	18415	18584	106063
UNKNOWN	245	G	0.965615583297	A	0.0223310374516	415	149	17945	75	18584	106063
UNKNOWN	246	A	0.977561343091	G	0.0149052948773	18167	123	277	17	18584	106063
UNKNOWN	247	G	0.926280671545	A	0.0490206629359	911	301	17214	158	18584	106063
UNKNOWN	248	C	0.961203185536	T	0.0251829530779	137	17863	116	468	18584	106063
UNKNOWN	249	A	0.984610417563	G	0.011784330607	18298	56	219	11	18584	106063
UNKNOWN	250	G	0.981005165734	A	0.00920146362462	171	159	18231	23	18584	106063
UNKNOWN	251	C	0.985525182953	T	0.00791003013345	20	18315	102	147	18584	106063
UNKNOWN	252	G	0.98385708136	A	0.0100624192854	187	41	18284	72	18584	106063
UNKNOWN	253	T	0.988484718037	C	0.00618811881188	10	115	89	18370	18584	106063
UNKNOWN	254	G	0.958835557469	A	0.0307253551442	571	102	17819	92	18584	106063
UNKNOWN	255	A	0.982619457598	G	0.0111924235902	18261	75	208	40	18584	106063
UNKNOWN	256	C	0.987731381834	T	0.00586526043909	73	18356	46	109	18584	106063
UNKNOWN	257	A	0.964862247094	G	0.0250215238915	17931	114	465	74	18584	106063
UNKNOWN	258	C	0.606005165734	A	0.373062849763	6933	11262	247	142	18584	106063
UNKNOWN	259	C	0.966745587602	T	0.0154433921653	86	17966	245	287	18584	106063
UNKNOWN	260	T	0.97266465777	C	0.0127529057254	55	237	216	18076	18584	106063
UNKNOWN	261	G	0.98789281102	A	0.00844812742144	157	16	18359	52	18584	106063
UNKNOWN	262	A	0.986924235902	G	0.00860955660783	18341	63	160	20	18584	106063
UNKNOWN	263	G	0.946997417133	A	0.0269586741283	501	373	17599	111	18584	106063
UNKNOWN	264	G	0.989076625054	A	0.00699526474387	130	14	18381	59	18584	106063
UNKNOWN	265	A	0.98923805424	C	0.00672621609987	18384	125	53	22	18584	106063
UNKNOWN	266	C	0.974547998278	T	0.0127529057254	181	18111	55	237	18584	106063
UNKNOWN	267	A	0.97535514421	G	0.0114076625054	18126	78	212	168	18584	106063
UNKNOWN	268	C	0.989022815325	G	0.00446620749031	80	18380	83	41	18584	106063
UNKNOWN	269	G	0.972879896685	A	0.02060912613	383	68	18080	53	18584	106063
UNKNOWN	270	G	0.989829961257	C	0.00365906155833	59	68	18395	62	18584	106063
UNKNOWN	271	C	0.989883770986	A	0.0049504950495	92	18396	77	19	18584	106063
UNKNOWN	272	C	0.986063280241	A	0.00737193284546	137	18325	38	84	18584	106063
UNKNOWN	273	A	0.986386138614	G	0.00704907447266	18331	77	131	45	18584	106063
UNKNOWN	274	C	0.979928971158	A	0.00893241498063	166	18211	47	160	18584	106063
UNKNOWN	275	A	0.968575118381	G	0.0168424451141	18000	131	313	140	18584	106063
UNKNOWN	276	T	0.987677572105	A	0.0052195436935	97	38	94	18355	18584	106063
UNKNOWN	277	A	0.988915195867	C	0.00629573826948	18378	117	55	34	18584	106063
UNKNOWN	278	C	0.954154111063	T	0.042025398192	47	17732	24	781	18584	106063
UNKNOWN	279	T	0.98030563926	G	0.00747955230306	97	130	139	18218	18584	106063
UNKNOWN	280	A	0.973256564787	C	0.0113538527766	18087	211	81	205	18584	106063
UNKNOWN	281	C	0.965454154111	T	0.0308329746018	41	17942	28	573	18584	106063
UNKNOWN	282	T	0.982942315971	G	0.0123762376238	56	31	230	18267	18584	106063
