Type	Position	Nucl1	Freq1	Nucl2	Freq2	NumAs	NumCs	NumGs	NumTs	NumAligned	NumNaive
UNKNOWN	0	C	1.0	A	0.0	0	4749	0	0	4749	106063
UNKNOWN	1	A	1.0	C	0.0	4749	0	0	0	4749	106063
UNKNOWN	2	G	1.0	A	0.0	0	0	4749	0	4749	106063
UNKNOWN	3	G	1.0	A	0.0	0	0	4749	0	4749	106063
UNKNOWN	4	T	1.0	A	0.0	0	0	0	4749	4749	106063
UNKNOWN	5	G	1.0	A	0.0	0	0	4749	0	4749	106063
UNKNOWN	6	C	1.0	A	0.0	0	4749	0	0	4749	106063
UNKNOWN	7	A	0.997683722889	G	0.00189513581807	4738	0	9	2	4749	106063
UNKNOWN	8	G	0.990103179617	A	0.00842282585808	40	7	4702	0	4749	106063
UNKNOWN	9	C	0.998736576121	T	0.000842282585808	0	4743	2	4	4749	106063
UNKNOWN	10	T	0.998947146768	C	0.000842282585808	0	4	1	4744	4749	106063
UNKNOWN	11	G	0.999578858707	A	0.000421141292904	2	0	4747	0	4749	106063
UNKNOWN	12	C	0.998526005475	T	0.00105285323226	0	4742	2	5	4749	106063
UNKNOWN	13	G	0.996841440303	A	0.00294798905033	14	1	4734	0	4749	106063
UNKNOWN	14	G	0.950937039377	C	0.0482206780375	3	229	4516	1	4749	106063
UNKNOWN	15	G	0.999578858707	A	0.000421141292904	2	0	4747	0	4749	106063
UNKNOWN	16	A	0.997683722889	G	0.00189513581807	4738	2	9	0	4749	106063
UNKNOWN	17	G	0.995367445778	A	0.00357970098968	17	4	4727	1	4749	106063
UNKNOWN	18	T	0.998736576121	C	0.00126342387871	0	6	0	4743	4749	106063
UNKNOWN	19	C	0.999368288061	T	0.000421141292904	0	4746	1	2	4749	106063
UNKNOWN	20	G	0.967993261739	A	0.0320067382607	152	0	4597	0	4749	106063
UNKNOWN	21	G	0.997894293535	C	0.00126342387871	3	6	4739	1	4749	106063
UNKNOWN	22	G	0.999789429354	C	0.000210570646452	0	1	4748	0	4749	106063
UNKNOWN	23	C	0.999157717414	T	0.000631711939356	0	4745	1	3	4749	106063
UNKNOWN	24	C	0.999157717414	T	0.000842282585808	0	4745	0	4	4749	106063
UNKNOWN	25	C	0.999368288061	A	0.000210570646452	1	4746	1	1	4749	106063
UNKNOWN	26	C	0.998315434828	A	0.00105285323226	5	4741	1	2	4749	106063
UNKNOWN	27	A	0.997262581596	G	0.00273741840387	4736	0	13	0	4749	106063
UNKNOWN	28	G	0.994525163192	A	0.00400084228259	19	7	4723	0	4749	106063
UNKNOWN	29	C	0.996841440303	T	0.00294798905033	0	4734	1	14	4749	106063
UNKNOWN	30	C	0.998104864182	G	0.00105285323226	0	4740	5	4	4749	106063
UNKNOWN	31	T	0.99705201095	C	0.00147399452516	1	7	6	4735	4749	106063
UNKNOWN	32	G	0.998104864182	T	0.00105285323226	4	0	4740	5	4749	106063
UNKNOWN	33	G	0.994314592546	A	0.00421141292904	20	3	4722	4	4749	106063
UNKNOWN	34	T	0.997262581596	C	0.00168456517162	0	8	5	4736	4749	106063
UNKNOWN	35	G	0.998104864182	A	0.00147399452516	7	1	4740	1	4749	106063
UNKNOWN	36	A	0.99705201095	G	0.00147399452516	4735	6	7	1	4749	106063
UNKNOWN	37	A	0.99347230996	G	0.0052642661613	4718	5	25	1	4749	106063
UNKNOWN	38	G	0.998526005475	C	0.00105285323226	2	5	4742	0	4749	106063
UNKNOWN	39	C	0.995788587071	T	0.00357970098968	1	4729	2	17	4749	106063
UNKNOWN	40	C	0.999368288061	T	0.000421141292904	0	4746	1	2	4749	106063
UNKNOWN	41	C	0.997262581596	G	0.00168456517162	0	4736	8	5	4749	106063
UNKNOWN	42	T	0.997262581596	C	0.00231627711097	0	11	2	4736	4749	106063
UNKNOWN	43	C	0.998947146768	A	0.00105285323226	5	4744	0	0	4749	106063
UNKNOWN	44	A	0.995788587071	G	0.00252684775742	4729	5	12	3	4749	106063
UNKNOWN	45	C	0.998104864182	A	0.00126342387871	6	4740	3	0	4749	106063
UNKNOWN	46	A	0.996841440303	G	0.00252684775742	4734	3	12	0	4749	106063
UNKNOWN	47	G	0.998104864182	A	0.00189513581807	9	0	4740	0	4749	106063
UNKNOWN	48	A	0.992630027374	G	0.00505369551485	4714	8	24	3	4749	106063
UNKNOWN	49	C	0.996630869657	G	0.00273741840387	0	4733	13	3	4749	106063
UNKNOWN	50	C	0.999578858707	T	0.000210570646452	0	4747	1	1	4749	106063
UNKNOWN	51	C	0.998947146768	T	0.00105285323226	0	4744	0	5	4749	106063
UNKNOWN	52	T	0.997473152243	C	0.00231627711097	0	11	1	4737	4749	106063
UNKNOWN	53	C	0.998315434828	T	0.00105285323226	3	4741	0	5	4749	106063
UNKNOWN	54	T	0.996630869657	C	0.00336913034323	0	16	0	4733	4749	106063
UNKNOWN	55	C	0.999789429354	T	0.000210570646452	0	4748	0	1	4749	106063
UNKNOWN	56	C	0.998736576121	T	0.000842282585808	0	4743	2	4	4749	106063
UNKNOWN	57	C	0.997473152243	G	0.00147399452516	0	4737	7	5	4749	106063
UNKNOWN	58	T	0.996209728364	C	0.00379027163613	0	18	0	4731	4749	106063
UNKNOWN	59	C	0.997894293535	A	0.00126342387871	6	4739	0	4	4749	106063
UNKNOWN	60	A	0.995156875132	G	0.00273741840387	4726	8	13	2	4749	106063
UNKNOWN	61	C	0.996841440303	T	0.00168456517162	0	4734	7	8	4749	106063
UNKNOWN	62	C	0.99642029901	T	0.00231627711097	0	4732	6	11	4749	106063
UNKNOWN	63	T	0.996841440303	C	0.00168456517162	2	8	5	4734	4749	106063
UNKNOWN	64	G	0.998104864182	C	0.00126342387871	2	6	4740	1	4749	106063
UNKNOWN	65	C	0.995788587071	T	0.00294798905033	6	4729	0	14	4749	106063
UNKNOWN	66	A	0.995367445778	C	0.00273741840387	4727	13	6	3	4749	106063
UNKNOWN	67	C	0.994735733839	T	0.00379027163613	0	4724	7	18	4749	106063
UNKNOWN	68	G	0.991156032849	A	0.00694883133291	33	9	4707	0	4749	106063
UNKNOWN	69	G	0.881659296694	A	0.116024426195	551	1	4187	10	4749	106063
UNKNOWN	70	T	0.899978942935	C	0.0998104864182	0	474	1	4274	4749	106063
UNKNOWN	71	C	0.983154348284	G	0.0111602442619	1	4669	53	26	4749	106063
UNKNOWN	72	T	0.994946304485	C	0.00379027163613	4	18	2	4725	4749	106063
UNKNOWN	73	C	0.998526005475	T	0.00126342387871	1	4742	0	6	4749	106063
UNKNOWN	74	T	0.994946304485	C	0.00379027163613	0	18	6	4725	4749	106063
UNKNOWN	75	G	0.998315434828	A	0.00168456517162	8	0	4741	0	4749	106063
UNKNOWN	76	G	0.992840598021	A	0.00652769004001	31	1	4715	2	4749	106063
UNKNOWN	77	A	0.987155190566	T	0.00673826068646	4688	17	12	32	4749	106063
UNKNOWN	78	T	0.971151821436	C	0.0267424720994	4	127	6	4612	4749	106063
UNKNOWN	79	T	0.995156875132	C	0.00463255422194	0	22	1	4726	4749	106063
UNKNOWN	80	C	0.994314592546	T	0.00379027163613	0	4722	9	18	4749	106063
UNKNOWN	81	T	0.995999157717	C	0.00357970098968	0	17	2	4730	4749	106063
UNKNOWN	82	C	0.99705201095	T	0.00168456517162	6	4735	0	8	4749	106063
UNKNOWN	83	A	0.989682038324	G	0.0061065487471	4700	9	29	11	4749	106063
UNKNOWN	84	T	0.621183407033	C	0.373552326806	5	1774	20	2950	4749	106063
UNKNOWN	85	T	0.995788587071	G	0.00231627711097	3	6	11	4729	4749	106063
UNKNOWN	86	G	0.988208043799	A	0.00989682038324	47	6	4693	3	4749	106063
UNKNOWN	87	A	0.995578016425	G	0.00336913034323	4728	5	16	0	4749	106063
UNKNOWN	88	G	0.975573805012	A	0.0166350810697	79	18	4633	19	4749	106063
UNKNOWN	89	C	0.966729837861	T	0.0187407875342	32	4591	37	89	4749	106063
UNKNOWN	90	A	0.979364076648	G	0.0157927984839	4651	22	75	1	4749	106063
UNKNOWN	91	G	0.935144240893	A	0.0450621183407	214	70	4441	24	4749	106063
UNKNOWN	92	C	0.965676984628	T	0.0181090755949	41	4586	36	86	4749	106063
UNKNOWN	93	T	0.537586860392	A	0.431880395873	2051	47	98	2553	4749	106063
UNKNOWN	94	A	0.965887555275	G	0.0248473362813	4587	21	118	23	4749	106063
UNKNOWN	95	T	0.976205516951	G	0.0147399452516	15	28	70	4636	4749	106063
UNKNOWN	96	G	0.921036007581	A	0.0572752158349	272	69	4374	34	4749	106063
UNKNOWN	97	C	0.494209307223	G	0.398610233733	349	2347	1893	160	4749	106063
UNKNOWN	98	T	0.990103179617	C	0.00421141292904	12	20	15	4702	4749	106063
UNKNOWN	99	G	0.98989260897	A	0.00863339650453	41	0	4701	7	4749	106063
UNKNOWN	100	T	0.995999157717	C	0.00273741840387	5	13	1	4730	4749	106063
UNKNOWN	101	A	0.966940408507	G	0.0271636133923	4592	10	129	18	4749	106063
UNKNOWN	102	G	0.883343861866	A	0.109496736155	520	13	4195	21	4749	106063
UNKNOWN	103	G	0.859970520109	A	0.0684354600969	325	177	4084	163	4749	106063
UNKNOWN	104	C	0.985470625395	T	0.00863339650453	9	4680	19	41	4749	106063
UNKNOWN	105	T	0.995999157717	C	0.00189513581807	1	9	9	4730	4749	106063
UNKNOWN	106	G	0.998736576121	A	0.000631711939356	3	2	4743	1	4749	106063
UNKNOWN	107	G	0.998104864182	A	0.000842282585808	4	2	4740	3	4749	106063
UNKNOWN	108	G	0.989471467677	A	0.00505369551485	24	12	4699	14	4749	106063
UNKNOWN	109	T	0.993893451253	C	0.00484312486839	4	23	2	4720	4749	106063
UNKNOWN	110	C	0.999368288061	G	0.000421141292904	0	4746	2	1	4749	106063
UNKNOWN	111	C	0.997473152243	G	0.00189513581807	1	4737	9	2	4749	106063
UNKNOWN	112	G	0.997894293535	C	0.00189513581807	0	9	4739	1	4749	106063
UNKNOWN	113	C	0.997683722889	T	0.00147399452516	2	4738	2	7	4749	106063
UNKNOWN	114	C	0.997683722889	A	0.00189513581807	9	4738	1	1	4749	106063
UNKNOWN	115	A	0.993261739314	G	0.00589597810065	4717	1	28	3	4749	106063
UNKNOWN	116	G	0.999157717414	A	0.000421141292904	2	2	4745	0	4749	106063
UNKNOWN	117	G	0.994525163192	A	0.00336913034323	16	9	4723	1	4749	106063
UNKNOWN	118	C	0.99642029901	T	0.00168456517162	7	4732	2	8	4749	106063
UNKNOWN	119	T	0.994735733839	C	0.00442198357549	1	21	3	4724	4749	106063
UNKNOWN	120	C	0.998104864182	A	0.000842282585808	4	4740	2	3	4749	106063
UNKNOWN	121	C	0.996209728364	A	0.00189513581807	9	4731	3	6	4749	106063
UNKNOWN	122	A	0.82964834702	G	0.169298799747	3940	5	804	0	4749	106063
UNKNOWN	123	G	0.998526005475	A	0.00126342387871	6	0	4742	1	4749	106063
UNKNOWN	124	G	0.997683722889	A	0.00189513581807	9	1	4738	1	4749	106063
UNKNOWN	125	G	0.959781006528	A	0.039587281533	188	2	4558	1	4749	106063
UNKNOWN	126	A	0.995578016425	G	0.00379027163613	4728	2	18	1	4749	106063
UNKNOWN	127	A	0.99347230996	G	0.0052642661613	4718	6	25	0	4749	106063
UNKNOWN	128	G	0.998736576121	A	0.00105285323226	5	1	4743	0	4749	106063
UNKNOWN	129	G	0.994735733839	C	0.00273741840387	11	13	4724	1	4749	106063
UNKNOWN	130	C	0.996209728364	G	0.00210570646452	2	4731	10	6	4749	106063
UNKNOWN	131	G	0.943777637397	A	0.0524320909665	249	14	4482	4	4749	106063
UNKNOWN	132	C	0.994946304485	T	0.00400084228259	1	4725	4	19	4749	106063
UNKNOWN	133	T	0.99052432091	G	0.0052642661613	0	20	25	4704	4749	106063
UNKNOWN	134	G	0.992840598021	A	0.0061065487471	29	4	4715	1	4749	106063
UNKNOWN	135	G	0.99705201095	A	0.00231627711097	11	3	4735	0	4749	106063
UNKNOWN	136	A	0.994525163192	G	0.00379027163613	4723	4	18	4	4749	106063
UNKNOWN	137	G	0.973046957254	A	0.0229522004633	109	9	4621	10	4749	106063
UNKNOWN	138	T	0.994104021899	G	0.00379027163613	0	10	18	4721	4749	106063
UNKNOWN	139	G	0.996630869657	A	0.00126342387871	6	6	4733	4	4749	106063
UNKNOWN	140	G	0.995367445778	T	0.00294798905033	0	8	4727	14	4749	106063
UNKNOWN	141	G	0.925457991156	A	0.0387449989471	184	152	4395	18	4749	106063
UNKNOWN	142	T	0.997894293535	C	0.00147399452516	0	7	3	4739	4749	106063
UNKNOWN	143	T	0.981680353759	G	0.0103179616761	11	27	49	4662	4749	106063
UNKNOWN	144	G	0.990734891556	A	0.00800168456517	38	0	4705	6	4749	106063
UNKNOWN	145	G	0.988629185092	C	0.00758054327227	3	36	4695	15	4749	106063
UNKNOWN	146	T	0.98336491893	G	0.00758054327227	21	22	36	4670	4749	106063
UNKNOWN	147	G	0.825015792798	A	0.153927142556	731	21	3918	79	4749	106063
UNKNOWN	148	G	0.738050115814	A	0.176668772373	839	299	3505	106	4749	106063
UNKNOWN	149	T	0.969677826911	G	0.0145293746052	39	36	69	4605	4749	106063
UNKNOWN	150	A	0.950937039377	G	0.0440092651084	4516	6	209	18	4749	106063
UNKNOWN	151	T	0.988418614445	C	0.00736997262582	14	35	6	4694	4749	106063
UNKNOWN	152	A	0.967572120446	G	0.0214782059381	4595	17	102	35	4749	106063
UNKNOWN	153	G	0.900189513582	A	0.0817014108233	388	51	4275	35	4749	106063
UNKNOWN	154	A	0.912613181722	G	0.0627500526427	4334	78	298	39	4749	106063
UNKNOWN	155	T	0.867551063382	G	0.0532743735523	173	203	253	4120	4749	106063
UNKNOWN	156	A	0.79700989682	G	0.105074752579	3785	90	499	375	4749	106063
UNKNOWN	157	A	0.841019161929	G	0.110549589387	3994	93	525	137	4749	106063
UNKNOWN	158	T	0.910507475258	G	0.0374815750684	107	140	178	4324	4749	106063
UNKNOWN	159	G	0.852389976837	A	0.0873868182775	415	104	4048	182	4749	106063
UNKNOWN	160	A	0.935986523479	G	0.0385344283007	4445	54	183	67	4749	106063
UNKNOWN	161	T	0.976626658244	G	0.0103179616761	39	23	49	4638	4749	106063
UNKNOWN	162	G	0.989471467677	A	0.00779111391872	37	11	4699	2	4749	106063
UNKNOWN	163	G	0.962307854285	A	0.0208464939987	99	16	4570	64	4749	106063
UNKNOWN	164	A	0.982101495052	G	0.0105285323226	4664	22	50	13	4749	106063
UNKNOWN	165	G	0.789218782902	A	0.130764371447	621	155	3748	225	4749	106063
UNKNOWN	166	A	0.920614866288	G	0.0513792377343	4372	82	244	51	4749	106063
UNKNOWN	167	C	0.936197094125	T	0.0277953253316	83	4446	88	132	4749	106063
UNKNOWN	168	A	0.974731522426	G	0.0162139397768	4629	24	77	19	4749	106063
UNKNOWN	169	C	0.958096441356	T	0.0193724994736	41	4550	66	92	4749	106063
UNKNOWN	170	A	0.979995788587	G	0.00968624973679	4654	25	46	24	4749	106063
UNKNOWN	171	T	0.898083807117	A	0.043798694462	208	111	165	4265	4749	106063
UNKNOWN	172	A	0.843967150979	G	0.133080648558	4008	42	632	67	4749	106063
UNKNOWN	173	C	0.959359865235	G	0.0172667930091	34	4556	82	77	4749	106063
UNKNOWN	174	T	0.990103179617	A	0.00421141292904	20	20	7	4702	4749	106063
UNKNOWN	175	A	0.990103179617	T	0.00589597810065	4702	9	10	28	4749	106063
UNKNOWN	176	T	0.980627500526	C	0.0151610865445	15	72	5	4657	4749	106063
UNKNOWN	177	A	0.984417772163	C	0.00800168456517	4675	38	21	15	4749	106063
UNKNOWN	178	A	0.990103179617	G	0.00547483680775	4702	17	26	4	4749	106063
UNKNOWN	179	C	0.897241524531	T	0.0897030953885	16	4261	46	426	4749	106063
UNKNOWN	180	C	0.967782691093	T	0.0212676352916	20	4596	32	101	4749	106063
UNKNOWN	181	C	0.973468098547	G	0.0109496736155	36	4623	52	38	4749	106063
UNKNOWN	182	A	0.979995788587	G	0.0120025268478	4654	20	57	18	4749	106063
UNKNOWN	183	G	0.975363234365	A	0.0164245104232	78	23	4632	16	4749	106063
UNKNOWN	184	C	0.979995788587	T	0.0126342387871	7	4654	28	60	4749	106063
UNKNOWN	185	C	0.997262581596	T	0.00147399452516	4	4736	2	7	4749	106063
UNKNOWN	186	C	0.99347230996	T	0.0052642661613	3	4718	3	25	4749	106063
UNKNOWN	187	T	0.993261739314	G	0.00357970098968	8	7	17	4717	4749	106063
UNKNOWN	188	G	0.978311223415	A	0.017687934302	84	2	4646	17	4749	106063
UNKNOWN	189	A	0.990313750263	G	0.00736997262582	4703	7	35	4	4749	106063
UNKNOWN	190	A	0.994104021899	G	0.00231627711097	4721	7	11	10	4749	106063
UNKNOWN	191	A	0.988208043799	T	0.00505369551485	4693	19	13	24	4749	106063
UNKNOWN	192	T	0.98989260897	C	0.00779111391872	5	37	6	4701	4749	106063
UNKNOWN	193	C	0.99642029901	T	0.00231627711097	2	4732	4	11	4749	106063
UNKNOWN	194	C	0.991787744788	T	0.00421141292904	2	4710	17	20	4749	106063
UNKNOWN	195	C	0.995156875132	G	0.00442198357549	0	4726	21	2	4749	106063
UNKNOWN	196	G	0.996841440303	A	0.00147399452516	7	6	4734	2	4749	106063
UNKNOWN	197	G	0.952200463255	A	0.0336913034323	160	47	4522	20	4749	106063
UNKNOWN	198	C	0.989682038324	T	0.00547483680775	15	4700	8	26	4749	106063
UNKNOWN	199	T	0.991787744788	C	0.00589597810065	7	28	4	4710	4749	106063
UNKNOWN	200	C	0.991156032849	A	0.00442198357549	21	4707	7	14	4749	106063
UNKNOWN	201	A	0.991998315435	G	0.0061065487471	4711	9	29	0	4749	106063
UNKNOWN	202	G	0.979153506001	C	0.0138976626658	21	66	4650	12	4749	106063
UNKNOWN	203	C	0.974520951779	T	0.0174773636555	34	4628	4	83	4749	106063
UNKNOWN	204	A	0.983786060223	G	0.00989682038324	4672	7	47	23	4749	106063
UNKNOWN	205	T	0.993893451253	C	0.00463255422194	5	22	2	4720	4749	106063
UNKNOWN	206	C	0.988208043799	A	0.00547483680775	26	4693	11	19	4749	106063
UNKNOWN	207	A	0.985470625395	G	0.00989682038324	4680	19	47	3	4749	106063
UNKNOWN	208	C	0.989050326385	T	0.00547483680775	14	4697	12	26	4749	106063
UNKNOWN	209	C	0.976626658244	T	0.0147399452516	21	4638	20	70	4749	106063
UNKNOWN	210	A	0.994314592546	G	0.00442198357549	4722	6	21	0	4749	106063
UNKNOWN	211	A	0.763739734681	G	0.233312276269	3627	6	1108	8	4749	106063
UNKNOWN	212	G	0.987365761213	A	0.00884396715098	42	16	4689	2	4749	106063
UNKNOWN	213	G	0.991366603495	A	0.00736997262582	35	6	4708	0	4749	106063
UNKNOWN	214	A	0.992840598021	C	0.00400084228259	4715	19	10	5	4749	106063
UNKNOWN	215	C	0.986523478627	T	0.00673826068646	24	4685	8	32	4749	106063
UNKNOWN	216	A	0.991156032849	G	0.0056854074542	4707	9	27	6	4749	106063
UNKNOWN	217	A	0.772794272478	C	0.219625184249	3670	1043	22	14	4749	106063
UNKNOWN	218	C	0.966519267214	T	0.0290587492104	1	4590	20	138	4749	106063
UNKNOWN	219	T	0.983575489577	C	0.00715940197936	18	34	26	4671	4749	106063
UNKNOWN	220	C	0.993682880606	T	0.00294798905033	13	4719	3	14	4749	106063
UNKNOWN	221	C	0.991577174142	A	0.00484312486839	23	4709	7	10	4749	106063
UNKNOWN	222	A	0.990313750263	C	0.0056854074542	4703	27	17	2	4749	106063
UNKNOWN	223	A	0.987997473152	G	0.00947567909033	4692	8	45	4	4749	106063
UNKNOWN	224	G	0.99347230996	A	0.00379027163613	18	12	4718	1	4749	106063
UNKNOWN	225	A	0.990945462203	G	0.0056854074542	4706	15	27	1	4749	106063
UNKNOWN	226	G	0.969046114972	A	0.0237944830491	113	30	4602	4	4749	106063
UNKNOWN	227	C	0.975152663719	T	0.0178985049484	17	4631	16	85	4749	106063
UNKNOWN	228	C	0.989471467677	A	0.00715940197936	34	4699	15	1	4749	106063
UNKNOWN	229	A	0.995367445778	G	0.00336913034323	4727	2	16	4	4749	106063
UNKNOWN	230	A	0.981890924405	G	0.0160033691303	4663	7	76	3	4749	106063
UNKNOWN	231	G	0.965676984628	A	0.0208464939987	99	30	4586	34	4749	106063
UNKNOWN	232	T	0.989260897031	C	0.00694883133291	3	33	15	4698	4749	106063
UNKNOWN	233	C	0.981048641819	T	0.0111602442619	2	4659	35	53	4749	106063
UNKNOWN	234	T	0.98989260897	C	0.00694883133291	1	33	14	4701	4749	106063
UNKNOWN	235	C	0.991787744788	T	0.00758054327227	3	4710	0	36	4749	106063
UNKNOWN	236	T	0.979785217941	C	0.0128448094336	6	61	29	4653	4749	106063
UNKNOWN	237	C	0.993261739314	T	0.00463255422194	1	4717	9	22	4749	106063
UNKNOWN	238	T	0.994314592546	G	0.00336913034323	3	8	16	4722	4749	106063
UNKNOWN	239	G	0.951568751316	A	0.0320067382607	152	41	4519	37	4749	106063
UNKNOWN	240	T	0.988418614445	C	0.0052642661613	19	25	11	4694	4749	106063
UNKNOWN	241	C	0.982943777637	T	0.0126342387871	19	4668	2	60	4749	106063
UNKNOWN	242	A	0.982943777637	G	0.0117919562013	4668	12	56	13	4749	106063
UNKNOWN	243	G	0.923141714045	C	0.0454832596336	121	216	4384	28	4749	106063
UNKNOWN	244	T	0.990313750263	G	0.0056854074542	6	13	27	4703	4749	106063
UNKNOWN	245	G	0.971362392083	A	0.0166350810697	79	42	4613	15	4749	106063
UNKNOWN	246	A	0.984838913455	G	0.0109496736155	4677	19	52	1	4749	106063
UNKNOWN	247	G	0.922720572752	A	0.0606443461781	288	61	4382	18	4749	106063
UNKNOWN	248	C	0.970730680143	T	0.0214782059381	29	4610	8	102	4749	106063
UNKNOWN	249	A	0.989050326385	G	0.00905453779743	4697	8	43	1	4749	106063
UNKNOWN	250	G	0.985681196041	C	0.00715940197936	23	34	4681	11	4749	106063
UNKNOWN	251	C	0.987997473152	T	0.00694883133291	2	4692	22	33	4749	106063
UNKNOWN	252	G	0.990103179617	A	0.00505369551485	24	4	4702	19	4749	106063
UNKNOWN	253	T	0.990313750263	C	0.00442198357549	5	21	20	4703	4749	106063
UNKNOWN	254	G	0.956833017477	A	0.0330595914929	157	21	4544	27	4749	106063
UNKNOWN	255	A	0.986312907981	G	0.00736997262582	4684	24	35	6	4749	106063
UNKNOWN	256	C	0.986102337334	A	0.00631711939356	30	4683	15	21	4749	106063
UNKNOWN	257	A	0.978100652769	G	0.0103179616761	4645	39	49	16	4749	106063
UNKNOWN	258	C	0.630027374184	A	0.34954727311	1660	2992	73	24	4749	106063
UNKNOWN	259	C	0.979574647294	T	0.0105285323226	11	4652	36	50	4749	106063
UNKNOWN	260	T	0.973046957254	G	0.0120025268478	19	52	57	4621	4749	106063
UNKNOWN	261	G	0.988629185092	A	0.00758054327227	36	10	4695	8	4749	106063
UNKNOWN	262	A	0.987155190566	G	0.00842282585808	4688	16	40	5	4749	106063
UNKNOWN	263	G	0.962307854285	A	0.0225310591704	107	59	4570	13	4749	106063
UNKNOWN	264	G	0.990103179617	A	0.00758054327227	36	6	4702	5	4749	106063
UNKNOWN	265	A	0.99052432091	C	0.00758054327227	4704	36	6	3	4749	106063
UNKNOWN	266	C	0.978942935355	T	0.010739102969	37	4649	12	51	4749	106063
UNKNOWN	267	A	0.980206359234	G	0.00821225521162	4655	19	39	36	4749	106063
UNKNOWN	268	C	0.991366603495	G	0.00505369551485	12	4708	24	5	4749	106063
UNKNOWN	269	G	0.909033480733	A	0.0846493998737	402	18	4317	12	4749	106063
UNKNOWN	270	G	0.988418614445	C	0.00484312486839	20	23	4694	12	4749	106063
UNKNOWN	271	C	0.993261739314	A	0.00294798905033	14	4717	12	6	4749	106063
UNKNOWN	272	C	0.98989260897	A	0.0061065487471	29	4701	10	9	4749	106063
UNKNOWN	273	A	0.988418614445	G	0.00652769004001	4694	17	31	7	4749	106063
UNKNOWN	274	C	0.985891766688	A	0.0061065487471	29	4682	10	28	4749	106063
UNKNOWN	275	A	0.97683722889	G	0.0134765213729	4639	22	64	24	4749	106063
UNKNOWN	276	T	0.987997473152	G	0.00484312486839	22	12	23	4692	4749	106063
UNKNOWN	277	A	0.989682038324	C	0.0061065487471	4700	29	9	11	4749	106063
UNKNOWN	278	C	0.953253316488	T	0.0433775531691	11	4527	5	206	4749	106063
UNKNOWN	279	T	0.983154348284	A	0.00715940197936	34	21	25	4669	4749	106063
UNKNOWN	280	A	0.973468098547	T	0.0132659507265	4623	40	23	63	4749	106063
UNKNOWN	281	C	0.970098968204	T	0.0269530427458	7	4607	7	128	4749	106063
UNKNOWN	282	T	0.985681196041	G	0.0103179616761	13	6	49	4681	4749	106063
