Type	Position	Nucl1	Freq1	Nucl2	Freq2	NumAs	NumCs	NumGs	NumTs	NumAligned	NumNaive
UNKNOWN	0	C	1.0	A	0.0	0	614	0	0	614	104645
UNKNOWN	1	A	1.0	C	0.0	614	0	0	0	614	104645
UNKNOWN	2	G	1.0	A	0.0	0	0	614	0	614	104645
UNKNOWN	3	G	1.0	A	0.0	0	0	614	0	614	104645
UNKNOWN	4	T	1.0	A	0.0	0	0	0	614	614	104645
UNKNOWN	5	G	1.0	A	0.0	0	0	614	0	614	104645
UNKNOWN	6	C	1.0	A	0.0	0	614	0	0	614	104645
UNKNOWN	7	A	0.998371335505	G	0.00162866449511	613	0	1	0	614	104645
UNKNOWN	8	G	1.0	A	0.0	0	0	614	0	614	104645
UNKNOWN	9	C	1.0	A	0.0	0	614	0	0	614	104645
UNKNOWN	10	T	1.0	A	0.0	0	0	0	614	614	104645
UNKNOWN	11	G	1.0	A	0.0	0	0	614	0	614	104645
UNKNOWN	12	C	1.0	A	0.0	0	614	0	0	614	104645
UNKNOWN	13	G	1.0	A	0.0	0	0	614	0	614	104645
UNKNOWN	14	C	0.654723127036	G	0.343648208469	1	402	211	0	614	104645
UNKNOWN	15	G	1.0	A	0.0	0	0	614	0	614	104645
UNKNOWN	16	A	0.998371335505	G	0.00162866449511	613	0	1	0	614	104645
UNKNOWN	17	G	0.998371335505	A	0.00162866449511	1	0	613	0	614	104645
UNKNOWN	18	T	0.99674267101	C	0.00325732899023	0	2	0	612	614	104645
UNKNOWN	19	C	1.0	A	0.0	0	614	0	0	614	104645
UNKNOWN	20	G	1.0	A	0.0	0	0	614	0	614	104645
UNKNOWN	21	G	0.995114006515	C	0.00325732899023	1	2	611	0	614	104645
UNKNOWN	22	G	1.0	A	0.0	0	0	614	0	614	104645
UNKNOWN	23	C	1.0	A	0.0	0	614	0	0	614	104645
UNKNOWN	24	C	1.0	A	0.0	0	614	0	0	614	104645
UNKNOWN	25	C	1.0	A	0.0	0	614	0	0	614	104645
UNKNOWN	26	C	1.0	A	0.0	0	614	0	0	614	104645
UNKNOWN	27	A	1.0	C	0.0	614	0	0	0	614	104645
UNKNOWN	28	G	0.998371335505	A	0.00162866449511	1	0	613	0	614	104645
UNKNOWN	29	C	1.0	A	0.0	0	614	0	0	614	104645
UNKNOWN	30	C	0.998371335505	A	0.00162866449511	1	613	0	0	614	104645
UNKNOWN	31	T	1.0	A	0.0	0	0	0	614	614	104645
UNKNOWN	32	G	0.99348534202	A	0.00651465798046	4	0	610	0	614	104645
UNKNOWN	33	G	1.0	A	0.0	0	0	614	0	614	104645
UNKNOWN	34	T	1.0	A	0.0	0	0	0	614	614	104645
UNKNOWN	35	G	1.0	A	0.0	0	0	614	0	614	104645
UNKNOWN	36	A	1.0	C	0.0	614	0	0	0	614	104645
UNKNOWN	37	A	0.995114006515	G	0.00325732899023	611	1	2	0	614	104645
UNKNOWN	38	G	1.0	A	0.0	0	0	614	0	614	104645
UNKNOWN	39	C	0.998371335505	T	0.00162866449511	0	613	0	1	614	104645
UNKNOWN	40	C	1.0	A	0.0	0	614	0	0	614	104645
UNKNOWN	41	C	1.0	A	0.0	0	614	0	0	614	104645
UNKNOWN	42	T	0.998371335505	G	0.00162866449511	0	0	1	613	614	104645
UNKNOWN	43	C	1.0	A	0.0	0	614	0	0	614	104645
UNKNOWN	44	A	1.0	C	0.0	614	0	0	0	614	104645
UNKNOWN	45	C	0.99674267101	G	0.00325732899023	0	612	2	0	614	104645
UNKNOWN	46	A	1.0	C	0.0	614	0	0	0	614	104645
UNKNOWN	47	G	0.99674267101	A	0.00325732899023	2	0	612	0	614	104645
UNKNOWN	48	A	0.998371335505	G	0.00162866449511	613	0	1	0	614	104645
UNKNOWN	49	C	0.998371335505	T	0.00162866449511	0	613	0	1	614	104645
UNKNOWN	50	C	1.0	A	0.0	0	614	0	0	614	104645
UNKNOWN	51	C	1.0	A	0.0	0	614	0	0	614	104645
UNKNOWN	52	T	1.0	A	0.0	0	0	0	614	614	104645
UNKNOWN	53	C	1.0	A	0.0	0	614	0	0	614	104645
UNKNOWN	54	T	1.0	A	0.0	0	0	0	614	614	104645
UNKNOWN	55	C	0.998371335505	G	0.00162866449511	0	613	1	0	614	104645
UNKNOWN	56	C	0.998371335505	T	0.00162866449511	0	613	0	1	614	104645
UNKNOWN	57	C	1.0	A	0.0	0	614	0	0	614	104645
UNKNOWN	58	T	1.0	A	0.0	0	0	0	614	614	104645
UNKNOWN	59	C	0.995114006515	T	0.00488599348534	0	611	0	3	614	104645
UNKNOWN	60	A	1.0	C	0.0	614	0	0	0	614	104645
UNKNOWN	61	C	0.995114006515	T	0.00488599348534	0	611	0	3	614	104645
UNKNOWN	62	C	0.995114006515	T	0.00488599348534	0	611	0	3	614	104645
UNKNOWN	63	T	0.998371335505	C	0.00162866449511	0	1	0	613	614	104645
UNKNOWN	64	G	1.0	A	0.0	0	0	614	0	614	104645
UNKNOWN	65	C	0.998371335505	T	0.00162866449511	0	613	0	1	614	104645
UNKNOWN	66	A	1.0	C	0.0	614	0	0	0	614	104645
UNKNOWN	67	C	1.0	A	0.0	0	614	0	0	614	104645
UNKNOWN	68	G	0.998371335505	C	0.00162866449511	0	1	613	0	614	104645
UNKNOWN	69	G	0.965798045603	A	0.0342019543974	21	0	593	0	614	104645
UNKNOWN	70	T	0.998371335505	C	0.00162866449511	0	1	0	613	614	104645
UNKNOWN	71	C	0.991856677524	G	0.00488599348534	0	609	3	2	614	104645
UNKNOWN	72	T	1.0	A	0.0	0	0	0	614	614	104645
UNKNOWN	73	C	1.0	A	0.0	0	614	0	0	614	104645
UNKNOWN	74	T	0.99674267101	G	0.00325732899023	0	0	2	612	614	104645
UNKNOWN	75	G	0.998371335505	A	0.00162866449511	1	0	613	0	614	104645
UNKNOWN	76	G	0.99674267101	A	0.00162866449511	1	0	612	1	614	104645
UNKNOWN	77	A	0.99674267101	C	0.00325732899023	612	2	0	0	614	104645
UNKNOWN	78	T	0.990228013029	C	0.00488599348534	1	3	2	608	614	104645
UNKNOWN	79	T	0.99674267101	C	0.00162866449511	0	1	1	612	614	104645
UNKNOWN	80	C	0.998371335505	T	0.00162866449511	0	613	0	1	614	104645
UNKNOWN	81	T	0.998371335505	G	0.00162866449511	0	0	1	613	614	104645
UNKNOWN	82	C	0.998371335505	A	0.00162866449511	1	613	0	0	614	104645
UNKNOWN	83	A	0.986970684039	G	0.0130293159609	606	0	8	0	614	104645
UNKNOWN	84	T	0.99674267101	C	0.00325732899023	0	2	0	612	614	104645
UNKNOWN	85	T	0.99674267101	A	0.00325732899023	2	0	0	612	614	104645
UNKNOWN	86	G	0.995114006515	A	0.00488599348534	3	0	611	0	614	104645
UNKNOWN	87	A	1.0	C	0.0	614	0	0	0	614	104645
UNKNOWN	88	G	0.973941368078	A	0.0228013029316	14	2	598	0	614	104645
UNKNOWN	89	C	0.978827361564	T	0.0195439739414	0	601	1	12	614	104645
UNKNOWN	90	A	0.977198697068	G	0.0162866449511	600	4	10	0	614	104645
UNKNOWN	91	G	0.913680781759	A	0.042345276873	26	24	561	3	614	104645
UNKNOWN	92	C	0.972312703583	T	0.0130293159609	6	597	3	8	614	104645
UNKNOWN	93	T	0.982084690554	A	0.00977198697068	6	1	4	603	614	104645
UNKNOWN	94	A	0.982084690554	T	0.00977198697068	603	4	1	6	614	104645
UNKNOWN	95	T	0.99348534202	A	0.00325732899023	2	1	1	610	614	104645
UNKNOWN	96	G	0.944625407166	A	0.0374592833876	23	8	580	3	614	104645
UNKNOWN	97	G	0.615635179153	C	0.294788273616	33	181	378	22	614	104645
UNKNOWN	98	T	0.998371335505	C	0.00162866449511	0	1	0	613	614	104645
UNKNOWN	99	G	0.980456026059	A	0.0195439739414	12	0	602	0	614	104645
UNKNOWN	100	T	1.0	A	0.0	0	0	0	614	614	104645
UNKNOWN	101	A	0.977198697068	G	0.0114006514658	600	3	7	4	614	104645
UNKNOWN	102	A	0.793159609121	G	0.201954397394	487	2	124	1	614	104645
UNKNOWN	103	G	0.881107491857	A	0.0684039087948	42	24	541	7	614	104645
UNKNOWN	104	C	0.988599348534	T	0.00977198697068	1	607	0	6	614	104645
UNKNOWN	105	T	1.0	A	0.0	0	0	0	614	614	104645
UNKNOWN	106	G	1.0	A	0.0	0	0	614	0	614	104645
UNKNOWN	107	G	1.0	A	0.0	0	0	614	0	614	104645
UNKNOWN	108	G	0.998371335505	A	0.00162866449511	1	0	613	0	614	104645
UNKNOWN	109	T	1.0	A	0.0	0	0	0	614	614	104645
UNKNOWN	110	C	1.0	A	0.0	0	614	0	0	614	104645
UNKNOWN	111	C	1.0	A	0.0	0	614	0	0	614	104645
UNKNOWN	112	G	1.0	A	0.0	0	0	614	0	614	104645
UNKNOWN	113	C	0.99674267101	A	0.00162866449511	1	612	0	1	614	104645
UNKNOWN	114	C	0.998371335505	A	0.00162866449511	1	613	0	0	614	104645
UNKNOWN	115	A	1.0	C	0.0	614	0	0	0	614	104645
UNKNOWN	116	G	1.0	A	0.0	0	0	614	0	614	104645
UNKNOWN	117	G	0.983713355049	A	0.00977198697068	6	4	604	0	614	104645
UNKNOWN	118	C	0.991856677524	T	0.00488599348534	0	609	2	3	614	104645
UNKNOWN	119	T	1.0	A	0.0	0	0	0	614	614	104645
UNKNOWN	120	C	1.0	A	0.0	0	614	0	0	614	104645
UNKNOWN	121	C	1.0	A	0.0	0	614	0	0	614	104645
UNKNOWN	122	A	0.975570032573	G	0.0244299674267	599	0	15	0	614	104645
UNKNOWN	123	G	0.998371335505	C	0.00162866449511	0	1	613	0	614	104645
UNKNOWN	124	G	0.998371335505	T	0.00162866449511	0	0	613	1	614	104645
UNKNOWN	125	G	0.99674267101	A	0.00325732899023	2	0	612	0	614	104645
UNKNOWN	126	A	0.998371335505	G	0.00162866449511	613	0	1	0	614	104645
UNKNOWN	127	A	0.991856677524	G	0.00488599348534	609	0	3	2	614	104645
UNKNOWN	128	G	1.0	A	0.0	0	0	614	0	614	104645
UNKNOWN	129	G	0.99674267101	A	0.00325732899023	2	0	612	0	614	104645
UNKNOWN	130	C	0.991856677524	T	0.00651465798046	0	609	1	4	614	104645
UNKNOWN	131	G	1.0	A	0.0	0	0	614	0	614	104645
UNKNOWN	132	C	0.995114006515	T	0.00488599348534	0	611	0	3	614	104645
UNKNOWN	133	T	0.99674267101	C	0.00325732899023	0	2	0	612	614	104645
UNKNOWN	134	G	0.99348534202	A	0.00651465798046	4	0	610	0	614	104645
UNKNOWN	135	G	1.0	A	0.0	0	0	614	0	614	104645
UNKNOWN	136	A	0.998371335505	G	0.00162866449511	613	0	1	0	614	104645
UNKNOWN	137	G	0.952768729642	A	0.0439739413681	27	2	585	0	614	104645
UNKNOWN	138	T	0.99674267101	A	0.00162866449511	1	1	0	612	614	104645
UNKNOWN	139	G	0.995114006515	A	0.00325732899023	2	0	611	1	614	104645
UNKNOWN	140	C	0.801302931596	T	0.123778501629	0	492	46	76	614	104645
UNKNOWN	141	C	0.910423452769	G	0.0830618892508	4	559	51	0	614	104645
UNKNOWN	142	T	1.0	A	0.0	0	0	0	614	614	104645
UNKNOWN	143	C	0.855048859935	T	0.14006514658	3	525	0	86	614	104645
UNKNOWN	144	G	0.998371335505	T	0.00162866449511	0	0	613	1	614	104645
UNKNOWN	145	G	0.998371335505	C	0.00162866449511	0	1	613	0	614	104645
UNKNOWN	146	T	0.969055374593	A	0.0228013029316	14	2	3	595	614	104645
UNKNOWN	147	G	0.928338762215	A	0.0635179153094	39	0	570	5	614	104645
UNKNOWN	148	G	0.988599348534	C	0.00814332247557	1	5	607	1	614	104645
UNKNOWN	149	T	0.995114006515	A	0.00325732899023	2	0	1	611	614	104645
UNKNOWN	150	A	0.985342019544	G	0.014657980456	605	0	9	0	614	104645
UNKNOWN	151	T	0.995114006515	C	0.00488599348534	0	3	0	611	614	104645
UNKNOWN	152	A	0.977198697068	G	0.0211726384365	600	0	13	1	614	104645
UNKNOWN	153	A	0.905537459283	G	0.0944625407166	556	0	58	0	614	104645
UNKNOWN	154	G	0.881107491857	A	0.0651465798046	40	31	541	2	614	104645
UNKNOWN	155	C	0.486970684039	T	0.478827361564	10	299	11	294	614	104645
UNKNOWN	156	A	0.962540716612	G	0.0358306188925	591	1	22	0	614	104645
UNKNOWN	157	G	0.982084690554	A	0.0130293159609	8	3	603	0	614	104645
UNKNOWN	158	T	0.991856677524	C	0.00325732899023	1	2	2	609	614	104645
UNKNOWN	159	G	0.939739413681	A	0.0537459283388	33	2	577	2	614	104645
UNKNOWN	160	G	0.920195439739	A	0.0586319218241	36	12	565	1	614	104645
UNKNOWN	161	T	0.995114006515	G	0.00325732899023	0	1	2	611	614	104645
UNKNOWN	162	G	0.998371335505	A	0.00162866449511	1	0	613	0	614	104645
UNKNOWN	163	G	0.99348534202	A	0.00488599348534	3	1	610	0	614	104645
UNKNOWN	164	A	0.988599348534	G	0.0114006514658	607	0	7	0	614	104645
UNKNOWN	165	A	0.908794788274	G	0.086319218241	558	2	53	1	614	104645
UNKNOWN	166	G	0.781758957655	A	0.0944625407166	58	47	480	29	614	104645
UNKNOWN	167	C	0.939739413681	A	0.0244299674267	15	577	8	14	614	104645
UNKNOWN	168	A	0.985342019544	G	0.0130293159609	605	1	8	0	614	104645
UNKNOWN	169	C	0.995114006515	G	0.00325732899023	0	611	2	1	614	104645
UNKNOWN	170	A	0.99674267101	T	0.00162866449511	612	0	1	1	614	104645
UNKNOWN	171	G	0.946254071661	T	0.042345276873	6	1	581	26	614	104645
UNKNOWN	172	G	0.912052117264	A	0.0732899022801	45	4	560	5	614	104645
UNKNOWN	173	C	0.99674267101	T	0.00325732899023	0	612	0	2	614	104645
UNKNOWN	174	T	0.988599348534	C	0.00814332247557	2	5	0	607	614	104645
UNKNOWN	175	A	0.99348534202	T	0.00651465798046	610	0	0	4	614	104645
UNKNOWN	176	T	0.99674267101	C	0.00325732899023	0	2	0	612	614	104645
UNKNOWN	177	A	0.998371335505	G	0.00162866449511	613	0	1	0	614	104645
UNKNOWN	178	A	0.99348534202	G	0.00651465798046	610	0	4	0	614	104645
UNKNOWN	179	C	0.947882736156	T	0.0358306188925	2	582	8	22	614	104645
UNKNOWN	180	C	0.983713355049	T	0.0114006514658	1	604	2	7	614	104645
UNKNOWN	181	C	1.0	A	0.0	0	614	0	0	614	104645
UNKNOWN	182	A	0.991856677524	G	0.00488599348534	609	2	3	0	614	104645
UNKNOWN	183	G	0.990228013029	T	0.00814332247557	1	0	608	5	614	104645
UNKNOWN	184	C	0.998371335505	T	0.00162866449511	0	613	0	1	614	104645
UNKNOWN	185	C	1.0	A	0.0	0	614	0	0	614	104645
UNKNOWN	186	C	1.0	A	0.0	0	614	0	0	614	104645
UNKNOWN	187	T	0.998371335505	C	0.00162866449511	0	1	0	613	614	104645
UNKNOWN	188	G	0.998371335505	A	0.00162866449511	1	0	613	0	614	104645
UNKNOWN	189	A	0.998371335505	C	0.00162866449511	613	1	0	0	614	104645
UNKNOWN	190	A	0.99674267101	C	0.00162866449511	612	1	1	0	614	104645
UNKNOWN	191	A	1.0	C	0.0	614	0	0	0	614	104645
UNKNOWN	192	T	1.0	A	0.0	0	0	0	614	614	104645
UNKNOWN	193	C	0.990228013029	A	0.00651465798046	4	608	0	2	614	104645
UNKNOWN	194	C	0.995114006515	G	0.00488599348534	0	611	3	0	614	104645
UNKNOWN	195	C	1.0	A	0.0	0	614	0	0	614	104645
UNKNOWN	196	G	1.0	A	0.0	0	0	614	0	614	104645
UNKNOWN	197	G	0.990228013029	A	0.00977198697068	6	0	608	0	614	104645
UNKNOWN	198	C	1.0	A	0.0	0	614	0	0	614	104645
UNKNOWN	199	T	0.998371335505	A	0.00162866449511	1	0	0	613	614	104645
UNKNOWN	200	C	1.0	A	0.0	0	614	0	0	614	104645
UNKNOWN	201	A	0.995114006515	C	0.00488599348534	611	3	0	0	614	104645
UNKNOWN	202	G	0.983713355049	C	0.0130293159609	1	8	604	1	614	104645
UNKNOWN	203	C	0.957654723127	T	0.0211726384365	4	588	9	13	614	104645
UNKNOWN	204	A	0.990228013029	G	0.00814332247557	608	0	5	1	614	104645
UNKNOWN	205	T	0.99674267101	C	0.00162866449511	0	1	1	612	614	104645
UNKNOWN	206	C	0.998371335505	T	0.00162866449511	0	613	0	1	614	104645
UNKNOWN	207	A	0.99674267101	T	0.00162866449511	612	0	1	1	614	104645
UNKNOWN	208	C	0.99674267101	T	0.00162866449511	0	612	1	1	614	104645
UNKNOWN	209	C	0.965798045603	T	0.0162866449511	5	593	6	10	614	104645
UNKNOWN	210	A	0.998371335505	G	0.00162866449511	613	0	1	0	614	104645
UNKNOWN	211	A	0.99674267101	G	0.00325732899023	612	0	2	0	614	104645
UNKNOWN	212	G	0.99348534202	A	0.00488599348534	3	1	610	0	614	104645
UNKNOWN	213	G	1.0	A	0.0	0	0	614	0	614	104645
UNKNOWN	214	A	0.99674267101	C	0.00325732899023	612	2	0	0	614	104645
UNKNOWN	215	C	0.99674267101	T	0.00325732899023	0	612	0	2	614	104645
UNKNOWN	216	A	0.995114006515	G	0.00325732899023	611	0	2	1	614	104645
UNKNOWN	217	A	0.991856677524	G	0.00651465798046	609	1	4	0	614	104645
UNKNOWN	218	C	0.988599348534	T	0.0114006514658	0	607	0	7	614	104645
UNKNOWN	219	T	0.998371335505	G	0.00162866449511	0	0	1	613	614	104645
UNKNOWN	220	C	0.998371335505	T	0.00162866449511	0	613	0	1	614	104645
UNKNOWN	221	C	0.995114006515	T	0.00325732899023	1	611	0	2	614	104645
UNKNOWN	222	A	0.99674267101	G	0.00325732899023	612	0	2	0	614	104645
UNKNOWN	223	A	0.99674267101	G	0.00325732899023	612	0	2	0	614	104645
UNKNOWN	224	G	0.99674267101	A	0.00162866449511	1	0	612	1	614	104645
UNKNOWN	225	A	0.998371335505	G	0.00162866449511	613	0	1	0	614	104645
UNKNOWN	226	G	0.982084690554	A	0.0162866449511	10	1	603	0	614	104645
UNKNOWN	227	C	0.982084690554	T	0.0162866449511	1	603	0	10	614	104645
UNKNOWN	228	C	0.983713355049	G	0.014657980456	1	604	9	0	614	104645
UNKNOWN	229	A	0.998371335505	T	0.00162866449511	613	0	0	1	614	104645
UNKNOWN	230	A	0.991856677524	G	0.00814332247557	609	0	5	0	614	104645
UNKNOWN	231	G	0.986970684039	A	0.00488599348534	3	3	606	2	614	104645
UNKNOWN	232	T	0.99674267101	C	0.00325732899023	0	2	0	612	614	104645
UNKNOWN	233	C	0.946254071661	G	0.0342019543974	0	581	21	12	614	104645
UNKNOWN	234	T	0.99674267101	C	0.00162866449511	0	1	1	612	614	104645
UNKNOWN	235	C	0.99348534202	A	0.00325732899023	2	610	0	2	614	104645
UNKNOWN	236	T	0.990228013029	C	0.00488599348534	0	3	3	608	614	104645
UNKNOWN	237	C	0.998371335505	T	0.00162866449511	0	613	0	1	614	104645
UNKNOWN	238	T	0.998371335505	A	0.00162866449511	1	0	0	613	614	104645
UNKNOWN	239	G	0.872964169381	A	0.122149837134	75	1	536	2	614	104645
UNKNOWN	240	T	0.995114006515	A	0.00325732899023	2	1	0	611	614	104645
UNKNOWN	241	C	0.99348534202	T	0.00488599348534	1	610	0	3	614	104645
UNKNOWN	242	A	0.982084690554	G	0.00814332247557	603	4	5	2	614	104645
UNKNOWN	243	G	0.672638436482	C	0.278501628664	27	171	413	3	614	104645
UNKNOWN	244	T	0.991856677524	C	0.00488599348534	0	3	2	609	614	104645
UNKNOWN	245	G	0.990228013029	A	0.00977198697068	6	0	608	0	614	104645
UNKNOWN	246	A	0.998371335505	G	0.00162866449511	613	0	1	0	614	104645
UNKNOWN	247	G	0.970684039088	A	0.0211726384365	13	4	596	1	614	104645
UNKNOWN	248	C	0.980456026059	T	0.014657980456	2	602	1	9	614	104645
UNKNOWN	249	A	0.99674267101	C	0.00162866449511	612	1	1	0	614	104645
UNKNOWN	250	G	0.998371335505	C	0.00162866449511	0	1	613	0	614	104645
UNKNOWN	251	C	0.998371335505	G	0.00162866449511	0	613	1	0	614	104645
UNKNOWN	252	G	0.99674267101	A	0.00162866449511	1	0	612	1	614	104645
UNKNOWN	253	T	0.99348534202	C	0.00488599348534	0	3	1	610	614	104645
UNKNOWN	254	G	0.983713355049	A	0.00977198697068	6	2	604	2	614	104645
UNKNOWN	255	A	0.995114006515	C	0.00325732899023	611	2	1	0	614	104645
UNKNOWN	256	C	0.99674267101	A	0.00325732899023	2	612	0	0	614	104645
UNKNOWN	257	A	0.988599348534	G	0.0114006514658	607	0	7	0	614	104645
UNKNOWN	258	C	0.760586319218	A	0.221498371336	136	467	8	3	614	104645
UNKNOWN	259	C	0.983713355049	G	0.00814332247557	3	604	5	2	614	104645
UNKNOWN	260	T	0.991856677524	C	0.00488599348534	0	3	2	609	614	104645
UNKNOWN	261	G	0.995114006515	A	0.00488599348534	3	0	611	0	614	104645
UNKNOWN	262	A	0.99674267101	T	0.00162866449511	612	0	1	1	614	104645
UNKNOWN	263	G	0.986970684039	C	0.00814332247557	3	5	606	0	614	104645
UNKNOWN	264	G	0.998371335505	A	0.00162866449511	1	0	613	0	614	104645
UNKNOWN	265	A	0.995114006515	C	0.00325732899023	611	2	1	0	614	104645
UNKNOWN	266	C	0.988599348534	T	0.00651465798046	2	607	1	4	614	104645
UNKNOWN	267	A	0.991856677524	T	0.00488599348534	609	1	1	3	614	104645
UNKNOWN	268	C	0.99674267101	T	0.00162866449511	0	612	1	1	614	104645
UNKNOWN	269	G	0.962540716612	A	0.0374592833876	23	0	591	0	614	104645
UNKNOWN	270	G	0.998371335505	C	0.00162866449511	0	1	613	0	614	104645
UNKNOWN	271	C	0.99348534202	T	0.00325732899023	1	610	1	2	614	104645
UNKNOWN	272	C	0.99348534202	A	0.00325732899023	2	610	1	1	614	104645
UNKNOWN	273	A	0.995114006515	G	0.00325732899023	611	1	2	0	614	104645
UNKNOWN	274	C	0.995114006515	A	0.00325732899023	2	611	0	1	614	104645
UNKNOWN	275	A	0.975570032573	G	0.0114006514658	599	2	7	6	614	104645
UNKNOWN	276	T	0.99348534202	A	0.00325732899023	2	0	2	610	614	104645
UNKNOWN	277	A	0.998371335505	C	0.00162866449511	613	1	0	0	614	104645
UNKNOWN	278	C	0.980456026059	T	0.0179153094463	1	602	0	11	614	104645
UNKNOWN	279	T	0.988599348534	C	0.00814332247557	1	5	1	607	614	104645
UNKNOWN	280	A	0.99674267101	C	0.00162866449511	612	1	1	0	614	104645
UNKNOWN	281	C	0.990228013029	T	0.00814332247557	0	608	1	5	614	104645
UNKNOWN	282	T	0.995114006515	G	0.00325732899023	0	1	2	611	614	104645
