Type	Position	Nucl1	Freq1	Nucl2	Freq2	NumAs	NumCs	NumGs	NumTs	NumAligned	NumNaive
UNKNOWN	0	C	1.0	A	0.0	0	18062	0	0	18062	99661
UNKNOWN	1	A	1.0	C	0.0	18062	0	0	0	18062	99661
UNKNOWN	2	G	1.0	A	0.0	0	0	18062	0	18062	99661
UNKNOWN	3	G	1.0	A	0.0	0	0	18062	0	18062	99661
UNKNOWN	4	T	1.0	A	0.0	0	0	0	18062	18062	99661
UNKNOWN	5	G	1.0	A	0.0	0	0	18062	0	18062	99661
UNKNOWN	6	C	1.0	A	0.0	0	18062	0	0	18062	99661
UNKNOWN	7	A	0.998172959805	G	0.00121802679659	18029	4	22	7	18062	99661
UNKNOWN	8	G	0.99496179825	A	0.00321116155465	58	28	17971	5	18062	99661
UNKNOWN	9	C	0.997896135533	T	0.00155021592293	3	18024	7	28	18062	99661
UNKNOWN	10	T	0.999557081165	C	0.000387553980733	1	7	0	18054	18062	99661
UNKNOWN	11	G	0.998505148931	A	0.0011626619422	21	4	18035	2	18062	99661
UNKNOWN	12	C	0.999612446019	T	0.000276824271952	1	18055	1	5	18062	99661
UNKNOWN	13	G	0.998062230096	A	0.00177167534049	32	1	18027	2	18062	99661
UNKNOWN	14	C	0.61765031558	G	0.381131657624	6	11156	6884	16	18062	99661
UNKNOWN	15	G	0.999557081165	C	0.000221459417562	3	4	18054	1	18062	99661
UNKNOWN	16	A	0.998394419223	G	0.000996567379028	18033	10	18	1	18062	99661
UNKNOWN	17	G	0.995238622522	A	0.00365408038977	66	20	17976	0	18062	99661
UNKNOWN	18	T	0.99822832466	C	0.00143948621415	3	26	3	18030	18062	99661
UNKNOWN	19	C	0.999446351456	T	0.000387553980733	2	18052	1	7	18062	99661
UNKNOWN	20	G	0.998172959805	A	0.00166094563171	30	1	18029	2	18062	99661
UNKNOWN	21	G	0.999778540582	A	0.000166094563171	3	1	18058	0	18062	99661
UNKNOWN	22	G	0.99911416233	A	0.000775107961466	14	2	18046	0	18062	99661
UNKNOWN	23	C	0.999335621747	T	0.000553648543904	1	18050	1	10	18062	99661
UNKNOWN	24	C	0.999667810874	T	0.000221459417562	2	18056	0	4	18062	99661
UNKNOWN	25	C	0.999667810874	T	0.000276824271952	1	18056	0	5	18062	99661
UNKNOWN	26	C	0.999280256893	T	0.000609013398295	2	18049	0	11	18062	99661
UNKNOWN	27	A	0.997121027572	G	0.00243605359318	18010	6	44	2	18062	99661
UNKNOWN	28	G	0.995072527959	A	0.00343262097221	62	26	17973	1	18062	99661
UNKNOWN	29	C	0.998117594951	T	0.00182704019488	0	18028	1	33	18062	99661
UNKNOWN	30	C	0.99950171631	T	0.000332189126343	1	18053	2	6	18062	99661
UNKNOWN	31	T	0.997785405824	C	0.00143948621415	6	26	8	18022	18062	99661
UNKNOWN	32	G	0.994518879415	A	0.00282360757391	51	28	17963	20	18062	99661
UNKNOWN	33	G	0.996899568154	C	0.00182704019488	20	33	18006	3	18062	99661
UNKNOWN	34	T	0.998505148931	C	0.00121802679659	3	22	2	18035	18062	99661
UNKNOWN	35	G	0.997453216698	A	0.0017163104861	31	12	18016	3	18062	99661
UNKNOWN	36	A	0.99634591961	C	0.00193776990367	17996	35	29	2	18062	99661
UNKNOWN	37	A	0.995127892814	G	0.00354335068099	17974	20	64	4	18062	99661
UNKNOWN	38	G	0.998671243495	A	0.00105193223342	19	4	18038	1	18062	99661
UNKNOWN	39	C	0.997896135533	T	0.00177167534049	3	18024	3	32	18062	99661
UNKNOWN	40	C	0.999612446019	T	0.000276824271952	1	18055	1	5	18062	99661
UNKNOWN	41	C	0.996013730484	G	0.00315579670025	2	17990	57	13	18062	99661
UNKNOWN	42	T	0.997453216698	C	0.00199313475806	2	36	8	18016	18062	99661
UNKNOWN	43	C	0.999446351456	A	0.000276824271952	5	18052	0	5	18062	99661
UNKNOWN	44	A	0.996622743882	G	0.00226995903001	18001	15	41	5	18062	99661
UNKNOWN	45	C	0.998339054368	G	0.00105193223342	7	18032	19	4	18062	99661
UNKNOWN	46	A	0.998560513786	G	0.00105193223342	18036	5	19	2	18062	99661
UNKNOWN	47	G	0.997840770679	A	0.0017163104861	31	7	18023	1	18062	99661
UNKNOWN	48	A	0.997563946407	G	0.00166094563171	18018	10	30	4	18062	99661
UNKNOWN	49	C	0.998948067767	T	0.000553648543904	3	18043	6	10	18062	99661
UNKNOWN	50	C	0.998726608349	T	0.000941202524637	3	18039	3	17	18062	99661
UNKNOWN	51	C	0.999169527184	T	0.000442918835123	2	18047	5	8	18062	99661
UNKNOWN	52	T	0.998062230096	C	0.00177167534049	1	32	2	18027	18062	99661
UNKNOWN	53	C	0.999557081165	T	0.000387553980733	0	18054	1	7	18062	99661
UNKNOWN	54	T	0.99723175728	C	0.00226995903001	2	41	7	18012	18062	99661
UNKNOWN	55	C	0.999557081165	T	0.000276824271952	1	18054	2	5	18062	99661
UNKNOWN	56	C	0.993466947182	T	0.00498283689514	4	17944	24	90	18062	99661
UNKNOWN	57	C	0.99861587864	G	0.00105193223342	0	18037	19	6	18062	99661
UNKNOWN	58	T	0.997674676116	C	0.00199313475806	4	36	2	18020	18062	99661
UNKNOWN	59	C	0.999280256893	A	0.000387553980733	7	18049	0	6	18062	99661
UNKNOWN	60	A	0.996179825047	G	0.00260214815635	17993	14	47	8	18062	99661
UNKNOWN	61	C	0.998339054368	T	0.00132875650537	1	18032	5	24	18062	99661
UNKNOWN	62	C	0.997065662717	T	0.00238068873879	0	18009	10	43	18062	99661
UNKNOWN	63	T	0.998339054368	C	0.00132875650537	1	24	5	18032	18062	99661
UNKNOWN	64	G	0.999280256893	A	0.000387553980733	7	6	18049	0	18062	99661
UNKNOWN	65	C	0.99861587864	T	0.000996567379028	6	18037	1	18	18062	99661
UNKNOWN	66	A	0.996179825047	G	0.00254678330196	17993	15	46	8	18062	99661
UNKNOWN	67	C	0.99822832466	T	0.000885837670247	5	18030	11	16	18062	99661
UNKNOWN	68	G	0.99496179825	A	0.00393090466172	71	17	17971	3	18062	99661
UNKNOWN	69	G	0.96368065552	A	0.0347137637028	627	10	17406	19	18062	99661
UNKNOWN	70	T	0.988982393976	C	0.0102978629166	2	186	11	17863	18062	99661
UNKNOWN	71	C	0.989148488539	G	0.00597940427417	3	17866	108	85	18062	99661
UNKNOWN	72	T	0.997563946407	C	0.00177167534049	4	32	8	18018	18062	99661
UNKNOWN	73	C	0.998117594951	T	0.00127339165098	10	18028	1	23	18062	99661
UNKNOWN	74	T	0.996567379028	C	0.00199313475806	3	36	23	18000	18062	99661
UNKNOWN	75	G	0.997342486989	A	0.00226995903001	41	7	18014	0	18062	99661
UNKNOWN	76	G	0.996069095338	A	0.00310043184586	56	14	17991	1	18062	99661
UNKNOWN	77	A	0.997785405824	T	0.000775107961466	18022	12	14	14	18062	99661
UNKNOWN	78	T	0.998117594951	C	0.000830472815856	4	15	15	18028	18062	99661
UNKNOWN	79	T	0.998449784077	C	0.00127339165098	2	23	3	18034	18062	99661
UNKNOWN	80	C	0.995127892814	T	0.0040416343705	3	17974	12	73	18062	99661
UNKNOWN	81	T	0.996401284465	C	0.00249141844757	7	45	13	17997	18062	99661
UNKNOWN	82	C	0.997453216698	T	0.00166094563171	15	18016	1	30	18062	99661
UNKNOWN	83	A	0.995072527959	G	0.00243605359318	17973	30	44	15	18062	99661
UNKNOWN	84	T	0.930295648322	C	0.0667146495405	18	1205	36	16803	18062	99661
UNKNOWN	85	T	0.998062230096	G	0.000996567379028	3	14	18	18027	18062	99661
UNKNOWN	86	G	0.989978961355	A	0.00935666039198	169	4	17881	8	18062	99661
UNKNOWN	87	A	0.994740338833	G	0.00393090466172	17967	19	71	5	18062	99661
UNKNOWN	88	G	0.971597829698	A	0.0183257668032	331	149	17549	33	18062	99661
UNKNOWN	89	C	0.983002989702	T	0.00902447126564	60	17755	84	163	18062	99661
UNKNOWN	90	A	0.992470379803	G	0.00509356660392	17926	38	92	6	18062	99661
UNKNOWN	91	G	0.9382128225	A	0.0436275052597	788	208	16946	120	18062	99661
UNKNOWN	92	C	0.96545233086	T	0.0215922932123	60	17438	174	390	18062	99661
UNKNOWN	93	T	0.980622300963	A	0.00813863359539	147	68	135	17712	18062	99661
UNKNOWN	94	A	0.979681098439	T	0.00680987709002	17695	121	123	123	18062	99661
UNKNOWN	95	T	0.99407596058	C	0.00226995903001	30	41	36	17955	18062	99661
UNKNOWN	96	G	0.941036430074	A	0.038423208947	694	190	16997	181	18062	99661
UNKNOWN	97	C	0.951887941535	G	0.0193223341823	283	17193	349	237	18062	99661
UNKNOWN	98	T	0.992636474366	G	0.00382017495294	25	39	69	17929	18062	99661
UNKNOWN	99	G	0.973424869893	A	0.0233086036984	421	32	17582	27	18062	99661
UNKNOWN	100	T	0.997176392426	C	0.00210386446684	9	38	4	18011	18062	99661
UNKNOWN	101	A	0.961078507364	G	0.0262429409811	17359	122	474	107	18062	99661
UNKNOWN	102	A	0.80428523973	G	0.183091573469	14527	127	3307	101	18062	99661
UNKNOWN	103	G	0.801627726719	A	0.12446019267	2248	1047	14479	288	18062	99661
UNKNOWN	104	C	0.981508138634	T	0.0135090244713	24	17728	66	244	18062	99661
UNKNOWN	105	T	0.998505148931	G	0.000719743107076	2	12	13	18035	18062	99661
UNKNOWN	106	G	0.99950171631	A	0.000166094563171	3	3	18053	3	18062	99661
UNKNOWN	107	G	0.999833905437	A	0.000166094563171	3	0	18059	0	18062	99661
UNKNOWN	108	G	0.987210718636	A	0.00930129553759	168	42	17831	21	18062	99661
UNKNOWN	109	T	0.998283689514	C	0.00166094563171	0	30	1	18031	18062	99661
UNKNOWN	110	C	0.997342486989	T	0.00215922932123	1	18014	8	39	18062	99661
UNKNOWN	111	C	0.999335621747	G	0.000498283689514	0	18050	9	3	18062	99661
UNKNOWN	112	G	0.998892702912	C	0.000553648543904	7	10	18042	3	18062	99661
UNKNOWN	113	C	0.998837338058	T	0.000775107961466	3	18041	4	14	18062	99661
UNKNOWN	114	C	0.999003432621	A	0.000609013398295	11	18044	0	7	18062	99661
UNKNOWN	115	A	0.996069095338	G	0.00359871553538	17991	4	65	2	18062	99661
UNKNOWN	116	G	0.998006865242	A	0.00177167534049	32	2	18026	2	18062	99661
UNKNOWN	117	G	0.985272948732	A	0.0127339165098	230	26	17796	10	18062	99661
UNKNOWN	118	C	0.997508581552	T	0.00193776990367	1	18017	9	35	18062	99661
UNKNOWN	119	T	0.996899568154	C	0.00271287786513	4	49	3	18006	18062	99661
UNKNOWN	120	C	0.998892702912	G	0.000609013398295	3	18042	11	6	18062	99661
UNKNOWN	121	C	0.998560513786	A	0.000996567379028	18	18036	1	7	18062	99661
UNKNOWN	122	A	0.987321448345	G	0.0102424980622	17833	13	185	31	18062	99661
UNKNOWN	123	G	0.999446351456	C	0.000332189126343	4	6	18052	0	18062	99661
UNKNOWN	124	G	0.996567379028	A	0.0028789724283	52	6	18000	4	18062	99661
UNKNOWN	125	G	0.991196988152	A	0.00830472815856	150	6	17903	3	18062	99661
UNKNOWN	126	A	0.996179825047	G	0.0028789724283	17993	17	52	0	18062	99661
UNKNOWN	127	A	0.994020595726	G	0.00509356660392	17954	7	92	9	18062	99661
UNKNOWN	128	G	0.998062230096	A	0.0011626619422	21	12	18027	2	18062	99661
UNKNOWN	129	G	0.987930461743	A	0.00907983612003	164	46	17844	8	18062	99661
UNKNOWN	130	C	0.997674676116	G	0.00121802679659	5	18020	22	15	18062	99661
UNKNOWN	131	G	0.991196988152	A	0.00703133650758	127	26	17903	6	18062	99661
UNKNOWN	132	C	0.995570811649	T	0.00365408038977	11	17982	3	66	18062	99661
UNKNOWN	133	T	0.989812866792	C	0.00686524194441	8	124	52	17878	18062	99661
UNKNOWN	134	G	0.919111947736	T	0.0666592846861	249	8	16601	1204	18062	99661
UNKNOWN	135	G	0.998117594951	A	0.00127339165098	23	10	18028	1	18062	99661
UNKNOWN	136	A	0.996899568154	G	0.00254678330196	18006	8	46	2	18062	99661
UNKNOWN	137	G	0.972705126786	C	0.0131214704905	236	237	17569	20	18062	99661
UNKNOWN	138	T	0.993633041745	C	0.00393090466172	14	71	30	17947	18062	99661
UNKNOWN	139	G	0.988262650869	A	0.00891374155686	161	29	17850	22	18062	99661
UNKNOWN	140	C	0.772062894475	G	0.207286014838	10	13945	3744	363	18062	99661
UNKNOWN	141	C	0.814693832355	G	0.171797143174	212	14715	3103	32	18062	99661
UNKNOWN	142	T	0.998006865242	C	0.00155021592293	1	28	7	18026	18062	99661
UNKNOWN	143	C	0.811371941092	T	0.181375262983	18	14655	113	3276	18062	99661
UNKNOWN	144	G	0.996622743882	A	0.00243605359318	44	2	18001	15	18062	99661
UNKNOWN	145	G	0.994906433396	C	0.00310043184586	3	56	17970	33	18062	99661
UNKNOWN	146	T	0.989812866792	G	0.00481674233197	53	44	87	17878	18062	99661
UNKNOWN	147	G	0.931070756284	A	0.0517107740007	934	83	16817	228	18062	99661
UNKNOWN	148	G	0.943029564832	A	0.0236961576791	428	408	17033	193	18062	99661
UNKNOWN	149	T	0.959196102314	G	0.019433063891	221	165	351	17325	18062	99661
UNKNOWN	150	A	0.953936441147	G	0.0418004650648	17230	15	755	62	18062	99661
UNKNOWN	151	T	0.993577676891	C	0.00226995903001	35	41	40	17946	18062	99661
UNKNOWN	152	A	0.962241169306	G	0.0191008747647	17380	139	345	198	18062	99661
UNKNOWN	153	A	0.931292215701	G	0.0580777322556	16821	84	1049	108	18062	99661
UNKNOWN	154	G	0.868176281696	A	0.0930129553759	1680	592	15681	109	18062	99661
UNKNOWN	155	C	0.863691728491	T	0.0931236850847	350	15600	430	1682	18062	99661
UNKNOWN	156	A	0.929575905215	G	0.0630605691507	16790	104	1139	29	18062	99661
UNKNOWN	157	G	0.938378917063	A	0.0298970213708	540	418	16949	155	18062	99661
UNKNOWN	158	T	0.971210275717	G	0.0172738345698	101	107	312	17542	18062	99661
UNKNOWN	159	G	0.897408924815	A	0.0853172406157	1541	251	16209	61	18062	99661
UNKNOWN	160	G	0.905104639575	A	0.0605137858487	1093	435	16348	186	18062	99661
UNKNOWN	161	T	0.98134204407	G	0.00714206621637	97	111	129	17725	18062	99661
UNKNOWN	162	G	0.990477245045	A	0.0069206067988	125	44	17890	3	18062	99661
UNKNOWN	163	G	0.988705569704	A	0.00714206621637	129	55	17858	20	18062	99661
UNKNOWN	164	A	0.984387111062	G	0.0106854168974	17780	47	193	42	18062	99661
UNKNOWN	165	A	0.961632155907	G	0.0308935887499	17369	80	558	55	18062	99661
UNKNOWN	166	G	0.794817849629	A	0.111117262762	2007	1106	14356	593	18062	99661
UNKNOWN	167	C	0.904384896468	T	0.0438489646772	488	16335	447	792	18062	99661
UNKNOWN	168	A	0.978241612225	G	0.0150592403942	17669	76	272	45	18062	99661
UNKNOWN	169	C	0.9773004097	T	0.0147824161222	101	17652	42	267	18062	99661
UNKNOWN	170	A	0.985162219023	G	0.00935666039198	17794	40	169	59	18062	99661
UNKNOWN	171	G	0.65081386336	T	0.266304949618	1174	323	11755	4810	18062	99661
UNKNOWN	172	A	0.487210718636	G	0.442309821725	8800	914	7989	359	18062	99661
UNKNOWN	173	C	0.968275938434	G	0.0155021592293	54	17489	280	239	18062	99661
UNKNOWN	174	T	0.991252353006	C	0.00481674233197	44	87	27	17904	18062	99661
UNKNOWN	175	A	0.985605137858	T	0.0110176060237	17802	41	20	199	18062	99661
UNKNOWN	176	T	0.985937326985	C	0.0114605248588	40	207	7	17808	18062	99661
UNKNOWN	177	A	0.989203853394	G	0.0052042963127	17867	88	94	13	18062	99661
UNKNOWN	178	A	0.992138190677	C	0.00382017495294	17920	69	64	9	18062	99661
UNKNOWN	179	C	0.938102092791	T	0.0563614217695	20	16944	80	1018	18062	99661
UNKNOWN	180	C	0.966947181929	T	0.0179382128225	38	17465	235	324	18062	99661
UNKNOWN	181	C	0.990089691064	T	0.00453991806002	60	17883	37	82	18062	99661
UNKNOWN	182	A	0.987155353781	G	0.00791717417783	17830	49	143	40	18062	99661
UNKNOWN	183	G	0.983335178828	A	0.0104639574798	189	66	17761	46	18062	99661
UNKNOWN	184	C	0.984442475916	T	0.00946739010076	13	17781	97	171	18062	99661
UNKNOWN	185	C	0.998948067767	T	0.000775107961466	3	18043	2	14	18062	99661
UNKNOWN	186	C	0.995792271066	T	0.00310043184586	6	17986	14	56	18062	99661
UNKNOWN	187	T	0.996179825047	G	0.00199313475806	13	20	36	17993	18062	99661
UNKNOWN	188	G	0.981563503488	A	0.0123463625291	223	46	17729	64	18062	99661
UNKNOWN	189	A	0.992913298638	G	0.00531502602148	17934	27	96	5	18062	99661
UNKNOWN	190	A	0.994408149707	G	0.00376481009855	17961	19	68	14	18062	99661
UNKNOWN	191	A	0.992359650094	G	0.00409699922489	17924	23	74	41	18062	99661
UNKNOWN	192	T	0.994684973979	C	0.00382017495294	8	69	19	17966	18062	99661
UNKNOWN	193	C	0.998117594951	T	0.00105193223342	14	18028	1	19	18062	99661
UNKNOWN	194	C	0.991916731259	T	0.00586867456539	8	17916	32	106	18062	99661
UNKNOWN	195	C	0.996567379028	G	0.0023253238844	9	18000	42	11	18062	99661
UNKNOWN	196	G	0.998560513786	A	0.000830472815856	15	7	18036	4	18062	99661
UNKNOWN	197	G	0.938046727937	A	0.0493300852619	891	146	16943	82	18062	99661
UNKNOWN	198	C	0.994352784852	T	0.00298970213708	13	17960	35	54	18062	99661
UNKNOWN	199	T	0.99546008194	C	0.00354335068099	9	64	9	17980	18062	99661
UNKNOWN	200	C	0.992968663492	A	0.00265751301074	48	17935	34	45	18062	99661
UNKNOWN	201	A	0.993134758056	G	0.00553648543904	17938	24	100	0	18062	99661
UNKNOWN	202	G	0.979016720186	C	0.0140626730152	63	254	17683	62	18062	99661
UNKNOWN	203	C	0.954877643672	T	0.0329420883623	132	17247	88	595	18062	99661
UNKNOWN	204	A	0.988041191452	G	0.00824936330417	17846	23	149	44	18062	99661
UNKNOWN	205	T	0.995792271066	C	0.00310043184586	10	56	10	17986	18062	99661
UNKNOWN	206	C	0.991584542133	T	0.00559185029343	47	17910	4	101	18062	99661
UNKNOWN	207	A	0.991916731259	G	0.00337725611782	17916	49	61	36	18062	99661
UNKNOWN	208	C	0.990698704462	T	0.00431845864245	22	17894	68	78	18062	99661
UNKNOWN	209	C	0.974642896689	T	0.0119588085483	85	17604	157	216	18062	99661
UNKNOWN	210	A	0.995903000775	G	0.00221459417562	17988	33	40	1	18062	99661
UNKNOWN	211	A	0.988816299413	G	0.00974421437272	17860	20	176	6	18062	99661
UNKNOWN	212	G	0.988705569704	A	0.00769571476027	139	51	17858	14	18062	99661
UNKNOWN	213	G	0.993799136308	A	0.00459528291441	83	21	17950	8	18062	99661
UNKNOWN	214	A	0.995293987377	C	0.00304506699147	17977	55	23	7	18062	99661
UNKNOWN	215	C	0.987432178053	T	0.00786180932344	51	17835	34	142	18062	99661
UNKNOWN	216	A	0.994684973979	G	0.00382017495294	17966	16	69	11	18062	99661
UNKNOWN	217	A	0.986657070092	C	0.00653305281807	17821	118	108	15	18062	99661
UNKNOWN	218	C	0.973203410475	T	0.0213708337947	5	17578	93	386	18062	99661
UNKNOWN	219	T	0.993854501163	C	0.00343262097221	18	62	31	17951	18062	99661
UNKNOWN	220	C	0.9968442033	T	0.00199313475806	19	18005	2	36	18062	99661
UNKNOWN	221	C	0.992747204075	T	0.00321116155465	56	17931	17	58	18062	99661
UNKNOWN	222	A	0.990809434171	G	0.00531502602148	17896	68	96	2	18062	99661
UNKNOWN	223	A	0.987653637471	G	0.010630052043	17839	12	192	19	18062	99661
UNKNOWN	224	G	0.990145055919	A	0.00570258000221	103	67	17884	8	18062	99661
UNKNOWN	225	A	0.993466947182	G	0.00531502602148	17944	18	96	4	18062	99661
UNKNOWN	226	G	0.965784519987	A	0.0287343594286	519	95	17444	4	18062	99661
UNKNOWN	227	C	0.974144613	T	0.0215922932123	29	17595	48	390	18062	99661
UNKNOWN	228	C	0.993577676891	G	0.00321116155465	54	17946	58	4	18062	99661
UNKNOWN	229	A	0.996401284465	G	0.00188240504927	17997	14	34	17	18062	99661
UNKNOWN	230	A	0.976248477467	G	0.022256671465	17633	11	402	16	18062	99661
UNKNOWN	231	G	0.974753626398	A	0.0137304838888	248	80	17606	128	18062	99661
UNKNOWN	232	T	0.994795703687	C	0.00415236407928	9	75	10	17968	18062	99661
UNKNOWN	233	C	0.975860923486	T	0.0142287675783	20	17626	159	257	18062	99661
UNKNOWN	234	T	0.993466947182	C	0.00393090466172	17	71	30	17944	18062	99661
UNKNOWN	235	C	0.992636474366	T	0.00597940427417	24	17929	1	108	18062	99661
UNKNOWN	236	T	0.987542907762	C	0.00653305281807	30	118	77	17837	18062	99661
UNKNOWN	237	C	0.992857933784	T	0.00382017495294	22	17933	38	69	18062	99661
UNKNOWN	238	T	0.996069095338	G	0.00249141844757	7	19	45	17991	18062	99661
UNKNOWN	239	G	0.962960912413	A	0.0254678330196	460	115	17393	94	18062	99661
UNKNOWN	240	T	0.986878529509	A	0.0052042963127	94	72	71	17825	18062	99661
UNKNOWN	241	C	0.990311150482	T	0.00669914738124	49	17887	5	121	18062	99661
UNKNOWN	242	A	0.984553205625	G	0.00935666039198	17783	60	169	50	18062	99661
UNKNOWN	243	G	0.943693943085	A	0.0289004539918	522	377	17045	118	18062	99661
UNKNOWN	244	T	0.994020595726	G	0.00282360757391	12	45	51	17954	18062	99661
UNKNOWN	245	G	0.980234746983	A	0.0133982947625	242	64	17705	51	18062	99661
UNKNOWN	246	A	0.982670800576	G	0.0116819842764	17749	69	211	33	18062	99661
UNKNOWN	247	G	0.937493079393	A	0.036153249917	653	354	16933	122	18062	99661
UNKNOWN	248	C	0.976303842321	T	0.0168862805891	79	17634	44	305	18062	99661
UNKNOWN	249	A	0.986933894364	G	0.0117927139852	17826	17	213	6	18062	99661
UNKNOWN	250	G	0.978961355332	A	0.0123463625291	223	149	17682	8	18062	99661
UNKNOWN	251	C	0.99042188019	T	0.00592403941978	12	17889	54	107	18062	99661
UNKNOWN	252	G	0.988428745432	A	0.00669914738124	121	39	17853	49	18062	99661
UNKNOWN	253	T	0.994408149707	G	0.00265751301074	7	46	48	17961	18062	99661
UNKNOWN	254	G	0.974255342708	A	0.0183811316576	332	69	17597	64	18062	99661
UNKNOWN	255	A	0.989148488539	G	0.00625622854612	17866	52	113	31	18062	99661
UNKNOWN	256	C	0.993079393201	A	0.00310043184586	56	17937	15	54	18062	99661
UNKNOWN	257	A	0.981397408925	G	0.0115158897132	17726	84	208	44	18062	99661
UNKNOWN	258	C	0.954268630274	A	0.0385339386557	696	17236	64	66	18062	99661
UNKNOWN	259	C	0.990532609899	T	0.00703133650758	15	17891	29	127	18062	99661
UNKNOWN	260	T	0.960967777655	C	0.0268519543794	35	485	185	17357	18062	99661
UNKNOWN	261	G	0.992913298638	A	0.00503820174953	91	13	17934	24	18062	99661
UNKNOWN	262	A	0.990532609899	G	0.0069206067988	17891	32	125	14	18062	99661
UNKNOWN	263	G	0.962407263869	A	0.0215369283579	389	231	17383	59	18062	99661
UNKNOWN	264	G	0.993300852619	A	0.00470601262319	85	12	17941	24	18062	99661
UNKNOWN	265	A	0.991972096113	C	0.00514893145831	17917	93	42	10	18062	99661
UNKNOWN	266	C	0.984497840771	T	0.00797253903222	102	17782	34	144	18062	99661
UNKNOWN	267	A	0.984830029897	T	0.00708670136198	17788	53	93	128	18062	99661
UNKNOWN	268	C	0.993356217473	G	0.00337725611782	37	17942	61	22	18062	99661
UNKNOWN	269	G	0.869560403056	A	0.126564057137	2286	43	15706	27	18062	99661
UNKNOWN	270	G	0.993356217473	C	0.00315579670025	34	57	17942	29	18062	99661
UNKNOWN	271	C	0.99319012291	G	0.00315579670025	53	17939	57	13	18062	99661
UNKNOWN	272	C	0.991639906987	A	0.0052042963127	94	17911	24	33	18062	99661
UNKNOWN	273	A	0.992027460968	G	0.00354335068099	17918	56	64	24	18062	99661
UNKNOWN	274	C	0.988539475141	A	0.00476137747758	86	17855	41	80	18062	99661
UNKNOWN	275	A	0.979016720186	G	0.0109068763149	17683	89	197	93	18062	99661
UNKNOWN	276	T	0.993024028347	A	0.00321116155465	58	20	48	17936	18062	99661
UNKNOWN	277	A	0.992913298638	C	0.00442918835123	17934	80	28	20	18062	99661
UNKNOWN	278	C	0.959030007751	T	0.0390875871996	24	17322	10	706	18062	99661
UNKNOWN	279	T	0.988927029122	A	0.00420772893367	76	61	63	17862	18062	99661
UNKNOWN	280	A	0.983667367955	T	0.00791717417783	17767	105	47	143	18062	99661
UNKNOWN	281	C	0.978573801351	T	0.0197652530174	11	17675	19	357	18062	99661
UNKNOWN	282	T	0.991252353006	G	0.00614549883734	28	19	111	17904	18062	99661
