Type	Position	Nucl1	Freq1	Nucl2	Freq2	NumAs	NumCs	NumGs	NumTs	NumAligned	NumNaive
UNKNOWN	0	C	1.0	A	0.0	0	6846	0	0	6846	99661
UNKNOWN	1	A	1.0	C	0.0	6846	0	0	0	6846	99661
UNKNOWN	2	G	1.0	A	0.0	0	0	6846	0	6846	99661
UNKNOWN	3	G	1.0	A	0.0	0	0	6846	0	6846	99661
UNKNOWN	4	T	1.0	A	0.0	0	0	0	6846	6846	99661
UNKNOWN	5	G	1.0	A	0.0	0	0	6846	0	6846	99661
UNKNOWN	6	C	1.0	A	0.0	0	6846	0	0	6846	99661
UNKNOWN	7	A	0.997662868829	G	0.0016067776804	6830	3	11	2	6846	99661
UNKNOWN	8	G	0.992988606486	A	0.00379783815367	26	13	6798	9	6846	99661
UNKNOWN	9	C	0.998685363716	T	0.00073035349109	0	6837	4	5	6846	99661
UNKNOWN	10	T	0.999269646509	C	0.00073035349109	0	5	0	6841	6846	99661
UNKNOWN	11	G	0.99839322232	A	0.00131463628396	9	1	6835	1	6846	99661
UNKNOWN	12	C	0.998539293018	G	0.00116856558574	0	6836	8	2	6846	99661
UNKNOWN	13	G	0.997662868829	A	0.00189891907683	13	3	6830	0	6846	99661
UNKNOWN	14	G	0.897020157756	C	0.10078878177	13	690	6141	2	6846	99661
UNKNOWN	15	G	0.999123575811	C	0.000438212094654	2	3	6840	1	6846	99661
UNKNOWN	16	A	0.997370727432	C	0.0016067776804	6828	11	7	0	6846	99661
UNKNOWN	17	G	0.997078586036	A	0.0016067776804	11	9	6826	0	6846	99661
UNKNOWN	18	T	0.999269646509	C	0.000438212094654	0	3	2	6841	6846	99661
UNKNOWN	19	C	0.999561787905	G	0.000292141396436	0	6843	2	1	6846	99661
UNKNOWN	20	G	0.99839322232	A	0.0016067776804	11	0	6835	0	6846	99661
UNKNOWN	21	G	0.999561787905	A	0.000292141396436	2	1	6843	0	6846	99661
UNKNOWN	22	G	0.999707858604	A	0.000292141396436	2	0	6844	0	6846	99661
UNKNOWN	23	C	0.999123575811	T	0.000584282792872	2	6840	0	4	6846	99661
UNKNOWN	24	C	0.999853929302	T	0.000146070698218	0	6845	0	1	6846	99661
UNKNOWN	25	C	0.999853929302	T	0.000146070698218	0	6845	0	1	6846	99661
UNKNOWN	26	C	0.998685363716	A	0.000584282792872	4	6837	2	3	6846	99661
UNKNOWN	27	A	0.997224656734	G	0.00219106047327	6827	4	15	0	6846	99661
UNKNOWN	28	G	0.99342681858	A	0.00438212094654	30	15	6801	0	6846	99661
UNKNOWN	29	C	0.997662868829	T	0.00233713117149	0	6830	0	16	6846	99661
UNKNOWN	30	C	0.999561787905	T	0.000292141396436	1	6843	0	2	6846	99661
UNKNOWN	31	T	0.998247151621	C	0.00116856558574	2	8	2	6834	6846	99661
UNKNOWN	32	G	0.997370727432	A	0.00146070698218	10	7	6828	1	6846	99661
UNKNOWN	33	G	0.997078586036	A	0.00175284837862	12	5	6826	3	6846	99661
UNKNOWN	34	T	0.99751679813	C	0.00204498977505	0	14	3	6829	6846	99661
UNKNOWN	35	G	0.998247151621	A	0.00102249488753	7	5	6834	0	6846	99661
UNKNOWN	36	A	0.996786444639	C	0.00146070698218	6824	10	8	4	6846	99661
UNKNOWN	37	A	0.994157172071	G	0.00394390885188	6806	10	27	3	6846	99661
UNKNOWN	38	G	0.998685363716	C	0.00073035349109	4	5	6837	0	6846	99661
UNKNOWN	39	C	0.996786444639	T	0.00321355536079	0	6824	0	22	6846	99661
UNKNOWN	40	C	0.999853929302	T	0.000146070698218	0	6845	0	1	6846	99661
UNKNOWN	41	C	0.996640373941	G	0.00219106047327	0	6823	15	8	6846	99661
UNKNOWN	42	T	0.996932515337	C	0.0024832018697	2	17	2	6825	6846	99661
UNKNOWN	43	C	0.999123575811	A	0.00073035349109	5	6840	0	1	6846	99661
UNKNOWN	44	A	0.997078586036	G	0.00175284837862	6826	6	12	2	6846	99661
UNKNOWN	45	C	0.997808939527	G	0.00102249488753	6	6831	7	2	6846	99661
UNKNOWN	46	A	0.997224656734	G	0.00219106047327	6827	1	15	3	6846	99661
UNKNOWN	47	G	0.997078586036	A	0.00219106047327	15	4	6826	1	6846	99661
UNKNOWN	48	A	0.997078586036	G	0.0016067776804	6826	8	11	1	6846	99661
UNKNOWN	49	C	0.998977505112	G	0.000584282792872	0	6839	4	3	6846	99661
UNKNOWN	50	C	0.997955010225	G	0.00116856558574	1	6832	8	5	6846	99661
UNKNOWN	51	C	0.998247151621	T	0.00175284837862	0	6834	0	12	6846	99661
UNKNOWN	52	T	0.996640373941	C	0.00321355536079	1	22	0	6823	6846	99661
UNKNOWN	53	C	0.998977505112	T	0.000876424189308	0	6839	1	6	6846	99661
UNKNOWN	54	T	0.996202161846	G	0.00189891907683	1	12	13	6820	6846	99661
UNKNOWN	55	C	0.999707858604	A	0.000146070698218	1	6844	0	1	6846	99661
UNKNOWN	56	C	0.997078586036	T	0.00219106047327	1	6826	4	15	6846	99661
UNKNOWN	57	C	0.998539293018	T	0.00102249488753	0	6836	3	7	6846	99661
UNKNOWN	58	T	0.997808939527	C	0.00219106047327	0	15	0	6831	6846	99661
UNKNOWN	59	C	0.999123575811	A	0.00073035349109	5	6840	0	1	6846	99661
UNKNOWN	60	A	0.99839322232	C	0.000876424189308	6835	6	5	0	6846	99661
UNKNOWN	61	C	0.997955010225	T	0.000876424189308	2	6832	6	6	6846	99661
UNKNOWN	62	C	0.997078586036	T	0.00233713117149	0	6826	4	16	6846	99661
UNKNOWN	63	T	0.998685363716	G	0.00073035349109	0	4	5	6837	6846	99661
UNKNOWN	64	G	0.998831434414	C	0.000876424189308	2	6	6838	0	6846	99661
UNKNOWN	65	C	0.996202161846	T	0.00306748466258	5	6820	0	21	6846	99661
UNKNOWN	66	A	0.994887525562	G	0.00292141396436	6811	9	20	6	6846	99661
UNKNOWN	67	C	0.996348232545	T	0.00189891907683	1	6821	11	13	6846	99661
UNKNOWN	68	G	0.994011101373	A	0.00438212094654	30	9	6805	2	6846	99661
UNKNOWN	69	A	0.810254163015	G	0.185801928133	5547	19	1272	8	6846	99661
UNKNOWN	70	T	0.990505404616	C	0.00832602979842	0	57	8	6781	6846	99661
UNKNOWN	71	C	0.987583990651	T	0.00891031259129	7	6761	17	61	6846	99661
UNKNOWN	72	T	0.99751679813	C	0.00219106047327	0	15	2	6829	6846	99661
UNKNOWN	73	C	0.99839322232	T	0.00146070698218	0	6835	1	10	6846	99661
UNKNOWN	74	T	0.996640373941	C	0.00233713117149	0	16	7	6823	6846	99661
UNKNOWN	75	G	0.999269646509	A	0.000438212094654	3	2	6841	0	6846	99661
UNKNOWN	76	G	0.996202161846	A	0.00321355536079	22	3	6820	1	6846	99661
UNKNOWN	77	A	0.987145778557	G	0.0056967572305	6758	31	39	18	6846	99661
UNKNOWN	78	T	0.995763949752	C	0.00262927256792	1	18	10	6817	6846	99661
UNKNOWN	79	T	0.996640373941	C	0.00321355536079	0	22	1	6823	6846	99661
UNKNOWN	80	C	0.993280747882	T	0.0040899795501	1	6800	17	28	6846	99661
UNKNOWN	81	T	0.995325737657	C	0.00233713117149	2	16	14	6814	6846	99661
UNKNOWN	82	C	0.995763949752	T	0.00292141396436	9	6817	0	20	6846	99661
UNKNOWN	83	A	0.99342681858	G	0.00423605024832	6801	5	29	11	6846	99661
UNKNOWN	84	T	0.988168273444	C	0.0109553023663	4	75	2	6765	6846	99661
UNKNOWN	85	T	0.997955010225	G	0.00131463628396	0	5	9	6832	6846	99661
UNKNOWN	86	G	0.990505404616	A	0.00891031259129	61	0	6781	4	6846	99661
UNKNOWN	87	A	0.990359333918	G	0.00803388840199	6780	10	55	1	6846	99661
UNKNOWN	88	G	0.965819456617	A	0.0238095238095	163	54	6612	17	6846	99661
UNKNOWN	89	C	0.960706982179	T	0.0200116856559	18	6577	114	137	6846	99661
UNKNOWN	90	A	0.985539000876	G	0.0111013730646	6747	22	76	1	6846	99661
UNKNOWN	91	G	0.919953257377	A	0.0448437043529	307	149	6298	92	6846	99661
UNKNOWN	92	C	0.95983055799	T	0.0189891907683	53	6571	92	130	6846	99661
UNKNOWN	93	T	0.977212971078	A	0.0106631609699	73	18	65	6690	6846	99661
UNKNOWN	94	A	0.981887233421	T	0.00803388840199	6722	23	46	55	6846	99661
UNKNOWN	95	T	0.991527899503	C	0.00511247443763	11	35	12	6788	6846	99661
UNKNOWN	96	G	0.898188723342	A	0.0828220858896	567	49	6149	81	6846	99661
UNKNOWN	97	C	0.806310254163	G	0.140520011686	181	5520	962	183	6846	99661
UNKNOWN	98	T	0.994011101373	G	0.00365176745545	3	13	25	6805	6846	99661
UNKNOWN	99	G	0.979696172948	A	0.0179666958808	123	1	6707	15	6846	99661
UNKNOWN	100	T	0.997808939527	A	0.00102249488753	7	7	1	6831	6846	99661
UNKNOWN	101	A	0.982325445516	G	0.0121238679521	6725	26	83	12	6846	99661
UNKNOWN	102	G	0.912211510371	A	0.0825299444931	565	12	6245	24	6846	99661
UNKNOWN	103	G	0.929886064855	A	0.036225533158	248	139	6366	93	6846	99661
UNKNOWN	104	C	0.989775051125	T	0.00744960560911	7	6776	12	51	6846	99661
UNKNOWN	105	T	0.997808939527	G	0.00131463628396	1	5	9	6831	6846	99661
UNKNOWN	106	G	0.999561787905	A	0.000292141396436	2	1	6843	0	6846	99661
UNKNOWN	107	G	0.999707858604	A	0.000146070698218	1	0	6844	1	6846	99661
UNKNOWN	108	G	0.984808647385	A	0.0118317265557	81	12	6742	11	6846	99661
UNKNOWN	109	T	0.995763949752	C	0.0040899795501	1	28	0	6817	6846	99661
UNKNOWN	110	C	0.999707858604	G	0.000292141396436	0	6844	2	0	6846	99661
UNKNOWN	111	C	0.998247151621	G	0.00102249488753	0	6834	7	5	6846	99661
UNKNOWN	112	G	0.998539293018	C	0.00102249488753	1	7	6836	2	6846	99661
UNKNOWN	113	C	0.998977505112	A	0.000438212094654	3	6839	2	2	6846	99661
UNKNOWN	114	C	0.998831434414	A	0.00116856558574	8	6838	0	0	6846	99661
UNKNOWN	115	A	0.995033596261	G	0.00438212094654	6812	4	30	0	6846	99661
UNKNOWN	116	G	0.997955010225	A	0.00102249488753	7	7	6832	0	6846	99661
UNKNOWN	117	G	0.98933683903	A	0.00891031259129	61	12	6773	0	6846	99661
UNKNOWN	118	C	0.997224656734	T	0.00204498977505	0	6827	5	14	6846	99661
UNKNOWN	119	T	0.992842535787	C	0.00525854513585	3	36	10	6797	6846	99661
UNKNOWN	120	C	0.999123575811	T	0.000438212094654	1	6840	2	3	6846	99661
UNKNOWN	121	C	0.998247151621	A	0.00146070698218	10	6834	0	2	6846	99661
UNKNOWN	122	A	0.991527899503	G	0.00642711072159	6788	12	44	2	6846	99661
UNKNOWN	123	G	0.999561787905	A	0.000292141396436	2	1	6843	0	6846	99661
UNKNOWN	124	G	0.998247151621	A	0.0016067776804	11	1	6834	0	6846	99661
UNKNOWN	125	G	0.991089687409	A	0.00891031259129	61	0	6785	0	6846	99661
UNKNOWN	126	A	0.998977505112	G	0.00102249488753	6839	0	7	0	6846	99661
UNKNOWN	127	A	0.989482909728	G	0.00774174700555	6774	3	53	16	6846	99661
UNKNOWN	128	G	0.999269646509	A	0.00073035349109	5	0	6841	0	6846	99661
UNKNOWN	129	G	0.988606485539	A	0.00847210049664	58	19	6768	1	6846	99661
UNKNOWN	130	C	0.995617879053	T	0.00219106047327	0	6816	15	15	6846	99661
UNKNOWN	131	G	0.982033304119	A	0.0119777972539	82	36	6723	5	6846	99661
UNKNOWN	132	C	0.98524685948	T	0.00993280747882	25	6745	8	68	6846	99661
UNKNOWN	133	T	0.979842243646	C	0.0140227870289	3	96	39	6708	6846	99661
UNKNOWN	134	G	0.978819748758	A	0.0182588372772	125	2	6701	18	6846	99661
UNKNOWN	135	G	0.997078586036	A	0.00262927256792	18	2	6826	0	6846	99661
UNKNOWN	136	A	0.997078586036	G	0.00233713117149	6826	2	16	2	6846	99661
UNKNOWN	137	G	0.930908559743	A	0.0661700262927	453	9	6373	11	6846	99661
UNKNOWN	138	T	0.995471808355	C	0.00219106047327	6	15	10	6815	6846	99661
UNKNOWN	139	G	0.967280163599	A	0.0243938066024	167	27	6622	30	6846	99661
UNKNOWN	140	T	0.91308793456	C	0.0733274905054	2	502	91	6251	6846	99661
UNKNOWN	141	C	0.977212971078	G	0.018112766579	19	6690	124	13	6846	99661
UNKNOWN	142	T	0.998831434414	C	0.00102249488753	0	7	1	6838	6846	99661
UNKNOWN	143	T	0.925796085305	C	0.0651475314052	2	446	60	6338	6846	99661
UNKNOWN	144	G	0.997370727432	A	0.00204498977505	14	0	6828	4	6846	99661
UNKNOWN	145	G	0.994887525562	C	0.00292141396436	5	20	6811	10	6846	99661
UNKNOWN	146	T	0.970931931055	G	0.0132924335378	25	83	91	6647	6846	99661
UNKNOWN	147	G	0.904031551271	A	0.0834063686824	571	37	6189	49	6846	99661
UNKNOWN	148	G	0.927548933684	A	0.0433829973707	297	95	6350	104	6846	99661
UNKNOWN	149	T	0.964504820333	G	0.0165059888986	88	42	113	6603	6846	99661
UNKNOWN	150	A	0.95734735612	G	0.0401694420099	6554	4	275	13	6846	99661
UNKNOWN	151	T	0.992842535787	C	0.00438212094654	14	30	5	6797	6846	99661
UNKNOWN	152	A	0.969179082676	G	0.0153374233129	6635	49	105	57	6846	99661
UNKNOWN	153	A	0.93938066024	G	0.0560911481157	6431	24	384	7	6846	99661
UNKNOWN	154	G	0.886210926088	A	0.0781478235466	535	208	6067	36	6846	99661
UNKNOWN	155	T	0.934122115104	C	0.0448437043529	49	307	95	6395	6846	99661
UNKNOWN	156	A	0.856850715746	G	0.130587204207	5866	61	894	25	6846	99661
UNKNOWN	157	G	0.904469763365	C	0.0493718959977	192	338	6192	124	6846	99661
UNKNOWN	158	T	0.975606193398	G	0.0118317265557	36	50	81	6679	6846	99661
UNKNOWN	159	G	0.787759275489	A	0.173385918785	1187	175	5393	91	6846	99661
UNKNOWN	160	G	0.859479988314	A	0.093193105463	638	214	5884	110	6846	99661
UNKNOWN	161	T	0.929009640666	G	0.037540169442	117	112	257	6360	6846	99661
UNKNOWN	162	G	0.995763949752	A	0.00365176745545	25	2	6817	2	6846	99661
UNKNOWN	163	G	0.995179666959	A	0.00394390885188	27	0	6813	6	6846	99661
UNKNOWN	164	A	0.965089103126	G	0.0245398773006	6607	16	168	55	6846	99661
UNKNOWN	165	A	0.934122115104	G	0.0515629564709	6395	52	353	46	6846	99661
UNKNOWN	166	G	0.64183464797	A	0.177183756938	1213	783	4394	456	6846	99661
UNKNOWN	167	C	0.894975167981	T	0.0483494011101	197	6127	191	331	6846	99661
UNKNOWN	168	A	0.971954425942	G	0.0191352614665	6654	52	131	9	6846	99661
UNKNOWN	169	C	0.972830850131	T	0.019427402863	29	6660	24	133	6846	99661
UNKNOWN	170	A	0.981010809232	G	0.0128542214432	6716	26	88	16	6846	99661
UNKNOWN	171	G	0.977359041776	A	0.0118317265557	81	48	6691	26	6846	99661
UNKNOWN	172	G	0.853345018989	A	0.112912649722	773	182	5842	49	6846	99661
UNKNOWN	173	C	0.977212971078	G	0.010078878177	22	6690	69	65	6846	99661
UNKNOWN	174	T	0.994449313468	A	0.00262927256792	18	17	3	6808	6846	99661
UNKNOWN	175	A	0.991527899503	T	0.00686532281624	6788	5	6	47	6846	99661
UNKNOWN	176	T	0.980864738533	C	0.0166520595968	14	114	3	6715	6846	99661
UNKNOWN	177	A	0.989775051125	G	0.0040899795501	6776	26	28	16	6846	99661
UNKNOWN	178	A	0.992404323693	C	0.00467426234297	6794	32	17	3	6846	99661
UNKNOWN	179	C	0.920683610868	T	0.0724510663161	4	6303	43	496	6846	99661
UNKNOWN	180	C	0.96640373941	T	0.0200116856559	7	6616	86	137	6846	99661
UNKNOWN	181	C	0.992842535787	A	0.00350569675723	24	6797	11	14	6846	99661
UNKNOWN	182	A	0.989775051125	G	0.00715746421268	6776	16	49	5	6846	99661
UNKNOWN	183	G	0.975606193398	A	0.0198656149576	136	22	6679	9	6846	99661
UNKNOWN	184	C	0.98773006135	T	0.00788781770377	6	6762	24	54	6846	99661
UNKNOWN	185	C	0.999853929302	T	0.000146070698218	0	6845	0	1	6846	99661
UNKNOWN	186	C	0.997224656734	T	0.00277534326614	0	6827	0	19	6846	99661
UNKNOWN	187	T	0.996348232545	G	0.00292141396436	2	3	20	6821	6846	99661
UNKNOWN	188	G	0.988168273444	A	0.0097867367806	67	5	6765	9	6846	99661
UNKNOWN	189	A	0.993134677184	G	0.00555068653228	6799	6	38	3	6846	99661
UNKNOWN	190	A	0.997078586036	G	0.0016067776804	6826	8	11	1	6846	99661
UNKNOWN	191	A	0.995325737657	T	0.00292141396436	6814	3	9	20	6846	99661
UNKNOWN	192	T	0.994157172071	C	0.00379783815367	7	26	7	6806	6846	99661
UNKNOWN	193	C	0.994595384166	T	0.00379783815367	11	6809	0	26	6846	99661
UNKNOWN	194	C	0.996202161846	T	0.0024832018697	3	6820	6	17	6846	99661
UNKNOWN	195	C	0.995471808355	G	0.00292141396436	3	6815	20	8	6846	99661
UNKNOWN	196	G	0.999269646509	A	0.00073035349109	5	0	6841	0	6846	99661
UNKNOWN	197	G	0.954864154251	A	0.037540169442	257	38	6537	14	6846	99661
UNKNOWN	198	C	0.993865030675	T	0.00365176745545	3	6804	14	25	6846	99661
UNKNOWN	199	T	0.995617879053	C	0.00394390885188	2	27	1	6816	6846	99661
UNKNOWN	200	C	0.995325737657	A	0.00292141396436	20	6814	7	5	6846	99661
UNKNOWN	201	A	0.991527899503	G	0.00759567630733	6788	6	52	0	6846	99661
UNKNOWN	202	G	0.977505112474	C	0.0154834940111	34	106	6692	14	6846	99661
UNKNOWN	203	C	0.958661992404	T	0.0265848670757	73	6563	28	182	6846	99661
UNKNOWN	204	A	0.991235758107	G	0.00482033304119	6786	6	33	21	6846	99661
UNKNOWN	205	T	0.995033596261	C	0.00438212094654	1	30	3	6812	6846	99661
UNKNOWN	206	C	0.989190768332	T	0.00759567630733	22	6772	0	52	6846	99661
UNKNOWN	207	A	0.992404323693	G	0.00379783815367	6794	23	26	3	6846	99661
UNKNOWN	208	C	0.986561495764	G	0.00759567630733	15	6754	52	25	6846	99661
UNKNOWN	209	C	0.972246567339	T	0.0146070698218	44	6656	46	100	6846	99661
UNKNOWN	210	A	0.99751679813	G	0.00175284837862	6829	3	12	2	6846	99661
UNKNOWN	211	A	0.988606485539	G	0.00949459538417	6768	10	65	3	6846	99661
UNKNOWN	212	G	0.991381828805	A	0.00759567630733	52	6	6787	1	6846	99661
UNKNOWN	213	G	0.992550394391	A	0.00671925211803	46	3	6795	2	6846	99661
UNKNOWN	214	A	0.991966111598	C	0.00467426234297	6791	32	15	8	6846	99661
UNKNOWN	215	C	0.974875839907	T	0.0157756354075	46	6674	18	108	6846	99661
UNKNOWN	216	A	0.994595384166	G	0.00350569675723	6809	6	24	7	6846	99661
UNKNOWN	217	A	0.984078293894	C	0.00876424189308	6737	60	38	11	6846	99661
UNKNOWN	218	C	0.97867367806	T	0.016067776804	4	6700	32	110	6846	99661
UNKNOWN	219	T	0.993572889278	C	0.00423605024832	5	29	10	6802	6846	99661
UNKNOWN	220	C	0.996056091148	A	0.00204498977505	14	6819	2	11	6846	99661
UNKNOWN	221	C	0.989044697634	A	0.00496640373941	34	6771	13	28	6846	99661
UNKNOWN	222	A	0.985831142273	C	0.00759567630733	6749	52	44	1	6846	99661
UNKNOWN	223	A	0.989044697634	G	0.00964066608238	6771	6	66	3	6846	99661
UNKNOWN	224	G	0.990797546012	A	0.00642711072159	44	13	6783	6	6846	99661
UNKNOWN	225	A	0.993718959977	G	0.0056967572305	6803	3	39	1	6846	99661
UNKNOWN	226	G	0.955010224949	A	0.038854805726	266	39	6538	3	6846	99661
UNKNOWN	227	C	0.975314052001	T	0.019427402863	3	6677	33	133	6846	99661
UNKNOWN	228	C	0.992988606486	A	0.00365176745545	25	6798	22	1	6846	99661
UNKNOWN	229	A	0.996348232545	G	0.00189891907683	6821	9	13	3	6846	99661
UNKNOWN	230	A	0.983932223196	G	0.0141688577271	6736	10	97	3	6846	99661
UNKNOWN	231	G	0.972684779433	A	0.0130002921414	89	58	6659	40	6846	99661
UNKNOWN	232	T	0.993134677184	C	0.00642711072159	2	44	1	6799	6846	99661
UNKNOWN	233	C	0.97619047619	T	0.012708150745	10	6683	66	87	6846	99661
UNKNOWN	234	T	0.992258252994	C	0.00555068653228	3	38	12	6793	6846	99661
UNKNOWN	235	C	0.991089687409	T	0.00803388840199	6	6785	0	55	6846	99661
UNKNOWN	236	T	0.988314344143	C	0.00598889862694	4	41	35	6766	6846	99661
UNKNOWN	237	C	0.99430324277	T	0.00496640373941	2	6807	3	34	6846	99661
UNKNOWN	238	T	0.994887525562	G	0.00365176745545	3	7	25	6811	6846	99661
UNKNOWN	239	G	0.95413380076	A	0.0344726847794	236	42	6532	36	6846	99661
UNKNOWN	240	T	0.987291849255	A	0.00467426234297	32	32	23	6759	6846	99661
UNKNOWN	241	C	0.988606485539	T	0.00788781770377	22	6768	2	54	6846	99661
UNKNOWN	242	A	0.971516213848	G	0.0138767163307	6651	26	95	74	6846	99661
UNKNOWN	243	G	0.865322816243	C	0.0872042068361	273	597	5924	52	6846	99661
UNKNOWN	244	T	0.994887525562	G	0.00335962605901	4	8	23	6811	6846	99661
UNKNOWN	245	G	0.968740870581	A	0.0208881098452	143	6	6632	65	6846	99661
UNKNOWN	246	A	0.979550102249	G	0.0132924335378	6706	34	91	15	6846	99661
UNKNOWN	247	G	0.956178790535	A	0.0311130587204	213	65	6546	22	6846	99661
UNKNOWN	248	C	0.967426234297	T	0.0243938066024	42	6623	14	167	6846	99661
UNKNOWN	249	A	0.992112182296	G	0.00715746421268	6792	5	49	0	6846	99661
UNKNOWN	250	G	0.992112182296	C	0.00467426234297	21	32	6792	1	6846	99661
UNKNOWN	251	C	0.989775051125	T	0.00496640373941	2	6776	34	34	6846	99661
UNKNOWN	252	G	0.99094361671	A	0.00496640373941	34	5	6784	23	6846	99661
UNKNOWN	253	T	0.992988606486	G	0.0040899795501	1	19	28	6798	6846	99661
UNKNOWN	254	G	0.959538416594	A	0.0292141396436	200	31	6569	46	6846	99661
UNKNOWN	255	A	0.984224364592	T	0.00613496932515	6738	25	41	42	6846	99661
UNKNOWN	256	C	0.989044697634	T	0.00496640373941	32	6771	9	34	6846	99661
UNKNOWN	257	A	0.980426526439	G	0.0116856558574	6712	41	80	13	6846	99661
UNKNOWN	258	A	0.813175576979	C	0.17543090856	5567	1201	65	13	6846	99661
UNKNOWN	259	C	0.966988022203	T	0.0162138475022	26	6620	89	111	6846	99661
UNKNOWN	260	T	0.973561203623	C	0.0118317265557	21	81	79	6665	6846	99661
UNKNOWN	261	G	0.992842535787	A	0.0056967572305	39	2	6797	8	6846	99661
UNKNOWN	262	A	0.991235758107	G	0.00657318141981	6786	13	45	2	6846	99661
UNKNOWN	263	G	0.950920245399	A	0.0312591294186	214	94	6510	28	6846	99661
UNKNOWN	264	G	0.992988606486	A	0.00598889862694	41	2	6798	5	6846	99661
UNKNOWN	265	A	0.992550394391	C	0.00555068653228	6795	38	10	3	6846	99661
UNKNOWN	266	C	0.984224364592	T	0.00905638328951	35	6738	11	62	6846	99661
UNKNOWN	267	A	0.976920829682	T	0.0165059888986	6688	26	19	113	6846	99661
UNKNOWN	268	C	0.991235758107	G	0.00452819164476	8	6786	31	21	6846	99661
UNKNOWN	269	G	0.981449021326	A	0.0163599182004	112	4	6719	11	6846	99661
UNKNOWN	270	G	0.99342681858	C	0.00379783815367	12	26	6801	7	6846	99661
UNKNOWN	271	C	0.995325737657	A	0.00277534326614	19	6814	10	3	6846	99661
UNKNOWN	272	C	0.992404323693	A	0.00496640373941	34	6794	6	12	6846	99661
UNKNOWN	273	A	0.990213263219	C	0.00438212094654	6779	30	25	12	6846	99661
UNKNOWN	274	C	0.988460414841	A	0.00671925211803	46	6767	6	27	6846	99661
UNKNOWN	275	A	0.967718375694	G	0.019427402863	6625	45	133	43	6846	99661
UNKNOWN	276	T	0.992842535787	A	0.00423605024832	29	7	13	6797	6846	99661
UNKNOWN	277	A	0.991966111598	C	0.00540461583406	6791	37	14	4	6846	99661
UNKNOWN	278	C	0.960414840783	T	0.0381244522349	7	6575	3	261	6846	99661
UNKNOWN	279	T	0.989775051125	A	0.00438212094654	30	15	25	6776	6846	99661
UNKNOWN	280	A	0.985831142273	C	0.00628104002337	6749	43	23	31	6846	99661
UNKNOWN	281	C	0.975606193398	T	0.022787028922	5	6679	6	156	6846	99661
UNKNOWN	282	T	0.99094361671	G	0.0073035349109	7	5	50	6784	6846	99661
