Type	Position	Nucl1	Freq1	Nucl2	Freq2	NumAs	NumCs	NumGs	NumTs	NumAligned	NumNaive
UNKNOWN	0	C	1.0	A	0.0	0	16907	0	0	16907	99661
UNKNOWN	1	A	1.0	C	0.0	16907	0	0	0	16907	99661
UNKNOWN	2	G	1.0	A	0.0	0	0	16907	0	16907	99661
UNKNOWN	3	G	1.0	A	0.0	0	0	16907	0	16907	99661
UNKNOWN	4	T	1.0	A	0.0	0	0	0	16907	16907	99661
UNKNOWN	5	G	1.0	A	0.0	0	0	16907	0	16907	99661
UNKNOWN	6	C	1.0	A	0.0	0	16907	0	0	16907	99661
UNKNOWN	7	A	0.991246229372	G	0.00567812148814	16759	18	96	34	16907	99661
UNKNOWN	8	G	0.983143076832	A	0.0121251552611	205	64	16622	16	16907	99661
UNKNOWN	9	C	0.997515821849	T	0.00183356006388	3	16865	8	31	16907	99661
UNKNOWN	10	T	0.998757910924	C	0.00124208907553	0	21	0	16886	16907	99661
UNKNOWN	11	G	0.99798899864	A	0.00177441296504	30	4	16873	0	16907	99661
UNKNOWN	12	C	0.999112793517	T	0.000887206482522	0	16892	0	15	16907	99661
UNKNOWN	13	G	0.999349381913	A	0.000473176790678	8	0	16896	3	16907	99661
UNKNOWN	14	C	0.897557224818	G	0.101555568699	3	15175	1717	12	16907	99661
UNKNOWN	15	G	0.999763411605	A	0.000177441296504	3	1	16903	0	16907	99661
UNKNOWN	16	A	0.997042645058	G	0.00177441296504	16857	19	30	1	16907	99661
UNKNOWN	17	G	0.991837700361	A	0.00579641568581	98	39	16769	1	16907	99661
UNKNOWN	18	T	0.996569468268	G	0.00183356006388	4	23	31	16849	16907	99661
UNKNOWN	19	C	0.998876205122	T	0.000650618087183	1	16888	7	11	16907	99661
UNKNOWN	20	G	0.996924350861	A	0.0027207665464	46	4	16855	2	16907	99661
UNKNOWN	21	G	0.998876205122	C	0.000591470988348	7	10	16888	2	16907	99661
UNKNOWN	22	G	0.999526823209	A	0.000414029691844	7	1	16899	0	16907	99661
UNKNOWN	23	C	0.999526823209	T	0.000177441296504	2	16899	3	3	16907	99661
UNKNOWN	24	C	0.999763411605	T	0.000177441296504	0	16903	1	3	16907	99661
UNKNOWN	25	C	0.999645117407	T	0.000295735494174	1	16901	0	5	16907	99661
UNKNOWN	26	C	0.998935352221	A	0.000591470988348	10	16889	0	8	16907	99661
UNKNOWN	27	A	0.996628615366	G	0.00248417815106	16850	13	42	2	16907	99661
UNKNOWN	28	G	0.993848701721	A	0.00313479623824	53	44	16803	7	16907	99661
UNKNOWN	29	C	0.998817058023	T	0.000946353581357	1	16887	3	16	16907	99661
UNKNOWN	30	C	0.999112793517	T	0.000768912284852	0	16892	2	13	16907	99661
UNKNOWN	31	T	0.998166439936	C	0.000946353581357	3	16	12	16876	16907	99661
UNKNOWN	32	G	0.994262731413	A	0.00331223753475	56	31	16810	10	16907	99661
UNKNOWN	33	G	0.997634116047	C	0.00100550068019	13	17	16867	10	16907	99661
UNKNOWN	34	T	0.997634116047	C	0.0013603832732	4	23	13	16867	16907	99661
UNKNOWN	35	G	0.99745667475	A	0.00159697166854	27	11	16864	5	16907	99661
UNKNOWN	36	A	0.996865203762	C	0.00189270716271	16854	32	20	1	16907	99661
UNKNOWN	37	A	0.995149937896	G	0.00402200272077	16825	13	68	1	16907	99661
UNKNOWN	38	G	0.997693263145	A	0.00159697166854	27	12	16868	0	16907	99661
UNKNOWN	39	C	0.997220086355	T	0.00218844265689	2	16860	8	37	16907	99661
UNKNOWN	40	C	0.999526823209	T	0.000414029691844	0	16899	1	7	16907	99661
UNKNOWN	41	C	0.997160939256	G	0.00189270716271	0	16859	32	16	16907	99661
UNKNOWN	42	T	0.997101792157	C	0.00230673685456	2	39	8	16858	16907	99661
UNKNOWN	43	C	0.999171940616	A	0.000473176790678	8	16893	0	6	16907	99661
UNKNOWN	44	A	0.996628615366	G	0.00224758975572	16850	16	38	3	16907	99661
UNKNOWN	45	C	0.998225587035	A	0.000709765186018	12	16877	10	8	16907	99661
UNKNOWN	46	A	0.996214585675	G	0.00248417815106	16843	14	42	8	16907	99661
UNKNOWN	47	G	0.997634116047	A	0.00177441296504	30	10	16867	0	16907	99661
UNKNOWN	48	A	0.996865203762	G	0.00195185426155	16854	18	33	2	16907	99661
UNKNOWN	49	C	0.998048145738	G	0.00112379487786	6	16874	19	8	16907	99661
UNKNOWN	50	C	0.998757910924	T	0.000828059383687	3	16886	4	14	16907	99661
UNKNOWN	51	C	0.998639616727	T	0.00100550068019	2	16884	4	17	16907	99661
UNKNOWN	52	T	0.996924350861	C	0.00289820784291	3	49	0	16855	16907	99661
UNKNOWN	53	C	0.998639616727	T	0.000768912284852	1	16884	9	13	16907	99661
UNKNOWN	54	T	0.996746909564	C	0.00218844265689	6	37	12	16852	16907	99661
UNKNOWN	55	C	0.999290234814	T	0.000414029691844	5	16895	0	7	16907	99661
UNKNOWN	56	C	0.992961495239	T	0.00561897438931	3	16788	21	95	16907	99661
UNKNOWN	57	C	0.997752410244	G	0.00141953037204	2	16869	24	12	16907	99661
UNKNOWN	58	T	0.997693263145	C	0.00218844265689	1	37	1	16868	16907	99661
UNKNOWN	59	C	0.99846217543	T	0.000768912284852	11	16881	2	13	16907	99661
UNKNOWN	60	A	0.995682261785	G	0.0027207665464	16834	17	46	10	16907	99661
UNKNOWN	61	C	0.997634116047	T	0.00230673685456	0	16867	1	39	16907	99661
UNKNOWN	62	C	0.995031643698	T	0.00366712012776	0	16823	22	62	16907	99661
UNKNOWN	63	T	0.998107292837	C	0.00124208907553	1	21	10	16875	16907	99661
UNKNOWN	64	G	0.999053646419	C	0.000591470988348	5	10	16891	1	16907	99661
UNKNOWN	65	C	0.997811557343	T	0.00165611876737	8	16870	1	28	16907	99661
UNKNOWN	66	A	0.994854202401	G	0.00360797302892	16820	16	61	10	16907	99661
UNKNOWN	67	C	0.996687762465	T	0.00236588395339	2	16851	14	40	16907	99661
UNKNOWN	68	G	0.992724906843	A	0.00591470988348	100	22	16784	1	16907	99661
UNKNOWN	69	G	0.97918022121	A	0.0194002484178	328	8	16555	16	16907	99661
UNKNOWN	70	T	0.994617614006	C	0.00502750340096	2	85	4	16816	16907	99661
UNKNOWN	71	C	0.985331519489	T	0.00715679895901	6	16659	121	121	16907	99661
UNKNOWN	72	T	0.997101792157	C	0.0025433252499	4	43	2	16858	16907	99661
UNKNOWN	73	C	0.99899449932	T	0.000946353581357	1	16890	0	16	16907	99661
UNKNOWN	74	T	0.993671260425	C	0.00414029691844	11	70	26	16800	16907	99661
UNKNOWN	75	G	0.998225587035	A	0.00124208907553	21	6	16877	3	16907	99661
UNKNOWN	76	G	0.997220086355	A	0.00207014845922	35	11	16860	1	16907	99661
UNKNOWN	77	A	0.988288874431	C	0.00485006210445	16709	82	74	42	16907	99661
UNKNOWN	78	T	0.994499319808	C	0.00337138463358	9	57	27	16814	16907	99661
UNKNOWN	79	T	0.995623114686	C	0.00384456142426	4	65	5	16833	16907	99661
UNKNOWN	80	C	0.993138936535	T	0.00532323889513	3	16791	23	90	16907	99661
UNKNOWN	81	T	0.993552966227	C	0.00431773821494	9	73	27	16798	16907	99661
UNKNOWN	82	C	0.997397527651	T	0.00165611876737	15	16863	1	28	16907	99661
UNKNOWN	83	A	0.994203584314	G	0.00242503105223	16809	36	41	21	16907	99661
UNKNOWN	84	T	0.997101792157	C	0.00171526586621	3	29	17	16858	16907	99661
UNKNOWN	85	T	0.998166439936	C	0.00112379487786	1	19	11	16876	16907	99661
UNKNOWN	86	G	0.991660259064	A	0.00780741704619	132	1	16766	8	16907	99661
UNKNOWN	87	A	0.989708404803	G	0.00768912284852	16733	38	130	6	16907	99661
UNKNOWN	88	G	0.957709824333	A	0.0258472821908	437	203	16192	75	16907	99661
UNKNOWN	89	C	0.954929910688	T	0.0224758975572	127	16145	255	380	16907	99661
UNKNOWN	90	A	0.972260010646	G	0.0160288637842	16438	168	271	30	16907	99661
UNKNOWN	91	G	0.795705920625	A	0.139173123558	2353	677	13453	424	16907	99661
UNKNOWN	92	C	0.947773111729	T	0.0266161944757	201	16024	232	450	16907	99661
UNKNOWN	93	T	0.980540604483	G	0.00839888803454	91	96	142	16578	16907	99661
UNKNOWN	94	A	0.979298515408	T	0.00887206482522	16557	120	80	150	16907	99661
UNKNOWN	95	T	0.986218725971	C	0.00869462352872	16	147	70	16674	16907	99661
UNKNOWN	96	G	0.901106050748	A	0.0735198438517	1243	182	15235	247	16907	99661
UNKNOWN	97	C	0.916188560951	G	0.0402791743065	237	15490	681	499	16907	99661
UNKNOWN	98	T	0.99390784882	G	0.00295735494174	15	38	50	16804	16907	99661
UNKNOWN	99	G	0.962914769031	A	0.0345419057195	584	13	16280	30	16907	99661
UNKNOWN	100	T	0.997101792157	C	0.00177441296504	16	30	3	16858	16907	99661
UNKNOWN	101	A	0.971254509966	G	0.0203466019992	16421	84	344	58	16907	99661
UNKNOWN	102	A	0.954752469391	G	0.0394511149228	16142	73	667	25	16907	99661
UNKNOWN	103	G	0.811025019223	A	0.108416632164	1833	1130	13712	232	16907	99661
UNKNOWN	104	C	0.971136215769	T	0.0232448098421	35	16419	60	393	16907	99661
UNKNOWN	105	T	0.996983497959	C	0.00159697166854	3	27	21	16856	16907	99661
UNKNOWN	106	G	0.999112793517	C	0.000354882593009	5	6	16892	4	16907	99661
UNKNOWN	107	G	0.998817058023	A	0.000532323889513	9	6	16887	5	16907	99661
UNKNOWN	108	G	0.9695392441	A	0.019341101319	327	128	16392	60	16907	99661
UNKNOWN	109	T	0.995031643698	C	0.00431773821494	6	73	5	16823	16907	99661
UNKNOWN	110	C	0.997160939256	G	0.00141953037204	4	16859	24	20	16907	99661
UNKNOWN	111	C	0.99846217543	G	0.000887206482522	1	16881	15	10	16907	99661
UNKNOWN	112	G	0.998521322529	C	0.00106464777903	6	18	16882	1	16907	99661
UNKNOWN	113	C	0.997870704442	T	0.00165611876737	7	16871	1	28	16907	99661
UNKNOWN	114	C	0.998284734134	A	0.0011829419767	20	16878	2	7	16907	99661
UNKNOWN	115	A	0.994558466907	G	0.00473176790678	16815	8	80	4	16907	99661
UNKNOWN	116	G	0.99846217543	A	0.0011829419767	20	6	16881	0	16907	99661
UNKNOWN	117	G	0.989116933814	A	0.00768912284852	130	46	16723	8	16907	99661
UNKNOWN	118	C	0.996096291477	T	0.00260247234873	4	16841	18	44	16907	99661
UNKNOWN	119	T	0.995563967587	C	0.0039037085231	1	66	8	16832	16907	99661
UNKNOWN	120	C	0.999290234814	T	0.000354882593009	3	16895	3	6	16907	99661
UNKNOWN	121	C	0.998757910924	A	0.000887206482522	15	16886	2	4	16907	99661
UNKNOWN	122	A	0.990122434495	G	0.00839888803454	16740	19	142	6	16907	99661
UNKNOWN	123	G	0.999112793517	A	0.000414029691844	7	3	16892	5	16907	99661
UNKNOWN	124	G	0.999112793517	A	0.000828059383687	14	1	16892	0	16907	99661
UNKNOWN	125	G	0.993730407524	A	0.00585556278465	99	5	16801	2	16907	99661
UNKNOWN	126	A	0.99645117407	C	0.00230673685456	16847	39	19	2	16907	99661
UNKNOWN	127	A	0.996037144378	G	0.00378541432543	16840	2	64	1	16907	99661
UNKNOWN	128	G	0.998225587035	A	0.0011829419767	20	5	16877	5	16907	99661
UNKNOWN	129	G	0.983971136216	A	0.01218430236	206	59	16636	6	16907	99661
UNKNOWN	130	C	0.996332879872	G	0.00195185426155	2	16845	33	27	16907	99661
UNKNOWN	131	G	0.975217365588	A	0.0166794818714	282	46	16488	91	16907	99661
UNKNOWN	132	C	0.992488318448	T	0.00508665049979	29	16780	12	86	16907	99661
UNKNOWN	133	T	0.992724906843	C	0.00490920920329	4	83	36	16784	16907	99661
UNKNOWN	134	G	0.979889986396	A	0.00946353581357	160	83	16567	97	16907	99661
UNKNOWN	135	G	0.997220086355	A	0.00165611876737	28	19	16860	0	16907	99661
UNKNOWN	136	A	0.997574968948	G	0.00195185426155	16866	3	33	5	16907	99661
UNKNOWN	137	G	0.98373454782	A	0.0146093334122	247	7	16632	21	16907	99661
UNKNOWN	138	T	0.998225587035	G	0.00130123617437	0	8	22	16877	16907	99661
UNKNOWN	139	G	0.991127935175	A	0.00597385698232	101	26	16757	23	16907	99661
UNKNOWN	140	C	0.856213402733	G	0.112438634885	6	14476	1901	524	16907	99661
UNKNOWN	141	C	0.902998757911	G	0.0906725025138	80	15267	1533	27	16907	99661
UNKNOWN	142	T	0.995800555983	C	0.00337138463358	5	57	9	16836	16907	99661
UNKNOWN	143	C	0.869817235465	T	0.125036966937	33	14706	54	2114	16907	99661
UNKNOWN	144	G	0.996096291477	A	0.00343053173242	58	0	16841	8	16907	99661
UNKNOWN	145	G	0.994854202401	C	0.00295735494174	10	50	16820	27	16907	99661
UNKNOWN	146	T	0.966759330455	G	0.0143727450169	141	178	243	16345	16907	99661
UNKNOWN	147	G	0.767315313184	A	0.192582953806	3256	265	12973	413	16907	99661
UNKNOWN	148	G	0.691192996983	A	0.243449458804	4116	715	11686	390	16907	99661
UNKNOWN	149	T	0.937481516532	G	0.0338321405335	285	200	572	15850	16907	99661
UNKNOWN	150	A	0.953569527415	G	0.0432956763471	16122	14	732	39	16907	99661
UNKNOWN	151	T	0.994262731413	C	0.0027207665464	40	46	11	16810	16907	99661
UNKNOWN	152	A	0.963742828414	G	0.0166794818714	16294	125	282	206	16907	99661
UNKNOWN	153	A	0.951026202165	G	0.0405157627018	16079	92	685	51	16907	99661
UNKNOWN	154	G	0.906902466434	A	0.0705033418111	1192	319	15333	63	16907	99661
UNKNOWN	155	C	0.938368723014	T	0.0376767019578	237	15865	168	637	16907	99661
UNKNOWN	156	A	0.908795173597	G	0.0826284970722	15365	108	1397	37	16907	99661
UNKNOWN	157	G	0.93198083634	A	0.0338912876323	573	402	15757	175	16907	99661
UNKNOWN	158	T	0.975749689478	G	0.0134263914355	96	87	227	16497	16907	99661
UNKNOWN	159	G	0.873957532383	A	0.101555568699	1717	337	14776	77	16907	99661
UNKNOWN	160	G	0.884722304371	A	0.0754716981132	1276	404	14958	269	16907	99661
UNKNOWN	161	T	0.970367303484	G	0.0130123617437	146	135	220	16406	16907	99661
UNKNOWN	162	G	0.994085290117	A	0.00437688531378	74	5	16807	21	16907	99661
UNKNOWN	163	G	0.99035902289	A	0.00697935766251	118	41	16744	4	16907	99661
UNKNOWN	164	A	0.967942272432	G	0.0235405453363	16365	70	398	74	16907	99661
UNKNOWN	165	A	0.920506299166	G	0.0515171230851	15563	221	871	252	16907	99661
UNKNOWN	166	G	0.633347134323	A	0.192760395103	3259	1741	10708	1199	16907	99661
UNKNOWN	167	C	0.909386644585	G	0.0314071094813	475	15375	531	526	16907	99661
UNKNOWN	168	A	0.975335659786	G	0.0158514224877	16490	119	268	30	16907	99661
UNKNOWN	169	C	0.978707044419	T	0.0114153900751	91	16547	76	193	16907	99661
UNKNOWN	170	A	0.98935352221	G	0.00703850476134	16727	39	119	22	16907	99661
UNKNOWN	171	G	0.904714023777	T	0.0721003134796	289	103	15296	1219	16907	99661
UNKNOWN	172	G	0.836694860117	A	0.123735730762	2092	431	14146	238	16907	99661
UNKNOWN	173	C	0.97918022121	T	0.0111788016798	24	16555	139	189	16907	99661
UNKNOWN	174	T	0.992784053942	A	0.00331223753475	56	52	14	16785	16907	99661
UNKNOWN	175	A	0.99189684746	T	0.00485006210445	16770	18	37	82	16907	99661
UNKNOWN	176	T	0.985035783995	C	0.0119477139646	43	202	8	16654	16907	99661
UNKNOWN	177	A	0.987933991838	C	0.00751168155202	16703	127	60	17	16907	99661
UNKNOWN	178	A	0.985508960785	G	0.00733424025552	16662	113	124	8	16907	99661
UNKNOWN	179	C	0.90761223162	T	0.0859998817058	22	15345	86	1454	16907	99661
UNKNOWN	180	C	0.95025728988	T	0.0324126101615	43	16066	250	548	16907	99661
UNKNOWN	181	C	0.98781569764	T	0.00573726858698	63	16701	46	97	16907	99661
UNKNOWN	182	A	0.987046785355	G	0.00762997574969	16688	61	129	29	16907	99661
UNKNOWN	183	G	0.983083929733	A	0.00940438871473	159	77	16621	50	16907	99661
UNKNOWN	184	C	0.985094931094	T	0.00910865322056	20	16655	78	154	16907	99661
UNKNOWN	185	C	0.997515821849	T	0.00189270716271	5	16865	5	32	16907	99661
UNKNOWN	186	C	0.994617614006	T	0.0039037085231	2	16816	23	66	16907	99661
UNKNOWN	187	T	0.995149937896	G	0.00277991364524	15	20	47	16825	16907	99661
UNKNOWN	188	G	0.983083929733	A	0.0127166262495	215	17	16621	54	16907	99661
UNKNOWN	189	A	0.994617614006	G	0.00372626722659	16816	23	63	5	16907	99661
UNKNOWN	190	A	0.995859703082	C	0.00165611876737	16837	28	23	19	16907	99661
UNKNOWN	191	A	0.993198083634	T	0.00266161944757	16792	32	38	45	16907	99661
UNKNOWN	192	T	0.993552966227	C	0.00508665049979	7	86	16	16798	16907	99661
UNKNOWN	193	C	0.998521322529	T	0.00112379487786	4	16882	2	19	16907	99661
UNKNOWN	194	C	0.993434672029	T	0.0040811498196	12	16796	30	69	16907	99661
UNKNOWN	195	C	0.996746909564	G	0.00283906074407	2	16852	48	5	16907	99661
UNKNOWN	196	G	0.997634116047	A	0.00177441296504	30	6	16867	4	16907	99661
UNKNOWN	197	G	0.940852901165	A	0.0463121783877	783	119	15907	98	16907	99661
UNKNOWN	198	C	0.990950493878	T	0.00455432661028	16	16754	60	77	16907	99661
UNKNOWN	199	T	0.994795055303	C	0.00396285562193	11	67	10	16819	16907	99661
UNKNOWN	200	C	0.992843201041	A	0.00325309043591	55	16786	20	46	16907	99661
UNKNOWN	201	A	0.990891346779	G	0.00674276926717	16753	35	114	5	16907	99661
UNKNOWN	202	G	0.974803335896	C	0.0182173064411	65	308	16481	53	16907	99661
UNKNOWN	203	C	0.952386585438	T	0.0356657005974	103	16102	99	603	16907	99661
UNKNOWN	204	A	0.987874844739	G	0.00780741704619	16702	18	132	55	16907	99661
UNKNOWN	205	T	0.995149937896	C	0.00402200272077	8	68	6	16825	16907	99661
UNKNOWN	206	C	0.990536464186	T	0.00609215117998	52	16747	5	103	16907	99661
UNKNOWN	207	A	0.989944993198	G	0.00597385698232	16737	55	101	14	16907	99661
UNKNOWN	208	C	0.989471816407	G	0.00621044537765	17	16729	105	56	16907	99661
UNKNOWN	209	C	0.971964275152	T	0.0144910392145	87	16433	142	245	16907	99661
UNKNOWN	210	A	0.997574968948	G	0.0013603832732	16866	14	23	4	16907	99661
UNKNOWN	211	A	0.991601111965	G	0.00709765186018	16765	18	120	4	16907	99661
UNKNOWN	212	G	0.985627254983	A	0.0131898030402	223	17	16664	3	16907	99661
UNKNOWN	213	G	0.993020642337	A	0.00502750340096	85	25	16789	8	16907	99661
UNKNOWN	214	A	0.993198083634	C	0.00372626722659	16792	63	33	19	16907	99661
UNKNOWN	215	C	0.984917489797	T	0.00786656414503	64	16652	58	133	16907	99661
UNKNOWN	216	A	0.992547465547	G	0.00485006210445	16781	26	82	18	16907	99661
UNKNOWN	217	A	0.987756550541	G	0.00644703377299	16700	79	109	19	16907	99661
UNKNOWN	218	C	0.969598391199	T	0.0230673685456	11	16393	113	390	16907	99661
UNKNOWN	219	T	0.99290234814	C	0.00479091500562	21	81	18	16787	16907	99661
UNKNOWN	220	C	0.996687762465	T	0.00212929555805	18	16851	2	36	16907	99661
UNKNOWN	221	C	0.990654758384	A	0.00425859111611	72	16749	14	72	16907	99661
UNKNOWN	222	A	0.99035902289	C	0.00502750340096	16744	85	74	4	16907	99661
UNKNOWN	223	A	0.987993138937	G	0.0102915951973	16704	19	174	10	16907	99661
UNKNOWN	224	G	0.990891346779	A	0.00585556278465	99	43	16753	12	16907	99661
UNKNOWN	225	A	0.992251730053	G	0.00585556278465	16776	22	99	10	16907	99661
UNKNOWN	226	G	0.964925770391	A	0.0288637842314	488	96	16314	9	16907	99661
UNKNOWN	227	C	0.974744188798	T	0.020760631691	29	16480	47	351	16907	99661
UNKNOWN	228	C	0.993138936535	A	0.00366712012776	62	16791	45	9	16907	99661
UNKNOWN	229	A	0.996155438576	G	0.0025433252499	16842	6	43	16	16907	99661
UNKNOWN	230	A	0.980658898681	G	0.0172118057609	16580	23	291	13	16907	99661
UNKNOWN	231	G	0.973324658426	A	0.0151416573017	256	93	16456	102	16907	99661
UNKNOWN	232	T	0.993671260425	C	0.00550068019164	5	93	9	16800	16907	99661
UNKNOWN	233	C	0.972674040338	T	0.0138404211273	12	16445	216	234	16907	99661
UNKNOWN	234	T	0.992192582954	C	0.00490920920329	17	83	32	16775	16907	99661
UNKNOWN	235	C	0.992074288756	T	0.006801916366	16	16773	3	115	16907	99661
UNKNOWN	236	T	0.985627254983	C	0.00833974093571	16	141	86	16664	16907	99661
UNKNOWN	237	C	0.993493819128	T	0.00455432661028	11	16797	22	77	16907	99661
UNKNOWN	238	T	0.994854202401	G	0.00337138463358	9	21	57	16820	16907	99661
UNKNOWN	239	G	0.964216005205	A	0.0244277518188	413	84	16302	108	16907	99661
UNKNOWN	240	T	0.987224226652	A	0.00490920920329	83	77	56	16691	16907	99661
UNKNOWN	241	C	0.98882119832	T	0.00751168155202	56	16718	6	127	16907	99661
UNKNOWN	242	A	0.981250369669	G	0.0111196545809	16590	86	188	43	16907	99661
UNKNOWN	243	G	0.936890045543	A	0.032235168865	545	383	15840	139	16907	99661
UNKNOWN	244	T	0.994085290117	G	0.00337138463358	12	31	57	16807	16907	99661
UNKNOWN	245	G	0.97663689596	A	0.0170343644644	288	54	16512	53	16907	99661
UNKNOWN	246	A	0.982374164547	G	0.011829419767	16609	86	200	12	16907	99661
UNKNOWN	247	G	0.929319216892	A	0.0426450582599	721	369	15712	105	16907	99661
UNKNOWN	248	C	0.965931271071	T	0.0249009286095	80	16331	75	421	16907	99661
UNKNOWN	249	A	0.986455314367	G	0.0117111255693	16678	27	198	4	16907	99661
UNKNOWN	250	G	0.972496599042	A	0.0194002484178	328	132	16442	5	16907	99661
UNKNOWN	251	C	0.99035902289	T	0.00502750340096	14	16744	64	85	16907	99661
UNKNOWN	252	G	0.984444313006	A	0.0101733009996	172	29	16644	62	16907	99661
UNKNOWN	253	T	0.991778553262	C	0.0040811498196	14	69	56	16768	16907	99661
UNKNOWN	254	G	0.974271012007	A	0.018986218726	321	41	16472	73	16907	99661
UNKNOWN	255	A	0.989708404803	G	0.00502750340096	16733	59	85	30	16907	99661
UNKNOWN	256	C	0.989116933814	T	0.00508665049979	63	16723	35	86	16907	99661
UNKNOWN	257	A	0.979594250902	G	0.0109422132844	16562	117	185	43	16907	99661
UNKNOWN	258	C	0.946590169752	A	0.0438280002366	741	16004	72	90	16907	99661
UNKNOWN	259	C	0.987283373751	T	0.00893121192406	20	16692	44	151	16907	99661
UNKNOWN	260	T	0.969006920211	C	0.018986218726	47	321	156	16383	16907	99661
UNKNOWN	261	G	0.992547465547	A	0.00609215117998	103	8	16781	15	16907	99661
UNKNOWN	262	A	0.988584609925	G	0.00804400544153	16714	43	136	14	16907	99661
UNKNOWN	263	G	0.960844620571	A	0.0254923995978	431	171	16245	60	16907	99661
UNKNOWN	264	G	0.992074288756	A	0.00573726858698	97	15	16773	22	16907	99661
UNKNOWN	265	A	0.990181581593	C	0.00567812148814	16741	96	58	12	16907	99661
UNKNOWN	266	C	0.981486958065	T	0.0101733009996	114	16594	27	172	16907	99661
UNKNOWN	267	A	0.981250369669	T	0.00810315254037	16590	67	113	137	16907	99661
UNKNOWN	268	C	0.992961495239	G	0.00479091500562	25	16788	81	13	16907	99661
UNKNOWN	269	G	0.923995977997	A	0.0721594605785	1220	37	15622	28	16907	99661
UNKNOWN	270	G	0.990773052582	C	0.00437688531378	49	74	16751	33	16907	99661
UNKNOWN	271	C	0.993198083634	A	0.00402200272077	68	16792	32	15	16907	99661
UNKNOWN	272	C	0.989590110605	A	0.00567812148814	96	16731	39	41	16907	99661
UNKNOWN	273	A	0.991482817768	C	0.00402200272077	16763	68	55	21	16907	99661
UNKNOWN	274	C	0.988288874431	A	0.00532323889513	90	16709	43	65	16907	99661
UNKNOWN	275	A	0.976932631454	G	0.0102915951973	16517	123	174	93	16907	99661
UNKNOWN	276	T	0.990773052582	A	0.00414029691844	70	32	54	16751	16907	99661
UNKNOWN	277	A	0.992192582954	C	0.00514579759863	16775	87	21	24	16907	99661
UNKNOWN	278	C	0.959661678595	T	0.0375584077601	33	16225	14	635	16907	99661
UNKNOWN	279	T	0.987874844739	A	0.00514579759863	87	62	56	16702	16907	99661
UNKNOWN	280	A	0.978233867629	T	0.0107647719879	16539	127	59	182	16907	99661
UNKNOWN	281	C	0.968947773112	T	0.0283906074407	22	16382	23	480	16907	99661
UNKNOWN	282	T	0.988998639617	G	0.0081622996392	34	14	138	16721	16907	99661
