Type	Position	Nucl1	Freq1	Nucl2	Freq2	NumAs	NumCs	NumGs	NumTs	NumAligned	NumNaive
UNKNOWN	0	C	1.0	A	0.0	0	2808	0	0	2808	148183
UNKNOWN	1	A	1.0	C	0.0	2808	0	0	0	2808	148183
UNKNOWN	2	G	1.0	A	0.0	0	0	2808	0	2808	148183
UNKNOWN	3	G	1.0	A	0.0	0	0	2808	0	2808	148183
UNKNOWN	4	T	1.0	A	0.0	0	0	0	2808	2808	148183
UNKNOWN	5	G	1.0	A	0.0	0	0	2808	0	2808	148183
UNKNOWN	6	C	1.0	A	0.0	0	2808	0	0	2808	148183
UNKNOWN	7	A	0.998931623932	G	0.000712250712251	2805	0	2	1	2808	148183
UNKNOWN	8	G	0.996082621083	A	0.00391737891738	11	0	2797	0	2808	148183
UNKNOWN	9	C	0.998219373219	G	0.00106837606838	1	2803	3	1	2808	148183
UNKNOWN	10	T	0.999643874644	C	0.000356125356125	0	1	0	2807	2808	148183
UNKNOWN	11	G	0.999643874644	T	0.000356125356125	0	0	2807	1	2808	148183
UNKNOWN	12	C	1.0	A	0.0	0	2808	0	0	2808	148183
UNKNOWN	13	G	0.993945868946	A	0.00569800569801	16	1	2791	0	2808	148183
UNKNOWN	14	G	0.966168091168	C	0.0338319088319	0	95	2713	0	2808	148183
UNKNOWN	15	G	0.998931623932	A	0.000712250712251	2	1	2805	0	2808	148183
UNKNOWN	16	A	0.997507122507	G	0.00249287749288	2801	0	7	0	2808	148183
UNKNOWN	17	G	0.999643874644	A	0.000356125356125	1	0	2807	0	2808	148183
UNKNOWN	18	T	0.997507122507	C	0.0014245014245	3	4	0	2801	2808	148183
UNKNOWN	19	C	0.999643874644	G	0.000356125356125	0	2807	1	0	2808	148183
UNKNOWN	20	G	0.932692307692	A	0.0662393162393	186	3	2619	0	2808	148183
UNKNOWN	21	G	1.0	A	0.0	0	0	2808	0	2808	148183
UNKNOWN	22	G	0.999643874644	C	0.000356125356125	0	1	2807	0	2808	148183
UNKNOWN	23	C	0.999287749288	A	0.000356125356125	1	2806	1	0	2808	148183
UNKNOWN	24	C	0.997507122507	A	0.00178062678063	5	2801	0	2	2808	148183
UNKNOWN	25	C	0.998219373219	A	0.00106837606838	3	2803	1	1	2808	148183
UNKNOWN	26	C	0.997863247863	A	0.00178062678063	5	2802	0	1	2808	148183
UNKNOWN	27	A	0.997150997151	G	0.00213675213675	2800	1	6	1	2808	148183
UNKNOWN	28	G	0.980769230769	A	0.0106837606838	30	24	2754	0	2808	148183
UNKNOWN	29	C	0.998575498575	T	0.0014245014245	0	2804	0	4	2808	148183
UNKNOWN	30	C	0.997863247863	T	0.00106837606838	1	2802	2	3	2808	148183
UNKNOWN	31	T	0.997507122507	C	0.0014245014245	0	4	3	2801	2808	148183
UNKNOWN	32	G	0.998931623932	A	0.00106837606838	3	0	2805	0	2808	148183
UNKNOWN	33	G	0.996794871795	A	0.00178062678063	5	1	2799	3	2808	148183
UNKNOWN	34	T	0.997507122507	C	0.0014245014245	0	4	3	2801	2808	148183
UNKNOWN	35	G	0.997150997151	A	0.002849002849	8	0	2800	0	2808	148183
UNKNOWN	36	A	0.997507122507	C	0.0014245014245	2801	4	3	0	2808	148183
UNKNOWN	37	A	0.996794871795	G	0.00249287749288	2799	1	7	1	2808	148183
UNKNOWN	38	G	0.997863247863	A	0.00106837606838	3	3	2802	0	2808	148183
UNKNOWN	39	C	0.998575498575	G	0.000712250712251	1	2804	2	1	2808	148183
UNKNOWN	40	C	0.999287749288	A	0.000712250712251	2	2806	0	0	2808	148183
UNKNOWN	41	C	0.997507122507	T	0.00178062678063	0	2801	2	5	2808	148183
UNKNOWN	42	T	0.99537037037	C	0.00462962962963	0	13	0	2795	2808	148183
UNKNOWN	43	C	0.996794871795	A	0.002849002849	8	2799	0	1	2808	148183
UNKNOWN	44	A	0.996794871795	C	0.00178062678063	2799	5	2	2	2808	148183
UNKNOWN	45	C	0.992165242165	G	0.00498575498575	7	2786	14	1	2808	148183
UNKNOWN	46	A	0.996438746439	G	0.00320512820513	2798	0	9	1	2808	148183
UNKNOWN	47	G	0.997150997151	A	0.00249287749288	7	1	2800	0	2808	148183
UNKNOWN	48	A	0.996794871795	C	0.00178062678063	2799	5	4	0	2808	148183
UNKNOWN	49	C	0.999287749288	A	0.000356125356125	1	2806	0	1	2808	148183
UNKNOWN	50	C	0.997507122507	T	0.00178062678063	2	2801	0	5	2808	148183
UNKNOWN	51	C	0.996794871795	T	0.00213675213675	3	2799	0	6	2808	148183
UNKNOWN	52	T	0.997150997151	C	0.002849002849	0	8	0	2800	2808	148183
UNKNOWN	53	C	0.997507122507	T	0.00178062678063	0	2801	2	5	2808	148183
UNKNOWN	54	T	0.994658119658	C	0.00356125356125	2	10	3	2793	2808	148183
UNKNOWN	55	C	0.996794871795	A	0.00106837606838	3	2799	3	3	2808	148183
UNKNOWN	56	C	0.998219373219	T	0.0014245014245	1	2803	0	4	2808	148183
UNKNOWN	57	C	0.996082621083	T	0.00213675213675	1	2797	4	6	2808	148183
UNKNOWN	58	T	0.994658119658	C	0.00498575498575	1	14	0	2793	2808	148183
UNKNOWN	59	C	0.997863247863	A	0.00213675213675	6	2802	0	0	2808	148183
UNKNOWN	60	A	0.996438746439	C	0.00213675213675	2798	6	4	0	2808	148183
UNKNOWN	61	C	0.999643874644	T	0.000356125356125	0	2807	0	1	2808	148183
UNKNOWN	62	C	0.996082621083	T	0.00391737891738	0	2797	0	11	2808	148183
UNKNOWN	63	T	0.996082621083	G	0.00213675213675	0	5	6	2797	2808	148183
UNKNOWN	64	G	0.996794871795	C	0.00178062678063	3	5	2799	1	2808	148183
UNKNOWN	65	C	0.996438746439	A	0.00249287749288	7	2798	0	3	2808	148183
UNKNOWN	66	A	0.992521367521	G	0.00534188034188	2787	6	15	0	2808	148183
UNKNOWN	67	C	0.995726495726	T	0.00249287749288	0	2796	5	7	2808	148183
UNKNOWN	68	G	0.996794871795	A	0.002849002849	8	0	2799	1	2808	148183
UNKNOWN	69	G	0.791310541311	A	0.206196581197	579	1	2222	6	2808	148183
UNKNOWN	70	T	0.793447293447	C	0.205128205128	1	576	3	2228	2808	148183
UNKNOWN	71	C	0.986823361823	G	0.00997150997151	0	2771	28	9	2808	148183
UNKNOWN	72	T	0.99537037037	C	0.00391737891738	2	11	0	2795	2808	148183
UNKNOWN	73	C	0.996794871795	T	0.00178062678063	3	2799	1	5	2808	148183
UNKNOWN	74	T	0.995726495726	A	0.00178062678063	5	2	5	2796	2808	148183
UNKNOWN	75	G	0.998931623932	A	0.000356125356125	1	1	2805	1	2808	148183
UNKNOWN	76	G	0.993945868946	A	0.00498575498575	14	3	2791	0	2808	148183
UNKNOWN	77	A	0.994301994302	T	0.00391737891738	2792	3	2	11	2808	148183
UNKNOWN	78	T	0.985042735043	A	0.00819088319088	23	3	16	2766	2808	148183
UNKNOWN	79	T	0.99537037037	C	0.00320512820513	4	9	0	2795	2808	148183
UNKNOWN	80	C	0.991096866097	T	0.00747863247863	2	2783	2	21	2808	148183
UNKNOWN	81	T	0.99537037037	C	0.00356125356125	1	10	2	2795	2808	148183
UNKNOWN	82	C	0.997150997151	A	0.00213675213675	6	2800	1	1	2808	148183
UNKNOWN	83	A	0.995726495726	T	0.00213675213675	2796	2	4	6	2808	148183
UNKNOWN	84	T	0.77386039886	C	0.224715099715	2	631	2	2173	2808	148183
UNKNOWN	85	T	0.991452991453	A	0.00498575498575	14	4	6	2784	2808	148183
UNKNOWN	86	G	0.972222222222	A	0.0238603988604	67	0	2730	11	2808	148183
UNKNOWN	87	A	0.992877492877	G	0.00641025641026	2788	0	18	2	2808	148183
UNKNOWN	88	G	0.973646723647	A	0.0178062678063	50	17	2734	7	2808	148183
UNKNOWN	89	C	0.975427350427	T	0.0181623931624	13	2739	5	51	2808	148183
UNKNOWN	90	A	0.978632478632	G	0.0163817663818	2748	13	46	1	2808	148183
UNKNOWN	91	G	0.928418803419	A	0.0487891737892	137	49	2607	15	2808	148183
UNKNOWN	92	C	0.9650997151	T	0.0146011396011	32	2710	25	41	2808	148183
UNKNOWN	93	T	0.529558404558	A	0.428774928775	1204	29	88	1487	2808	148183
UNKNOWN	94	A	0.951210826211	G	0.0220797720798	2671	54	62	21	2808	148183
UNKNOWN	95	T	0.985042735043	G	0.00854700854701	13	5	24	2766	2808	148183
UNKNOWN	96	G	0.953347578348	A	0.0320512820513	90	19	2677	22	2808	148183
UNKNOWN	97	G	0.476851851852	C	0.434829059829	182	1221	1339	66	2808	148183
UNKNOWN	98	T	0.993233618234	G	0.002849002849	4	7	8	2789	2808	148183
UNKNOWN	99	G	0.98254985755	T	0.0117521367521	15	1	2759	33	2808	148183
UNKNOWN	100	T	0.995726495726	A	0.00249287749288	7	5	0	2796	2808	148183
UNKNOWN	101	A	0.983618233618	G	0.00819088319088	2762	19	23	4	2808	148183
UNKNOWN	102	G	0.840455840456	A	0.15349002849	431	14	2360	3	2808	148183
UNKNOWN	103	G	0.796296296296	T	0.117165242165	175	68	2236	329	2808	148183
UNKNOWN	104	C	0.990384615385	T	0.00391737891738	7	2781	9	11	2808	148183
UNKNOWN	105	T	0.996794871795	G	0.00213675213675	0	3	6	2799	2808	148183
UNKNOWN	106	G	0.998219373219	T	0.0014245014245	0	1	2803	4	2808	148183
UNKNOWN	107	G	0.998931623932	A	0.000712250712251	2	1	2805	0	2808	148183
UNKNOWN	108	G	0.97613960114	A	0.0210113960114	59	3	2741	5	2808	148183
UNKNOWN	109	T	0.996438746439	C	0.00356125356125	0	10	0	2798	2808	148183
UNKNOWN	110	C	0.994658119658	A	0.00391737891738	11	2793	1	3	2808	148183
UNKNOWN	111	C	0.997863247863	G	0.00178062678063	0	2802	5	1	2808	148183
UNKNOWN	112	G	0.998219373219	C	0.00178062678063	0	5	2803	0	2808	148183
UNKNOWN	113	C	0.998575498575	A	0.000712250712251	2	2804	0	2	2808	148183
UNKNOWN	114	C	0.997863247863	A	0.00178062678063	5	2802	0	1	2808	148183
UNKNOWN	115	A	0.995726495726	G	0.00391737891738	2796	1	11	0	2808	148183
UNKNOWN	116	G	0.999287749288	C	0.000356125356125	0	1	2806	1	2808	148183
UNKNOWN	117	G	0.994301994302	A	0.00391737891738	11	5	2792	0	2808	148183
UNKNOWN	118	C	0.99537037037	T	0.00356125356125	0	2795	3	10	2808	148183
UNKNOWN	119	T	0.996438746439	C	0.002849002849	1	8	1	2798	2808	148183
UNKNOWN	120	C	0.997507122507	A	0.00106837606838	3	2801	3	1	2808	148183
UNKNOWN	121	C	0.996794871795	A	0.002849002849	8	2799	0	1	2808	148183
UNKNOWN	122	A	0.683048433048	G	0.315170940171	1918	3	885	2	2808	148183
UNKNOWN	123	G	0.997863247863	A	0.00213675213675	6	0	2802	0	2808	148183
UNKNOWN	124	G	0.998931623932	A	0.00106837606838	3	0	2805	0	2808	148183
UNKNOWN	125	G	0.866809116809	A	0.133190883191	374	0	2434	0	2808	148183
UNKNOWN	126	A	0.996794871795	G	0.00249287749288	2799	2	7	0	2808	148183
UNKNOWN	127	A	0.994301994302	G	0.00498575498575	2792	1	14	1	2808	148183
UNKNOWN	128	G	0.998931623932	T	0.000712250712251	1	0	2805	2	2808	148183
UNKNOWN	129	G	0.995014245014	C	0.002849002849	4	8	2794	2	2808	148183
UNKNOWN	130	C	0.996438746439	G	0.002849002849	1	2798	8	1	2808	148183
UNKNOWN	131	G	0.946225071225	A	0.0512820512821	144	5	2657	2	2808	148183
UNKNOWN	132	C	0.946937321937	A	0.0473646723647	133	2659	1	15	2808	148183
UNKNOWN	133	T	0.994658119658	C	0.002849002849	0	8	7	2793	2808	148183
UNKNOWN	134	G	0.987535612536	A	0.00961538461538	27	4	2773	4	2808	148183
UNKNOWN	135	G	0.996794871795	A	0.00213675213675	6	1	2799	2	2808	148183
UNKNOWN	136	A	0.993945868946	G	0.00569800569801	2791	0	16	1	2808	148183
UNKNOWN	137	G	0.988247863248	A	0.00854700854701	24	1	2775	8	2808	148183
UNKNOWN	138	T	0.994658119658	G	0.00356125356125	0	5	10	2793	2808	148183
UNKNOWN	139	G	0.996794871795	T	0.00213675213675	2	1	2799	6	2808	148183
UNKNOWN	140	G	0.975071225071	T	0.0210113960114	0	11	2738	59	2808	148183
UNKNOWN	141	G	0.924145299145	C	0.0391737891738	94	110	2595	9	2808	148183
UNKNOWN	142	T	0.999287749288	C	0.000712250712251	0	2	0	2806	2808	148183
UNKNOWN	143	T	0.977207977208	G	0.0117521367521	6	25	33	2744	2808	148183
UNKNOWN	144	G	0.981125356125	A	0.0138888888889	39	0	2755	14	2808	148183
UNKNOWN	145	G	0.982905982906	C	0.0106837606838	8	30	2760	10	2808	148183
UNKNOWN	146	T	0.988603988604	C	0.00462962962963	10	13	9	2776	2808	148183
UNKNOWN	147	G	0.771367521368	A	0.211894586895	595	9	2166	38	2808	148183
UNKNOWN	148	G	0.823005698006	A	0.105769230769	297	158	2311	42	2808	148183
UNKNOWN	149	T	0.974002849003	G	0.0103276353276	24	20	29	2735	2808	148183
UNKNOWN	150	A	0.967236467236	G	0.0288461538462	2716	2	81	9	2808	148183
UNKNOWN	151	T	0.989316239316	C	0.0042735042735	9	12	9	2778	2808	148183
UNKNOWN	152	A	0.968304843305	G	0.0121082621083	2719	22	34	33	2808	148183
UNKNOWN	153	G	0.91915954416	A	0.0598290598291	168	46	2581	13	2808	148183
UNKNOWN	154	A	0.92094017094	G	0.0601851851852	2586	17	169	36	2808	148183
UNKNOWN	155	T	0.888176638177	G	0.0555555555556	52	106	156	2494	2808	148183
UNKNOWN	156	A	0.79594017094	G	0.109686609687	2235	68	308	197	2808	148183
UNKNOWN	157	A	0.81801994302	G	0.123219373219	2297	90	346	75	2808	148183
UNKNOWN	158	T	0.952991452991	G	0.019943019943	37	39	56	2676	2808	148183
UNKNOWN	159	G	0.911324786325	A	0.0537749287749	151	23	2559	75	2808	148183
UNKNOWN	160	A	0.945156695157	G	0.034188034188	2654	37	96	21	2808	148183
UNKNOWN	161	T	0.980413105413	G	0.00890313390313	14	16	25	2753	2808	148183
UNKNOWN	162	G	0.990384615385	A	0.00890313390313	25	1	2781	1	2808	148183
UNKNOWN	163	G	0.985398860399	A	0.0106837606838	30	9	2767	2	2808	148183
UNKNOWN	164	A	0.989316239316	G	0.00961538461538	2778	0	27	3	2808	148183
UNKNOWN	165	G	0.789173789174	T	0.103632478632	281	20	2216	291	2808	148183
UNKNOWN	166	A	0.934829059829	G	0.0359686609687	2625	42	101	40	2808	148183
UNKNOWN	167	C	0.928774928775	T	0.0356125356125	53	2608	47	100	2808	148183
UNKNOWN	168	A	0.985754985755	C	0.00641025641026	2768	18	15	7	2808	148183
UNKNOWN	169	C	0.967592592593	T	0.0213675213675	17	2717	14	60	2808	148183
UNKNOWN	170	A	0.97150997151	T	0.011396011396	2728	23	25	32	2808	148183
UNKNOWN	171	T	0.835826210826	A	0.0982905982906	276	40	145	2347	2808	148183
UNKNOWN	172	A	0.649928774929	G	0.303062678063	1825	63	851	69	2808	148183
UNKNOWN	173	C	0.892806267806	G	0.0587606837607	26	2507	165	110	2808	148183
UNKNOWN	174	T	0.992877492877	A	0.00391737891738	11	6	3	2788	2808	148183
UNKNOWN	175	A	0.993233618234	T	0.00534188034188	2789	2	2	15	2808	148183
UNKNOWN	176	T	0.983974358974	C	0.0106837606838	14	30	1	2763	2808	148183
UNKNOWN	177	A	0.99537037037	C	0.00320512820513	2795	9	4	0	2808	148183
UNKNOWN	178	A	0.979344729345	C	0.0124643874644	2750	35	20	3	2808	148183
UNKNOWN	179	C	0.938746438746	T	0.0423789173789	3	2636	50	119	2808	148183
UNKNOWN	180	C	0.971153846154	T	0.0195868945869	12	2727	14	55	2808	148183
UNKNOWN	181	C	0.986467236467	A	0.00605413105413	17	2770	12	9	2808	148183
UNKNOWN	182	A	0.986823361823	G	0.0110398860399	2771	6	31	0	2808	148183
UNKNOWN	183	G	0.978276353276	A	0.0117521367521	33	18	2747	10	2808	148183
UNKNOWN	184	C	0.946581196581	T	0.045584045584	7	2658	15	128	2808	148183
UNKNOWN	185	C	0.997150997151	T	0.00213675213675	2	2800	0	6	2808	148183
UNKNOWN	186	C	0.991096866097	T	0.00712250712251	2	2783	3	20	2808	148183
UNKNOWN	187	T	0.992521367521	G	0.00498575498575	3	4	14	2787	2808	148183
UNKNOWN	188	G	0.977207977208	A	0.0192307692308	54	1	2744	9	2808	148183
UNKNOWN	189	A	0.993233618234	G	0.00534188034188	2789	4	15	0	2808	148183
UNKNOWN	190	A	0.994658119658	G	0.00213675213675	2793	4	6	5	2808	148183
UNKNOWN	191	A	0.987535612536	C	0.00534188034188	2773	15	7	13	2808	148183
UNKNOWN	192	T	0.990384615385	C	0.00854700854701	1	24	2	2781	2808	148183
UNKNOWN	193	C	0.996438746439	T	0.002849002849	2	2798	0	8	2808	148183
UNKNOWN	194	C	0.993945868946	T	0.00356125356125	2	2791	5	10	2808	148183
UNKNOWN	195	C	0.992877492877	G	0.00569800569801	3	2788	16	1	2808	148183
UNKNOWN	196	G	0.996082621083	C	0.00178062678063	3	5	2797	3	2808	148183
UNKNOWN	197	G	0.921652421652	A	0.0576923076923	162	34	2588	24	2808	148183
UNKNOWN	198	C	0.991452991453	T	0.00641025641026	2	2784	4	18	2808	148183
UNKNOWN	199	T	0.991452991453	C	0.00747863247863	3	21	0	2784	2808	148183
UNKNOWN	200	C	0.990384615385	A	0.00605413105413	17	2781	4	6	2808	148183
UNKNOWN	201	A	0.990028490028	G	0.00641025641026	2780	8	18	2	2808	148183
UNKNOWN	202	G	0.984686609687	C	0.011396011396	9	32	2765	2	2808	148183
UNKNOWN	203	C	0.965811965812	T	0.019943019943	34	2712	6	56	2808	148183
UNKNOWN	204	A	0.986823361823	G	0.00605413105413	2771	6	17	14	2808	148183
UNKNOWN	205	T	0.990028490028	C	0.00712250712251	3	20	5	2780	2808	148183
UNKNOWN	206	C	0.990028490028	A	0.00605413105413	17	2780	0	11	2808	148183
UNKNOWN	207	A	0.98896011396	C	0.00569800569801	2777	16	11	4	2808	148183
UNKNOWN	208	C	0.985042735043	G	0.00997150997151	5	2766	28	9	2808	148183
UNKNOWN	209	C	0.972934472934	G	0.0131766381766	21	2732	37	18	2808	148183
UNKNOWN	210	A	0.993945868946	G	0.00356125356125	2791	7	10	0	2808	148183
UNKNOWN	211	A	0.981125356125	G	0.0146011396011	2755	8	41	4	2808	148183
UNKNOWN	212	G	0.991452991453	A	0.00569800569801	16	5	2784	3	2808	148183
UNKNOWN	213	G	0.991452991453	A	0.00712250712251	20	4	2784	0	2808	148183
UNKNOWN	214	A	0.988603988604	C	0.00569800569801	2776	16	8	8	2808	148183
UNKNOWN	215	C	0.983262108262	A	0.00605413105413	17	2761	15	15	2808	148183
UNKNOWN	216	A	0.982905982906	G	0.0135327635328	2760	8	38	2	2808	148183
UNKNOWN	217	A	0.981125356125	G	0.00854700854701	2755	21	24	8	2808	148183
UNKNOWN	218	C	0.987179487179	T	0.00997150997151	1	2772	7	28	2808	148183
UNKNOWN	219	T	0.987535612536	C	0.00854700854701	6	24	5	2773	2808	148183
UNKNOWN	220	C	0.997150997151	A	0.00178062678063	5	2800	0	3	2808	148183
UNKNOWN	221	C	0.990028490028	A	0.00712250712251	20	2780	1	7	2808	148183
UNKNOWN	222	A	0.994301994302	C	0.00320512820513	2792	9	7	0	2808	148183
UNKNOWN	223	A	0.987891737892	G	0.0103276353276	2774	2	29	3	2808	148183
UNKNOWN	224	G	0.990740740741	A	0.00676638176638	19	3	2782	4	2808	148183
UNKNOWN	225	A	0.989672364672	G	0.00854700854701	2779	3	24	2	2808	148183
UNKNOWN	226	G	0.962962962963	A	0.0277777777778	78	23	2704	3	2808	148183
UNKNOWN	227	C	0.97792022792	T	0.0185185185185	6	2746	4	52	2808	148183
UNKNOWN	228	C	0.98896011396	A	0.00712250712251	20	2777	8	3	2808	148183
UNKNOWN	229	A	0.990740740741	T	0.00534188034188	2782	3	8	15	2808	148183
UNKNOWN	230	A	0.975783475783	G	0.014245014245	2740	9	40	19	2808	148183
UNKNOWN	231	G	0.962962962963	A	0.017094017094	48	16	2704	40	2808	148183
UNKNOWN	232	T	0.989672364672	C	0.00997150997151	1	28	0	2779	2808	148183
UNKNOWN	233	C	0.986467236467	T	0.00854700854701	2	2770	12	24	2808	148183
UNKNOWN	234	T	0.991452991453	C	0.00605413105413	2	17	5	2784	2808	148183
UNKNOWN	235	C	0.988603988604	T	0.00925925925926	5	2776	1	26	2808	148183
UNKNOWN	236	T	0.980769230769	C	0.0110398860399	5	31	18	2754	2808	148183
UNKNOWN	237	C	0.991452991453	T	0.00641025641026	2	2784	4	18	2808	148183
UNKNOWN	238	T	0.993233618234	G	0.00534188034188	0	4	15	2789	2808	148183
UNKNOWN	239	G	0.94301994302	A	0.0441595441595	124	16	2648	20	2808	148183
UNKNOWN	240	T	0.989672364672	C	0.00676638176638	6	19	4	2779	2808	148183
UNKNOWN	241	C	0.987891737892	A	0.00605413105413	17	2774	3	14	2808	148183
UNKNOWN	242	A	0.984686609687	G	0.00854700854701	2765	8	24	11	2808	148183
UNKNOWN	243	G	0.883903133903	C	0.0918803418803	46	258	2482	22	2808	148183
UNKNOWN	244	T	0.991096866097	G	0.00498575498575	3	8	14	2783	2808	148183
UNKNOWN	245	G	0.973646723647	A	0.0217236467236	61	8	2734	5	2808	148183
UNKNOWN	246	A	0.98254985755	G	0.0131766381766	2759	11	37	1	2808	148183
UNKNOWN	247	G	0.948361823362	A	0.0263532763533	74	63	2663	8	2808	148183
UNKNOWN	248	C	0.980769230769	T	0.0106837606838	18	2754	6	30	2808	148183
UNKNOWN	249	A	0.985042735043	G	0.0124643874644	2766	4	35	3	2808	148183
UNKNOWN	250	G	0.987535612536	C	0.00925925925926	8	26	2773	1	2808	148183
UNKNOWN	251	C	0.990384615385	G	0.00569800569801	1	2781	16	10	2808	148183
UNKNOWN	252	G	0.986111111111	A	0.00676638176638	19	4	2769	16	2808	148183
UNKNOWN	253	T	0.977207977208	C	0.0160256410256	3	45	16	2744	2808	148183
UNKNOWN	254	G	0.973646723647	A	0.0181623931624	51	17	2734	6	2808	148183
UNKNOWN	255	A	0.978276353276	G	0.0135327635328	2747	17	38	6	2808	148183
UNKNOWN	256	C	0.985042735043	A	0.00712250712251	20	2766	5	17	2808	148183
UNKNOWN	257	A	0.978276353276	G	0.011396011396	2747	24	32	5	2808	148183
UNKNOWN	258	C	0.602564102564	A	0.375	1053	1692	50	13	2808	148183
UNKNOWN	259	C	0.975071225071	T	0.014245014245	11	2738	19	40	2808	148183
UNKNOWN	260	T	0.978988603989	G	0.00997150997151	14	17	28	2749	2808	148183
UNKNOWN	261	G	0.988603988604	A	0.00854700854701	24	1	2776	7	2808	148183
UNKNOWN	262	A	0.987179487179	G	0.0106837606838	2772	6	30	0	2808	148183
UNKNOWN	263	G	0.949786324786	A	0.0295584045584	83	42	2667	16	2808	148183
UNKNOWN	264	G	0.988247863248	A	0.00747863247863	21	7	2775	5	2808	148183
UNKNOWN	265	A	0.988247863248	C	0.00854700854701	2775	24	7	2	2808	148183
UNKNOWN	266	C	0.983974358974	A	0.00854700854701	24	2763	8	13	2808	148183
UNKNOWN	267	A	0.97613960114	G	0.0106837606838	2741	18	30	19	2808	148183
UNKNOWN	268	C	0.989672364672	G	0.00712250712251	3	2779	20	6	2808	148183
UNKNOWN	269	G	0.992521367521	T	0.00356125356125	5	6	2787	10	2808	148183
UNKNOWN	270	G	0.987535612536	C	0.00676638176638	9	19	2773	7	2808	148183
UNKNOWN	271	C	0.989316239316	A	0.00641025641026	18	2778	10	2	2808	148183
UNKNOWN	272	C	0.991452991453	A	0.00676638176638	19	2784	2	3	2808	148183
UNKNOWN	273	A	0.992521367521	C	0.00569800569801	2787	16	3	2	2808	148183
UNKNOWN	274	C	0.982193732194	A	0.00819088319088	23	2758	8	19	2808	148183
UNKNOWN	275	A	0.974002849003	G	0.0110398860399	2735	12	31	30	2808	148183
UNKNOWN	276	T	0.990028490028	A	0.00569800569801	16	6	6	2780	2808	148183
UNKNOWN	277	A	0.988247863248	C	0.00605413105413	2775	17	5	11	2808	148183
UNKNOWN	278	C	0.946937321937	T	0.0502136752137	6	2659	2	141	2808	148183
UNKNOWN	279	T	0.983974358974	A	0.00783475783476	22	7	16	2763	2808	148183
UNKNOWN	280	A	0.972222222222	C	0.0156695156695	2730	44	5	29	2808	148183
UNKNOWN	281	C	0.97150997151	T	0.0252849002849	3	2728	6	71	2808	148183
UNKNOWN	282	T	0.989316239316	G	0.00925925925926	2	2	26	2778	2808	148183
