Type	Position	Nucl1	Freq1	Nucl2	Freq2	NumAs	NumCs	NumGs	NumTs	NumAligned	NumNaive
UNKNOWN	0	C	1.0	A	0.0	0	29709	0	0	29709	76801
UNKNOWN	1	A	1.0	C	0.0	29709	0	0	0	29709	76801
UNKNOWN	2	G	1.0	A	0.0	0	0	29709	0	29709	76801
UNKNOWN	3	G	1.0	A	0.0	0	0	29709	0	29709	76801
UNKNOWN	4	T	1.0	A	0.0	0	0	0	29709	29709	76801
UNKNOWN	5	G	1.0	A	0.0	0	0	29709	0	29709	76801
UNKNOWN	6	C	1.0	A	0.0	0	29709	0	0	29709	76801
UNKNOWN	7	A	0.997576491972	G	0.00178397118718	29637	15	53	4	29709	76801
UNKNOWN	8	G	0.991820660406	A	0.00690026591269	205	38	29466	0	29709	76801
UNKNOWN	9	C	0.996768655963	T	0.00188495068834	1	29613	39	56	29709	76801
UNKNOWN	10	T	0.998653606651	C	0.00114443434649	3	34	3	29669	29709	76801
UNKNOWN	11	G	0.99855262715	A	0.00121175401394	36	4	29666	3	29709	76801
UNKNOWN	12	C	0.999124844323	T	0.000706856508129	4	29683	1	21	29709	76801
UNKNOWN	13	G	0.998956545155	A	0.000908815510451	27	2	29678	2	29709	76801
UNKNOWN	14	G	0.992056279242	C	0.00535191356155	74	159	29473	3	29709	76801
UNKNOWN	15	G	0.999326803326	A	0.000302938503484	9	7	29689	4	29709	76801
UNKNOWN	16	A	0.997542832138	G	0.00161567201858	29636	17	48	8	29709	76801
UNKNOWN	17	G	0.997071594466	A	0.00212056952439	63	22	29622	2	29709	76801
UNKNOWN	18	T	0.998216028813	C	0.00134639334882	4	40	9	29656	29709	76801
UNKNOWN	19	C	0.999023864822	T	0.000639536840688	3	29680	7	19	29709	76801
UNKNOWN	20	G	0.98434817732	A	0.0151132653405	449	14	29244	2	29709	76801
UNKNOWN	21	G	0.998990204988	A	0.000572217173247	17	12	29679	1	29709	76801
UNKNOWN	22	G	0.999259483658	A	0.000471237672086	14	7	29687	1	29709	76801
UNKNOWN	23	C	0.999326803326	T	0.000572217173247	2	29689	1	17	29709	76801
UNKNOWN	24	C	0.999259483658	T	0.000437577838365	0	29687	9	13	29709	76801
UNKNOWN	25	C	0.999259483658	T	0.000639536840688	2	29687	1	19	29709	76801
UNKNOWN	26	C	0.998653606651	A	0.000673196674408	20	29669	0	20	29709	76801
UNKNOWN	27	A	0.996129119122	G	0.00336598337204	29594	13	100	2	29709	76801
UNKNOWN	28	G	0.993974889764	A	0.0047796963883	142	33	29530	4	29709	76801
UNKNOWN	29	C	0.998047729644	T	0.0018176310209	3	29651	1	54	29709	76801
UNKNOWN	30	C	0.998788245986	T	0.00114443434649	1	29673	1	34	29709	76801
UNKNOWN	31	T	0.997778450974	C	0.0013127335151	3	39	24	29643	29709	76801
UNKNOWN	32	G	0.996600356794	A	0.00289474569996	86	12	29608	3	29709	76801
UNKNOWN	33	G	0.99619643879	C	0.00154835235114	43	46	29596	24	29709	76801
UNKNOWN	34	T	0.997138914134	C	0.0016493318523	9	49	27	29624	29709	76801
UNKNOWN	35	G	0.997273553469	A	0.00215422935811	64	15	29628	2	29709	76801
UNKNOWN	36	A	0.997946750143	G	0.00111077451277	29648	23	33	5	29709	76801
UNKNOWN	37	A	0.992796795584	G	0.00595779056851	29495	30	177	7	29709	76801
UNKNOWN	38	G	0.998417987815	C	0.00080783600929	22	24	29662	1	29709	76801
UNKNOWN	39	C	0.995960819954	T	0.00299572520112	10	29589	21	89	29709	76801
UNKNOWN	40	C	0.999023864822	G	0.000504897505806	2	29680	15	12	29709	76801
UNKNOWN	41	G	0.523174795517	C	0.473055303107	73	14054	15543	39	29709	76801
UNKNOWN	42	T	0.995590561783	C	0.00339964320576	11	101	19	29578	29709	76801
UNKNOWN	43	C	0.998081389478	A	0.000942475344172	28	29652	1	28	29709	76801
UNKNOWN	44	A	0.99565788145	G	0.00218788919183	29580	49	65	15	29709	76801
UNKNOWN	45	C	0.997980409977	G	0.000942475344172	25	29649	28	7	29709	76801
UNKNOWN	46	A	0.977548890908	C	0.0189841462183	29042	564	98	5	29709	76801
UNKNOWN	47	G	0.9971052543	A	0.00242350802787	72	7	29623	7	29709	76801
UNKNOWN	48	A	0.996734996129	G	0.00168299168602	29612	41	50	6	29709	76801
UNKNOWN	49	C	0.997812110808	T	0.00168299168602	3	29644	12	50	29709	76801
UNKNOWN	50	C	0.998182368979	T	0.00100979501161	3	29655	21	30	29709	76801
UNKNOWN	51	C	0.998317008314	T	0.00111077451277	11	29659	6	33	29709	76801
UNKNOWN	52	T	0.996061799455	C	0.00366892187553	6	109	2	29592	29709	76801
UNKNOWN	53	C	0.998216028813	T	0.00158201218486	1	29656	5	47	29709	76801
UNKNOWN	54	T	0.996600356794	C	0.00245716786159	7	73	21	29608	29709	76801
UNKNOWN	55	C	0.998417987815	G	0.000875155676731	2	29662	26	19	29709	76801
UNKNOWN	56	G	0.927395738665	C	0.0685314214548	105	2036	27552	16	29709	76801
UNKNOWN	57	C	0.996869635464	G	0.00195227035578	3	29616	58	32	29709	76801
UNKNOWN	58	T	0.996600356794	C	0.00309670470228	8	92	1	29608	29709	76801
UNKNOWN	59	C	0.998317008314	A	0.000875155676731	26	29659	4	20	29709	76801
UNKNOWN	60	A	0.99474906594	T	0.00228886869299	29553	38	50	68	29709	76801
UNKNOWN	61	C	0.999259483658	T	0.000572217173247	1	29687	4	17	29709	76801
UNKNOWN	62	C	0.998249688647	T	0.00141371301626	2	29657	8	42	29709	76801
UNKNOWN	63	T	0.996061799455	C	0.00272644653135	5	81	31	29592	29709	76801
UNKNOWN	64	G	0.99855262715	C	0.000976135177892	12	29	29666	2	29709	76801
UNKNOWN	65	C	0.997778450974	T	0.00134639334882	26	29643	0	40	29709	76801
UNKNOWN	66	A	0.994883705274	G	0.00309670470228	29557	35	92	25	29709	76801
UNKNOWN	67	C	0.997845770642	T	0.00114443434649	2	29645	28	34	29709	76801
UNKNOWN	68	G	0.998182368979	A	0.0016493318523	49	3	29655	2	29709	76801
UNKNOWN	69	G	0.988791275371	A	0.0092227944394	274	50	29376	9	29709	76801
UNKNOWN	70	C	0.961122892053	T	0.0385068497762	7	28554	4	1144	29709	76801
UNKNOWN	71	C	0.990507926891	T	0.00538557339527	3	29427	119	160	29709	76801
UNKNOWN	72	T	0.996364737958	C	0.00339964320576	4	101	3	29601	29709	76801
UNKNOWN	73	C	0.997441852637	T	0.00242350802787	2	29633	2	72	29709	76801
UNKNOWN	74	T	0.995455922448	C	0.00238984819415	14	71	50	29574	29709	76801
UNKNOWN	75	G	0.993840250429	A	0.00578949139991	172	10	29526	1	29709	76801
UNKNOWN	76	G	0.982092968461	A	0.0142717694975	424	98	29177	10	29709	76801
UNKNOWN	77	A	0.995590561783	C	0.00161567201858	29578	48	39	44	29709	76801
UNKNOWN	78	T	0.994984684776	C	0.00319768420344	16	95	38	29560	29709	76801
UNKNOWN	79	T	0.995523242115	C	0.00387088087785	5	115	13	29576	29709	76801
UNKNOWN	80	C	0.988286377865	T	0.00656366757548	22	29361	131	195	29709	76801
UNKNOWN	81	T	0.995590561783	C	0.00309670470228	7	92	32	29578	29709	76801
UNKNOWN	82	C	0.997711131307	T	0.00121175401394	30	29641	2	36	29709	76801
UNKNOWN	83	A	0.995119324111	G	0.00242350802787	29564	30	72	43	29709	76801
UNKNOWN	84	T	0.991719680905	C	0.00390454071157	73	116	57	29463	29709	76801
UNKNOWN	85	T	0.995253963445	C	0.00212056952439	45	63	33	29568	29709	76801
UNKNOWN	86	A	0.53714362651	G	0.456831263254	15958	117	13572	62	29709	76801
UNKNOWN	87	A	0.993840250429	G	0.00430845871621	29526	48	128	7	29709	76801
UNKNOWN	88	G	0.975226362382	A	0.0187485273823	557	150	28973	29	29709	76801
UNKNOWN	89	C	0.987613181191	T	0.00784274125686	17	29341	118	233	29709	76801
UNKNOWN	90	G	0.97539466155	A	0.0215086337473	639	60	28978	32	29709	76801
UNKNOWN	91	A	0.985357972332	G	0.00888619610219	29274	132	264	39	29709	76801
UNKNOWN	92	C	0.981958329126	T	0.0103335689522	67	29173	162	307	29709	76801
UNKNOWN	93	A	0.976774714733	T	0.0140024908277	29019	112	162	416	29709	76801
UNKNOWN	94	A	0.989935709718	G	0.00750614291965	29410	46	223	30	29709	76801
UNKNOWN	95	G	0.96697970312	T	0.0267595678077	135	51	28728	795	29709	76801
UNKNOWN	96	G	0.965397690935	A	0.0278366824868	827	140	28681	61	29709	76801
UNKNOWN	97	C	0.986468746844	T	0.00585681106735	79	29307	149	174	29709	76801
UNKNOWN	98	T	0.995758860951	G	0.00205324985695	11	54	61	29583	29709	76801
UNKNOWN	99	G	0.984684775657	A	0.0134639334882	400	6	29254	49	29709	76801
UNKNOWN	100	T	0.997340873136	C	0.00144737284998	32	43	4	29630	29709	76801
UNKNOWN	101	A	0.989531791713	G	0.00639536840688	29398	53	190	68	29709	76801
UNKNOWN	102	G	0.993537311926	A	0.00525093406039	156	25	29517	11	29709	76801
UNKNOWN	103	G	0.986670705847	A	0.0077417617557	230	128	29313	38	29709	76801
UNKNOWN	104	C	0.987949779528	T	0.00750614291965	12	29351	123	223	29709	76801
UNKNOWN	105	T	0.997206233801	G	0.00158201218486	2	34	47	29626	29709	76801
UNKNOWN	106	G	0.999124844323	A	0.000370258170925	11	4	29683	11	29709	76801
UNKNOWN	107	G	0.999225823824	A	0.000504897505806	15	6	29686	2	29709	76801
UNKNOWN	108	G	0.98525699283	A	0.011679962301	347	42	29271	49	29709	76801
UNKNOWN	109	T	0.995893500286	C	0.00306304486856	7	91	24	29587	29709	76801
UNKNOWN	110	C	0.995893500286	T	0.00350062270692	11	29587	7	104	29709	76801
UNKNOWN	111	C	0.998182368979	G	0.00107711467905	3	29655	32	19	29709	76801
UNKNOWN	112	G	0.998216028813	C	0.00111077451277	17	33	29656	3	29709	76801
UNKNOWN	113	C	0.997946750143	T	0.00124541384766	17	29648	7	37	29709	76801
UNKNOWN	114	C	0.998350668148	A	0.00138005318254	41	29660	3	5	29709	76801
UNKNOWN	115	A	0.990474267057	G	0.00764078225454	29426	17	227	39	29709	76801
UNKNOWN	116	G	0.998350668148	A	0.00124541384766	37	5	29660	7	29709	76801
UNKNOWN	117	G	0.991921639907	A	0.00615974957084	183	49	29469	8	29709	76801
UNKNOWN	118	C	0.994277828268	T	0.00323134403716	30	29539	44	96	29709	76801
UNKNOWN	119	T	0.995220303612	C	0.00390454071157	8	116	18	29567	29709	76801
UNKNOWN	120	C	0.996600356794	T	0.00205324985695	13	29608	27	61	29709	76801
UNKNOWN	121	C	0.996432057626	A	0.00299572520112	89	29603	5	12	29709	76801
UNKNOWN	122	A	0.99104648423	G	0.00673196674408	29443	56	200	10	29709	76801
UNKNOWN	123	G	0.998485307483	A	0.000976135177892	29	13	29664	3	29709	76801
UNKNOWN	124	G	0.99592716012	A	0.00356794237436	106	14	29588	1	29709	76801
UNKNOWN	125	A	0.538254401023	G	0.460163586792	15991	40	13671	7	29709	76801
UNKNOWN	126	A	0.996701336295	G	0.0019859301895	29611	38	59	1	29709	76801
UNKNOWN	127	A	0.994143188933	G	0.00481335622202	29535	27	143	4	29709	76801
UNKNOWN	128	G	0.997340873136	A	0.00225520885927	67	9	29630	3	29709	76801
UNKNOWN	129	G	0.990238648221	A	0.00471237672086	140	128	29419	22	29709	76801
UNKNOWN	130	C	0.997307213302	G	0.00168299168602	7	29629	50	23	29709	76801
UNKNOWN	131	G	0.98579555017	A	0.0111750647952	332	56	29287	34	29709	76801
UNKNOWN	132	C	0.994984684776	T	0.00414015954761	21	29560	5	123	29709	76801
UNKNOWN	133	T	0.993705611094	G	0.00326500387088	11	79	97	29522	29709	76801
UNKNOWN	134	G	0.983237402807	A	0.015416203844	458	17	29211	23	29709	76801
UNKNOWN	135	G	0.996566696961	A	0.00175031135346	52	50	29607	0	29709	76801
UNKNOWN	136	A	0.99474906594	G	0.00383722104413	29553	29	114	13	29709	76801
UNKNOWN	137	G	0.985458951833	A	0.0118819213033	353	37	29277	42	29709	76801
UNKNOWN	138	T	0.996634016628	G	0.00185129085462	0	45	55	29609	29709	76801
UNKNOWN	139	G	0.999192163991	A	0.000572217173247	17	3	29685	4	29709	76801
UNKNOWN	140	G	0.995725201118	C	0.00272644653135	26	81	29582	20	29709	76801
UNKNOWN	141	C	0.989969369551	G	0.00706856508129	29	29411	210	59	29709	76801
UNKNOWN	142	T	0.995590561783	C	0.00350062270692	3	104	24	29578	29709	76801
UNKNOWN	143	C	0.988219058198	T	0.00966037227776	7	29359	56	287	29709	76801
UNKNOWN	144	G	0.997946750143	A	0.00175031135346	52	3	29648	6	29709	76801
UNKNOWN	145	G	0.996869635464	T	0.00144737284998	14	36	29616	43	29709	76801
UNKNOWN	146	T	0.984853074826	C	0.00514995455922	151	153	146	29259	29709	76801
UNKNOWN	147	A	0.69130566495	G	0.297519270255	20538	200	8839	132	29709	76801
UNKNOWN	148	G	0.926789861658	A	0.0393146857855	1168	667	27534	340	29709	76801
UNKNOWN	149	T	0.9855262715	C	0.00693392574641	91	206	133	29279	29709	76801
UNKNOWN	150	A	0.948567774075	G	0.0456763943586	28181	59	1357	112	29709	76801
UNKNOWN	151	T	0.993705611094	C	0.00350062270692	49	104	34	29522	29709	76801
UNKNOWN	152	A	0.983506681477	G	0.00814567976034	29219	147	242	101	29709	76801
UNKNOWN	153	G	0.963580059915	A	0.0289474569996	860	76	28627	146	29709	76801
UNKNOWN	154	A	0.98118415295	G	0.0120838803056	29150	177	359	23	29709	76801
UNKNOWN	155	C	0.961358510889	T	0.0293177151705	164	28561	113	871	29709	76801
UNKNOWN	156	A	0.976471776229	G	0.0128243966475	29010	278	381	40	29709	76801
UNKNOWN	157	C	0.935103840587	G	0.0321788010367	192	27781	956	780	29709	76801
UNKNOWN	158	T	0.985660910835	G	0.00801104042546	68	120	238	29283	29709	76801
UNKNOWN	159	G	0.904877309906	A	0.0825002524488	2451	253	26883	122	29709	76801
UNKNOWN	160	G	0.930896361372	A	0.0385741694436	1146	711	27656	196	29709	76801
UNKNOWN	161	T	0.973105792857	G	0.0134975933219	155	243	401	28910	29709	76801
UNKNOWN	162	G	0.993604631593	A	0.00501531522434	149	25	29519	16	29709	76801
UNKNOWN	163	G	0.970312026659	A	0.0276683833182	822	39	28827	21	29709	76801
UNKNOWN	164	A	0.985963849339	G	0.00750614291965	29292	118	223	76	29709	76801
UNKNOWN	165	A	0.983506681477	G	0.0118482614696	29219	125	352	13	29709	76801
UNKNOWN	166	G	0.7710121512	A	0.167592312094	4979	1420	22906	404	29709	76801
UNKNOWN	167	C	0.926251304319	T	0.0471237672086	488	27518	303	1400	29709	76801
UNKNOWN	168	A	0.975260022215	G	0.0128917163149	28974	283	383	69	29709	76801
UNKNOWN	169	C	0.982328587297	T	0.0104008886196	123	29184	93	309	29709	76801
UNKNOWN	170	A	0.984045238817	G	0.00794372075802	29235	169	236	69	29709	76801
UNKNOWN	171	G	0.981487091454	A	0.0107711467905	320	88	29159	142	29709	76801
UNKNOWN	172	G	0.919721296577	A	0.0620350735467	1843	407	27324	135	29709	76801
UNKNOWN	173	C	0.978121108082	T	0.0113433639638	53	29059	260	337	29709	76801
UNKNOWN	174	T	0.990945504729	C	0.00380356121041	82	113	74	29440	29709	76801
UNKNOWN	175	A	0.992224578411	T	0.00430845871621	29478	74	29	128	29709	76801
UNKNOWN	176	T	0.983540341311	C	0.0134302736544	62	399	28	29220	29709	76801
UNKNOWN	177	A	0.992123598909	G	0.00390454071157	29475	111	116	7	29709	76801
UNKNOWN	178	A	0.990070349052	C	0.00427479888249	29414	127	124	44	29709	76801
UNKNOWN	179	C	0.93133393921	T	0.0646268807432	49	27669	71	1920	29709	76801
UNKNOWN	180	C	0.979837759601	T	0.0117809418021	63	29110	186	350	29709	76801
UNKNOWN	181	C	0.991282103066	T	0.00464505705342	80	29450	41	138	29709	76801
UNKNOWN	182	A	0.981756370124	G	0.00817933959406	29167	236	243	63	29709	76801
UNKNOWN	183	G	0.993907570097	A	0.00407283988017	121	25	29528	35	29709	76801
UNKNOWN	184	G	0.945942307045	C	0.0401225217947	348	1192	28103	66	29709	76801
UNKNOWN	185	C	0.996566696961	G	0.00134639334882	35	29607	40	27	29709	76801
UNKNOWN	186	C	0.996297418291	T	0.00279376619879	6	29599	21	83	29709	76801
UNKNOWN	187	T	0.993638291427	G	0.00343330303948	19	68	102	29520	29709	76801
UNKNOWN	188	G	0.982799824969	A	0.0122185196405	363	56	29198	92	29709	76801
UNKNOWN	189	A	0.985660910835	C	0.00764078225454	29283	227	175	24	29709	76801
UNKNOWN	190	A	0.991517721902	C	0.00578949139991	29457	172	62	18	29709	76801
UNKNOWN	191	A	0.993469992258	T	0.00255814736275	29515	52	66	76	29709	76801
UNKNOWN	192	T	0.993099734087	C	0.00417381938133	36	124	45	29504	29709	76801
UNKNOWN	193	C	0.991955299741	A	0.00434211854993	129	29470	22	88	29709	76801
UNKNOWN	194	C	0.982867144636	A	0.00757346258709	225	29200	100	184	29709	76801
UNKNOWN	195	C	0.996869635464	G	0.00218788919183	14	29616	65	14	29709	76801
UNKNOWN	196	G	0.993772930762	C	0.00343330303948	67	102	29524	16	29709	76801
UNKNOWN	197	G	0.936450233936	A	0.0522400619341	1552	178	27821	158	29709	76801
UNKNOWN	198	C	0.992157258743	G	0.00350062270692	53	29476	104	76	29709	76801
UNKNOWN	199	T	0.989397152378	C	0.0065973274092	35	196	84	29394	29709	76801
UNKNOWN	200	C	0.993873910263	T	0.00316402436972	72	29527	16	94	29709	76801
UNKNOWN	201	A	0.987882459861	G	0.00639536840688	29349	155	190	15	29709	76801
UNKNOWN	202	G	0.977851829412	C	0.0152479046754	130	453	29051	75	29709	76801
UNKNOWN	203	C	0.958531084856	T	0.0328856575449	174	28477	81	977	29709	76801
UNKNOWN	204	A	0.985559931334	G	0.00636170857316	29280	134	189	106	29709	76801
UNKNOWN	205	T	0.99276313575	C	0.00420747921505	25	125	65	29494	29709	76801
UNKNOWN	206	C	0.983540341311	T	0.0118482614696	108	29220	29	352	29709	76801
UNKNOWN	207	A	0.985896529671	C	0.00716954458245	29290	213	162	44	29709	76801
UNKNOWN	208	C	0.983405701976	T	0.00679928641153	152	29216	139	202	29709	76801
UNKNOWN	209	C	0.976673735232	T	0.0119492409707	121	29016	217	355	29709	76801
UNKNOWN	210	A	0.974351206705	C	0.0214749739136	28947	638	108	16	29709	76801
UNKNOWN	211	A	0.985122353496	G	0.00673196674408	29267	196	200	46	29709	76801
UNKNOWN	212	G	0.986805345182	A	0.0111414049615	331	45	29317	16	29709	76801
UNKNOWN	213	G	0.99330169309	A	0.00582315123363	173	10	29510	16	29709	76801
UNKNOWN	214	A	0.989565451547	C	0.00703490524757	29399	209	76	25	29709	76801
UNKNOWN	215	C	0.978861624424	T	0.00992965094752	156	29081	177	295	29709	76801
UNKNOWN	216	A	0.989026894207	C	0.00605877006968	29383	180	107	39	29709	76801
UNKNOWN	217	A	0.985391632165	G	0.00696758558013	29275	171	207	56	29709	76801
UNKNOWN	218	C	0.969504190649	T	0.0232589451008	65	28803	150	691	29709	76801
UNKNOWN	219	T	0.98869029587	C	0.00599145040224	39	178	119	29373	29709	76801
UNKNOWN	220	C	0.990878185062	T	0.0051162947255	84	29438	35	152	29709	76801
UNKNOWN	221	C	0.985559931334	T	0.00797738059174	147	29280	45	237	29709	76801
UNKNOWN	222	A	0.979703120267	C	0.0107038271231	29106	318	249	36	29709	76801
UNKNOWN	223	A	0.988286377865	G	0.00760712242082	29361	61	226	61	29709	76801
UNKNOWN	224	G	0.985829210004	A	0.00858325759871	255	126	29288	40	29709	76801
UNKNOWN	225	A	0.989498131879	G	0.00700124541385	29397	88	208	16	29709	76801
UNKNOWN	226	G	0.953078191794	A	0.0335588542193	997	360	28315	37	29709	76801
UNKNOWN	227	C	0.960315056044	T	0.033828132889	92	28530	82	1005	29709	76801
UNKNOWN	228	C	0.987545861523	G	0.0064290282406	170	29339	191	9	29709	76801
UNKNOWN	229	A	0.991248443233	C	0.00414015954761	29449	123	63	74	29709	76801
UNKNOWN	230	A	0.989733750715	G	0.0082466592615	29404	47	245	13	29709	76801
UNKNOWN	231	G	0.977548890908	A	0.0161230603521	479	77	29042	111	29709	76801
UNKNOWN	232	T	0.990440607223	C	0.00720320441617	14	214	56	29425	29709	76801
UNKNOWN	233	C	0.968931973476	T	0.0183782692114	33	28786	344	546	29709	76801
UNKNOWN	234	T	0.9884210172	C	0.00565485206503	45	168	131	29365	29709	76801
UNKNOWN	235	C	0.988723955704	T	0.009391093608	50	29374	6	279	29709	76801
UNKNOWN	236	T	0.971288161836	C	0.0136995523242	85	407	361	28856	29709	76801
UNKNOWN	237	C	0.989195193376	T	0.00804470025918	38	29388	44	239	29709	76801
UNKNOWN	238	T	0.994513447104	G	0.0034669628732	10	50	103	29546	29709	76801
UNKNOWN	239	G	0.949779528089	A	0.0382712309401	1137	166	28217	189	29709	76801
UNKNOWN	240	T	0.982564206133	G	0.00716954458245	161	144	213	29191	29709	76801
UNKNOWN	241	C	0.983237402807	T	0.0116126426335	143	29211	10	345	29709	76801
UNKNOWN	242	A	0.979198222761	G	0.0112087246289	29091	189	333	96	29709	76801
UNKNOWN	243	G	0.913931805177	A	0.0401561816285	1193	1184	27152	180	29709	76801
UNKNOWN	244	T	0.994176848766	G	0.00360160220809	14	52	107	29536	29709	76801
UNKNOWN	245	G	0.968830993975	A	0.0236292032717	702	120	28783	104	29709	76801
UNKNOWN	246	A	0.982665185634	G	0.0126897573126	29194	121	377	17	29709	76801
UNKNOWN	247	G	0.942273385169	A	0.0407957184692	1212	358	27994	145	29709	76801
UNKNOWN	248	C	0.962300986233	T	0.0278030226531	146	28589	148	826	29709	76801
UNKNOWN	249	A	0.985021373994	G	0.0123868188091	29264	68	368	9	29709	76801
UNKNOWN	250	G	0.986266787842	C	0.00784274125686	142	233	29301	33	29709	76801
UNKNOWN	251	C	0.989733750715	T	0.00558753239759	24	29404	115	166	29709	76801
UNKNOWN	252	G	0.985963849339	A	0.00848227809755	252	81	29292	84	29709	76801
UNKNOWN	253	T	0.989228853209	C	0.00629438890572	17	187	116	29389	29709	76801
UNKNOWN	254	G	0.947726278232	A	0.040088861961	1191	142	28156	220	29709	76801
UNKNOWN	255	A	0.98054461611	G	0.00952573294288	29131	101	283	194	29709	76801
UNKNOWN	256	C	0.986098488673	T	0.00612608973712	116	29296	115	182	29709	76801
UNKNOWN	257	A	0.980477296442	G	0.0128580564812	29129	135	382	63	29709	76801
UNKNOWN	258	A	0.93884008213	C	0.0482345417214	27892	1433	277	107	29709	76801
UNKNOWN	259	C	0.953179171295	T	0.0234945639369	94	28318	599	698	29709	76801
UNKNOWN	260	T	0.961392170723	G	0.0192870847218	56	518	573	28562	29709	76801
UNKNOWN	261	G	0.990844525228	A	0.00575583156619	171	20	29437	81	29709	76801
UNKNOWN	262	A	0.992527516914	G	0.00521727422667	29487	47	155	20	29709	76801
UNKNOWN	263	G	0.957824228348	A	0.0266922481403	793	278	28456	182	29709	76801
UNKNOWN	264	G	0.9913157629	A	0.00521727422667	155	28	29451	75	29709	76801
UNKNOWN	265	A	0.99013766872	C	0.00457773738598	29416	136	119	38	29709	76801
UNKNOWN	266	C	0.980881214447	T	0.0109394459591	132	29141	111	325	29709	76801
UNKNOWN	267	T	0.917802686055	A	0.0710559089838	2111	115	216	27267	29709	76801
UNKNOWN	268	C	0.99276313575	A	0.0029620653674	88	29494	86	41	29709	76801
UNKNOWN	269	G	0.990373287556	A	0.00390454071157	116	82	29423	88	29709	76801
UNKNOWN	270	G	0.993234373422	A	0.00276010636507	82	81	29508	38	29709	76801
UNKNOWN	271	C	0.988824935205	A	0.00558753239759	166	29377	119	47	29709	76801
UNKNOWN	272	C	0.990575246558	A	0.00686660607897	204	29429	18	58	29709	76801
UNKNOWN	273	A	0.989498131879	G	0.00437577838365	29397	101	130	81	29709	76801
UNKNOWN	274	C	0.983001783971	T	0.00801104042546	213	29204	54	238	29709	76801
UNKNOWN	275	A	0.977818169578	G	0.015045945673	29050	107	447	105	29709	76801
UNKNOWN	276	T	0.991753340738	A	0.00350062270692	104	54	87	29464	29709	76801
UNKNOWN	277	A	0.991820660406	C	0.00410649971389	29466	122	61	60	29709	76801
UNKNOWN	278	C	0.941701167996	T	0.0553031068027	61	27977	28	1643	29709	76801
UNKNOWN	279	T	0.977750849911	C	0.0136995523242	106	407	148	29048	29709	76801
UNKNOWN	280	A	0.977750849911	T	0.0127907368138	29048	159	122	380	29709	76801
UNKNOWN	281	C	0.967215321956	T	0.0297216331751	40	28735	51	883	29709	76801
UNKNOWN	282	T	0.988454677034	G	0.0067656265778	62	80	201	29366	29709	76801
UNKNOWN	283	G	0.992460197247	T	0.00464505705342	63	23	29485	138	29709	76801
UNKNOWN	284	T	0.967854858797	C	0.025278535124	90	751	114	28754	29709	76801
UNKNOWN	285	A	0.817900299573	G	0.145410481672	24299	243	4320	847	29709	76801
UNKNOWN	286	C	0.836413208119	G	0.0946514524218	430	24849	2812	1618	29709	76801
UNKNOWN	287	T	0.802383116227	G	0.0827695311185	2140	1272	2459	23838	29709	76801
UNKNOWN	288	A	0.890134302737	G	0.0564475411491	26445	392	1677	1195	29709	76801
UNKNOWN	289	C	0.869770103336	A	0.0656703355885	1951	25840	1109	809	29709	76801
UNKNOWN	290	T	0.860412669561	A	0.06260729072	1860	507	1780	25562	29709	76801
