Type	Position	Nucl1	Freq1	Nucl2	Freq2	NumAs	NumCs	NumGs	NumTs	NumAligned	NumNaive
UNKNOWN	0	C	1.0	A	0.0	0	1237	0	0	1237	76801
UNKNOWN	1	A	1.0	C	0.0	1237	0	0	0	1237	76801
UNKNOWN	2	G	1.0	A	0.0	0	0	1237	0	1237	76801
UNKNOWN	3	G	1.0	A	0.0	0	0	1237	0	1237	76801
UNKNOWN	4	T	1.0	A	0.0	0	0	0	1237	1237	76801
UNKNOWN	5	G	1.0	A	0.0	0	0	1237	0	1237	76801
UNKNOWN	6	C	1.0	A	0.0	0	1237	0	0	1237	76801
UNKNOWN	7	A	0.998383185125	G	0.0016168148747	1235	0	2	0	1237	76801
UNKNOWN	8	G	0.991915925627	A	0.00646725949879	8	1	1227	1	1237	76801
UNKNOWN	9	C	0.996766370251	T	0.0016168148747	0	1233	2	2	1237	76801
UNKNOWN	10	T	1.0	A	0.0	0	0	0	1237	1237	76801
UNKNOWN	11	G	1.0	A	0.0	0	0	1237	0	1237	76801
UNKNOWN	12	C	0.996766370251	T	0.00323362974939	0	1233	0	4	1237	76801
UNKNOWN	13	G	0.996766370251	A	0.00323362974939	4	0	1233	0	1237	76801
UNKNOWN	14	G	0.991107518189	C	0.00808407437348	1	10	1226	0	1237	76801
UNKNOWN	15	G	0.999191592563	A	0.000808407437348	1	0	1236	0	1237	76801
UNKNOWN	16	A	1.0	C	0.0	1237	0	0	0	1237	76801
UNKNOWN	17	G	0.998383185125	A	0.0016168148747	2	0	1235	0	1237	76801
UNKNOWN	18	T	0.997574777688	C	0.00242522231205	0	3	0	1234	1237	76801
UNKNOWN	19	C	0.999191592563	T	0.000808407437348	0	1236	0	1	1237	76801
UNKNOWN	20	G	0.828617623282	A	0.171382376718	212	0	1025	0	1237	76801
UNKNOWN	21	G	1.0	A	0.0	0	0	1237	0	1237	76801
UNKNOWN	22	G	1.0	A	0.0	0	0	1237	0	1237	76801
UNKNOWN	23	C	1.0	A	0.0	0	1237	0	0	1237	76801
UNKNOWN	24	C	1.0	A	0.0	0	1237	0	0	1237	76801
UNKNOWN	25	C	0.999191592563	T	0.000808407437348	0	1236	0	1	1237	76801
UNKNOWN	26	C	1.0	A	0.0	0	1237	0	0	1237	76801
UNKNOWN	27	A	1.0	C	0.0	1237	0	0	0	1237	76801
UNKNOWN	28	G	0.999191592563	A	0.000808407437348	1	0	1236	0	1237	76801
UNKNOWN	29	C	0.998383185125	T	0.0016168148747	0	1235	0	2	1237	76801
UNKNOWN	30	C	1.0	A	0.0	0	1237	0	0	1237	76801
UNKNOWN	31	T	0.997574777688	C	0.00242522231205	0	3	0	1234	1237	76801
UNKNOWN	32	G	0.991915925627	A	0.00727566693614	9	1	1227	0	1237	76801
UNKNOWN	33	G	0.995957962813	C	0.00404203718674	0	5	1232	0	1237	76801
UNKNOWN	34	T	0.999191592563	C	0.000808407437348	0	1	0	1236	1237	76801
UNKNOWN	35	G	0.999191592563	T	0.000808407437348	0	0	1236	1	1237	76801
UNKNOWN	36	A	0.998383185125	C	0.0016168148747	1235	2	0	0	1237	76801
UNKNOWN	37	A	0.992724333064	T	0.00323362974939	1228	1	4	4	1237	76801
UNKNOWN	38	G	0.999191592563	A	0.000808407437348	1	0	1236	0	1237	76801
UNKNOWN	39	C	0.999191592563	T	0.000808407437348	0	1236	0	1	1237	76801
UNKNOWN	40	C	0.999191592563	T	0.000808407437348	0	1236	0	1	1237	76801
UNKNOWN	41	C	0.995957962813	G	0.00323362974939	0	1232	4	1	1237	76801
UNKNOWN	42	T	0.998383185125	C	0.0016168148747	0	2	0	1235	1237	76801
UNKNOWN	43	C	0.999191592563	T	0.000808407437348	0	1236	0	1	1237	76801
UNKNOWN	44	A	0.993532740501	G	0.00565885206144	1229	1	7	0	1237	76801
UNKNOWN	45	C	0.999191592563	G	0.000808407437348	0	1236	1	0	1237	76801
UNKNOWN	46	A	0.985448666128	C	0.0137429264349	1219	17	1	0	1237	76801
UNKNOWN	47	G	0.997574777688	A	0.0016168148747	2	1	1234	0	1237	76801
UNKNOWN	48	A	0.996766370251	G	0.00242522231205	1233	1	3	0	1237	76801
UNKNOWN	49	C	0.996766370251	T	0.00242522231205	1	1233	0	3	1237	76801
UNKNOWN	50	C	0.995149555376	A	0.00242522231205	3	1231	0	3	1237	76801
UNKNOWN	51	C	1.0	A	0.0	0	1237	0	0	1237	76801
UNKNOWN	52	T	1.0	A	0.0	0	0	0	1237	1237	76801
UNKNOWN	53	C	0.999191592563	T	0.000808407437348	0	1236	0	1	1237	76801
UNKNOWN	54	T	0.995957962813	C	0.00242522231205	1	3	1	1232	1237	76801
UNKNOWN	55	C	0.999191592563	A	0.000808407437348	1	1236	0	0	1237	76801
UNKNOWN	56	C	0.997574777688	G	0.0016168148747	0	1234	2	1	1237	76801
UNKNOWN	57	C	0.997574777688	G	0.0016168148747	0	1234	2	1	1237	76801
UNKNOWN	58	T	0.997574777688	A	0.000808407437348	1	1	1	1234	1237	76801
UNKNOWN	59	C	1.0	A	0.0	0	1237	0	0	1237	76801
UNKNOWN	60	A	0.987065481002	G	0.0121261115602	1221	1	15	0	1237	76801
UNKNOWN	61	C	0.998383185125	T	0.0016168148747	0	1235	0	2	1237	76801
UNKNOWN	62	C	0.996766370251	G	0.00242522231205	0	1233	3	1	1237	76801
UNKNOWN	63	T	0.996766370251	C	0.00323362974939	0	4	0	1233	1237	76801
UNKNOWN	64	G	0.999191592563	A	0.000808407437348	1	0	1236	0	1237	76801
UNKNOWN	65	C	0.995957962813	T	0.00404203718674	0	1232	0	5	1237	76801
UNKNOWN	66	A	0.995149555376	G	0.00323362974939	1231	1	4	1	1237	76801
UNKNOWN	67	C	0.998383185125	T	0.000808407437348	0	1235	1	1	1237	76801
UNKNOWN	68	G	0.992724333064	A	0.00646725949879	8	0	1228	1	1237	76801
UNKNOWN	69	G	0.818916734034	A	0.171382376718	212	4	1013	8	1237	76801
UNKNOWN	70	T	0.847210994341	C	0.151980598222	0	188	1	1048	1237	76801
UNKNOWN	71	C	0.985448666128	G	0.00889248181083	1	1219	11	6	1237	76801
UNKNOWN	72	T	0.998383185125	C	0.0016168148747	0	2	0	1235	1237	76801
UNKNOWN	73	C	0.998383185125	T	0.000808407437348	0	1235	1	1	1237	76801
UNKNOWN	74	T	0.993532740501	C	0.00404203718674	1	5	2	1229	1237	76801
UNKNOWN	75	G	0.996766370251	C	0.00242522231205	1	3	1233	0	1237	76801
UNKNOWN	76	G	0.988682295877	A	0.00727566693614	9	2	1223	3	1237	76801
UNKNOWN	77	A	0.993532740501	G	0.00323362974939	1229	2	4	2	1237	76801
UNKNOWN	78	T	0.994341147939	C	0.00485044462409	0	6	1	1230	1237	76801
UNKNOWN	79	T	0.98787388844	C	0.0105092966855	0	13	2	1222	1237	76801
UNKNOWN	80	C	0.995149555376	T	0.00323362974939	1	1231	1	4	1237	76801
UNKNOWN	81	T	0.995957962813	A	0.0016168148747	2	2	1	1232	1237	76801
UNKNOWN	82	C	0.991107518189	T	0.00889248181083	0	1226	0	11	1237	76801
UNKNOWN	83	A	0.994341147939	G	0.00404203718674	1230	1	5	1	1237	76801
UNKNOWN	84	T	0.833468067906	C	0.165723524656	0	205	1	1031	1237	76801
UNKNOWN	85	T	0.998383185125	A	0.000808407437348	1	0	1	1235	1237	76801
UNKNOWN	86	G	0.978981406629	A	0.0202101859337	25	1	1211	0	1237	76801
UNKNOWN	87	A	0.993532740501	C	0.00323362974939	1229	4	4	0	1237	76801
UNKNOWN	88	G	0.983023443816	A	0.0121261115602	15	4	1216	2	1237	76801
UNKNOWN	89	C	0.977364591754	T	0.0177849636217	1	1209	5	22	1237	76801
UNKNOWN	90	A	0.986257073565	G	0.00808407437348	1220	7	10	0	1237	76801
UNKNOWN	91	G	0.939369442199	A	0.0404203718674	50	23	1162	2	1237	76801
UNKNOWN	92	C	0.973322554568	T	0.0145513338723	9	1204	6	18	1237	76801
UNKNOWN	93	A	0.500404203719	T	0.450282942603	619	5	56	557	1237	76801
UNKNOWN	94	A	0.967663702506	T	0.0145513338723	1197	7	15	18	1237	76801
UNKNOWN	95	T	0.978981406629	C	0.0153597413096	1	19	6	1211	1237	76801
UNKNOWN	96	G	0.921584478577	A	0.055780113177	69	9	1140	19	1237	76801
UNKNOWN	97	G	0.505254648343	C	0.392077607114	101	485	625	26	1237	76801
UNKNOWN	98	T	0.995149555376	C	0.00242522231205	2	3	1	1231	1237	76801
UNKNOWN	99	G	0.991915925627	A	0.00808407437348	10	0	1227	0	1237	76801
UNKNOWN	100	T	0.997574777688	C	0.0016168148747	0	2	1	1234	1237	76801
UNKNOWN	101	A	0.98787388844	G	0.00808407437348	1222	0	10	5	1237	76801
UNKNOWN	102	G	0.882780921584	A	0.105092966855	130	8	1092	7	1237	76801
UNKNOWN	103	G	0.861762328213	A	0.0598221503638	74	52	1066	45	1237	76801
UNKNOWN	104	C	0.979789814066	G	0.0145513338723	1	1212	18	6	1237	76801
UNKNOWN	105	T	0.997574777688	G	0.0016168148747	0	1	2	1234	1237	76801
UNKNOWN	106	G	1.0	A	0.0	0	0	1237	0	1237	76801
UNKNOWN	107	G	0.999191592563	T	0.000808407437348	0	0	1236	1	1237	76801
UNKNOWN	108	G	0.992724333064	A	0.00646725949879	8	1	1228	0	1237	76801
UNKNOWN	109	T	0.995957962813	C	0.00323362974939	0	4	1	1232	1237	76801
UNKNOWN	110	C	0.991915925627	T	0.00646725949879	1	1227	1	8	1237	76801
UNKNOWN	111	C	1.0	A	0.0	0	1237	0	0	1237	76801
UNKNOWN	112	G	0.998383185125	A	0.000808407437348	1	1	1235	0	1237	76801
UNKNOWN	113	C	0.997574777688	T	0.0016168148747	1	1234	0	2	1237	76801
UNKNOWN	114	C	0.999191592563	G	0.000808407437348	0	1236	1	0	1237	76801
UNKNOWN	115	A	0.988682295877	G	0.00889248181083	1223	2	11	1	1237	76801
UNKNOWN	116	G	0.999191592563	C	0.000808407437348	0	1	1236	0	1237	76801
UNKNOWN	117	G	0.993532740501	A	0.00485044462409	6	0	1229	2	1237	76801
UNKNOWN	118	C	0.997574777688	T	0.00242522231205	0	1234	0	3	1237	76801
UNKNOWN	119	T	0.996766370251	C	0.00323362974939	0	4	0	1233	1237	76801
UNKNOWN	120	C	0.996766370251	T	0.00242522231205	1	1233	0	3	1237	76801
UNKNOWN	121	C	0.990299110752	T	0.00808407437348	1	1225	1	10	1237	76801
UNKNOWN	122	A	0.656426839127	G	0.341956345998	812	1	423	1	1237	76801
UNKNOWN	123	G	1.0	A	0.0	0	0	1237	0	1237	76801
UNKNOWN	124	G	0.993532740501	A	0.00646725949879	8	0	1229	0	1237	76801
UNKNOWN	125	G	0.945836701698	A	0.053354890865	66	1	1170	0	1237	76801
UNKNOWN	126	A	0.993532740501	G	0.00565885206144	1229	1	7	0	1237	76801
UNKNOWN	127	A	0.996766370251	G	0.00242522231205	1233	0	3	1	1237	76801
UNKNOWN	128	G	0.997574777688	C	0.0016168148747	1	2	1234	0	1237	76801
UNKNOWN	129	G	0.995149555376	A	0.00404203718674	5	1	1231	0	1237	76801
UNKNOWN	130	C	0.997574777688	A	0.0016168148747	2	1234	0	1	1237	76801
UNKNOWN	131	G	0.845594179466	A	0.151980598222	188	2	1046	1	1237	76801
UNKNOWN	132	C	0.995957962813	T	0.0016168148747	1	1232	2	2	1237	76801
UNKNOWN	133	T	0.995149555376	C	0.00323362974939	0	4	2	1231	1237	76801
UNKNOWN	134	G	0.994341147939	A	0.00404203718674	5	0	1230	2	1237	76801
UNKNOWN	135	G	0.995149555376	C	0.00485044462409	0	6	1231	0	1237	76801
UNKNOWN	136	A	0.992724333064	G	0.00565885206144	1228	1	7	1	1237	76801
UNKNOWN	137	G	0.967663702506	A	0.0242522231205	30	3	1197	7	1237	76801
UNKNOWN	138	T	0.999191592563	G	0.000808407437348	0	0	1	1236	1237	76801
UNKNOWN	139	G	0.988682295877	C	0.00727566693614	5	9	1223	0	1237	76801
UNKNOWN	140	G	0.988682295877	C	0.00565885206144	0	7	1223	7	1237	76801
UNKNOWN	141	G	0.938561034762	A	0.0444624090542	55	17	1161	4	1237	76801
UNKNOWN	142	T	0.995957962813	C	0.00323362974939	0	4	1	1232	1237	76801
UNKNOWN	143	T	0.971705739693	G	0.0194017784964	1	10	24	1202	1237	76801
UNKNOWN	144	G	0.957962813258	A	0.037186742118	46	0	1185	6	1237	76801
UNKNOWN	145	G	0.970897332255	C	0.0274858528698	0	34	1201	2	1237	76801
UNKNOWN	146	T	0.967663702506	G	0.0194017784964	6	10	24	1197	1237	76801
UNKNOWN	147	G	0.736459175424	A	0.202910266774	251	14	911	61	1237	76801
UNKNOWN	148	G	0.785772029103	A	0.11883589329	147	90	972	28	1237	76801
UNKNOWN	149	T	0.90541632983	A	0.0476960388036	59	20	38	1120	1237	76801
UNKNOWN	150	A	0.947453516572	G	0.037186742118	1172	0	46	19	1237	76801
UNKNOWN	151	T	0.997574777688	G	0.0016168148747	1	0	2	1234	1237	76801
UNKNOWN	152	A	0.980598221504	G	0.00970088924818	1213	3	12	9	1237	76801
UNKNOWN	153	G	0.835084882781	A	0.137429264349	170	13	1033	21	1237	76801
UNKNOWN	154	A	0.87793047696	G	0.0970088924818	1086	28	120	3	1237	76801
UNKNOWN	155	T	0.852869846403	C	0.0703314470493	46	87	49	1055	1237	76801
UNKNOWN	156	A	0.844785772029	G	0.102667744543	1045	23	127	42	1237	76801
UNKNOWN	157	A	0.773645917542	G	0.164915117219	957	33	204	43	1237	76801
UNKNOWN	158	T	0.959579628133	G	0.0210185933711	13	11	26	1187	1237	76801
UNKNOWN	159	G	0.811641067098	A	0.126919967664	157	30	1004	46	1237	76801
UNKNOWN	160	A	0.866612772838	G	0.0735650767987	1072	37	91	37	1237	76801
UNKNOWN	161	T	0.97574777688	G	0.0137429264349	6	7	17	1207	1237	76801
UNKNOWN	162	G	0.994341147939	A	0.00565885206144	7	0	1230	0	1237	76801
UNKNOWN	163	G	0.9329021827	A	0.053354890865	66	7	1154	10	1237	76801
UNKNOWN	164	A	0.963621665319	T	0.0250606305578	1192	5	9	31	1237	76801
UNKNOWN	165	G	0.678253839935	A	0.220695230396	273	48	839	77	1237	76801
UNKNOWN	166	A	0.843168957154	G	0.107518189167	1043	41	133	20	1237	76801
UNKNOWN	167	C	0.935327405012	T	0.0266774454325	24	1157	23	33	1237	76801
UNKNOWN	168	A	0.983831851253	G	0.00970088924818	1217	5	12	3	1237	76801
UNKNOWN	169	C	0.94502829426	G	0.0226354082458	19	1169	28	21	1237	76801
UNKNOWN	170	A	0.988682295877	T	0.00727566693614	1223	1	4	9	1237	76801
UNKNOWN	171	T	0.886822958771	A	0.0687146321746	85	13	42	1097	1237	76801
UNKNOWN	172	A	0.742926434923	G	0.236863379143	919	13	293	12	1237	76801
UNKNOWN	173	C	0.922392886015	G	0.0444624090542	12	1141	55	29	1237	76801
UNKNOWN	174	T	0.995149555376	G	0.00242522231205	2	1	3	1231	1237	76801
UNKNOWN	175	A	0.992724333064	C	0.00323362974939	1228	4	1	4	1237	76801
UNKNOWN	176	T	0.98787388844	C	0.00808407437348	3	10	2	1222	1237	76801
UNKNOWN	177	A	0.978981406629	C	0.0145513338723	1211	18	5	3	1237	76801
UNKNOWN	178	A	0.993532740501	C	0.00323362974939	1229	4	4	0	1237	76801
UNKNOWN	179	C	0.879547291835	T	0.108326596605	8	1088	7	134	1237	76801
UNKNOWN	180	C	0.951495553759	G	0.0242522231205	4	1177	30	26	1237	76801
UNKNOWN	181	C	0.974130962005	T	0.0105092966855	6	1205	13	13	1237	76801
UNKNOWN	182	A	0.988682295877	G	0.00646725949879	1223	3	8	3	1237	76801
UNKNOWN	183	G	0.964430072757	A	0.0242522231205	30	11	1193	3	1237	76801
UNKNOWN	184	C	0.978981406629	T	0.0113177041229	3	1211	9	14	1237	76801
UNKNOWN	185	C	0.996766370251	T	0.00323362974939	0	1233	0	4	1237	76801
UNKNOWN	186	C	0.995957962813	T	0.00242522231205	1	1232	1	3	1237	76801
UNKNOWN	187	T	0.991915925627	G	0.00646725949879	1	1	8	1227	1237	76801
UNKNOWN	188	G	0.968472109943	A	0.0218270008084	27	8	1198	4	1237	76801
UNKNOWN	189	A	0.988682295877	G	0.00889248181083	1223	3	11	0	1237	76801
UNKNOWN	190	A	0.997574777688	G	0.0016168148747	1234	0	2	1	1237	76801
UNKNOWN	191	A	0.995957962813	T	0.00242522231205	1232	2	0	3	1237	76801
UNKNOWN	192	T	0.993532740501	C	0.00565885206144	0	7	1	1229	1237	76801
UNKNOWN	193	C	0.996766370251	T	0.00323362974939	0	1233	0	4	1237	76801
UNKNOWN	194	C	0.987065481002	T	0.0113177041229	0	1221	2	14	1237	76801
UNKNOWN	195	C	0.994341147939	G	0.00323362974939	1	1230	4	2	1237	76801
UNKNOWN	196	G	0.998383185125	A	0.000808407437348	1	1	1235	0	1237	76801
UNKNOWN	197	G	0.933710590137	A	0.055780113177	69	3	1155	10	1237	76801
UNKNOWN	198	C	0.993532740501	T	0.00323362974939	3	1229	1	4	1237	76801
UNKNOWN	199	T	0.992724333064	C	0.00646725949879	1	8	0	1228	1237	76801
UNKNOWN	200	C	0.996766370251	A	0.00242522231205	3	1233	1	0	1237	76801
UNKNOWN	201	A	0.992724333064	G	0.00565885206144	1228	2	7	0	1237	76801
UNKNOWN	202	G	0.987065481002	C	0.00889248181083	2	11	1221	3	1237	76801
UNKNOWN	203	C	0.970088924818	T	0.0194017784964	4	1200	9	24	1237	76801
UNKNOWN	204	A	0.990299110752	G	0.00485044462409	1225	3	6	3	1237	76801
UNKNOWN	205	T	0.990299110752	C	0.00485044462409	3	6	3	1225	1237	76801
UNKNOWN	206	C	0.989490703314	T	0.00727566693614	3	1224	1	9	1237	76801
UNKNOWN	207	A	0.991107518189	G	0.00565885206144	1226	4	7	0	1237	76801
UNKNOWN	208	C	0.989490703314	T	0.00727566693614	2	1224	2	9	1237	76801
UNKNOWN	209	C	0.97574777688	T	0.0129345189976	6	1207	8	16	1237	76801
UNKNOWN	210	A	0.991915925627	C	0.00404203718674	1227	5	4	1	1237	76801
UNKNOWN	211	A	0.977364591754	G	0.0145513338723	1209	6	18	4	1237	76801
UNKNOWN	212	G	0.978981406629	C	0.0137429264349	9	17	1211	0	1237	76801
UNKNOWN	213	G	0.995149555376	A	0.00323362974939	4	2	1231	0	1237	76801
UNKNOWN	214	A	0.986257073565	C	0.00727566693614	1220	9	5	3	1237	76801
UNKNOWN	215	C	0.980598221504	T	0.0105092966855	5	1213	6	13	1237	76801
UNKNOWN	216	A	0.992724333064	G	0.00565885206144	1228	2	7	0	1237	76801
UNKNOWN	217	A	0.991915925627	C	0.00404203718674	1227	5	2	3	1237	76801
UNKNOWN	218	C	0.967663702506	T	0.0274858528698	1	1197	5	34	1237	76801
UNKNOWN	219	T	0.990299110752	C	0.00485044462409	2	6	4	1225	1237	76801
UNKNOWN	220	C	0.994341147939	T	0.00242522231205	2	1230	2	3	1237	76801
UNKNOWN	221	C	0.989490703314	A	0.00565885206144	7	1224	0	6	1237	76801
UNKNOWN	222	A	0.98464025869	C	0.00565885206144	1218	7	7	5	1237	76801
UNKNOWN	223	A	0.97574777688	G	0.0194017784964	1207	1	24	5	1237	76801
UNKNOWN	224	G	0.987065481002	C	0.00808407437348	6	10	1221	0	1237	76801
UNKNOWN	225	A	0.989490703314	G	0.00565885206144	1224	6	7	0	1237	76801
UNKNOWN	226	G	0.957962813258	A	0.0315278900566	39	13	1185	0	1237	76801
UNKNOWN	227	C	0.97574777688	T	0.018593371059	2	1207	5	23	1237	76801
UNKNOWN	228	C	0.992724333064	A	0.00485044462409	6	1228	1	2	1237	76801
UNKNOWN	229	A	0.989490703314	G	0.00646725949879	1224	0	8	5	1237	76801
UNKNOWN	230	A	0.98464025869	G	0.0129345189976	1218	0	16	3	1237	76801
UNKNOWN	231	G	0.979789814066	A	0.0121261115602	15	7	1212	3	1237	76801
UNKNOWN	232	T	0.989490703314	G	0.00565885206144	0	6	7	1224	1237	76801
UNKNOWN	233	C	0.981406628941	T	0.0113177041229	1	1214	8	14	1237	76801
UNKNOWN	234	T	0.988682295877	C	0.00565885206144	4	7	3	1223	1237	76801
UNKNOWN	235	C	0.986257073565	T	0.0121261115602	2	1220	0	15	1237	76801
UNKNOWN	236	T	0.978981406629	C	0.0113177041229	0	14	12	1211	1237	76801
UNKNOWN	237	C	0.991107518189	T	0.00565885206144	1	1226	3	7	1237	76801
UNKNOWN	238	T	0.995149555376	C	0.00242522231205	0	3	3	1231	1237	76801
UNKNOWN	239	G	0.926434923201	A	0.0420371867421	52	29	1146	10	1237	76801
UNKNOWN	240	T	0.983831851253	A	0.00889248181083	11	5	4	1217	1237	76801
UNKNOWN	241	C	0.98464025869	T	0.0105092966855	4	1218	2	13	1237	76801
UNKNOWN	242	A	0.980598221504	C	0.00970088924818	1213	12	9	3	1237	76801
UNKNOWN	243	G	0.896523848019	C	0.0622473726758	44	77	1109	7	1237	76801
UNKNOWN	244	T	0.995149555376	G	0.00323362974939	1	1	4	1231	1237	76801
UNKNOWN	245	G	0.986257073565	A	0.00889248181083	11	4	1220	2	1237	76801
UNKNOWN	246	A	0.988682295877	G	0.00646725949879	1223	4	8	2	1237	76801
UNKNOWN	247	G	0.953112368634	A	0.0282942603072	35	17	1179	6	1237	76801
UNKNOWN	248	C	0.981406628941	T	0.0129345189976	4	1214	3	16	1237	76801
UNKNOWN	249	A	0.98787388844	G	0.00889248181083	1222	4	11	0	1237	76801
UNKNOWN	250	G	0.980598221504	A	0.0113177041229	14	9	1213	1	1237	76801
UNKNOWN	251	C	0.986257073565	T	0.00727566693614	0	1220	8	9	1237	76801
UNKNOWN	252	G	0.991107518189	A	0.00323362974939	4	4	1226	3	1237	76801
UNKNOWN	253	T	0.991107518189	C	0.00485044462409	1	6	4	1226	1237	76801
UNKNOWN	254	G	0.974939369442	A	0.0137429264349	17	9	1206	5	1237	76801
UNKNOWN	255	A	0.987065481002	G	0.00808407437348	1221	5	10	1	1237	76801
UNKNOWN	256	C	0.995957962813	A	0.00323362974939	4	1232	0	1	1237	76801
UNKNOWN	257	A	0.980598221504	G	0.0121261115602	1213	7	15	2	1237	76801
UNKNOWN	258	C	0.769603880356	A	0.222312045271	275	952	3	7	1237	76801
UNKNOWN	259	C	0.978172999192	G	0.0121261115602	1	1210	15	11	1237	76801
UNKNOWN	260	T	0.963621665319	G	0.0218270008084	3	15	27	1192	1237	76801
UNKNOWN	261	G	0.995957962813	A	0.00323362974939	4	0	1232	1	1237	76801
UNKNOWN	262	A	0.992724333064	G	0.00485044462409	1228	2	6	1	1237	76801
UNKNOWN	263	G	0.969280517381	A	0.0202101859337	25	10	1199	3	1237	76801
UNKNOWN	264	G	0.991915925627	A	0.00404203718674	5	1	1227	4	1237	76801
UNKNOWN	265	A	0.992724333064	C	0.00404203718674	1228	5	3	1	1237	76801
UNKNOWN	266	C	0.989490703314	T	0.00485044462409	4	1224	3	6	1237	76801
UNKNOWN	267	A	0.981406628941	T	0.0105092966855	1214	4	6	13	1237	76801
UNKNOWN	268	C	0.993532740501	G	0.00323362974939	2	1229	4	2	1237	76801
UNKNOWN	269	G	0.995149555376	A	0.00323362974939	4	1	1231	1	1237	76801
UNKNOWN	270	G	0.991915925627	T	0.00485044462409	0	4	1227	6	1237	76801
UNKNOWN	271	C	0.994341147939	A	0.00242522231205	3	1230	3	1	1237	76801
UNKNOWN	272	C	0.994341147939	A	0.00565885206144	7	1230	0	0	1237	76801
UNKNOWN	273	A	0.991107518189	T	0.00404203718674	1226	4	2	5	1237	76801
UNKNOWN	274	C	0.983831851253	T	0.0113177041229	4	1217	2	14	1237	76801
UNKNOWN	275	A	0.97574777688	C	0.00889248181083	1207	11	10	9	1237	76801
UNKNOWN	276	T	0.991107518189	A	0.00323362974939	4	3	4	1226	1237	76801
UNKNOWN	277	A	0.991915925627	C	0.00404203718674	1227	5	3	2	1237	76801
UNKNOWN	278	C	0.955537590946	T	0.0428455941795	2	1182	0	53	1237	76801
UNKNOWN	279	T	0.986257073565	C	0.00565885206144	3	7	7	1220	1237	76801
UNKNOWN	280	A	0.983831851253	T	0.00727566693614	1217	6	5	9	1237	76801
UNKNOWN	281	C	0.977364591754	T	0.0210185933711	1	1209	1	26	1237	76801
UNKNOWN	282	T	0.985448666128	G	0.0121261115602	0	3	15	1219	1237	76801
