Type	Position	Nucl1	Freq1	Nucl2	Freq2	NumAs	NumCs	NumGs	NumTs	NumAligned	NumNaive
UNKNOWN	0	C	1.0	A	0.0	0	21520	0	0	21520	103280
UNKNOWN	1	A	1.0	C	0.0	21520	0	0	0	21520	103280
UNKNOWN	2	G	1.0	A	0.0	0	0	21520	0	21520	103280
UNKNOWN	3	G	1.0	A	0.0	0	0	21520	0	21520	103280
UNKNOWN	4	T	1.0	A	0.0	0	0	0	21520	21520	103280
UNKNOWN	5	G	1.0	A	0.0	0	0	21520	0	21520	103280
UNKNOWN	6	C	1.0	A	0.0	0	21520	0	0	21520	103280
UNKNOWN	7	A	0.997769516729	G	0.00171933085502	21472	9	37	2	21520	103280
UNKNOWN	8	G	0.991960966543	A	0.00706319702602	152	18	21347	3	21520	103280
UNKNOWN	9	C	0.996468401487	T	0.00274163568773	9	21444	8	59	21520	103280
UNKNOWN	10	T	0.998605947955	C	0.00120817843866	3	26	1	21490	21520	103280
UNKNOWN	11	G	0.998466542751	A	0.00102230483271	22	8	21487	3	21520	103280
UNKNOWN	12	C	0.999117100372	T	0.000604089219331	1	21501	5	13	21520	103280
UNKNOWN	13	G	0.998234200743	A	0.00162639405204	35	0	21482	3	21520	103280
UNKNOWN	14	G	0.985130111524	C	0.0140799256506	13	303	21200	4	21520	103280
UNKNOWN	15	G	0.998559479554	C	0.00092936802974	6	20	21489	5	21520	103280
UNKNOWN	16	A	0.995260223048	C	0.00278810408922	21418	60	35	7	21520	103280
UNKNOWN	17	G	0.995585501859	A	0.00408921933086	88	3	21425	4	21520	103280
UNKNOWN	18	T	0.995353159851	G	0.00339219330855	7	20	73	21420	21520	103280
UNKNOWN	19	C	0.999395910781	T	0.000278810408922	1	21507	6	6	21520	103280
UNKNOWN	20	G	0.980576208178	A	0.0183550185874	395	9	21102	14	21520	103280
UNKNOWN	21	G	0.996468401487	T	0.00181226765799	6	31	21444	39	21520	103280
UNKNOWN	22	G	0.998652416357	A	0.000511152416357	11	9	21491	9	21520	103280
UNKNOWN	23	C	0.999024163569	T	0.000789962825279	2	21499	2	17	21520	103280
UNKNOWN	24	C	0.999349442379	T	0.000371747211896	6	21506	0	8	21520	103280
UNKNOWN	25	C	0.999442379182	T	0.000325278810409	4	21508	1	7	21520	103280
UNKNOWN	26	C	0.999210037175	A	0.00046468401487	10	21503	1	6	21520	103280
UNKNOWN	27	A	0.995492565056	G	0.00255576208178	21423	38	55	4	21520	103280
UNKNOWN	28	G	0.996096654275	A	0.00274163568773	59	20	21436	5	21520	103280
UNKNOWN	29	C	0.997676579926	T	0.00185873605948	3	21470	7	40	21520	103280
UNKNOWN	30	C	0.999488847584	T	0.00046468401487	0	21509	1	10	21520	103280
UNKNOWN	31	T	0.997072490706	C	0.0014405204461	13	31	19	21457	21520	103280
UNKNOWN	32	G	0.994144981413	A	0.00455390334572	98	19	21394	9	21520	103280
UNKNOWN	33	G	0.996003717472	A	0.00185873605948	40	32	21434	14	21520	103280
UNKNOWN	34	T	0.997723048327	C	0.00139405204461	1	30	18	21471	21520	103280
UNKNOWN	35	G	0.998466542751	A	0.0010687732342	23	5	21487	5	21520	103280
UNKNOWN	36	A	0.995027881041	C	0.00325278810409	21413	70	33	4	21520	103280
UNKNOWN	37	A	0.992565055762	C	0.00418215613383	21360	90	65	5	21520	103280
UNKNOWN	38	G	0.998791821561	A	0.000604089219331	13	10	21494	3	21520	103280
UNKNOWN	39	C	0.9968866171	T	0.00153345724907	29	21453	5	33	21520	103280
UNKNOWN	40	C	0.999302973978	T	0.000418215613383	4	21505	2	9	21520	103280
UNKNOWN	41	C	0.998094795539	G	0.00134758364312	0	21479	29	12	21520	103280
UNKNOWN	42	T	0.995539033457	C	0.00246282527881	5	53	38	21424	21520	103280
UNKNOWN	43	C	0.999256505576	A	0.000371747211896	8	21504	3	5	21520	103280
UNKNOWN	44	A	0.99344795539	C	0.00348513011152	21379	75	59	7	21520	103280
UNKNOWN	45	C	0.998884758364	A	0.000557620817844	12	21496	10	2	21520	103280
UNKNOWN	46	A	0.995910780669	C	0.00236988847584	21432	51	32	5	21520	103280
UNKNOWN	47	G	0.997351301115	A	0.00218401486989	47	7	21463	3	21520	103280
UNKNOWN	48	A	0.994981412639	C	0.00343866171004	21412	74	27	7	21520	103280
UNKNOWN	49	C	0.998652416357	G	0.000789962825279	7	21491	17	5	21520	103280
UNKNOWN	50	C	0.997211895911	T	0.00176579925651	4	21460	18	38	21520	103280
UNKNOWN	51	C	0.999302973978	T	0.000650557620818	1	21505	0	14	21520	103280
UNKNOWN	52	T	0.996096654275	C	0.00362453531599	4	78	2	21436	21520	103280
UNKNOWN	53	C	0.994005576208	G	0.00492565055762	1	21391	106	22	21520	103280
UNKNOWN	54	T	0.996793680297	C	0.0025092936803	4	54	11	21451	21520	103280
UNKNOWN	55	C	0.997723048327	T	0.00181226765799	8	21471	2	39	21520	103280
UNKNOWN	56	C	0.996050185874	G	0.00199814126394	5	21435	43	37	21520	103280
UNKNOWN	57	C	0.995724907063	G	0.00367100371747	1	21428	79	12	21520	103280
UNKNOWN	58	T	0.997351301115	C	0.00223048327138	7	48	2	21463	21520	103280
UNKNOWN	59	C	0.998373605948	T	0.00111524163569	11	21485	0	24	21520	103280
UNKNOWN	60	A	0.99312267658	C	0.00548327137546	21372	118	25	5	21520	103280
UNKNOWN	61	C	0.99656133829	T	0.0025092936803	1	21446	19	54	21520	103280
UNKNOWN	62	C	0.997026022305	T	0.00223048327138	2	21456	14	48	21520	103280
UNKNOWN	63	T	0.997723048327	C	0.00171933085502	2	37	10	21471	21520	103280
UNKNOWN	64	G	0.998931226766	C	0.000511152416357	10	11	21497	2	21520	103280
UNKNOWN	65	C	0.996421933086	T	0.00315985130112	8	21443	1	68	21520	103280
UNKNOWN	66	A	0.989126394052	C	0.00613382899628	21286	132	82	20	21520	103280
UNKNOWN	67	C	0.996793680297	T	0.00223048327138	5	21451	16	48	21520	103280
UNKNOWN	68	G	0.99312267658	A	0.00631970260223	136	11	21372	1	21520	103280
UNKNOWN	69	G	0.979600371747	A	0.0183550185874	395	26	21081	18	21520	103280
UNKNOWN	70	T	0.98782527881	C	0.0109665427509	7	236	19	21258	21520	103280
UNKNOWN	71	C	0.987871747212	T	0.00622676579926	17	21259	110	134	21520	103280
UNKNOWN	72	T	0.995213754647	C	0.00325278810409	15	70	18	21417	21520	103280
UNKNOWN	73	C	0.998327137546	T	0.000836431226766	14	21484	4	18	21520	103280
UNKNOWN	74	T	0.993819702602	C	0.00436802973978	7	94	32	21387	21520	103280
UNKNOWN	75	G	0.992750929368	A	0.00636617100372	137	11	21364	8	21520	103280
UNKNOWN	76	G	0.988243494424	A	0.00683085501859	147	91	21267	15	21520	103280
UNKNOWN	77	A	0.990102230483	C	0.00729553903346	21307	157	29	27	21520	103280
UNKNOWN	78	T	0.988382899628	G	0.00548327137546	16	116	118	21270	21520	103280
UNKNOWN	79	T	0.995446096654	C	0.00348513011152	1	75	22	21422	21520	103280
UNKNOWN	80	C	0.9875	G	0.00813197026022	3	21251	175	91	21520	103280
UNKNOWN	81	T	0.992890334572	C	0.00478624535316	15	103	35	21367	21520	103280
UNKNOWN	82	C	0.996421933086	T	0.00274163568773	14	21443	4	59	21520	103280
UNKNOWN	83	A	0.990055762082	C	0.0060873605948	21306	131	58	25	21520	103280
UNKNOWN	84	T	0.990985130112	C	0.00585501858736	15	126	53	21326	21520	103280
UNKNOWN	85	T	0.996607806691	C	0.0025092936803	16	54	3	21447	21520	103280
UNKNOWN	86	A	0.974256505576	G	0.0210966542751	20966	66	454	34	21520	103280
UNKNOWN	87	A	0.983085501859	G	0.00934014869888	21156	158	201	5	21520	103280
UNKNOWN	88	G	0.974721189591	A	0.0158457249071	341	152	20976	51	21520	103280
UNKNOWN	89	C	0.955018587361	T	0.0259293680297	68	20552	342	558	21520	103280
UNKNOWN	90	G	0.960037174721	A	0.0343401486989	739	60	20660	61	21520	103280
UNKNOWN	91	A	0.922676579926	G	0.0437732342007	19856	399	942	323	21520	103280
UNKNOWN	92	T	0.922118959108	C	0.0346189591078	383	745	548	19844	21520	103280
UNKNOWN	93	A	0.924442379182	G	0.0358271375465	19894	288	771	567	21520	103280
UNKNOWN	94	A	0.950139405204	G	0.0227230483271	20447	177	489	407	21520	103280
UNKNOWN	95	T	0.955111524164	A	0.0203531598513	438	141	387	20554	21520	103280
UNKNOWN	96	A	0.907574349442	G	0.0671003717472	19531	333	1444	212	21520	103280
UNKNOWN	97	G	0.490845724907	A	0.34781598513	7485	2782	10563	690	21520	103280
UNKNOWN	98	T	0.973094795539	G	0.0127323420074	182	123	274	20941	21520	103280
UNKNOWN	99	G	0.951440520446	A	0.0432620817844	931	25	20475	89	21520	103280
UNKNOWN	100	T	0.994191449814	C	0.00487918215613	16	105	4	21395	21520	103280
UNKNOWN	101	A	0.975371747212	G	0.014312267658	20990	89	308	133	21520	103280
UNKNOWN	102	G	0.925650557621	A	0.0513011152416	1104	343	19920	153	21520	103280
UNKNOWN	103	G	0.757760223048	A	0.174395910781	3753	986	16307	474	21520	103280
UNKNOWN	104	C	0.971050185874	G	0.0137546468401	86	20897	296	241	21520	103280
UNKNOWN	105	T	0.996979553903	G	0.00162639405204	3	27	35	21455	21520	103280
UNKNOWN	106	G	0.999442379182	A	0.000278810408922	6	1	21508	5	21520	103280
UNKNOWN	107	G	0.998094795539	T	0.00092936802974	8	13	21479	20	21520	103280
UNKNOWN	108	G	0.97281598513	A	0.0195167286245	420	100	20935	65	21520	103280
UNKNOWN	109	T	0.993308550186	C	0.00436802973978	9	94	41	21376	21520	103280
UNKNOWN	110	C	0.997165427509	T	0.00199814126394	14	21459	4	43	21520	103280
UNKNOWN	111	C	0.998559479554	G	0.000975836431227	0	21489	21	10	21520	103280
UNKNOWN	112	G	0.998513011152	C	0.000975836431227	8	21	21488	3	21520	103280
UNKNOWN	113	C	0.998605947955	A	0.000650557620818	14	21490	4	12	21520	103280
UNKNOWN	114	C	0.997955390335	A	0.00120817843866	26	21476	3	15	21520	103280
UNKNOWN	115	A	0.993494423792	G	0.00362453531599	21380	34	78	28	21520	103280
UNKNOWN	116	G	0.998048327138	A	0.00116171003717	25	7	21478	10	21520	103280
UNKNOWN	117	G	0.991449814126	A	0.00631970260223	136	37	21336	11	21520	103280
UNKNOWN	118	C	0.997211895911	T	0.00195167286245	3	21460	15	42	21520	103280
UNKNOWN	119	T	0.994934944238	C	0.00325278810409	6	70	33	21411	21520	103280
UNKNOWN	120	C	0.996468401487	G	0.00190520446097	15	21444	41	20	21520	103280
UNKNOWN	121	C	0.99781598513	A	0.0014405204461	31	21473	4	12	21520	103280
UNKNOWN	122	A	0.986895910781	G	0.0109665427509	21238	37	236	9	21520	103280
UNKNOWN	123	G	0.99563197026	A	0.0021375464684	46	45	21426	3	21520	103280
UNKNOWN	124	G	0.996328996283	A	0.00236988847584	51	14	21441	14	21520	103280
UNKNOWN	125	A	0.974907063197	G	0.0199814126394	20980	73	430	37	21520	103280
UNKNOWN	126	A	0.997723048327	G	0.00181226765799	21471	10	39	0	21520	103280
UNKNOWN	127	A	0.994191449814	G	0.0046468401487	21395	15	100	10	21520	103280
UNKNOWN	128	G	0.998513011152	A	0.00111524163569	24	6	21488	2	21520	103280
UNKNOWN	129	G	0.989265799257	A	0.00562267657993	121	97	21289	13	21520	103280
UNKNOWN	130	C	0.995724907063	G	0.00334572490706	7	21428	72	13	21520	103280
UNKNOWN	131	G	0.987685873606	A	0.00985130111524	212	42	21255	11	21520	103280
UNKNOWN	132	C	0.996747211896	T	0.00223048327138	9	21450	13	48	21520	103280
UNKNOWN	133	T	0.993587360595	C	0.00292750929368	14	63	61	21382	21520	103280
UNKNOWN	134	G	0.989823420074	A	0.00762081784387	164	12	21301	43	21520	103280
UNKNOWN	135	G	0.993308550186	A	0.00483271375465	104	20	21376	20	21520	103280
UNKNOWN	136	A	0.99530669145	G	0.00311338289963	21419	26	67	8	21520	103280
UNKNOWN	137	G	0.989498141264	A	0.00659851301115	142	32	21294	52	21520	103280
UNKNOWN	138	T	0.993540892193	C	0.00353159851301	10	76	53	21381	21520	103280
UNKNOWN	139	G	0.992007434944	C	0.00525092936803	45	113	21348	14	21520	103280
UNKNOWN	140	G	0.989451672862	C	0.00650557620818	15	140	21293	72	21520	103280
UNKNOWN	141	C	0.990985130112	G	0.00441449814126	42	21326	95	57	21520	103280
UNKNOWN	142	T	0.995585501859	C	0.00292750929368	15	63	17	21425	21520	103280
UNKNOWN	143	C	0.991542750929	T	0.00604089219331	7	21338	45	130	21520	103280
UNKNOWN	144	G	0.994749070632	A	0.00390334572491	84	4	21407	25	21520	103280
UNKNOWN	145	G	0.979646840149	C	0.0149628252788	59	322	21082	57	21520	103280
UNKNOWN	146	T	0.983224907063	C	0.0078531598513	77	169	115	21159	21520	103280
UNKNOWN	147	G	0.846933085502	A	0.105901486989	2279	499	18226	516	21520	103280
UNKNOWN	148	T	0.880436802974	A	0.0506040892193	1089	741	743	18947	21520	103280
UNKNOWN	149	C	0.896840148699	T	0.0676579925651	531	19300	233	1456	21520	103280
UNKNOWN	150	A	0.970492565056	G	0.0217007434944	20885	104	467	64	21520	103280
UNKNOWN	151	T	0.965659851301	G	0.0169144981413	213	162	364	20781	21520	103280
UNKNOWN	152	A	0.928810408922	G	0.0389869888476	19988	313	839	380	21520	103280
UNKNOWN	153	T	0.851579925651	G	0.0791821561338	912	578	1704	18326	21520	103280
UNKNOWN	154	A	0.884944237918	G	0.0610130111524	19044	419	1313	744	21520	103280
UNKNOWN	155	T	0.934340148699	G	0.0341078066914	252	427	734	20107	21520	103280
UNKNOWN	156	A	0.915659851301	G	0.0651951672862	19705	280	1403	132	21520	103280
UNKNOWN	157	G	0.81282527881	A	0.0988847583643	2128	1230	17492	670	21520	103280
UNKNOWN	158	T	0.945213754647	G	0.0221189591078	402	301	476	20341	21520	103280
UNKNOWN	159	G	0.759618959108	A	0.168912639405	3635	1103	16347	435	21520	103280
UNKNOWN	160	G	0.824814126394	A	0.110037174721	2368	810	17750	592	21520	103280
UNKNOWN	161	T	0.946468401487	G	0.0236059479554	430	214	508	20368	21520	103280
UNKNOWN	162	G	0.962081784387	A	0.0354089219331	762	25	20704	29	21520	103280
UNKNOWN	163	G	0.982481412639	A	0.0109665427509	236	63	21143	78	21520	103280
UNKNOWN	164	A	0.976719330855	G	0.0149163568773	21019	84	321	96	21520	103280
UNKNOWN	165	A	0.938940520446	G	0.0503717472119	20206	148	1084	82	21520	103280
UNKNOWN	166	G	0.660641263941	A	0.223838289963	4817	1776	14217	710	21520	103280
UNKNOWN	167	C	0.904321561338	T	0.0476301115242	702	19461	332	1025	21520	103280
UNKNOWN	168	A	0.964172862454	G	0.0258364312268	20749	116	556	99	21520	103280
UNKNOWN	169	C	0.977137546468	T	0.0152416356877	107	21028	57	328	21520	103280
UNKNOWN	170	A	0.982992565056	G	0.0110130111524	21154	65	237	64	21520	103280
UNKNOWN	171	G	0.917425650558	A	0.0490706319703	1056	482	19743	239	21520	103280
UNKNOWN	172	G	0.68875464684	A	0.257527881041	5542	763	14822	393	21520	103280
UNKNOWN	173	C	0.966310408922	G	0.019749070632	72	20795	425	228	21520	103280
UNKNOWN	174	T	0.987778810409	A	0.00506505576208	109	84	70	21257	21520	103280
UNKNOWN	175	A	0.98531598513	C	0.00720260223048	21204	155	40	121	21520	103280
UNKNOWN	176	T	0.985269516729	C	0.0113382899628	59	244	14	21203	21520	103280
UNKNOWN	177	A	0.985641263941	C	0.00882899628253	21211	190	96	23	21520	103280
UNKNOWN	178	A	0.990195167286	G	0.00478624535316	21309	88	103	20	21520	103280
UNKNOWN	179	C	0.918959107807	T	0.0649163568773	91	19776	256	1397	21520	103280
UNKNOWN	180	C	0.950511152416	T	0.0305762081784	104	20455	303	658	21520	103280
UNKNOWN	181	C	0.990520446097	T	0.00399628252788	69	21316	49	86	21520	103280
UNKNOWN	182	A	0.983271375465	G	0.00980483271375	21160	116	211	33	21520	103280
UNKNOWN	183	G	0.982992565056	A	0.00975836431227	210	113	21154	43	21520	103280
UNKNOWN	184	C	0.985455390335	T	0.0078531598513	49	21207	95	169	21520	103280
UNKNOWN	185	C	0.997397769517	T	0.00139405204461	25	21464	1	30	21520	103280
UNKNOWN	186	C	0.996375464684	T	0.0021375464684	19	21442	13	46	21520	103280
UNKNOWN	187	T	0.993587360595	G	0.0032063197026	21	48	69	21382	21520	103280
UNKNOWN	188	G	0.981459107807	A	0.0127323420074	274	24	21121	101	21520	103280
UNKNOWN	189	A	0.992053903346	G	0.00543680297398	21349	37	117	17	21520	103280
UNKNOWN	190	A	0.991031598513	C	0.00604089219331	21327	130	35	28	21520	103280
UNKNOWN	191	A	0.988150557621	C	0.00469330855019	21265	101	62	92	21520	103280
UNKNOWN	192	T	0.992239776952	C	0.00473977695167	29	102	36	21353	21520	103280
UNKNOWN	193	C	0.997118959108	T	0.00167286245353	23	21458	3	36	21520	103280
UNKNOWN	194	C	0.991217472119	T	0.00529739776952	28	21331	47	114	21520	103280
UNKNOWN	195	C	0.99623605948	G	0.00232342007435	17	21439	50	14	21520	103280
UNKNOWN	196	G	0.99656133829	C	0.00167286245353	22	36	21446	16	21520	103280
UNKNOWN	197	G	0.952927509294	A	0.0368959107807	794	123	20507	96	21520	103280
UNKNOWN	198	C	0.993819702602	T	0.00292750929368	28	21387	42	63	21520	103280
UNKNOWN	199	T	0.993169144981	C	0.00394981412639	31	85	31	21373	21520	103280
UNKNOWN	200	C	0.995260223048	A	0.00274163568773	59	21418	21	22	21520	103280
UNKNOWN	201	A	0.988661710037	G	0.00803903345725	21276	50	173	21	21520	103280
UNKNOWN	202	G	0.977137546468	C	0.014219330855	110	306	21028	76	21520	103280
UNKNOWN	203	C	0.966171003717	T	0.0210966542751	180	20792	94	454	21520	103280
UNKNOWN	204	A	0.988568773234	G	0.0067843866171	21274	37	146	63	21520	103280
UNKNOWN	205	T	0.993262081784	C	0.00390334572491	31	84	30	21375	21520	103280
UNKNOWN	206	C	0.993912639405	T	0.00339219330855	52	21389	6	73	21520	103280
UNKNOWN	207	A	0.988243494424	G	0.00562267657993	21267	86	121	46	21520	103280
UNKNOWN	208	C	0.982992565056	T	0.00947955390335	50	21154	112	204	21520	103280
UNKNOWN	209	C	0.976672862454	T	0.00887546468401	129	21018	182	191	21520	103280
UNKNOWN	210	A	0.989591078067	G	0.00529739776952	21296	106	114	4	21520	103280
UNKNOWN	211	A	0.985362453532	G	0.00975836431227	21205	88	210	17	21520	103280
UNKNOWN	212	G	0.988104089219	A	0.00738847583643	159	59	21264	38	21520	103280
UNKNOWN	213	G	0.990752788104	A	0.00734200743494	158	19	21321	22	21520	103280
UNKNOWN	214	A	0.988940520446	T	0.00497211895911	21282	82	49	107	21520	103280
UNKNOWN	215	C	0.982667286245	G	0.00827137546468	77	21147	178	118	21520	103280
UNKNOWN	216	A	0.991496282528	G	0.00483271375465	21337	66	104	13	21520	103280
UNKNOWN	217	A	0.983224907063	G	0.0110594795539	21159	87	238	36	21520	103280
UNKNOWN	218	C	0.979042750929	T	0.0156133828996	48	21069	67	336	21520	103280
UNKNOWN	219	T	0.990148698885	C	0.00501858736059	53	108	51	21308	21520	103280
UNKNOWN	220	C	0.994563197026	A	0.00278810408922	60	21403	7	50	21520	103280
UNKNOWN	221	C	0.991078066914	A	0.0046468401487	100	21328	38	54	21520	103280
UNKNOWN	222	A	0.983364312268	G	0.00901486988848	21162	147	194	17	21520	103280
UNKNOWN	223	A	0.989358736059	G	0.00776022304833	21291	38	167	24	21520	103280
UNKNOWN	224	G	0.98968401487	A	0.00548327137546	118	79	21298	25	21520	103280
UNKNOWN	225	A	0.989730483271	G	0.00673791821561	21299	61	145	15	21520	103280
UNKNOWN	226	G	0.970074349442	A	0.0212360594796	457	139	20876	48	21520	103280
UNKNOWN	227	C	0.974814126394	T	0.0190055762082	60	20978	73	409	21520	103280
UNKNOWN	228	C	0.992379182156	A	0.00353159851301	76	21356	69	19	21520	103280
UNKNOWN	229	A	0.994284386617	G	0.00236988847584	21397	49	51	23	21520	103280
UNKNOWN	230	A	0.986756505576	G	0.0113847583643	21235	22	245	18	21520	103280
UNKNOWN	231	G	0.968819702602	A	0.01593866171	343	199	20849	129	21520	103280
UNKNOWN	232	T	0.991403345725	C	0.00729553903346	8	157	20	21335	21520	103280
UNKNOWN	233	C	0.971003717472	G	0.0150092936803	25	20896	323	276	21520	103280
UNKNOWN	234	T	0.990381040892	C	0.00492565055762	54	106	47	21313	21520	103280
UNKNOWN	235	C	0.99219330855	T	0.00580855018587	42	21352	1	125	21520	103280
UNKNOWN	236	T	0.981087360595	C	0.00934014869888	30	201	176	21113	21520	103280
UNKNOWN	237	C	0.992983271375	T	0.00394981412639	38	21369	28	85	21520	103280
UNKNOWN	238	T	0.995910780669	A	0.00199814126394	43	32	13	21432	21520	103280
UNKNOWN	239	A	0.882946096654	G	0.106226765799	19001	102	2286	131	21520	103280
UNKNOWN	240	T	0.98406133829	G	0.00673791821561	109	89	145	21177	21520	103280
UNKNOWN	241	C	0.969423791822	T	0.0256505576208	95	20862	11	552	21520	103280
UNKNOWN	242	A	0.978531598513	G	0.00924721189591	21058	184	199	79	21520	103280
UNKNOWN	243	C	0.938382899628	G	0.0478624535316	101	20194	1030	195	21520	103280
UNKNOWN	244	T	0.995539033457	G	0.00283457249071	15	20	61	21424	21520	103280
UNKNOWN	245	G	0.969563197026	A	0.0202602230483	436	104	20865	115	21520	103280
UNKNOWN	246	A	0.985408921933	G	0.010687732342	21206	68	230	16	21520	103280
UNKNOWN	247	G	0.957946096654	A	0.0248605947955	535	305	20615	65	21520	103280
UNKNOWN	248	C	0.96719330855	T	0.0194237918216	180	20814	108	418	21520	103280
UNKNOWN	249	A	0.984618959108	G	0.0116635687732	21189	69	251	11	21520	103280
UNKNOWN	250	G	0.984247211896	C	0.00780669144981	54	168	21181	117	21520	103280
UNKNOWN	251	C	0.978949814126	T	0.0135223048327	38	21067	124	291	21520	103280
UNKNOWN	252	G	0.982946096654	A	0.00882899628253	190	111	21153	66	21520	103280
UNKNOWN	253	T	0.991124535316	C	0.00446096654275	22	96	73	21329	21520	103280
UNKNOWN	254	G	0.961524163569	A	0.0271375464684	584	105	20692	139	21520	103280
UNKNOWN	255	A	0.982667286245	G	0.0099907063197	21147	71	215	87	21520	103280
UNKNOWN	256	C	0.988382899628	A	0.00446096654275	96	21270	60	94	21520	103280
UNKNOWN	257	A	0.973094795539	G	0.0170074349442	20941	125	366	88	21520	103280
UNKNOWN	258	A	0.931133828996	C	0.0543215613383	20038	1169	240	73	21520	103280
UNKNOWN	259	C	0.959340148699	G	0.0234665427509	84	20645	505	286	21520	103280
UNKNOWN	260	T	0.975697026022	C	0.0105483271375	73	227	223	20997	21520	103280
UNKNOWN	261	G	0.989498141264	A	0.00636617100372	137	24	21294	65	21520	103280
UNKNOWN	262	A	0.986756505576	G	0.00878252788104	21235	78	189	18	21520	103280
UNKNOWN	263	G	0.953949814126	A	0.0240241635688	517	266	20529	208	21520	103280
UNKNOWN	264	G	0.987267657993	T	0.00585501858736	124	24	21246	126	21520	103280
UNKNOWN	265	A	0.989265799257	C	0.00576208178439	21289	124	88	19	21520	103280
UNKNOWN	266	C	0.986105947955	A	0.00622676579926	134	21221	34	131	21520	103280
UNKNOWN	267	A	0.980157992565	G	0.0108271375465	21093	65	233	129	21520	103280
UNKNOWN	268	C	0.989962825279	A	0.00367100371747	79	21304	76	61	21520	103280
UNKNOWN	269	G	0.989916356877	T	0.00525092936803	48	56	21303	113	21520	103280
UNKNOWN	270	G	0.988522304833	T	0.00525092936803	68	66	21273	113	21520	103280
UNKNOWN	271	C	0.992518587361	A	0.00469330855019	101	21359	31	29	21520	103280
UNKNOWN	272	C	0.988150557621	A	0.00529739776952	114	21265	32	109	21520	103280
UNKNOWN	273	A	0.990659851301	G	0.00413568773234	21319	63	89	49	21520	103280
UNKNOWN	274	C	0.988522304833	A	0.00627323420074	135	21273	33	79	21520	103280
UNKNOWN	275	A	0.976301115242	G	0.010687732342	21010	134	230	146	21520	103280
UNKNOWN	276	T	0.988940520446	G	0.00515799256506	87	40	111	21282	21520	103280
UNKNOWN	277	A	0.989358736059	C	0.00511152416357	21291	110	59	60	21520	103280
UNKNOWN	278	C	0.950278810409	T	0.0461895910781	57	20450	19	994	21520	103280
UNKNOWN	279	T	0.985455390335	G	0.00543680297398	92	104	117	21207	21520	103280
UNKNOWN	280	A	0.973605947955	T	0.0124535315985	20952	189	111	268	21520	103280
UNKNOWN	281	C	0.961617100372	T	0.0354553903346	34	20694	29	763	21520	103280
UNKNOWN	282	T	0.987128252788	G	0.00947955390335	38	35	204	21243	21520	103280
