Type	Position	Nucl1	Freq1	Nucl2	Freq2	NumAs	NumCs	NumGs	NumTs	NumAligned	NumNaive
UNKNOWN	0	C	1.0	A	0.0	0	42722	0	0	42722	103280
UNKNOWN	1	A	1.0	C	0.0	42722	0	0	0	42722	103280
UNKNOWN	2	G	1.0	A	0.0	0	0	42722	0	42722	103280
UNKNOWN	3	G	1.0	A	0.0	0	0	42722	0	42722	103280
UNKNOWN	4	T	1.0	A	0.0	0	0	0	42722	42722	103280
UNKNOWN	5	G	1.0	A	0.0	0	0	42722	0	42722	103280
UNKNOWN	6	C	1.0	A	0.0	0	42722	0	0	42722	103280
UNKNOWN	7	A	0.997378399888	G	0.00145124291934	42610	31	62	19	42722	103280
UNKNOWN	8	G	0.991550021066	A	0.00667103600019	285	58	42361	18	42722	103280
UNKNOWN	9	C	0.996676185572	T	0.00161509292636	18	42580	55	69	42722	103280
UNKNOWN	10	T	0.998689199944	C	0.00119376433688	3	51	2	42666	42722	103280
UNKNOWN	11	G	0.998853049951	A	0.000912878610552	39	4	42673	6	42722	103280
UNKNOWN	12	C	0.999087121389	T	0.00079584289125	5	42683	0	34	42722	103280
UNKNOWN	13	G	0.998618978512	A	0.00128739291232	55	3	42663	1	42722	103280
UNKNOWN	14	G	0.97083469875	C	0.0269182154394	77	1150	41476	19	42722	103280
UNKNOWN	15	G	0.999040307102	C	0.000468142877206	14	20	42681	7	42722	103280
UNKNOWN	16	A	0.993914142596	C	0.00367492158607	42462	157	84	19	42722	103280
UNKNOWN	17	G	0.996278264126	A	0.00323018585272	138	12	42563	9	42722	103280
UNKNOWN	18	T	0.997401807032	C	0.00152146435092	8	65	38	42611	42722	103280
UNKNOWN	19	C	0.99939141426	T	0.000468142877206	2	42696	4	20	42722	103280
UNKNOWN	20	G	0.962852862694	A	0.0360938158326	1542	26	41135	19	42722	103280
UNKNOWN	21	G	0.995950564112	T	0.00217686437901	25	55	42549	93	42722	103280
UNKNOWN	22	G	0.998618978512	T	0.000561771452647	21	14	42663	24	42722	103280
UNKNOWN	23	C	0.998642385656	T	0.000912878610552	2	42664	17	39	42722	103280
UNKNOWN	24	C	0.999157342821	T	0.000397921445625	15	42686	4	17	42722	103280
UNKNOWN	25	C	0.99927437854	T	0.000468142877206	11	42691	0	20	42722	103280
UNKNOWN	26	C	0.998946678526	A	0.000585178596508	25	42677	1	19	42722	103280
UNKNOWN	27	A	0.994546135481	G	0.00304292870184	42489	100	130	3	42722	103280
UNKNOWN	28	G	0.993492814007	A	0.00440054304574	188	62	42444	28	42722	103280
UNKNOWN	29	C	0.996442114133	T	0.00196620008427	19	42570	49	84	42722	103280
UNKNOWN	30	C	0.998759421375	T	0.00110013576143	3	42669	3	47	42722	103280
UNKNOWN	31	T	0.997214549881	C	0.00126398576846	15	54	50	42603	42722	103280
UNKNOWN	32	G	0.994054585459	A	0.00512616450541	219	18	42468	17	42722	103280
UNKNOWN	33	G	0.995903749824	A	0.00210664294743	90	51	42547	34	42722	103280
UNKNOWN	34	T	0.996746407003	C	0.00220027152287	4	94	41	42583	42722	103280
UNKNOWN	35	G	0.995903749824	A	0.0030663358457	131	17	42547	27	42722	103280
UNKNOWN	36	A	0.994101399747	C	0.00362810729835	42470	155	85	12	42722	103280
UNKNOWN	37	A	0.991971349656	G	0.00397921445625	42379	166	170	7	42722	103280
UNKNOWN	38	G	0.998221057067	A	0.000959692898273	41	31	42646	4	42722	103280
UNKNOWN	39	C	0.995552642667	T	0.00280885726324	9	42532	61	120	42722	103280
UNKNOWN	40	C	0.999087121389	T	0.000514957164927	15	42683	2	22	42722	103280
UNKNOWN	41	C	0.99805720706	T	0.00100650718599	4	42639	36	43	42722	103280
UNKNOWN	42	T	0.995927156968	C	0.00301952155798	15	129	30	42548	42722	103280
UNKNOWN	43	C	0.998782828519	A	0.00077243574739	33	42670	3	16	42722	103280
UNKNOWN	44	A	0.991713871073	C	0.00536023594401	42368	229	105	20	42722	103280
UNKNOWN	45	C	0.997284771312	G	0.00138102148776	34	42606	59	23	42722	103280
UNKNOWN	46	A	0.994850428351	C	0.00315996442114	42502	135	77	8	42722	103280
UNKNOWN	47	G	0.9973315856	A	0.00215345723515	92	16	42608	6	42722	103280
UNKNOWN	48	A	0.992954449698	C	0.00362810729835	42421	155	116	30	42722	103280
UNKNOWN	49	C	0.998431721361	T	0.000866064322831	1	42655	29	37	42722	103280
UNKNOWN	50	C	0.994756799775	T	0.00440054304574	17	42498	19	188	42722	103280
UNKNOWN	51	C	0.996395299846	A	0.00250456439305	107	42568	8	39	42722	103280
UNKNOWN	52	T	0.996395299846	C	0.00313655727728	10	134	10	42568	42722	103280
UNKNOWN	53	C	0.998993492814	T	0.000842657178971	1	42679	6	36	42722	103280
UNKNOWN	54	T	0.995646271242	C	0.00290248583868	17	124	45	42536	42722	103280
UNKNOWN	55	C	0.995646271242	A	0.00332381442816	142	42536	14	30	42722	103280
UNKNOWN	56	C	0.995529235523	T	0.0030663358457	14	42531	46	131	42722	103280
UNKNOWN	57	C	0.997518842751	G	0.00131080005618	8	42616	56	42	42722	103280
UNKNOWN	58	T	0.99672299986	C	0.00297270727026	7	127	6	42582	42722	103280
UNKNOWN	59	C	0.998618978512	A	0.000842657178971	36	42663	5	18	42722	103280
UNKNOWN	60	A	0.98920930668	C	0.00770095033004	42261	329	109	23	42722	103280
UNKNOWN	61	C	0.997191142737	T	0.00196620008427	21	42602	15	84	42722	103280
UNKNOWN	62	C	0.995248349796	T	0.00351107157905	16	42519	37	150	42722	103280
UNKNOWN	63	T	0.996886849867	C	0.00177894293338	6	76	51	42589	42722	103280
UNKNOWN	64	G	0.99836149993	C	0.000889471466692	17	38	42652	15	42722	103280
UNKNOWN	65	C	0.997565657039	T	0.00168531435794	32	42618	0	72	42722	103280
UNKNOWN	66	A	0.989654042414	C	0.00671785028791	42280	287	115	40	42722	103280
UNKNOWN	67	C	0.996559149853	T	0.00236412152989	11	42575	35	101	42722	103280
UNKNOWN	68	G	0.992439492533	A	0.00657740742475	281	24	42399	18	42722	103280
UNKNOWN	69	G	0.975633163241	A	0.022447450962	959	27	41681	55	42722	103280
UNKNOWN	70	T	0.985674827957	C	0.012405786246	1	530	81	42110	42722	103280
UNKNOWN	71	C	0.982280792098	G	0.00964374327045	33	41965	412	312	42722	103280
UNKNOWN	72	T	0.995927156968	C	0.0030663358457	10	131	33	42548	42722	103280
UNKNOWN	73	C	0.998431721361	T	0.0013576143439	8	42655	1	58	42722	103280
UNKNOWN	74	T	0.992556528252	G	0.00360470015449	21	143	154	42404	42722	103280
UNKNOWN	75	G	0.998104021347	A	0.00161509292636	69	5	42641	7	42722	103280
UNKNOWN	76	G	0.994077992603	A	0.00444735733346	190	42	42469	21	42722	103280
UNKNOWN	77	A	0.986142970835	G	0.00671785028791	42130	223	287	82	42722	103280
UNKNOWN	78	T	0.994686578344	C	0.00234071438603	40	100	87	42495	42722	103280
UNKNOWN	79	T	0.996208042695	C	0.00337062871588	3	144	15	42560	42722	103280
UNKNOWN	80	C	0.991784092505	T	0.00692851458265	8	42371	47	296	42722	103280
UNKNOWN	81	T	0.992837413979	C	0.00557090023875	16	238	52	42416	42722	103280
UNKNOWN	82	C	0.995084499789	T	0.00292589298254	73	42512	12	125	42722	103280
UNKNOWN	83	A	0.986891999438	C	0.00699873601423	42162	299	170	91	42722	103280
UNKNOWN	84	T	0.990309442442	C	0.00889471466692	13	380	21	42308	42722	103280
UNKNOWN	85	T	0.998010392772	C	0.00107672861757	2	46	37	42637	42722	103280
UNKNOWN	86	G	0.980384813445	A	0.0178830579093	764	26	41884	48	42722	103280
UNKNOWN	87	A	0.986072749403	G	0.00800524320022	42127	230	342	23	42722	103280
UNKNOWN	88	G	0.961635691213	A	0.0239455081691	1023	472	41083	144	42722	103280
UNKNOWN	89	C	0.959833341136	T	0.0247179439165	326	41006	334	1056	42722	103280
UNKNOWN	90	A	0.972660455971	G	0.0193577079725	41554	319	827	22	42722	103280
UNKNOWN	91	G	0.873086465989	A	0.0861616965498	3681	1333	37300	408	42722	103280
UNKNOWN	92	C	0.955362576658	T	0.0296802584149	235	40815	404	1268	42722	103280
UNKNOWN	93	T	0.965357427087	A	0.0176958007584	756	308	416	41242	42722	103280
UNKNOWN	94	A	0.967229998596	C	0.0130377791302	41322	557	389	454	42722	103280
UNKNOWN	95	T	0.982351013529	C	0.00912878610552	108	390	256	41968	42722	103280
UNKNOWN	96	G	0.918028182201	A	0.0677168671879	2893	276	39220	333	42722	103280
UNKNOWN	97	G	0.692804643977	C	0.175062028931	5128	7479	29598	517	42722	103280
UNKNOWN	98	T	0.983053227845	G	0.00646037170544	191	257	276	41998	42722	103280
UNKNOWN	99	G	0.97022611301	A	0.0255371939516	1091	45	41450	136	42722	103280
UNKNOWN	100	T	0.996114414119	C	0.00255137868077	42	109	15	42556	42722	103280
UNKNOWN	101	A	0.972449791676	G	0.0191236365339	41545	213	817	147	42722	103280
UNKNOWN	102	G	0.924792846777	A	0.0654229670896	2795	270	39509	148	42722	103280
UNKNOWN	103	G	0.841463414634	A	0.105613033098	4512	1589	35949	672	42722	103280
UNKNOWN	104	C	0.980572070596	T	0.0093160432564	137	41892	295	398	42722	103280
UNKNOWN	105	T	0.997214549881	G	0.00175553578952	7	37	75	42603	42722	103280
UNKNOWN	106	G	0.999321192828	A	0.000327700014044	14	5	42693	10	42722	103280
UNKNOWN	107	G	0.997846542765	T	0.00128739291232	20	17	42630	55	42722	103280
UNKNOWN	108	G	0.974930948926	A	0.0179532793409	767	165	41651	139	42722	103280
UNKNOWN	109	T	0.995622864098	C	0.00355788586677	10	152	25	42535	42722	103280
UNKNOWN	110	C	0.994405692617	T	0.00327700014044	63	42483	36	140	42722	103280
UNKNOWN	111	C	0.998595571368	G	0.000889471466692	0	42662	38	22	42722	103280
UNKNOWN	112	G	0.998291278498	C	0.00112354290529	16	48	42649	9	42722	103280
UNKNOWN	113	C	0.997308178456	T	0.00126398576846	24	42607	37	54	42722	103280
UNKNOWN	114	C	0.998080614203	A	0.00119376433688	51	42640	9	22	42722	103280
UNKNOWN	115	A	0.99229904967	G	0.00433032161416	42393	132	185	12	42722	103280
UNKNOWN	116	G	0.996020785544	A	0.00234071438603	100	54	42552	16	42722	103280
UNKNOWN	117	G	0.978980384813	A	0.0180000936286	769	74	41824	55	42722	103280
UNKNOWN	118	C	0.99557604981	T	0.00269182154394	12	42533	62	115	42722	103280
UNKNOWN	119	T	0.991971349656	C	0.00447076447732	33	191	119	42379	42722	103280
UNKNOWN	120	C	0.995037685502	G	0.00241093581761	32	42510	103	77	42722	103280
UNKNOWN	121	C	0.997752914189	A	0.00145124291934	62	42626	12	22	42722	103280
UNKNOWN	122	A	0.985276906512	G	0.0111886147652	42093	112	478	39	42722	103280
UNKNOWN	123	G	0.998853049951	A	0.000631992884228	27	10	42673	12	42722	103280
UNKNOWN	124	G	0.995856935537	A	0.00344085014747	147	10	42545	20	42722	103280
UNKNOWN	125	G	0.988085763775	A	0.00957352183887	409	82	42213	18	42722	103280
UNKNOWN	126	A	0.997354992744	G	0.0017087215018	42609	34	73	6	42722	103280
UNKNOWN	127	A	0.991924535368	G	0.007373250316	42377	24	315	6	42722	103280
UNKNOWN	128	G	0.998150835635	A	0.00156827863864	67	8	42643	4	42722	103280
UNKNOWN	129	G	0.98890501381	A	0.0074902860353	320	135	42248	19	42722	103280
UNKNOWN	130	C	0.995107906933	T	0.00262160011235	21	42513	76	112	42722	103280
UNKNOWN	131	G	0.978324984785	A	0.0146762792004	627	222	41796	77	42722	103280
UNKNOWN	132	C	0.985113056505	T	0.00936285754412	129	42086	107	400	42722	103280
UNKNOWN	133	T	0.986657928	C	0.007373250316	69	315	186	42152	42722	103280
UNKNOWN	134	G	0.967721548617	A	0.0249520153551	1066	37	41343	276	42722	103280
UNKNOWN	135	G	0.994897242638	A	0.00210664294743	90	90	42504	38	42722	103280
UNKNOWN	136	A	0.994031178316	G	0.00372173587379	42467	69	159	27	42722	103280
UNKNOWN	137	G	0.918706989373	A	0.0759561818267	3245	81	39249	147	42722	103280
UNKNOWN	138	T	0.994616356912	G	0.00227049295445	54	79	97	42492	42722	103280
UNKNOWN	139	G	0.94609334769	A	0.0413136089134	1765	235	40419	303	42722	103280
UNKNOWN	140	T	0.953958148027	G	0.0242263938954	39	893	1035	40755	42722	103280
UNKNOWN	141	C	0.971115584476	G	0.0225176723936	169	41488	962	103	42722	103280
UNKNOWN	142	T	0.997518842751	G	0.00133420720004	2	47	57	42616	42722	103280
UNKNOWN	143	T	0.976218341838	C	0.0127568934039	53	545	418	41706	42722	103280
UNKNOWN	144	G	0.990520106737	A	0.00615607883526	263	4	42317	138	42722	103280
UNKNOWN	145	G	0.981321099199	C	0.0156359720987	25	668	41924	105	42722	103280
UNKNOWN	146	T	0.967253405739	A	0.0121717148074	520	368	511	41323	42722	103280
UNKNOWN	147	G	0.875169701793	A	0.105589625954	4511	226	37389	596	42722	103280
UNKNOWN	148	G	0.924277889612	A	0.0367960301484	1572	927	39487	736	42722	103280
UNKNOWN	149	T	0.952811197978	G	0.0232432938533	470	553	993	40706	42722	103280
UNKNOWN	150	A	0.945835869107	G	0.0501849164365	40408	79	2144	91	42722	103280
UNKNOWN	151	T	0.991971349656	C	0.00367492158607	98	157	88	42379	42722	103280
UNKNOWN	152	A	0.946631711999	G	0.0209728008988	40442	549	896	835	42722	103280
UNKNOWN	153	A	0.897172417022	G	0.0860446608305	38329	555	3676	162	42722	103280
UNKNOWN	154	G	0.84410842189	A	0.101633818641	4342	1974	36062	344	42722	103280
UNKNOWN	155	T	0.945742240532	C	0.0227283366884	532	971	815	40404	42722	103280
UNKNOWN	156	A	0.80991058471	G	0.163054164131	34601	688	6966	467	42722	103280
UNKNOWN	157	G	0.847362014887	A	0.0769860961565	3289	2456	36201	776	42722	103280
UNKNOWN	158	T	0.959084312532	G	0.0214877580638	409	421	918	40974	42722	103280
UNKNOWN	159	G	0.748466832077	A	0.194770844062	8321	1576	31976	849	42722	103280
UNKNOWN	160	G	0.807312391742	A	0.115444033519	4932	2201	34490	1099	42722	103280
UNKNOWN	161	T	0.94136510463	G	0.0315528299237	686	471	1348	40217	42722	103280
UNKNOWN	162	G	0.991081878189	A	0.0057815645335	247	29	42341	105	42722	103280
UNKNOWN	163	G	0.984200177894	A	0.0088479003792	378	179	42047	118	42722	103280
UNKNOWN	164	A	0.962642198399	G	0.0253967510884	41126	308	1085	203	42722	103280
UNKNOWN	165	A	0.920813632321	G	0.0612564954824	39339	307	2617	459	42722	103280
UNKNOWN	166	G	0.615256776368	A	0.211460137634	9034	4541	26285	2862	42722	103280
UNKNOWN	167	C	0.867726230045	T	0.0613735312017	1678	37071	1351	2622	42722	103280
UNKNOWN	168	A	0.959318383971	G	0.0251626796498	40984	403	1075	260	42722	103280
UNKNOWN	169	C	0.962057019802	T	0.0273629511727	251	41101	201	1169	42722	103280
UNKNOWN	170	A	0.983919292168	G	0.00959692898273	42035	164	410	113	42722	103280
UNKNOWN	171	G	0.934436590047	A	0.0370769158747	1584	628	39921	589	42722	103280
UNKNOWN	172	G	0.778006647629	A	0.165184214222	7057	1535	33238	892	42722	103280
UNKNOWN	173	C	0.968213098638	G	0.0166190721408	168	41364	710	480	42722	103280
UNKNOWN	174	T	0.989092270961	C	0.0044239501896	166	189	111	42256	42722	103280
UNKNOWN	175	A	0.988319835214	T	0.00552408595103	42223	149	114	236	42722	103280
UNKNOWN	176	T	0.982210570666	C	0.0141847291793	120	606	34	41962	42722	103280
UNKNOWN	177	A	0.983895885024	C	0.0109779504705	42034	469	118	101	42722	103280
UNKNOWN	178	A	0.990403071017	G	0.00451757876504	42312	147	193	70	42722	103280
UNKNOWN	179	C	0.896727681288	T	0.0873320537428	208	38310	473	3731	42722	103280
UNKNOWN	180	C	0.952436683676	T	0.028814194092	139	40690	662	1231	42722	103280
UNKNOWN	181	C	0.98417677075	T	0.00814568606339	247	42046	81	348	42722	103280
UNKNOWN	182	A	0.982280792098	G	0.00844997893357	41965	239	361	157	42722	103280
UNKNOWN	183	G	0.983427742147	A	0.0100884790038	431	150	42014	127	42722	103280
UNKNOWN	184	C	0.977880249052	T	0.0147230934881	184	41777	132	629	42722	103280
UNKNOWN	185	C	0.997378399888	T	0.00114695004916	47	42610	16	49	42722	103280
UNKNOWN	186	C	0.99302467113	T	0.00468142877206	52	42424	46	200	42722	103280
UNKNOWN	187	T	0.994429099761	G	0.00313655727728	46	58	134	42484	42722	103280
UNKNOWN	188	G	0.978207949066	A	0.0162211506952	693	67	41791	171	42722	103280
UNKNOWN	189	A	0.988951828098	G	0.0064837788493	42250	168	277	27	42722	103280
UNKNOWN	190	A	0.993422592575	C	0.00365151444221	42441	156	77	48	42722	103280
UNKNOWN	191	A	0.9906605496	C	0.00435372875802	42323	186	93	120	42722	103280
UNKNOWN	192	T	0.988928420954	C	0.00786480033706	47	336	90	42249	42722	103280
UNKNOWN	193	C	0.994429099761	A	0.00273863583166	117	42484	17	104	42722	103280
UNKNOWN	194	C	0.990613735312	T	0.00470483591592	70	42321	130	201	42722	103280
UNKNOWN	195	C	0.995459014091	G	0.00252797153691	63	42528	108	23	42722	103280
UNKNOWN	196	G	0.995880342681	A	0.00191938579655	82	37	42546	57	42722	103280
UNKNOWN	197	G	0.94106081176	A	0.0433734375731	1853	365	40204	300	42722	103280
UNKNOWN	198	C	0.990637142456	G	0.00339403585974	122	42322	145	133	42722	103280
UNKNOWN	199	T	0.993352371144	C	0.00418987875099	39	179	66	42438	42722	103280
UNKNOWN	200	C	0.993399185431	A	0.00308974298956	132	42440	52	98	42722	103280
UNKNOWN	201	A	0.992860821123	G	0.0047750573475	42417	92	204	9	42722	103280
UNKNOWN	202	G	0.977388699031	C	0.0150039792145	147	641	41756	178	42722	103280
UNKNOWN	203	C	0.957960769627	T	0.0324423013904	262	40926	148	1386	42722	103280
UNKNOWN	204	A	0.986025935115	G	0.00863723608445	42125	67	369	161	42722	103280
UNKNOWN	205	T	0.993843921165	C	0.00395580731239	49	169	45	42459	42722	103280
UNKNOWN	206	C	0.991362763916	T	0.0045409859089	153	42353	22	194	42722	103280
UNKNOWN	207	A	0.983334113571	G	0.0104395861617	42010	199	446	67	42722	103280
UNKNOWN	208	C	0.985698235101	G	0.00732643602828	124	42111	313	174	42722	103280
UNKNOWN	209	C	0.963765741304	T	0.0175553578952	271	41174	527	750	42722	103280
UNKNOWN	210	A	0.993445999719	C	0.00325359299658	42442	139	127	14	42722	103280
UNKNOWN	211	A	0.985908899396	G	0.00933945040026	42120	117	399	86	42722	103280
UNKNOWN	212	G	0.981484949206	A	0.0151912363653	649	109	41931	33	42722	103280
UNKNOWN	213	G	0.993001263986	A	0.00512616450541	219	33	42423	47	42722	103280
UNKNOWN	214	A	0.990449885305	C	0.00510275736155	42314	218	96	94	42722	103280
UNKNOWN	215	C	0.983357520715	T	0.00985440756519	162	42011	128	421	42722	103280
UNKNOWN	216	A	0.991152099621	G	0.00491550021066	42344	146	210	22	42722	103280
UNKNOWN	217	A	0.9826553064	G	0.00959692898273	41981	260	410	71	42722	103280
UNKNOWN	218	C	0.976780113291	T	0.0156593792425	46	41730	277	669	42722	103280
UNKNOWN	219	T	0.990051963859	C	0.0048920930668	108	209	108	42297	42722	103280
UNKNOWN	220	C	0.991035063902	T	0.00468142877206	156	42339	27	200	42722	103280
UNKNOWN	221	C	0.987406956603	T	0.00657740742475	163	42184	94	281	42722	103280
UNKNOWN	222	A	0.98757080661	C	0.00692851458265	42191	296	226	9	42722	103280
UNKNOWN	223	A	0.986915406582	G	0.0114460933477	42163	37	489	33	42722	103280
UNKNOWN	224	G	0.987336735172	C	0.00596882168438	237	255	42181	49	42722	103280
UNKNOWN	225	A	0.988811385235	G	0.00744347174758	42244	135	318	25	42722	103280
UNKNOWN	226	G	0.955549833809	A	0.0373812087449	1597	226	40823	76	42722	103280
UNKNOWN	227	C	0.964538177052	T	0.0300547727166	119	41207	112	1284	42722	103280
UNKNOWN	228	C	0.990286035298	A	0.00475165020364	203	42307	186	26	42722	103280
UNKNOWN	229	A	0.992486306821	G	0.00273863583166	42401	111	117	93	42722	103280
UNKNOWN	230	A	0.981906277796	G	0.0161041149759	41949	61	688	24	42722	103280
UNKNOWN	231	G	0.966878891438	A	0.0186554936567	797	283	41307	335	42722	103280
UNKNOWN	232	T	0.992182013951	C	0.0058986002528	25	252	57	42388	42722	103280
UNKNOWN	233	C	0.968634427227	T	0.0150273863583	59	41382	639	642	42722	103280
UNKNOWN	234	T	0.991058471045	C	0.00519638593699	54	222	106	42340	42722	103280
UNKNOWN	235	C	0.991456392491	T	0.00620289312298	96	42357	4	265	42722	103280
UNKNOWN	236	T	0.98223397781	C	0.00983100042133	78	420	261	41963	42722	103280
UNKNOWN	237	C	0.992626749684	T	0.00514957164927	58	42407	37	220	42722	103280
UNKNOWN	238	T	0.99538879266	G	0.00266841440007	19	64	114	42525	42722	103280
UNKNOWN	239	G	0.935162211507	A	0.0537193951594	2295	195	39952	280	42722	103280
UNKNOWN	240	T	0.985300313656	G	0.00603904311596	188	182	258	42094	42722	103280
UNKNOWN	241	C	0.983029820701	T	0.0128505219793	163	41997	13	549	42722	103280
UNKNOWN	242	A	0.976826927578	G	0.0113290576284	41732	329	484	177	42722	103280
UNKNOWN	243	C	0.914610739198	G	0.0693787744019	254	39074	2964	430	42722	103280
UNKNOWN	244	T	0.994007771172	G	0.00369832872993	36	62	158	42466	42722	103280
UNKNOWN	245	G	0.971045363045	A	0.0209259866111	894	142	41485	201	42722	103280
UNKNOWN	246	A	0.985815270821	G	0.00929263611254	42116	171	397	38	42722	103280
UNKNOWN	247	G	0.948246804925	A	0.0305931370254	1307	710	40511	194	42722	103280
UNKNOWN	248	C	0.961401619774	T	0.0245775010533	352	41073	247	1050	42722	103280
UNKNOWN	249	A	0.984878985066	G	0.0110013576143	42076	152	470	24	42722	103280
UNKNOWN	250	G	0.982187163522	C	0.0123121576705	157	526	41961	78	42722	103280
UNKNOWN	251	C	0.983614999298	T	0.0110481719021	69	42022	159	472	42722	103280
UNKNOWN	252	G	0.987055849445	A	0.00685829315107	293	109	42169	151	42722	103280
UNKNOWN	253	T	0.990824399607	C	0.0048920930668	34	209	149	42330	42722	103280
UNKNOWN	254	G	0.948012733486	A	0.0394878516923	1687	216	40501	318	42722	103280
UNKNOWN	255	A	0.981601984926	G	0.00854360750901	41936	174	365	247	42722	103280
UNKNOWN	256	C	0.985862085108	A	0.00519638593699	222	42118	201	181	42722	103280
UNKNOWN	257	A	0.968283320069	G	0.0218154580778	41367	304	932	119	42722	103280
UNKNOWN	258	A	0.912270024812	C	0.0670614671598	38974	2865	728	155	42722	103280
UNKNOWN	259	C	0.942137540377	G	0.0301952155798	182	40250	1290	1000	42722	103280
UNKNOWN	260	T	0.966480969992	G	0.0187257150882	141	491	800	41290	42722	103280
UNKNOWN	261	G	0.988483685221	A	0.00695192172651	297	52	42230	143	42722	103280
UNKNOWN	262	A	0.985604606526	G	0.00835635035813	42107	202	357	56	42722	103280
UNKNOWN	263	G	0.9390009831	A	0.0356724872431	1524	815	40116	267	42722	103280
UNKNOWN	264	G	0.987477178035	A	0.00720940030897	308	48	42187	179	42722	103280
UNKNOWN	265	A	0.986704742287	C	0.00835635035813	42154	357	135	76	42722	103280
UNKNOWN	266	C	0.980735920603	T	0.00840316464585	352	41899	112	359	42722	103280
UNKNOWN	267	A	0.980408220589	G	0.00903515753008	41885	157	386	294	42722	103280
UNKNOWN	268	C	0.989349749544	G	0.00458780019662	162	42267	196	97	42722	103280
UNKNOWN	269	G	0.988085763775	A	0.0046580216282	199	138	42213	172	42722	103280
UNKNOWN	270	G	0.987734656617	T	0.00514957164927	158	146	42198	220	42722	103280
UNKNOWN	271	C	0.99035625673	A	0.00503253592997	215	42310	144	53	42722	103280
UNKNOWN	272	C	0.987547399466	A	0.0062497074107	267	42190	106	159	42722	103280
UNKNOWN	273	A	0.990449885305	G	0.00458780019662	42314	136	196	76	42722	103280
UNKNOWN	274	C	0.982795749263	A	0.00842657178971	360	41987	56	319	42722	103280
UNKNOWN	275	A	0.965661719957	G	0.0150273863583	41255	486	642	339	42722	103280
UNKNOWN	276	T	0.9893263424	G	0.00498572164225	185	58	213	42266	42722	103280
UNKNOWN	277	A	0.987172885165	C	0.00746687889144	42174	319	109	120	42722	103280
UNKNOWN	278	C	0.943448340434	T	0.0525724451102	101	40306	69	2246	42722	103280
UNKNOWN	279	T	0.983497963578	G	0.00674125743177	206	211	288	42017	42722	103280
UNKNOWN	280	A	0.972192313094	T	0.0126866719723	41534	438	208	542	42722	103280
UNKNOWN	281	C	0.966480969992	T	0.0299377369973	66	41290	87	1279	42722	103280
UNKNOWN	282	T	0.984644913628	G	0.0110247647582	115	70	471	42066	42722	103280
