Type	Position	Nucl1	Freq1	Nucl2	Freq2	NumAs	NumCs	NumGs	NumTs	NumAligned	NumNaive
UNKNOWN	0	C	1.0	A	0.0	0	9009	0	0	9009	66193
UNKNOWN	1	A	1.0	C	0.0	9009	0	0	0	9009	66193
UNKNOWN	2	G	1.0	A	0.0	0	0	9009	0	9009	66193
UNKNOWN	3	G	1.0	A	0.0	0	0	9009	0	9009	66193
UNKNOWN	4	T	1.0	A	0.0	0	0	0	9009	9009	66193
UNKNOWN	5	G	1.0	A	0.0	0	0	9009	0	9009	66193
UNKNOWN	6	C	1.0	A	0.0	0	9009	0	0	9009	66193
UNKNOWN	7	A	0.997224997225	G	0.00222000222	8984	1	20	4	9009	66193
UNKNOWN	8	G	0.991896991897	A	0.00521700521701	47	24	8936	2	9009	66193
UNKNOWN	9	C	0.997557997558	T	0.001443001443	2	8987	7	13	9009	66193
UNKNOWN	10	T	0.99888999889	C	0.000888000888001	0	8	2	8999	9009	66193
UNKNOWN	11	G	0.993117993118	A	0.00632700632701	57	1	8947	4	9009	66193
UNKNOWN	12	C	0.999444999445	T	0.000555000555001	0	9004	0	5	9009	66193
UNKNOWN	13	G	0.999444999445	A	0.000555000555001	5	0	9004	0	9009	66193
UNKNOWN	14	G	0.971472971473	C	0.025197025197	28	227	8752	2	9009	66193
UNKNOWN	15	G	0.999333999334	C	0.000444000444	2	4	9003	0	9009	66193
UNKNOWN	16	A	0.997224997225	G	0.002109002109	8984	6	19	0	9009	66193
UNKNOWN	17	G	0.998001998002	A	0.001665001665	15	2	8991	1	9009	66193
UNKNOWN	18	T	0.99888999889	C	0.000888000888001	0	8	2	8999	9009	66193
UNKNOWN	19	C	0.999555999556	A	0.000222000222	2	9005	1	1	9009	66193
UNKNOWN	20	G	0.964146964147	A	0.035631035631	321	2	8686	0	9009	66193
UNKNOWN	21	G	0.999000999001	C	0.000777000777001	2	7	9000	0	9009	66193
UNKNOWN	22	G	0.999111999112	C	0.000666000666001	2	6	9001	0	9009	66193
UNKNOWN	23	C	0.999555999556	T	0.000444000444	0	9005	0	4	9009	66193
UNKNOWN	24	C	1.0	A	0.0	0	9009	0	0	9009	66193
UNKNOWN	25	C	0.999333999334	T	0.000555000555001	0	9003	1	5	9009	66193
UNKNOWN	26	C	0.998556998557	A	0.000666000666001	6	8996	1	6	9009	66193
UNKNOWN	27	A	0.997668997669	G	0.001776001776	8988	4	16	1	9009	66193
UNKNOWN	28	G	0.988788988789	A	0.00521700521701	47	35	8908	19	9009	66193
UNKNOWN	29	C	0.998778998779	T	0.00111000111	0	8998	1	10	9009	66193
UNKNOWN	30	C	0.999111999112	T	0.000777000777001	1	9001	0	7	9009	66193
UNKNOWN	31	T	0.997890997891	C	0.001332001332	1	12	6	8990	9009	66193
UNKNOWN	32	G	0.995670995671	A	0.003774003774	34	2	8970	3	9009	66193
UNKNOWN	33	G	0.997113997114	A	0.001221001221	11	8	8983	7	9009	66193
UNKNOWN	34	T	0.995115995116	C	0.003774003774	2	34	8	8965	9009	66193
UNKNOWN	35	G	0.99777999778	A	0.002109002109	19	1	8989	0	9009	66193
UNKNOWN	36	A	0.997446997447	C	0.00111000111	8986	10	10	3	9009	66193
UNKNOWN	37	A	0.99444999445	G	0.003774003774	8959	12	34	4	9009	66193
UNKNOWN	38	G	0.998445998446	C	0.00111000111	2	10	8995	2	9009	66193
UNKNOWN	39	C	0.998445998446	G	0.000888000888001	0	8995	8	6	9009	66193
UNKNOWN	40	C	0.999777999778	T	0.000111000111	0	9007	1	1	9009	66193
UNKNOWN	41	C	0.997335997336	G	0.001332001332	1	8985	12	11	9009	66193
UNKNOWN	42	T	0.996780996781	C	0.002886002886	2	26	1	8980	9009	66193
UNKNOWN	43	C	0.998445998446	A	0.000999000999001	9	8995	0	5	9009	66193
UNKNOWN	44	A	0.997002997003	C	0.001665001665	8982	15	12	0	9009	66193
UNKNOWN	45	C	0.998667998668	A	0.000777000777001	7	8997	4	1	9009	66193
UNKNOWN	46	A	0.997113997114	G	0.002442002442	8983	2	22	2	9009	66193
UNKNOWN	47	G	0.997668997669	A	0.001887001887	17	3	8988	1	9009	66193
UNKNOWN	48	A	0.996336996337	C	0.001887001887	8976	17	14	2	9009	66193
UNKNOWN	49	C	0.997890997891	T	0.001332001332	0	8990	7	12	9009	66193
UNKNOWN	50	C	0.99888999889	G	0.000555000555001	3	8999	5	2	9009	66193
UNKNOWN	51	C	0.99777999778	T	0.001554001554	0	8989	6	14	9009	66193
UNKNOWN	52	T	0.996003996004	C	0.00333000333	5	30	1	8973	9009	66193
UNKNOWN	53	C	0.982794982795	T	0.016095016095	1	8854	9	145	9009	66193
UNKNOWN	54	T	0.995670995671	C	0.002997002997	0	27	12	8970	9009	66193
UNKNOWN	55	C	0.999444999445	T	0.000444000444	1	9004	0	4	9009	66193
UNKNOWN	56	C	0.99555999556	G	0.002775002775	8	8969	25	7	9009	66193
UNKNOWN	57	C	0.998334998335	T	0.001221001221	0	8994	4	11	9009	66193
UNKNOWN	58	T	0.997335997336	C	0.002442002442	1	22	1	8985	9009	66193
UNKNOWN	59	C	0.998001998002	A	0.001221001221	11	8991	3	4	9009	66193
UNKNOWN	60	A	0.997557997558	C	0.001443001443	8987	13	9	0	9009	66193
UNKNOWN	61	C	0.999000999001	T	0.000555000555001	0	9000	4	5	9009	66193
UNKNOWN	62	C	0.995781995782	G	0.002886002886	0	8971	26	12	9009	66193
UNKNOWN	63	T	0.998223998224	C	0.000888000888001	0	8	8	8993	9009	66193
UNKNOWN	64	G	0.999000999001	C	0.000888000888001	0	8	9000	1	9009	66193
UNKNOWN	65	C	0.996780996781	T	0.002331002331	8	8980	0	21	9009	66193
UNKNOWN	66	A	0.993561993562	G	0.003996003996	8951	18	36	4	9009	66193
UNKNOWN	67	C	0.99222999223	T	0.00588300588301	2	8939	15	53	9009	66193
UNKNOWN	68	G	0.989898989899	A	0.00710400710401	64	25	8918	2	9009	66193
UNKNOWN	69	A	0.841491841492	G	0.150849150849	7581	55	1359	14	9009	66193
UNKNOWN	70	T	0.989121989122	C	0.010101010101	2	91	5	8911	9009	66193
UNKNOWN	71	C	0.968475968476	G	0.017427017427	23	8725	157	104	9009	66193
UNKNOWN	72	T	0.994782994783	C	0.002886002886	9	26	12	8962	9009	66193
UNKNOWN	73	C	0.997890997891	T	0.000999000999001	2	8990	8	9	9009	66193
UNKNOWN	74	T	0.993894993895	G	0.004218004218	1	16	38	8954	9009	66193
UNKNOWN	75	G	0.996891996892	A	0.002775002775	25	3	8981	0	9009	66193
UNKNOWN	76	G	0.998001998002	A	0.001887001887	17	1	8991	0	9009	66193
UNKNOWN	77	A	0.984237984238	T	0.00643800643801	8867	44	40	58	9009	66193
UNKNOWN	78	T	0.995892995893	C	0.002109002109	0	19	18	8972	9009	66193
UNKNOWN	79	T	0.996891996892	C	0.002775002775	1	25	2	8981	9009	66193
UNKNOWN	80	C	0.994005994006	T	0.00543900543901	3	8955	2	49	9009	66193
UNKNOWN	81	T	0.995448995449	C	0.003219003219	1	29	11	8968	9009	66193
UNKNOWN	82	C	0.998001998002	A	0.001221001221	11	8991	1	6	9009	66193
UNKNOWN	83	A	0.995781995782	C	0.001887001887	8971	17	11	10	9009	66193
UNKNOWN	84	T	0.987345987346	C	0.011544011544	1	104	9	8895	9009	66193
UNKNOWN	85	T	0.996891996892	C	0.001554001554	3	14	11	8981	9009	66193
UNKNOWN	86	G	0.979131979132	A	0.019536019536	176	5	8821	7	9009	66193
UNKNOWN	87	A	0.991230991231	G	0.00599400599401	8930	23	54	2	9009	66193
UNKNOWN	88	G	0.965478965479	A	0.021312021312	192	100	8698	19	9009	66193
UNKNOWN	89	C	0.969474969475	T	0.016206016206	36	8734	93	146	9009	66193
UNKNOWN	90	A	0.985014985015	G	0.011655011655	8874	24	105	6	9009	66193
UNKNOWN	91	G	0.926295926296	A	0.046398046398	418	191	8345	55	9009	66193
UNKNOWN	92	C	0.969141969142	T	0.015096015096	33	8731	109	136	9009	66193
UNKNOWN	93	T	0.982461982462	G	0.00954600954601	55	17	86	8851	9009	66193
UNKNOWN	94	A	0.972693972694	T	0.010989010989	8763	78	69	99	9009	66193
UNKNOWN	95	T	0.987234987235	C	0.00588300588301	17	53	45	8894	9009	66193
UNKNOWN	96	G	0.877233877234	A	0.0947940947941	854	90	7903	162	9009	66193
UNKNOWN	97	C	0.793095793096	G	0.154845154845	289	7145	1395	180	9009	66193
UNKNOWN	98	T	0.985014985015	G	0.00821400821401	13	48	74	8874	9009	66193
UNKNOWN	99	G	0.978687978688	A	0.018648018648	168	3	8817	21	9009	66193
UNKNOWN	100	T	0.993783993784	C	0.004773004773	10	43	3	8953	9009	66193
UNKNOWN	101	A	0.983460983461	G	0.010767010767	8860	29	97	23	9009	66193
UNKNOWN	102	G	0.961926961927	A	0.033744033744	304	31	8666	8	9009	66193
UNKNOWN	103	G	0.920634920635	A	0.043623043623	393	190	8294	132	9009	66193
UNKNOWN	104	C	0.993450993451	T	0.003552003552	9	8950	18	32	9009	66193
UNKNOWN	105	T	0.997113997114	G	0.001887001887	2	7	17	8983	9009	66193
UNKNOWN	106	G	0.999666999667	T	0.000222000222	0	1	9006	2	9009	66193
UNKNOWN	107	G	0.999333999334	A	0.000222000222	2	2	9003	2	9009	66193
UNKNOWN	108	G	0.975690975691	A	0.019092019092	172	26	8790	21	9009	66193
UNKNOWN	109	T	0.996225996226	C	0.002997002997	3	27	4	8975	9009	66193
UNKNOWN	110	C	0.998223998224	T	0.001332001332	3	8993	1	12	9009	66193
UNKNOWN	111	C	0.998445998446	G	0.00111000111	0	8995	10	4	9009	66193
UNKNOWN	112	G	0.998112998113	C	0.001332001332	3	12	8992	2	9009	66193
UNKNOWN	113	C	0.997557997558	A	0.001443001443	13	8987	3	6	9009	66193
UNKNOWN	114	C	0.998001998002	A	0.001332001332	12	8991	1	5	9009	66193
UNKNOWN	115	A	0.995337995338	G	0.003774003774	8967	6	34	2	9009	66193
UNKNOWN	116	G	0.998667998668	A	0.000999000999001	9	1	8997	2	9009	66193
UNKNOWN	117	G	0.992340992341	A	0.004773004773	43	21	8940	5	9009	66193
UNKNOWN	118	C	0.99777999778	T	0.001554001554	2	8989	4	14	9009	66193
UNKNOWN	119	T	0.993228993229	C	0.003774003774	2	34	25	8948	9009	66193
UNKNOWN	120	C	0.999222999223	T	0.000444000444	3	9002	0	4	9009	66193
UNKNOWN	121	C	0.998556998557	A	0.001332001332	12	8996	1	0	9009	66193
UNKNOWN	122	A	0.985791985792	G	0.011988011988	8881	17	108	3	9009	66193
UNKNOWN	123	G	0.999333999334	C	0.000333000333	2	3	9003	1	9009	66193
UNKNOWN	124	G	0.997668997669	A	0.00222000222	20	0	8988	1	9009	66193
UNKNOWN	125	G	0.980574980575	A	0.017982017982	162	12	8834	1	9009	66193
UNKNOWN	126	A	0.997890997891	G	0.001443001443	8990	4	13	2	9009	66193
UNKNOWN	127	A	0.993783993784	G	0.00555000555001	8953	5	50	1	9009	66193
UNKNOWN	128	G	0.999222999223	A	0.000777000777001	7	0	9002	0	9009	66193
UNKNOWN	129	G	0.988788988789	A	0.00732600732601	66	22	8908	13	9009	66193
UNKNOWN	130	C	0.961593961594	T	0.034965034965	0	8663	31	315	9009	66193
UNKNOWN	131	G	0.983571983572	A	0.011877011877	107	18	8861	23	9009	66193
UNKNOWN	132	C	0.993450993451	T	0.003996003996	4	8950	19	36	9009	66193
UNKNOWN	133	T	0.991008991009	C	0.00588300588301	4	53	24	8928	9009	66193
UNKNOWN	134	G	0.976467976468	A	0.019536019536	176	25	8797	11	9009	66193
UNKNOWN	135	G	0.997113997114	A	0.001887001887	17	8	8983	1	9009	66193
UNKNOWN	136	A	0.994560994561	G	0.003663003663	8960	13	33	3	9009	66193
UNKNOWN	137	G	0.909978909979	A	0.0821400821401	740	31	8198	40	9009	66193
UNKNOWN	138	T	0.994338994339	G	0.002331002331	11	19	21	8958	9009	66193
UNKNOWN	139	G	0.96891996892	A	0.022866022866	206	14	8729	60	9009	66193
UNKNOWN	140	T	0.941502941503	C	0.031746031746	4	286	237	8482	9009	66193
UNKNOWN	141	C	0.973581973582	G	0.020091020091	33	8771	181	24	9009	66193
UNKNOWN	142	T	0.997668997669	G	0.00111000111	2	9	10	8988	9009	66193
UNKNOWN	143	T	0.967254967255	C	0.021534021534	5	194	96	8714	9009	66193
UNKNOWN	144	G	0.998334998335	A	0.001443001443	13	0	8994	2	9009	66193
UNKNOWN	145	G	0.99000999001	C	0.00710400710401	7	64	8919	19	9009	66193
UNKNOWN	146	T	0.975690975691	G	0.00932400932401	80	55	84	8790	9009	66193
UNKNOWN	147	G	0.881007881008	A	0.105006105006	946	48	7937	78	9009	66193
UNKNOWN	148	G	0.896325896326	A	0.0651570651571	587	132	8075	215	9009	66193
UNKNOWN	149	T	0.96114996115	G	0.014319014319	95	126	129	8659	9009	66193
UNKNOWN	150	A	0.943722943723	G	0.0537240537241	8502	7	484	16	9009	66193
UNKNOWN	151	T	0.994227994228	G	0.001998001998	17	17	18	8957	9009	66193
UNKNOWN	152	A	0.963036963037	G	0.019869019869	8676	70	179	84	9009	66193
UNKNOWN	153	A	0.938727938728	G	0.0502830502831	8457	88	453	11	9009	66193
UNKNOWN	154	G	0.887778887779	A	0.0741480741481	668	278	7998	65	9009	66193
UNKNOWN	155	T	0.962037962038	C	0.01776001776	43	160	139	8667	9009	66193
UNKNOWN	156	A	0.851703851704	G	0.131313131313	7673	123	1183	30	9009	66193
UNKNOWN	157	G	0.894993894994	C	0.0539460539461	356	486	8063	104	9009	66193
UNKNOWN	158	T	0.970251970252	G	0.014652014652	85	51	132	8741	9009	66193
UNKNOWN	159	G	0.808191808192	A	0.147963147963	1333	273	7281	122	9009	66193
UNKNOWN	160	G	0.867132867133	A	0.0884670884671	797	243	7812	157	9009	66193
UNKNOWN	161	T	0.960816960817	G	0.025974025974	54	65	234	8656	9009	66193
UNKNOWN	162	G	0.995670995671	A	0.002553002553	23	3	8970	13	9009	66193
UNKNOWN	163	G	0.992340992341	A	0.004329004329	39	17	8940	13	9009	66193
UNKNOWN	164	A	0.9666999667	G	0.023754023754	8709	60	214	26	9009	66193
UNKNOWN	165	A	0.955044955045	G	0.036519036519	8604	32	329	44	9009	66193
UNKNOWN	166	G	0.687423687424	A	0.170385170385	1535	831	6193	450	9009	66193
UNKNOWN	167	C	0.907980907981	T	0.043179043179	264	8180	176	389	9009	66193
UNKNOWN	168	A	0.966588966589	G	0.021756021756	8708	52	196	53	9009	66193
UNKNOWN	169	C	0.97446997447	T	0.016317016317	46	8779	37	147	9009	66193
UNKNOWN	170	A	0.980907980908	G	0.011766011766	8837	47	106	19	9009	66193
UNKNOWN	171	G	0.967143967144	A	0.022644022644	204	47	8713	45	9009	66193
UNKNOWN	172	G	0.837273837274	A	0.115551115551	1041	322	7543	103	9009	66193
UNKNOWN	173	C	0.975468975469	G	0.01443001443	14	8788	130	77	9009	66193
UNKNOWN	174	T	0.990231990232	G	0.004107004107	26	25	37	8921	9009	66193
UNKNOWN	175	A	0.992118992119	T	0.00632700632701	8938	9	5	57	9009	66193
UNKNOWN	176	T	0.976023976024	C	0.020646020646	20	186	10	8793	9009	66193
UNKNOWN	177	A	0.991230991231	G	0.00621600621601	8930	19	56	4	9009	66193
UNKNOWN	178	A	0.992673992674	G	0.003441003441	8943	28	31	7	9009	66193
UNKNOWN	179	C	0.928737928738	T	0.0654900654901	19	8367	33	590	9009	66193
UNKNOWN	180	C	0.970473970474	T	0.020313020313	12	8743	71	183	9009	66193
UNKNOWN	181	C	0.994893994894	A	0.002664002664	24	8963	7	15	9009	66193
UNKNOWN	182	A	0.984570984571	G	0.00888000888001	8870	49	80	10	9009	66193
UNKNOWN	183	G	0.987900987901	A	0.00943500943501	85	22	8900	2	9009	66193
UNKNOWN	184	C	0.985458985459	T	0.00610500610501	26	8878	50	55	9009	66193
UNKNOWN	185	C	0.998556998557	G	0.000555000555001	4	8996	5	4	9009	66193
UNKNOWN	186	C	0.997557997558	T	0.002331002331	1	8987	0	21	9009	66193
UNKNOWN	187	T	0.995448995449	G	0.002775002775	7	9	25	8968	9009	66193
UNKNOWN	188	G	0.987567987568	A	0.010767010767	97	3	8897	12	9009	66193
UNKNOWN	189	A	0.993117993118	C	0.003441003441	8947	31	30	1	9009	66193
UNKNOWN	190	A	0.994782994783	C	0.002331002331	8962	21	21	5	9009	66193
UNKNOWN	191	A	0.988677988678	C	0.00444000444	8907	40	35	27	9009	66193
UNKNOWN	192	T	0.986568986569	A	0.00610500610501	55	53	13	8888	9009	66193
UNKNOWN	193	C	0.994227994228	A	0.00333000333	30	8957	3	19	9009	66193
UNKNOWN	194	C	0.992340992341	T	0.003108003108	14	8940	27	28	9009	66193
UNKNOWN	195	C	0.997002997003	G	0.001998001998	4	8982	18	5	9009	66193
UNKNOWN	196	G	0.997224997225	A	0.001887001887	17	5	8984	3	9009	66193
UNKNOWN	197	G	0.96558996559	A	0.020313020313	183	86	8699	41	9009	66193
UNKNOWN	198	C	0.985347985348	G	0.00721500721501	8	8877	65	59	9009	66193
UNKNOWN	199	T	0.995892995893	C	0.003108003108	4	28	5	8972	9009	66193
UNKNOWN	200	C	0.99666999667	A	0.002331002331	21	8979	4	5	9009	66193
UNKNOWN	201	A	0.995448995449	G	0.003441003441	8968	10	31	0	9009	66193
UNKNOWN	202	G	0.977355977356	C	0.017094017094	24	154	8805	26	9009	66193
UNKNOWN	203	C	0.970140970141	T	0.017649017649	51	8740	59	159	9009	66193
UNKNOWN	204	A	0.987123987124	G	0.00921300921301	8893	8	83	25	9009	66193
UNKNOWN	205	T	0.99444999445	C	0.003441003441	10	31	9	8959	9009	66193
UNKNOWN	206	C	0.989454989455	T	0.00666000666001	30	8914	5	60	9009	66193
UNKNOWN	207	A	0.992451992452	G	0.003996003996	8941	22	36	10	9009	66193
UNKNOWN	208	C	0.993006993007	G	0.003219003219	18	8946	29	16	9009	66193
UNKNOWN	209	C	0.966144966145	T	0.016206016206	38	8704	121	146	9009	66193
UNKNOWN	210	A	0.992895992896	C	0.004329004329	8945	39	23	2	9009	66193
UNKNOWN	211	A	0.98667998668	G	0.011766011766	8889	12	106	2	9009	66193
UNKNOWN	212	G	0.991785991786	A	0.00654900654901	59	14	8935	1	9009	66193
UNKNOWN	213	G	0.992007992008	A	0.00732600732601	66	3	8937	3	9009	66193
UNKNOWN	214	A	0.993228993229	C	0.003441003441	8948	31	22	8	9009	66193
UNKNOWN	215	C	0.991674991675	T	0.00444000444	20	8934	15	40	9009	66193
UNKNOWN	216	A	0.992562992563	G	0.004107004107	8942	18	37	12	9009	66193
UNKNOWN	217	A	0.985347985348	C	0.00954600954601	8877	86	42	4	9009	66193
UNKNOWN	218	C	0.980241980242	T	0.016206016206	4	8831	28	146	9009	66193
UNKNOWN	219	T	0.989565989566	A	0.00444000444	40	32	22	8915	9009	66193
UNKNOWN	220	C	0.99333999334	A	0.004662004662	42	8949	4	14	9009	66193
UNKNOWN	221	C	0.989676989677	G	0.004773004773	21	8916	43	29	9009	66193
UNKNOWN	222	A	0.987123987124	C	0.00810300810301	8893	73	32	11	9009	66193
UNKNOWN	223	A	0.989343989344	G	0.00810300810301	8913	8	73	15	9009	66193
UNKNOWN	224	G	0.985680985681	C	0.00777000777001	55	70	8880	4	9009	66193
UNKNOWN	225	A	0.988788988789	G	0.00777000777001	8908	28	70	3	9009	66193
UNKNOWN	226	G	0.960816960817	A	0.03441003441	310	36	8656	7	9009	66193
UNKNOWN	227	C	0.965478965479	T	0.030303030303	14	8698	24	273	9009	66193
UNKNOWN	228	C	0.991341991342	G	0.004662004662	34	8931	42	2	9009	66193
UNKNOWN	229	A	0.992562992563	G	0.003552003552	8942	24	32	11	9009	66193
UNKNOWN	230	A	0.987345987346	G	0.010989010989	8895	12	99	3	9009	66193
UNKNOWN	231	G	0.957264957265	A	0.01887001887	170	101	8624	114	9009	66193
UNKNOWN	232	T	0.994893994894	C	0.003885003885	1	35	10	8963	9009	66193
UNKNOWN	233	C	0.982128982129	T	0.00888000888001	5	8848	76	80	9009	66193
UNKNOWN	234	T	0.992340992341	C	0.004884004884	4	44	21	8940	9009	66193
UNKNOWN	235	C	0.993117993118	T	0.00543900543901	13	8947	0	49	9009	66193
UNKNOWN	236	T	0.985902985903	C	0.00777000777001	6	70	51	8882	9009	66193
UNKNOWN	237	C	0.995115995116	T	0.003441003441	10	8965	3	31	9009	66193
UNKNOWN	238	T	0.995004995005	G	0.003108003108	4	13	28	8964	9009	66193
UNKNOWN	239	G	0.96003996004	A	0.032745032745	295	25	8649	40	9009	66193
UNKNOWN	240	T	0.989343989344	C	0.00444000444	16	40	40	8913	9009	66193
UNKNOWN	241	C	0.991563991564	T	0.00543900543901	22	8933	5	49	9009	66193
UNKNOWN	242	A	0.98001998002	G	0.01221001221	8829	64	110	6	9009	66193
UNKNOWN	243	G	0.87456987457	C	0.0770340770341	343	694	7879	93	9009	66193
UNKNOWN	244	T	0.993228993229	G	0.003552003552	8	21	32	8948	9009	66193
UNKNOWN	245	G	0.972027972028	A	0.016872016872	152	58	8757	42	9009	66193
UNKNOWN	246	A	0.982128982129	G	0.013875013875	8848	26	125	10	9009	66193
UNKNOWN	247	G	0.965034965035	A	0.018315018315	165	102	8694	48	9009	66193
UNKNOWN	248	C	0.969696969697	T	0.017205017205	95	8736	23	155	9009	66193
UNKNOWN	249	A	0.989121989122	G	0.00954600954601	8911	7	86	5	9009	66193
UNKNOWN	250	G	0.990231990232	C	0.00577200577201	21	52	8921	15	9009	66193
UNKNOWN	251	C	0.990453990454	G	0.00444000444	20	8923	40	26	9009	66193
UNKNOWN	252	G	0.986790986791	A	0.00899100899101	81	9	8890	29	9009	66193
UNKNOWN	253	T	0.99000999001	G	0.00510600510601	12	32	46	8919	9009	66193
UNKNOWN	254	G	0.946941946942	A	0.035298035298	318	52	8531	108	9009	66193
UNKNOWN	255	A	0.983238983239	G	0.00743700743701	8858	34	67	50	9009	66193
UNKNOWN	256	C	0.98112998113	G	0.00699300699301	52	8839	63	55	9009	66193
UNKNOWN	257	A	0.973692973693	G	0.01887001887	8772	37	170	30	9009	66193
UNKNOWN	258	A	0.853812853813	C	0.111666111666	7692	1006	294	17	9009	66193
UNKNOWN	259	C	0.949605949606	G	0.023754023754	53	8555	214	187	9009	66193
UNKNOWN	260	T	0.970251970252	G	0.01998001998	18	70	180	8741	9009	66193
UNKNOWN	261	G	0.990786990787	A	0.00721500721501	65	8	8926	10	9009	66193
UNKNOWN	262	A	0.988122988123	G	0.00932400932401	8902	18	84	5	9009	66193
UNKNOWN	263	G	0.952158952159	A	0.030747030747	277	110	8578	44	9009	66193
UNKNOWN	264	G	0.992007992008	A	0.00632700632701	57	1	8937	14	9009	66193
UNKNOWN	265	A	0.991008991009	C	0.00577200577201	8928	52	20	9	9009	66193
UNKNOWN	266	C	0.963036963037	T	0.027861027861	59	8676	23	251	9009	66193
UNKNOWN	267	A	0.981240981241	T	0.00843600843601	8840	30	63	76	9009	66193
UNKNOWN	268	C	0.991563991564	G	0.003774003774	27	8933	34	15	9009	66193
UNKNOWN	269	G	0.992118992119	A	0.003219003219	29	21	8938	21	9009	66193
UNKNOWN	270	G	0.993783993784	C	0.002553002553	20	23	8953	13	9009	66193
UNKNOWN	271	C	0.992340992341	A	0.003996003996	36	8940	22	11	9009	66193
UNKNOWN	272	C	0.99222999223	A	0.00510600510601	46	8939	10	14	9009	66193
UNKNOWN	273	A	0.990231990232	G	0.004329004329	8921	34	39	15	9009	66193
UNKNOWN	274	C	0.989121989122	A	0.00632700632701	57	8911	24	17	9009	66193
UNKNOWN	275	A	0.979020979021	G	0.011766011766	8820	30	106	53	9009	66193
UNKNOWN	276	T	0.989676989677	G	0.004773004773	38	12	43	8916	9009	66193
UNKNOWN	277	A	0.991452991453	C	0.004218004218	8932	38	28	11	9009	66193
UNKNOWN	278	C	0.966366966367	T	0.031635031635	12	8706	6	285	9009	66193
UNKNOWN	279	T	0.98556998557	G	0.00588300588301	38	39	53	8879	9009	66193
UNKNOWN	280	A	0.983904983905	C	0.00666000666001	8864	60	37	48	9009	66193
UNKNOWN	281	C	0.957264957265	T	0.040626040626	10	8624	9	366	9009	66193
UNKNOWN	282	T	0.985014985015	G	0.010212010212	31	12	92	8874	9009	66193
