Type	Position	Nucl1	Freq1	Nucl2	Freq2	NumAs	NumCs	NumGs	NumTs	NumAligned	NumNaive
UNKNOWN	0	C	1.0	A	0.0	0	136	0	0	136	75857
UNKNOWN	1	A	1.0	C	0.0	136	0	0	0	136	75857
UNKNOWN	2	G	1.0	A	0.0	0	0	136	0	136	75857
UNKNOWN	3	G	1.0	A	0.0	0	0	136	0	136	75857
UNKNOWN	4	T	1.0	A	0.0	0	0	0	136	136	75857
UNKNOWN	5	G	1.0	A	0.0	0	0	136	0	136	75857
UNKNOWN	6	C	1.0	A	0.0	0	136	0	0	136	75857
UNKNOWN	7	A	1.0	C	0.0	136	0	0	0	136	75857
UNKNOWN	8	G	1.0	A	0.0	0	0	136	0	136	75857
UNKNOWN	9	C	1.0	A	0.0	0	136	0	0	136	75857
UNKNOWN	10	T	1.0	A	0.0	0	0	0	136	136	75857
UNKNOWN	11	G	0.970588235294	A	0.0294117647059	4	0	132	0	136	75857
UNKNOWN	12	C	1.0	A	0.0	0	136	0	0	136	75857
UNKNOWN	13	A	0.830882352941	G	0.117647058824	113	7	16	0	136	75857
UNKNOWN	14	G	0.985294117647	C	0.0147058823529	0	2	134	0	136	75857
UNKNOWN	15	G	1.0	A	0.0	0	0	136	0	136	75857
UNKNOWN	16	A	0.992647058824	G	0.00735294117647	135	0	1	0	136	75857
UNKNOWN	17	G	1.0	A	0.0	0	0	136	0	136	75857
UNKNOWN	18	T	1.0	A	0.0	0	0	0	136	136	75857
UNKNOWN	19	C	0.992647058824	A	0.00735294117647	1	135	0	0	136	75857
UNKNOWN	20	G	0.970588235294	A	0.0294117647059	4	0	132	0	136	75857
UNKNOWN	21	G	1.0	A	0.0	0	0	136	0	136	75857
UNKNOWN	22	G	1.0	A	0.0	0	0	136	0	136	75857
UNKNOWN	23	C	1.0	A	0.0	0	136	0	0	136	75857
UNKNOWN	24	C	0.985294117647	A	0.00735294117647	1	134	0	1	136	75857
UNKNOWN	25	C	0.992647058824	A	0.00735294117647	1	135	0	0	136	75857
UNKNOWN	26	C	1.0	A	0.0	0	136	0	0	136	75857
UNKNOWN	27	A	0.992647058824	G	0.00735294117647	135	0	1	0	136	75857
UNKNOWN	28	G	1.0	A	0.0	0	0	136	0	136	75857
UNKNOWN	29	C	0.992647058824	T	0.00735294117647	0	135	0	1	136	75857
UNKNOWN	30	C	0.992647058824	T	0.00735294117647	0	135	0	1	136	75857
UNKNOWN	31	T	1.0	A	0.0	0	0	0	136	136	75857
UNKNOWN	32	G	1.0	A	0.0	0	0	136	0	136	75857
UNKNOWN	33	G	1.0	A	0.0	0	0	136	0	136	75857
UNKNOWN	34	T	0.992647058824	G	0.00735294117647	0	0	1	135	136	75857
UNKNOWN	35	G	1.0	A	0.0	0	0	136	0	136	75857
UNKNOWN	36	A	1.0	C	0.0	136	0	0	0	136	75857
UNKNOWN	37	A	1.0	C	0.0	136	0	0	0	136	75857
UNKNOWN	38	G	1.0	A	0.0	0	0	136	0	136	75857
UNKNOWN	39	A	0.536764705882	C	0.448529411765	73	61	2	0	136	75857
UNKNOWN	40	C	1.0	A	0.0	0	136	0	0	136	75857
UNKNOWN	41	C	0.955882352941	T	0.0220588235294	1	130	2	3	136	75857
UNKNOWN	42	T	0.970588235294	C	0.0294117647059	0	4	0	132	136	75857
UNKNOWN	43	C	1.0	A	0.0	0	136	0	0	136	75857
UNKNOWN	44	A	1.0	C	0.0	136	0	0	0	136	75857
UNKNOWN	45	C	1.0	A	0.0	0	136	0	0	136	75857
UNKNOWN	46	A	1.0	C	0.0	136	0	0	0	136	75857
UNKNOWN	47	G	1.0	A	0.0	0	0	136	0	136	75857
UNKNOWN	48	A	1.0	C	0.0	136	0	0	0	136	75857
UNKNOWN	49	C	0.992647058824	T	0.00735294117647	0	135	0	1	136	75857
UNKNOWN	50	C	0.529411764706	A	0.470588235294	64	72	0	0	136	75857
UNKNOWN	51	C	1.0	A	0.0	0	136	0	0	136	75857
UNKNOWN	52	T	1.0	A	0.0	0	0	0	136	136	75857
UNKNOWN	53	C	1.0	A	0.0	0	136	0	0	136	75857
UNKNOWN	54	T	0.992647058824	C	0.00735294117647	0	1	0	135	136	75857
UNKNOWN	55	C	1.0	A	0.0	0	136	0	0	136	75857
UNKNOWN	56	C	1.0	A	0.0	0	136	0	0	136	75857
UNKNOWN	57	C	1.0	A	0.0	0	136	0	0	136	75857
UNKNOWN	58	T	1.0	A	0.0	0	0	0	136	136	75857
UNKNOWN	59	C	1.0	A	0.0	0	136	0	0	136	75857
UNKNOWN	60	A	1.0	C	0.0	136	0	0	0	136	75857
UNKNOWN	61	C	0.992647058824	T	0.00735294117647	0	135	0	1	136	75857
UNKNOWN	62	T	0.536764705882	C	0.463235294118	0	63	0	73	136	75857
UNKNOWN	63	T	1.0	A	0.0	0	0	0	136	136	75857
UNKNOWN	64	G	1.0	A	0.0	0	0	136	0	136	75857
UNKNOWN	65	C	1.0	A	0.0	0	136	0	0	136	75857
UNKNOWN	66	A	1.0	C	0.0	136	0	0	0	136	75857
UNKNOWN	67	C	1.0	A	0.0	0	136	0	0	136	75857
UNKNOWN	68	G	1.0	A	0.0	0	0	136	0	136	75857
UNKNOWN	69	G	1.0	A	0.0	0	0	136	0	136	75857
UNKNOWN	70	C	0.992647058824	T	0.00735294117647	0	135	0	1	136	75857
UNKNOWN	71	C	0.963235294118	G	0.0294117647059	1	131	4	0	136	75857
UNKNOWN	72	T	0.992647058824	G	0.00735294117647	0	0	1	135	136	75857
UNKNOWN	73	C	1.0	A	0.0	0	136	0	0	136	75857
UNKNOWN	74	T	0.985294117647	C	0.0147058823529	0	2	0	134	136	75857
UNKNOWN	75	G	0.992647058824	A	0.00735294117647	1	0	135	0	136	75857
UNKNOWN	76	G	0.985294117647	A	0.00735294117647	1	0	134	1	136	75857
UNKNOWN	77	A	1.0	C	0.0	136	0	0	0	136	75857
UNKNOWN	78	T	1.0	A	0.0	0	0	0	136	136	75857
UNKNOWN	79	T	1.0	A	0.0	0	0	0	136	136	75857
UNKNOWN	80	A	0.897058823529	C	0.102941176471	122	14	0	0	136	75857
UNKNOWN	81	T	1.0	A	0.0	0	0	0	136	136	75857
UNKNOWN	82	C	1.0	A	0.0	0	136	0	0	136	75857
UNKNOWN	83	A	0.970588235294	C	0.0294117647059	132	4	0	0	136	75857
UNKNOWN	84	T	1.0	A	0.0	0	0	0	136	136	75857
UNKNOWN	85	T	1.0	A	0.0	0	0	0	136	136	75857
UNKNOWN	86	A	1.0	C	0.0	136	0	0	0	136	75857
UNKNOWN	87	A	0.992647058824	G	0.00735294117647	135	0	1	0	136	75857
UNKNOWN	88	C	0.963235294118	G	0.0220588235294	1	131	3	1	136	75857
UNKNOWN	89	C	0.992647058824	T	0.00735294117647	0	135	0	1	136	75857
UNKNOWN	90	A	1.0	C	0.0	136	0	0	0	136	75857
UNKNOWN	91	G	0.963235294118	C	0.0294117647059	1	4	131	0	136	75857
UNKNOWN	92	A	0.963235294118	C	0.0294117647059	131	4	0	1	136	75857
UNKNOWN	93	T	0.919117647059	C	0.0367647058824	2	5	4	125	136	75857
UNKNOWN	94	A	0.985294117647	T	0.00735294117647	134	0	1	1	136	75857
UNKNOWN	95	T	0.963235294118	G	0.0294117647059	0	1	4	131	136	75857
UNKNOWN	96	G	0.926470588235	A	0.0735294117647	10	0	126	0	136	75857
UNKNOWN	97	G	0.772058823529	A	0.220588235294	30	1	105	0	136	75857
UNKNOWN	98	T	0.963235294118	G	0.0294117647059	0	1	4	131	136	75857
UNKNOWN	99	A	0.823529411765	G	0.176470588235	112	0	24	0	136	75857
UNKNOWN	100	T	1.0	A	0.0	0	0	0	136	136	75857
UNKNOWN	101	A	1.0	C	0.0	136	0	0	0	136	75857
UNKNOWN	102	C	0.977941176471	T	0.0220588235294	0	133	0	3	136	75857
UNKNOWN	103	A	0.992647058824	C	0.00735294117647	135	1	0	0	136	75857
UNKNOWN	104	C	0.948529411765	G	0.0367647058824	0	129	5	2	136	75857
UNKNOWN	105	T	1.0	A	0.0	0	0	0	136	136	75857
UNKNOWN	106	G	1.0	A	0.0	0	0	136	0	136	75857
UNKNOWN	107	G	0.992647058824	A	0.00735294117647	1	0	135	0	136	75857
UNKNOWN	108	G	0.992647058824	A	0.00735294117647	1	0	135	0	136	75857
UNKNOWN	109	T	0.992647058824	C	0.00735294117647	0	1	0	135	136	75857
UNKNOWN	110	C	0.985294117647	T	0.0147058823529	0	134	0	2	136	75857
UNKNOWN	111	C	1.0	A	0.0	0	136	0	0	136	75857
UNKNOWN	112	G	1.0	A	0.0	0	0	136	0	136	75857
UNKNOWN	113	C	1.0	A	0.0	0	136	0	0	136	75857
UNKNOWN	114	C	1.0	A	0.0	0	136	0	0	136	75857
UNKNOWN	115	A	1.0	C	0.0	136	0	0	0	136	75857
UNKNOWN	116	G	1.0	A	0.0	0	0	136	0	136	75857
UNKNOWN	117	G	1.0	A	0.0	0	0	136	0	136	75857
UNKNOWN	118	C	1.0	A	0.0	0	136	0	0	136	75857
UNKNOWN	119	T	1.0	A	0.0	0	0	0	136	136	75857
UNKNOWN	120	C	0.992647058824	T	0.00735294117647	0	135	0	1	136	75857
UNKNOWN	121	C	1.0	A	0.0	0	136	0	0	136	75857
UNKNOWN	122	A	1.0	C	0.0	136	0	0	0	136	75857
UNKNOWN	123	G	1.0	A	0.0	0	0	136	0	136	75857
UNKNOWN	124	G	1.0	A	0.0	0	0	136	0	136	75857
UNKNOWN	125	A	1.0	C	0.0	136	0	0	0	136	75857
UNKNOWN	126	A	1.0	C	0.0	136	0	0	0	136	75857
UNKNOWN	127	A	0.985294117647	G	0.0147058823529	134	0	2	0	136	75857
UNKNOWN	128	G	1.0	A	0.0	0	0	136	0	136	75857
UNKNOWN	129	G	0.985294117647	C	0.0147058823529	0	2	134	0	136	75857
UNKNOWN	130	C	0.992647058824	T	0.00735294117647	0	135	0	1	136	75857
UNKNOWN	131	G	1.0	A	0.0	0	0	136	0	136	75857
UNKNOWN	132	C	0.992647058824	G	0.00735294117647	0	135	1	0	136	75857
UNKNOWN	133	T	1.0	A	0.0	0	0	0	136	136	75857
UNKNOWN	134	G	0.992647058824	A	0.00735294117647	1	0	135	0	136	75857
UNKNOWN	135	G	0.985294117647	A	0.0147058823529	2	0	134	0	136	75857
UNKNOWN	136	A	1.0	C	0.0	136	0	0	0	136	75857
UNKNOWN	137	G	1.0	A	0.0	0	0	136	0	136	75857
UNKNOWN	138	T	1.0	A	0.0	0	0	0	136	136	75857
UNKNOWN	139	G	0.823529411765	A	0.176470588235	24	0	112	0	136	75857
UNKNOWN	140	G	0.823529411765	C	0.169117647059	1	23	112	0	136	75857
UNKNOWN	141	C	1.0	A	0.0	0	136	0	0	136	75857
UNKNOWN	142	T	0.992647058824	C	0.00735294117647	0	1	0	135	136	75857
UNKNOWN	143	T	0.985294117647	C	0.0147058823529	0	2	0	134	136	75857
UNKNOWN	144	G	1.0	A	0.0	0	0	136	0	136	75857
UNKNOWN	145	G	1.0	A	0.0	0	0	136	0	136	75857
UNKNOWN	146	T	0.985294117647	C	0.00735294117647	0	1	1	134	136	75857
UNKNOWN	147	G	0.933823529412	T	0.0441176470588	2	1	127	6	136	75857
UNKNOWN	148	A	0.963235294118	G	0.0220588235294	131	1	3	1	136	75857
UNKNOWN	149	T	0.992647058824	G	0.00735294117647	0	0	1	135	136	75857
UNKNOWN	150	A	0.985294117647	C	0.00735294117647	134	1	1	0	136	75857
UNKNOWN	151	T	0.985294117647	G	0.0147058823529	0	0	2	134	136	75857
UNKNOWN	152	A	0.941176470588	G	0.0588235294118	128	0	8	0	136	75857
UNKNOWN	153	A	0.963235294118	G	0.0220588235294	131	0	3	2	136	75857
UNKNOWN	154	G	0.889705882353	A	0.0808823529412	11	3	121	1	136	75857
UNKNOWN	155	C	0.970588235294	G	0.0147058823529	1	132	2	1	136	75857
UNKNOWN	156	A	0.992647058824	G	0.00735294117647	135	0	1	0	136	75857
UNKNOWN	157	G	0.977941176471	C	0.0220588235294	0	3	133	0	136	75857
UNKNOWN	158	T	0.970588235294	G	0.0294117647059	0	0	4	132	136	75857
UNKNOWN	159	G	0.735294117647	C	0.183823529412	10	25	100	1	136	75857
UNKNOWN	160	G	0.948529411765	A	0.0441176470588	6	1	129	0	136	75857
UNKNOWN	161	T	1.0	A	0.0	0	0	0	136	136	75857
UNKNOWN	162	G	0.992647058824	A	0.00735294117647	1	0	135	0	136	75857
UNKNOWN	163	G	1.0	A	0.0	0	0	136	0	136	75857
UNKNOWN	164	A	1.0	C	0.0	136	0	0	0	136	75857
UNKNOWN	165	A	0.977941176471	G	0.0220588235294	133	0	3	0	136	75857
UNKNOWN	166	G	0.691176470588	C	0.213235294118	5	29	94	8	136	75857
UNKNOWN	167	C	0.764705882353	A	0.183823529412	25	104	1	6	136	75857
UNKNOWN	168	A	0.911764705882	T	0.0882352941176	124	0	0	12	136	75857
UNKNOWN	169	C	0.955882352941	T	0.0441176470588	0	130	0	6	136	75857
UNKNOWN	170	A	1.0	C	0.0	136	0	0	0	136	75857
UNKNOWN	171	G	0.955882352941	C	0.0294117647059	2	4	130	0	136	75857
UNKNOWN	172	G	0.875	A	0.0955882352941	13	2	119	2	136	75857
UNKNOWN	173	C	1.0	A	0.0	0	136	0	0	136	75857
UNKNOWN	174	T	1.0	A	0.0	0	0	0	136	136	75857
UNKNOWN	175	A	0.985294117647	C	0.0147058823529	134	2	0	0	136	75857
UNKNOWN	176	T	0.794117647059	C	0.198529411765	1	27	0	108	136	75857
UNKNOWN	177	A	0.992647058824	C	0.00735294117647	135	1	0	0	136	75857
UNKNOWN	178	A	0.992647058824	G	0.00735294117647	135	0	1	0	136	75857
UNKNOWN	179	C	0.977941176471	T	0.0220588235294	0	133	0	3	136	75857
UNKNOWN	180	C	0.992647058824	T	0.00735294117647	0	135	0	1	136	75857
UNKNOWN	181	C	1.0	A	0.0	0	136	0	0	136	75857
UNKNOWN	182	A	1.0	C	0.0	136	0	0	0	136	75857
UNKNOWN	183	G	1.0	A	0.0	0	0	136	0	136	75857
UNKNOWN	184	G	0.573529411765	C	0.419117647059	0	57	78	1	136	75857
UNKNOWN	185	C	1.0	A	0.0	0	136	0	0	136	75857
UNKNOWN	186	C	1.0	A	0.0	0	136	0	0	136	75857
UNKNOWN	187	T	1.0	A	0.0	0	0	0	136	136	75857
UNKNOWN	188	G	1.0	A	0.0	0	0	136	0	136	75857
UNKNOWN	189	A	0.992647058824	G	0.00735294117647	135	0	1	0	136	75857
UNKNOWN	190	A	1.0	C	0.0	136	0	0	0	136	75857
UNKNOWN	191	A	1.0	C	0.0	136	0	0	0	136	75857
UNKNOWN	192	T	1.0	A	0.0	0	0	0	136	136	75857
UNKNOWN	193	C	1.0	A	0.0	0	136	0	0	136	75857
UNKNOWN	194	C	0.963235294118	G	0.0294117647059	0	131	4	1	136	75857
UNKNOWN	195	C	1.0	A	0.0	0	136	0	0	136	75857
UNKNOWN	196	G	1.0	A	0.0	0	0	136	0	136	75857
UNKNOWN	197	G	0.985294117647	A	0.0147058823529	2	0	134	0	136	75857
UNKNOWN	198	C	1.0	A	0.0	0	136	0	0	136	75857
UNKNOWN	199	T	1.0	A	0.0	0	0	0	136	136	75857
UNKNOWN	200	C	0.992647058824	T	0.00735294117647	0	135	0	1	136	75857
UNKNOWN	201	A	0.970588235294	G	0.0294117647059	132	0	4	0	136	75857
UNKNOWN	202	G	1.0	A	0.0	0	0	136	0	136	75857
UNKNOWN	203	C	0.970588235294	T	0.0147058823529	1	132	1	2	136	75857
UNKNOWN	204	A	1.0	C	0.0	136	0	0	0	136	75857
UNKNOWN	205	T	1.0	A	0.0	0	0	0	136	136	75857
UNKNOWN	206	C	1.0	A	0.0	0	136	0	0	136	75857
UNKNOWN	207	A	0.992647058824	G	0.00735294117647	135	0	1	0	136	75857
UNKNOWN	208	C	1.0	A	0.0	0	136	0	0	136	75857
UNKNOWN	209	C	0.977941176471	G	0.0147058823529	0	133	2	1	136	75857
UNKNOWN	210	A	1.0	C	0.0	136	0	0	0	136	75857
UNKNOWN	211	A	0.992647058824	G	0.00735294117647	135	0	1	0	136	75857
UNKNOWN	212	G	0.992647058824	C	0.00735294117647	0	1	135	0	136	75857
UNKNOWN	213	G	1.0	A	0.0	0	0	136	0	136	75857
UNKNOWN	214	A	0.985294117647	G	0.0147058823529	134	0	2	0	136	75857
UNKNOWN	215	C	0.992647058824	G	0.00735294117647	0	135	1	0	136	75857
UNKNOWN	216	A	0.977941176471	G	0.0220588235294	133	0	3	0	136	75857
UNKNOWN	217	A	0.992647058824	C	0.00735294117647	135	1	0	0	136	75857
UNKNOWN	218	C	0.992647058824	A	0.00735294117647	1	135	0	0	136	75857
UNKNOWN	219	T	0.992647058824	A	0.00735294117647	1	0	0	135	136	75857
UNKNOWN	220	C	1.0	A	0.0	0	136	0	0	136	75857
UNKNOWN	221	C	1.0	A	0.0	0	136	0	0	136	75857
UNKNOWN	222	A	1.0	C	0.0	136	0	0	0	136	75857
UNKNOWN	223	A	0.992647058824	G	0.00735294117647	135	0	1	0	136	75857
UNKNOWN	224	G	1.0	A	0.0	0	0	136	0	136	75857
UNKNOWN	225	A	1.0	C	0.0	136	0	0	0	136	75857
UNKNOWN	226	G	0.955882352941	C	0.0367647058824	1	5	130	0	136	75857
UNKNOWN	227	C	0.992647058824	T	0.00735294117647	0	135	0	1	136	75857
UNKNOWN	228	C	1.0	A	0.0	0	136	0	0	136	75857
UNKNOWN	229	A	0.992647058824	G	0.00735294117647	135	0	1	0	136	75857
UNKNOWN	230	A	0.970588235294	G	0.0294117647059	132	0	4	0	136	75857
UNKNOWN	231	G	0.992647058824	A	0.00735294117647	1	0	135	0	136	75857
UNKNOWN	232	T	1.0	A	0.0	0	0	0	136	136	75857
UNKNOWN	233	C	0.985294117647	T	0.00735294117647	0	134	1	1	136	75857
UNKNOWN	234	T	1.0	A	0.0	0	0	0	136	136	75857
UNKNOWN	235	C	1.0	A	0.0	0	136	0	0	136	75857
UNKNOWN	236	T	0.948529411765	C	0.0441176470588	1	6	0	129	136	75857
UNKNOWN	237	C	1.0	A	0.0	0	136	0	0	136	75857
UNKNOWN	238	T	1.0	A	0.0	0	0	0	136	136	75857
UNKNOWN	239	G	0.970588235294	A	0.0147058823529	2	2	132	0	136	75857
UNKNOWN	240	T	0.992647058824	A	0.00735294117647	1	0	0	135	136	75857
UNKNOWN	241	C	1.0	A	0.0	0	136	0	0	136	75857
UNKNOWN	242	A	1.0	C	0.0	136	0	0	0	136	75857
UNKNOWN	243	C	0.977941176471	A	0.00735294117647	1	133	1	1	136	75857
UNKNOWN	244	T	1.0	A	0.0	0	0	0	136	136	75857
UNKNOWN	245	G	0.992647058824	A	0.00735294117647	1	0	135	0	136	75857
UNKNOWN	246	A	0.992647058824	G	0.00735294117647	135	0	1	0	136	75857
UNKNOWN	247	G	1.0	A	0.0	0	0	136	0	136	75857
UNKNOWN	248	C	0.955882352941	T	0.0220588235294	2	130	1	3	136	75857
UNKNOWN	249	A	1.0	C	0.0	136	0	0	0	136	75857
UNKNOWN	250	G	0.955882352941	A	0.0367647058824	5	1	130	0	136	75857
UNKNOWN	251	C	0.970588235294	T	0.0294117647059	0	132	0	4	136	75857
UNKNOWN	252	C	0.963235294118	G	0.0367647058824	0	131	5	0	136	75857
UNKNOWN	253	T	1.0	A	0.0	0	0	0	136	136	75857
UNKNOWN	254	G	1.0	A	0.0	0	0	136	0	136	75857
UNKNOWN	255	A	0.985294117647	C	0.00735294117647	134	1	1	0	136	75857
UNKNOWN	256	C	0.963235294118	G	0.0367647058824	0	131	5	0	136	75857
UNKNOWN	257	G	0.544117647059	A	0.455882352941	62	0	74	0	136	75857
UNKNOWN	258	C	0.970588235294	A	0.0294117647059	4	132	0	0	136	75857
UNKNOWN	259	C	1.0	A	0.0	0	136	0	0	136	75857
UNKNOWN	260	T	0.985294117647	A	0.00735294117647	1	1	0	134	136	75857
UNKNOWN	261	G	1.0	A	0.0	0	0	136	0	136	75857
UNKNOWN	262	A	0.985294117647	C	0.00735294117647	134	1	1	0	136	75857
UNKNOWN	263	G	0.992647058824	C	0.00735294117647	0	1	135	0	136	75857
UNKNOWN	264	G	0.992647058824	A	0.00735294117647	1	0	135	0	136	75857
UNKNOWN	265	A	0.963235294118	C	0.0220588235294	131	3	1	1	136	75857
UNKNOWN	266	C	0.992647058824	G	0.00735294117647	0	135	1	0	136	75857
UNKNOWN	267	T	0.963235294118	A	0.0367647058824	5	0	0	131	136	75857
UNKNOWN	268	C	0.985294117647	A	0.00735294117647	1	134	1	0	136	75857
UNKNOWN	269	A	0.919117647059	G	0.0735294117647	125	1	10	0	136	75857
UNKNOWN	270	G	1.0	A	0.0	0	0	136	0	136	75857
UNKNOWN	271	C	0.970588235294	G	0.0294117647059	0	132	4	0	136	75857
UNKNOWN	272	C	1.0	A	0.0	0	136	0	0	136	75857
UNKNOWN	273	A	1.0	C	0.0	136	0	0	0	136	75857
UNKNOWN	274	C	0.992647058824	G	0.00735294117647	0	135	1	0	136	75857
UNKNOWN	275	A	0.992647058824	G	0.00735294117647	135	0	1	0	136	75857
UNKNOWN	276	T	0.985294117647	C	0.00735294117647	0	1	1	134	136	75857
UNKNOWN	277	A	1.0	C	0.0	136	0	0	0	136	75857
UNKNOWN	278	C	0.977941176471	T	0.0220588235294	0	133	0	3	136	75857
UNKNOWN	279	T	0.992647058824	G	0.00735294117647	0	0	1	135	136	75857
UNKNOWN	280	A	0.992647058824	T	0.00735294117647	135	0	0	1	136	75857
UNKNOWN	281	C	0.992647058824	T	0.00735294117647	0	135	0	1	136	75857
UNKNOWN	282	T	0.992647058824	G	0.00735294117647	0	0	1	135	136	75857
