Type	Position	Nucl1	Freq1	Nucl2	Freq2	NumAs	NumCs	NumGs	NumTs	NumAligned	NumNaive
UNKNOWN	0	A	1.0	C	0.0	1233	0	0	0	1233	75857
UNKNOWN	1	A	1.0	C	0.0	1233	0	0	0	1233	75857
UNKNOWN	2	G	1.0	A	0.0	0	0	1233	0	1233	75857
UNKNOWN	3	G	1.0	A	0.0	0	0	1233	0	1233	75857
UNKNOWN	4	T	1.0	A	0.0	0	0	0	1233	1233	75857
UNKNOWN	5	G	1.0	A	0.0	0	0	1233	0	1233	75857
UNKNOWN	6	C	1.0	A	0.0	0	1233	0	0	1233	75857
UNKNOWN	7	A	0.996755879968	G	0.00243309002433	1229	0	3	1	1233	75857
UNKNOWN	8	G	0.995133819951	A	0.00243309002433	3	2	1227	1	1233	75857
UNKNOWN	9	C	0.995944849959	G	0.00243309002433	0	1228	3	2	1233	75857
UNKNOWN	10	T	1.0	A	0.0	0	0	0	1233	1233	75857
UNKNOWN	11	G	0.998377939984	A	0.00162206001622	2	0	1231	0	1233	75857
UNKNOWN	12	C	1.0	A	0.0	0	1233	0	0	1233	75857
UNKNOWN	13	A	0.513381995134	G	0.460665044607	633	29	568	3	1233	75857
UNKNOWN	14	G	0.980535279805	C	0.0170316301703	2	21	1209	1	1233	75857
UNKNOWN	15	G	0.998377939984	A	0.00081103000811	1	0	1231	1	1233	75857
UNKNOWN	16	A	0.998377939984	C	0.00081103000811	1231	1	0	1	1233	75857
UNKNOWN	17	G	0.994322789943	A	0.00405515004055	5	1	1226	1	1233	75857
UNKNOWN	18	T	0.995133819951	C	0.00243309002433	0	3	3	1227	1233	75857
UNKNOWN	19	C	0.998377939984	A	0.00081103000811	1	1231	0	1	1233	75857
UNKNOWN	20	G	0.631792376318	A	0.367396593674	453	1	779	0	1233	75857
UNKNOWN	21	G	1.0	A	0.0	0	0	1233	0	1233	75857
UNKNOWN	22	G	1.0	A	0.0	0	0	1233	0	1233	75857
UNKNOWN	23	C	0.984590429846	T	0.0154095701541	0	1214	0	19	1233	75857
UNKNOWN	24	C	0.985401459854	A	0.00729927007299	9	1215	4	5	1233	75857
UNKNOWN	25	C	0.999188969992	T	0.00081103000811	0	1232	0	1	1233	75857
UNKNOWN	26	C	0.999188969992	A	0.00081103000811	1	1232	0	0	1233	75857
UNKNOWN	27	A	0.994322789943	G	0.00486618004866	1226	1	6	0	1233	75857
UNKNOWN	28	G	0.991889699919	A	0.00729927007299	9	1	1223	0	1233	75857
UNKNOWN	29	C	0.998377939984	T	0.00081103000811	0	1231	1	1	1233	75857
UNKNOWN	30	C	0.996755879968	T	0.00243309002433	1	1229	0	3	1233	75857
UNKNOWN	31	T	0.994322789943	C	0.00324412003244	0	4	3	1226	1233	75857
UNKNOWN	32	G	0.998377939984	A	0.00081103000811	1	0	1231	1	1233	75857
UNKNOWN	33	G	0.995133819951	C	0.00243309002433	2	3	1227	1	1233	75857
UNKNOWN	34	T	0.999188969992	G	0.00081103000811	0	0	1	1232	1233	75857
UNKNOWN	35	G	0.996755879968	A	0.00324412003244	4	0	1229	0	1233	75857
UNKNOWN	36	A	0.995944849959	G	0.00324412003244	1228	1	4	0	1233	75857
UNKNOWN	37	A	0.995944849959	G	0.00405515004055	1228	0	5	0	1233	75857
UNKNOWN	38	G	0.995944849959	T	0.00243309002433	0	2	1228	3	1233	75857
UNKNOWN	39	C	0.997566909976	A	0.00081103000811	1	1230	1	1	1233	75857
UNKNOWN	40	C	1.0	A	0.0	0	1233	0	0	1233	75857
UNKNOWN	41	C	0.995944849959	G	0.00324412003244	0	1228	4	1	1233	75857
UNKNOWN	42	T	0.993511759935	C	0.00567721005677	0	7	1	1225	1233	75857
UNKNOWN	43	C	0.999188969992	A	0.00081103000811	1	1232	0	0	1233	75857
UNKNOWN	44	A	0.997566909976	C	0.00162206001622	1230	2	0	1	1233	75857
UNKNOWN	45	C	0.999188969992	A	0.00081103000811	1	1232	0	0	1233	75857
UNKNOWN	46	A	0.998377939984	C	0.00081103000811	1231	1	1	0	1233	75857
UNKNOWN	47	G	0.998377939984	A	0.00162206001622	2	0	1231	0	1233	75857
UNKNOWN	48	A	0.993511759935	C	0.00486618004866	1225	6	2	0	1233	75857
UNKNOWN	49	C	0.999188969992	T	0.00081103000811	0	1232	0	1	1233	75857
UNKNOWN	50	C	0.999188969992	T	0.00081103000811	0	1232	0	1	1233	75857
UNKNOWN	51	C	0.999188969992	T	0.00081103000811	0	1232	0	1	1233	75857
UNKNOWN	52	T	0.994322789943	C	0.00405515004055	2	5	0	1226	1233	75857
UNKNOWN	53	C	0.998377939984	A	0.00081103000811	1	1231	0	1	1233	75857
UNKNOWN	54	T	0.995944849959	C	0.00405515004055	0	5	0	1228	1233	75857
UNKNOWN	55	C	1.0	A	0.0	0	1233	0	0	1233	75857
UNKNOWN	56	C	0.996755879968	T	0.00243309002433	0	1229	1	3	1233	75857
UNKNOWN	57	C	0.997566909976	T	0.00162206001622	1	1230	0	2	1233	75857
UNKNOWN	58	T	0.997566909976	C	0.00243309002433	0	3	0	1230	1233	75857
UNKNOWN	59	C	0.998377939984	A	0.00162206001622	2	1231	0	0	1233	75857
UNKNOWN	60	A	0.997566909976	C	0.00162206001622	1230	2	1	0	1233	75857
UNKNOWN	61	C	0.996755879968	T	0.00243309002433	1	1229	0	3	1233	75857
UNKNOWN	62	C	0.996755879968	T	0.00162206001622	1	1229	1	2	1233	75857
UNKNOWN	63	T	0.995133819951	C	0.00405515004055	0	5	1	1227	1233	75857
UNKNOWN	64	G	0.999188969992	C	0.00081103000811	0	1	1232	0	1233	75857
UNKNOWN	65	C	0.999188969992	A	0.00081103000811	1	1232	0	0	1233	75857
UNKNOWN	66	A	0.995944849959	G	0.00243309002433	1228	2	3	0	1233	75857
UNKNOWN	67	C	0.992700729927	G	0.00486618004866	1	1224	6	2	1233	75857
UNKNOWN	68	G	0.997566909976	A	0.00162206001622	2	0	1230	1	1233	75857
UNKNOWN	69	A	0.978102189781	G	0.0162206001622	1206	3	20	4	1233	75857
UNKNOWN	70	C	0.98702351987	T	0.0113544201135	2	1217	0	14	1233	75857
UNKNOWN	71	C	0.994322789943	T	0.00324412003244	0	1226	3	4	1233	75857
UNKNOWN	72	T	0.996755879968	C	0.00162206001622	0	2	2	1229	1233	75857
UNKNOWN	73	C	0.999188969992	T	0.00081103000811	0	1232	0	1	1233	75857
UNKNOWN	74	T	0.996755879968	C	0.00243309002433	0	3	1	1229	1233	75857
UNKNOWN	75	G	0.998377939984	A	0.00162206001622	2	0	1231	0	1233	75857
UNKNOWN	76	G	0.991889699919	A	0.00729927007299	9	0	1223	1	1233	75857
UNKNOWN	77	A	0.995944849959	T	0.00162206001622	1228	1	2	2	1233	75857
UNKNOWN	78	T	0.998377939984	C	0.00081103000811	0	1	1	1231	1233	75857
UNKNOWN	79	T	0.995133819951	C	0.00486618004866	0	6	0	1227	1233	75857
UNKNOWN	80	C	0.996755879968	T	0.00243309002433	0	1229	1	3	1233	75857
UNKNOWN	81	T	0.995133819951	C	0.00324412003244	1	4	1	1227	1233	75857
UNKNOWN	82	C	0.996755879968	T	0.00162206001622	1	1229	1	2	1233	75857
UNKNOWN	83	A	0.995133819951	G	0.00324412003244	1227	0	4	2	1233	75857
UNKNOWN	84	T	0.995133819951	C	0.00324412003244	1	4	1	1227	1233	75857
UNKNOWN	85	T	0.993511759935	C	0.00324412003244	0	4	4	1225	1233	75857
UNKNOWN	86	G	0.993511759935	A	0.00324412003244	4	0	1225	4	1233	75857
UNKNOWN	87	A	0.984590429846	G	0.0121654501217	1214	3	15	1	1233	75857
UNKNOWN	88	C	0.910786699108	A	0.0632603406326	78	1123	27	5	1233	75857
UNKNOWN	89	C	0.990267639903	G	0.00648824006488	1	1221	8	3	1233	75857
UNKNOWN	90	A	0.993511759935	G	0.00405515004055	1225	2	5	1	1233	75857
UNKNOWN	91	G	0.937550689376	A	0.0235198702352	29	29	1156	19	1233	75857
UNKNOWN	92	C	0.984590429846	T	0.00973236009732	2	1214	5	12	1233	75857
UNKNOWN	93	T	0.97404703974	G	0.0137875101379	14	1	17	1201	1233	75857
UNKNOWN	94	A	0.989456609895	C	0.00648824006488	1220	8	1	4	1233	75857
UNKNOWN	95	T	0.992700729927	C	0.00486618004866	1	6	2	1224	1233	75857
UNKNOWN	96	G	0.977291159773	A	0.021897810219	27	0	1205	1	1233	75857
UNKNOWN	97	G	0.952149229521	C	0.0308191403082	17	38	1174	4	1233	75857
UNKNOWN	98	T	0.994322789943	A	0.00324412003244	4	2	1	1226	1233	75857
UNKNOWN	99	G	0.977291159773	A	0.021897810219	27	0	1205	1	1233	75857
UNKNOWN	100	T	0.998377939984	A	0.00081103000811	1	1	0	1231	1233	75857
UNKNOWN	101	A	0.964314679643	G	0.0194647201946	1189	8	24	12	1233	75857
UNKNOWN	102	A	0.975669099757	G	0.0178426601784	1203	4	22	4	1233	75857
UNKNOWN	103	G	0.873479318735	A	0.0932684509327	115	29	1077	12	1233	75857
UNKNOWN	104	C	0.987834549878	T	0.00729927007299	0	1218	6	9	1233	75857
UNKNOWN	105	T	0.996755879968	C	0.00162206001622	0	2	2	1229	1233	75857
UNKNOWN	106	G	0.999188969992	A	0.00081103000811	1	0	1232	0	1233	75857
UNKNOWN	107	G	0.997566909976	A	0.00162206001622	2	0	1230	1	1233	75857
UNKNOWN	108	G	0.978913219789	A	0.00973236009732	12	12	1207	2	1233	75857
UNKNOWN	109	T	0.980535279805	C	0.0186536901865	1	23	0	1209	1233	75857
UNKNOWN	110	C	0.991078669911	T	0.00486618004866	4	1222	1	6	1233	75857
UNKNOWN	111	C	0.997566909976	G	0.00243309002433	0	1230	3	0	1233	75857
UNKNOWN	112	G	0.997566909976	C	0.00243309002433	0	3	1230	0	1233	75857
UNKNOWN	113	C	0.999188969992	T	0.00081103000811	0	1232	0	1	1233	75857
UNKNOWN	114	C	0.995944849959	A	0.00324412003244	4	1228	0	1	1233	75857
UNKNOWN	115	A	0.995133819951	G	0.00486618004866	1227	0	6	0	1233	75857
UNKNOWN	116	G	1.0	A	0.0	0	0	1233	0	1233	75857
UNKNOWN	117	G	0.995944849959	C	0.00243309002433	0	3	1228	2	1233	75857
UNKNOWN	118	C	0.997566909976	T	0.00162206001622	0	1230	1	2	1233	75857
UNKNOWN	119	T	0.995944849959	C	0.00324412003244	0	4	1	1228	1233	75857
UNKNOWN	120	C	0.998377939984	A	0.00081103000811	1	1231	0	1	1233	75857
UNKNOWN	121	C	0.997566909976	A	0.00243309002433	3	1230	0	0	1233	75857
UNKNOWN	122	A	0.995133819951	G	0.00405515004055	1227	1	5	0	1233	75857
UNKNOWN	123	G	0.998377939984	A	0.00162206001622	2	0	1231	0	1233	75857
UNKNOWN	124	G	0.994322789943	A	0.00567721005677	7	0	1226	0	1233	75857
UNKNOWN	125	A	0.580697485807	G	0.418491484185	716	1	516	0	1233	75857
UNKNOWN	126	A	0.998377939984	G	0.00162206001622	1231	0	2	0	1233	75857
UNKNOWN	127	A	0.994322789943	G	0.00567721005677	1226	0	7	0	1233	75857
UNKNOWN	128	G	0.998377939984	A	0.00081103000811	1	0	1231	1	1233	75857
UNKNOWN	129	G	0.996755879968	C	0.00243309002433	1	3	1229	0	1233	75857
UNKNOWN	130	C	0.995133819951	G	0.00243309002433	2	1227	3	1	1233	75857
UNKNOWN	131	G	0.992700729927	A	0.00486618004866	6	3	1224	0	1233	75857
UNKNOWN	132	C	0.995944849959	T	0.00405515004055	0	1228	0	5	1233	75857
UNKNOWN	133	T	0.995133819951	G	0.00405515004055	0	1	5	1227	1233	75857
UNKNOWN	134	G	0.997566909976	A	0.00162206001622	2	0	1230	1	1233	75857
UNKNOWN	135	G	0.989456609895	A	0.00486618004866	6	4	1220	3	1233	75857
UNKNOWN	136	A	0.988645579886	G	0.00729927007299	1219	3	9	2	1233	75857
UNKNOWN	137	G	0.992700729927	A	0.00486618004866	6	0	1224	3	1233	75857
UNKNOWN	138	T	0.996755879968	G	0.00243309002433	0	1	3	1229	1233	75857
UNKNOWN	139	G	0.999188969992	T	0.00081103000811	0	0	1232	1	1233	75857
UNKNOWN	140	G	0.993511759935	C	0.00486618004866	1	6	1225	1	1233	75857
UNKNOWN	141	C	0.989456609895	G	0.00405515004055	4	1220	5	4	1233	75857
UNKNOWN	142	T	0.996755879968	C	0.00324412003244	0	4	0	1229	1233	75857
UNKNOWN	143	C	0.990267639903	T	0.00729927007299	0	1221	3	9	1233	75857
UNKNOWN	144	G	1.0	A	0.0	0	0	1233	0	1233	75857
UNKNOWN	145	G	0.997566909976	T	0.00243309002433	0	0	1230	3	1233	75857
UNKNOWN	146	T	0.977291159773	C	0.00973236009732	5	12	11	1205	1233	75857
UNKNOWN	147	G	0.9399837794	A	0.0478507704785	59	2	1159	13	1233	75857
UNKNOWN	148	G	0.931873479319	A	0.0316301703163	39	20	1149	25	1233	75857
UNKNOWN	149	T	0.973236009732	G	0.0137875101379	12	4	17	1200	1233	75857
UNKNOWN	150	A	0.968369829684	G	0.0283860502839	1194	1	35	3	1233	75857
UNKNOWN	151	T	0.992700729927	C	0.00324412003244	3	4	2	1224	1233	75857
UNKNOWN	152	A	0.977291159773	G	0.0154095701541	1205	3	19	6	1233	75857
UNKNOWN	153	G	0.940794809408	A	0.043795620438	54	11	1160	8	1233	75857
UNKNOWN	154	A	0.973236009732	G	0.0121654501217	1200	11	15	7	1233	75857
UNKNOWN	155	T	0.9399837794	G	0.0267639902676	17	24	33	1159	1233	75857
UNKNOWN	156	A	0.882400648824	G	0.0567721005677	1088	45	70	30	1233	75857
UNKNOWN	157	G	0.835360908354	A	0.124087591241	153	37	1030	13	1233	75857
UNKNOWN	158	T	0.991889699919	G	0.00486618004866	2	2	6	1223	1233	75857
UNKNOWN	159	G	0.947283049473	A	0.0381184103812	47	13	1168	5	1233	75857
UNKNOWN	160	G	0.899432278994	A	0.0713706407137	88	28	1109	8	1233	75857
UNKNOWN	161	T	0.944849959448	G	0.0332522303325	6	21	41	1165	1233	75857
UNKNOWN	162	G	0.998377939984	A	0.00081103000811	1	0	1231	1	1233	75857
UNKNOWN	163	G	0.994322789943	A	0.00405515004055	5	0	1226	2	1233	75857
UNKNOWN	164	A	0.981346309813	G	0.0137875101379	1210	2	17	4	1233	75857
UNKNOWN	165	A	0.978102189781	G	0.0121654501217	1206	8	15	4	1233	75857
UNKNOWN	166	G	0.81103000811	A	0.154906731549	191	26	1000	16	1233	75857
UNKNOWN	167	C	0.954582319546	A	0.0178426601784	22	1177	12	22	1233	75857
UNKNOWN	168	A	0.985401459854	G	0.0081103000811	1215	8	10	0	1233	75857
UNKNOWN	169	C	0.978102189781	T	0.0194647201946	3	1206	0	24	1233	75857
UNKNOWN	170	A	0.994322789943	G	0.00405515004055	1226	0	5	2	1233	75857
UNKNOWN	171	G	0.990267639903	T	0.00486618004866	5	1	1221	6	1233	75857
UNKNOWN	172	G	0.879156528792	A	0.0616382806164	76	56	1084	17	1233	75857
UNKNOWN	173	C	0.976480129765	G	0.0113544201135	5	1204	14	10	1233	75857
UNKNOWN	174	T	0.990267639903	C	0.00486618004866	5	6	1	1221	1233	75857
UNKNOWN	175	A	0.993511759935	T	0.00486618004866	1225	0	2	6	1233	75857
UNKNOWN	176	T	0.992700729927	C	0.00486618004866	3	6	0	1224	1233	75857
UNKNOWN	177	A	0.995133819951	C	0.00243309002433	1227	3	3	0	1233	75857
UNKNOWN	178	A	0.995133819951	C	0.00324412003244	1227	4	2	0	1233	75857
UNKNOWN	179	C	0.960259529603	T	0.0300081103001	4	1184	8	37	1233	75857
UNKNOWN	180	C	0.980535279805	T	0.0137875101379	3	1209	4	17	1233	75857
UNKNOWN	181	C	0.989456609895	T	0.00486618004866	5	1220	2	6	1233	75857
UNKNOWN	182	A	0.996755879968	G	0.00324412003244	1229	0	4	0	1233	75857
UNKNOWN	183	G	0.998377939984	A	0.00081103000811	1	0	1231	1	1233	75857
UNKNOWN	184	G	0.952149229521	C	0.0405515004055	8	50	1174	1	1233	75857
UNKNOWN	185	C	0.999188969992	T	0.00081103000811	0	1232	0	1	1233	75857
UNKNOWN	186	C	0.997566909976	T	0.00243309002433	0	1230	0	3	1233	75857
UNKNOWN	187	T	0.995133819951	G	0.00324412003244	0	2	4	1227	1233	75857
UNKNOWN	188	G	0.988645579886	A	0.00729927007299	9	2	1219	3	1233	75857
UNKNOWN	189	A	0.992700729927	G	0.00567721005677	1224	2	7	0	1233	75857
UNKNOWN	190	A	0.999188969992	G	0.00081103000811	1232	0	1	0	1233	75857
UNKNOWN	191	A	0.995944849959	C	0.00162206001622	1228	2	2	1	1233	75857
UNKNOWN	192	T	0.623682076237	C	0.36901865369	6	455	3	769	1233	75857
UNKNOWN	193	C	0.994322789943	T	0.00405515004055	0	1226	2	5	1233	75857
UNKNOWN	194	C	0.996755879968	A	0.00243309002433	3	1229	0	1	1233	75857
UNKNOWN	195	A	0.911597729116	C	0.0851581508516	1124	105	4	0	1233	75857
UNKNOWN	196	G	0.999188969992	T	0.00081103000811	0	0	1232	1	1233	75857
UNKNOWN	197	G	0.97404703974	A	0.0227088402271	28	3	1201	1	1233	75857
UNKNOWN	198	C	0.993511759935	T	0.00486618004866	0	1225	2	6	1233	75857
UNKNOWN	199	T	0.994322789943	C	0.00324412003244	3	4	0	1226	1233	75857
UNKNOWN	200	C	0.994322789943	A	0.00324412003244	4	1226	1	2	1233	75857
UNKNOWN	201	A	0.995133819951	G	0.00486618004866	1227	0	6	0	1233	75857
UNKNOWN	202	G	0.98702351987	C	0.0105433901054	2	13	1217	1	1233	75857
UNKNOWN	203	C	0.845904298459	T	0.148418491484	4	1043	3	183	1233	75857
UNKNOWN	204	A	0.995133819951	T	0.00243309002433	1227	1	2	3	1233	75857
UNKNOWN	205	T	0.996755879968	C	0.00243309002433	0	3	1	1229	1233	75857
UNKNOWN	206	C	0.988645579886	T	0.00892133008921	3	1219	0	11	1233	75857
UNKNOWN	207	A	0.992700729927	G	0.00324412003244	1224	3	4	2	1233	75857
UNKNOWN	208	C	0.994322789943	T	0.00405515004055	1	1226	1	5	1233	75857
UNKNOWN	209	C	0.983779399838	T	0.00567721005677	6	1213	7	7	1233	75857
UNKNOWN	210	A	0.992700729927	G	0.00405515004055	1224	3	5	1	1233	75857
UNKNOWN	211	G	0.892133008921	A	0.105433901054	130	3	1100	0	1233	75857
UNKNOWN	212	G	0.989456609895	T	0.00567721005677	4	2	1220	7	1233	75857
UNKNOWN	213	G	0.995133819951	A	0.00405515004055	5	0	1227	1	1233	75857
UNKNOWN	214	A	0.993511759935	C	0.00405515004055	1225	5	2	1	1233	75857
UNKNOWN	215	C	0.992700729927	A	0.00648824006488	8	1224	0	1	1233	75857
UNKNOWN	216	A	0.993511759935	G	0.00648824006488	1225	0	8	0	1233	75857
UNKNOWN	217	A	0.990267639903	C	0.00567721005677	1221	7	5	0	1233	75857
UNKNOWN	218	C	0.98702351987	T	0.00729927007299	1	1217	6	9	1233	75857
UNKNOWN	219	T	0.987834549878	C	0.00567721005677	1	7	7	1218	1233	75857
UNKNOWN	220	C	0.999188969992	A	0.00081103000811	1	1232	0	0	1233	75857
UNKNOWN	221	C	0.986212489862	A	0.0113544201135	14	1216	1	2	1233	75857
UNKNOWN	222	A	0.994322789943	G	0.00405515004055	1226	2	5	0	1233	75857
UNKNOWN	223	A	0.993511759935	G	0.00648824006488	1225	0	8	0	1233	75857
UNKNOWN	224	G	0.993511759935	A	0.00324412003244	4	2	1225	2	1233	75857
UNKNOWN	225	A	0.988645579886	G	0.00973236009732	1219	2	12	0	1233	75857
UNKNOWN	226	G	0.978102189781	A	0.0154095701541	19	8	1206	0	1233	75857
UNKNOWN	227	C	0.983779399838	T	0.0113544201135	0	1213	6	14	1233	75857
UNKNOWN	228	C	0.991889699919	A	0.00405515004055	5	1223	5	0	1233	75857
UNKNOWN	229	A	0.995133819951	G	0.00243309002433	1227	2	3	1	1233	75857
UNKNOWN	230	A	0.991078669911	G	0.0081103000811	1222	1	10	0	1233	75857
UNKNOWN	231	G	0.951338199513	A	0.0389294403893	48	2	1173	10	1233	75857
UNKNOWN	232	T	0.993511759935	C	0.00567721005677	1	7	0	1225	1233	75857
UNKNOWN	233	C	0.986212489862	T	0.00729927007299	2	1216	6	9	1233	75857
UNKNOWN	234	T	0.991889699919	C	0.00567721005677	0	7	3	1223	1233	75857
UNKNOWN	235	C	0.992700729927	T	0.00648824006488	1	1224	0	8	1233	75857
UNKNOWN	236	T	0.989456609895	C	0.00486618004866	3	6	4	1220	1233	75857
UNKNOWN	237	C	0.994322789943	T	0.00324412003244	0	1226	3	4	1233	75857
UNKNOWN	238	T	0.995133819951	G	0.00243309002433	2	1	3	1227	1233	75857
UNKNOWN	239	G	0.964314679643	A	0.0316301703163	39	0	1189	5	1233	75857
UNKNOWN	240	T	0.992700729927	C	0.00405515004055	2	5	2	1224	1233	75857
UNKNOWN	241	C	0.989456609895	T	0.00567721005677	6	1220	0	7	1233	75857
UNKNOWN	242	A	0.98296836983	G	0.00892133008921	1212	10	11	0	1233	75857
UNKNOWN	243	G	0.948094079481	C	0.0267639902676	19	33	1169	12	1233	75857
UNKNOWN	244	T	0.991889699919	C	0.00405515004055	2	5	3	1223	1233	75857
UNKNOWN	245	G	0.987834549878	A	0.0105433901054	13	1	1218	1	1233	75857
UNKNOWN	246	A	0.989456609895	G	0.00892133008921	1220	2	11	0	1233	75857
UNKNOWN	247	G	0.947283049473	C	0.0267639902676	30	33	1168	2	1233	75857
UNKNOWN	248	C	0.966747769667	T	0.0235198702352	6	1192	6	29	1233	75857
UNKNOWN	249	A	0.988645579886	G	0.00973236009732	1219	2	12	0	1233	75857
UNKNOWN	250	G	0.985401459854	C	0.0081103000811	7	10	1215	1	1233	75857
UNKNOWN	251	C	0.991889699919	T	0.00405515004055	1	1223	4	5	1233	75857
UNKNOWN	252	G	0.988645579886	A	0.00567721005677	7	1	1219	6	1233	75857
UNKNOWN	253	T	0.988645579886	C	0.00729927007299	1	9	4	1219	1233	75857
UNKNOWN	254	G	0.980535279805	A	0.00973236009732	12	5	1209	7	1233	75857
UNKNOWN	255	A	0.988645579886	G	0.00729927007299	1219	4	9	1	1233	75857
UNKNOWN	256	C	0.991078669911	A	0.00405515004055	5	1222	1	5	1233	75857
UNKNOWN	257	A	0.980535279805	G	0.0121654501217	1209	8	15	1	1233	75857
UNKNOWN	258	C	0.908353609084	A	0.0843471208435	104	1120	7	2	1233	75857
UNKNOWN	259	C	0.98702351987	T	0.00648824006488	4	1217	4	8	1233	75857
UNKNOWN	260	T	0.965125709651	C	0.0243309002433	3	30	10	1190	1233	75857
UNKNOWN	261	G	0.990267639903	A	0.00648824006488	8	1	1221	3	1233	75857
UNKNOWN	262	A	0.991889699919	G	0.00567721005677	1223	1	7	2	1233	75857
UNKNOWN	263	G	0.968369829684	A	0.021897810219	27	7	1194	5	1233	75857
UNKNOWN	264	G	0.988645579886	A	0.0081103000811	10	0	1219	4	1233	75857
UNKNOWN	265	A	0.991889699919	C	0.00486618004866	1223	6	3	1	1233	75857
UNKNOWN	266	C	0.976480129765	T	0.0170316301703	5	1204	3	21	1233	75857
UNKNOWN	267	A	0.965936739659	T	0.0243309002433	1191	4	8	30	1233	75857
UNKNOWN	268	C	0.994322789943	G	0.00405515004055	1	1226	5	1	1233	75857
UNKNOWN	269	G	0.990267639903	A	0.00405515004055	5	2	1221	5	1233	75857
UNKNOWN	270	G	0.989456609895	A	0.00405515004055	5	4	1220	4	1233	75857
UNKNOWN	271	C	0.996755879968	A	0.00243309002433	3	1229	1	0	1233	75857
UNKNOWN	272	C	0.990267639903	A	0.00405515004055	5	1221	2	5	1233	75857
UNKNOWN	273	G	0.510137875101	A	0.470397404704	580	21	629	3	1233	75857
UNKNOWN	274	T	0.524736415247	C	0.455798864558	11	562	13	647	1233	75857
UNKNOWN	275	A	0.48499594485	G	0.484184914842	598	17	597	21	1233	75857
UNKNOWN	276	T	0.995133819951	A	0.00405515004055	5	0	1	1227	1233	75857
UNKNOWN	277	A	0.992700729927	C	0.00405515004055	1224	5	2	2	1233	75857
UNKNOWN	278	C	0.958637469586	T	0.0397404703974	2	1182	0	49	1233	75857
UNKNOWN	279	T	0.987834549878	C	0.00648824006488	6	8	1	1218	1233	75857
UNKNOWN	280	A	0.986212489862	C	0.00729927007299	1216	9	1	7	1233	75857
UNKNOWN	281	C	0.980535279805	T	0.0186536901865	0	1209	1	23	1233	75857
UNKNOWN	282	T	0.991078669911	G	0.0081103000811	0	1	10	1222	1233	75857
