Type	Position	Nucl1	Freq1	Nucl2	Freq2	NumAs	NumCs	NumGs	NumTs	NumAligned	NumNaive
UNKNOWN	0	C	1.0	A	0.0	0	7615	0	0	7615	85769
UNKNOWN	1	A	1.0	C	0.0	7615	0	0	0	7615	85769
UNKNOWN	2	G	1.0	A	0.0	0	0	7615	0	7615	85769
UNKNOWN	3	G	1.0	A	0.0	0	0	7615	0	7615	85769
UNKNOWN	4	T	1.0	A	0.0	0	0	0	7615	7615	85769
UNKNOWN	5	G	1.0	A	0.0	0	0	7615	0	7615	85769
UNKNOWN	6	C	1.0	A	0.0	0	7615	0	0	7615	85769
UNKNOWN	7	A	0.996191726855	G	0.00275771503611	7586	2	21	6	7615	85769
UNKNOWN	8	G	0.992514773473	A	0.00551543007223	42	13	7558	2	7615	85769
UNKNOWN	9	C	0.996848325673	T	0.00157583716349	1	7591	11	12	7615	85769
UNKNOWN	10	T	0.998818122127	C	0.001050558109	1	8	0	7606	7615	85769
UNKNOWN	11	G	0.999080761655	A	0.000656598818122	5	0	7608	2	7615	85769
UNKNOWN	12	C	0.998424162837	T	0.00131319763624	1	7603	1	10	7615	85769
UNKNOWN	13	G	0.998161523309	A	0.00144451739987	11	1	7601	2	7615	85769
UNKNOWN	14	G	0.97137229153	C	0.0257386736704	19	196	7397	3	7615	85769
UNKNOWN	15	G	0.999737360473	A	0.000131319763624	1	1	7613	0	7615	85769
UNKNOWN	16	A	0.997898883782	G	0.000919238345371	7599	5	7	4	7615	85769
UNKNOWN	17	G	0.9956664478	A	0.00341431385424	26	7	7582	0	7615	85769
UNKNOWN	18	T	0.999080761655	C	0.000656598818122	0	5	2	7608	7615	85769
UNKNOWN	19	C	0.999080761655	A	0.000525279054498	4	7608	0	3	7615	85769
UNKNOWN	20	G	0.987787261983	A	0.0119500984898	91	0	7522	2	7615	85769
UNKNOWN	21	G	0.997898883782	C	0.00157583716349	3	12	7599	1	7615	85769
UNKNOWN	22	G	0.999212081418	A	0.000393959290873	3	3	7609	0	7615	85769
UNKNOWN	23	C	0.997636244255	T	0.00196979645437	2	7597	1	15	7615	85769
UNKNOWN	24	C	0.998686802364	T	0.00118187787262	0	7605	1	9	7615	85769
UNKNOWN	25	C	0.999474720946	T	0.000525279054498	0	7611	0	4	7615	85769
UNKNOWN	26	C	0.998686802364	A	0.000787918581747	6	7605	2	2	7615	85769
UNKNOWN	27	A	0.997504924491	G	0.00196979645437	7596	3	15	1	7615	85769
UNKNOWN	28	G	0.994090610637	A	0.00407091267236	31	10	7570	4	7615	85769
UNKNOWN	29	C	0.995403808273	T	0.00420223243598	2	7580	1	32	7615	85769
UNKNOWN	30	C	0.999212081418	T	0.000656598818122	0	7609	1	5	7615	85769
UNKNOWN	31	T	0.997242284964	C	0.00210111621799	0	16	5	7594	7615	85769
UNKNOWN	32	G	0.997636244255	A	0.00196979645437	15	0	7597	3	7615	85769
UNKNOWN	33	G	0.997898883782	A	0.000787918581747	6	5	7599	5	7615	85769
UNKNOWN	34	T	0.998161523309	C	0.00118187787262	1	9	4	7601	7615	85769
UNKNOWN	35	G	0.997636244255	A	0.00144451739987	11	4	7597	3	7615	85769
UNKNOWN	36	A	0.996585686146	G	0.00210111621799	7589	9	16	1	7615	85769
UNKNOWN	37	A	0.990807616546	G	0.00735390676297	7545	13	56	1	7615	85769
UNKNOWN	38	G	0.9985554826	C	0.000656598818122	4	5	7604	2	7615	85769
UNKNOWN	39	C	0.998686802364	T	0.000787918581747	3	7605	1	6	7615	85769
UNKNOWN	40	C	0.999868680236	A	0.000131319763624	1	7614	0	0	7615	85769
UNKNOWN	41	C	0.996585686146	G	0.00210111621799	0	7589	16	10	7615	85769
UNKNOWN	42	T	0.9971109652	C	0.00223243598162	4	17	1	7593	7615	85769
UNKNOWN	43	C	0.998292843073	A	0.000919238345371	7	7602	0	6	7615	85769
UNKNOWN	44	A	0.994747209455	G	0.00315167432699	7575	11	24	5	7615	85769
UNKNOWN	45	C	0.995797767564	G	0.00288903479974	6	7583	22	4	7615	85769
UNKNOWN	46	A	0.997504924491	G	0.00157583716349	7596	5	12	2	7615	85769
UNKNOWN	47	G	0.995797767564	A	0.00354563361786	27	3	7583	2	7615	85769
UNKNOWN	48	A	0.996191726855	G	0.00210111621799	7586	13	16	0	7615	85769
UNKNOWN	49	C	0.999080761655	T	0.000525279054498	0	7608	3	4	7615	85769
UNKNOWN	50	C	0.998949441891	T	0.000919238345371	0	7607	1	7	7615	85769
UNKNOWN	51	C	0.998292843073	T	0.001050558109	2	7602	3	8	7615	85769
UNKNOWN	52	T	0.997636244255	C	0.00236375574524	0	18	0	7597	7615	85769
UNKNOWN	53	C	0.996717005909	G	0.00223243598162	1	7590	17	7	7615	85769
UNKNOWN	54	T	0.995009848982	C	0.00446487196323	1	34	3	7577	7615	85769
UNKNOWN	55	C	0.999080761655	T	0.000525279054498	0	7608	3	4	7615	85769
UNKNOWN	56	C	0.996848325673	T	0.00157583716349	3	7591	9	12	7615	85769
UNKNOWN	57	C	0.996717005909	T	0.00236375574524	1	7590	6	18	7615	85769
UNKNOWN	58	T	0.997373604728	C	0.00249507550886	1	19	0	7595	7615	85769
UNKNOWN	59	C	0.998686802364	A	0.000919238345371	7	7605	0	3	7615	85769
UNKNOWN	60	A	0.996585686146	C	0.00170715692712	7589	13	13	0	7615	85769
UNKNOWN	61	C	0.996979645437	T	0.00262639527249	3	7592	0	20	7615	85769
UNKNOWN	62	C	0.997373604728	T	0.00210111621799	1	7595	3	16	7615	85769
UNKNOWN	63	T	0.996848325673	C	0.00210111621799	2	16	6	7591	7615	85769
UNKNOWN	64	G	0.9985554826	C	0.00118187787262	2	9	7604	0	7615	85769
UNKNOWN	65	C	0.9956664478	T	0.00354563361786	6	7582	0	27	7615	85769
UNKNOWN	66	A	0.988969139856	G	0.00853578463559	7531	14	65	5	7615	85769
UNKNOWN	67	C	0.997636244255	T	0.00118187787262	0	7597	9	9	7615	85769
UNKNOWN	68	G	0.990807616546	A	0.0059093893631	45	22	7545	3	7615	85769
UNKNOWN	69	G	0.977413000657	A	0.0183847669074	140	14	7443	18	7615	85769
UNKNOWN	70	T	0.993040052528	C	0.00617202889035	1	47	5	7562	7615	85769
UNKNOWN	71	C	0.989757058437	T	0.00459619172685	16	7537	27	35	7615	85769
UNKNOWN	72	T	0.996323046619	C	0.00302035456336	1	23	4	7587	7615	85769
UNKNOWN	73	C	0.996979645437	T	0.00288903479974	0	7592	1	22	7615	85769
UNKNOWN	74	T	0.994615889691	C	0.00275771503611	1	21	19	7574	7615	85769
UNKNOWN	75	G	0.98804990151	A	0.0101116217991	77	14	7524	0	7615	85769
UNKNOWN	76	G	0.992120814183	A	0.00604070912672	46	12	7555	2	7615	85769
UNKNOWN	77	A	0.991989494419	G	0.00446487196323	7554	17	34	10	7615	85769
UNKNOWN	78	T	0.990282337492	C	0.00420223243598	16	32	26	7541	7615	85769
UNKNOWN	79	T	0.993434011819	C	0.00525279054498	2	40	8	7565	7615	85769
UNKNOWN	80	C	0.985554826001	T	0.00840446487196	4	7505	42	64	7615	85769
UNKNOWN	81	T	0.994615889691	C	0.00459619172685	1	35	5	7574	7615	85769
UNKNOWN	82	C	0.9956664478	A	0.00223243598162	17	7582	0	16	7615	85769
UNKNOWN	83	A	0.992777413001	C	0.00315167432699	7560	24	17	14	7615	85769
UNKNOWN	84	T	0.991332895601	C	0.00367695338148	16	28	22	7549	7615	85769
UNKNOWN	85	T	0.997636244255	A	0.001050558109	8	8	2	7597	7615	85769
UNKNOWN	86	A	0.97281680893	G	0.0214051214708	7408	37	163	7	7615	85769
UNKNOWN	87	A	0.982140512147	G	0.0118187787262	7479	39	90	7	7615	85769
UNKNOWN	88	G	0.980302035456	A	0.0116874589626	89	43	7465	18	7615	85769
UNKNOWN	89	C	0.950098489823	T	0.0309914642154	32	7235	112	236	7615	85769
UNKNOWN	90	G	0.950886408404	A	0.0435981615233	332	9	7241	33	7615	85769
UNKNOWN	91	A	0.902954694682	G	0.051739986868	6876	251	394	94	7615	85769
UNKNOWN	92	T	0.919369665135	C	0.0365068942876	149	278	187	7001	7615	85769
UNKNOWN	93	A	0.884175968483	G	0.0651346027577	6733	165	496	221	7615	85769
UNKNOWN	94	A	0.95180564675	G	0.0252133946159	7248	98	192	77	7615	85769
UNKNOWN	95	T	0.946815495732	G	0.0224556795798	159	75	171	7210	7615	85769
UNKNOWN	96	A	0.859093893631	G	0.093368351937	6542	221	711	141	7615	85769
UNKNOWN	97	G	0.489691398555	A	0.306106369009	2331	1311	3729	244	7615	85769
UNKNOWN	98	T	0.972685489166	G	0.0130006565988	37	72	99	7407	7615	85769
UNKNOWN	99	G	0.962573867367	A	0.032173342088	245	13	7330	27	7615	85769
UNKNOWN	100	T	0.994353250164	C	0.00367695338148	13	28	2	7572	7615	85769
UNKNOWN	101	A	0.972028890348	G	0.023768877216	7402	20	181	12	7615	85769
UNKNOWN	102	G	0.937491792515	A	0.0426789231779	325	103	7139	48	7615	85769
UNKNOWN	103	G	0.741168745896	A	0.201050558109	1531	258	5644	182	7615	85769
UNKNOWN	104	C	0.962179908076	T	0.0183847669074	49	7327	99	140	7615	85769
UNKNOWN	105	T	0.996979645437	G	0.00157583716349	0	11	12	7592	7615	85769
UNKNOWN	106	G	0.9985554826	T	0.00118187787262	2	0	7604	9	7615	85769
UNKNOWN	107	G	0.9985554826	C	0.000656598818122	4	5	7604	2	7615	85769
UNKNOWN	108	G	0.980564674984	A	0.0140512147078	107	23	7467	18	7615	85769
UNKNOWN	109	T	0.995535128037	C	0.00393959290873	0	30	4	7581	7615	85769
UNKNOWN	110	C	0.99382797111	T	0.00420223243598	2	7568	13	32	7615	85769
UNKNOWN	111	C	0.997898883782	G	0.00144451739987	0	7599	11	5	7615	85769
UNKNOWN	112	G	0.997636244255	C	0.00157583716349	4	12	7597	2	7615	85769
UNKNOWN	113	C	0.998686802364	T	0.000787918581747	1	7605	3	6	7615	85769
UNKNOWN	114	C	0.996323046619	A	0.00288903479974	22	7587	4	2	7615	85769
UNKNOWN	115	A	0.992646093237	G	0.00577806959947	7559	10	44	2	7615	85769
UNKNOWN	116	G	0.998686802364	A	0.000919238345371	7	0	7605	3	7615	85769
UNKNOWN	117	G	0.989363099146	A	0.00787918581747	60	19	7534	2	7615	85769
UNKNOWN	118	C	0.996323046619	T	0.00328299409061	2	7587	1	25	7615	85769
UNKNOWN	119	T	0.995535128037	C	0.00315167432699	5	24	5	7581	7615	85769
UNKNOWN	120	C	0.997504924491	T	0.00131319763624	2	7596	7	10	7615	85769
UNKNOWN	121	C	0.997898883782	A	0.00157583716349	12	7599	2	2	7615	85769
UNKNOWN	122	A	0.992252133946	G	0.00630334865397	7556	10	48	1	7615	85769
UNKNOWN	123	G	0.996454366382	A	0.00262639527249	20	7	7588	0	7615	85769
UNKNOWN	124	G	0.995929087328	A	0.00367695338148	28	1	7584	2	7615	85769
UNKNOWN	125	A	0.975180564675	G	0.0187787261983	7426	43	143	3	7615	85769
UNKNOWN	126	A	0.991332895601	C	0.00669730794485	7549	51	15	0	7615	85769
UNKNOWN	127	A	0.991595535128	G	0.00787918581747	7551	3	60	1	7615	85769
UNKNOWN	128	G	0.996979645437	A	0.00236375574524	18	3	7592	2	7615	85769
UNKNOWN	129	G	0.986868023638	A	0.00814182534471	62	37	7515	1	7615	85769
UNKNOWN	130	C	0.995929087328	G	0.00315167432699	2	7584	24	5	7615	85769
UNKNOWN	131	G	0.983191070256	A	0.0130006565988	99	24	7487	5	7615	85769
UNKNOWN	132	C	0.994747209455	T	0.00459619172685	1	7575	4	35	7615	85769
UNKNOWN	133	T	0.988706500328	G	0.00630334865397	3	35	48	7529	7615	85769
UNKNOWN	134	G	0.992252133946	A	0.00656598818122	50	1	7556	8	7615	85769
UNKNOWN	135	G	0.991726854892	A	0.0059093893631	45	15	7552	3	7615	85769
UNKNOWN	136	A	0.993040052528	G	0.00630334865397	7562	4	48	1	7615	85769
UNKNOWN	137	G	0.988969139856	A	0.00801050558109	61	2	7531	21	7615	85769
UNKNOWN	138	T	0.992646093237	G	0.00551543007223	0	14	42	7559	7615	85769
UNKNOWN	139	G	0.991858174655	T	0.00709126723572	4	4	7553	54	7615	85769
UNKNOWN	140	G	0.979645436638	C	0.0151017728168	10	115	7460	30	7615	85769
UNKNOWN	141	C	0.990807616546	G	0.00433355219961	13	7545	33	24	7615	85769
UNKNOWN	142	T	0.995797767564	C	0.00315167432699	3	24	5	7583	7615	85769
UNKNOWN	143	C	0.993434011819	T	0.00328299409061	3	7565	22	25	7615	85769
UNKNOWN	144	G	0.993434011819	A	0.00604070912672	46	1	7565	3	7615	85769
UNKNOWN	145	G	0.984241628365	C	0.00709126723572	43	54	7495	23	7615	85769
UNKNOWN	146	T	0.97609980302	C	0.0133946158897	30	102	50	7433	7615	85769
UNKNOWN	147	G	0.852659225213	A	0.109389363099	833	92	6493	197	7615	85769
UNKNOWN	148	T	0.892974392646	G	0.0392646093237	271	245	299	6800	7615	85769
UNKNOWN	149	C	0.879317137229	T	0.0868023637557	154	6696	104	661	7615	85769
UNKNOWN	150	A	0.956401838477	G	0.0319107025607	7283	28	243	61	7615	85769
UNKNOWN	151	T	0.961260669731	C	0.0157583716349	58	120	117	7320	7615	85769
UNKNOWN	152	A	0.896257386737	G	0.0642153644123	6825	99	489	202	7615	85769
UNKNOWN	153	T	0.855154300722	G	0.0706500328299	353	212	538	6512	7615	85769
UNKNOWN	154	A	0.890741956664	G	0.0493762311228	6783	239	376	217	7615	85769
UNKNOWN	155	T	0.947209455023	C	0.0252133946159	46	192	164	7213	7615	85769
UNKNOWN	156	A	0.899540380827	G	0.0815495732108	6850	108	621	36	7615	85769
UNKNOWN	157	G	0.822849638871	A	0.0794484569928	605	498	6266	246	7615	85769
UNKNOWN	158	T	0.952593565332	G	0.0231122783979	102	83	176	7254	7615	85769
UNKNOWN	159	G	0.776625082075	A	0.146421536441	1115	458	5914	128	7615	85769
UNKNOWN	160	G	0.817990807617	A	0.128562048588	979	329	6229	78	7615	85769
UNKNOWN	161	T	0.955219960604	G	0.0178594878529	129	76	136	7274	7615	85769
UNKNOWN	162	G	0.98332239002	A	0.0116874589626	89	36	7488	2	7615	85769
UNKNOWN	163	G	0.977281680893	A	0.0145764937623	111	33	7442	29	7615	85769
UNKNOWN	164	A	0.970847012475	G	0.0223243598162	7393	28	170	24	7615	85769
UNKNOWN	165	A	0.901772816809	G	0.0845699277741	6867	70	644	34	7615	85769
UNKNOWN	166	G	0.669730794485	A	0.209717662508	1597	549	5100	369	7615	85769
UNKNOWN	167	C	0.905187130663	T	0.0416283650689	188	6893	217	317	7615	85769
UNKNOWN	168	A	0.967301378858	G	0.0256073539068	7366	38	195	16	7615	85769
UNKNOWN	169	C	0.975049244911	T	0.0120814182534	79	7425	19	92	7615	85769
UNKNOWN	170	A	0.980302035456	G	0.0123440577807	7465	27	94	29	7615	85769
UNKNOWN	171	G	0.929743926461	A	0.0435981615233	332	133	7080	70	7615	85769
UNKNOWN	172	G	0.652396585686	A	0.278660538411	2122	325	4968	200	7615	85769
UNKNOWN	173	C	0.966644780039	G	0.0196979645437	19	7361	150	85	7615	85769
UNKNOWN	174	T	0.983191070256	A	0.00682862770847	52	52	24	7487	7615	85769
UNKNOWN	175	A	0.989100459619	T	0.00630334865397	7532	13	22	48	7615	85769
UNKNOWN	176	T	0.986342744583	C	0.00906106369009	28	69	7	7511	7615	85769
UNKNOWN	177	A	0.980170715693	G	0.00971766250821	7464	60	74	17	7615	85769
UNKNOWN	178	A	0.985817465529	G	0.00669730794485	7507	49	51	8	7615	85769
UNKNOWN	179	C	0.900459619173	T	0.084963887065	29	6857	82	647	7615	85769
UNKNOWN	180	C	0.954563361786	T	0.0250820748523	75	7269	80	191	7615	85769
UNKNOWN	181	C	0.984898227183	T	0.00748522652659	45	7500	13	57	7615	85769
UNKNOWN	182	A	0.969533814839	C	0.0119500984898	7383	91	60	81	7615	85769
UNKNOWN	183	G	0.982271831911	A	0.0114248194353	87	37	7480	11	7615	85769
UNKNOWN	184	C	0.983847669074	T	0.00971766250821	15	7492	34	74	7615	85769
UNKNOWN	185	C	0.997242284964	T	0.00144451739987	6	7594	4	11	7615	85769
UNKNOWN	186	C	0.99093893631	T	0.00499015101773	6	7546	25	38	7615	85769
UNKNOWN	187	T	0.993565331582	G	0.00407091267236	11	7	31	7566	7615	85769
UNKNOWN	188	G	0.979908076165	A	0.0169402495076	129	6	7462	18	7615	85769
UNKNOWN	189	A	0.992646093237	G	0.00380827314511	7559	24	29	3	7615	85769
UNKNOWN	190	A	0.989363099146	G	0.00682862770847	7534	22	52	7	7615	85769
UNKNOWN	191	A	0.987261982928	C	0.00472751149048	7518	36	32	29	7615	85769
UNKNOWN	192	T	0.988837820092	C	0.00879842416284	7	67	11	7530	7615	85769
UNKNOWN	193	C	0.997504924491	T	0.00118187787262	8	7596	2	9	7615	85769
UNKNOWN	194	C	0.991201575837	T	0.00695994747209	3	7548	11	53	7615	85769
UNKNOWN	195	C	0.994615889691	G	0.00393959290873	4	7574	30	7	7615	85769
UNKNOWN	196	G	0.996060407091	A	0.00183847669074	14	12	7585	4	7615	85769
UNKNOWN	197	G	0.945764937623	A	0.0420223243598	320	51	7202	42	7615	85769
UNKNOWN	198	C	0.991201575837	T	0.00459619172685	22	7548	10	35	7615	85769
UNKNOWN	199	T	0.991858174655	C	0.0059093893631	8	45	9	7553	7615	85769
UNKNOWN	200	C	0.992908732764	A	0.00459619172685	35	7561	6	13	7615	85769
UNKNOWN	201	A	0.988181221274	G	0.0106369008536	7525	8	81	1	7615	85769
UNKNOWN	202	G	0.975311884439	C	0.0153644123441	39	117	7427	32	7615	85769
UNKNOWN	203	C	0.964806303349	T	0.0224556795798	60	7347	37	171	7615	85769
UNKNOWN	204	A	0.983453709783	G	0.00932370321733	7489	24	71	31	7615	85769
UNKNOWN	205	T	0.991332895601	C	0.00525279054498	12	40	14	7549	7615	85769
UNKNOWN	206	C	0.991070256074	T	0.00499015101773	29	7547	1	38	7615	85769
UNKNOWN	207	A	0.986080105056	C	0.00604070912672	7509	46	24	36	7615	85769
UNKNOWN	208	C	0.991726854892	A	0.00367695338148	28	7552	16	19	7615	85769
UNKNOWN	209	C	0.963099146422	T	0.0158896913986	74	7334	86	121	7615	85769
UNKNOWN	210	A	0.985948785292	G	0.00722258699934	7508	49	55	3	7615	85769
UNKNOWN	211	A	0.979776756402	G	0.0181221273802	7461	10	138	6	7615	85769
UNKNOWN	212	G	0.988837820092	A	0.00604070912672	46	19	7530	20	7615	85769
UNKNOWN	213	G	0.982665791202	A	0.0157583716349	120	5	7483	7	7615	85769
UNKNOWN	214	A	0.986474064347	C	0.00932370321733	7512	71	23	9	7615	85769
UNKNOWN	215	C	0.983191070256	T	0.00774786605384	39	7487	30	59	7615	85769
UNKNOWN	216	A	0.990544977019	G	0.0059093893631	7543	18	45	9	7615	85769
UNKNOWN	217	A	0.986999343401	G	0.00735390676297	7516	34	56	9	7615	85769
UNKNOWN	218	C	0.976625082075	T	0.0154957321077	13	7437	47	118	7615	85769
UNKNOWN	219	T	0.988312541037	C	0.00709126723572	17	54	18	7526	7615	85769
UNKNOWN	220	C	0.994878529219	A	0.00302035456336	23	7576	1	15	7615	85769
UNKNOWN	221	C	0.98660538411	A	0.00512147078135	39	7513	26	37	7615	85769
UNKNOWN	222	A	0.987787261983	G	0.00801050558109	7522	31	61	1	7615	85769
UNKNOWN	223	A	0.982403151674	G	0.0141825344714	7481	25	108	1	7615	85769
UNKNOWN	224	G	0.988575180565	A	0.00695994747209	53	27	7528	7	7615	85769
UNKNOWN	225	A	0.986342744583	G	0.0101116217991	7511	22	77	5	7615	85769
UNKNOWN	226	G	0.964018384767	A	0.0267892317794	204	62	7341	8	7615	85769
UNKNOWN	227	C	0.966250820749	T	0.0223243598162	30	7358	57	170	7615	85769
UNKNOWN	228	C	0.988969139856	A	0.0059093893631	45	7531	36	3	7615	85769
UNKNOWN	229	A	0.990676296783	G	0.0059093893631	7544	18	45	8	7615	85769
UNKNOWN	230	A	0.979120157584	G	0.0179908076165	7456	14	137	8	7615	85769
UNKNOWN	231	G	0.972028890348	A	0.0111621799081	85	73	7402	55	7615	85769
UNKNOWN	232	T	0.989625738674	C	0.00814182534471	8	62	9	7536	7615	85769
UNKNOWN	233	C	0.975443204202	T	0.0143138542351	15	7428	63	109	7615	85769
UNKNOWN	234	T	0.990807616546	C	0.00617202889035	6	47	17	7545	7615	85769
UNKNOWN	235	C	0.991070256074	T	0.00735390676297	9	7547	3	56	7615	85769
UNKNOWN	236	T	0.983059750492	C	0.0110308601445	15	84	30	7486	7615	85769
UNKNOWN	237	C	0.982928430729	G	0.00879842416284	6	7485	67	57	7615	85769
UNKNOWN	238	T	0.994747209455	A	0.00302035456336	23	10	7	7575	7615	85769
UNKNOWN	239	A	0.906500328299	G	0.0843072882469	6903	35	642	35	7615	85769
UNKNOWN	240	T	0.984898227183	G	0.00564674983585	34	38	43	7500	7615	85769
UNKNOWN	241	C	0.975574523966	T	0.0196979645437	35	7429	1	150	7615	85769
UNKNOWN	242	A	0.981746552856	C	0.00787918581747	7476	60	55	24	7615	85769
UNKNOWN	243	C	0.904793171372	G	0.0741956664478	64	6890	565	96	7615	85769
UNKNOWN	244	T	0.993302692055	G	0.00472751149048	6	9	36	7564	7615	85769
UNKNOWN	245	G	0.962705187131	A	0.0208798424163	159	50	7331	75	7615	85769
UNKNOWN	246	A	0.975180564675	G	0.0181221273802	7426	47	138	4	7615	85769
UNKNOWN	247	G	0.960998030204	A	0.017465528562	133	120	7318	44	7615	85769
UNKNOWN	248	C	0.956795797768	T	0.0225869993434	77	7286	80	172	7615	85769
UNKNOWN	249	A	0.983978988838	G	0.0123440577807	7493	28	94	0	7615	85769
UNKNOWN	250	G	0.985686145765	C	0.00906106369009	33	69	7506	7	7615	85769
UNKNOWN	251	C	0.985948785292	T	0.00748522652659	14	7508	36	57	7615	85769
UNKNOWN	252	G	0.990282337492	T	0.00446487196323	27	13	7541	34	7615	85769
UNKNOWN	253	T	0.987787261983	C	0.00604070912672	4	46	43	7522	7615	85769
UNKNOWN	254	G	0.960341431385	A	0.0299409061064	228	37	7313	37	7615	85769
UNKNOWN	255	A	0.964806303349	T	0.0200919238345	7347	33	82	153	7615	85769
UNKNOWN	256	C	0.980302035456	A	0.0101116217991	77	7465	30	43	7615	85769
UNKNOWN	257	A	0.966250820749	G	0.024819435325	7358	29	189	39	7615	85769
UNKNOWN	258	A	0.888378200919	C	0.0892974392646	6765	680	112	58	7615	85769
UNKNOWN	259	C	0.958108995404	T	0.0199606040709	32	7296	135	152	7615	85769
UNKNOWN	260	T	0.975837163493	G	0.0111621799081	20	79	85	7431	7615	85769
UNKNOWN	261	G	0.988706500328	A	0.00761654629022	58	12	7529	16	7615	85769
UNKNOWN	262	A	0.987130663165	G	0.00971766250821	7517	18	74	6	7615	85769
UNKNOWN	263	G	0.943663821405	A	0.0309914642154	236	139	7186	54	7615	85769
UNKNOWN	264	G	0.988837820092	A	0.00722258699934	55	7	7530	23	7615	85769
UNKNOWN	265	A	0.990019697965	C	0.0059093893631	7539	45	25	6	7615	85769
UNKNOWN	266	C	0.985948785292	A	0.00735390676297	56	7508	11	40	7615	85769
UNKNOWN	267	A	0.972028890348	G	0.0152330925804	7402	35	116	62	7615	85769
UNKNOWN	268	C	0.98949441891	G	0.00446487196323	33	7535	34	13	7615	85769
UNKNOWN	269	G	0.978069599475	A	0.0160210111622	122	17	7448	28	7615	85769
UNKNOWN	270	G	0.990151017728	C	0.00433355219961	25	33	7540	17	7615	85769
UNKNOWN	271	C	0.992120814183	A	0.00407091267236	31	7555	20	9	7615	85769
UNKNOWN	272	C	0.988706500328	A	0.00564674983585	43	7529	6	37	7615	85769
UNKNOWN	273	A	0.989625738674	G	0.00512147078135	7536	30	39	10	7615	85769
UNKNOWN	274	C	0.985948785292	A	0.00814182534471	62	7508	9	36	7615	85769
UNKNOWN	275	A	0.97137229153	G	0.0165462902167	7397	34	126	58	7615	85769
UNKNOWN	276	T	0.98660538411	A	0.00564674983585	43	24	35	7513	7615	85769
UNKNOWN	277	A	0.987261982928	C	0.0064346684176	7518	49	21	27	7615	85769
UNKNOWN	278	C	0.958371634931	T	0.0390019697965	12	7298	8	297	7615	85769
UNKNOWN	279	T	0.98332239002	A	0.0064346684176	49	41	37	7488	7615	85769
UNKNOWN	280	A	0.974392646093	T	0.00998030203546	7420	61	58	76	7615	85769
UNKNOWN	281	C	0.971240971766	T	0.0250820748523	14	7396	14	191	7615	85769
UNKNOWN	282	T	0.986211424819	G	0.0107682206172	11	12	82	7510	7615	85769
