Type	Position	Nucl1	Freq1	Nucl2	Freq2	NumAs	NumCs	NumGs	NumTs	NumAligned	NumNaive
UNKNOWN	0	C	1.0	A	0.0	0	19336	0	0	19336	85769
UNKNOWN	1	A	1.0	C	0.0	19336	0	0	0	19336	85769
UNKNOWN	2	G	1.0	A	0.0	0	0	19336	0	19336	85769
UNKNOWN	3	G	1.0	A	0.0	0	0	19336	0	19336	85769
UNKNOWN	4	T	1.0	A	0.0	0	0	0	19336	19336	85769
UNKNOWN	5	G	1.0	A	0.0	0	0	19336	0	19336	85769
UNKNOWN	6	C	1.0	A	0.0	0	19336	0	0	19336	85769
UNKNOWN	7	A	0.994259412495	G	0.00470624741415	19225	12	91	8	19336	85769
UNKNOWN	8	G	0.983760860571	A	0.0126189491105	244	59	19022	11	19336	85769
UNKNOWN	9	C	0.997052130741	T	0.00237898220935	0	19279	11	46	19336	85769
UNKNOWN	10	T	0.998551923873	C	0.00134464211833	1	26	1	19308	19336	85769
UNKNOWN	11	G	0.999017376914	A	0.00093090608192	18	1	19317	0	19336	85769
UNKNOWN	12	C	0.999379395945	T	0.000568887050062	1	19324	0	11	19336	85769
UNKNOWN	13	G	0.998810508895	A	0.00103434009102	20	3	19313	0	19336	85769
UNKNOWN	14	C	0.900393049235	G	0.0985726106744	11	17410	1906	9	19336	85769
UNKNOWN	15	G	0.999741414977	A	0.000206868018204	4	0	19331	1	19336	85769
UNKNOWN	16	A	0.998189904841	G	0.00144807612743	19301	6	28	1	19336	85769
UNKNOWN	17	G	0.993173355399	A	0.00584402151427	113	18	19204	1	19336	85769
UNKNOWN	18	T	0.997879602813	C	0.00181009515929	1	35	5	19295	19336	85769
UNKNOWN	19	C	0.999379395945	T	0.000413736036409	2	19324	2	8	19336	85769
UNKNOWN	20	G	0.993276789408	A	0.00594745552338	115	9	19206	6	19336	85769
UNKNOWN	21	G	0.997983036823	C	0.000827472072818	15	16	19297	8	19336	85769
UNKNOWN	22	G	0.999637980968	C	0.000310302027307	1	6	19329	0	19336	85769
UNKNOWN	23	C	0.999379395945	T	0.00046545304096	1	19324	2	9	19336	85769
UNKNOWN	24	C	0.999534546959	T	0.00046545304096	0	19327	0	9	19336	85769
UNKNOWN	25	C	0.999120810923	T	0.000672321059164	1	19319	3	13	19336	85769
UNKNOWN	26	C	0.998810508895	T	0.000724038063715	9	19313	0	14	19336	85769
UNKNOWN	27	A	0.99715556475	G	0.00206868018204	19281	10	40	5	19336	85769
UNKNOWN	28	G	0.991725279272	A	0.00672321059164	130	28	19176	2	19336	85769
UNKNOWN	29	C	0.998034753827	T	0.00191352916839	1	19298	0	37	19336	85769
UNKNOWN	30	C	0.999275961936	T	0.000568887050062	3	19322	0	11	19336	85769
UNKNOWN	31	T	0.998189904841	C	0.00118949110468	1	23	11	19301	19336	85769
UNKNOWN	32	G	0.996224658668	A	0.00341332230037	66	2	19263	5	19336	85769
UNKNOWN	33	G	0.998138187836	A	0.000827472072818	16	13	19300	7	19336	85769
UNKNOWN	34	T	0.997827885809	C	0.00160322714108	1	31	10	19294	19336	85769
UNKNOWN	35	G	0.993276789408	A	0.00553371948697	107	14	19206	9	19336	85769
UNKNOWN	36	A	0.997414149772	G	0.00144807612743	19286	20	28	2	19336	85769
UNKNOWN	37	A	0.995138601572	G	0.00408564335954	19242	13	79	2	19336	85769
UNKNOWN	38	G	0.998345055854	A	0.00129292511378	25	6	19304	1	19336	85769
UNKNOWN	39	C	0.997362432768	T	0.00196524617294	5	19285	8	38	19336	85769
UNKNOWN	40	C	0.999637980968	T	0.000206868018204	3	19329	0	4	19336	85769
UNKNOWN	41	C	0.998965659909	T	0.000568887050062	4	19316	5	11	19336	85769
UNKNOWN	42	T	0.996896979727	C	0.00258585022755	6	50	4	19276	19336	85769
UNKNOWN	43	C	0.999069093918	A	0.000517170045511	10	19318	0	8	19336	85769
UNKNOWN	44	A	0.997621017791	G	0.00118949110468	19290	16	23	7	19336	85769
UNKNOWN	45	C	0.997776168804	G	0.00160322714108	10	19293	31	2	19336	85769
UNKNOWN	46	A	0.997465866777	G	0.00181009515929	19287	10	35	4	19336	85769
UNKNOWN	47	G	0.997517583782	A	0.00201696317749	39	9	19288	0	19336	85769
UNKNOWN	48	A	0.996172941663	G	0.00217211419115	19262	30	42	2	19336	85769
UNKNOWN	49	C	0.998707074886	G	0.000775755068266	3	19311	15	7	19336	85769
UNKNOWN	50	C	0.996896979727	G	0.00139635912288	8	19276	27	25	19336	85769
UNKNOWN	51	C	0.998758791891	T	0.00103434009102	4	19312	0	20	19336	85769
UNKNOWN	52	T	0.998034753827	C	0.00181009515929	3	35	0	19298	19336	85769
UNKNOWN	53	C	0.999327678941	T	0.000620604054613	1	19323	0	12	19336	85769
UNKNOWN	54	T	0.996638394704	C	0.00279271824576	6	54	5	19271	19336	85769
UNKNOWN	55	C	0.998965659909	T	0.00093090608192	1	19316	1	18	19336	85769
UNKNOWN	56	C	0.998396772859	T	0.00124120810923	3	19305	4	24	19336	85769
UNKNOWN	57	C	0.997983036823	G	0.00144807612743	1	19297	28	10	19336	85769
UNKNOWN	58	T	0.997983036823	C	0.00181009515929	4	35	0	19297	19336	85769
UNKNOWN	59	C	0.999017376914	A	0.000620604054613	12	19317	1	6	19336	85769
UNKNOWN	60	A	0.995086884568	G	0.00325817128672	19241	22	63	10	19336	85769
UNKNOWN	61	C	0.996896979727	T	0.00191352916839	17	19276	6	37	19336	85769
UNKNOWN	62	C	0.995138601572	T	0.00289615225486	4	19242	34	56	19336	85769
UNKNOWN	63	T	0.997879602813	C	0.00165494414564	0	32	9	19295	19336	85769
UNKNOWN	64	G	0.998758791891	C	0.000568887050062	9	11	19312	4	19336	85769
UNKNOWN	65	C	0.997310715763	T	0.00227554820025	8	19284	0	44	19336	85769
UNKNOWN	66	A	0.993535374431	G	0.00413736036409	19211	23	80	22	19336	85769
UNKNOWN	67	C	0.99534546959	T	0.00382705833678	0	19246	16	74	19336	85769
UNKNOWN	68	G	0.994673148531	A	0.00403392635499	78	20	19233	5	19336	85769
UNKNOWN	69	G	0.980295821266	A	0.0184112536202	356	13	18955	12	19336	85769
UNKNOWN	70	T	0.996224658668	C	0.00336160529582	1	65	7	19263	19336	85769
UNKNOWN	71	C	0.988053371949	G	0.0068783616053	8	19105	133	90	19336	85769
UNKNOWN	72	T	0.997103847745	C	0.0022238311957	5	43	8	19280	19336	85769
UNKNOWN	73	C	0.999120810923	T	0.000827472072818	1	19319	0	16	19336	85769
UNKNOWN	74	T	0.994621431527	G	0.00268928423666	3	49	52	19232	19336	85769
UNKNOWN	75	G	0.997207281754	A	0.00268928423666	52	2	19282	0	19336	85769
UNKNOWN	76	G	0.995397186595	A	0.00356847331403	69	16	19247	4	19336	85769
UNKNOWN	77	A	0.985932974762	G	0.00672321059164	19064	104	130	38	19336	85769
UNKNOWN	78	T	0.995293752586	C	0.00299958626396	10	58	23	19245	19336	85769
UNKNOWN	79	T	0.994828299545	C	0.00460281340505	0	89	11	19236	19336	85769
UNKNOWN	80	C	0.99363880844	T	0.00434422838229	4	19213	35	84	19336	85769
UNKNOWN	81	T	0.99477658254	C	0.0045510964005	6	88	7	19235	19336	85769
UNKNOWN	82	C	0.998345055854	T	0.000982623086471	11	19304	2	19	19336	85769
UNKNOWN	83	A	0.996172941663	G	0.00149979313198	19262	27	29	18	19336	85769
UNKNOWN	84	T	0.997879602813	C	0.00160322714108	3	31	7	19295	19336	85769
UNKNOWN	85	T	0.999120810923	G	0.00046545304096	3	5	9	19319	19336	85769
UNKNOWN	86	G	0.988363673976	A	0.0111191559785	215	0	19111	10	19336	85769
UNKNOWN	87	A	0.990742656185	G	0.0071886636326	19157	35	139	5	19336	85769
UNKNOWN	88	G	0.962298303682	A	0.0238415390981	461	241	18607	27	19336	85769
UNKNOWN	89	C	0.96943525031	T	0.0181009515929	110	18745	131	350	19336	85769
UNKNOWN	90	A	0.973469176665	G	0.0229106330161	18823	55	443	15	19336	85769
UNKNOWN	91	G	0.820386843194	A	0.12908564336	2496	566	15863	411	19336	85769
UNKNOWN	92	C	0.946886636326	G	0.0297889946214	81	18309	576	370	19336	85769
UNKNOWN	93	T	0.98727761688	A	0.0046545304096	90	72	84	19090	19336	85769
UNKNOWN	94	A	0.984640049648	T	0.00568887050062	19039	101	86	110	19336	85769
UNKNOWN	95	T	0.989346297062	C	0.0068783616053	24	133	49	19130	19336	85769
UNKNOWN	96	G	0.886998345056	A	0.0744724865536	1440	375	17151	370	19336	85769
UNKNOWN	97	C	0.910529582127	G	0.0489760033099	328	17606	947	455	19336	85769
UNKNOWN	98	T	0.992759619363	G	0.00336160529582	17	58	65	19196	19336	85769
UNKNOWN	99	G	0.967780306165	A	0.0291166735623	563	29	18713	31	19336	85769
UNKNOWN	100	T	0.998448489863	C	0.000982623086471	10	19	1	19306	19336	85769
UNKNOWN	101	A	0.970417873397	G	0.0188767066612	18764	84	365	123	19336	85769
UNKNOWN	102	A	0.983657426562	G	0.0129292511378	19020	41	250	25	19336	85769
UNKNOWN	103	G	0.798613984278	A	0.123241621845	2383	1234	15442	277	19336	85769
UNKNOWN	104	C	0.966487381051	T	0.0310819197352	20	18688	27	601	19336	85769
UNKNOWN	105	T	0.998138187836	C	0.00108605709557	1	21	14	19300	19336	85769
UNKNOWN	106	G	0.999017376914	T	0.00046545304096	8	2	19317	9	19336	85769
UNKNOWN	107	G	0.998241621845	A	0.000724038063715	14	6	19302	14	19336	85769
UNKNOWN	108	G	0.970728175424	A	0.0200144807613	387	110	18770	69	19336	85769
UNKNOWN	109	T	0.995552337609	C	0.00393049234588	2	76	8	19250	19336	85769
UNKNOWN	110	C	0.996121224659	T	0.00191352916839	11	19261	27	37	19336	85769
UNKNOWN	111	C	0.998810508895	T	0.000568887050062	1	19313	11	11	19336	85769
UNKNOWN	112	G	0.998655357882	C	0.000620604054613	9	12	19310	5	19336	85769
UNKNOWN	113	C	0.998034753827	T	0.00093090608192	11	19298	9	18	19336	85769
UNKNOWN	114	C	0.998655357882	A	0.000879189077369	17	19310	1	8	19336	85769
UNKNOWN	115	A	0.996431526686	G	0.00263756723211	19267	12	51	6	19336	85769
UNKNOWN	116	G	0.997207281754	A	0.0022238311957	43	7	19282	4	19336	85769
UNKNOWN	117	G	0.977968556061	A	0.0166528754655	322	59	18910	45	19336	85769
UNKNOWN	118	C	0.996638394704	T	0.00212039718659	0	19271	24	41	19336	85769
UNKNOWN	119	T	0.995190318577	C	0.00351675630947	12	68	13	19243	19336	85769
UNKNOWN	120	C	0.99829333885	T	0.00103434009102	8	19303	5	20	19336	85769
UNKNOWN	121	C	0.998241621845	A	0.00144807612743	28	19302	3	3	19336	85769
UNKNOWN	122	A	0.990328920149	G	0.00889532478279	19149	5	172	10	19336	85769
UNKNOWN	123	G	0.998448489863	A	0.000982623086471	19	6	19306	5	19336	85769
UNKNOWN	124	G	0.99943111295	A	0.000206868018204	4	3	19325	4	19336	85769
UNKNOWN	125	G	0.995862639636	A	0.00346503930492	67	6	19256	7	19336	85769
UNKNOWN	126	A	0.998500206868	G	0.00129292511378	19307	4	25	0	19336	85769
UNKNOWN	127	A	0.995086884568	G	0.00460281340505	19241	5	89	1	19336	85769
UNKNOWN	128	G	0.998448489863	A	0.00103434009102	20	4	19306	6	19336	85769
UNKNOWN	129	G	0.984484898635	A	0.0104985519239	203	92	19036	5	19336	85769
UNKNOWN	130	C	0.997465866777	G	0.00113777410012	9	19287	22	18	19336	85769
UNKNOWN	131	G	0.974555233761	A	0.0184629706247	357	62	18844	73	19336	85769
UNKNOWN	132	C	0.990328920149	T	0.00755068266446	28	19149	13	146	19336	85769
UNKNOWN	133	T	0.990432354158	G	0.00543028547787	8	72	105	19151	19336	85769
UNKNOWN	134	G	0.982674803475	A	0.0110674389739	214	69	19001	52	19336	85769
UNKNOWN	135	G	0.998086470832	A	0.00118949110468	23	12	19299	2	19336	85769
UNKNOWN	136	A	0.997983036823	G	0.00160322714108	19297	4	31	4	19336	85769
UNKNOWN	137	G	0.984846917667	A	0.0136532892015	264	6	19043	23	19336	85769
UNKNOWN	138	T	0.997827885809	G	0.00113777410012	3	17	22	19294	19336	85769
UNKNOWN	139	G	0.990639222176	A	0.00651634257344	126	24	19155	31	19336	85769
UNKNOWN	140	C	0.862070748862	G	0.113932561026	13	16669	2203	451	19336	85769
UNKNOWN	141	C	0.902410012412	G	0.0899358709144	115	17449	1739	33	19336	85769
UNKNOWN	142	T	0.996328092677	C	0.00284443525031	2	55	14	19265	19336	85769
UNKNOWN	143	C	0.880844021514	T	0.11522548614	15	17032	61	2228	19336	85769
UNKNOWN	144	G	0.995966073645	A	0.00248241621845	48	5	19258	25	19336	85769
UNKNOWN	145	G	0.99136326024	C	0.00553371948697	15	107	19169	45	19336	85769
UNKNOWN	146	T	0.970883326438	G	0.0113260239967	161	183	219	18773	19336	85769
UNKNOWN	147	G	0.708833264377	A	0.253516756309	4902	226	13706	502	19336	85769
UNKNOWN	148	G	0.680182043856	A	0.245759205627	4752	1003	13152	429	19336	85769
UNKNOWN	149	T	0.944249069094	G	0.0235312370707	398	225	455	18258	19336	85769
UNKNOWN	150	A	0.947455523376	G	0.0497517583782	18320	14	962	40	19336	85769
UNKNOWN	151	T	0.992759619363	C	0.00491311543235	32	95	13	19196	19336	85769
UNKNOWN	152	A	0.960436491518	G	0.0188249896566	18571	123	364	278	19336	85769
UNKNOWN	153	A	0.941404633844	G	0.0528030616467	18203	81	1021	31	19336	85769
UNKNOWN	154	G	0.872258998759	A	0.0958833264377	1854	504	16866	112	19336	85769
UNKNOWN	155	C	0.944507654117	T	0.0328402978899	242	18263	196	635	19336	85769
UNKNOWN	156	A	0.911408771204	G	0.0782995448904	17623	169	1514	30	19336	85769
UNKNOWN	157	G	0.938560198593	A	0.0309784857261	599	383	18148	206	19336	85769
UNKNOWN	158	T	0.966694249069	G	0.0143773272652	226	140	278	18692	19336	85769
UNKNOWN	159	G	0.87329333885	A	0.105709557302	2044	324	16886	82	19336	85769
UNKNOWN	160	G	0.890825403393	A	0.0713694662805	1380	459	17225	272	19336	85769
UNKNOWN	161	T	0.969952420356	C	0.0166011584609	89	321	171	18755	19336	85769
UNKNOWN	162	G	0.995707488622	A	0.00398220935043	77	1	19253	5	19336	85769
UNKNOWN	163	G	0.99136326024	A	0.00610260653703	118	35	19169	14	19336	85769
UNKNOWN	164	A	0.951230864708	G	0.0302027306578	18393	295	584	64	19336	85769
UNKNOWN	165	A	0.916166735623	G	0.0711108812578	17715	134	1375	112	19336	85769
UNKNOWN	166	G	0.664563508482	A	0.175992966487	3403	1700	12850	1383	19336	85769
UNKNOWN	167	C	0.914977244518	T	0.0332540339264	541	17692	460	643	19336	85769
UNKNOWN	168	A	0.973365742656	G	0.0201179147704	18821	113	389	13	19336	85769
UNKNOWN	169	C	0.975589573852	T	0.0139635912288	109	18864	93	270	19336	85769
UNKNOWN	170	A	0.98613984278	G	0.00863673976003	19068	22	167	79	19336	85769
UNKNOWN	171	G	0.899824162185	T	0.0727141083988	358	173	17399	1406	19336	85769
UNKNOWN	172	G	0.816870086885	A	0.140463384361	2716	462	15795	363	19336	85769
UNKNOWN	173	C	0.979778651221	G	0.0105502689284	44	18945	204	143	19336	85769
UNKNOWN	174	T	0.993380223417	C	0.00372362432768	44	72	12	19208	19336	85769
UNKNOWN	175	A	0.99306992139	T	0.00418907736864	19202	20	33	81	19336	85769
UNKNOWN	176	T	0.98443318163	C	0.0131878361605	37	255	9	19035	19336	85769
UNKNOWN	177	A	0.987587918908	G	0.00636119155978	19096	97	123	20	19336	85769
UNKNOWN	178	A	0.988208522962	G	0.00765411667356	19108	64	148	16	19336	85769
UNKNOWN	179	C	0.889739346297	T	0.096659081506	77	17204	186	1869	19336	85769
UNKNOWN	180	C	0.969538684319	T	0.0202213487795	72	18747	126	391	19336	85769
UNKNOWN	181	C	0.989915184113	T	0.00387877534133	55	19141	65	75	19336	85769
UNKNOWN	182	A	0.988984278031	G	0.00630947455523	19123	57	122	34	19336	85769
UNKNOWN	183	G	0.987070748862	A	0.00884360777824	171	53	19086	26	19336	85769
UNKNOWN	184	C	0.985932974762	T	0.00682664460074	71	19064	69	132	19336	85769
UNKNOWN	185	C	0.998189904841	A	0.000827472072818	16	19301	7	12	19336	85769
UNKNOWN	186	C	0.99591435664	T	0.002534133223	16	19257	14	49	19336	85769
UNKNOWN	187	T	0.995138601572	G	0.00237898220935	16	32	46	19242	19336	85769
UNKNOWN	188	G	0.977606537029	A	0.0174803475383	338	28	18903	67	19336	85769
UNKNOWN	189	A	0.985467521721	G	0.0126189491105	19055	31	244	6	19336	85769
UNKNOWN	190	A	0.992707902358	G	0.00341332230037	19195	56	66	19	19336	85769
UNKNOWN	191	A	0.990484071163	G	0.00393049234588	19152	67	76	41	19336	85769
UNKNOWN	192	T	0.992914770376	C	0.00449937939595	21	87	29	19199	19336	85769
UNKNOWN	193	C	0.998345055854	A	0.000724038063715	14	19304	5	13	19336	85769
UNKNOWN	194	C	0.992552751345	T	0.00491311543235	12	19192	37	95	19336	85769
UNKNOWN	195	C	0.997103847745	G	0.00212039718659	9	19280	41	6	19336	85769
UNKNOWN	196	G	0.997827885809	A	0.00093090608192	18	14	19294	10	19336	85769
UNKNOWN	197	G	0.939284236657	A	0.0449420769549	869	172	18162	133	19336	85769
UNKNOWN	198	C	0.986657012826	G	0.00822300372362	42	19078	159	57	19336	85769
UNKNOWN	199	T	0.994414563508	C	0.00367190732313	17	71	20	19228	19336	85769
UNKNOWN	200	C	0.991518411254	T	0.00387877534133	73	19172	16	75	19336	85769
UNKNOWN	201	A	0.992656185354	G	0.00429251137774	19194	56	83	3	19336	85769
UNKNOWN	202	G	0.975589573852	C	0.0158254033926	115	306	18864	51	19336	85769
UNKNOWN	203	C	0.9568163012	T	0.0317025237898	122	18501	100	613	19336	85769
UNKNOWN	204	A	0.989863467108	G	0.00605088953248	19140	20	117	59	19336	85769
UNKNOWN	205	T	0.99477658254	C	0.00367190732313	14	71	16	19235	19336	85769
UNKNOWN	206	C	0.991518411254	T	0.00501654944146	54	19172	13	97	19336	85769
UNKNOWN	207	A	0.990018618122	G	0.00553371948697	19143	59	107	27	19336	85769
UNKNOWN	208	C	0.990587505172	G	0.00372362432768	39	19154	72	71	19336	85769
UNKNOWN	209	C	0.972124534547	T	0.0122052130741	151	18797	152	236	19336	85769
UNKNOWN	210	A	0.991259826231	G	0.0045510964005	19167	80	88	1	19336	85769
UNKNOWN	211	A	0.991983864295	G	0.0069817956144	19181	16	135	4	19336	85769
UNKNOWN	212	G	0.983709143566	A	0.0140670252379	272	31	19021	12	19336	85769
UNKNOWN	213	G	0.990380637153	A	0.00806785270997	156	17	19150	13	19336	85769
UNKNOWN	214	A	0.993742242449	C	0.00372362432768	19215	72	38	11	19336	85769
UNKNOWN	215	C	0.985312370707	T	0.00822300372362	72	19052	53	159	19336	85769
UNKNOWN	216	A	0.988053371949	G	0.00868845676458	19105	41	168	22	19336	85769
UNKNOWN	217	A	0.989449731072	G	0.00599917252793	19132	66	116	22	19336	85769
UNKNOWN	218	C	0.976572196938	T	0.0176354985519	18	18883	94	341	19336	85769
UNKNOWN	219	T	0.990949524204	C	0.00439594538684	48	85	42	19161	19336	85769
UNKNOWN	220	C	0.992552751345	T	0.00491311543235	45	19192	4	95	19336	85769
UNKNOWN	221	C	0.988880844022	A	0.0048613984278	94	19121	41	80	19336	85769
UNKNOWN	222	A	0.99193214729	C	0.00403392635499	19180	78	75	3	19336	85769
UNKNOWN	223	A	0.990070335126	G	0.00905047579644	19144	6	175	11	19336	85769
UNKNOWN	224	G	0.99079437319	A	0.00537856847331	104	61	19158	13	19336	85769
UNKNOWN	225	A	0.992345883326	G	0.00532685146876	19188	39	103	6	19336	85769
UNKNOWN	226	G	0.95159288374	A	0.0426665287547	825	93	18400	18	19336	85769
UNKNOWN	227	C	0.973676044683	T	0.0218762929251	35	18827	51	423	19336	85769
UNKNOWN	228	C	0.992035581299	A	0.00429251137774	83	19182	64	7	19336	85769
UNKNOWN	229	A	0.996224658668	G	0.00206868018204	19263	15	40	18	19336	85769
UNKNOWN	230	A	0.982829954489	G	0.0151013653289	19004	27	292	13	19336	85769
UNKNOWN	231	G	0.977658254034	A	0.0127741001241	247	81	18904	104	19336	85769
UNKNOWN	232	T	0.992966487381	C	0.00630947455523	5	122	9	19200	19336	85769
UNKNOWN	233	C	0.981123293339	T	0.00863673976003	33	18971	165	167	19336	85769
UNKNOWN	234	T	0.992707902358	C	0.00413736036409	22	80	39	19195	19336	85769
UNKNOWN	235	C	0.993121638395	T	0.00553371948697	24	19203	2	107	19336	85769
UNKNOWN	236	T	0.986501861812	C	0.00791270169632	36	153	72	19075	19336	85769
UNKNOWN	237	C	0.993742242449	T	0.00424079437319	11	19215	28	82	19336	85769
UNKNOWN	238	T	0.995242035581	G	0.0023272652048	6	41	45	19244	19336	85769
UNKNOWN	239	G	0.966435664046	A	0.0220831609433	427	110	18687	112	19336	85769
UNKNOWN	240	T	0.991208109226	C	0.00382705833678	57	74	39	19166	19336	85769
UNKNOWN	241	C	0.98738105089	T	0.00894704178734	48	19092	23	173	19336	85769
UNKNOWN	242	A	0.983450558544	G	0.0095159288374	19016	66	184	70	19336	85769
UNKNOWN	243	G	0.924286305337	A	0.0362536201903	701	585	17872	178	19336	85769
UNKNOWN	244	T	0.993483657427	G	0.00305130326851	16	51	59	19210	19336	85769
UNKNOWN	245	G	0.976210177906	A	0.0157219693835	304	76	18876	80	19336	85769
UNKNOWN	246	A	0.985467521721	G	0.0100330988829	19055	76	194	11	19336	85769
UNKNOWN	247	G	0.943318163012	A	0.0373396772859	722	252	18240	122	19336	85769
UNKNOWN	248	C	0.969642118329	T	0.0138084402151	126	18749	194	267	19336	85769
UNKNOWN	249	A	0.990535788167	G	0.00775755068266	19153	30	150	3	19336	85769
UNKNOWN	250	G	0.980347538271	A	0.0130844021514	253	106	18956	21	19336	85769
UNKNOWN	251	C	0.990484071163	T	0.00496483243691	30	19152	58	96	19336	85769
UNKNOWN	252	G	0.989966901117	A	0.00625775755068	121	18	19142	55	19336	85769
UNKNOWN	253	T	0.992139015308	C	0.00460281340505	10	89	53	19184	19336	85769
UNKNOWN	254	G	0.971710798511	A	0.0184629706247	357	88	18789	102	19336	85769
UNKNOWN	255	A	0.989346297062	G	0.00625775755068	19130	62	121	23	19336	85769
UNKNOWN	256	C	0.988880844022	T	0.00610260653703	59	19121	38	118	19336	85769
UNKNOWN	257	A	0.978589160116	G	0.0128258171287	18922	97	248	69	19336	85769
UNKNOWN	258	C	0.974244931734	A	0.017738932561	343	18838	82	73	19336	85769
UNKNOWN	259	C	0.991414977245	T	0.00641290856434	14	19170	28	124	19336	85769
UNKNOWN	260	T	0.976727347952	C	0.0116880430285	56	226	168	18886	19336	85769
UNKNOWN	261	G	0.990535788167	A	0.00553371948697	107	50	19153	26	19336	85769
UNKNOWN	262	A	0.989294580058	G	0.0072920976417	19129	53	141	13	19336	85769
UNKNOWN	263	G	0.960074472487	A	0.0236346710799	457	249	18564	66	19336	85769
UNKNOWN	264	G	0.991311543235	A	0.00558543649152	108	26	19168	34	19336	85769
UNKNOWN	265	A	0.991466694249	C	0.00506826644601	19171	98	53	14	19336	85769
UNKNOWN	266	C	0.97931319818	T	0.00998138187836	164	18936	43	193	19336	85769
UNKNOWN	267	A	0.987329333885	G	0.00522341745966	19091	53	101	91	19336	85769
UNKNOWN	268	C	0.994259412495	G	0.00284443525031	44	19225	55	12	19336	85769
UNKNOWN	269	G	0.919683491932	A	0.074420769549	1439	64	17783	50	19336	85769
UNKNOWN	270	G	0.992294166322	A	0.00263756723211	51	51	19187	47	19336	85769
UNKNOWN	271	C	0.992966487381	A	0.00387877534133	75	19200	40	21	19336	85769
UNKNOWN	272	C	0.990846090194	A	0.00527513446421	102	19159	27	48	19336	85769
UNKNOWN	273	A	0.991414977245	G	0.00403392635499	19170	52	78	36	19336	85769
UNKNOWN	274	C	0.987691352917	A	0.00620604054613	120	19098	17	101	19336	85769
UNKNOWN	275	A	0.977451386016	G	0.0117914770376	18900	96	228	112	19336	85769
UNKNOWN	276	T	0.991621845263	G	0.00356847331403	61	32	69	19174	19336	85769
UNKNOWN	277	A	0.992449317336	C	0.00449937939595	19190	87	32	27	19336	85769
UNKNOWN	278	C	0.961315680596	T	0.035943318163	36	18588	17	695	19336	85769
UNKNOWN	279	T	0.988725693008	G	0.00403392635499	65	75	78	19118	19336	85769
UNKNOWN	280	A	0.984174596607	T	0.00703351261895	19030	117	53	136	19336	85769
UNKNOWN	281	C	0.974710384775	T	0.0223417459661	36	18847	21	432	19336	85769
UNKNOWN	282	T	0.989398014067	G	0.00661977658254	42	35	128	19131	19336	85769
