Type	Position	Nucl1	Freq1	Nucl2	Freq2	NumAs	NumCs	NumGs	NumTs	NumAligned	NumNaive
UNKNOWN	0	C	1.0	A	0.0	0	3125	0	0	3125	114599
UNKNOWN	1	A	1.0	C	0.0	3125	0	0	0	3125	114599
UNKNOWN	2	G	1.0	A	0.0	0	0	3125	0	3125	114599
UNKNOWN	3	G	1.0	A	0.0	0	0	3125	0	3125	114599
UNKNOWN	4	T	1.0	A	0.0	0	0	0	3125	3125	114599
UNKNOWN	5	G	1.0	A	0.0	0	0	3125	0	3125	114599
UNKNOWN	6	C	1.0	A	0.0	0	3125	0	0	3125	114599
UNKNOWN	7	A	0.99488	T	0.00288	3109	1	6	9	3125	114599
UNKNOWN	8	G	0.9904	A	0.00736	23	6	3095	1	3125	114599
UNKNOWN	9	C	0.9968	T	0.00288	0	3115	1	9	3125	114599
UNKNOWN	10	T	0.99872	C	0.00128	0	4	0	3121	3125	114599
UNKNOWN	11	G	0.99744	A	0.00224	7	1	3117	0	3125	114599
UNKNOWN	12	C	0.99936	T	0.00064	0	3123	0	2	3125	114599
UNKNOWN	13	G	0.99744	A	0.00224	7	0	3117	1	3125	114599
UNKNOWN	14	G	0.96608	C	0.03168	4	99	3019	3	3125	114599
UNKNOWN	15	G	0.99712	C	0.00192	2	6	3116	1	3125	114599
UNKNOWN	16	A	0.9952	G	0.00352	3110	3	11	1	3125	114599
UNKNOWN	17	G	0.9968	A	0.00256	8	1	3115	1	3125	114599
UNKNOWN	18	T	0.9968	C	0.00128	2	4	4	3115	3125	114599
UNKNOWN	19	C	0.99872	G	0.00064	1	3121	2	1	3125	114599
UNKNOWN	20	G	0.99648	A	0.00352	11	0	3114	0	3125	114599
UNKNOWN	21	G	0.9984	C	0.00128	1	4	3120	0	3125	114599
UNKNOWN	22	G	0.99936	A	0.00032	1	1	3123	0	3125	114599
UNKNOWN	23	C	0.99968	T	0.00032	0	3124	0	1	3125	114599
UNKNOWN	24	C	0.99744	A	0.00224	7	3117	0	1	3125	114599
UNKNOWN	25	C	0.99872	A	0.00064	2	3121	0	2	3125	114599
UNKNOWN	26	C	0.9984	A	0.0016	5	3120	0	0	3125	114599
UNKNOWN	27	A	0.99776	G	0.00192	3118	1	6	0	3125	114599
UNKNOWN	28	G	0.98528	A	0.01088	34	10	3079	2	3125	114599
UNKNOWN	29	C	0.9968	T	0.00256	0	3115	2	8	3125	114599
UNKNOWN	30	C	0.99776	T	0.00128	0	3118	3	4	3125	114599
UNKNOWN	31	T	0.99616	G	0.00192	1	5	6	3113	3125	114599
UNKNOWN	32	G	0.98272	A	0.01376	43	5	3071	6	3125	114599
UNKNOWN	33	G	0.99808	A	0.00096	3	1	3119	2	3125	114599
UNKNOWN	34	T	0.99584	C	0.00224	1	7	5	3112	3125	114599
UNKNOWN	35	G	0.99712	A	0.00192	6	2	3116	1	3125	114599
UNKNOWN	36	A	0.99648	C	0.00256	3114	8	2	1	3125	114599
UNKNOWN	37	A	0.99232	C	0.00416	3101	13	11	0	3125	114599
UNKNOWN	38	G	0.9968	A	0.0016	5	3	3115	2	3125	114599
UNKNOWN	39	C	0.99744	T	0.00128	1	3117	3	4	3125	114599
UNKNOWN	40	C	0.99776	G	0.00096	2	3118	3	2	3125	114599
UNKNOWN	41	C	0.99456	G	0.00384	1	3108	12	4	3125	114599
UNKNOWN	42	T	0.99456	C	0.0048	0	15	2	3108	3125	114599
UNKNOWN	43	C	0.99808	A	0.00096	3	3119	1	2	3125	114599
UNKNOWN	44	A	0.9952	C	0.00256	3110	8	7	0	3125	114599
UNKNOWN	45	C	0.99616	A	0.00192	6	3113	6	0	3125	114599
UNKNOWN	46	A	0.99392	C	0.0032	3106	10	9	0	3125	114599
UNKNOWN	47	G	0.9968	A	0.00256	8	2	3115	0	3125	114599
UNKNOWN	48	A	0.99392	C	0.0032	3106	10	9	0	3125	114599
UNKNOWN	49	C	0.99552	T	0.0032	2	3111	2	10	3125	114599
UNKNOWN	50	C	0.99616	T	0.00192	1	3113	5	6	3125	114599
UNKNOWN	51	C	0.9968	T	0.00192	3	3115	1	6	3125	114599
UNKNOWN	52	T	0.99584	C	0.00288	4	9	0	3112	3125	114599
UNKNOWN	53	C	0.99904	T	0.00096	0	3122	0	3	3125	114599
UNKNOWN	54	T	0.99584	C	0.0032	2	10	1	3112	3125	114599
UNKNOWN	55	C	0.9968	A	0.00288	9	3115	0	1	3125	114599
UNKNOWN	56	C	0.9888	T	0.00928	2	3090	4	29	3125	114599
UNKNOWN	57	C	0.99872	T	0.00128	0	3121	0	4	3125	114599
UNKNOWN	58	T	0.9968	C	0.00256	2	8	0	3115	3125	114599
UNKNOWN	59	C	0.99584	A	0.00384	12	3112	0	1	3125	114599
UNKNOWN	60	A	0.99424	C	0.00352	3107	11	7	0	3125	114599
UNKNOWN	61	C	0.99424	T	0.00416	4	3107	1	13	3125	114599
UNKNOWN	62	C	0.99392	G	0.0032	4	3106	10	5	3125	114599
UNKNOWN	63	T	0.99616	G	0.00192	3	3	6	3113	3125	114599
UNKNOWN	64	G	0.9984	C	0.00096	2	3	3120	0	3125	114599
UNKNOWN	65	C	0.99776	A	0.0016	5	3118	0	2	3125	114599
UNKNOWN	66	A	0.99168	G	0.00512	3099	9	16	1	3125	114599
UNKNOWN	67	C	0.992	T	0.00544	2	3100	6	17	3125	114599
UNKNOWN	68	G	0.97664	A	0.02176	68	3	3052	2	3125	114599
UNKNOWN	69	G	0.9408	A	0.05632	176	6	2940	3	3125	114599
UNKNOWN	70	T	0.98944	C	0.00736	0	23	10	3092	3125	114599
UNKNOWN	71	C	0.9824	G	0.01344	0	3070	42	13	3125	114599
UNKNOWN	72	T	0.99424	C	0.00512	2	16	0	3107	3125	114599
UNKNOWN	73	C	0.9984	T	0.00096	2	3120	0	3	3125	114599
UNKNOWN	74	T	0.99488	C	0.00384	1	12	3	3109	3125	114599
UNKNOWN	75	G	0.99616	A	0.0032	10	1	3113	1	3125	114599
UNKNOWN	76	G	0.98752	A	0.00768	24	11	3086	4	3125	114599
UNKNOWN	77	A	0.99104	C	0.00512	3097	16	8	4	3125	114599
UNKNOWN	78	T	0.99136	C	0.00416	1	13	13	3098	3125	114599
UNKNOWN	79	T	0.99808	C	0.00192	0	6	0	3119	3125	114599
UNKNOWN	80	C	0.9776	T	0.01824	3	3055	10	57	3125	114599
UNKNOWN	81	T	0.976	C	0.02208	3	69	3	3050	3125	114599
UNKNOWN	82	C	0.96896	A	0.01984	62	3028	0	35	3125	114599
UNKNOWN	83	A	0.97664	G	0.02048	3052	4	64	5	3125	114599
UNKNOWN	84	T	0.98976	C	0.00992	0	31	1	3093	3125	114599
UNKNOWN	85	T	0.99712	G	0.00192	0	3	6	3116	3125	114599
UNKNOWN	86	G	0.95392	A	0.02848	89	53	2981	2	3125	114599
UNKNOWN	87	A	0.9872	G	0.00768	3085	15	24	1	3125	114599
UNKNOWN	88	G	0.93536	A	0.05088	159	29	2923	14	3125	114599
UNKNOWN	89	C	0.96064	T	0.02784	15	3002	21	87	3125	114599
UNKNOWN	90	A	0.97696	G	0.01952	3053	11	61	0	3125	114599
UNKNOWN	91	G	0.81856	A	0.10176	318	157	2558	92	3125	114599
UNKNOWN	92	C	0.95744	T	0.02272	22	2992	40	71	3125	114599
UNKNOWN	93	A	0.8736	T	0.06656	2730	59	128	208	3125	114599
UNKNOWN	94	A	0.94144	G	0.04224	2942	28	132	23	3125	114599
UNKNOWN	95	T	0.97696	G	0.01312	10	21	41	3053	3125	114599
UNKNOWN	96	G	0.90528	A	0.064	200	29	2829	67	3125	114599
UNKNOWN	97	G	0.632	C	0.18144	564	567	1975	19	3125	114599
UNKNOWN	98	T	0.97728	C	0.01376	8	43	20	3054	3125	114599
UNKNOWN	99	G	0.96256	A	0.0304	95	1	3008	21	3125	114599
UNKNOWN	100	T	0.99104	C	0.00736	3	23	2	3097	3125	114599
UNKNOWN	101	A	0.95104	G	0.02816	2972	26	88	39	3125	114599
UNKNOWN	102	G	0.74624	C	0.15232	266	476	2332	51	3125	114599
UNKNOWN	103	T	0.94656	G	0.03008	28	45	94	2958	3125	114599
UNKNOWN	104	C	0.90656	T	0.06592	24	2833	62	206	3125	114599
UNKNOWN	105	T	0.9968	C	0.00192	0	6	4	3115	3125	114599
UNKNOWN	106	G	0.99872	T	0.00096	1	0	3121	3	3125	114599
UNKNOWN	107	G	0.99808	T	0.00096	1	2	3119	3	3125	114599
UNKNOWN	108	G	0.98272	A	0.01088	34	11	3071	9	3125	114599
UNKNOWN	109	T	0.99776	C	0.00192	0	6	1	3118	3125	114599
UNKNOWN	110	C	0.99456	A	0.00256	8	3108	1	8	3125	114599
UNKNOWN	111	C	0.99776	G	0.0016	1	3118	5	1	3125	114599
UNKNOWN	112	G	0.99776	C	0.00128	1	4	3118	2	3125	114599
UNKNOWN	113	C	0.99552	T	0.00384	1	3111	1	12	3125	114599
UNKNOWN	114	C	0.99744	A	0.00224	7	3117	0	1	3125	114599
UNKNOWN	115	A	0.98336	G	0.01472	3073	4	46	2	3125	114599
UNKNOWN	116	G	0.9984	A	0.00096	3	2	3120	0	3125	114599
UNKNOWN	117	G	0.98176	A	0.016	50	6	3068	1	3125	114599
UNKNOWN	118	C	0.99616	T	0.00256	2	3113	2	8	3125	114599
UNKNOWN	119	T	0.992	C	0.00576	3	18	4	3100	3125	114599
UNKNOWN	120	C	0.99328	A	0.00448	14	3104	2	5	3125	114599
UNKNOWN	121	C	0.99104	A	0.00352	11	3097	6	11	3125	114599
UNKNOWN	122	A	0.99392	G	0.00352	3106	8	11	0	3125	114599
UNKNOWN	123	G	0.99808	C	0.00096	1	3	3119	2	3125	114599
UNKNOWN	124	G	0.9968	A	0.00256	8	1	3115	1	3125	114599
UNKNOWN	125	G	0.97568	A	0.02304	72	3	3049	1	3125	114599
UNKNOWN	126	A	0.99584	G	0.0032	3112	3	10	0	3125	114599
UNKNOWN	127	A	0.98752	G	0.0112	3086	0	35	4	3125	114599
UNKNOWN	128	G	0.99808	A	0.00096	3	0	3119	3	3125	114599
UNKNOWN	129	G	0.98432	C	0.01312	7	41	3076	1	3125	114599
UNKNOWN	130	C	0.9952	G	0.00224	2	3110	7	6	3125	114599
UNKNOWN	131	G	0.98432	A	0.01184	37	9	3076	3	3125	114599
UNKNOWN	132	C	0.99648	T	0.0016	1	3114	5	5	3125	114599
UNKNOWN	133	T	0.99104	C	0.0048	3	15	10	3097	3125	114599
UNKNOWN	134	G	0.9888	A	0.01024	32	0	3090	3	3125	114599
UNKNOWN	135	G	0.99712	A	0.00224	7	1	3116	1	3125	114599
UNKNOWN	136	A	0.99552	G	0.00352	3111	2	11	1	3125	114599
UNKNOWN	137	G	0.9552	A	0.04288	134	0	2985	6	3125	114599
UNKNOWN	138	T	0.99584	G	0.00256	1	4	8	3112	3125	114599
UNKNOWN	139	G	0.9984	A	0.00096	3	0	3120	2	3125	114599
UNKNOWN	140	G	0.99072	C	0.00704	0	22	3096	7	3125	114599
UNKNOWN	141	C	0.96288	G	0.0288	20	3009	90	6	3125	114599
UNKNOWN	142	T	0.99424	C	0.0048	1	15	2	3107	3125	114599
UNKNOWN	143	C	0.99008	T	0.00576	6	3094	7	18	3125	114599
UNKNOWN	144	G	0.99712	A	0.00288	9	0	3116	0	3125	114599
UNKNOWN	145	G	0.9952	C	0.00256	0	8	3110	7	3125	114599
UNKNOWN	146	T	0.96	C	0.01984	22	62	41	3000	3125	114599
UNKNOWN	147	G	0.7024	A	0.28256	883	17	2195	30	3125	114599
UNKNOWN	148	G	0.81088	A	0.11328	354	124	2534	113	3125	114599
UNKNOWN	149	T	0.92256	C	0.03744	34	117	91	2883	3125	114599
UNKNOWN	150	A	0.91808	G	0.07136	2869	8	223	25	3125	114599
UNKNOWN	151	T	0.97984	C	0.00896	7	28	28	3062	3125	114599
UNKNOWN	152	A	0.93152	T	0.03584	2911	26	76	112	3125	114599
UNKNOWN	153	T	0.95584	C	0.0176	49	55	34	2987	3125	114599
UNKNOWN	154	G	0.96672	A	0.0272	85	13	3021	6	3125	114599
UNKNOWN	155	C	0.91488	T	0.07904	11	2859	8	247	3125	114599
UNKNOWN	156	A	0.89312	G	0.09696	2791	30	303	1	3125	114599
UNKNOWN	157	G	0.86496	C	0.0656	176	205	2703	41	3125	114599
UNKNOWN	158	T	0.9632	G	0.02912	10	14	91	3010	3125	114599
UNKNOWN	159	G	0.8432	A	0.12768	399	68	2635	23	3125	114599
UNKNOWN	160	G	0.89152	A	0.07808	244	76	2786	19	3125	114599
UNKNOWN	161	T	0.95968	G	0.01728	32	40	54	2999	3125	114599
UNKNOWN	162	G	0.99456	A	0.00352	11	0	3108	6	3125	114599
UNKNOWN	163	G	0.97344	A	0.01664	52	16	3042	15	3125	114599
UNKNOWN	164	A	0.9568	G	0.02944	2990	26	92	17	3125	114599
UNKNOWN	165	A	0.95552	G	0.03552	2986	11	111	17	3125	114599
UNKNOWN	166	G	0.8176	C	0.1136	108	355	2555	107	3125	114599
UNKNOWN	167	C	0.91648	T	0.03936	44	2864	94	123	3125	114599
UNKNOWN	168	A	0.99104	G	0.00416	3097	6	13	9	3125	114599
UNKNOWN	169	C	0.9792	A	0.00768	24	3060	22	19	3125	114599
UNKNOWN	170	A	0.9696	G	0.02304	3030	12	72	11	3125	114599
UNKNOWN	171	A	0.91264	G	0.064	2852	53	200	20	3125	114599
UNKNOWN	172	G	0.73888	A	0.18272	571	172	2309	73	3125	114599
UNKNOWN	173	C	0.91488	G	0.04224	37	2859	132	97	3125	114599
UNKNOWN	174	T	0.984	C	0.01056	5	33	12	3075	3125	114599
UNKNOWN	175	T	0.976	A	0.0192	60	7	8	3050	3125	114599
UNKNOWN	176	T	0.96192	A	0.01536	48	30	41	3006	3125	114599
UNKNOWN	177	A	0.96096	G	0.02176	3003	51	68	3	3125	114599
UNKNOWN	178	A	0.97056	C	0.02272	3033	71	19	2	3125	114599
UNKNOWN	179	C	0.91328	T	0.0736	18	2854	23	230	3125	114599
UNKNOWN	180	C	0.96224	T	0.02144	12	3007	39	67	3125	114599
UNKNOWN	181	C	0.98528	T	0.00928	13	3079	4	29	3125	114599
UNKNOWN	182	A	0.98688	G	0.008	3084	9	25	7	3125	114599
UNKNOWN	183	G	0.97984	A	0.0128	40	15	3062	8	3125	114599
UNKNOWN	184	C	0.98016	T	0.01344	7	3063	13	42	3125	114599
UNKNOWN	185	C	0.9984	A	0.00096	3	3120	1	1	3125	114599
UNKNOWN	186	C	0.99488	T	0.00416	0	3109	3	13	3125	114599
UNKNOWN	187	T	0.99328	G	0.00416	3	5	13	3104	3125	114599
UNKNOWN	188	G	0.9712	A	0.024	75	5	3035	10	3125	114599
UNKNOWN	189	A	0.99008	G	0.00544	3094	6	17	8	3125	114599
UNKNOWN	190	A	0.99392	C	0.00224	3106	7	7	5	3125	114599
UNKNOWN	191	A	0.99008	G	0.0048	3094	7	15	9	3125	114599
UNKNOWN	192	T	0.968	C	0.02528	2	79	19	3025	3125	114599
UNKNOWN	193	C	0.99488	T	0.00416	3	3109	0	13	3125	114599
UNKNOWN	194	C	0.99008	G	0.00416	7	3094	13	11	3125	114599
UNKNOWN	195	C	0.99456	G	0.00448	3	3108	14	0	3125	114599
UNKNOWN	196	G	0.99648	A	0.0032	10	0	3114	1	3125	114599
UNKNOWN	197	G	0.89856	A	0.07168	224	26	2808	67	3125	114599
UNKNOWN	198	C	0.984	G	0.00672	16	3075	21	13	3125	114599
UNKNOWN	199	T	0.9904	C	0.0064	3	20	7	3095	3125	114599
UNKNOWN	200	C	0.9904	A	0.0048	15	3095	1	14	3125	114599
UNKNOWN	201	A	0.97952	G	0.01856	3061	6	58	0	3125	114599
UNKNOWN	202	G	0.9856	C	0.01024	7	32	3080	6	3125	114599
UNKNOWN	203	C	0.88544	A	0.06464	202	2767	23	133	3125	114599
UNKNOWN	204	A	0.99072	T	0.00384	3096	5	12	12	3125	114599
UNKNOWN	205	T	0.99328	C	0.00448	3	14	4	3104	3125	114599
UNKNOWN	206	C	0.98944	A	0.00576	18	3092	2	13	3125	114599
UNKNOWN	207	A	0.99136	G	0.00448	3098	12	14	1	3125	114599
UNKNOWN	208	C	0.98304	T	0.00896	7	3072	18	28	3125	114599
UNKNOWN	209	C	0.96416	T	0.016	19	3013	43	50	3125	114599
UNKNOWN	210	A	0.9856	C	0.01184	3080	37	8	0	3125	114599
UNKNOWN	211	A	0.9744	G	0.02144	3045	11	67	2	3125	114599
UNKNOWN	212	G	0.98112	A	0.01504	47	9	3066	3	3125	114599
UNKNOWN	213	G	0.9904	A	0.00864	27	3	3095	0	3125	114599
UNKNOWN	214	A	0.99136	C	0.00544	3098	17	7	3	3125	114599
UNKNOWN	215	C	0.97472	T	0.01632	14	3046	14	51	3125	114599
UNKNOWN	216	A	0.98176	G	0.01664	3068	5	52	0	3125	114599
UNKNOWN	217	A	0.97184	C	0.0128	3037	40	40	8	3125	114599
UNKNOWN	218	C	0.97216	T	0.01824	6	3038	24	57	3125	114599
UNKNOWN	219	T	0.99104	C	0.0048	6	15	7	3097	3125	114599
UNKNOWN	220	C	0.99456	A	0.0032	10	3108	1	6	3125	114599
UNKNOWN	221	C	0.9904	A	0.00416	13	3095	9	8	3125	114599
UNKNOWN	222	A	0.9824	G	0.00896	3070	25	28	2	3125	114599
UNKNOWN	223	A	0.97408	G	0.02048	3044	3	64	14	3125	114599
UNKNOWN	224	G	0.98432	A	0.00736	23	20	3076	6	3125	114599
UNKNOWN	225	A	0.9872	G	0.008	3085	13	25	2	3125	114599
UNKNOWN	226	G	0.95488	A	0.03456	108	24	2984	9	3125	114599
UNKNOWN	227	C	0.96672	T	0.02816	7	3021	9	88	3125	114599
UNKNOWN	228	C	0.98592	G	0.00896	16	3081	28	0	3125	114599
UNKNOWN	229	A	0.99392	G	0.00384	3106	2	12	5	3125	114599
UNKNOWN	230	A	0.96928	G	0.02752	3029	4	86	6	3125	114599
UNKNOWN	231	G	0.97088	A	0.0144	45	9	3034	37	3125	114599
UNKNOWN	232	T	0.98176	C	0.01376	2	43	12	3068	3125	114599
UNKNOWN	233	C	0.95264	T	0.02496	3	2977	67	78	3125	114599
UNKNOWN	234	T	0.98944	C	0.0064	3	20	10	3092	3125	114599
UNKNOWN	235	C	0.98464	T	0.01056	14	3077	1	33	3125	114599
UNKNOWN	236	T	0.98208	C	0.008	7	25	24	3069	3125	114599
UNKNOWN	237	C	0.98816	T	0.008	6	3088	6	25	3125	114599
UNKNOWN	238	T	0.99264	G	0.0048	2	6	15	3102	3125	114599
UNKNOWN	239	G	0.94112	A	0.04352	136	18	2941	30	3125	114599
UNKNOWN	240	T	0.98656	C	0.00576	12	18	12	3083	3125	114599
UNKNOWN	241	C	0.98368	T	0.0096	19	3074	2	30	3125	114599
UNKNOWN	242	A	0.97664	G	0.0144	3052	17	45	11	3125	114599
UNKNOWN	243	G	0.87808	C	0.064	152	200	2744	29	3125	114599
UNKNOWN	244	T	0.98592	C	0.00768	4	24	16	3081	3125	114599
UNKNOWN	245	G	0.96416	A	0.02048	64	12	3013	36	3125	114599
UNKNOWN	246	A	0.97792	G	0.01632	3056	12	51	6	3125	114599
UNKNOWN	247	G	0.87744	A	0.08	250	105	2742	28	3125	114599
UNKNOWN	248	C	0.96896	T	0.01888	28	3028	10	59	3125	114599
UNKNOWN	249	A	0.98752	G	0.0096	3086	9	30	0	3125	114599
UNKNOWN	250	G	0.96352	C	0.02016	44	63	3011	7	3125	114599
UNKNOWN	251	C	0.98784	G	0.008	5	3087	25	8	3125	114599
UNKNOWN	252	G	0.98368	A	0.0064	20	12	3074	19	3125	114599
UNKNOWN	253	T	0.98848	G	0.00544	3	16	17	3089	3125	114599
UNKNOWN	254	G	0.95296	A	0.03776	118	15	2978	14	3125	114599
UNKNOWN	255	A	0.9872	G	0.00576	3085	16	18	6	3125	114599
UNKNOWN	256	C	0.9856	T	0.00768	18	3080	3	24	3125	114599
UNKNOWN	257	A	0.97056	G	0.01696	3033	22	53	17	3125	114599
UNKNOWN	258	C	0.8448	A	0.14112	441	2640	30	14	3125	114599
UNKNOWN	259	C	0.96736	T	0.02368	8	3023	20	74	3125	114599
UNKNOWN	260	T	0.95904	C	0.02624	7	82	39	2997	3125	114599
UNKNOWN	261	G	0.9872	A	0.00832	26	7	3085	7	3125	114599
UNKNOWN	262	A	0.98592	G	0.00832	3081	17	26	1	3125	114599
UNKNOWN	263	G	0.95648	A	0.02176	68	47	2989	21	3125	114599
UNKNOWN	264	G	0.98816	A	0.00736	23	5	3088	9	3125	114599
UNKNOWN	265	A	0.98592	C	0.0064	3081	20	17	7	3125	114599
UNKNOWN	266	C	0.97184	T	0.01696	25	3037	10	53	3125	114599
UNKNOWN	267	A	0.9632	T	0.02272	3010	14	30	71	3125	114599
UNKNOWN	268	C	0.98464	G	0.00864	12	3077	27	9	3125	114599
UNKNOWN	269	G	0.99264	A	0.00288	9	5	3102	9	3125	114599
UNKNOWN	270	G	0.9904	C	0.00416	5	13	3095	12	3125	114599
UNKNOWN	271	C	0.98752	G	0.00672	12	3086	21	6	3125	114599
UNKNOWN	272	C	0.99008	A	0.00736	23	3094	4	4	3125	114599
UNKNOWN	273	A	0.97696	G	0.01824	3053	13	57	2	3125	114599
UNKNOWN	274	C	0.97888	A	0.01056	33	3059	2	31	3125	114599
UNKNOWN	275	A	0.96448	G	0.0208	3014	15	65	31	3125	114599
UNKNOWN	276	T	0.98816	G	0.00512	15	6	16	3088	3125	114599
UNKNOWN	277	A	0.98752	C	0.00544	3086	17	15	7	3125	114599
UNKNOWN	278	C	0.93632	T	0.05856	8	2926	8	183	3125	114599
UNKNOWN	279	T	0.97344	C	0.01376	15	43	25	3042	3125	114599
UNKNOWN	280	A	0.94944	T	0.02912	2967	55	12	91	3125	114599
UNKNOWN	281	C	0.96352	T	0.03008	15	3011	5	94	3125	114599
UNKNOWN	282	T	0.98752	G	0.00768	10	5	24	3086	3125	114599
