Type	Position	Nucl1	Freq1	Nucl2	Freq2	NumAs	NumCs	NumGs	NumTs	NumAligned	NumNaive
UNKNOWN	0	C	1.0	A	0.0	0	15615	0	0	15615	114599
UNKNOWN	1	A	1.0	C	0.0	15615	0	0	0	15615	114599
UNKNOWN	2	G	1.0	A	0.0	0	0	15615	0	15615	114599
UNKNOWN	3	G	1.0	A	0.0	0	0	15615	0	15615	114599
UNKNOWN	4	T	1.0	A	0.0	0	0	0	15615	15615	114599
UNKNOWN	5	G	1.0	A	0.0	0	0	15615	0	15615	114599
UNKNOWN	6	C	1.0	A	0.0	0	15615	0	0	15615	114599
UNKNOWN	7	A	0.995709253923	G	0.00326609029779	15548	7	51	9	15615	114599
UNKNOWN	8	G	0.988152417547	A	0.00832532821005	130	47	15430	8	15615	114599
UNKNOWN	9	C	0.995389048991	T	0.00281780339417	3	15543	25	44	15615	114599
UNKNOWN	10	T	0.99846301633	C	0.00153698366955	0	24	0	15591	15615	114599
UNKNOWN	11	G	0.998078770413	A	0.00160102465578	25	2	15585	3	15615	114599
UNKNOWN	12	C	0.997758565482	T	0.00198527057317	2	15580	2	31	15615	114599
UNKNOWN	13	G	0.997886647454	A	0.00108869676593	17	0	15582	16	15615	114599
UNKNOWN	14	G	0.961063080371	C	0.0353506243996	47	552	15007	9	15615	114599
UNKNOWN	15	G	0.99897534422	C	0.00051232788985	3	8	15599	5	15615	114599
UNKNOWN	16	A	0.995901376881	G	0.00300992635287	15551	13	47	4	15615	114599
UNKNOWN	17	G	0.986615433878	A	0.0113992955492	178	22	15406	9	15615	114599
UNKNOWN	18	T	0.997054114633	C	0.00147294268332	3	23	20	15569	15615	114599
UNKNOWN	19	C	0.998847262248	A	0.000768491834774	12	15597	4	2	15615	114599
UNKNOWN	20	G	0.995709253923	A	0.00358629522895	56	4	15548	7	15615	114599
UNKNOWN	21	G	0.999039385207	C	0.000448286903618	4	7	15600	4	15615	114599
UNKNOWN	22	G	0.998847262248	A	0.00051232788985	8	6	15597	4	15615	114599
UNKNOWN	23	C	0.997822606468	T	0.00147294268332	5	15581	6	23	15615	114599
UNKNOWN	24	C	0.999039385207	A	0.000704450848543	11	15600	0	4	15615	114599
UNKNOWN	25	C	0.998398975344	A	0.000896573807237	14	15590	3	8	15615	114599
UNKNOWN	26	C	0.998014729427	A	0.00153698366955	24	15584	2	5	15615	114599
UNKNOWN	27	A	0.997630483509	G	0.0020493115594	15578	3	32	2	15615	114599
UNKNOWN	28	G	0.989048991354	A	0.00717259045789	112	50	15444	9	15615	114599
UNKNOWN	29	C	0.993595901377	A	0.00339417227025	53	15515	2	45	15615	114599
UNKNOWN	30	C	0.998398975344	T	0.00134486071085	2	15590	2	21	15615	114599
UNKNOWN	31	T	0.99609349984	G	0.00217739353186	5	22	34	15554	15615	114599
UNKNOWN	32	G	0.988536663465	A	0.00717259045789	112	14	15436	53	15615	114599
UNKNOWN	33	G	0.995325008005	A	0.0028818443804	45	18	15542	10	15615	114599
UNKNOWN	34	T	0.995517130964	C	0.00275376240794	3	43	24	15545	15615	114599
UNKNOWN	35	G	0.99609349984	A	0.00294588536663	46	8	15554	7	15615	114599
UNKNOWN	36	A	0.997374319565	C	0.00128081972462	15574	20	17	4	15615	114599
UNKNOWN	37	A	0.992571245597	G	0.00435478706372	15499	47	68	1	15615	114599
UNKNOWN	38	G	0.997438360551	A	0.00121677873839	19	11	15575	10	15615	114599
UNKNOWN	39	C	0.99218699968	T	0.00384245917387	15	15493	47	60	15615	114599
UNKNOWN	40	C	0.998911303234	A	0.00051232788985	8	15598	2	7	15615	114599
UNKNOWN	41	C	0.997566442523	G	0.00134486071085	5	15577	21	12	15615	114599
UNKNOWN	42	T	0.995773294909	C	0.00320204931156	8	50	8	15549	15615	114599
UNKNOWN	43	C	0.998527057317	A	0.000960614793468	15	15592	1	7	15615	114599
UNKNOWN	44	A	0.994812680115	C	0.00249759846302	15534	39	37	5	15615	114599
UNKNOWN	45	C	0.991930835735	G	0.00672430355427	13	15489	105	8	15615	114599
UNKNOWN	46	A	0.995389048991	C	0.00281780339417	15543	44	22	6	15615	114599
UNKNOWN	47	G	0.995517130964	C	0.00217739353186	31	34	15545	5	15615	114599
UNKNOWN	48	A	0.995004803074	C	0.00275376240794	15537	43	31	4	15615	114599
UNKNOWN	49	C	0.996477745757	T	0.00224143451809	5	15560	15	35	15615	114599
UNKNOWN	50	C	0.997054114633	T	0.00153698366955	13	15569	9	24	15615	114599
UNKNOWN	51	C	0.997502401537	T	0.00172910662824	7	15576	5	27	15615	114599
UNKNOWN	52	T	0.99660582773	C	0.00256163944925	10	40	3	15562	15615	114599
UNKNOWN	53	C	0.997630483509	G	0.0010246557797	8	15578	16	13	15615	114599
UNKNOWN	54	T	0.994236311239	C	0.00486711495357	8	76	6	15525	15615	114599
UNKNOWN	55	C	0.997502401537	T	0.00166506564201	12	15576	1	26	15615	114599
UNKNOWN	56	C	0.993852065322	T	0.00333013128402	7	15519	37	52	15615	114599
UNKNOWN	57	C	0.996477745757	G	0.00128081972462	19	15560	20	16	15615	114599
UNKNOWN	58	T	0.995837335895	C	0.0028818443804	18	45	2	15550	15615	114599
UNKNOWN	59	C	0.996157540826	A	0.0018571886007	29	15555	3	28	15615	114599
UNKNOWN	60	A	0.994876721102	G	0.00268972142171	15535	35	42	3	15615	114599
UNKNOWN	61	C	0.997758565482	T	0.00147294268332	7	15580	5	23	15615	114599
UNKNOWN	62	C	0.991546589817	T	0.00345821325648	26	15483	52	54	15615	114599
UNKNOWN	63	T	0.996349663785	C	0.0020493115594	8	32	17	15558	15615	114599
UNKNOWN	64	G	0.997758565482	A	0.00147294268332	23	10	15580	2	15615	114599
UNKNOWN	65	C	0.996285622799	T	0.00224143451809	23	15557	0	35	15615	114599
UNKNOWN	66	A	0.993916106308	G	0.00294588536663	15520	45	46	4	15615	114599
UNKNOWN	67	C	0.995837335895	T	0.00249759846302	15	15550	11	39	15615	114599
UNKNOWN	68	G	0.993403778418	A	0.00544348382965	85	15	15512	3	15615	114599
UNKNOWN	69	A	0.65642010887	G	0.338136407301	10250	68	5280	17	15615	114599
UNKNOWN	70	T	0.662055715658	C	0.336407300672	13	5253	11	10338	15615	114599
UNKNOWN	71	C	0.983285302594	G	0.00794108229267	19	15354	124	118	15615	114599
UNKNOWN	72	T	0.993723983349	C	0.00429074607749	8	67	23	15517	15615	114599
UNKNOWN	73	C	0.997374319565	T	0.00147294268332	15	15574	3	23	15615	114599
UNKNOWN	74	T	0.990842138969	C	0.00499519692603	17	78	48	15472	15615	114599
UNKNOWN	75	G	0.996413704771	A	0.00320204931156	50	4	15559	2	15615	114599
UNKNOWN	76	G	0.993852065322	A	0.00435478706372	68	20	15519	8	15615	114599
UNKNOWN	77	A	0.991354466859	C	0.00358629522895	15480	56	52	27	15615	114599
UNKNOWN	78	T	0.994812680115	C	0.00294588536663	10	46	25	15534	15615	114599
UNKNOWN	79	T	0.996349663785	C	0.00345821325648	2	54	1	15558	15615	114599
UNKNOWN	80	C	0.990906179955	T	0.00666026256804	8	15473	30	104	15615	114599
UNKNOWN	81	T	0.992635286583	C	0.00563560678834	7	88	20	15500	15615	114599
UNKNOWN	82	C	0.996349663785	T	0.0020493115594	24	15558	1	32	15615	114599
UNKNOWN	83	A	0.98828049952	G	0.00659622158181	15432	25	103	55	15615	114599
UNKNOWN	84	T	0.962600064041	C	0.0327889849504	35	512	37	15031	15615	114599
UNKNOWN	85	T	0.995325008005	C	0.00236951649055	7	37	29	15542	15615	114599
UNKNOWN	86	G	0.978097982709	A	0.0156260006404	244	21	15273	77	15615	114599
UNKNOWN	87	A	0.98828049952	G	0.00774895933397	15432	48	121	14	15615	114599
UNKNOWN	88	G	0.932692923471	A	0.0392571245597	613	326	14564	112	15615	114599
UNKNOWN	89	C	0.960870957413	T	0.0263848863272	111	15004	88	412	15615	114599
UNKNOWN	90	A	0.967787383926	G	0.0231828370157	15112	110	362	31	15615	114599
UNKNOWN	91	G	0.832468780019	A	0.108165225744	1689	641	12999	286	15615	114599
UNKNOWN	92	C	0.95837335895	T	0.0283061159142	151	14965	57	442	15615	114599
UNKNOWN	93	T	0.969132244637	A	0.0138968940122	217	174	91	15133	15615	114599
UNKNOWN	94	A	0.965289785463	C	0.0134486071085	15073	210	165	167	15615	114599
UNKNOWN	95	T	0.988088376561	C	0.00691642651297	25	108	53	15429	15615	114599
UNKNOWN	96	G	0.896445725264	A	0.065642010887	1025	260	13998	332	15615	114599
UNKNOWN	97	C	0.908997758565	G	0.0478386167147	383	14194	747	291	15615	114599
UNKNOWN	98	T	0.990329811079	C	0.00672430355427	13	105	33	15464	15615	114599
UNKNOWN	99	G	0.967082933077	A	0.029074607749	454	6	15101	54	15615	114599
UNKNOWN	100	T	0.993083573487	C	0.00518731988473	13	81	14	15507	15615	114599
UNKNOWN	101	A	0.967979506884	G	0.0217739353186	15115	65	340	95	15615	114599
UNKNOWN	102	G	0.955875760487	A	0.0331732308678	518	113	14926	58	15615	114599
UNKNOWN	103	G	0.799295549151	A	0.13339737432	2083	511	12481	540	15615	114599
UNKNOWN	104	C	0.987704130644	T	0.00576368876081	41	15423	61	90	15615	114599
UNKNOWN	105	T	0.996861991675	C	0.00166506564201	3	26	20	15566	15615	114599
UNKNOWN	106	G	0.999167467179	T	0.000448286903618	5	1	15602	7	15615	114599
UNKNOWN	107	G	0.998398975344	T	0.000832532821005	7	5	15590	13	15615	114599
UNKNOWN	108	G	0.97604867115	A	0.0180595581172	282	51	15241	41	15615	114599
UNKNOWN	109	T	0.993531860391	C	0.00467499199488	5	73	23	15514	15615	114599
UNKNOWN	110	C	0.996477745757	G	0.00147294268332	17	15560	23	15	15615	114599
UNKNOWN	111	C	0.998078770413	G	0.000896573807237	4	15585	14	12	15615	114599
UNKNOWN	112	G	0.998270893372	C	0.00108869676593	6	17	15588	4	15615	114599
UNKNOWN	113	C	0.995517130964	A	0.00172910662824	27	15545	20	23	15615	114599
UNKNOWN	114	C	0.997758565482	A	0.00121677873839	19	15580	7	9	15615	114599
UNKNOWN	115	A	0.993275696446	G	0.00454691002241	15510	29	71	5	15615	114599
UNKNOWN	116	G	0.998334934358	C	0.000832532821005	11	13	15589	2	15615	114599
UNKNOWN	117	G	0.984758245277	A	0.0126801152738	198	21	15377	19	15615	114599
UNKNOWN	118	C	0.995837335895	T	0.00294588536663	4	15550	15	46	15615	114599
UNKNOWN	119	T	0.915914185078	C	0.0821005443484	8	1282	23	14302	15615	114599
UNKNOWN	120	C	0.922894652578	T	0.0755683637528	9	14411	15	1180	15615	114599
UNKNOWN	121	C	0.993852065322	A	0.00275376240794	43	15519	24	29	15615	114599
UNKNOWN	122	G	0.940954210695	A	0.0573807236631	896	16	14693	10	15615	114599
UNKNOWN	123	G	0.997822606468	A	0.00121677873839	19	4	15581	11	15615	114599
UNKNOWN	124	G	0.996477745757	A	0.00249759846302	39	10	15560	6	15615	114599
UNKNOWN	125	G	0.985398655139	A	0.0130643611912	204	14	15387	10	15615	114599
UNKNOWN	126	A	0.997246237592	G	0.00140890169709	15572	18	22	3	15615	114599
UNKNOWN	127	A	0.990842138969	G	0.00659622158181	15472	36	103	4	15615	114599
UNKNOWN	128	G	0.998014729427	A	0.00134486071085	21	5	15584	5	15615	114599
UNKNOWN	129	G	0.989497278258	A	0.00736471341659	115	42	15451	7	15615	114599
UNKNOWN	130	C	0.996221581812	G	0.00172910662824	13	15556	27	19	15615	114599
UNKNOWN	131	G	0.985206532181	A	0.0103746397695	162	50	15384	19	15615	114599
UNKNOWN	132	C	0.988216458533	T	0.0088376560999	27	15431	19	138	15615	114599
UNKNOWN	133	T	0.985654819084	C	0.0088376560999	3	138	83	15391	15615	114599
UNKNOWN	134	G	0.978162023695	A	0.0165866154339	259	21	15274	61	15615	114599
UNKNOWN	135	G	0.995196926033	C	0.00249759846302	30	39	15540	6	15615	114599
UNKNOWN	136	A	0.994876721102	G	0.00320204931156	15535	16	50	14	15615	114599
UNKNOWN	137	G	0.959654178674	A	0.0348382965098	544	59	14985	27	15615	114599
UNKNOWN	138	T	0.995517130964	G	0.00262568043548	3	26	41	15545	15615	114599
UNKNOWN	139	G	0.996477745757	A	0.00172910662824	27	12	15560	16	15615	114599
UNKNOWN	140	G	0.955683637528	T	0.0406660262568	8	49	14923	635	15615	114599
UNKNOWN	141	G	0.87544028178	C	0.0618635926993	925	966	13670	54	15615	114599
UNKNOWN	142	T	0.996733909702	C	0.00192122958694	2	30	19	15564	15615	114599
UNKNOWN	143	T	0.978802433557	C	0.00967018892091	31	151	149	15284	15615	114599
UNKNOWN	144	G	0.995965417867	A	0.00262568043548	41	2	15552	20	15615	114599
UNKNOWN	145	G	0.988472622478	C	0.00813320525136	11	127	15435	42	15615	114599
UNKNOWN	146	T	0.969196285623	G	0.0142170989433	99	160	222	15134	15615	114599
UNKNOWN	147	G	0.824207492795	A	0.14357989113	2242	157	12870	346	15615	114599
UNKNOWN	148	G	0.846301633045	A	0.0942683317323	1472	530	13215	398	15615	114599
UNKNOWN	149	T	0.931027857829	G	0.0309958373359	285	308	484	14538	15615	114599
UNKNOWN	150	A	0.931668267691	G	0.0598783221262	14548	59	935	73	15615	114599
UNKNOWN	151	T	0.986679474864	A	0.00608389369196	95	73	40	15407	15615	114599
UNKNOWN	152	A	0.915914185078	T	0.0295869356388	14302	390	461	462	15615	114599
UNKNOWN	153	A	0.856804354787	G	0.122638488633	13379	208	1915	113	15615	114599
UNKNOWN	154	G	0.849631764329	A	0.0927313480628	1448	714	13267	186	15615	114599
UNKNOWN	155	T	0.94851104707	C	0.0208773615114	153	326	325	14811	15615	114599
UNKNOWN	156	A	0.753186039065	G	0.21818764009	11761	293	3407	154	15615	114599
UNKNOWN	157	G	0.823310918988	C	0.0672430355427	831	1050	12856	878	15615	114599
UNKNOWN	158	T	0.959205891771	G	0.0149215497919	211	193	233	14978	15615	114599
UNKNOWN	159	G	0.76618635927	A	0.161895613192	2528	825	11964	298	15615	114599
UNKNOWN	160	G	0.807364713417	A	0.122254242715	1909	740	12607	359	15615	114599
UNKNOWN	161	T	0.96958053154	G	0.0137047710535	109	152	214	15140	15615	114599
UNKNOWN	162	G	0.983285302594	A	0.0149855907781	234	11	15354	16	15615	114599
UNKNOWN	163	G	0.987640089657	A	0.00934998398975	146	22	15422	25	15615	114599
UNKNOWN	164	A	0.961831572206	G	0.0287544028178	15019	80	449	67	15615	114599
UNKNOWN	165	A	0.928850464297	G	0.0601344860711	14504	87	939	85	15615	114599
UNKNOWN	166	G	0.744796669869	A	0.138776817163	2167	1051	11630	767	15615	114599
UNKNOWN	167	C	0.856356067883	G	0.0698687159782	520	13372	1091	632	15615	114599
UNKNOWN	168	A	0.968107588857	G	0.0178674351585	15117	115	279	104	15615	114599
UNKNOWN	169	C	0.961191162344	T	0.0236311239193	151	15009	86	369	15615	114599
UNKNOWN	170	A	0.982004482869	G	0.0103105987832	15334	46	161	74	15615	114599
UNKNOWN	171	T	0.941402497598	G	0.0459173871278	122	76	717	14700	15615	114599
UNKNOWN	172	G	0.957284662184	A	0.0284982388729	445	122	14948	100	15615	114599
UNKNOWN	173	C	0.97944284342	T	0.0121037463977	38	15294	94	189	15615	114599
UNKNOWN	174	C	0.913416586615	T	0.0789625360231	66	14263	53	1233	15615	114599
UNKNOWN	175	T	0.907588856868	A	0.0785142491194	1226	119	98	14172	15615	114599
UNKNOWN	176	T	0.960999039385	C	0.0167146974063	226	261	122	15006	15615	114599
UNKNOWN	177	A	0.983413384566	C	0.00999039385207	15356	156	90	13	15615	114599
UNKNOWN	178	A	0.984566122318	G	0.00826128722382	15374	106	129	6	15615	114599
UNKNOWN	179	C	0.889401216779	T	0.101120717259	49	13888	99	1579	15615	114599
UNKNOWN	180	C	0.937495997438	T	0.0309317963497	109	14639	384	483	15615	114599
UNKNOWN	181	C	0.984886327249	A	0.00710854947166	111	15379	78	47	15615	114599
UNKNOWN	182	A	0.974703810439	C	0.0142170989433	15220	222	131	42	15615	114599
UNKNOWN	183	G	0.969964777458	A	0.0178033941723	278	140	15146	51	15615	114599
UNKNOWN	184	C	0.976689081012	T	0.0142170989433	38	15251	104	222	15615	114599
UNKNOWN	185	C	0.99609349984	T	0.00166506564201	23	15554	12	26	15615	114599
UNKNOWN	186	C	0.991290425873	T	0.00646813960935	18	15479	17	101	15615	114599
UNKNOWN	187	T	0.990842138969	G	0.00582772974704	21	31	91	15472	15615	114599
UNKNOWN	188	G	0.978097982709	A	0.0151777137368	237	30	15273	75	15615	114599
UNKNOWN	189	A	0.988920909382	G	0.0078130003202	15442	42	122	9	15615	114599
UNKNOWN	190	A	0.993275696446	G	0.00333013128402	15510	30	52	23	15615	114599
UNKNOWN	191	A	0.988728786423	C	0.00441882804995	15439	69	43	64	15615	114599
UNKNOWN	192	T	0.988856868396	C	0.00704450848543	15	110	49	15441	15615	114599
UNKNOWN	193	C	0.997566442523	A	0.00121677873839	19	15577	5	14	15615	114599
UNKNOWN	194	C	0.988600704451	G	0.00525136087096	29	15437	82	67	15615	114599
UNKNOWN	195	C	0.993916106308	G	0.00441882804995	17	15520	69	9	15615	114599
UNKNOWN	196	G	0.996157540826	A	0.00179314761447	28	16	15555	16	15615	114599
UNKNOWN	197	G	0.933717579251	A	0.0495036823567	773	163	14580	99	15615	114599
UNKNOWN	198	C	0.980595581172	T	0.0117195004803	52	15312	68	183	15615	114599
UNKNOWN	199	T	0.989945565162	C	0.00634005763689	37	99	21	15458	15615	114599
UNKNOWN	200	C	0.987576048671	A	0.00634005763689	99	15421	31	64	15615	114599
UNKNOWN	201	A	0.986615433878	G	0.0103105987832	15406	44	161	4	15615	114599
UNKNOWN	202	G	0.96855587576	C	0.0247838616715	55	387	15124	49	15615	114599
UNKNOWN	203	C	0.957732949087	T	0.0252961895613	192	14955	73	395	15615	114599
UNKNOWN	204	A	0.980723663144	G	0.0130643611912	15314	27	204	70	15615	114599
UNKNOWN	205	T	0.990970220941	C	0.00704450848543	18	110	13	15474	15615	114599
UNKNOWN	206	C	0.985526737112	T	0.0090297790586	80	15389	5	141	15615	114599
UNKNOWN	207	A	0.985206532181	G	0.00730067243036	15384	90	114	27	15615	114599
UNKNOWN	208	C	0.989625360231	G	0.00448286903618	45	15453	70	47	15615	114599
UNKNOWN	209	C	0.964201088697	T	0.0166506564201	127	15056	172	260	15615	114599
UNKNOWN	210	A	0.99167467179	G	0.00441882804995	15485	53	69	8	15615	114599
UNKNOWN	211	A	0.977137367915	G	0.0203009926353	15258	32	317	8	15615	114599
UNKNOWN	212	G	0.988152417547	A	0.00960614793468	150	26	15430	9	15615	114599
UNKNOWN	213	G	0.989497278258	A	0.0088376560999	138	18	15451	8	15615	114599
UNKNOWN	214	A	0.9911623439	C	0.00569964777458	15477	89	31	18	15615	114599
UNKNOWN	215	C	0.981235991034	T	0.00890169708614	109	15322	45	139	15615	114599
UNKNOWN	216	A	0.981620236952	G	0.00999039385207	15328	74	156	57	15615	114599
UNKNOWN	217	A	0.971373679155	C	0.0154979186679	15168	242	160	45	15615	114599
UNKNOWN	218	C	0.971950048031	T	0.0213896894012	14	15177	90	334	15615	114599
UNKNOWN	219	T	0.986807556836	C	0.00717259045789	44	112	50	15409	15615	114599
UNKNOWN	220	C	0.99167467179	T	0.00505923791226	47	15485	4	79	15615	114599
UNKNOWN	221	C	0.987191802754	A	0.00659622158181	103	15415	39	58	15615	114599
UNKNOWN	222	A	0.978162023695	G	0.0140249759846	15274	113	219	9	15615	114599
UNKNOWN	223	A	0.982644892731	G	0.0151777137368	15344	22	237	12	15615	114599
UNKNOWN	224	G	0.984566122318	C	0.00710854947166	105	111	15374	25	15615	114599
UNKNOWN	225	A	0.985590778098	G	0.0103105987832	15390	56	161	8	15615	114599
UNKNOWN	226	G	0.945501120717	A	0.0421389689401	658	181	14764	12	15615	114599
UNKNOWN	227	C	0.959526096702	T	0.0335574767851	50	14983	58	524	15615	114599
UNKNOWN	228	C	0.987512007685	A	0.0069804674992	109	15420	80	6	15615	114599
UNKNOWN	229	A	0.993083573487	G	0.00358629522895	15507	16	56	36	15615	114599
UNKNOWN	230	A	0.958629522895	G	0.0366954851105	14969	55	573	18	15615	114599
UNKNOWN	231	G	0.962407941082	A	0.0192122958694	300	123	15028	164	15615	114599
UNKNOWN	232	T	0.989497278258	C	0.0088376560999	10	138	16	15451	15615	114599
UNKNOWN	233	C	0.960550752482	G	0.0201088696766	41	14999	314	261	15615	114599
UNKNOWN	234	T	0.986615433878	C	0.0090297790586	23	141	45	15406	15615	114599
UNKNOWN	235	C	0.986103105988	T	0.0117835414665	31	15398	2	184	15615	114599
UNKNOWN	236	T	0.978482228626	C	0.0130643611912	47	204	85	15279	15615	114599
UNKNOWN	237	C	0.989113032341	T	0.00813320525136	24	15445	19	127	15615	114599
UNKNOWN	238	T	0.992122958694	G	0.0051232788985	3	40	80	15492	15615	114599
UNKNOWN	239	G	0.940634005764	A	0.0382965097663	598	143	14688	186	15615	114599
UNKNOWN	240	T	0.984438040346	C	0.00685238552674	64	107	72	15372	15615	114599
UNKNOWN	241	C	0.982516810759	T	0.0109510086455	87	15342	15	171	15615	114599
UNKNOWN	242	A	0.972910662824	G	0.0156900416266	15192	135	245	43	15615	114599
UNKNOWN	243	G	0.875568363753	C	0.0806276016651	502	1259	13672	182	15615	114599
UNKNOWN	244	T	0.990201729107	G	0.00589177073327	17	44	92	15462	15615	114599
UNKNOWN	245	G	0.964393211655	A	0.0256804354787	401	89	15059	66	15615	114599
UNKNOWN	246	A	0.978802433557	G	0.0154338776817	15284	83	241	7	15615	114599
UNKNOWN	247	G	0.941402497598	A	0.0361191162344	564	268	14700	83	15615	114599
UNKNOWN	248	C	0.959590137688	T	0.0224783861671	198	14984	82	351	15615	114599
UNKNOWN	249	A	0.982580851745	G	0.0142811399296	15343	40	223	9	15615	114599
UNKNOWN	250	G	0.981235991034	C	0.0124239513289	75	194	15322	24	15615	114599
UNKNOWN	251	C	0.980915786103	T	0.0114633365354	19	15317	100	179	15615	114599
UNKNOWN	252	G	0.986103105988	T	0.00614793467819	79	42	15398	96	15615	114599
UNKNOWN	253	T	0.986487351905	C	0.00640409862312	21	100	90	15404	15615	114599
UNKNOWN	254	G	0.95004803074	A	0.0338776817163	529	108	14835	143	15615	114599
UNKNOWN	255	A	0.97739353186	G	0.0120397054115	15262	93	188	72	15615	114599
UNKNOWN	256	C	0.985014409222	A	0.00614793467819	96	15381	56	82	15615	114599
UNKNOWN	257	A	0.967851424912	G	0.0222862632085	15113	76	348	78	15615	114599
UNKNOWN	258	A	0.823439000961	C	0.155427473583	12858	2427	249	81	15615	114599
UNKNOWN	259	C	0.937047710535	G	0.0322126160743	106	14632	503	374	15615	114599
UNKNOWN	260	T	0.954338776817	C	0.0268331732309	72	419	222	14902	15615	114599
UNKNOWN	261	G	0.986807556836	A	0.00999039385207	156	19	15409	31	15615	114599
UNKNOWN	262	A	0.985398655139	G	0.011079090618	15387	44	173	11	15615	114599
UNKNOWN	263	G	0.940954210695	A	0.0357989113032	559	246	14693	117	15615	114599
UNKNOWN	264	G	0.988728786423	A	0.0078130003202	122	15	15439	39	15615	114599
UNKNOWN	265	A	0.988152417547	C	0.00717259045789	15430	112	56	17	15615	114599
UNKNOWN	266	C	0.979634966378	T	0.00947806596222	131	15297	39	148	15615	114599
UNKNOWN	267	A	0.969260326609	G	0.013576689081	15135	88	212	180	15615	114599
UNKNOWN	268	C	0.989177073327	G	0.00634005763689	27	15446	99	43	15615	114599
UNKNOWN	269	G	0.991866794749	A	0.00339417227025	53	46	15488	28	15615	114599
UNKNOWN	270	G	0.988984950368	C	0.00569964777458	45	89	15443	38	15615	114599
UNKNOWN	271	C	0.992058917707	A	0.00461095100865	72	15491	37	15	15615	114599
UNKNOWN	272	C	0.987576048671	A	0.00858149215498	134	15421	19	41	15615	114599
UNKNOWN	273	A	0.987127761768	G	0.00582772974704	15414	79	91	31	15615	114599
UNKNOWN	274	C	0.98386167147	A	0.00864553314121	135	15363	22	95	15615	114599
UNKNOWN	275	A	0.963688760807	G	0.0190201729107	15048	120	297	150	15615	114599
UNKNOWN	276	T	0.988664745437	A	0.00601985270573	94	29	54	15438	15615	114599
UNKNOWN	277	A	0.988408581492	C	0.00646813960935	15434	101	34	46	15615	114599
UNKNOWN	278	C	0.949087415946	T	0.0477105347422	32	14820	18	745	15615	114599
UNKNOWN	279	T	0.981171950048	C	0.00717259045789	106	112	76	15321	15615	114599
UNKNOWN	280	A	0.970541146334	T	0.0149215497919	15155	157	70	233	15615	114599
UNKNOWN	281	C	0.965930195325	T	0.0304194684598	30	15083	27	475	15615	114599
UNKNOWN	282	T	0.987447966699	G	0.00922190201729	28	24	144	15419	15615	114599
