Type	Position	Nucl1	Freq1	Nucl2	Freq2	NumAs	NumCs	NumGs	NumTs	NumAligned	NumNaive
UNKNOWN	0	C	1.0	A	0.0	0	4497	0	0	4497	185975
UNKNOWN	1	A	1.0	C	0.0	4497	0	0	0	4497	185975
UNKNOWN	2	G	1.0	A	0.0	0	0	4497	0	4497	185975
UNKNOWN	3	G	1.0	A	0.0	0	0	4497	0	4497	185975
UNKNOWN	4	T	1.0	A	0.0	0	0	0	4497	4497	185975
UNKNOWN	5	G	1.0	A	0.0	0	0	4497	0	4497	185975
UNKNOWN	6	C	1.0	A	0.0	0	4497	0	0	4497	185975
UNKNOWN	7	A	0.995997331554	G	0.00355792750723	4479	2	16	0	4497	185975
UNKNOWN	8	G	0.990882810763	A	0.00822770736046	37	3	4456	1	4497	185975
UNKNOWN	9	C	0.996886813431	T	0.00311318656882	0	4483	0	14	4497	185975
UNKNOWN	10	T	0.998888147654	C	0.000889481876807	1	4	0	4492	4497	185975
UNKNOWN	11	G	0.991327551701	T	0.00711585501445	6	1	4458	32	4497	185975
UNKNOWN	12	C	0.999777629531	T	0.000222370469202	0	4496	0	1	4497	185975
UNKNOWN	13	G	0.997998665777	A	0.00177896375361	8	1	4488	0	4497	185975
UNKNOWN	14	G	0.974649766511	C	0.0204580831666	22	92	4383	0	4497	185975
UNKNOWN	15	G	0.999777629531	T	0.000222370469202	0	0	4496	1	4497	185975
UNKNOWN	16	A	0.993551256393	C	0.00378029797643	4468	17	11	1	4497	185975
UNKNOWN	17	G	0.997998665777	A	0.00177896375361	8	1	4488	0	4497	185975
UNKNOWN	18	T	0.987324883256	A	0.0102290415833	46	8	3	4440	4497	185975
UNKNOWN	19	C	0.999777629531	T	0.000222370469202	0	4496	0	1	4497	185975
UNKNOWN	20	G	0.99733155437	A	0.00222370469202	10	0	4485	2	4497	185975
UNKNOWN	21	G	0.99733155437	T	0.00111185234601	3	4	4485	5	4497	185975
UNKNOWN	22	G	0.998888147654	A	0.000667111407605	3	1	4492	1	4497	185975
UNKNOWN	23	C	0.998443406716	T	0.00155659328441	0	4490	0	7	4497	185975
UNKNOWN	24	C	0.999332888592	T	0.000667111407605	0	4494	0	3	4497	185975
UNKNOWN	25	C	0.999332888592	A	0.000444740938403	2	4494	1	0	4497	185975
UNKNOWN	26	C	0.999332888592	A	0.000667111407605	3	4494	0	0	4497	185975
UNKNOWN	27	A	0.987547253725	G	0.0108961529909	4441	7	49	0	4497	185975
UNKNOWN	28	G	0.995107849678	A	0.00244607516122	11	10	4475	1	4497	185975
UNKNOWN	29	C	0.995774961085	T	0.00400266844563	0	4478	1	18	4497	185975
UNKNOWN	30	C	0.998888147654	T	0.000667111407605	2	4492	0	3	4497	185975
UNKNOWN	31	T	0.997553924839	G	0.00133422281521	0	5	6	4486	4497	185975
UNKNOWN	32	G	0.972648432288	A	0.0262397153658	118	1	4374	4	4497	185975
UNKNOWN	33	G	0.968868134312	A	0.020902824105	94	43	4357	3	4497	185975
UNKNOWN	34	T	0.994218367801	C	0.00422503891483	1	19	6	4471	4497	185975
UNKNOWN	35	G	0.9971091839	A	0.00222370469202	10	3	4484	0	4497	185975
UNKNOWN	36	A	0.993773626862	C	0.00489215032244	4469	22	4	2	4497	185975
UNKNOWN	37	A	0.992217033578	G	0.00422503891483	4462	15	19	1	4497	185975
UNKNOWN	38	G	0.998443406716	C	0.000889481876807	3	4	4490	0	4497	185975
UNKNOWN	39	C	0.993551256393	T	0.00378029797643	2	4468	10	17	4497	185975
UNKNOWN	40	C	0.998443406716	T	0.00133422281521	0	4490	1	6	4497	185975
UNKNOWN	41	C	0.9971091839	G	0.00200133422282	0	4484	9	4	4497	185975
UNKNOWN	42	T	0.994218367801	C	0.00400266844563	0	18	8	4471	4497	185975
UNKNOWN	43	C	0.999332888592	A	0.000667111407605	3	4494	0	0	4497	185975
UNKNOWN	44	A	0.99154992217	C	0.00555926173004	4459	25	10	3	4497	185975
UNKNOWN	45	C	0.989103847009	G	0.0100066711141	3	4448	45	1	4497	185975
UNKNOWN	46	A	0.996442072493	C	0.00200133422282	4481	9	7	0	4497	185975
UNKNOWN	47	G	0.983766955748	A	0.00822770736046	37	33	4424	3	4497	185975
UNKNOWN	48	A	0.993995997332	C	0.00355792750723	4470	16	8	3	4497	185975
UNKNOWN	49	C	0.999777629531	A	0.000222370469202	1	4496	0	0	4497	185975
UNKNOWN	50	C	0.995552590616	T	0.00422503891483	1	4477	0	19	4497	185975
UNKNOWN	51	C	0.998888147654	T	0.00111185234601	0	4492	0	5	4497	185975
UNKNOWN	52	T	0.996219702024	C	0.00333555703803	2	15	0	4480	4497	185975
UNKNOWN	53	C	0.995997331554	G	0.00266844563042	0	4479	12	6	4497	185975
UNKNOWN	54	T	0.996442072493	C	0.00244607516122	0	11	5	4481	4497	185975
UNKNOWN	55	C	0.99733155437	A	0.00200133422282	9	4485	1	2	4497	185975
UNKNOWN	56	C	0.995107849678	T	0.00378029797643	1	4475	4	17	4497	185975
UNKNOWN	57	C	0.998221036246	T	0.00111185234601	0	4489	3	5	4497	185975
UNKNOWN	58	T	0.99733155437	C	0.00266844563042	0	12	0	4485	4497	185975
UNKNOWN	59	C	0.999110518123	A	0.000667111407605	3	4493	1	0	4497	185975
UNKNOWN	60	A	0.991994663109	C	0.00689348454525	4461	31	4	1	4497	185975
UNKNOWN	61	C	0.998221036246	T	0.00155659328441	0	4489	1	7	4497	185975
UNKNOWN	62	C	0.9971091839	T	0.00222370469202	0	4484	3	10	4497	185975
UNKNOWN	63	T	0.995774961085	C	0.00222370469202	0	10	9	4478	4497	185975
UNKNOWN	64	G	0.998443406716	C	0.000889481876807	2	4	4490	1	4497	185975
UNKNOWN	65	C	0.995552590616	T	0.00378029797643	3	4477	0	17	4497	185975
UNKNOWN	66	A	0.994885479208	C	0.00311318656882	4474	14	8	1	4497	185975
UNKNOWN	67	C	0.997776295308	T	0.00111185234601	0	4487	5	5	4497	185975
UNKNOWN	68	G	0.963308872582	A	0.0340226817879	153	12	4332	0	4497	185975
UNKNOWN	69	G	0.925061151879	A	0.0433622414943	195	135	4160	7	4497	185975
UNKNOWN	70	T	0.980876139649	C	0.0169001556593	1	76	9	4411	4497	185975
UNKNOWN	71	C	0.974205025573	G	0.0108961529909	22	4381	49	45	4497	185975
UNKNOWN	72	T	0.992884144986	C	0.00533689126084	0	24	8	4465	4497	185975
UNKNOWN	73	C	0.998665777185	T	0.00133422281521	0	4491	0	6	4497	185975
UNKNOWN	74	T	0.994218367801	C	0.00378029797643	0	17	9	4471	4497	185975
UNKNOWN	75	G	0.996886813431	A	0.00311318656882	14	0	4483	0	4497	185975
UNKNOWN	76	G	0.995552590616	A	0.00333555703803	15	4	4477	1	4497	185975
UNKNOWN	77	A	0.962197020236	C	0.0195686012897	4327	88	65	17	4497	185975
UNKNOWN	78	T	0.98599066044	G	0.00867244829887	3	21	39	4434	4497	185975
UNKNOWN	79	T	0.993995997332	C	0.00489215032244	1	22	4	4470	4497	185975
UNKNOWN	80	C	0.995330220147	T	0.00244607516122	2	4476	8	11	4497	185975
UNKNOWN	81	T	0.993551256393	C	0.00466977985324	0	21	8	4468	4497	185975
UNKNOWN	82	C	0.99733155437	A	0.00133422281521	6	4485	0	6	4497	185975
UNKNOWN	83	A	0.993773626862	G	0.00266844563042	4469	11	12	5	4497	185975
UNKNOWN	84	T	0.976206359795	C	0.0229041583278	0	103	4	4390	4497	185975
UNKNOWN	85	T	0.994663108739	C	0.00422503891483	0	19	5	4473	4497	185975
UNKNOWN	86	G	0.94418501223	A	0.0549255058928	247	3	4246	1	4497	185975
UNKNOWN	87	A	0.984878808094	G	0.0117856348677	4429	13	53	2	4497	185975
UNKNOWN	88	G	0.956637758506	A	0.0342450522571	154	36	4302	5	4497	185975
UNKNOWN	89	C	0.965977318212	T	0.023126528797	11	4344	38	104	4497	185975
UNKNOWN	90	A	0.969979986658	G	0.025350233489	4362	21	114	0	4497	185975
UNKNOWN	91	G	0.85234600845	A	0.0885034467423	398	204	3833	62	4497	185975
UNKNOWN	92	C	0.939515232377	T	0.0322437180342	42	4225	85	145	4497	185975
UNKNOWN	93	A	0.875027796309	T	0.0600400266845	3935	37	255	270	4497	185975
UNKNOWN	94	A	0.938403380031	G	0.0402490549255	4220	21	181	75	4497	185975
UNKNOWN	95	T	0.974205025573	G	0.0104514120525	27	42	47	4381	4497	185975
UNKNOWN	96	G	0.928619079386	A	0.0655992884145	295	19	4176	7	4497	185975
UNKNOWN	97	G	0.675561485435	A	0.164776517678	741	693	3038	25	4497	185975
UNKNOWN	98	T	0.982432732933	G	0.00956193017567	3	33	43	4418	4497	185975
UNKNOWN	99	G	0.977540582611	A	0.0189014898821	85	6	4396	10	4497	185975
UNKNOWN	100	T	0.995997331554	C	0.00311318656882	3	14	1	4479	4497	185975
UNKNOWN	101	A	0.945963975984	G	0.0391372025795	4254	21	176	46	4497	185975
UNKNOWN	102	G	0.843006448744	A	0.0684901045141	308	308	3791	90	4497	185975
UNKNOWN	103	T	0.89682010229	G	0.0513675783856	60	173	231	4033	4497	185975
UNKNOWN	104	C	0.934623082055	G	0.0433622414943	9	4203	195	90	4497	185975
UNKNOWN	105	T	0.995330220147	G	0.00289081609962	0	8	13	4476	4497	185975
UNKNOWN	106	G	0.999332888592	T	0.000444740938403	1	0	4494	2	4497	185975
UNKNOWN	107	G	0.99733155437	C	0.00133422281521	2	6	4485	4	4497	185975
UNKNOWN	108	G	0.974649766511	A	0.0224594173894	101	7	4383	6	4497	185975
UNKNOWN	109	T	0.99154992217	C	0.00800533689126	1	36	1	4459	4497	185975
UNKNOWN	110	C	0.994885479208	T	0.00400266844563	5	4474	0	18	4497	185975
UNKNOWN	111	C	0.998443406716	G	0.000889481876807	2	4490	4	1	4497	185975
UNKNOWN	112	G	0.997998665777	C	0.00111185234601	3	5	4488	1	4497	185975
UNKNOWN	113	C	0.997776295308	T	0.00222370469202	0	4487	0	10	4497	185975
UNKNOWN	114	C	0.998888147654	A	0.00111185234601	5	4492	0	0	4497	185975
UNKNOWN	115	A	0.99177229264	G	0.00622637313765	4460	9	28	0	4497	185975
UNKNOWN	116	G	0.993551256393	A	0.00555926173004	25	3	4468	1	4497	185975
UNKNOWN	117	G	0.978207694018	A	0.0182343784745	82	10	4399	6	4497	185975
UNKNOWN	118	C	0.997776295308	T	0.00155659328441	1	4487	2	7	4497	185975
UNKNOWN	119	T	0.995330220147	C	0.00333555703803	1	15	5	4476	4497	185975
UNKNOWN	120	C	0.998221036246	T	0.000667111407605	2	4489	3	3	4497	185975
UNKNOWN	121	C	0.997776295308	A	0.00111185234601	5	4487	0	5	4497	185975
UNKNOWN	122	A	0.987547253725	G	0.0100066711141	4441	10	45	1	4497	185975
UNKNOWN	123	G	0.999332888592	T	0.000444740938403	1	0	4494	2	4497	185975
UNKNOWN	124	G	0.974427396042	A	0.0240160106738	108	5	4382	2	4497	185975
UNKNOWN	125	G	0.975316877919	A	0.024238381143	109	1	4386	1	4497	185975
UNKNOWN	126	A	0.9971091839	G	0.00222370469202	4484	2	10	1	4497	185975
UNKNOWN	127	A	0.994885479208	G	0.00466977985324	4474	2	21	0	4497	185975
UNKNOWN	128	G	0.999777629531	A	0.000222370469202	1	0	4496	0	4497	185975
UNKNOWN	129	G	0.986213030909	A	0.0102290415833	46	10	4435	6	4497	185975
UNKNOWN	130	C	0.994885479208	G	0.00400266844563	0	4474	18	5	4497	185975
UNKNOWN	131	G	0.977095841672	A	0.0213475650434	96	5	4394	2	4497	185975
UNKNOWN	132	C	0.997776295308	T	0.00200133422282	1	4487	0	9	4497	185975
UNKNOWN	133	T	0.992217033578	C	0.00466977985324	2	21	12	4462	4497	185975
UNKNOWN	134	G	0.979541916833	A	0.0135645986213	61	2	4405	29	4497	185975
UNKNOWN	135	G	0.99733155437	A	0.00133422281521	6	5	4485	1	4497	185975
UNKNOWN	136	A	0.995774961085	G	0.00333555703803	4478	4	15	0	4497	185975
UNKNOWN	137	G	0.975094507449	A	0.0169001556593	76	28	4385	8	4497	185975
UNKNOWN	138	T	0.996664442962	C	0.00177896375361	0	8	7	4482	4497	185975
UNKNOWN	139	G	0.999555259062	A	0.000222370469202	1	0	4495	1	4497	185975
UNKNOWN	140	G	0.986880142317	C	0.00711585501445	4	32	4438	23	4497	185975
UNKNOWN	141	C	0.973093173227	G	0.0229041583278	9	4376	103	9	4497	185975
UNKNOWN	142	T	0.995330220147	C	0.00311318656882	3	14	4	4476	4497	185975
UNKNOWN	143	C	0.982655103402	T	0.0137869690905	6	4419	10	62	4497	185975
UNKNOWN	144	G	0.996886813431	A	0.00200133422282	9	2	4483	3	4497	185975
UNKNOWN	145	G	0.975316877919	C	0.0211251945742	3	95	4386	13	4497	185975
UNKNOWN	146	T	0.932621747832	G	0.0567044696464	29	19	255	4194	4497	185975
UNKNOWN	147	G	0.683566822326	A	0.271069601957	1219	77	3074	127	4497	185975
UNKNOWN	148	G	0.735601512119	A	0.159217255948	716	290	3308	183	4497	185975
UNKNOWN	149	T	0.931065154547	A	0.0315766066266	142	39	129	4187	4497	185975
UNKNOWN	150	A	0.885034467423	G	0.107849677563	3980	6	485	26	4497	185975
UNKNOWN	151	T	0.991327551701	C	0.00489215032244	6	22	11	4458	4497	185975
UNKNOWN	152	A	0.900378029798	T	0.0346897931955	4049	147	145	156	4497	185975
UNKNOWN	153	T	0.964865465866	A	0.019790971759	89	11	58	4339	4497	185975
UNKNOWN	154	G	0.992884144986	A	0.00466977985324	21	8	4465	3	4497	185975
UNKNOWN	155	C	0.943295530354	T	0.0527018012008	13	4242	5	237	4497	185975
UNKNOWN	156	A	0.803424505226	G	0.183010896153	3613	45	823	16	4497	185975
UNKNOWN	157	G	0.899043806982	A	0.0533689126084	240	142	4043	72	4497	185975
UNKNOWN	158	T	0.954858794752	A	0.0217923059818	98	52	53	4294	4497	185975
UNKNOWN	159	G	0.795863909273	A	0.194351790082	874	37	3579	7	4497	185975
UNKNOWN	160	G	0.871692239271	A	0.0949521903491	427	117	3920	33	4497	185975
UNKNOWN	161	T	0.978652434957	G	0.0131198576829	23	14	59	4401	4497	185975
UNKNOWN	162	G	0.99154992217	A	0.00667111407605	30	4	4459	4	4497	185975
UNKNOWN	163	G	0.975539248388	A	0.0204580831666	92	10	4387	8	4497	185975
UNKNOWN	164	A	0.937736268624	G	0.0513675783856	4217	13	231	36	4497	185975
UNKNOWN	165	A	0.935067822993	G	0.0609295085613	4205	18	274	0	4497	185975
UNKNOWN	166	G	0.867911941294	C	0.0680453635757	157	306	3903	131	4497	185975
UNKNOWN	167	C	0.898599066044	T	0.0547031354236	99	4041	111	246	4497	185975
UNKNOWN	168	A	0.98043139871	G	0.0164554147209	4409	10	74	4	4497	185975
UNKNOWN	169	C	0.901045141205	T	0.0502557260396	176	4052	43	226	4497	185975
UNKNOWN	170	A	0.961752279297	T	0.019790971759	4325	13	70	89	4497	185975
UNKNOWN	171	A	0.90816099622	G	0.0729375138982	4084	41	328	44	4497	185975
UNKNOWN	172	G	0.764954414054	A	0.185679341783	835	152	3440	70	4497	185975
UNKNOWN	173	C	0.907938625751	G	0.0533689126084	64	4083	240	110	4497	185975
UNKNOWN	174	T	0.933511229709	A	0.0411385368023	185	35	79	4198	4497	185975
UNKNOWN	175	T	0.918834778741	C	0.0471425394708	130	212	23	4132	4497	185975
UNKNOWN	176	T	0.927951967979	G	0.0602623971537	22	31	271	4173	4497	185975
UNKNOWN	177	A	0.963308872582	C	0.0200133422282	4332	90	71	4	4497	185975
UNKNOWN	178	A	0.992217033578	G	0.00511452079164	4462	12	23	0	4497	185975
UNKNOWN	179	C	0.916166333111	T	0.05292417167	14	4120	125	238	4497	185975
UNKNOWN	180	C	0.978430064487	T	0.0115632643985	11	4400	34	52	4497	185975
UNKNOWN	181	C	0.990660440294	T	0.00644874360685	11	4455	2	29	4497	185975
UNKNOWN	182	A	0.971091839004	C	0.0173448965977	4367	78	49	3	4497	185975
UNKNOWN	183	G	0.977985323549	A	0.00889481876807	40	27	4398	32	4497	185975
UNKNOWN	184	C	0.969090504781	A	0.0211251945742	95	4358	8	36	4497	185975
UNKNOWN	185	C	0.996219702024	A	0.00177896375361	8	4480	6	3	4497	185975
UNKNOWN	186	C	0.98599066044	G	0.00911718923727	6	4434	41	16	4497	185975
UNKNOWN	187	T	0.993995997332	A	0.00289081609962	13	6	8	4470	4497	185975
UNKNOWN	188	G	0.96375361352	A	0.0233488992662	105	3	4334	55	4497	185975
UNKNOWN	189	A	0.981987991995	G	0.0148988214365	4416	8	67	6	4497	185975
UNKNOWN	190	A	0.988436735602	G	0.00422503891483	4445	16	19	17	4497	185975
UNKNOWN	191	A	0.989548587948	G	0.00489215032244	4450	12	22	13	4497	185975
UNKNOWN	192	T	0.99154992217	C	0.00555926173004	7	25	6	4459	4497	185975
UNKNOWN	193	C	0.998443406716	G	0.000889481876807	3	4490	4	0	4497	185975
UNKNOWN	194	C	0.957527240382	T	0.0331331999111	26	4306	16	149	4497	185975
UNKNOWN	195	C	0.995107849678	G	0.00266844563042	1	4475	12	9	4497	185975
UNKNOWN	196	G	0.99154992217	A	0.00578163219924	26	2	4459	10	4497	185975
UNKNOWN	197	G	0.888370024461	A	0.078274405159	352	103	3995	47	4497	185975
UNKNOWN	198	C	0.987991994663	G	0.00622637313765	12	4443	28	14	4497	185975
UNKNOWN	199	T	0.992661774516	C	0.00422503891483	6	19	8	4464	4497	185975
UNKNOWN	200	C	0.992661774516	A	0.00511452079164	23	4464	4	6	4497	185975
UNKNOWN	201	A	0.974205025573	G	0.0226817878586	4381	13	102	1	4497	185975
UNKNOWN	202	G	0.984434067156	C	0.0131198576829	5	59	4427	6	4497	185975
UNKNOWN	203	C	0.942183678008	T	0.0295752724038	17	4237	110	133	4497	185975
UNKNOWN	204	A	0.987769624194	G	0.00889481876807	4442	2	40	13	4497	185975
UNKNOWN	205	T	0.992217033578	C	0.00578163219924	5	26	4	4462	4497	185975
UNKNOWN	206	C	0.993995997332	A	0.00355792750723	16	4470	1	10	4497	185975
UNKNOWN	207	A	0.979986657772	G	0.0148988214365	4407	19	67	4	4497	185975
UNKNOWN	208	C	0.987102512786	G	0.00822770736046	9	4439	37	12	4497	185975
UNKNOWN	209	C	0.952857460529	G	0.0311318656882	51	4285	140	21	4497	185975
UNKNOWN	210	A	0.992217033578	G	0.00444740938403	4462	14	20	1	4497	185975
UNKNOWN	211	A	0.979764287303	G	0.0124527462753	4406	31	56	4	4497	185975
UNKNOWN	212	G	0.975316877919	C	0.0115632643985	48	52	4386	11	4497	185975
UNKNOWN	213	G	0.969757616189	A	0.0282410495886	127	7	4361	2	4497	185975
UNKNOWN	214	A	0.992217033578	C	0.00400266844563	4462	18	17	0	4497	185975
UNKNOWN	215	C	0.972426061819	T	0.0191238603513	35	4373	3	86	4497	185975
UNKNOWN	216	A	0.981320880587	G	0.0160106737825	4413	6	72	6	4497	185975
UNKNOWN	217	A	0.983099844341	C	0.0115632643985	4421	52	23	1	4497	185975
UNKNOWN	218	C	0.937958639093	T	0.0300200133422	30	4218	114	135	4497	185975
UNKNOWN	219	T	0.988214365132	A	0.00555926173004	25	19	9	4444	4497	185975
UNKNOWN	220	C	0.992884144986	A	0.00422503891483	19	4465	2	11	4497	185975
UNKNOWN	221	C	0.992884144986	A	0.00444740938403	20	4465	7	5	4497	185975
UNKNOWN	222	A	0.977095841672	C	0.0120080053369	4394	54	47	2	4497	185975
UNKNOWN	223	A	0.98332221481	G	0.0128974872137	4422	8	58	9	4497	185975
UNKNOWN	224	G	0.987547253725	A	0.0102290415833	46	10	4441	0	4497	185975
UNKNOWN	225	A	0.985545919502	G	0.00867244829887	4432	23	39	3	4497	185975
UNKNOWN	226	G	0.954858794752	A	0.0353569046031	159	41	4294	3	4497	185975
UNKNOWN	227	C	0.952190349122	T	0.0431398710251	14	4282	7	194	4497	185975
UNKNOWN	228	C	0.987324883256	G	0.00622637313765	26	4440	28	3	4497	185975
UNKNOWN	229	A	0.989326217478	G	0.00600400266845	4449	12	27	9	4497	185975
UNKNOWN	230	A	0.982877473871	G	0.0135645986213	4420	13	61	3	4497	185975
UNKNOWN	231	G	0.947965310207	A	0.0431398710251	194	18	4263	22	4497	185975
UNKNOWN	232	T	0.99154992217	C	0.00644874360685	3	29	6	4459	4497	185975
UNKNOWN	233	C	0.964865465866	T	0.0177896375361	4	4339	74	80	4497	185975
UNKNOWN	234	T	0.982210362464	C	0.00889481876807	6	40	34	4417	4497	185975
UNKNOWN	235	C	0.99177229264	T	0.00489215032244	14	4460	1	22	4497	185975
UNKNOWN	236	T	0.970869468535	C	0.0217923059818	8	98	25	4366	4497	185975
UNKNOWN	237	C	0.993773626862	T	0.00422503891483	4	4469	5	19	4497	185975
UNKNOWN	238	T	0.992439404047	C	0.00355792750723	6	16	12	4463	4497	185975
UNKNOWN	239	G	0.966422059151	A	0.0213475650434	96	20	4346	35	4497	185975
UNKNOWN	240	T	0.988436735602	C	0.00555926173004	11	25	16	4445	4497	185975
UNKNOWN	241	C	0.978874805426	T	0.0173448965977	15	4402	2	78	4497	185975
UNKNOWN	242	A	0.988436735602	G	0.00778296642206	4445	13	35	4	4497	185975
UNKNOWN	243	G	0.889037135868	C	0.0733822548366	151	330	3998	18	4497	185975
UNKNOWN	244	T	0.979097175895	A	0.0102290415833	46	33	15	4403	4497	185975
UNKNOWN	245	G	0.96108516789	A	0.0269068267734	121	30	4322	24	4497	185975
UNKNOWN	246	A	0.980653769179	G	0.0140093395597	4410	21	63	3	4497	185975
UNKNOWN	247	G	0.928174338448	C	0.0358016455415	142	161	4174	20	4497	185975
UNKNOWN	248	C	0.967533911497	T	0.0180120080053	43	4351	22	81	4497	185975
UNKNOWN	249	A	0.984878808094	G	0.0113408939293	4429	14	51	3	4497	185975
UNKNOWN	250	G	0.956415388036	T	0.020902824105	45	57	4301	94	4497	185975
UNKNOWN	251	C	0.965310206805	G	0.0233488992662	8	4341	105	43	4497	185975
UNKNOWN	252	G	0.957971981321	C	0.026462085835	57	119	4308	13	4497	185975
UNKNOWN	253	T	0.991327551701	G	0.00444740938403	3	16	20	4458	4497	185975
UNKNOWN	254	G	0.967311541027	A	0.0206804536358	93	31	4350	23	4497	185975
UNKNOWN	255	A	0.976873471203	G	0.0162330442517	4393	20	73	11	4497	185975
UNKNOWN	256	C	0.991327551701	A	0.00422503891483	19	4458	7	13	4497	185975
UNKNOWN	257	A	0.949299533022	G	0.0353569046031	4269	42	159	27	4497	185975
UNKNOWN	258	C	0.914164998888	A	0.0718256615521	323	4111	37	26	4497	185975
UNKNOWN	259	C	0.978874805426	A	0.00889481876807	40	4402	17	38	4497	185975
UNKNOWN	260	T	0.954636424283	C	0.0280186791194	9	126	69	4293	4497	185975
UNKNOWN	261	G	0.983766955748	A	0.0111185234601	50	11	4424	12	4497	185975
UNKNOWN	262	A	0.987324883256	G	0.00822770736046	4440	14	37	6	4497	185975
UNKNOWN	263	G	0.957304869913	A	0.0224594173894	101	37	4305	54	4497	185975
UNKNOWN	264	G	0.980653769179	A	0.0137869690905	62	3	4410	22	4497	185975
UNKNOWN	265	A	0.979764287303	C	0.0120080053369	4406	54	24	13	4497	185975
UNKNOWN	266	C	0.974205025573	A	0.0108961529909	49	4381	19	48	4497	185975
UNKNOWN	267	A	0.961529908828	G	0.0249054925506	4324	16	112	45	4497	185975
UNKNOWN	268	C	0.987324883256	G	0.00489215032244	20	4440	22	15	4497	185975
UNKNOWN	269	G	0.986213030909	A	0.00644874360685	29	18	4435	15	4497	185975
UNKNOWN	270	G	0.98332221481	A	0.0104514120525	47	12	4422	16	4497	185975
UNKNOWN	271	C	0.987991994663	A	0.00689348454525	31	4443	8	15	4497	185975
UNKNOWN	272	C	0.987102512786	A	0.00800533689126	36	4439	12	10	4497	185975
UNKNOWN	273	A	0.981320880587	G	0.0124527462753	4413	13	56	15	4497	185975
UNKNOWN	274	C	0.978652434957	A	0.00956193017567	43	4401	24	29	4497	185975
UNKNOWN	275	A	0.955748276629	C	0.0164554147209	4298	74	67	58	4497	185975
UNKNOWN	276	T	0.988214365132	A	0.00578163219924	26	5	22	4444	4497	185975
UNKNOWN	277	A	0.985545919502	C	0.00778296642206	4432	35	17	13	4497	185975
UNKNOWN	278	C	0.959750945074	T	0.0362463864799	15	4316	3	163	4497	185975
UNKNOWN	279	T	0.987324883256	G	0.00733822548366	15	9	33	4440	4497	185975
UNKNOWN	280	A	0.948410051145	G	0.0211251945742	4265	57	95	80	4497	185975
UNKNOWN	281	C	0.96108516789	T	0.0244607516122	16	4322	49	110	4497	185975
UNKNOWN	282	T	0.978207694018	G	0.0142317100289	24	10	64	4399	4497	185975
