Type	Position	Nucl1	Freq1	Nucl2	Freq2	NumAs	NumCs	NumGs	NumTs	NumAligned	NumNaive
UNKNOWN	0	C	1.0	A	0.0	0	4688	0	0	4688	152590
UNKNOWN	1	A	1.0	C	0.0	4688	0	0	0	4688	152590
UNKNOWN	2	G	1.0	A	0.0	0	0	4688	0	4688	152590
UNKNOWN	3	G	1.0	A	0.0	0	0	4688	0	4688	152590
UNKNOWN	4	T	1.0	A	0.0	0	0	0	4688	4688	152590
UNKNOWN	5	G	1.0	A	0.0	0	0	4688	0	4688	152590
UNKNOWN	6	C	1.0	A	0.0	0	4688	0	0	4688	152590
UNKNOWN	7	A	0.996800341297	G	0.00234641638225	4673	1	11	3	4688	152590
UNKNOWN	8	G	0.982721843003	A	0.0162116040956	76	5	4607	0	4688	152590
UNKNOWN	9	C	0.998506825939	T	0.00149317406143	0	4681	0	7	4688	152590
UNKNOWN	10	T	0.99957337884	C	0.00042662116041	0	2	0	4686	4688	152590
UNKNOWN	11	G	0.995520477816	A	0.00277303754266	13	8	4667	0	4688	152590
UNKNOWN	12	C	0.998720136519	G	0.00127986348123	0	4682	6	0	4688	152590
UNKNOWN	13	G	0.997653583618	C	0.00170648464164	3	8	4677	0	4688	152590
UNKNOWN	14	G	0.985068259386	C	0.0136518771331	5	64	4618	1	4688	152590
UNKNOWN	15	G	0.998933447099	A	0.000853242320819	4	1	4683	0	4688	152590
UNKNOWN	16	A	0.996800341297	G	0.00149317406143	4673	2	7	6	4688	152590
UNKNOWN	17	G	0.997226962457	A	0.00277303754266	13	0	4675	0	4688	152590
UNKNOWN	18	T	0.997866894198	C	0.00170648464164	1	8	1	4678	4688	152590
UNKNOWN	19	C	0.99957337884	A	0.000213310580205	1	4686	0	1	4688	152590
UNKNOWN	20	G	0.998720136519	A	0.000639931740614	3	3	4682	0	4688	152590
UNKNOWN	21	G	0.99978668942	C	0.000213310580205	0	1	4687	0	4688	152590
UNKNOWN	22	G	1.0	A	0.0	0	0	4688	0	4688	152590
UNKNOWN	23	C	0.997866894198	T	0.00149317406143	3	4678	0	7	4688	152590
UNKNOWN	24	C	0.998080204778	A	0.00106655290102	5	4679	1	3	4688	152590
UNKNOWN	25	C	0.998293515358	T	0.000853242320819	3	4680	1	4	4688	152590
UNKNOWN	26	C	0.998933447099	A	0.000639931740614	3	4683	0	2	4688	152590
UNKNOWN	27	A	0.997653583618	G	0.00213310580205	4677	1	10	0	4688	152590
UNKNOWN	28	G	0.995947098976	C	0.00277303754266	6	13	4669	0	4688	152590
UNKNOWN	29	C	0.998080204778	T	0.00149317406143	1	4679	1	7	4688	152590
UNKNOWN	30	C	0.998933447099	G	0.000639931740614	0	4683	3	2	4688	152590
UNKNOWN	31	T	0.997866894198	C	0.00127986348123	0	6	4	4678	4688	152590
UNKNOWN	32	G	0.994880546075	A	0.00469283276451	22	0	4664	2	4688	152590
UNKNOWN	33	G	0.995520477816	A	0.00341296928328	16	4	4667	1	4688	152590
UNKNOWN	34	T	0.997866894198	C	0.00149317406143	1	7	2	4678	4688	152590
UNKNOWN	35	G	0.998293515358	A	0.00170648464164	8	0	4680	0	4688	152590
UNKNOWN	36	A	0.999146757679	T	0.000639931740614	4684	1	0	3	4688	152590
UNKNOWN	37	A	0.995947098976	G	0.00319965870307	4669	3	15	1	4688	152590
UNKNOWN	38	G	0.997653583618	A	0.00191979522184	9	1	4677	1	4688	152590
UNKNOWN	39	C	0.997226962457	T	0.00255972696246	1	4675	0	12	4688	152590
UNKNOWN	40	C	0.998293515358	T	0.00149317406143	1	4680	0	7	4688	152590
UNKNOWN	41	C	0.996587030717	G	0.00277303754266	0	4672	13	3	4688	152590
UNKNOWN	42	T	0.996373720137	C	0.00298634812287	0	14	3	4671	4688	152590
UNKNOWN	43	C	0.997013651877	A	0.00149317406143	7	4674	0	7	4688	152590
UNKNOWN	44	A	0.996373720137	G	0.00255972696246	4671	2	12	3	4688	152590
UNKNOWN	45	C	0.995307167235	G	0.00255972696246	6	4666	12	4	4688	152590
UNKNOWN	46	A	0.998080204778	G	0.00127986348123	4679	1	6	2	4688	152590
UNKNOWN	47	G	0.997866894198	A	0.00106655290102	5	4	4678	1	4688	152590
UNKNOWN	48	A	0.997013651877	G	0.00255972696246	4674	2	12	0	4688	152590
UNKNOWN	49	C	0.998720136519	T	0.00106655290102	1	4682	0	5	4688	152590
UNKNOWN	50	C	0.998506825939	T	0.00149317406143	0	4681	0	7	4688	152590
UNKNOWN	51	C	0.999360068259	T	0.00042662116041	1	4685	0	2	4688	152590
UNKNOWN	52	T	0.996160409556	C	0.00341296928328	2	16	0	4670	4688	152590
UNKNOWN	53	C	0.995093856655	G	0.00383959044369	0	4665	18	5	4688	152590
UNKNOWN	54	T	0.993813993174	C	0.00362627986348	9	17	3	4659	4688	152590
UNKNOWN	55	C	0.998080204778	T	0.00127986348123	1	4679	2	6	4688	152590
UNKNOWN	56	C	0.998080204778	T	0.00106655290102	0	4679	4	5	4688	152590
UNKNOWN	57	C	0.991467576792	G	0.00746587030717	1	4648	35	4	4688	152590
UNKNOWN	58	T	0.995733788396	C	0.00383959044369	1	18	1	4668	4688	152590
UNKNOWN	59	C	0.997866894198	A	0.00149317406143	7	4678	2	1	4688	152590
UNKNOWN	60	A	0.991254266212	G	0.00767918088737	4647	4	36	1	4688	152590
UNKNOWN	61	C	0.997226962457	T	0.00213310580205	2	4675	1	10	4688	152590
UNKNOWN	62	C	0.992960750853	G	0.00405290102389	4	4655	19	10	4688	152590
UNKNOWN	63	T	0.997226962457	C	0.00191979522184	0	9	4	4675	4688	152590
UNKNOWN	64	G	0.999146757679	C	0.000639931740614	1	3	4684	0	4688	152590
UNKNOWN	65	C	0.994667235495	T	0.00298634812287	11	4663	0	14	4688	152590
UNKNOWN	66	A	0.995307167235	G	0.00341296928328	4666	6	16	0	4688	152590
UNKNOWN	67	C	0.997226962457	T	0.00191979522184	1	4675	3	9	4688	152590
UNKNOWN	68	G	0.981655290102	A	0.0170648464164	80	1	4602	5	4688	152590
UNKNOWN	69	G	0.9795221843	A	0.0170648464164	80	12	4592	4	4688	152590
UNKNOWN	70	T	0.990401023891	C	0.0087457337884	3	41	1	4643	4688	152590
UNKNOWN	71	C	0.960324232082	G	0.0328498293515	1	4502	154	31	4688	152590
UNKNOWN	72	T	0.995093856655	C	0.00298634812287	3	14	6	4665	4688	152590
UNKNOWN	73	C	0.998933447099	T	0.00106655290102	0	4683	0	5	4688	152590
UNKNOWN	74	T	0.993387372014	C	0.00255972696246	7	12	12	4657	4688	152590
UNKNOWN	75	G	0.997653583618	C	0.00149317406143	4	7	4677	0	4688	152590
UNKNOWN	76	G	0.988694539249	A	0.0102389078498	48	4	4635	1	4688	152590
UNKNOWN	77	A	0.98954778157	C	0.00618600682594	4639	29	18	2	4688	152590
UNKNOWN	78	T	0.817406143345	C	0.152517064846	10	715	131	3832	4688	152590
UNKNOWN	79	T	0.920221843003	G	0.0565273037543	42	67	265	4314	4688	152590
UNKNOWN	80	C	0.991467576792	G	0.00490614334471	2	4648	23	15	4688	152590
UNKNOWN	81	T	0.996160409556	C	0.00341296928328	2	16	0	4670	4688	152590
UNKNOWN	82	C	0.996373720137	A	0.00191979522184	9	4671	1	7	4688	152590
UNKNOWN	83	A	0.98997440273	G	0.00469283276451	4641	13	22	12	4688	152590
UNKNOWN	84	T	0.991254266212	C	0.00618600682594	1	29	11	4647	4688	152590
UNKNOWN	85	T	0.996587030717	C	0.00213310580205	0	10	6	4672	4688	152590
UNKNOWN	86	G	0.988267918089	A	0.0106655290102	50	3	4633	2	4688	152590
UNKNOWN	87	A	0.981655290102	G	0.0106655290102	4602	34	50	2	4688	152590
UNKNOWN	88	G	0.963310580205	A	0.0232508532423	109	45	4516	18	4688	152590
UNKNOWN	89	C	0.969923208191	T	0.018771331058	31	4547	22	88	4688	152590
UNKNOWN	90	A	0.967790102389	G	0.0247440273038	4537	30	116	5	4688	152590
UNKNOWN	91	G	0.891424914676	C	0.0443686006826	197	208	4179	104	4688	152590
UNKNOWN	92	C	0.928327645051	T	0.0311433447099	64	4352	126	146	4688	152590
UNKNOWN	93	A	0.876919795222	T	0.0580204778157	4111	64	241	272	4688	152590
UNKNOWN	94	A	0.940273037543	G	0.0403156996587	4408	50	189	41	4688	152590
UNKNOWN	95	T	0.96906996587	G	0.0183447098976	31	28	86	4543	4688	152590
UNKNOWN	96	G	0.912116040956	A	0.0693259385666	325	82	4276	5	4688	152590
UNKNOWN	97	G	0.713310580205	A	0.148677474403	697	614	3344	33	4688	152590
UNKNOWN	98	T	0.984215017065	C	0.00789249146758	24	37	13	4614	4688	152590
UNKNOWN	99	G	0.971203071672	A	0.0253839590444	119	1	4553	15	4688	152590
UNKNOWN	100	T	0.994027303754	C	0.00469283276451	4	22	2	4660	4688	152590
UNKNOWN	101	A	0.959684300341	G	0.0221843003413	4499	58	104	27	4688	152590
UNKNOWN	102	G	0.764078498294	C	0.117747440273	486	552	3582	68	4688	152590
UNKNOWN	103	T	0.908489761092	G	0.0535409556314	76	102	251	4259	4688	152590
UNKNOWN	104	C	0.928114334471	T	0.0362627986348	44	4351	123	170	4688	152590
UNKNOWN	105	T	0.996800341297	G	0.00191979522184	0	6	9	4673	4688	152590
UNKNOWN	106	G	0.99957337884	A	0.00042662116041	2	0	4686	0	4688	152590
UNKNOWN	107	G	0.998293515358	A	0.00106655290102	5	0	4680	3	4688	152590
UNKNOWN	108	G	0.990187713311	A	0.00703924914676	33	5	4642	8	4688	152590
UNKNOWN	109	T	0.997013651877	C	0.00255972696246	1	12	1	4674	4688	152590
UNKNOWN	110	C	0.992534129693	A	0.0042662116041	20	4653	3	12	4688	152590
UNKNOWN	111	C	0.998080204778	G	0.00149317406143	0	4679	7	2	4688	152590
UNKNOWN	112	G	0.997653583618	C	0.00149317406143	4	7	4677	0	4688	152590
UNKNOWN	113	C	0.995307167235	A	0.00234641638225	11	4666	3	8	4688	152590
UNKNOWN	114	C	0.997866894198	A	0.00127986348123	6	4678	2	2	4688	152590
UNKNOWN	115	A	0.991894197952	G	0.00661262798635	4650	6	31	1	4688	152590
UNKNOWN	116	G	0.996587030717	A	0.00149317406143	7	6	4672	3	4688	152590
UNKNOWN	117	G	0.982295221843	A	0.0110921501706	52	19	4605	12	4688	152590
UNKNOWN	118	C	0.992320819113	T	0.00511945392491	4	4652	8	24	4688	152590
UNKNOWN	119	T	0.991894197952	G	0.0044795221843	1	16	21	4650	4688	152590
UNKNOWN	120	C	0.997866894198	T	0.00106655290102	3	4678	2	5	4688	152590
UNKNOWN	121	C	0.996800341297	A	0.00149317406143	7	4673	1	7	4688	152590
UNKNOWN	122	A	0.978029010239	G	0.0206911262799	4585	4	97	2	4688	152590
UNKNOWN	123	G	0.999360068259	T	0.00042662116041	1	0	4685	2	4688	152590
UNKNOWN	124	G	0.994667235495	A	0.00405290102389	19	5	4663	1	4688	152590
UNKNOWN	125	G	0.988694539249	A	0.0087457337884	41	10	4635	2	4688	152590
UNKNOWN	126	A	0.990827645051	G	0.00597269624573	4645	14	28	1	4688	152590
UNKNOWN	127	A	0.983148464164	G	0.0153583617747	4609	5	72	2	4688	152590
UNKNOWN	128	G	0.998506825939	C	0.000639931740614	1	3	4681	3	4688	152590
UNKNOWN	129	G	0.976535836177	A	0.0117320819113	55	50	4578	5	4688	152590
UNKNOWN	130	C	0.994453924915	G	0.00383959044369	1	4662	18	7	4688	152590
UNKNOWN	131	G	0.987627986348	A	0.0106655290102	50	7	4630	1	4688	152590
UNKNOWN	132	C	0.993387372014	T	0.0044795221843	8	4657	2	21	4688	152590
UNKNOWN	133	T	0.97866894198	C	0.0181313993174	2	85	13	4588	4688	152590
UNKNOWN	134	G	0.990827645051	A	0.00703924914676	33	1	4645	9	4688	152590
UNKNOWN	135	G	0.994453924915	C	0.00383959044369	8	18	4662	0	4688	152590
UNKNOWN	136	A	0.990187713311	G	0.00746587030717	4642	6	35	5	4688	152590
UNKNOWN	137	G	0.984001706485	A	0.0127986348123	60	4	4613	11	4688	152590
UNKNOWN	138	T	0.995947098976	C	0.00213310580205	1	10	8	4669	4688	152590
UNKNOWN	139	G	0.998506825939	A	0.000639931740614	3	1	4681	3	4688	152590
UNKNOWN	140	G	0.98954778157	T	0.00703924914676	3	13	4639	33	4688	152590
UNKNOWN	141	C	0.980802047782	G	0.0145051194539	13	4598	68	9	4688	152590
UNKNOWN	142	T	0.996800341297	C	0.00277303754266	0	13	2	4673	4688	152590
UNKNOWN	143	C	0.985921501706	T	0.0115187713311	2	4622	10	54	4688	152590
UNKNOWN	144	G	0.990827645051	A	0.00703924914676	33	0	4645	10	4688	152590
UNKNOWN	145	G	0.993600682594	T	0.00298634812287	7	9	4658	14	4688	152590
UNKNOWN	146	T	0.943472696246	G	0.0209044368601	91	76	98	4423	4688	152590
UNKNOWN	147	G	0.773677474403	A	0.157849829352	740	133	3627	188	4688	152590
UNKNOWN	148	G	0.769411262799	A	0.134812286689	632	289	3607	160	4688	152590
UNKNOWN	149	T	0.925981228669	G	0.0287969283276	119	93	135	4341	4688	152590
UNKNOWN	150	A	0.908063139932	G	0.0804180887372	4257	25	377	29	4688	152590
UNKNOWN	151	T	0.98954778157	C	0.00469283276451	11	22	16	4639	4688	152590
UNKNOWN	152	A	0.929394197952	G	0.0407423208191	4357	99	191	41	4688	152590
UNKNOWN	153	T	0.974616040956	G	0.0130119453925	40	18	61	4569	4688	152590
UNKNOWN	154	G	0.988054607509	A	0.00703924914676	33	7	4632	16	4688	152590
UNKNOWN	155	C	0.890784982935	T	0.101749146758	21	4176	14	477	4688	152590
UNKNOWN	156	A	0.831058020478	G	0.160836177474	3896	20	754	18	4688	152590
UNKNOWN	157	G	0.894837883959	A	0.0460750853242	216	211	4195	66	4688	152590
UNKNOWN	158	T	0.956911262799	A	0.017704778157	83	41	78	4486	4688	152590
UNKNOWN	159	G	0.835110921502	A	0.133959044369	628	115	3915	30	4688	152590
UNKNOWN	160	G	0.803327645051	A	0.15635665529	733	134	3766	55	4688	152590
UNKNOWN	161	T	0.946032423208	C	0.0228242320819	60	107	86	4435	4688	152590
UNKNOWN	162	G	0.988267918089	A	0.0108788395904	51	1	4633	3	4688	152590
UNKNOWN	163	G	0.972482935154	T	0.0121587030717	45	27	4559	57	4688	152590
UNKNOWN	164	A	0.949232081911	G	0.0349829351536	4450	29	164	45	4688	152590
UNKNOWN	165	A	0.912329351536	G	0.0742320819113	4277	53	348	10	4688	152590
UNKNOWN	166	G	0.845776450512	C	0.082337883959	209	386	3965	128	4688	152590
UNKNOWN	167	C	0.876493174061	T	0.0578071672355	128	4109	180	271	4688	152590
UNKNOWN	168	A	0.976322525597	G	0.0100255972696	4577	25	47	39	4688	152590
UNKNOWN	169	C	0.959684300341	T	0.0322098976109	12	4499	26	151	4688	152590
UNKNOWN	170	A	0.977602389078	G	0.0117320819113	4583	31	55	19	4688	152590
UNKNOWN	171	A	0.876279863481	G	0.0912969283276	4108	103	428	49	4688	152590
UNKNOWN	172	G	0.829991467577	A	0.10388225256	487	212	3891	98	4688	152590
UNKNOWN	173	C	0.90635665529	G	0.0435153583618	119	4249	204	116	4688	152590
UNKNOWN	174	T	0.940699658703	C	0.0524744027304	13	246	19	4410	4688	152590
UNKNOWN	175	T	0.95861774744	A	0.027090443686	127	33	34	4494	4688	152590
UNKNOWN	176	T	0.946672354949	A	0.0228242320819	107	67	76	4438	4688	152590
UNKNOWN	177	A	0.985708191126	G	0.00639931740614	4621	28	30	9	4688	152590
UNKNOWN	178	A	0.983788395904	C	0.00853242320819	4612	40	33	3	4688	152590
UNKNOWN	179	C	0.943472696246	T	0.0499146757679	5	4423	26	234	4688	152590
UNKNOWN	180	C	0.960110921502	T	0.0273037542662	31	4501	28	128	4688	152590
UNKNOWN	181	C	0.985708191126	T	0.00639931740614	10	4621	27	30	4688	152590
UNKNOWN	182	A	0.982935153584	G	0.01045221843	4608	26	49	5	4688	152590
UNKNOWN	183	G	0.9795221843	A	0.0153583617747	72	16	4592	8	4688	152590
UNKNOWN	184	C	0.974402730375	T	0.0155716723549	18	4568	29	73	4688	152590
UNKNOWN	185	C	0.991254266212	T	0.00789249146758	3	4647	1	37	4688	152590
UNKNOWN	186	C	0.996800341297	T	0.00191979522184	2	4673	4	9	4688	152590
UNKNOWN	187	T	0.995520477816	G	0.00234641638225	5	5	11	4667	4688	152590
UNKNOWN	188	G	0.965443686007	A	0.0223976109215	105	14	4526	43	4688	152590
UNKNOWN	189	A	0.991680887372	C	0.0044795221843	4649	21	18	0	4688	152590
UNKNOWN	190	A	0.98976109215	G	0.00618600682594	4640	12	29	7	4688	152590
UNKNOWN	191	A	0.988694539249	C	0.00490614334471	4635	23	17	13	4688	152590
UNKNOWN	192	T	0.983575085324	C	0.01045221843	15	49	13	4611	4688	152590
UNKNOWN	193	C	0.997226962457	A	0.00170648464164	8	4675	0	5	4688	152590
UNKNOWN	194	C	0.969496587031	T	0.0245307167235	18	4545	10	115	4688	152590
UNKNOWN	195	C	0.996800341297	G	0.00234641638225	1	4673	11	3	4688	152590
UNKNOWN	196	G	0.996800341297	A	0.00127986348123	6	3	4673	6	4688	152590
UNKNOWN	197	G	0.941126279863	A	0.043728668942	205	32	4412	39	4688	152590
UNKNOWN	198	C	0.961604095563	G	0.0313566552901	16	4508	147	17	4688	152590
UNKNOWN	199	T	0.994667235495	C	0.00319965870307	6	15	4	4663	4688	152590
UNKNOWN	200	C	0.987841296928	T	0.00639931740614	21	4631	6	30	4688	152590
UNKNOWN	201	A	0.96843003413	T	0.0172781569966	4540	6	61	81	4688	152590
UNKNOWN	202	G	0.95840443686	C	0.0356228668942	11	167	4493	17	4688	152590
UNKNOWN	203	C	0.94795221843	T	0.0358361774744	18	4444	58	168	4688	152590
UNKNOWN	204	A	0.978242320819	G	0.0142918088737	4586	24	67	11	4688	152590
UNKNOWN	205	T	0.994027303754	C	0.00341296928328	10	16	2	4660	4688	152590
UNKNOWN	206	C	0.990187713311	T	0.00597269624573	14	4642	4	28	4688	152590
UNKNOWN	207	A	0.98954778157	G	0.00575938566553	4639	17	27	5	4688	152590
UNKNOWN	208	C	0.979735494881	G	0.0130119453925	15	4593	61	19	4688	152590
UNKNOWN	209	C	0.935580204778	A	0.0415955631399	195	4386	55	52	4688	152590
UNKNOWN	210	A	0.983148464164	C	0.00639931740614	4609	30	21	28	4688	152590
UNKNOWN	211	A	0.974402730375	G	0.0159982935154	4568	14	75	31	4688	152590
UNKNOWN	212	G	0.983575085324	A	0.00981228668942	46	14	4611	17	4688	152590
UNKNOWN	213	G	0.986774744027	A	0.00959897610922	45	12	4626	5	4688	152590
UNKNOWN	214	A	0.98954778157	C	0.00469283276451	4639	22	17	10	4688	152590
UNKNOWN	215	C	0.97930887372	T	0.0102389078498	38	4591	11	48	4688	152590
UNKNOWN	216	A	0.986561433447	G	0.00938566552901	4625	9	44	10	4688	152590
UNKNOWN	217	A	0.978029010239	G	0.00959897610922	4585	35	45	23	4688	152590
UNKNOWN	218	C	0.966083617747	T	0.0230375426621	5	4529	46	108	4688	152590
UNKNOWN	219	T	0.990614334471	C	0.0042662116041	12	20	12	4644	4688	152590
UNKNOWN	220	C	0.992534129693	T	0.0042662116041	13	4653	2	20	4688	152590
UNKNOWN	221	C	0.980802047782	T	0.0145051194539	16	4598	6	68	4688	152590
UNKNOWN	222	A	0.983148464164	G	0.0117320819113	4609	19	55	5	4688	152590
UNKNOWN	223	A	0.968003412969	G	0.0268771331058	4538	15	126	9	4688	152590
UNKNOWN	224	G	0.984001706485	C	0.0089590443686	30	42	4613	3	4688	152590
UNKNOWN	225	A	0.985708191126	G	0.00938566552901	4621	18	44	5	4688	152590
UNKNOWN	226	G	0.954778156997	A	0.0334897610922	157	48	4476	7	4688	152590
UNKNOWN	227	C	0.954351535836	T	0.0401023890785	15	4474	11	188	4688	152590
UNKNOWN	228	C	0.977815699659	G	0.0113054607509	50	4584	53	1	4688	152590
UNKNOWN	229	A	0.988907849829	G	0.00639931740614	4636	8	30	14	4688	152590
UNKNOWN	230	A	0.971843003413	G	0.0215443686007	4556	16	101	15	4688	152590
UNKNOWN	231	G	0.955418088737	A	0.0294368600683	138	42	4479	29	4688	152590
UNKNOWN	232	T	0.98997440273	C	0.00981228668942	0	46	1	4641	4688	152590
UNKNOWN	233	C	0.939206484642	T	0.034343003413	18	4403	106	161	4688	152590
UNKNOWN	234	T	0.992747440273	C	0.00533276450512	4	25	5	4654	4688	152590
UNKNOWN	235	C	0.992320819113	T	0.00554607508532	6	4652	4	26	4688	152590
UNKNOWN	236	T	0.965656996587	G	0.0200511945392	9	58	94	4527	4688	152590
UNKNOWN	237	C	0.993600682594	T	0.0042662116041	6	4658	4	20	4688	152590
UNKNOWN	238	T	0.994880546075	G	0.00298634812287	2	8	14	4664	4688	152590
UNKNOWN	239	G	0.942832764505	A	0.0418088737201	196	50	4420	22	4688	152590
UNKNOWN	240	T	0.974402730375	G	0.0162116040956	28	16	76	4568	4688	152590
UNKNOWN	241	C	0.950511945392	T	0.0366894197952	51	4456	9	172	4688	152590
UNKNOWN	242	A	0.966723549488	C	0.0157849829352	4532	74	61	21	4688	152590
UNKNOWN	243	G	0.856655290102	C	0.0883105802048	194	414	4016	64	4688	152590
UNKNOWN	244	T	0.990827645051	C	0.0044795221843	5	21	17	4645	4688	152590
UNKNOWN	245	G	0.962457337884	A	0.0236774744027	111	19	4512	46	4688	152590
UNKNOWN	246	A	0.970776450512	G	0.0226109215017	4551	16	106	15	4688	152590
UNKNOWN	247	G	0.90593003413	A	0.0597269624573	280	114	4247	47	4688	152590
UNKNOWN	248	C	0.96843003413	T	0.018771331058	38	4540	22	88	4688	152590
UNKNOWN	249	A	0.982721843003	G	0.0110921501706	4607	26	52	3	4688	152590
UNKNOWN	250	G	0.931100682594	A	0.0586604095563	275	41	4365	7	4688	152590
UNKNOWN	251	C	0.984428327645	T	0.00981228668942	6	4615	21	46	4688	152590
UNKNOWN	252	G	0.987841296928	A	0.00682593856655	32	6	4631	19	4688	152590
UNKNOWN	253	T	0.990827645051	C	0.00490614334471	7	23	13	4645	4688	152590
UNKNOWN	254	G	0.959257679181	A	0.0305034129693	143	31	4497	17	4688	152590
UNKNOWN	255	A	0.97909556314	G	0.0123720136519	4590	19	58	21	4688	152590
UNKNOWN	256	C	0.988054607509	T	0.00661262798635	18	4632	7	31	4688	152590
UNKNOWN	257	A	0.967576791809	G	0.0185580204778	4536	33	87	32	4688	152590
UNKNOWN	258	C	0.879052901024	A	0.107508532423	504	4121	34	29	4688	152590
UNKNOWN	259	C	0.971203071672	T	0.0200511945392	19	4553	22	94	4688	152590
UNKNOWN	260	T	0.961817406143	G	0.0191979522184	9	80	90	4509	4688	152590
UNKNOWN	261	G	0.98997440273	A	0.00639931740614	30	2	4641	15	4688	152590
UNKNOWN	262	A	0.983361774744	G	0.0136518771331	4610	11	64	3	4688	152590
UNKNOWN	263	G	0.956271331058	A	0.0194112627986	91	86	4483	28	4688	152590
UNKNOWN	264	G	0.986348122867	A	0.00725255972696	34	8	4624	22	4688	152590
UNKNOWN	265	A	0.984001706485	C	0.00981228668942	4613	46	18	11	4688	152590
UNKNOWN	266	C	0.981228668942	T	0.00853242320819	37	4600	11	40	4688	152590
UNKNOWN	267	A	0.973122866894	G	0.0136518771331	4562	14	64	48	4688	152590
UNKNOWN	268	C	0.990187713311	G	0.00490614334471	10	4642	23	13	4688	152590
UNKNOWN	269	G	0.987627986348	T	0.0044795221843	19	18	4630	21	4688	152590
UNKNOWN	270	G	0.985281569966	T	0.00618600682594	21	19	4619	29	4688	152590
UNKNOWN	271	C	0.988267918089	G	0.00618600682594	20	4633	29	6	4688	152590
UNKNOWN	272	C	0.987201365188	A	0.00703924914676	33	4628	13	14	4688	152590
UNKNOWN	273	A	0.981868600683	G	0.0106655290102	4603	15	50	20	4688	152590
UNKNOWN	274	C	0.986348122867	A	0.00831911262799	39	4624	11	14	4688	152590
UNKNOWN	275	A	0.94837883959	G	0.0351962457338	4446	50	165	27	4688	152590
UNKNOWN	276	T	0.98954778157	A	0.00405290102389	19	14	16	4639	4688	152590
UNKNOWN	277	A	0.988481228669	C	0.00490614334471	4634	23	17	14	4688	152590
UNKNOWN	278	C	0.902303754266	T	0.0934300341297	10	4230	10	438	4688	152590
UNKNOWN	279	T	0.9795221843	C	0.0108788395904	19	51	26	4592	4688	152590
UNKNOWN	280	A	0.946032423208	T	0.0369027303754	4435	56	24	173	4688	152590
UNKNOWN	281	C	0.941126279863	T	0.0558873720137	7	4412	7	262	4688	152590
UNKNOWN	282	T	0.986561433447	G	0.0100255972696	11	5	47	4625	4688	152590
