Type	Position	Nucl1	Freq1	Nucl2	Freq2	NumAs	NumCs	NumGs	NumTs	NumAligned	NumNaive
UNKNOWN	0	C	1.0	A	0.0	0	10678	0	0	10678	152590
UNKNOWN	1	A	1.0	C	0.0	10678	0	0	0	10678	152590
UNKNOWN	2	G	1.0	A	0.0	0	0	10678	0	10678	152590
UNKNOWN	3	G	1.0	A	0.0	0	0	10678	0	10678	152590
UNKNOWN	4	T	1.0	A	0.0	0	0	0	10678	10678	152590
UNKNOWN	5	G	1.0	A	0.0	0	0	10678	0	10678	152590
UNKNOWN	6	C	1.0	A	0.0	0	10678	0	0	10678	152590
UNKNOWN	7	A	0.994849222701	G	0.00449522382469	10623	1	48	6	10678	152590
UNKNOWN	8	G	0.987544483986	A	0.0103015545982	110	4	10545	19	10678	152590
UNKNOWN	9	C	0.993631766248	G	0.00374601985391	1	10610	40	27	10678	152590
UNKNOWN	10	T	0.99896984454	C	0.00103015545982	0	11	0	10667	10678	152590
UNKNOWN	11	G	0.999344446526	A	0.000561902978086	6	0	10671	1	10678	152590
UNKNOWN	12	C	0.999157145533	T	0.000468252481738	4	10669	0	5	10678	152590
UNKNOWN	13	G	0.999625398015	A	0.000280951489043	3	0	10674	1	10678	152590
UNKNOWN	14	C	0.916557407754	G	0.0830679902603	0	9787	887	4	10678	152590
UNKNOWN	15	G	0.999719048511	A	0.000187300992695	2	1	10675	0	10678	152590
UNKNOWN	16	A	0.997471436599	G	0.002153961416	10651	2	23	2	10678	152590
UNKNOWN	17	G	0.992320659299	A	0.00730473871512	78	4	10596	0	10678	152590
UNKNOWN	18	T	0.998314291066	C	0.000936504963476	1	10	7	10660	10678	152590
UNKNOWN	19	C	0.999157145533	T	0.000655553474433	1	10669	1	7	10678	152590
UNKNOWN	20	G	0.99896984454	A	0.000561902978086	6	3	10667	2	10678	152590
UNKNOWN	21	G	0.999438097022	A	0.000374601985391	4	1	10672	1	10678	152590
UNKNOWN	22	G	0.999157145533	A	0.000468252481738	5	4	10669	0	10678	152590
UNKNOWN	23	C	0.998501592058	T	0.00149840794156	0	10662	0	16	10678	152590
UNKNOWN	24	C	0.997565087095	A	0.00140475744521	15	10652	1	10	10678	152590
UNKNOWN	25	C	0.99793968908	A	0.00103015545982	11	10656	2	9	10678	152590
UNKNOWN	26	C	0.998876194044	A	0.000655553474433	7	10666	0	5	10678	152590
UNKNOWN	27	A	0.99616032965	G	0.00365236935756	10637	1	39	1	10678	152590
UNKNOWN	28	G	0.994006368234	A	0.00486982581008	52	12	10614	0	10678	152590
UNKNOWN	29	C	0.997565087095	T	0.0017793594306	7	10652	0	19	10678	152590
UNKNOWN	30	C	0.997471436599	T	0.00149840794156	2	10651	9	16	10678	152590
UNKNOWN	31	T	0.998314291066	C	0.00112380595617	1	12	5	10660	10678	152590
UNKNOWN	32	G	0.993444465256	A	0.00561902978086	60	5	10608	5	10678	152590
UNKNOWN	33	G	0.99616032965	T	0.00262221389773	12	1	10637	28	10678	152590
UNKNOWN	34	T	0.995879378161	C	0.00346506836486	0	37	7	10634	10678	152590
UNKNOWN	35	G	0.996909533621	A	0.00262221389773	28	3	10645	2	10678	152590
UNKNOWN	36	A	0.998501592058	G	0.000655553474433	10662	6	7	3	10678	152590
UNKNOWN	37	A	0.995411125679	G	0.00374601985391	10629	6	40	3	10678	152590
UNKNOWN	38	G	0.997377786102	C	0.00187300992695	7	20	10650	1	10678	152590
UNKNOWN	39	C	0.997658737591	T	0.0017793594306	2	10653	4	19	10678	152590
UNKNOWN	40	C	0.998595242555	A	0.000749203970781	8	10663	2	5	10678	152590
UNKNOWN	41	C	0.997284135606	G	0.00187300992695	0	10649	20	9	10678	152590
UNKNOWN	42	T	0.997003184117	C	0.00280951489043	0	30	2	10646	10678	152590
UNKNOWN	43	C	0.998033339577	A	0.00140475744521	15	10657	0	6	10678	152590
UNKNOWN	44	A	0.996441281139	G	0.002153961416	10640	13	23	2	10678	152590
UNKNOWN	45	C	0.996909533621	G	0.00159205843791	16	10645	17	0	10678	152590
UNKNOWN	46	A	0.997565087095	G	0.00234126240869	10652	1	25	0	10678	152590
UNKNOWN	47	G	0.994849222701	A	0.00468252481738	50	3	10623	2	10678	152590
UNKNOWN	48	A	0.996815883124	G	0.00206031091965	10644	8	22	4	10678	152590
UNKNOWN	49	C	0.997846038584	T	0.00131110694887	1	10655	8	14	10678	152590
UNKNOWN	50	C	0.997752388088	T	0.00149840794156	6	10654	2	16	10678	152590
UNKNOWN	51	C	0.996815883124	G	0.00159205843791	5	10644	17	12	10678	152590
UNKNOWN	52	T	0.996441281139	C	0.00327776737217	3	35	0	10640	10678	152590
UNKNOWN	53	C	0.995692077168	G	0.00318411687582	2	10632	34	10	10678	152590
UNKNOWN	54	T	0.995973028657	C	0.00290316538678	1	31	11	10635	10678	152590
UNKNOWN	55	C	0.997846038584	G	0.000842854467129	8	10655	9	6	10678	152590
UNKNOWN	56	C	0.995879378161	T	0.00346506836486	3	10634	4	37	10678	152590
UNKNOWN	57	C	0.995223824686	G	0.00383967035025	0	10627	41	10	10678	152590
UNKNOWN	58	T	0.996441281139	C	0.00318411687582	3	34	1	10640	10678	152590
UNKNOWN	59	C	0.996347630642	A	0.00206031091965	22	10639	1	16	10678	152590
UNKNOWN	60	A	0.995317475183	G	0.00327776737217	10628	15	35	0	10678	152590
UNKNOWN	61	C	0.997096834613	T	0.002153961416	2	10647	6	23	10678	152590
UNKNOWN	62	C	0.994380970219	T	0.00449522382469	7	10618	5	48	10678	152590
UNKNOWN	63	T	0.997471436599	C	0.00131110694887	1	14	12	10651	10678	152590
UNKNOWN	64	G	0.998501592058	C	0.00103015545982	4	11	10662	1	10678	152590
UNKNOWN	65	C	0.995879378161	T	0.00234126240869	19	10634	0	25	10678	152590
UNKNOWN	66	A	0.991946057314	G	0.00618093275894	10592	15	66	5	10678	152590
UNKNOWN	67	C	0.996253980146	T	0.00149840794156	9	10638	15	16	10678	152590
UNKNOWN	68	G	0.99026034838	A	0.00917774864207	98	6	10574	0	10678	152590
UNKNOWN	69	G	0.965349316351	A	0.0309983142911	331	28	10308	11	10678	152590
UNKNOWN	70	T	0.987450833489	C	0.0112380595617	2	120	12	10544	10678	152590
UNKNOWN	71	C	0.976868327402	G	0.0140475744521	1	10431	150	96	10678	152590
UNKNOWN	72	T	0.995223824686	C	0.00346506836486	2	37	12	10627	10678	152590
UNKNOWN	73	C	0.997658737591	T	0.00140475744521	8	10653	2	15	10678	152590
UNKNOWN	74	T	0.992601610789	G	0.0041206218393	7	28	44	10599	10678	152590
UNKNOWN	75	G	0.99616032965	A	0.00346506836486	37	3	10637	1	10678	152590
UNKNOWN	76	G	0.99410001873	A	0.00449522382469	48	12	10615	3	10678	152590
UNKNOWN	77	A	0.987825435475	C	0.00580633077355	10548	62	56	12	10678	152590
UNKNOWN	78	T	0.796122869451	C	0.188331148155	19	2011	147	8501	10678	152590
UNKNOWN	79	T	0.927327214834	G	0.0501966660423	106	134	536	9902	10678	152590
UNKNOWN	80	C	0.994380970219	T	0.00262221389773	18	10618	14	28	10678	152590
UNKNOWN	81	T	0.991196853343	C	0.00458887432103	15	49	30	10584	10678	152590
UNKNOWN	82	C	0.994287319723	A	0.00318411687582	34	10617	12	15	10678	152590
UNKNOWN	83	A	0.993538115752	G	0.00346506836486	10609	10	37	22	10678	152590
UNKNOWN	84	T	0.985577823562	C	0.0126428170069	5	135	14	10524	10678	152590
UNKNOWN	85	T	0.996534931635	G	0.00206031091965	2	13	22	10641	10678	152590
UNKNOWN	86	G	0.978179434351	A	0.0204158082038	218	6	10445	9	10678	152590
UNKNOWN	87	A	0.984454017606	G	0.0122682150215	10512	29	131	6	10678	152590
UNKNOWN	88	G	0.946712867578	A	0.0263157894737	281	268	10109	20	10678	152590
UNKNOWN	89	C	0.954954111257	T	0.028563401386	62	10197	114	305	10678	152590
UNKNOWN	90	A	0.965911219329	G	0.0255665855029	10314	52	273	39	10678	152590
UNKNOWN	91	G	0.837141786851	A	0.105731410376	1129	451	8939	159	10678	152590
UNKNOWN	92	C	0.954766810264	T	0.0268776924518	86	10195	110	287	10678	152590
UNKNOWN	93	T	0.961041393519	G	0.0181681962914	145	77	194	10262	10678	152590
UNKNOWN	94	A	0.966754073797	T	0.013204719985	10323	114	100	141	10678	152590
UNKNOWN	95	T	0.982019104701	C	0.01076980708	46	115	31	10486	10678	152590
UNKNOWN	96	G	0.915339951302	A	0.0516950739839	552	213	9774	139	10678	152590
UNKNOWN	97	C	0.878535306237	G	0.0600299681588	263	9381	641	393	10678	152590
UNKNOWN	98	T	0.985484173066	G	0.00711743772242	41	38	76	10523	10678	152590
UNKNOWN	99	G	0.948398576512	A	0.0424236748455	453	22	10127	76	10678	152590
UNKNOWN	100	T	0.993444465256	C	0.00477617531373	16	51	3	10608	10678	152590
UNKNOWN	101	A	0.928638321783	G	0.0368046450646	9916	250	393	119	10678	152590
UNKNOWN	102	A	0.925828806893	G	0.0625585315602	9886	90	668	34	10678	152590
UNKNOWN	103	G	0.748361116314	A	0.119685334332	1278	1166	7991	243	10678	152590
UNKNOWN	104	C	0.945870013111	T	0.0375538490354	124	10100	53	401	10678	152590
UNKNOWN	105	T	0.996815883124	G	0.002153961416	0	11	23	10644	10678	152590
UNKNOWN	106	G	0.998876194044	A	0.000468252481738	5	2	10666	5	10678	152590
UNKNOWN	107	G	0.997565087095	T	0.00121745645252	6	7	10652	13	10678	152590
UNKNOWN	108	G	0.977617531373	A	0.0145158269339	155	55	10439	29	10678	152590
UNKNOWN	109	T	0.995785727664	C	0.00365236935756	6	39	0	10633	10678	152590
UNKNOWN	110	C	0.733938939876	A	0.255103952051	2724	7837	93	24	10678	152590
UNKNOWN	111	C	0.997377786102	G	0.00149840794156	4	10650	16	8	10678	152590
UNKNOWN	112	G	0.997658737591	C	0.00168570893426	6	18	10653	1	10678	152590
UNKNOWN	113	C	0.993725416745	T	0.00449522382469	11	10611	8	48	10678	152590
UNKNOWN	114	C	0.997565087095	A	0.00206031091965	22	10652	3	1	10678	152590
UNKNOWN	115	A	0.990822251358	G	0.00842854467129	10580	4	90	4	10678	152590
UNKNOWN	116	G	0.998595242555	A	0.000936504963476	10	3	10663	2	10678	152590
UNKNOWN	117	G	0.985577823562	A	0.0117063120435	125	22	10524	7	10678	152590
UNKNOWN	118	C	0.992882562278	T	0.00365236935756	3	10602	34	39	10678	152590
UNKNOWN	119	T	0.991758756321	C	0.00486982581008	1	52	35	10590	10678	152590
UNKNOWN	120	C	0.997565087095	T	0.00121745645252	5	10652	8	13	10678	152590
UNKNOWN	121	C	0.996909533621	A	0.00271586439408	29	10645	2	2	10678	152590
UNKNOWN	122	A	0.983985765125	G	0.0131110694887	10507	17	140	14	10678	152590
UNKNOWN	123	G	0.997471436599	A	0.002153961416	23	0	10651	4	10678	152590
UNKNOWN	124	G	0.998220640569	A	0.00149840794156	16	2	10659	1	10678	152590
UNKNOWN	125	G	0.989323843416	A	0.00936504963476	100	10	10564	4	10678	152590
UNKNOWN	126	A	0.994474620715	G	0.00449522382469	10619	9	48	2	10678	152590
UNKNOWN	127	A	0.990541299869	G	0.00664918524068	10577	2	71	28	10678	152590
UNKNOWN	128	G	0.996722232628	A	0.002153961416	23	5	10643	7	10678	152590
UNKNOWN	129	G	0.960198539052	A	0.0255665855029	273	128	10253	24	10678	152590
UNKNOWN	130	C	0.98539052257	G	0.0111444090654	1	10522	119	36	10678	152590
UNKNOWN	131	T	0.655553474433	G	0.328994193669	113	52	3513	7000	10678	152590
UNKNOWN	132	C	0.99203970781	T	0.00374601985391	22	10593	23	40	10678	152590
UNKNOWN	133	T	0.987357182993	C	0.00824124367859	2	88	45	10543	10678	152590
UNKNOWN	134	G	0.987076231504	A	0.00899044764937	96	9	10540	33	10678	152590
UNKNOWN	135	G	0.989604794905	A	0.00814759318224	87	22	10567	2	10678	152590
UNKNOWN	136	A	0.991103202847	G	0.00721108821877	10583	8	77	10	10678	152590
UNKNOWN	137	G	0.970031841169	A	0.0249110320285	266	24	10358	30	10678	152590
UNKNOWN	138	T	0.995692077168	G	0.00234126240869	0	21	25	10632	10678	152590
UNKNOWN	139	G	0.996253980146	A	0.00234126240869	25	6	10638	9	10678	152590
UNKNOWN	140	G	0.980895298745	T	0.0120809140288	15	60	10474	129	10678	152590
UNKNOWN	141	C	0.981176250234	G	0.0135793219704	25	10477	145	31	10678	152590
UNKNOWN	142	T	0.998876194044	C	0.000936504963476	0	10	2	10666	10678	152590
UNKNOWN	143	T	0.970874695636	C	0.0162015358681	22	173	116	10367	10678	152590
UNKNOWN	144	G	0.986888930511	T	0.00693013672972	62	4	10538	74	10678	152590
UNKNOWN	145	G	0.977992133358	C	0.0176999438097	24	189	10443	22	10678	152590
UNKNOWN	146	T	0.970312792658	G	0.0121745645252	109	78	130	10361	10678	152590
UNKNOWN	147	G	0.896516201536	T	0.0488855590935	443	140	9573	522	10678	152590
UNKNOWN	148	A	0.899044764937	G	0.0561902978086	9600	272	600	206	10678	152590
UNKNOWN	149	T	0.915808203783	G	0.0402697134295	320	149	430	9779	10678	152590
UNKNOWN	150	A	0.953736654804	G	0.0429855778236	10184	5	459	30	10678	152590
UNKNOWN	151	T	0.985671474059	C	0.00749203970781	36	80	37	10525	10678	152590
UNKNOWN	152	A	0.918430417681	G	0.0424236748455	9807	147	453	271	10678	152590
UNKNOWN	153	A	0.890803521259	G	0.0904663794718	9512	89	966	111	10678	152590
UNKNOWN	154	G	0.777580071174	A	0.145158269339	1550	614	8303	211	10678	152590
UNKNOWN	155	C	0.843229069114	T	0.0876568645814	336	9004	402	936	10678	152590
UNKNOWN	156	A	0.908690766061	G	0.0775426109758	9703	76	828	71	10678	152590
UNKNOWN	157	G	0.865517887245	A	0.0644315414872	688	508	9242	240	10678	152590
UNKNOWN	158	T	0.962633451957	G	0.0198539052257	77	110	212	10279	10678	152590
UNKNOWN	159	G	0.829087844166	A	0.130080539427	1389	296	8853	140	10678	152590
UNKNOWN	160	G	0.846319535494	A	0.0973028657052	1039	369	9037	233	10678	152590
UNKNOWN	161	T	0.93051133171	G	0.0338078291815	164	217	361	9936	10678	152590
UNKNOWN	162	G	0.986514328526	A	0.01076980708	115	16	10534	13	10678	152590
UNKNOWN	163	G	0.980895298745	A	0.0145158269339	155	28	10474	21	10678	152590
UNKNOWN	164	A	0.961977898483	G	0.0286570518824	10272	53	306	47	10678	152590
UNKNOWN	165	A	0.927233564338	G	0.0578760067428	9901	91	618	68	10678	152590
UNKNOWN	166	G	0.670912155834	A	0.176718486608	1887	1047	7164	580	10678	152590
UNKNOWN	167	C	0.865143285259	T	0.0609664731223	413	9238	376	651	10678	152590
UNKNOWN	168	A	0.968627083724	G	0.0191983517513	10343	69	205	61	10678	152590
UNKNOWN	169	C	0.951863644877	T	0.0289380033714	82	10164	123	309	10678	152590
UNKNOWN	170	A	0.95205094587	G	0.0386776549916	10166	55	413	44	10678	152590
UNKNOWN	171	G	0.898108259974	A	0.0495411125679	529	167	9590	392	10678	152590
UNKNOWN	172	G	0.716519947556	A	0.17999625398	1922	662	7651	443	10678	152590
UNKNOWN	173	C	0.957295373665	G	0.0240681775613	40	10222	257	159	10678	152590
UNKNOWN	174	T	0.988106386964	A	0.00636823375164	68	43	16	10551	10678	152590
UNKNOWN	175	A	0.98333021165	T	0.00870949616033	10500	61	24	93	10678	152590
UNKNOWN	176	T	0.972092152088	C	0.0248173815321	27	265	6	10380	10678	152590
UNKNOWN	177	A	0.973403259037	G	0.0147031279266	10394	120	157	7	10678	152590
UNKNOWN	178	A	0.985952425548	C	0.00758569020416	10528	81	51	18	10678	152590
UNKNOWN	179	C	0.911406630455	T	0.0733283386402	43	9732	120	783	10678	152590
UNKNOWN	180	C	0.950927139914	T	0.0258475369919	69	10154	179	276	10678	152590
UNKNOWN	181	C	0.98642067803	T	0.00618093275894	59	10533	20	66	10678	152590
UNKNOWN	182	A	0.974246113504	G	0.0158269338827	10403	80	169	26	10678	152590
UNKNOWN	183	G	0.971342948118	A	0.0158269338827	169	115	10372	22	10678	152590
UNKNOWN	184	C	0.976493725417	T	0.0123618655179	23	10427	96	132	10678	152590
UNKNOWN	185	C	0.99616032965	G	0.00140475744521	12	10637	15	14	10678	152590
UNKNOWN	186	C	0.993725416745	T	0.00346506836486	11	10611	19	37	10678	152590
UNKNOWN	187	T	0.992788911781	G	0.00327776737217	21	21	35	10601	10678	152590
UNKNOWN	188	G	0.978085783855	A	0.0158269338827	169	11	10444	54	10678	152590
UNKNOWN	189	A	0.98820003746	G	0.00758569020416	10552	29	81	16	10678	152590
UNKNOWN	190	A	0.985858775052	C	0.00618093275894	10527	66	65	20	10678	152590
UNKNOWN	191	A	0.980801648249	C	0.00730473871512	10473	78	76	51	10678	152590
UNKNOWN	192	T	0.991946057314	C	0.00674283573703	5	72	9	10592	10678	152590
UNKNOWN	193	C	0.99616032965	T	0.002153961416	7	10637	11	23	10678	152590
UNKNOWN	194	C	0.99203970781	T	0.00374601985391	7	10593	38	40	10678	152590
UNKNOWN	195	C	0.995317475183	G	0.00280951489043	11	10628	30	9	10678	152590
UNKNOWN	196	G	0.994568271212	T	0.002153961416	13	22	10620	23	10678	152590
UNKNOWN	197	G	0.91693200974	A	0.0594680651807	635	137	9791	115	10678	152590
UNKNOWN	198	C	0.991477804832	A	0.00430792283199	46	10587	12	33	10678	152590
UNKNOWN	199	T	0.994193669226	C	0.00365236935756	9	39	14	10616	10678	152590
UNKNOWN	200	C	0.994849222701	A	0.00280951489043	30	10623	9	16	10678	152590
UNKNOWN	201	A	0.98333021165	G	0.0130174189923	10500	34	139	5	10678	152590
UNKNOWN	202	G	0.965911219329	C	0.0184491477805	90	197	10314	77	10678	152590
UNKNOWN	203	C	0.951395392396	T	0.0351189361304	56	10159	88	375	10678	152590
UNKNOWN	204	A	0.981176250234	G	0.0117999625398	10477	37	126	38	10678	152590
UNKNOWN	205	T	0.993444465256	C	0.00552537928451	10	59	1	10608	10678	152590
UNKNOWN	206	C	0.985765124555	T	0.00861584566398	44	10526	16	92	10678	152590
UNKNOWN	207	A	0.984454017606	G	0.00730473871512	10512	40	78	48	10678	152590
UNKNOWN	208	C	0.983892114628	G	0.00758569020416	34	10506	81	57	10678	152590
UNKNOWN	209	C	0.949335081476	T	0.0245364300431	69	10137	210	262	10678	152590
UNKNOWN	210	A	0.992320659299	G	0.00486982581008	10596	25	52	5	10678	152590
UNKNOWN	211	A	0.970219142161	G	0.0278141974152	10360	14	297	7	10678	152590
UNKNOWN	212	G	0.983892114628	A	0.0122682150215	131	31	10506	10	10678	152590
UNKNOWN	213	G	0.989323843416	A	0.0078666416932	84	15	10564	15	10678	152590
UNKNOWN	214	A	0.992133358307	C	0.00440157332834	10594	47	31	6	10678	152590
UNKNOWN	215	C	0.978647686833	T	0.0124555160142	34	10450	61	133	10678	152590
UNKNOWN	216	A	0.987357182993	G	0.00515077729912	10543	29	55	51	10678	152590
UNKNOWN	217	A	0.968158831242	G	0.0139539239558	10338	89	149	102	10678	152590
UNKNOWN	218	C	0.969563588687	T	0.0207904101892	14	10353	89	222	10678	152590
UNKNOWN	219	T	0.987919085971	A	0.00552537928451	59	51	19	10549	10678	152590
UNKNOWN	220	C	0.992976212774	A	0.00337141786851	36	10603	3	36	10678	152590
UNKNOWN	221	C	0.985671474059	A	0.0058999812699	63	10525	42	48	10678	152590
UNKNOWN	222	A	0.980707997752	C	0.0098333021165	10472	105	93	8	10678	152590
UNKNOWN	223	A	0.98126990073	G	0.0131110694887	10478	12	140	48	10678	152590
UNKNOWN	224	G	0.984641318599	A	0.00927139913842	99	55	10514	10	10678	152590
UNKNOWN	225	A	0.99026034838	G	0.00618093275894	10574	24	66	14	10678	152590
UNKNOWN	226	G	0.950177935943	A	0.0410189174003	438	80	10146	14	10678	152590
UNKNOWN	227	C	0.971342948118	T	0.0210713616782	36	10372	45	225	10678	152590
UNKNOWN	228	C	0.991665105825	A	0.00458887432103	49	10589	35	5	10678	152590
UNKNOWN	229	A	0.989885746394	G	0.00543172878816	10570	8	58	42	10678	152590
UNKNOWN	230	A	0.97640007492	G	0.0188237497659	10426	40	201	11	10678	152590
UNKNOWN	231	G	0.964506461884	A	0.0200412062184	214	104	10299	61	10678	152590
UNKNOWN	232	T	0.992976212774	C	0.00664918524068	0	71	4	10603	10678	152590
UNKNOWN	233	C	0.946525566586	A	0.0203221577074	217	10107	158	196	10678	152590
UNKNOWN	234	T	0.979771492789	G	0.0121745645252	16	70	130	10462	10678	152590
UNKNOWN	235	C	0.987919085971	T	0.00936504963476	27	10549	2	100	10678	152590
UNKNOWN	236	T	0.979115939314	G	0.0109571080727	10	96	117	10455	10678	152590
UNKNOWN	237	C	0.988761940438	T	0.00777299119685	6	10558	31	83	10678	152590
UNKNOWN	238	T	0.992882562278	G	0.00346506836486	4	35	37	10602	10678	152590
UNKNOWN	239	G	0.944465255666	A	0.0447649372542	478	62	10085	53	10678	152590
UNKNOWN	240	T	0.983892114628	C	0.00561902978086	56	60	56	10506	10678	152590
UNKNOWN	241	C	0.984734969095	T	0.0098333021165	35	10515	23	105	10678	152590
UNKNOWN	242	A	0.968627083724	G	0.0204158082038	10343	100	218	17	10678	152590
UNKNOWN	243	G	0.851189361304	C	0.106574264844	366	1138	9089	85	10678	152590
UNKNOWN	244	T	0.991665105825	G	0.00402697134295	7	39	43	10589	10678	152590
UNKNOWN	245	G	0.969376287694	A	0.0201348567147	215	89	10351	23	10678	152590
UNKNOWN	246	A	0.976119123431	G	0.017512642817	10423	56	187	12	10678	152590
UNKNOWN	247	G	0.905506649185	A	0.0562839483049	601	304	9669	104	10678	152590
UNKNOWN	248	C	0.962258849972	T	0.0241618280577	70	10275	75	258	10678	152590
UNKNOWN	249	A	0.979771492789	G	0.0173253418243	10462	22	185	9	10678	152590
UNKNOWN	250	G	0.970031841169	A	0.0194793032403	208	90	10358	22	10678	152590
UNKNOWN	251	C	0.981644502716	T	0.013204719985	11	10482	44	141	10678	152590
UNKNOWN	252	G	0.98333021165	A	0.00870949616033	93	30	10500	55	10678	152590
UNKNOWN	253	T	0.990728600862	C	0.00561902978086	6	60	33	10579	10678	152590
UNKNOWN	254	G	0.968252481738	A	0.0192920022476	206	59	10339	74	10678	152590
UNKNOWN	255	A	0.984454017606	G	0.00842854467129	10512	40	90	36	10678	152590
UNKNOWN	256	C	0.988106386964	A	0.00430792283199	46	10551	36	45	10678	152590
UNKNOWN	257	A	0.968627083724	G	0.0208840606855	10343	87	223	25	10678	152590
UNKNOWN	258	C	0.860367109946	A	0.120153586814	1283	9187	135	73	10678	152590
UNKNOWN	259	C	0.975557220453	T	0.0112380595617	69	10417	72	120	10678	152590
UNKNOWN	260	T	0.971717550103	G	0.0135793219704	39	118	145	10376	10678	152590
UNKNOWN	261	G	0.988761940438	A	0.00702378722607	75	9	10558	36	10678	152590
UNKNOWN	262	A	0.985109571081	G	0.00824124367859	10519	49	88	22	10678	152590
UNKNOWN	263	G	0.956827121184	A	0.0254729350066	272	139	10217	50	10678	152590
UNKNOWN	264	G	0.986139726541	A	0.00861584566398	92	13	10530	43	10678	152590
UNKNOWN	265	A	0.982955609665	C	0.00880314665668	10496	94	52	36	10678	152590
UNKNOWN	266	C	0.976774676906	T	0.00889679715302	81	10430	72	95	10678	152590
UNKNOWN	267	A	0.977804832366	G	0.0106761565836	10441	31	114	92	10678	152590
UNKNOWN	268	C	0.988949241431	G	0.00421427233564	38	10560	45	35	10678	152590
UNKNOWN	269	G	0.985671474059	A	0.00505712680277	54	45	10525	54	10678	152590
UNKNOWN	270	G	0.985671474059	A	0.00580633077355	62	35	10525	56	10678	152590
UNKNOWN	271	C	0.989979396891	A	0.00524442779547	56	10571	41	10	10678	152590
UNKNOWN	272	C	0.986888930511	A	0.00711743772242	76	10538	25	39	10678	152590
UNKNOWN	273	A	0.985203221577	G	0.00749203970781	10520	32	80	46	10678	152590
UNKNOWN	274	C	0.985577823562	A	0.00796029218955	85	10524	25	44	10678	152590
UNKNOWN	275	A	0.967596928264	G	0.0205094587001	10332	63	219	64	10678	152590
UNKNOWN	276	T	0.990915901854	A	0.00365236935756	39	22	36	10581	10678	152590
UNKNOWN	277	A	0.988480988949	C	0.0060872822626	10555	65	33	25	10678	152590
UNKNOWN	278	C	0.954954111257	T	0.041487169882	29	10197	9	443	10678	152590
UNKNOWN	279	T	0.986795280015	A	0.00496347630642	53	46	42	10537	10678	152590
UNKNOWN	280	A	0.957295373665	T	0.0234126240869	10222	130	76	250	10678	152590
UNKNOWN	281	C	0.96872073422	T	0.0273459449335	17	10344	25	292	10678	152590
UNKNOWN	282	T	0.985484173066	G	0.00955235062746	37	16	102	10523	10678	152590
