Type	Position	Nucl1	Freq1	Nucl2	Freq2	NumAs	NumCs	NumGs	NumTs	NumAligned	NumNaive
UNKNOWN	0	C	1.0	A	0.0	0	815	0	0	815	152590
UNKNOWN	1	A	1.0	C	0.0	815	0	0	0	815	152590
UNKNOWN	2	G	1.0	A	0.0	0	0	815	0	815	152590
UNKNOWN	3	G	1.0	A	0.0	0	0	815	0	815	152590
UNKNOWN	4	T	1.0	A	0.0	0	0	0	815	815	152590
UNKNOWN	5	G	1.0	A	0.0	0	0	815	0	815	152590
UNKNOWN	6	C	1.0	A	0.0	0	815	0	0	815	152590
UNKNOWN	7	A	1.0	C	0.0	815	0	0	0	815	152590
UNKNOWN	8	G	0.998773006135	A	0.00122699386503	1	0	814	0	815	152590
UNKNOWN	9	C	0.981595092025	T	0.0184049079755	0	800	0	15	815	152590
UNKNOWN	10	T	1.0	A	0.0	0	0	0	815	815	152590
UNKNOWN	11	G	1.0	A	0.0	0	0	815	0	815	152590
UNKNOWN	12	C	1.0	A	0.0	0	815	0	0	815	152590
UNKNOWN	13	G	0.996319018405	A	0.00368098159509	3	0	812	0	815	152590
UNKNOWN	14	G	0.942331288344	C	0.0564417177914	0	46	768	1	815	152590
UNKNOWN	15	G	0.998773006135	A	0.00122699386503	1	0	814	0	815	152590
UNKNOWN	16	A	0.99754601227	T	0.00122699386503	813	0	1	1	815	152590
UNKNOWN	17	G	0.996319018405	A	0.00368098159509	3	0	812	0	815	152590
UNKNOWN	18	T	0.99754601227	A	0.00245398773006	2	0	0	813	815	152590
UNKNOWN	19	C	0.998773006135	T	0.00122699386503	0	814	0	1	815	152590
UNKNOWN	20	G	0.99754601227	A	0.00245398773006	2	0	813	0	815	152590
UNKNOWN	21	G	1.0	A	0.0	0	0	815	0	815	152590
UNKNOWN	22	G	0.998773006135	A	0.00122699386503	1	0	814	0	815	152590
UNKNOWN	23	C	1.0	A	0.0	0	815	0	0	815	152590
UNKNOWN	24	C	1.0	A	0.0	0	815	0	0	815	152590
UNKNOWN	25	C	0.99754601227	A	0.00245398773006	2	813	0	0	815	152590
UNKNOWN	26	C	0.998773006135	A	0.00122699386503	1	814	0	0	815	152590
UNKNOWN	27	A	0.998773006135	G	0.00122699386503	814	0	1	0	815	152590
UNKNOWN	28	G	0.991411042945	C	0.00736196319018	1	6	808	0	815	152590
UNKNOWN	29	C	0.998773006135	T	0.00122699386503	0	814	0	1	815	152590
UNKNOWN	30	C	0.99509202454	A	0.00245398773006	2	811	0	2	815	152590
UNKNOWN	31	T	0.996319018405	C	0.00245398773006	0	2	1	812	815	152590
UNKNOWN	32	G	0.986503067485	A	0.0122699386503	10	1	804	0	815	152590
UNKNOWN	33	G	0.996319018405	C	0.00245398773006	0	2	812	1	815	152590
UNKNOWN	34	T	0.996319018405	C	0.00245398773006	0	2	1	812	815	152590
UNKNOWN	35	G	0.998773006135	A	0.00122699386503	1	0	814	0	815	152590
UNKNOWN	36	A	0.99754601227	C	0.00245398773006	813	2	0	0	815	152590
UNKNOWN	37	A	0.996319018405	G	0.00368098159509	812	0	3	0	815	152590
UNKNOWN	38	G	0.99509202454	A	0.00245398773006	2	1	811	1	815	152590
UNKNOWN	39	C	0.998773006135	A	0.00122699386503	1	814	0	0	815	152590
UNKNOWN	40	C	1.0	A	0.0	0	815	0	0	815	152590
UNKNOWN	41	C	0.99263803681	G	0.00613496932515	0	809	5	1	815	152590
UNKNOWN	42	T	0.993865030675	C	0.00490797546012	0	4	1	810	815	152590
UNKNOWN	43	C	0.99754601227	A	0.00122699386503	1	813	0	1	815	152590
UNKNOWN	44	A	0.984049079755	G	0.0147239263804	802	1	12	0	815	152590
UNKNOWN	45	C	0.99754601227	A	0.00245398773006	2	813	0	0	815	152590
UNKNOWN	46	A	0.998773006135	G	0.00122699386503	814	0	1	0	815	152590
UNKNOWN	47	G	0.99509202454	A	0.00490797546012	4	0	811	0	815	152590
UNKNOWN	48	A	0.99509202454	T	0.00245398773006	811	1	1	2	815	152590
UNKNOWN	49	C	0.998773006135	T	0.00122699386503	0	814	0	1	815	152590
UNKNOWN	50	C	1.0	A	0.0	0	815	0	0	815	152590
UNKNOWN	51	C	0.99754601227	A	0.00122699386503	1	813	0	1	815	152590
UNKNOWN	52	T	0.996319018405	C	0.00368098159509	0	3	0	812	815	152590
UNKNOWN	53	C	0.996319018405	G	0.00245398773006	0	812	2	1	815	152590
UNKNOWN	54	T	0.99509202454	C	0.00490797546012	0	4	0	811	815	152590
UNKNOWN	55	C	0.99754601227	T	0.00245398773006	0	813	0	2	815	152590
UNKNOWN	56	C	1.0	A	0.0	0	815	0	0	815	152590
UNKNOWN	57	C	0.99754601227	T	0.00122699386503	0	813	1	1	815	152590
UNKNOWN	58	T	0.99509202454	C	0.00368098159509	0	3	1	811	815	152590
UNKNOWN	59	C	0.99754601227	A	0.00245398773006	2	813	0	0	815	152590
UNKNOWN	60	A	0.99509202454	C	0.00245398773006	811	2	1	1	815	152590
UNKNOWN	61	C	1.0	A	0.0	0	815	0	0	815	152590
UNKNOWN	62	C	0.996319018405	T	0.00368098159509	0	812	0	3	815	152590
UNKNOWN	63	T	0.998773006135	G	0.00122699386503	0	0	1	814	815	152590
UNKNOWN	64	G	0.998773006135	C	0.00122699386503	0	1	814	0	815	152590
UNKNOWN	65	C	0.99509202454	A	0.00368098159509	3	811	0	1	815	152590
UNKNOWN	66	A	0.99509202454	G	0.00245398773006	811	1	2	1	815	152590
UNKNOWN	67	C	0.998773006135	G	0.00122699386503	0	814	1	0	815	152590
UNKNOWN	68	G	0.99509202454	A	0.00490797546012	4	0	811	0	815	152590
UNKNOWN	69	G	0.966871165644	A	0.0306748466258	25	0	788	2	815	152590
UNKNOWN	70	T	0.98527607362	C	0.0147239263804	0	12	0	803	815	152590
UNKNOWN	71	C	0.99263803681	G	0.00613496932515	0	809	5	1	815	152590
UNKNOWN	72	T	0.99263803681	C	0.00613496932515	1	5	0	809	815	152590
UNKNOWN	73	C	0.993865030675	A	0.00490797546012	4	810	0	1	815	152590
UNKNOWN	74	T	0.991411042945	G	0.00736196319018	0	1	6	808	815	152590
UNKNOWN	75	G	0.991411042945	A	0.00858895705521	7	0	808	0	815	152590
UNKNOWN	76	G	0.98773006135	A	0.0122699386503	10	0	805	0	815	152590
UNKNOWN	77	A	0.996319018405	C	0.00245398773006	812	2	0	1	815	152590
UNKNOWN	78	T	0.839263803681	C	0.148466257669	1	121	9	684	815	152590
UNKNOWN	79	T	0.919018404908	G	0.0539877300613	9	13	44	749	815	152590
UNKNOWN	80	C	0.99263803681	T	0.00490797546012	2	809	0	4	815	152590
UNKNOWN	81	T	0.99754601227	C	0.00245398773006	0	2	0	813	815	152590
UNKNOWN	82	C	0.99754601227	A	0.00122699386503	1	813	0	1	815	152590
UNKNOWN	83	A	0.966871165644	G	0.0184049079755	788	0	15	12	815	152590
UNKNOWN	84	T	0.927607361963	C	0.0711656441718	1	58	0	756	815	152590
UNKNOWN	85	T	0.99509202454	C	0.00245398773006	1	2	1	811	815	152590
UNKNOWN	86	G	0.979141104294	A	0.0196319018405	16	0	798	1	815	152590
UNKNOWN	87	A	0.98527607362	G	0.0110429447853	803	2	9	1	815	152590
UNKNOWN	88	G	0.942331288344	A	0.0319018404908	26	21	768	0	815	152590
UNKNOWN	89	C	0.963190184049	T	0.0196319018405	6	785	8	16	815	152590
UNKNOWN	90	A	0.971779141104	G	0.0147239263804	792	11	12	0	815	152590
UNKNOWN	91	G	0.922699386503	A	0.0441717791411	36	17	752	10	815	152590
UNKNOWN	92	C	0.966871165644	T	0.0220858895706	1	788	8	18	815	152590
UNKNOWN	93	A	0.766871165644	T	0.196319018405	625	1	29	160	815	152590
UNKNOWN	94	A	0.910429447853	T	0.0368098159509	742	14	29	30	815	152590
UNKNOWN	95	T	0.968098159509	G	0.0184049079755	7	4	15	789	815	152590
UNKNOWN	96	G	0.898159509202	A	0.0490797546012	40	31	732	12	815	152590
UNKNOWN	97	G	0.677300613497	C	0.18282208589	109	149	552	5	815	152590
UNKNOWN	98	T	0.98036809816	G	0.00981595092025	5	3	8	799	815	152590
UNKNOWN	99	G	0.961963190184	A	0.0368098159509	30	0	784	1	815	152590
UNKNOWN	100	T	0.99754601227	A	0.00122699386503	1	1	0	813	815	152590
UNKNOWN	101	A	0.954601226994	G	0.0233128834356	778	11	19	7	815	152590
UNKNOWN	102	G	0.964417177914	A	0.0220858895706	18	9	786	2	815	152590
UNKNOWN	103	G	0.900613496933	A	0.0478527607362	39	29	734	13	815	152590
UNKNOWN	104	C	0.996319018405	A	0.00122699386503	1	812	1	1	815	152590
UNKNOWN	105	T	0.99509202454	C	0.00245398773006	0	2	2	811	815	152590
UNKNOWN	106	G	0.998773006135	T	0.00122699386503	0	0	814	1	815	152590
UNKNOWN	107	G	1.0	A	0.0	0	0	815	0	815	152590
UNKNOWN	108	G	0.957055214724	C	0.040490797546	0	33	780	2	815	152590
UNKNOWN	109	T	0.99263803681	C	0.00613496932515	0	5	1	809	815	152590
UNKNOWN	110	C	0.99754601227	T	0.00122699386503	0	813	1	1	815	152590
UNKNOWN	111	C	0.998773006135	G	0.00122699386503	0	814	1	0	815	152590
UNKNOWN	112	G	0.998773006135	C	0.00122699386503	0	1	814	0	815	152590
UNKNOWN	113	C	0.981595092025	T	0.0147239263804	3	800	0	12	815	152590
UNKNOWN	114	C	0.99754601227	A	0.00245398773006	2	813	0	0	815	152590
UNKNOWN	115	A	0.988957055215	G	0.00981595092025	806	0	8	1	815	152590
UNKNOWN	116	G	1.0	A	0.0	0	0	815	0	815	152590
UNKNOWN	117	G	0.996319018405	A	0.00245398773006	2	1	812	0	815	152590
UNKNOWN	118	C	0.998773006135	T	0.00122699386503	0	814	0	1	815	152590
UNKNOWN	119	T	0.99754601227	C	0.00245398773006	0	2	0	813	815	152590
UNKNOWN	120	C	0.998773006135	A	0.00122699386503	1	814	0	0	815	152590
UNKNOWN	121	C	0.99754601227	A	0.00122699386503	1	813	0	1	815	152590
UNKNOWN	122	A	0.968098159509	G	0.0319018404908	789	0	26	0	815	152590
UNKNOWN	123	G	0.991411042945	A	0.00858895705521	7	0	808	0	815	152590
UNKNOWN	124	G	0.984049079755	A	0.0147239263804	12	1	802	0	815	152590
UNKNOWN	125	G	0.996319018405	A	0.00368098159509	3	0	812	0	815	152590
UNKNOWN	126	A	0.99509202454	C	0.00245398773006	811	2	2	0	815	152590
UNKNOWN	127	A	0.993865030675	G	0.00368098159509	810	1	3	1	815	152590
UNKNOWN	128	G	0.993865030675	A	0.00613496932515	5	0	810	0	815	152590
UNKNOWN	129	G	0.988957055215	C	0.00981595092025	1	8	806	0	815	152590
UNKNOWN	130	C	0.996319018405	G	0.00245398773006	0	812	2	1	815	152590
UNKNOWN	131	G	0.931288343558	A	0.0588957055215	48	2	759	6	815	152590
UNKNOWN	132	C	0.996319018405	T	0.00245398773006	0	812	1	2	815	152590
UNKNOWN	133	T	0.99263803681	C	0.00490797546012	0	4	2	809	815	152590
UNKNOWN	134	G	0.996319018405	A	0.00368098159509	3	0	812	0	815	152590
UNKNOWN	135	G	0.996319018405	A	0.00368098159509	3	0	812	0	815	152590
UNKNOWN	136	A	0.99018404908	G	0.00736196319018	807	1	6	1	815	152590
UNKNOWN	137	G	0.973006134969	A	0.0220858895706	18	2	793	2	815	152590
UNKNOWN	138	T	0.99509202454	C	0.00245398773006	0	2	2	811	815	152590
UNKNOWN	139	G	1.0	A	0.0	0	0	815	0	815	152590
UNKNOWN	140	G	0.971779141104	T	0.0233128834356	0	4	792	19	815	152590
UNKNOWN	141	G	0.909202453988	A	0.0527607361963	43	28	741	3	815	152590
UNKNOWN	142	T	0.99509202454	C	0.00368098159509	1	3	0	811	815	152590
UNKNOWN	143	T	0.976687116564	C	0.0110429447853	2	9	8	796	815	152590
UNKNOWN	144	G	0.98282208589	A	0.0147239263804	12	0	801	2	815	152590
UNKNOWN	145	G	0.996319018405	T	0.00245398773006	0	1	812	2	815	152590
UNKNOWN	146	T	0.955828220859	C	0.0184049079755	7	15	14	779	815	152590
UNKNOWN	147	G	0.727607361963	A	0.247852760736	202	16	593	4	815	152590
UNKNOWN	148	G	0.80245398773	A	0.131288343558	107	44	654	10	815	152590
UNKNOWN	149	T	0.952147239264	A	0.0257668711656	21	5	13	776	815	152590
UNKNOWN	150	A	0.953374233129	G	0.041717791411	777	0	34	4	815	152590
UNKNOWN	151	T	0.991411042945	C	0.00490797546012	1	4	2	808	815	152590
UNKNOWN	152	A	0.944785276074	G	0.0331288343558	770	10	27	8	815	152590
UNKNOWN	153	G	0.934969325153	A	0.0368098159509	30	22	762	1	815	152590
UNKNOWN	154	A	0.963190184049	G	0.0282208588957	785	5	23	2	815	152590
UNKNOWN	155	T	0.766871165644	G	0.115337423313	57	39	94	625	815	152590
UNKNOWN	156	A	0.564417177914	G	0.285889570552	460	44	233	78	815	152590
UNKNOWN	157	A	0.81963190184	G	0.0871165644172	668	40	71	36	815	152590
UNKNOWN	158	T	0.842944785276	A	0.080981595092	66	24	38	687	815	152590
UNKNOWN	159	G	0.907975460123	A	0.0613496932515	50	5	740	20	815	152590
UNKNOWN	160	A	0.944785276074	C	0.0269938650307	770	22	21	2	815	152590
UNKNOWN	161	T	0.977914110429	G	0.0134969325153	1	6	11	797	815	152590
UNKNOWN	162	G	0.99509202454	A	0.00368098159509	3	0	811	1	815	152590
UNKNOWN	163	G	0.964417177914	A	0.0331288343558	27	2	786	0	815	152590
UNKNOWN	164	A	0.979141104294	G	0.0159509202454	798	3	13	1	815	152590
UNKNOWN	165	G	0.788957055215	A	0.153374233129	125	27	643	20	815	152590
UNKNOWN	166	A	0.906748466258	G	0.0503067484663	739	21	41	14	815	152590
UNKNOWN	167	C	0.900613496933	G	0.0429447852761	20	734	35	26	815	152590
UNKNOWN	168	A	0.981595092025	C	0.00858895705521	800	7	7	1	815	152590
UNKNOWN	169	C	0.901840490798	G	0.038036809816	23	735	31	26	815	152590
UNKNOWN	170	A	0.969325153374	T	0.0159509202454	790	4	8	13	815	152590
UNKNOWN	171	T	0.865030674847	C	0.0539877300613	28	44	38	705	815	152590
UNKNOWN	172	A	0.915337423313	G	0.0478527607362	746	15	39	15	815	152590
UNKNOWN	173	C	0.971779141104	T	0.0159509202454	1	792	9	13	815	152590
UNKNOWN	174	T	0.965644171779	C	0.0269938650307	3	22	3	787	815	152590
UNKNOWN	175	A	0.98036809816	T	0.0147239263804	799	2	2	12	815	152590
UNKNOWN	176	T	0.960736196319	C	0.0368098159509	2	30	0	783	815	152590
UNKNOWN	177	A	0.988957055215	C	0.00981595092025	806	8	1	0	815	152590
UNKNOWN	178	A	0.941104294479	G	0.0515337423313	767	5	42	1	815	152590
UNKNOWN	179	C	0.892024539877	T	0.0920245398773	1	727	12	75	815	152590
UNKNOWN	180	C	0.976687116564	G	0.0147239263804	1	796	12	6	815	152590
UNKNOWN	181	C	0.98773006135	A	0.00490797546012	4	805	3	3	815	152590
UNKNOWN	182	A	0.966871165644	C	0.0184049079755	788	15	10	2	815	152590
UNKNOWN	183	G	0.986503067485	A	0.00613496932515	5	5	804	1	815	152590
UNKNOWN	184	C	0.98527607362	G	0.00858895705521	1	803	7	4	815	152590
UNKNOWN	185	C	0.99509202454	T	0.00245398773006	0	811	2	2	815	152590
UNKNOWN	186	C	0.99509202454	T	0.00368098159509	1	811	0	3	815	152590
UNKNOWN	187	T	0.99509202454	C	0.00245398773006	0	2	2	811	815	152590
UNKNOWN	188	G	0.98773006135	T	0.00613496932515	4	1	805	5	815	152590
UNKNOWN	189	A	0.974233128834	T	0.0134969325153	794	7	3	11	815	152590
UNKNOWN	190	A	0.960736196319	G	0.0233128834356	783	12	19	1	815	152590
UNKNOWN	191	A	0.98773006135	T	0.00613496932515	805	4	1	5	815	152590
UNKNOWN	192	T	0.976687116564	C	0.0122699386503	1	10	8	796	815	152590
UNKNOWN	193	C	0.998773006135	T	0.00122699386503	0	814	0	1	815	152590
UNKNOWN	194	C	0.99754601227	T	0.00245398773006	0	813	0	2	815	152590
UNKNOWN	195	C	0.996319018405	G	0.00368098159509	0	812	3	0	815	152590
UNKNOWN	196	G	0.998773006135	T	0.00122699386503	0	0	814	1	815	152590
UNKNOWN	197	G	0.942331288344	A	0.039263803681	32	6	768	9	815	152590
UNKNOWN	198	C	0.988957055215	T	0.00613496932515	2	806	2	5	815	152590
UNKNOWN	199	T	0.993865030675	C	0.00613496932515	0	5	0	810	815	152590
UNKNOWN	200	C	0.993865030675	A	0.00368098159509	3	810	2	0	815	152590
UNKNOWN	201	A	0.988957055215	G	0.00736196319018	806	3	6	0	815	152590
UNKNOWN	202	G	0.984049079755	C	0.0122699386503	2	10	802	1	815	152590
UNKNOWN	203	C	0.959509202454	T	0.0282208588957	9	782	1	23	815	152590
UNKNOWN	204	A	0.968098159509	G	0.0245398773006	789	3	20	3	815	152590
UNKNOWN	205	T	0.993865030675	C	0.00613496932515	0	5	0	810	815	152590
UNKNOWN	206	C	0.993865030675	T	0.00368098159509	2	810	0	3	815	152590
UNKNOWN	207	A	0.993865030675	G	0.00368098159509	810	2	3	0	815	152590
UNKNOWN	208	C	0.98773006135	G	0.00736196319018	0	805	6	4	815	152590
UNKNOWN	209	C	0.975460122699	G	0.00981595092025	7	795	8	5	815	152590
UNKNOWN	210	A	0.993865030675	C	0.00368098159509	810	3	1	1	815	152590
UNKNOWN	211	A	0.965644171779	G	0.0319018404908	787	1	26	1	815	152590
UNKNOWN	212	G	0.968098159509	A	0.0159509202454	13	10	789	3	815	152590
UNKNOWN	213	G	0.988957055215	A	0.00613496932515	5	2	806	2	815	152590
UNKNOWN	214	A	0.991411042945	G	0.00490797546012	808	3	4	0	815	152590
UNKNOWN	215	C	0.993865030675	A	0.00490797546012	4	810	1	0	815	152590
UNKNOWN	216	A	0.993865030675	C	0.00368098159509	810	3	2	0	815	152590
UNKNOWN	217	A	0.961963190184	C	0.0196319018405	784	16	15	0	815	152590
UNKNOWN	218	C	0.976687116564	T	0.0110429447853	1	796	9	9	815	152590
UNKNOWN	219	T	0.988957055215	C	0.00858895705521	1	7	1	806	815	152590
UNKNOWN	220	C	1.0	A	0.0	0	815	0	0	815	152590
UNKNOWN	221	C	0.986503067485	A	0.0122699386503	10	804	1	0	815	152590
UNKNOWN	222	A	0.981595092025	C	0.0122699386503	800	10	5	0	815	152590
UNKNOWN	223	A	0.986503067485	G	0.00858895705521	804	2	7	2	815	152590
UNKNOWN	224	G	0.98773006135	A	0.00981595092025	8	2	805	0	815	152590
UNKNOWN	225	A	0.98527607362	G	0.0122699386503	803	1	10	1	815	152590
UNKNOWN	226	G	0.960736196319	A	0.0343558282209	28	3	783	1	815	152590
UNKNOWN	227	C	0.975460122699	T	0.0233128834356	1	795	0	19	815	152590
UNKNOWN	228	C	0.981595092025	G	0.0122699386503	5	800	10	0	815	152590
UNKNOWN	229	A	0.993865030675	G	0.00490797546012	810	0	4	1	815	152590
UNKNOWN	230	A	0.975460122699	G	0.0147239263804	795	4	12	4	815	152590
UNKNOWN	231	G	0.958282208589	A	0.0245398773006	20	6	781	8	815	152590
UNKNOWN	232	T	0.99018404908	C	0.00858895705521	0	7	1	807	815	152590
UNKNOWN	233	C	0.99263803681	T	0.00368098159509	0	809	3	3	815	152590
UNKNOWN	234	T	0.988957055215	C	0.00858895705521	0	7	2	806	815	152590
UNKNOWN	235	C	0.986503067485	T	0.00736196319018	5	804	0	6	815	152590
UNKNOWN	236	T	0.98527607362	C	0.00858895705521	0	7	5	803	815	152590
UNKNOWN	237	C	0.993865030675	T	0.00368098159509	2	810	0	3	815	152590
UNKNOWN	238	T	0.991411042945	C	0.00368098159509	1	3	3	808	815	152590
UNKNOWN	239	G	0.938650306748	A	0.038036809816	31	12	765	7	815	152590
UNKNOWN	240	T	0.974233128834	G	0.0196319018405	1	4	16	794	815	152590
UNKNOWN	241	C	0.981595092025	T	0.0122699386503	4	800	1	10	815	152590
UNKNOWN	242	A	0.981595092025	G	0.0171779141104	800	0	14	1	815	152590
UNKNOWN	243	G	0.796319018405	C	0.186503067485	8	152	649	6	815	152590
UNKNOWN	244	T	0.99509202454	G	0.00368098159509	0	1	3	811	815	152590
UNKNOWN	245	G	0.966871165644	T	0.0159509202454	10	4	788	13	815	152590
UNKNOWN	246	A	0.974233128834	C	0.0159509202454	794	13	7	1	815	152590
UNKNOWN	247	G	0.959509202454	A	0.0233128834356	19	10	782	4	815	152590
UNKNOWN	248	C	0.970552147239	T	0.0171779141104	6	791	4	14	815	152590
UNKNOWN	249	A	0.98527607362	G	0.0134969325153	803	1	11	0	815	152590
UNKNOWN	250	G	0.988957055215	A	0.00613496932515	5	4	806	0	815	152590
UNKNOWN	251	C	0.993865030675	G	0.00368098159509	1	810	3	1	815	152590
UNKNOWN	252	G	0.98773006135	A	0.00613496932515	5	0	805	5	815	152590
UNKNOWN	253	T	0.996319018405	G	0.00368098159509	0	0	3	812	815	152590
UNKNOWN	254	G	0.969325153374	A	0.0196319018405	16	8	790	1	815	152590
UNKNOWN	255	A	0.988957055215	G	0.00613496932515	806	3	5	1	815	152590
UNKNOWN	256	C	0.993865030675	A	0.00613496932515	5	810	0	0	815	152590
UNKNOWN	257	A	0.976687116564	G	0.0110429447853	796	5	9	5	815	152590
UNKNOWN	258	C	0.781595092025	A	0.20981595092	171	637	5	2	815	152590
UNKNOWN	259	C	0.976687116564	T	0.0196319018405	0	796	3	16	815	152590
UNKNOWN	260	T	0.968098159509	G	0.0184049079755	6	5	15	789	815	152590
UNKNOWN	261	G	0.988957055215	A	0.00981595092025	8	0	806	1	815	152590
UNKNOWN	262	A	0.99018404908	G	0.00981595092025	807	0	8	0	815	152590
UNKNOWN	263	G	0.944785276074	A	0.0294478527607	24	20	770	1	815	152590
UNKNOWN	264	G	0.981595092025	A	0.0110429447853	9	0	800	6	815	152590
UNKNOWN	265	A	0.984049079755	C	0.0110429447853	802	9	3	1	815	152590
UNKNOWN	266	C	0.971779141104	T	0.0159509202454	9	792	1	13	815	152590
UNKNOWN	267	A	0.976687116564	T	0.00981595092025	796	5	6	8	815	152590
UNKNOWN	268	C	0.988957055215	G	0.00736196319018	1	806	6	2	815	152590
UNKNOWN	269	G	0.981595092025	T	0.0110429447853	4	2	800	9	815	152590
UNKNOWN	270	G	0.986503067485	C	0.00613496932515	3	5	804	3	815	152590
UNKNOWN	271	C	0.981595092025	A	0.00981595092025	8	800	4	3	815	152590
UNKNOWN	272	C	0.986503067485	A	0.00736196319018	6	804	1	4	815	152590
UNKNOWN	273	A	0.991411042945	C	0.00490797546012	808	4	2	1	815	152590
UNKNOWN	274	C	0.986503067485	A	0.00858895705521	7	804	3	1	815	152590
UNKNOWN	275	A	0.975460122699	G	0.0159509202454	795	2	13	5	815	152590
UNKNOWN	276	T	0.988957055215	A	0.00490797546012	4	1	4	806	815	152590
UNKNOWN	277	A	0.984049079755	C	0.00981595092025	802	8	2	3	815	152590
UNKNOWN	278	C	0.969325153374	T	0.0282208588957	2	790	0	23	815	152590
UNKNOWN	279	T	0.98773006135	C	0.00613496932515	3	5	2	805	815	152590
UNKNOWN	280	A	0.926380368098	C	0.0490797546012	755	40	6	14	815	152590
UNKNOWN	281	C	0.961963190184	T	0.0319018404908	3	784	2	26	815	152590
UNKNOWN	282	T	0.98282208589	G	0.0122699386503	3	1	10	801	815	152590
