Type	Position	Nucl1	Freq1	Nucl2	Freq2	NumAs	NumCs	NumGs	NumTs	NumAligned	NumNaive
UNKNOWN	0	C	1.0	A	0.0	0	12445	0	0	12445	200968
UNKNOWN	1	A	1.0	C	0.0	12445	0	0	0	12445	200968
UNKNOWN	2	G	1.0	A	0.0	0	0	12445	0	12445	200968
UNKNOWN	3	G	1.0	A	0.0	0	0	12445	0	12445	200968
UNKNOWN	4	T	1.0	A	0.0	0	0	0	12445	12445	200968
UNKNOWN	5	G	1.0	A	0.0	0	0	12445	0	12445	200968
UNKNOWN	6	C	1.0	A	0.0	0	12445	0	0	12445	200968
UNKNOWN	7	A	0.996544797107	G	0.0023302531137	12402	10	29	4	12445	200968
UNKNOWN	8	G	0.983688228204	A	0.0130172760145	162	38	12242	3	12445	200968
UNKNOWN	9	C	0.992205705102	T	0.00594616311772	1	12348	22	74	12445	200968
UNKNOWN	10	T	0.997991161109	C	0.00152671755725	4	19	2	12420	12445	200968
UNKNOWN	11	G	0.997428686219	A	0.00208919244677	26	3	12413	3	12445	200968
UNKNOWN	12	C	0.99943752511	T	0.000482121333869	1	12438	0	6	12445	200968
UNKNOWN	13	G	0.998955403777	A	0.000883889112093	11	0	12432	2	12445	200968
UNKNOWN	14	G	0.982081157091	C	0.0165528324628	16	206	12222	1	12445	200968
UNKNOWN	15	G	0.998955403777	C	0.000723182000804	3	9	12432	1	12445	200968
UNKNOWN	16	A	0.997348332664	G	0.00176777822419	12412	8	22	3	12445	200968
UNKNOWN	17	G	0.99059863399	A	0.008597830454	107	8	12328	2	12445	200968
UNKNOWN	18	T	0.997910807553	C	0.00144636400161	1	18	7	12419	12445	200968
UNKNOWN	19	C	0.999116110888	T	0.000803535556448	0	12434	1	10	12445	200968
UNKNOWN	20	G	0.996625150663	A	0.00313378867015	39	1	12403	2	12445	200968
UNKNOWN	21	G	0.998553635998	C	0.00104459622338	4	13	12427	1	12445	200968
UNKNOWN	22	G	0.999035757332	C	0.000642828445159	4	8	12433	0	12445	200968
UNKNOWN	23	C	0.998553635998	T	0.00136601044596	1	12427	0	17	12445	200968
UNKNOWN	24	C	0.999678585777	T	0.000321414222579	0	12441	0	4	12445	200968
UNKNOWN	25	C	0.999035757332	T	0.000964242667738	0	12433	0	12	12445	200968
UNKNOWN	26	C	0.998553635998	A	0.000803535556448	10	12427	1	7	12445	200968
UNKNOWN	27	A	0.992928887103	G	0.0062675773403	12357	10	78	0	12445	200968
UNKNOWN	28	G	0.99373242266	A	0.00498192044998	62	15	12367	1	12445	200968
UNKNOWN	29	C	0.99501807955	T	0.00482121333869	0	12383	2	60	12445	200968
UNKNOWN	30	C	0.998553635998	T	0.00136601044596	1	12427	0	17	12445	200968
UNKNOWN	31	T	0.995741261551	C	0.00249096022499	8	31	14	12392	12445	200968
UNKNOWN	32	G	0.993491361993	A	0.00441944556047	55	6	12364	20	12445	200968
UNKNOWN	33	G	0.996946564885	A	0.00152671755725	19	9	12407	10	12445	200968
UNKNOWN	34	T	0.995982322218	C	0.00289272800321	2	36	12	12395	12445	200968
UNKNOWN	35	G	0.994455604661	A	0.0046605062274	58	3	12376	8	12445	200968
UNKNOWN	36	A	0.997509039775	G	0.00144636400161	12414	11	18	2	12445	200968
UNKNOWN	37	A	0.993652069104	G	0.00449979911611	12366	20	56	3	12445	200968
UNKNOWN	38	G	0.997107271997	A	0.00152671755725	19	16	12409	1	12445	200968
UNKNOWN	39	C	0.993009240659	T	0.00562474889514	2	12358	15	70	12445	200968
UNKNOWN	40	C	0.999517878666	T	0.000482121333869	0	12439	0	6	12445	200968
UNKNOWN	41	C	0.993893129771	G	0.00458015267176	0	12369	57	19	12445	200968
UNKNOWN	42	T	0.995259140217	C	0.00385697067095	7	48	4	12386	12445	200968
UNKNOWN	43	C	0.99815186822	A	0.00112494977903	14	12422	0	9	12445	200968
UNKNOWN	44	A	0.994294897549	G	0.00337484933708	12374	26	42	3	12445	200968
UNKNOWN	45	C	0.995660907995	G	0.00289272800321	13	12391	36	5	12445	200968
UNKNOWN	46	A	0.996384089996	G	0.00224989955806	12400	14	28	3	12445	200968
UNKNOWN	47	G	0.990437926878	A	0.00739252711933	92	9	12326	18	12445	200968
UNKNOWN	48	A	0.995339493773	G	0.00216954600241	12387	26	27	5	12445	200968
UNKNOWN	49	C	0.997187625552	T	0.00184813177983	2	12410	10	23	12445	200968
UNKNOWN	50	C	0.997830453998	T	0.00128565689032	7	12418	4	16	12445	200968
UNKNOWN	51	C	0.99815186822	T	0.00144636400161	0	12422	5	18	12445	200968
UNKNOWN	52	T	0.995500200884	C	0.0039373242266	3	49	4	12389	12445	200968
UNKNOWN	53	C	0.995500200884	G	0.00257131378063	5	12389	32	19	12445	200968
UNKNOWN	54	T	0.995901968662	C	0.0030534351145	5	38	8	12394	12445	200968
UNKNOWN	55	C	0.999276817999	T	0.000562474889514	1	12436	1	7	12445	200968
UNKNOWN	56	C	0.99630373644	T	0.00265166733628	7	12399	6	33	12445	200968
UNKNOWN	57	C	0.994134190438	G	0.00409803133789	4	12372	51	18	12445	200968
UNKNOWN	58	T	0.996143029329	C	0.00345520289273	4	43	1	12397	12445	200968
UNKNOWN	59	C	0.996625150663	T	0.0016070711129	18	12403	4	20	12445	200968
UNKNOWN	60	A	0.993973483327	G	0.00329449578144	12370	25	41	9	12445	200968
UNKNOWN	61	C	0.99686621133	T	0.00152671755725	4	12406	16	19	12445	200968
UNKNOWN	62	C	0.992928887103	T	0.00490156689434	5	12357	22	61	12445	200968
UNKNOWN	63	T	0.995660907995	C	0.0023302531137	5	29	20	12391	12445	200968
UNKNOWN	64	G	0.997669746886	C	0.00152671755725	9	19	12416	1	12445	200968
UNKNOWN	65	C	0.996143029329	T	0.00273202089192	14	12397	0	34	12445	200968
UNKNOWN	66	A	0.995660907995	G	0.00249096022499	12391	19	31	4	12445	200968
UNKNOWN	67	C	0.99373242266	T	0.00353555644837	7	12367	27	44	12445	200968
UNKNOWN	68	G	0.990277219767	A	0.00803535556448	100	12	12324	9	12445	200968
UNKNOWN	69	A	0.901888308558	G	0.0944154278827	11224	22	1175	24	12445	200968
UNKNOWN	70	T	0.991803937324	C	0.00683005222981	1	85	16	12343	12445	200968
UNKNOWN	71	C	0.985214945761	T	0.0102852551225	11	12261	45	128	12445	200968
UNKNOWN	72	T	0.995982322218	C	0.00289272800321	2	36	12	12395	12445	200968
UNKNOWN	73	C	0.998392928887	T	0.00128565689032	3	12425	1	16	12445	200968
UNKNOWN	74	T	0.987946966653	G	0.00819606267577	7	41	102	12295	12445	200968
UNKNOWN	75	G	0.995259140217	A	0.00409803133789	51	5	12386	3	12445	200968
UNKNOWN	76	G	0.991964644436	A	0.00715146645239	89	8	12345	3	12445	200968
UNKNOWN	77	A	0.990678987545	G	0.00345520289273	12329	39	43	34	12445	200968
UNKNOWN	78	T	0.994857372439	C	0.0030534351145	7	38	19	12381	12445	200968
UNKNOWN	79	T	0.995500200884	C	0.00369626355966	5	46	5	12389	12445	200968
UNKNOWN	80	C	0.984732824427	T	0.0113298513459	1	12255	48	141	12445	200968
UNKNOWN	81	T	0.993571715548	C	0.00417838489353	12	52	16	12365	12445	200968
UNKNOWN	82	C	0.99558055444	T	0.00281237444757	19	12390	1	35	12445	200968
UNKNOWN	83	A	0.989955805544	G	0.00433909200482	12320	23	54	48	12445	200968
UNKNOWN	84	T	0.990277219767	C	0.00715146645239	22	89	10	12324	12445	200968
UNKNOWN	85	T	0.995419847328	G	0.00265166733628	1	23	33	12388	12445	200968
UNKNOWN	86	G	0.977983125753	A	0.0204098031338	254	10	12171	10	12445	200968
UNKNOWN	87	A	0.963921253515	G	0.0327842507031	11996	35	408	6	12445	200968
UNKNOWN	88	G	0.942788268381	A	0.0402571313781	501	192	11733	19	12445	200968
UNKNOWN	89	C	0.964724789072	T	0.0184009642427	117	12006	93	229	12445	200968
UNKNOWN	90	A	0.970188830856	G	0.021936520691	12074	92	273	6	12445	200968
UNKNOWN	91	G	0.835194857372	A	0.114102049016	1420	480	10394	151	12445	200968
UNKNOWN	92	C	0.958376858176	T	0.0292486942547	97	11927	57	364	12445	200968
UNKNOWN	93	T	0.936199276818	G	0.035516271595	203	149	442	11651	12445	200968
UNKNOWN	94	A	0.967135395741	T	0.0124548011249	12036	124	130	155	12445	200968
UNKNOWN	95	T	0.985777420651	C	0.00827641623142	15	103	59	12268	12445	200968
UNKNOWN	96	G	0.89280835677	A	0.0707111289675	880	251	11111	203	12445	200968
UNKNOWN	97	C	0.884451586983	G	0.0763358778626	186	11007	950	302	12445	200968
UNKNOWN	98	T	0.990357573323	G	0.00433909200482	20	46	54	12325	12445	200968
UNKNOWN	99	G	0.971715548413	A	0.0250703093612	312	8	12093	32	12445	200968
UNKNOWN	100	T	0.992928887103	C	0.00514262756127	18	64	6	12357	12445	200968
UNKNOWN	101	A	0.968019284853	G	0.0181599035757	12047	85	226	87	12445	200968
UNKNOWN	102	G	0.96384089996	A	0.0283648051426	353	74	11995	23	12445	200968
UNKNOWN	103	G	0.846444355163	A	0.102531137003	1276	298	10534	337	12445	200968
UNKNOWN	104	C	0.985375652873	T	0.00907995178787	32	12263	37	113	12445	200968
UNKNOWN	105	T	0.996625150663	G	0.00168742466854	4	17	21	12403	12445	200968
UNKNOWN	106	G	0.99943752511	A	0.000482121333869	6	1	12438	0	12445	200968
UNKNOWN	107	G	0.999276817999	A	0.000321414222579	4	4	12436	1	12445	200968
UNKNOWN	108	G	0.982000803536	A	0.00988348734431	123	53	12221	48	12445	200968
UNKNOWN	109	T	0.992687826436	C	0.00458015267176	0	57	34	12354	12445	200968
UNKNOWN	110	C	0.996223382885	T	0.00273202089192	4	12398	9	34	12445	200968
UNKNOWN	111	C	0.997428686219	G	0.00176777822419	4	12413	22	6	12445	200968
UNKNOWN	112	G	0.997509039775	C	0.00200883889112	6	25	12414	0	12445	200968
UNKNOWN	113	C	0.996223382885	T	0.00192848533548	9	12398	14	24	12445	200968
UNKNOWN	114	C	0.997187625552	A	0.00224989955806	28	12410	2	5	12445	200968
UNKNOWN	115	A	0.993973483327	G	0.0053836882282	12370	4	67	4	12445	200968
UNKNOWN	116	G	0.995259140217	A	0.00425873844918	53	6	12386	0	12445	200968
UNKNOWN	117	G	0.958135797509	A	0.0371233427079	462	50	11924	9	12445	200968
UNKNOWN	118	C	0.988830855765	T	0.00972278023303	3	12306	15	121	12445	200968
UNKNOWN	119	T	0.994294897549	C	0.00506227400562	0	63	8	12374	12445	200968
UNKNOWN	120	C	0.999116110888	T	0.000401767778224	4	12434	2	5	12445	200968
UNKNOWN	121	C	0.996143029329	G	0.00297308155886	4	12397	37	7	12445	200968
UNKNOWN	122	G	0.987946966653	A	0.0117316191241	146	1	12295	3	12445	200968
UNKNOWN	123	G	0.998473282443	A	0.00112494977903	14	5	12426	0	12445	200968
UNKNOWN	124	G	0.993089594215	A	0.0046605062274	58	26	12359	2	12445	200968
UNKNOWN	125	G	0.978465247087	A	0.0201687424669	251	2	12177	15	12445	200968
UNKNOWN	126	A	0.995821615106	G	0.00353555644837	12393	5	44	3	12445	200968
UNKNOWN	127	A	0.990196866211	G	0.00787464845319	12323	23	98	1	12445	200968
UNKNOWN	128	G	0.99871434311	A	0.00120530333467	15	1	12429	0	12445	200968
UNKNOWN	129	G	0.985134592206	A	0.0109280835677	136	36	12260	13	12445	200968
UNKNOWN	130	C	0.993250301326	G	0.00377661711531	2	12361	47	35	12445	200968
UNKNOWN	131	G	0.978867014865	A	0.0166331860185	207	46	12182	10	12445	200968
UNKNOWN	132	C	0.987063077541	T	0.0114102049016	11	12284	8	142	12445	200968
UNKNOWN	133	T	0.991402169546	G	0.00441944556047	7	45	55	12338	12445	200968
UNKNOWN	134	G	0.978947368421	A	0.0169546002411	211	8	12183	43	12445	200968
UNKNOWN	135	G	0.995821615106	A	0.00289272800321	36	14	12393	2	12445	200968
UNKNOWN	136	A	0.99558055444	G	0.00401767778224	12390	4	50	1	12445	200968
UNKNOWN	137	G	0.956046605062	A	0.0374447569305	466	45	11898	36	12445	200968
UNKNOWN	138	T	0.995500200884	G	0.00313378867015	2	15	39	12389	12445	200968
UNKNOWN	139	G	0.997589393331	A	0.00112494977903	14	4	12415	12	12445	200968
UNKNOWN	140	G	0.988348734431	T	0.00546404178385	11	66	12300	68	12445	200968
UNKNOWN	141	G	0.894415427883	A	0.0621936520691	774	507	11131	33	12445	200968
UNKNOWN	142	T	0.997669746886	C	0.00168742466854	0	21	8	12416	12445	200968
UNKNOWN	143	T	0.980233025311	G	0.00988348734431	4	119	123	12199	12445	200968
UNKNOWN	144	G	0.991562876657	A	0.0069907593411	87	1	12340	17	12445	200968
UNKNOWN	145	G	0.988027320209	C	0.00916030534351	5	114	12296	30	12445	200968
UNKNOWN	146	T	0.969626355966	C	0.012213740458	86	152	140	12067	12445	200968
UNKNOWN	147	G	0.762314182403	A	0.202571313781	2521	96	9487	341	12445	200968
UNKNOWN	148	G	0.803937324227	A	0.0991562876657	1234	896	10005	310	12445	200968
UNKNOWN	149	T	0.921253515468	G	0.0396143029329	321	166	493	11465	12445	200968
UNKNOWN	150	A	0.919485737244	G	0.0666130976296	11443	57	829	116	12445	200968
UNKNOWN	151	T	0.986580956207	C	0.00530333467256	60	66	41	12278	12445	200968
UNKNOWN	152	A	0.922057051025	G	0.0369626355966	11475	210	460	300	12445	200968
UNKNOWN	153	A	0.88413017276	G	0.0889513860988	11003	203	1107	132	12445	200968
UNKNOWN	154	G	0.85480112495	A	0.100441944556	1250	464	10638	93	12445	200968
UNKNOWN	155	T	0.939493772599	G	0.0224989955806	237	236	280	11692	12445	200968
UNKNOWN	156	A	0.800080353556	G	0.16826034552	9957	258	2094	136	12445	200968
UNKNOWN	157	G	0.855283246284	A	0.058818802732	732	730	10644	339	12445	200968
UNKNOWN	158	T	0.949136199277	G	0.0228204098031	146	203	284	11812	12445	200968
UNKNOWN	159	G	0.741020490157	A	0.199678585777	2485	439	9222	299	12445	200968
UNKNOWN	160	G	0.805303334673	A	0.114182402571	1421	707	10022	295	12445	200968
UNKNOWN	161	T	0.95572519084	G	0.019686621133	169	137	245	11894	12445	200968
UNKNOWN	162	G	0.984732824427	A	0.0130976295701	163	24	12255	3	12445	200968
UNKNOWN	163	G	0.98376858176	A	0.0114102049016	142	26	12243	34	12445	200968
UNKNOWN	164	A	0.954760948172	G	0.024427480916	11882	138	304	121	12445	200968
UNKNOWN	165	A	0.927360385697	G	0.0584973885094	11541	104	728	72	12445	200968
UNKNOWN	166	G	0.754198473282	A	0.121414222579	1511	956	9386	592	12445	200968
UNKNOWN	167	C	0.872077139413	G	0.059943752511	336	10853	746	510	12445	200968
UNKNOWN	168	A	0.971313780635	G	0.0176777822419	12088	77	220	60	12445	200968
UNKNOWN	169	C	0.951386098835	T	0.0313378867015	168	11840	47	390	12445	200968
UNKNOWN	170	A	0.98320610687	G	0.0104459622338	12236	26	130	53	12445	200968
UNKNOWN	171	T	0.977099236641	G	0.0139815186822	52	59	174	12160	12445	200968
UNKNOWN	172	G	0.97822418642	A	0.0141422257935	176	51	12174	44	12445	200968
UNKNOWN	173	C	0.982241864202	T	0.0131779831258	18	12224	39	164	12445	200968
UNKNOWN	174	C	0.971072719968	T	0.0229007633588	47	12085	28	285	12445	200968
UNKNOWN	175	T	0.968340699076	A	0.0140618722378	175	82	137	12051	12445	200968
UNKNOWN	176	T	0.968983527521	C	0.0134993973483	105	168	113	12059	12445	200968
UNKNOWN	177	A	0.987223784652	C	0.0062675773403	12286	78	74	7	12445	200968
UNKNOWN	178	A	0.988509441543	G	0.0062675773403	12302	62	78	3	12445	200968
UNKNOWN	179	C	0.878023302531	T	0.107914825231	33	10927	142	1343	12445	200968
UNKNOWN	180	C	0.936681398152	T	0.0390518280434	130	11657	172	486	12445	200968
UNKNOWN	181	C	0.986822016874	T	0.00554439533949	62	12281	33	69	12445	200968
UNKNOWN	182	A	0.980474085978	C	0.00940136601045	12202	117	107	19	12445	200968
UNKNOWN	183	G	0.974768983528	A	0.018320610687	228	56	12131	30	12445	200968
UNKNOWN	184	C	0.976456408196	T	0.0118923262354	51	12152	94	148	12445	200968
UNKNOWN	185	C	0.996464443552	T	0.00216954600241	13	12401	4	27	12445	200968
UNKNOWN	186	C	0.993973483327	T	0.00482121333869	7	12370	8	60	12445	200968
UNKNOWN	187	T	0.99316994777	G	0.00297308155886	23	25	37	12360	12445	200968
UNKNOWN	188	G	0.971876255524	A	0.0229007633588	285	24	12095	41	12445	200968
UNKNOWN	189	A	0.985375652873	G	0.00891924467658	12263	62	111	9	12445	200968
UNKNOWN	190	A	0.990196866211	T	0.00385697067095	12323	31	43	48	12445	200968
UNKNOWN	191	A	0.986982723986	T	0.00514262756127	12283	39	59	64	12445	200968
UNKNOWN	192	T	0.98875050221	C	0.008597830454	13	107	20	12305	12445	200968
UNKNOWN	193	C	0.994616311772	T	0.00257131378063	26	12378	9	32	12445	200968
UNKNOWN	194	C	0.991643230213	T	0.00401767778224	22	12341	32	50	12445	200968
UNKNOWN	195	C	0.994535958216	G	0.00377661711531	14	12377	47	7	12445	200968
UNKNOWN	196	G	0.997509039775	A	0.0016070711129	20	3	12414	8	12445	200968
UNKNOWN	197	G	0.930735235034	A	0.0493370831659	614	116	11583	132	12445	200968
UNKNOWN	198	C	0.97380474086	T	0.0154278826838	38	12119	96	192	12445	200968
UNKNOWN	199	T	0.992848533548	C	0.00530333467256	10	66	13	12356	12445	200968
UNKNOWN	200	C	0.987786259542	T	0.00522298111691	63	12293	24	65	12445	200968
UNKNOWN	201	A	0.989393330655	G	0.00819606267577	12313	26	102	4	12445	200968
UNKNOWN	202	G	0.973161912415	C	0.0187223784652	67	233	12111	34	12445	200968
UNKNOWN	203	C	0.935395741262	T	0.04797107272	132	11641	75	597	12445	200968
UNKNOWN	204	A	0.972519083969	G	0.0208919244677	12103	39	260	43	12445	200968
UNKNOWN	205	T	0.993089594215	C	0.00530333467256	16	66	4	12359	12445	200968
UNKNOWN	206	C	0.989795098433	T	0.0062675773403	44	12318	5	78	12445	200968
UNKNOWN	207	A	0.985938127762	G	0.00811570912013	12270	54	101	20	12445	200968
UNKNOWN	208	C	0.968019284853	T	0.0224186420249	32	12047	87	279	12445	200968
UNKNOWN	209	C	0.972036962636	G	0.0109280835677	84	12097	136	128	12445	200968
UNKNOWN	210	A	0.990839694656	C	0.00482121333869	12331	60	51	3	12445	200968
UNKNOWN	211	A	0.984732824427	G	0.013579750904	12255	18	169	3	12445	200968
UNKNOWN	212	G	0.982563278425	A	0.0141422257935	176	25	12228	16	12445	200968
UNKNOWN	213	G	0.987063077541	A	0.0106870229008	133	20	12284	8	12445	200968
UNKNOWN	214	A	0.989955805544	C	0.00498192044998	12320	62	39	24	12445	200968
UNKNOWN	215	C	0.972840498192	T	0.0126155082362	62	12107	119	157	12445	200968
UNKNOWN	216	A	0.985375652873	G	0.00715146645239	12263	55	89	38	12445	200968
UNKNOWN	217	A	0.982322217758	G	0.0103656086782	12225	70	129	21	12445	200968
UNKNOWN	218	C	0.97067095219	T	0.0203294495781	9	12080	103	253	12445	200968
UNKNOWN	219	T	0.988107673765	C	0.00618722378465	34	77	37	12297	12445	200968
UNKNOWN	220	C	0.993652069104	T	0.00297308155886	33	12366	9	37	12445	200968
UNKNOWN	221	C	0.988348734431	A	0.00602651667336	75	12300	17	53	12445	200968
UNKNOWN	222	A	0.990277219767	C	0.00506227400562	12324	63	53	5	12445	200968
UNKNOWN	223	A	0.976617115307	G	0.0209722780233	12154	18	261	12	12445	200968
UNKNOWN	224	G	0.986500602652	A	0.00691040578546	86	73	12277	9	12445	200968
UNKNOWN	225	A	0.988589795098	G	0.00924065889916	12303	22	115	5	12445	200968
UNKNOWN	226	G	0.947288067497	A	0.0413820811571	515	123	11789	18	12445	200968
UNKNOWN	227	C	0.956930494174	T	0.035516271595	39	11909	55	442	12445	200968
UNKNOWN	228	C	0.988589795098	G	0.00578545600643	66	12303	72	4	12445	200968
UNKNOWN	229	A	0.991723583769	G	0.00401767778224	12342	16	50	37	12445	200968
UNKNOWN	230	A	0.970751305745	G	0.026918441141	12081	16	335	13	12445	200968
UNKNOWN	231	G	0.959180393732	A	0.021936520691	273	95	11937	140	12445	200968
UNKNOWN	232	T	0.990920048212	C	0.00803535556448	8	100	5	12332	12445	200968
UNKNOWN	233	C	0.950502209723	G	0.0206508638007	156	11829	257	203	12445	200968
UNKNOWN	234	T	0.98875050221	C	0.00618722378465	23	77	40	12305	12445	200968
UNKNOWN	235	C	0.991723583769	T	0.00602651667336	23	12342	5	75	12445	200968
UNKNOWN	236	T	0.974768983528	C	0.0172760144636	14	215	85	12131	12445	200968
UNKNOWN	237	C	0.991482523102	T	0.0053836882282	22	12339	17	67	12445	200968
UNKNOWN	238	T	0.993250301326	G	0.00377661711531	7	30	47	12361	12445	200968
UNKNOWN	239	G	0.920369626356	A	0.0642024909602	799	72	11454	120	12445	200968
UNKNOWN	240	T	0.982884692648	A	0.00650863800723	81	70	62	12232	12445	200968
UNKNOWN	241	C	0.983447167537	T	0.0114102049016	52	12239	12	142	12445	200968
UNKNOWN	242	A	0.979268782644	G	0.0124548011249	12187	78	155	25	12445	200968
UNKNOWN	243	G	0.783366813982	C	0.169867416633	456	2114	9749	126	12445	200968
UNKNOWN	244	T	0.990839694656	C	0.00417838489353	10	52	52	12331	12445	200968
UNKNOWN	245	G	0.967938931298	A	0.0218561671354	272	65	12046	62	12445	200968
UNKNOWN	246	A	0.976617115307	G	0.0155082362395	12154	81	193	17	12445	200968
UNKNOWN	247	G	0.917637605464	A	0.0425873844918	530	405	11420	90	12445	200968
UNKNOWN	248	C	0.95331458417	T	0.0289272800321	124	11864	97	360	12445	200968
UNKNOWN	249	A	0.980795500201	G	0.016070711129	12206	34	200	5	12445	200968
UNKNOWN	250	G	0.981599035757	C	0.00891924467658	96	111	12216	22	12445	200968
UNKNOWN	251	C	0.979750903978	T	0.0114905584572	39	12193	70	143	12445	200968
UNKNOWN	252	G	0.981759742869	A	0.0114102049016	142	34	12218	51	12445	200968
UNKNOWN	253	T	0.988911209321	C	0.00610687022901	11	76	51	12307	12445	200968
UNKNOWN	254	G	0.932824427481	A	0.0468461229409	583	127	11609	126	12445	200968
UNKNOWN	255	A	0.978545600643	G	0.0143832864604	12178	52	179	36	12445	200968
UNKNOWN	256	C	0.981679389313	A	0.00650863800723	81	12217	69	78	12445	200968
UNKNOWN	257	A	0.962715950181	G	0.0300522298112	11981	51	374	39	12445	200968
UNKNOWN	258	A	0.91586982724	C	0.0559260747288	11398	696	302	49	12445	200968
UNKNOWN	259	C	0.937324226597	G	0.0311771795902	62	11665	388	330	12445	200968
UNKNOWN	260	T	0.957653676175	C	0.0209722780233	58	261	208	11918	12445	200968
UNKNOWN	261	G	0.98818802732	A	0.00811570912013	101	11	12298	35	12445	200968
UNKNOWN	262	A	0.985697067095	G	0.0105263157895	12267	35	131	12	12445	200968
UNKNOWN	263	G	0.935154680595	A	0.0411410204902	512	230	11638	65	12445	200968
UNKNOWN	264	G	0.987786259542	A	0.00755323423061	94	15	12293	43	12445	200968
UNKNOWN	265	A	0.987384491764	C	0.00731217356368	12288	91	50	16	12445	200968
UNKNOWN	266	C	0.980715146645	T	0.00956207312174	95	12205	26	119	12445	200968
UNKNOWN	267	A	0.958457211732	G	0.0242667738047	11928	56	302	159	12445	200968
UNKNOWN	268	C	0.988509441543	G	0.00490156689434	57	12302	61	25	12445	200968
UNKNOWN	269	G	0.990839694656	A	0.00369626355966	46	33	12331	35	12445	200968
UNKNOWN	270	G	0.989071916432	C	0.00425873844918	43	53	12309	40	12445	200968
UNKNOWN	271	C	0.985536359984	G	0.00707111289675	74	12265	88	18	12445	200968
UNKNOWN	272	C	0.987464845319	A	0.00747288067497	93	12289	24	39	12445	200968
UNKNOWN	273	A	0.987384491764	G	0.00586580956207	12288	61	73	23	12445	200968
UNKNOWN	274	C	0.978384893532	A	0.0101245480112	126	12176	39	104	12445	200968
UNKNOWN	275	A	0.967617517075	G	0.0127762153475	12042	138	159	106	12445	200968
UNKNOWN	276	T	0.98633989554	A	0.00562474889514	70	32	68	12275	12445	200968
UNKNOWN	277	A	0.987705905986	C	0.00691040578546	12292	86	33	34	12445	200968
UNKNOWN	278	C	0.935636801928	T	0.0603455202893	33	11644	17	751	12445	200968
UNKNOWN	279	T	0.979108075532	G	0.00779429489755	75	88	97	12185	12445	200968
UNKNOWN	280	A	0.969546002411	T	0.0130976295701	12066	140	76	163	12445	200968
UNKNOWN	281	C	0.969947770189	T	0.0268380875854	15	12071	25	334	12445	200968
UNKNOWN	282	T	0.98192044998	G	0.0125351546806	42	27	156	12220	12445	200968
