Type	Position	Nucl1	Freq1	Nucl2	Freq2	NumAs	NumCs	NumGs	NumTs	NumAligned	NumNaive
UNKNOWN	0	C	1.0	A	0.0	0	27480	0	0	27480	166309
UNKNOWN	1	A	1.0	C	0.0	27480	0	0	0	27480	166309
UNKNOWN	2	G	1.0	A	0.0	0	0	27480	0	27480	166309
UNKNOWN	3	G	1.0	A	0.0	0	0	27480	0	27480	166309
UNKNOWN	4	T	1.0	A	0.0	0	0	0	27480	27480	166309
UNKNOWN	5	G	1.0	A	0.0	0	0	27480	0	27480	166309
UNKNOWN	6	C	1.0	A	0.0	0	27480	0	0	27480	166309
UNKNOWN	7	A	0.997598253275	G	0.00196506550218	27414	3	54	9	27480	166309
UNKNOWN	8	G	0.993013100437	A	0.00465793304221	128	51	27288	13	27480	166309
UNKNOWN	9	C	0.996761280932	G	0.00171033478894	4	27391	47	38	27480	166309
UNKNOWN	10	T	0.998617176128	C	0.00120087336245	4	33	1	27442	27480	166309
UNKNOWN	11	G	0.998216885007	A	0.00131004366812	36	11	27431	2	27480	166309
UNKNOWN	12	C	0.999053857351	T	0.000727802037846	6	27454	0	20	27480	166309
UNKNOWN	13	G	0.998871906841	A	0.000946142649199	26	3	27449	2	27480	166309
UNKNOWN	14	G	0.690538573508	C	0.307823871907	31	8459	18976	14	27480	166309
UNKNOWN	15	G	0.999381368268	C	0.0004730713246	4	13	27463	0	27480	166309
UNKNOWN	16	A	0.997707423581	G	0.00109170305677	27417	29	30	4	27480	166309
UNKNOWN	17	G	0.995851528384	A	0.00345705967977	95	17	27366	2	27480	166309
UNKNOWN	18	T	0.996615720524	C	0.00178311499272	8	49	36	27387	27480	166309
UNKNOWN	19	C	0.99941775837	T	0.000545851528384	1	27464	0	15	27480	166309
UNKNOWN	20	G	0.998326055313	A	0.000946142649199	26	12	27434	8	27480	166309
UNKNOWN	21	G	0.998871906841	C	0.00080058224163	7	22	27449	2	27480	166309
UNKNOWN	22	G	0.999053857351	A	0.000436681222707	12	12	27454	2	27480	166309
UNKNOWN	23	C	0.999563318777	T	0.000327510917031	0	27468	3	9	27480	166309
UNKNOWN	24	C	0.999381368268	T	0.000363901018923	6	27463	1	10	27480	166309
UNKNOWN	25	C	0.999526928675	T	0.000436681222707	1	27467	0	12	27480	166309
UNKNOWN	26	C	0.999199417758	A	0.000400291120815	11	27458	1	10	27480	166309
UNKNOWN	27	A	0.996870451237	G	0.00276564774381	27394	9	76	1	27480	166309
UNKNOWN	28	G	0.994687045124	A	0.0037845705968	104	36	27334	6	27480	166309
UNKNOWN	29	C	0.9980713246	T	0.00178311499272	0	27427	4	49	27480	166309
UNKNOWN	30	C	0.999308588064	T	0.000545851528384	1	27461	3	15	27480	166309
UNKNOWN	31	T	0.997634643377	C	0.00127365356623	9	35	21	27415	27480	166309
UNKNOWN	32	G	0.994104803493	A	0.00436681222707	120	20	27318	22	27480	166309
UNKNOWN	33	G	0.99672489083	A	0.00185589519651	51	33	27390	6	27480	166309
UNKNOWN	34	T	0.995451237263	C	0.00367540029112	6	101	18	27355	27480	166309
UNKNOWN	35	G	0.997707423581	A	0.00167394468705	46	11	27417	6	27480	166309
UNKNOWN	36	A	0.997634643377	C	0.00123726346434	27415	34	25	6	27480	166309
UNKNOWN	37	A	0.994068413392	G	0.00400291120815	27317	49	110	4	27480	166309
UNKNOWN	38	G	0.997671033479	A	0.00112809315866	31	28	27416	5	27480	166309
UNKNOWN	39	C	0.996179039301	T	0.0018922852984	5	27375	48	52	27480	166309
UNKNOWN	40	C	0.999490538574	T	0.000327510917031	1	27466	4	9	27480	166309
UNKNOWN	41	C	0.997925764192	G	0.00120087336245	1	27423	33	23	27480	166309
UNKNOWN	42	T	0.996251819505	C	0.00272925764192	13	75	15	27377	27480	166309
UNKNOWN	43	C	0.998981077147	A	0.000618631732169	17	27452	1	10	27480	166309
UNKNOWN	44	A	0.995487627365	G	0.00312954876274	27356	30	86	8	27480	166309
UNKNOWN	45	C	0.997998544396	G	0.000982532751092	13	27425	27	15	27480	166309
UNKNOWN	46	A	0.997525473071	G	0.00127365356623	27412	29	35	4	27480	166309
UNKNOWN	47	G	0.998034934498	A	0.00109170305677	30	19	27426	5	27480	166309
UNKNOWN	48	A	0.996688500728	G	0.00174672489083	27389	40	48	3	27480	166309
UNKNOWN	49	C	0.99865356623	G	0.000691411935953	10	27443	19	8	27480	166309
UNKNOWN	50	C	0.998544395924	T	0.000982532751092	6	27440	7	27	27480	166309
UNKNOWN	51	C	0.998289665211	T	0.00109170305677	4	27433	13	30	27480	166309
UNKNOWN	52	T	0.99672489083	C	0.00247452692868	14	68	8	27390	27480	166309
UNKNOWN	53	C	0.998253275109	G	0.000982532751092	3	27432	27	18	27480	166309
UNKNOWN	54	T	0.995742358079	C	0.00338427947598	7	93	17	27363	27480	166309
UNKNOWN	55	C	0.999017467249	T	0.000727802037846	7	27453	0	20	27480	166309
UNKNOWN	56	C	0.996288209607	T	0.00251091703057	6	27378	27	69	27480	166309
UNKNOWN	57	C	0.997743813683	T	0.00109170305677	5	27418	27	30	27480	166309
UNKNOWN	58	T	0.996652110626	C	0.00280203784571	11	77	4	27388	27480	166309
UNKNOWN	59	C	0.997379912664	T	0.00149199417758	28	27408	3	41	27480	166309
UNKNOWN	60	A	0.996360989811	G	0.00178311499272	27380	36	49	15	27480	166309
UNKNOWN	61	C	0.997489082969	T	0.00160116448326	16	27411	9	44	27480	166309
UNKNOWN	62	C	0.996106259098	T	0.00280203784571	16	27373	14	77	27480	166309
UNKNOWN	63	T	0.997052401747	C	0.00181950509461	6	50	25	27399	27480	166309
UNKNOWN	64	G	0.998689956332	C	0.000691411935953	16	19	27444	1	27480	166309
UNKNOWN	65	C	0.997671033479	T	0.0014192139738	24	27416	1	39	27480	166309
UNKNOWN	66	A	0.990902474527	G	0.00600436681223	27230	46	165	39	27480	166309
UNKNOWN	67	C	0.996579330422	T	0.00232896652111	9	27386	21	64	27480	166309
UNKNOWN	68	G	0.992612809316	A	0.0056768558952	156	34	27277	13	27480	166309
UNKNOWN	69	G	0.981186317322	A	0.0165211062591	454	32	26963	31	27480	166309
UNKNOWN	70	T	0.99192139738	C	0.00727802037846	11	200	11	27258	27480	166309
UNKNOWN	71	C	0.987772925764	T	0.00633187772926	11	27144	151	174	27480	166309
UNKNOWN	72	T	0.995997088792	C	0.00272925764192	7	75	28	27370	27480	166309
UNKNOWN	73	C	0.998762736536	T	0.000836972343523	8	27446	3	23	27480	166309
UNKNOWN	74	T	0.992758369723	G	0.00345705967977	13	91	95	27281	27480	166309
UNKNOWN	75	G	0.996979621543	A	0.00265647743814	73	8	27397	2	27480	166309
UNKNOWN	76	G	0.99461426492	A	0.00429403202329	118	22	27332	8	27480	166309
UNKNOWN	77	A	0.993995633188	G	0.00269286754003	27315	47	74	44	27480	166309
UNKNOWN	78	T	0.995014556041	C	0.002365356623	13	65	59	27343	27480	166309
UNKNOWN	79	T	0.996470160116	C	0.00287481804949	4	79	14	27383	27480	166309
UNKNOWN	80	C	0.993049490539	T	0.00502183406114	7	27289	46	138	27480	166309
UNKNOWN	81	T	0.993377001456	C	0.00440320232897	12	121	49	27298	27480	166309
UNKNOWN	82	C	0.996470160116	T	0.00225618631732	30	27383	5	62	27480	166309
UNKNOWN	83	A	0.99115720524	G	0.00542212518195	27237	43	149	51	27480	166309
UNKNOWN	84	T	0.619978165939	C	0.375727802038	29	10325	89	17037	27480	166309
UNKNOWN	85	T	0.996652110626	C	0.00185589519651	6	51	35	27388	27480	166309
UNKNOWN	86	G	0.988719068413	A	0.00982532751092	270	13	27170	27	27480	166309
UNKNOWN	87	A	0.992394468705	G	0.00556768558952	27271	47	153	9	27480	166309
UNKNOWN	88	G	0.96885007278	A	0.018922852984	520	283	26624	53	27480	166309
UNKNOWN	89	C	0.972998544396	T	0.0192139737991	96	26738	118	528	27480	166309
UNKNOWN	90	A	0.9846069869	G	0.0117540029112	27057	88	323	12	27480	166309
UNKNOWN	91	G	0.920742358079	A	0.0466521106259	1282	652	25302	244	27480	166309
UNKNOWN	92	C	0.967612809316	T	0.0181950509461	101	26590	289	500	27480	166309
UNKNOWN	93	T	0.963864628821	G	0.0167030567686	399	135	459	26487	27480	166309
UNKNOWN	94	A	0.967030567686	G	0.0116448326055	26574	274	320	312	27480	166309
UNKNOWN	95	T	0.987772925764	C	0.00556768558952	74	153	109	27144	27480	166309
UNKNOWN	96	G	0.915101892285	A	0.0525473071325	1444	407	25147	482	27480	166309
UNKNOWN	97	C	0.904876273654	G	0.0513828238719	568	24866	1412	634	27480	166309
UNKNOWN	98	T	0.990647743814	G	0.00407569141194	49	96	112	27223	27480	166309
UNKNOWN	99	G	0.973726346434	A	0.0229985443959	632	36	26758	54	27480	166309
UNKNOWN	100	T	0.992976710335	C	0.00494905385735	23	136	34	27287	27480	166309
UNKNOWN	101	A	0.949017467249	G	0.0328602620087	26079	155	903	343	27480	166309
UNKNOWN	102	A	0.559934497817	G	0.423908296943	15387	329	11649	115	27480	166309
UNKNOWN	103	G	0.782387190684	A	0.140756914119	3868	1656	21500	456	27480	166309
UNKNOWN	104	C	0.986208151383	T	0.00909752547307	50	27101	79	250	27480	166309
UNKNOWN	105	T	0.997452692868	G	0.00134643377001	1	32	37	27410	27480	166309
UNKNOWN	106	G	0.999490538574	A	0.000291120815138	8	3	27466	3	27480	166309
UNKNOWN	107	G	0.997998544396	T	0.00127365356623	7	13	27425	35	27480	166309
UNKNOWN	108	G	0.984097525473	A	0.0112445414847	309	74	27043	54	27480	166309
UNKNOWN	109	T	0.99596069869	C	0.00345705967977	3	95	13	27369	27480	166309
UNKNOWN	110	C	0.99537845706	A	0.00272925764192	75	27353	15	37	27480	166309
UNKNOWN	111	C	0.998544395924	G	0.000727802037846	5	27440	20	15	27480	166309
UNKNOWN	112	G	0.998471615721	C	0.000946142649199	16	26	27438	0	27480	166309
UNKNOWN	113	C	0.997088791849	T	0.00109170305677	27	27400	23	30	27480	166309
UNKNOWN	114	C	0.998435225619	A	0.000873362445415	24	27437	5	14	27480	166309
UNKNOWN	115	A	0.994177583697	G	0.00513100436681	27320	14	141	5	27480	166309
UNKNOWN	116	G	0.997962154294	C	0.00105531295488	25	29	27424	2	27480	166309
UNKNOWN	117	G	0.987481804949	A	0.00855167394469	235	45	27136	64	27480	166309
UNKNOWN	118	C	0.996215429403	T	0.002365356623	8	27376	31	65	27480	166309
UNKNOWN	119	T	0.994723435226	C	0.00316593886463	17	87	41	27335	27480	166309
UNKNOWN	120	C	0.997561863173	T	0.00109170305677	22	27413	15	30	27480	166309
UNKNOWN	121	C	0.998471615721	A	0.000946142649199	26	27438	6	10	27480	166309
UNKNOWN	122	A	0.987918486172	G	0.0098981077147	27148	42	272	18	27480	166309
UNKNOWN	123	G	0.998362445415	A	0.00134643377001	37	7	27435	1	27480	166309
UNKNOWN	124	G	0.994978165939	A	0.00462154294032	127	6	27342	5	27480	166309
UNKNOWN	125	G	0.990866084425	A	0.0080422125182	221	25	27229	5	27480	166309
UNKNOWN	126	A	0.99519650655	G	0.00403930131004	27348	17	111	4	27480	166309
UNKNOWN	127	A	0.991302765648	G	0.00713245997089	27241	37	196	6	27480	166309
UNKNOWN	128	G	0.998981077147	A	0.000727802037846	20	6	27452	2	27480	166309
UNKNOWN	129	G	0.982641921397	A	0.0135371179039	372	96	27003	9	27480	166309
UNKNOWN	130	C	0.996979621543	G	0.00214701601164	2	27397	59	22	27480	166309
UNKNOWN	131	G	0.989519650655	A	0.0075327510917	207	64	27192	17	27480	166309
UNKNOWN	132	C	0.994905385735	T	0.00349344978166	18	27340	26	96	27480	166309
UNKNOWN	133	T	0.987809315866	C	0.00618631732169	14	170	151	27145	27480	166309
UNKNOWN	134	G	0.984788937409	A	0.0118995633188	327	17	27062	74	27480	166309
UNKNOWN	135	G	0.996652110626	A	0.00218340611354	60	28	27388	4	27480	166309
UNKNOWN	136	A	0.99577874818	G	0.0028384279476	27364	10	78	28	27480	166309
UNKNOWN	137	G	0.979839883552	A	0.015538573508	427	75	26926	52	27480	166309
UNKNOWN	138	T	0.995997088792	G	0.00200145560408	6	49	55	27370	27480	166309
UNKNOWN	139	G	0.990247452693	C	0.00553129548763	96	152	27212	20	27480	166309
UNKNOWN	140	G	0.609752547307	C	0.372052401747	29	10224	16756	471	27480	166309
UNKNOWN	141	C	0.770487627365	G	0.212736535662	406	21173	5846	55	27480	166309
UNKNOWN	142	T	0.996943231441	C	0.00218340611354	5	60	19	27396	27480	166309
UNKNOWN	143	C	0.777074235808	T	0.215247452693	39	21354	172	5915	27480	166309
UNKNOWN	144	G	0.990465793304	A	0.00771470160116	212	2	27218	48	27480	166309
UNKNOWN	145	G	0.993304221252	C	0.00465793304221	14	128	27296	42	27480	166309
UNKNOWN	146	T	0.972780203785	C	0.0102256186317	242	281	225	26732	27480	166309
UNKNOWN	147	G	0.866193595342	A	0.104257641921	2865	319	23803	493	27480	166309
UNKNOWN	148	G	0.856477438137	A	0.0714337700146	1963	1242	23536	739	27480	166309
UNKNOWN	149	T	0.937627365357	G	0.0270742358079	522	448	744	25766	27480	166309
UNKNOWN	150	A	0.923289665211	G	0.0700873362445	25372	37	1926	145	27480	166309
UNKNOWN	151	T	0.982459970888	C	0.00971615720524	76	267	139	26998	27480	166309
UNKNOWN	152	A	0.929730713246	G	0.0390829694323	25549	331	1074	526	27480	166309
UNKNOWN	153	A	0.888245997089	G	0.0873726346434	24409	359	2401	311	27480	166309
UNKNOWN	154	G	0.855604075691	A	0.100618631732	2765	837	23512	366	27480	166309
UNKNOWN	155	C	0.885844250364	T	0.0700873362445	503	24343	708	1926	27480	166309
UNKNOWN	156	A	0.912409024745	G	0.0761644832606	25073	217	2093	97	27480	166309
UNKNOWN	157	G	0.911935953421	A	0.0399199417758	1097	924	25060	399	27480	166309
UNKNOWN	158	T	0.96633915575	G	0.0170305676856	240	217	468	26555	27480	166309
UNKNOWN	159	G	0.873144104803	A	0.0968340611354	2661	665	23994	160	27480	166309
UNKNOWN	160	G	0.881404657933	A	0.0681586608443	1873	965	24221	421	27480	166309
UNKNOWN	161	T	0.966375545852	G	0.0128820960699	257	313	354	26556	27480	166309
UNKNOWN	162	G	0.98999272198	A	0.00782387190684	215	40	27205	20	27480	166309
UNKNOWN	163	G	0.984315866084	A	0.00731441048035	201	135	27049	95	27480	166309
UNKNOWN	164	A	0.966557496361	G	0.0245269286754	26561	136	674	109	27480	166309
UNKNOWN	165	A	0.932896652111	G	0.0500363901019	25636	328	1375	141	27480	166309
UNKNOWN	166	G	0.775727802038	A	0.119068413392	3272	2010	21317	881	27480	166309
UNKNOWN	167	C	0.900655021834	T	0.0426491994178	742	24750	816	1172	27480	166309
UNKNOWN	168	A	0.97019650655	G	0.0185589519651	26661	192	510	117	27480	166309
UNKNOWN	169	C	0.968959243086	T	0.0182678311499	183	26627	168	502	27480	166309
UNKNOWN	170	A	0.978529839884	G	0.0120815138282	26890	114	332	144	27480	166309
UNKNOWN	171	T	0.534788937409	G	0.387372634643	1589	550	10645	14696	27480	166309
UNKNOWN	172	A	0.694796215429	G	0.246615720524	19093	855	6777	755	27480	166309
UNKNOWN	173	C	0.971834061135	G	0.0135735080058	49	26706	373	352	27480	166309
UNKNOWN	174	T	0.988828238719	C	0.00509461426492	86	140	81	27173	27480	166309
UNKNOWN	175	A	0.9846069869	T	0.0103347889374	27057	78	61	284	27480	166309
UNKNOWN	176	T	0.981622998544	C	0.0151382823872	64	416	25	26975	27480	166309
UNKNOWN	177	A	0.985880640466	C	0.00764192139738	27092	210	154	24	27480	166309
UNKNOWN	178	A	0.986572052402	G	0.0084788937409	27111	119	233	17	27480	166309
UNKNOWN	179	C	0.929585152838	T	0.055422125182	106	25545	306	1523	27480	166309
UNKNOWN	180	C	0.957714701601	T	0.0254730713246	147	26318	315	700	27480	166309
UNKNOWN	181	C	0.985080058224	T	0.00625909752547	124	27070	114	172	27480	166309
UNKNOWN	182	A	0.981877729258	G	0.0125181950509	26982	123	344	31	27480	166309
UNKNOWN	183	G	0.975363901019	A	0.012845705968	353	138	26803	186	27480	166309
UNKNOWN	184	C	0.978784570597	T	0.0116812227074	51	26897	211	321	27480	166309
UNKNOWN	185	C	0.998034934498	T	0.00109170305677	12	27426	12	30	27480	166309
UNKNOWN	186	C	0.995815138282	T	0.00272925764192	10	27365	30	75	27480	166309
UNKNOWN	187	T	0.993449781659	A	0.00258369723435	71	55	54	27300	27480	166309
UNKNOWN	188	G	0.977620087336	A	0.0144832605531	398	82	26865	135	27480	166309
UNKNOWN	189	A	0.991120815138	G	0.00531295487627	27236	80	146	18	27480	166309
UNKNOWN	190	A	0.993049490539	C	0.00342066957787	27289	94	45	52	27480	166309
UNKNOWN	191	A	0.991957787482	C	0.00305676855895	27259	84	75	62	27480	166309
UNKNOWN	192	T	0.993377001456	C	0.0046943231441	18	129	35	27298	27480	166309
UNKNOWN	193	C	0.997634643377	T	0.00138282387191	17	27415	10	38	27480	166309
UNKNOWN	194	C	0.991557496361	T	0.00502183406114	19	27248	75	138	27480	166309
UNKNOWN	195	C	0.997125181951	G	0.0018922852984	10	27401	52	17	27480	166309
UNKNOWN	196	G	0.995414847162	A	0.00312954876274	86	19	27354	21	27480	166309
UNKNOWN	197	G	0.941848617176	A	0.0419577874818	1153	250	25882	195	27480	166309
UNKNOWN	198	C	0.992758369723	T	0.00349344978166	53	27281	50	96	27480	166309
UNKNOWN	199	T	0.994941775837	C	0.00327510917031	23	90	26	27341	27480	166309
UNKNOWN	200	C	0.993340611354	T	0.00269286754003	64	27297	45	74	27480	166309
UNKNOWN	201	A	0.990975254731	G	0.00604075691412	27232	78	166	4	27480	166309
UNKNOWN	202	G	0.979257641921	C	0.0141193595342	93	388	26910	89	27480	166309
UNKNOWN	203	C	0.966484716157	T	0.021615720524	145	26559	182	594	27480	166309
UNKNOWN	204	A	0.983770014556	G	0.0115356622999	27034	50	317	79	27480	166309
UNKNOWN	205	T	0.995123726346	C	0.00371179039301	17	102	15	27346	27480	166309
UNKNOWN	206	C	0.992248908297	T	0.00476710334789	64	27267	18	131	27480	166309
UNKNOWN	207	A	0.987409024745	G	0.00782387190684	27134	67	215	64	27480	166309
UNKNOWN	208	C	0.986390101892	T	0.00622270742358	64	27106	139	171	27480	166309
UNKNOWN	209	C	0.972743813683	T	0.0117176128093	167	26731	260	322	27480	166309
UNKNOWN	210	A	0.990866084425	G	0.0051673944687	27229	98	142	11	27480	166309
UNKNOWN	211	A	0.985989810771	G	0.0105895196507	27095	66	291	28	27480	166309
UNKNOWN	212	G	0.982168850073	A	0.0145560407569	400	61	26990	29	27480	166309
UNKNOWN	213	G	0.991957787482	A	0.00524017467249	144	54	27259	23	27480	166309
UNKNOWN	214	A	0.993959243086	C	0.00240174672489	27314	66	50	50	27480	166309
UNKNOWN	215	C	0.987663755459	T	0.0061499272198	85	27141	85	169	27480	166309
UNKNOWN	216	A	0.988791848617	G	0.00811499272198	27172	45	223	40	27480	166309
UNKNOWN	217	A	0.985989810771	G	0.00771470160116	27095	134	212	39	27480	166309
UNKNOWN	218	C	0.97827510917	T	0.0141193595342	25	26883	184	388	27480	166309
UNKNOWN	219	T	0.990429403202	C	0.00483988355167	57	133	73	27217	27480	166309
UNKNOWN	220	C	0.995087336245	T	0.00302037845706	42	27345	10	83	27480	166309
UNKNOWN	221	C	0.988719068413	T	0.00524017467249	97	27170	69	144	27480	166309
UNKNOWN	222	A	0.981586608443	G	0.0120087336245	26974	170	330	6	27480	166309
UNKNOWN	223	A	0.986717612809	G	0.0110625909753	27115	32	304	29	27480	166309
UNKNOWN	224	G	0.98999272198	A	0.00476710334789	131	122	27205	22	27480	166309
UNKNOWN	225	A	0.990247452693	G	0.00607714701601	27212	92	167	9	27480	166309
UNKNOWN	226	G	0.963391557496	A	0.0278384279476	765	221	26474	20	27480	166309
UNKNOWN	227	C	0.97827510917	T	0.0171761280932	45	26883	80	472	27480	166309
UNKNOWN	228	C	0.992903930131	G	0.00345705967977	89	27285	95	11	27480	166309
UNKNOWN	229	A	0.992394468705	G	0.00407569141194	27271	26	112	71	27480	166309
UNKNOWN	230	A	0.981077147016	G	0.0162663755459	26960	57	447	16	27480	166309
UNKNOWN	231	G	0.973617176128	A	0.0156841339156	431	184	26755	110	27480	166309
UNKNOWN	232	T	0.993558951965	C	0.0051673944687	19	142	16	27303	27480	166309
UNKNOWN	233	C	0.972707423581	T	0.014192139738	24	26730	336	390	27480	166309
UNKNOWN	234	T	0.991375545852	C	0.00483988355167	25	133	79	27243	27480	166309
UNKNOWN	235	C	0.993558951965	T	0.0052037845706	25	27303	9	143	27480	166309
UNKNOWN	236	T	0.983515283843	C	0.00767831149927	43	211	199	27027	27480	166309
UNKNOWN	237	C	0.99385007278	T	0.00382096069869	23	27311	41	105	27480	166309
UNKNOWN	238	T	0.995451237263	C	0.00207423580786	18	57	50	27355	27480	166309
UNKNOWN	239	G	0.957278020378	A	0.032096069869	882	152	26306	140	27480	166309
UNKNOWN	240	T	0.987190684134	G	0.00498544395924	126	89	137	27128	27480	166309
UNKNOWN	241	C	0.988755458515	T	0.0084788937409	60	27171	16	233	27480	166309
UNKNOWN	242	A	0.976128093159	G	0.0128820960699	26824	252	354	50	27480	166309
UNKNOWN	243	G	0.912008733624	C	0.0590247452693	653	1622	25062	143	27480	166309
UNKNOWN	244	T	0.992649199418	C	0.00374818049491	36	103	63	27278	27480	166309
UNKNOWN	245	G	0.974272197962	A	0.016557496361	455	136	26773	116	27480	166309
UNKNOWN	246	A	0.978493449782	G	0.0151746724891	26889	145	417	29	27480	166309
UNKNOWN	247	G	0.936208151383	A	0.0374090247453	1028	486	25727	239	27480	166309
UNKNOWN	248	C	0.973617176128	T	0.0156113537118	137	26755	159	429	27480	166309
UNKNOWN	249	A	0.983478893741	G	0.0125545851528	27026	102	345	7	27480	166309
UNKNOWN	250	G	0.979912663755	A	0.0126273653566	347	181	26928	24	27480	166309
UNKNOWN	251	C	0.991084425036	T	0.0052037845706	32	27235	70	143	27480	166309
UNKNOWN	252	G	0.990647743814	A	0.00607714701601	167	34	27223	56	27480	166309
UNKNOWN	253	T	0.991994177584	C	0.00451237263464	12	124	84	27260	27480	166309
UNKNOWN	254	G	0.965684133916	A	0.0240902474527	662	126	26537	155	27480	166309
UNKNOWN	255	A	0.979294032023	G	0.0155021834061	26911	87	426	56	27480	166309
UNKNOWN	256	C	0.99192139738	T	0.00345705967977	89	27258	38	95	27480	166309
UNKNOWN	257	A	0.974963609898	G	0.0140465793304	26792	177	386	125	27480	166309
UNKNOWN	258	C	0.939192139738	A	0.0517831149927	1423	25809	177	71	27480	166309
UNKNOWN	259	C	0.987081513828	T	0.00720524017467	72	27125	85	198	27480	166309
UNKNOWN	260	T	0.965829694323	C	0.0215065502183	55	591	293	26541	27480	166309
UNKNOWN	261	G	0.990684133916	A	0.00589519650655	162	25	27224	69	27480	166309
UNKNOWN	262	A	0.985334788937	G	0.00887918486172	27077	117	244	42	27480	166309
UNKNOWN	263	G	0.949308588064	A	0.0297671033479	818	438	26087	137	27480	166309
UNKNOWN	264	G	0.991084425036	A	0.00676855895197	186	18	27235	41	27480	166309
UNKNOWN	265	A	0.989665211063	C	0.00534934497817	27196	147	111	26	27480	166309
UNKNOWN	266	C	0.98096797671	T	0.00949781659389	171	26957	91	261	27480	166309
UNKNOWN	267	A	0.979403202329	G	0.0111717612809	26914	73	307	186	27480	166309
UNKNOWN	268	C	0.991302765648	A	0.00360262008734	99	27241	96	44	27480	166309
UNKNOWN	269	G	0.793449781659	A	0.198326055313	5450	153	21804	73	27480	166309
UNKNOWN	270	G	0.990429403202	A	0.00447598253275	123	67	27217	73	27480	166309
UNKNOWN	271	C	0.98904657933	G	0.00556768558952	127	27179	153	21	27480	166309
UNKNOWN	272	C	0.988719068413	A	0.00589519650655	162	27170	59	89	27480	166309
UNKNOWN	273	A	0.987190684134	G	0.0066229985444	27128	68	182	102	27480	166309
UNKNOWN	274	C	0.985589519651	A	0.00640465793304	176	27084	120	100	27480	166309
UNKNOWN	275	A	0.969541484716	G	0.0177583697234	26643	171	488	178	27480	166309
UNKNOWN	276	T	0.991048034934	G	0.00360262008734	74	73	99	27234	27480	166309
UNKNOWN	277	A	0.990320232897	C	0.00454876273654	27214	125	86	55	27480	166309
UNKNOWN	278	C	0.95807860262	T	0.0387918486172	59	26328	27	1066	27480	166309
UNKNOWN	279	T	0.980276564774	C	0.00891557496361	135	245	162	26938	27480	166309
UNKNOWN	280	A	0.973034934498	T	0.0115356622999	26739	255	169	317	27480	166309
UNKNOWN	281	C	0.973871906841	T	0.022634643377	44	26762	52	622	27480	166309
UNKNOWN	282	T	0.987154294032	G	0.00866084425036	76	39	238	27127	27480	166309
