Type	Position	Nucl1	Freq1	Nucl2	Freq2	NumAs	NumCs	NumGs	NumTs	NumAligned	NumNaive
UNKNOWN	0	C	1.0	A	0.0	0	6883	0	0	6883	86270
UNKNOWN	1	A	1.0	C	0.0	6883	0	0	0	6883	86270
UNKNOWN	2	G	1.0	A	0.0	0	0	6883	0	6883	86270
UNKNOWN	3	G	1.0	A	0.0	0	0	6883	0	6883	86270
UNKNOWN	4	T	1.0	A	0.0	0	0	0	6883	6883	86270
UNKNOWN	5	G	1.0	A	0.0	0	0	6883	0	6883	86270
UNKNOWN	6	C	1.0	A	0.0	0	6883	0	0	6883	86270
UNKNOWN	7	A	0.995786720907	G	0.00334156617754	6854	0	23	6	6883	86270
UNKNOWN	8	G	0.991137585355	A	0.00668313235508	46	13	6822	2	6883	86270
UNKNOWN	9	C	0.998401859654	T	0.00130756937382	1	6872	1	9	6883	86270
UNKNOWN	10	T	0.999418858056	C	0.00058114194392	0	4	0	6879	6883	86270
UNKNOWN	11	G	0.999128287084	A	0.00043585645794	3	2	6877	1	6883	86270
UNKNOWN	12	C	0.999854714514	T	0.00014528548598	0	6882	0	1	6883	86270
UNKNOWN	13	G	0.998983001598	A	0.00087171291588	6	0	6876	1	6883	86270
UNKNOWN	14	C	0.853552230132	G	0.145430771466	2	5875	1001	5	6883	86270
UNKNOWN	15	G	0.99927357257	A	0.00043585645794	3	1	6878	1	6883	86270
UNKNOWN	16	A	0.996949004794	G	0.00203399680372	6862	7	14	0	6883	86270
UNKNOWN	17	G	0.993026296673	A	0.00682841784106	47	0	6835	1	6883	86270
UNKNOWN	18	T	0.995496149935	G	0.00246985326166	4	10	17	6852	6883	86270
UNKNOWN	19	C	0.999128287084	T	0.00058114194392	1	6877	1	4	6883	86270
UNKNOWN	20	G	0.996077291879	A	0.00334156617754	23	3	6856	1	6883	86270
UNKNOWN	21	G	0.999564143542	A	0.00014528548598	1	1	6880	1	6883	86270
UNKNOWN	22	G	0.999418858056	A	0.00029057097196	2	2	6879	0	6883	86270
UNKNOWN	23	C	0.999418858056	A	0.00029057097196	2	6879	0	2	6883	86270
UNKNOWN	24	C	0.998111288682	A	0.00087171291588	6	6870	1	6	6883	86270
UNKNOWN	25	C	0.999564143542	T	0.00029057097196	1	6880	0	2	6883	86270
UNKNOWN	26	C	0.999128287084	A	0.00058114194392	4	6877	0	2	6883	86270
UNKNOWN	27	A	0.99709429028	G	0.00246985326166	6863	2	17	1	6883	86270
UNKNOWN	28	G	0.987069591748	A	0.0116228388784	80	8	6794	1	6883	86270
UNKNOWN	29	C	0.99782071771	T	0.00188871131774	0	6868	2	13	6883	86270
UNKNOWN	30	C	0.998256574168	T	0.0014528548598	0	6871	2	10	6883	86270
UNKNOWN	31	T	0.998111288682	C	0.0014528548598	0	10	3	6870	6883	86270
UNKNOWN	32	G	0.997530146738	A	0.0021792822897	15	1	6866	1	6883	86270
UNKNOWN	33	G	0.997530146738	A	0.00159814034578	11	4	6866	2	6883	86270
UNKNOWN	34	T	0.998256574168	C	0.00130756937382	0	9	3	6871	6883	86270
UNKNOWN	35	G	0.998256574168	A	0.00116228388784	8	2	6871	2	6883	86270
UNKNOWN	36	A	0.996222577365	C	0.00159814034578	6857	11	9	6	6883	86270
UNKNOWN	37	A	0.995205578963	G	0.00421327909342	6850	4	29	0	6883	86270
UNKNOWN	38	G	0.999418858056	A	0.00029057097196	2	2	6879	0	6883	86270
UNKNOWN	39	C	0.997239575766	T	0.00188871131774	2	6864	4	13	6883	86270
UNKNOWN	40	C	0.999564143542	T	0.00043585645794	0	6880	0	3	6883	86270
UNKNOWN	41	C	0.999128287084	T	0.00058114194392	0	6877	2	4	6883	86270
UNKNOWN	42	T	0.99709429028	C	0.00246985326166	0	17	3	6863	6883	86270
UNKNOWN	43	C	0.998983001598	A	0.00043585645794	3	6876	1	3	6883	86270
UNKNOWN	44	A	0.997239575766	G	0.00174342583176	6864	6	12	1	6883	86270
UNKNOWN	45	C	0.999128287084	A	0.00058114194392	4	6877	1	1	6883	86270
UNKNOWN	46	A	0.997530146738	G	0.00203399680372	6866	1	14	2	6883	86270
UNKNOWN	47	G	0.998111288682	A	0.00174342583176	12	1	6870	0	6883	86270
UNKNOWN	48	A	0.997530146738	G	0.00159814034578	6866	4	11	2	6883	86270
UNKNOWN	49	C	0.998111288682	G	0.00159814034578	1	6870	11	1	6883	86270
UNKNOWN	50	C	0.999128287084	G	0.00058114194392	1	6877	4	1	6883	86270
UNKNOWN	51	C	0.99927357257	T	0.0007264274299	0	6878	0	5	6883	86270
UNKNOWN	52	T	0.998401859654	C	0.0014528548598	0	10	1	6872	6883	86270
UNKNOWN	53	C	0.999418858056	T	0.00029057097196	0	6879	2	2	6883	86270
UNKNOWN	54	T	0.997675432224	C	0.00174342583176	2	12	2	6867	6883	86270
UNKNOWN	55	C	0.997239575766	T	0.0021792822897	4	6864	0	15	6883	86270
UNKNOWN	56	C	0.993898009589	T	0.0058114194392	0	6841	2	40	6883	86270
UNKNOWN	57	C	0.998692430626	G	0.00087171291588	0	6874	6	3	6883	86270
UNKNOWN	58	T	0.997239575766	C	0.00276042423362	0	19	0	6864	6883	86270
UNKNOWN	59	C	0.996949004794	G	0.00174342583176	2	6862	12	7	6883	86270
UNKNOWN	60	A	0.996949004794	G	0.00174342583176	6862	6	12	3	6883	86270
UNKNOWN	61	C	0.991282870841	G	0.00566613395322	1	6823	39	20	6883	86270
UNKNOWN	62	C	0.995350864449	T	0.00377742263548	2	6851	4	26	6883	86270
UNKNOWN	63	T	0.99854714514	C	0.00116228388784	0	8	2	6873	6883	86270
UNKNOWN	64	G	0.999564143542	C	0.00029057097196	0	2	6880	1	6883	86270
UNKNOWN	65	C	0.998111288682	T	0.00116228388784	5	6870	0	8	6883	86270
UNKNOWN	66	A	0.996949004794	G	0.0021792822897	6862	6	15	0	6883	86270
UNKNOWN	67	C	0.99854714514	G	0.00087171291588	2	6873	6	2	6883	86270
UNKNOWN	68	G	0.988958303066	A	0.00682841784106	47	2	6807	27	6883	86270
UNKNOWN	69	G	0.966148481767	A	0.0321080924016	221	6	6650	6	6883	86270
UNKNOWN	70	T	0.973848612524	C	0.0257155310185	0	177	3	6703	6883	86270
UNKNOWN	71	C	0.98590730786	G	0.00900770013076	7	6786	62	28	6883	86270
UNKNOWN	72	T	0.996949004794	C	0.00246985326166	0	17	4	6862	6883	86270
UNKNOWN	73	C	0.99927357257	T	0.00043585645794	2	6878	0	3	6883	86270
UNKNOWN	74	T	0.997675432224	C	0.00101699840186	4	7	5	6867	6883	86270
UNKNOWN	75	G	0.998111288682	A	0.00188871131774	13	0	6870	0	6883	86270
UNKNOWN	76	G	0.994624437019	A	0.00392270812146	27	9	6846	1	6883	86270
UNKNOWN	77	A	0.991573441813	C	0.00537556298126	6825	37	18	3	6883	86270
UNKNOWN	78	T	0.880865901496	G	0.0592764782798	18	394	408	6063	6883	86270
UNKNOWN	79	T	0.956123783234	G	0.02891181171	27	76	199	6581	6883	86270
UNKNOWN	80	C	0.990847014383	T	0.0043585645794	12	6820	21	30	6883	86270
UNKNOWN	81	T	0.99709429028	C	0.00246985326166	0	17	3	6863	6883	86270
UNKNOWN	82	C	0.996949004794	T	0.00174342583176	9	6862	0	12	6883	86270
UNKNOWN	83	A	0.993026296673	G	0.00479442103734	6835	12	33	3	6883	86270
UNKNOWN	84	T	0.983292169112	C	0.00915298561674	42	63	10	6768	6883	86270
UNKNOWN	85	T	0.992735725701	C	0.00624727589714	0	43	7	6833	6883	86270
UNKNOWN	86	G	0.988522446608	A	0.0094435565887	65	4	6804	10	6883	86270
UNKNOWN	87	A	0.963388057533	G	0.0332703762894	6631	16	229	7	6883	86270
UNKNOWN	88	G	0.959755920384	C	0.0231003922708	114	159	6606	4	6883	86270
UNKNOWN	89	C	0.968037193084	T	0.0204852535232	36	6663	43	141	6883	86270
UNKNOWN	90	A	0.958593636496	G	0.0370477989249	6598	25	255	5	6883	86270
UNKNOWN	91	G	0.861833502833	A	0.0958884207468	660	232	5932	59	6883	86270
UNKNOWN	92	C	0.953508644486	T	0.0223739648409	110	6563	56	154	6883	86270
UNKNOWN	93	T	0.97181461572	G	0.0120586953363	53	58	83	6689	6883	86270
UNKNOWN	94	A	0.970071189888	C	0.0158361179718	6677	109	55	42	6883	86270
UNKNOWN	95	T	0.987069591748	C	0.00755484527096	10	52	27	6794	6883	86270
UNKNOWN	96	G	0.91617027459	A	0.0597123347378	411	75	6306	91	6883	86270
UNKNOWN	97	C	0.936219671655	G	0.0316722359436	55	6444	218	166	6883	86270
UNKNOWN	98	T	0.993026296673	C	0.00377742263548	12	26	10	6835	6883	86270
UNKNOWN	99	G	0.961063489757	A	0.036176086009	249	6	6615	13	6883	86270
UNKNOWN	100	T	0.995641435421	C	0.0036321371495	3	25	2	6853	6883	86270
UNKNOWN	101	A	0.95481621386	G	0.0300740955978	6572	58	207	46	6883	86270
UNKNOWN	102	A	0.787447334011	G	0.197878831905	5420	45	1362	56	6883	86270
UNKNOWN	103	G	0.7419729769	A	0.11492081941	791	549	5107	436	6883	86270
UNKNOWN	104	C	0.972976899608	T	0.0191776841494	29	6697	25	132	6883	86270
UNKNOWN	105	T	0.99854714514	C	0.0007264274299	1	5	4	6873	6883	86270
UNKNOWN	106	G	0.999128287084	T	0.00043585645794	1	2	6877	3	6883	86270
UNKNOWN	107	G	0.99927357257	A	0.00058114194392	4	0	6878	1	6883	86270
UNKNOWN	108	G	0.969780618916	A	0.0149644050559	103	73	6675	32	6883	86270
UNKNOWN	109	T	0.995641435421	C	0.00392270812146	3	27	0	6853	6883	86270
UNKNOWN	110	A	0.606712189452	C	0.38021211681	4176	2617	86	4	6883	86270
UNKNOWN	111	C	0.998837716112	G	0.00087171291588	1	6875	6	1	6883	86270
UNKNOWN	112	G	0.998837716112	A	0.0007264274299	5	3	6875	0	6883	86270
UNKNOWN	113	C	0.996077291879	T	0.00334156617754	1	6856	3	23	6883	86270
UNKNOWN	114	C	0.998111288682	A	0.0014528548598	10	6870	1	2	6883	86270
UNKNOWN	115	A	0.984599738486	G	0.0149644050559	6777	3	103	0	6883	86270
UNKNOWN	116	G	0.997530146738	A	0.00203399680372	14	2	6866	1	6883	86270
UNKNOWN	117	G	0.985471451402	A	0.0114775533924	79	15	6783	6	6883	86270
UNKNOWN	118	C	0.995641435421	T	0.00261513874764	5	6853	7	18	6883	86270
UNKNOWN	119	T	0.994915007991	C	0.0036321371495	2	25	8	6848	6883	86270
UNKNOWN	120	C	0.999564143542	A	0.00014528548598	1	6880	1	1	6883	86270
UNKNOWN	121	C	0.996803719308	G	0.00232456777568	4	6861	16	2	6883	86270
UNKNOWN	122	A	0.991428156327	G	0.0065378468691	6824	10	45	4	6883	86270
UNKNOWN	123	G	0.99782071771	A	0.00159814034578	11	4	6868	0	6883	86270
UNKNOWN	124	G	0.998111288682	A	0.00101699840186	7	5	6870	1	6883	86270
UNKNOWN	125	G	0.986488449804	A	0.0135115501961	93	0	6790	0	6883	86270
UNKNOWN	126	A	0.997530146738	G	0.00159814034578	6866	6	11	0	6883	86270
UNKNOWN	127	A	0.993026296673	G	0.00610199041116	6835	4	42	2	6883	86270
UNKNOWN	128	G	0.999418858056	T	0.00029057097196	1	1	6879	2	6883	86270
UNKNOWN	129	G	0.991718727299	A	0.0050849920093	35	22	6826	0	6883	86270
UNKNOWN	130	C	0.991573441813	T	0.00624727589714	4	6825	11	43	6883	86270
UNKNOWN	131	G	0.960046491356	A	0.0226645358129	156	66	6608	53	6883	86270
UNKNOWN	132	C	0.98881301758	T	0.00784541624292	18	6806	5	54	6883	86270
UNKNOWN	133	T	0.993171582159	C	0.0050849920093	3	35	9	6836	6883	86270
UNKNOWN	134	G	0.970071189888	T	0.0261513874764	25	1	6677	180	6883	86270
UNKNOWN	135	G	0.997675432224	A	0.00159814034578	11	3	6867	2	6883	86270
UNKNOWN	136	A	0.995205578963	G	0.00305099520558	6850	4	21	8	6883	86270
UNKNOWN	137	G	0.942466947552	A	0.0467819264855	322	69	6487	5	6883	86270
UNKNOWN	138	T	0.995350864449	C	0.00377742263548	1	26	5	6851	6883	86270
UNKNOWN	139	G	0.993026296673	A	0.00552084846724	38	6	6835	4	6883	86270
UNKNOWN	140	G	0.78207177103	C	0.187272991428	10	1289	5383	201	6883	86270
UNKNOWN	141	C	0.904256864739	G	0.0890600029057	33	6224	613	13	6883	86270
UNKNOWN	142	T	0.997966003196	C	0.00159814034578	1	11	2	6869	6883	86270
UNKNOWN	143	T	0.79616446317	C	0.192648554409	8	1326	69	5480	6883	86270
UNKNOWN	144	G	0.992445154729	A	0.00624727589714	43	2	6831	7	6883	86270
UNKNOWN	145	G	0.986052593346	C	0.0123492663083	4	85	6787	7	6883	86270
UNKNOWN	146	T	0.98663373529	G	0.00624727589714	23	26	43	6791	6883	86270
UNKNOWN	147	G	0.876362051431	A	0.0823768705506	567	114	6032	170	6883	86270
UNKNOWN	148	A	0.79979660032	G	0.164172599157	5505	168	1130	80	6883	86270
UNKNOWN	149	T	0.939125381374	G	0.0326892343455	111	83	225	6464	6883	86270
UNKNOWN	150	A	0.965422054337	G	0.0316722359436	6645	6	218	14	6883	86270
UNKNOWN	151	T	0.995350864449	C	0.00188871131774	10	13	9	6851	6883	86270
UNKNOWN	152	A	0.934185674851	G	0.0377742263548	6430	57	260	136	6883	86270
UNKNOWN	153	A	0.931570536103	G	0.0605840476536	6412	34	417	20	6883	86270
UNKNOWN	154	G	0.819845997385	A	0.104896120878	722	403	5643	115	6883	86270
UNKNOWN	155	C	0.879848903095	T	0.0947261368589	90	6056	85	652	6883	86270
UNKNOWN	156	A	0.935202673253	G	0.0566613395322	6437	47	390	9	6883	86270
UNKNOWN	157	G	0.895975592038	A	0.0678483219526	467	174	6167	75	6883	86270
UNKNOWN	158	T	0.969054191486	G	0.0180154002615	31	58	124	6670	6883	86270
UNKNOWN	159	G	0.896120877524	A	0.0893505738777	615	81	6168	19	6883	86270
UNKNOWN	160	G	0.907162574459	A	0.0624727589714	430	165	6244	44	6883	86270
UNKNOWN	161	T	0.963823913991	G	0.0222286793549	34	62	153	6634	6883	86270
UNKNOWN	162	G	0.981839314253	A	0.0172889728316	119	3	6758	3	6883	86270
UNKNOWN	163	G	0.984309167514	A	0.0132209792242	91	10	6775	7	6883	86270
UNKNOWN	164	A	0.962661630103	G	0.0316722359436	6626	19	218	20	6883	86270
UNKNOWN	165	A	0.934621531309	G	0.0492517797472	6433	60	339	51	6883	86270
UNKNOWN	166	G	0.632863576929	A	0.184948423652	1273	568	4356	686	6883	86270
UNKNOWN	167	C	0.932006392561	T	0.0305099520558	161	6415	97	210	6883	86270
UNKNOWN	168	A	0.965131483365	G	0.0178701147755	6643	103	123	14	6883	86270
UNKNOWN	169	C	0.972686328636	T	0.0174342583176	42	6695	26	120	6883	86270
UNKNOWN	170	A	0.982420456196	G	0.0116228388784	6762	15	80	26	6883	86270
UNKNOWN	171	G	0.872729914282	T	0.0887694319337	206	59	6007	611	6883	86270
UNKNOWN	172	G	0.72715385733	A	0.211099811129	1453	224	5005	201	6883	86270
UNKNOWN	173	C	0.973412756066	T	0.0139474066541	14	6700	73	96	6883	86270
UNKNOWN	174	T	0.992881011187	C	0.00421327909342	12	29	8	6834	6883	86270
UNKNOWN	175	A	0.990556443411	T	0.00610199041116	6818	14	9	42	6883	86270
UNKNOWN	176	T	0.976318465785	C	0.0209211099811	11	144	8	6720	6883	86270
UNKNOWN	177	A	0.986488449804	G	0.0058114194392	6790	38	40	15	6883	86270
UNKNOWN	178	A	0.992009298271	G	0.00464913555136	6828	22	32	1	6883	86270
UNKNOWN	179	C	0.927211971524	T	0.0661048961209	13	6382	33	455	6883	86270
UNKNOWN	180	C	0.94217637658	T	0.036321371495	18	6485	130	250	6883	86270
UNKNOWN	181	C	0.98663373529	T	0.00813598721488	29	6791	7	56	6883	86270
UNKNOWN	182	A	0.987796019178	C	0.00493970652332	6799	34	32	18	6883	86270
UNKNOWN	183	G	0.986197878832	A	0.0101699840186	70	15	6788	10	6883	86270
UNKNOWN	184	C	0.988522446608	T	0.00566613395322	11	6804	29	39	6883	86270
UNKNOWN	185	C	0.998692430626	T	0.0007264274299	3	6874	1	5	6883	86270
UNKNOWN	186	C	0.992590440215	G	0.00377742263548	2	6832	26	23	6883	86270
UNKNOWN	187	T	0.996949004794	G	0.00159814034578	2	8	11	6862	6883	86270
UNKNOWN	188	G	0.973558041552	A	0.0223739648409	154	0	6701	28	6883	86270
UNKNOWN	189	A	0.987941304664	G	0.0103152695046	6800	12	71	0	6883	86270
UNKNOWN	190	A	0.993752724103	G	0.00406799360744	6840	10	28	5	6883	86270
UNKNOWN	191	A	0.990120586953	C	0.00392270812146	6815	27	25	16	6883	86270
UNKNOWN	192	T	0.990411157925	C	0.00697370332704	4	48	14	6817	6883	86270
UNKNOWN	193	C	0.989248874037	T	0.00973412756066	6	6809	1	67	6883	86270
UNKNOWN	194	C	0.992590440215	T	0.00493970652332	5	6832	12	34	6883	86270
UNKNOWN	195	C	0.996803719308	G	0.0021792822897	3	6861	15	4	6883	86270
UNKNOWN	196	G	0.997966003196	A	0.00130756937382	9	1	6869	4	6883	86270
UNKNOWN	197	G	0.889583030655	A	0.0857184367282	590	147	6123	23	6883	86270
UNKNOWN	198	C	0.993607438617	T	0.0036321371495	12	6839	7	25	6883	86270
UNKNOWN	199	T	0.995932006393	C	0.00334156617754	3	23	2	6855	6883	86270
UNKNOWN	200	C	0.992154583757	A	0.0036321371495	25	6829	20	9	6883	86270
UNKNOWN	201	A	0.986197878832	G	0.0106058404765	6788	22	73	0	6883	86270
UNKNOWN	202	G	0.971524044748	C	0.0244079616446	19	168	6687	9	6883	86270
UNKNOWN	203	C	0.943338660468	T	0.0342873746913	44	6493	110	236	6883	86270
UNKNOWN	204	A	0.979369460991	G	0.0164172599157	6741	13	113	16	6883	86270
UNKNOWN	205	T	0.996077291879	C	0.00305099520558	3	21	3	6856	6883	86270
UNKNOWN	206	C	0.990556443411	A	0.0050849920093	35	6818	6	24	6883	86270
UNKNOWN	207	A	0.992735725701	G	0.00334156617754	6833	14	23	13	6883	86270
UNKNOWN	208	C	0.991864012785	T	0.00421327909342	10	6827	17	29	6883	86270
UNKNOWN	209	C	0.977771320645	T	0.00828127270086	42	6730	54	57	6883	86270
UNKNOWN	210	A	0.994479151533	G	0.00305099520558	6845	17	21	0	6883	86270
UNKNOWN	211	A	0.984745023972	G	0.014237977626	6778	4	98	3	6883	86270
UNKNOWN	212	G	0.989684730495	A	0.00711898881302	49	9	6812	13	6883	86270
UNKNOWN	213	G	0.991573441813	A	0.00610199041116	42	13	6825	3	6883	86270
UNKNOWN	214	A	0.992590440215	C	0.00537556298126	6832	37	10	4	6883	86270
UNKNOWN	215	C	0.972105186692	T	0.0164172599157	20	6691	59	113	6883	86270
UNKNOWN	216	A	0.989975301467	G	0.00711898881302	6814	13	49	7	6883	86270
UNKNOWN	217	A	0.986052593346	G	0.007264274299	6787	34	50	12	6883	86270
UNKNOWN	218	C	0.976609036757	T	0.014237977626	13	6722	50	98	6883	86270
UNKNOWN	219	T	0.993171582159	C	0.0036321371495	6	25	16	6836	6883	86270
UNKNOWN	220	C	0.998401859654	A	0.00101699840186	7	6872	2	2	6883	86270
UNKNOWN	221	C	0.990411157925	A	0.00406799360744	28	6817	11	27	6883	86270
UNKNOWN	222	A	0.98808659015	G	0.00639256138312	6801	37	44	1	6883	86270
UNKNOWN	223	A	0.98736016272	G	0.0110416969345	6796	4	76	7	6883	86270
UNKNOWN	224	G	0.991573441813	C	0.00450385006538	21	31	6825	6	6883	86270
UNKNOWN	225	A	0.990847014383	G	0.007264274299	6820	11	50	2	6883	86270
UNKNOWN	226	G	0.959755920384	A	0.0341420892053	235	35	6606	7	6883	86270
UNKNOWN	227	C	0.97108818829	T	0.0223739648409	23	6684	22	154	6883	86270
UNKNOWN	228	C	0.993171582159	A	0.00377742263548	26	6836	19	2	6883	86270
UNKNOWN	229	A	0.996077291879	G	0.00305099520558	6856	2	21	4	6883	86270
UNKNOWN	230	A	0.985616736888	G	0.0127851227662	6784	10	88	1	6883	86270
UNKNOWN	231	G	0.962080488159	A	0.0249891035886	172	56	6622	33	6883	86270
UNKNOWN	232	T	0.992881011187	C	0.0065378468691	1	45	3	6834	6883	86270
UNKNOWN	233	C	0.965567339823	G	0.022083393869	4	6646	152	81	6883	86270
UNKNOWN	234	T	0.993752724103	C	0.00421327909342	3	29	11	6840	6883	86270
UNKNOWN	235	C	0.995060293477	T	0.0036321371495	9	6849	0	25	6883	86270
UNKNOWN	236	T	0.986052593346	C	0.00958884207468	3	66	27	6787	6883	86270
UNKNOWN	237	C	0.992445154729	T	0.00392270812146	16	6831	9	27	6883	86270
UNKNOWN	238	T	0.996367862851	G	0.00203399680372	3	8	14	6858	6883	86270
UNKNOWN	239	G	0.940432950748	A	0.0482347813453	332	55	6473	23	6883	86270
UNKNOWN	240	T	0.988231875636	G	0.00828127270086	7	17	57	6802	6883	86270
UNKNOWN	241	C	0.991864012785	T	0.00523027749528	18	6827	2	36	6883	86270
UNKNOWN	242	A	0.980822315851	G	0.0106058404765	6751	56	73	3	6883	86270
UNKNOWN	243	G	0.900043585646	C	0.0598576202237	230	412	6195	46	6883	86270
UNKNOWN	244	T	0.994333866047	C	0.00334156617754	2	23	14	6844	6883	86270
UNKNOWN	245	G	0.975301467383	A	0.0139474066541	96	30	6713	44	6883	86270
UNKNOWN	246	A	0.984745023972	G	0.0132209792242	6778	13	91	1	6883	86270
UNKNOWN	247	G	0.933604532907	A	0.0345779456632	238	164	6426	55	6883	86270
UNKNOWN	248	C	0.969054191486	T	0.0213569664391	37	6670	29	147	6883	86270
UNKNOWN	249	A	0.986052593346	G	0.0117681243644	6787	13	81	2	6883	86270
UNKNOWN	250	G	0.98518088043	A	0.00886241464478	61	35	6781	6	6883	86270
UNKNOWN	251	C	0.986488449804	T	0.0101699840186	5	6790	18	70	6883	86270
UNKNOWN	252	G	0.989394159523	A	0.00464913555136	32	23	6810	18	6883	86270
UNKNOWN	253	T	0.992445154729	C	0.00421327909342	2	29	21	6831	6883	86270
UNKNOWN	254	G	0.981403457795	A	0.0132209792242	91	19	6755	18	6883	86270
UNKNOWN	255	A	0.981694028767	G	0.0106058404765	6757	17	73	36	6883	86270
UNKNOWN	256	C	0.992881011187	T	0.0036321371495	22	6834	2	25	6883	86270
UNKNOWN	257	A	0.976899607729	G	0.0127851227662	6724	26	88	45	6883	86270
UNKNOWN	258	C	0.889437745169	A	0.0987941304664	680	6122	56	25	6883	86270
UNKNOWN	259	C	0.986343164318	T	0.00697370332704	14	6789	32	48	6883	86270
UNKNOWN	260	T	0.981112886823	G	0.00900770013076	19	49	62	6753	6883	86270
UNKNOWN	261	G	0.988958303066	A	0.00610199041116	42	9	6807	25	6883	86270
UNKNOWN	262	A	0.990120586953	G	0.00711898881302	6815	12	49	7	6883	86270
UNKNOWN	263	G	0.96745605114	C	0.014528548598	93	100	6659	31	6883	86270
UNKNOWN	264	G	0.990847014383	A	0.00639256138312	44	7	6820	12	6883	86270
UNKNOWN	265	A	0.988231875636	C	0.00493970652332	6802	34	31	16	6883	86270
UNKNOWN	266	C	0.983437454598	A	0.00624727589714	43	6769	28	43	6883	86270
UNKNOWN	267	A	0.986343164318	T	0.0058114194392	6789	17	37	40	6883	86270
UNKNOWN	268	C	0.991282870841	G	0.00334156617754	22	6823	23	15	6883	86270
UNKNOWN	269	G	0.992590440215	A	0.00348685166352	24	14	6832	13	6883	86270
UNKNOWN	270	G	0.989539445009	A	0.00537556298126	37	15	6811	20	6883	86270
UNKNOWN	271	C	0.993171582159	A	0.00334156617754	23	6836	16	8	6883	86270
UNKNOWN	272	C	0.989394159523	A	0.0043585645794	30	6810	13	30	6883	86270
UNKNOWN	273	A	0.988231875636	G	0.00770013075694	6802	17	53	11	6883	86270
UNKNOWN	274	C	0.98300159814	A	0.00711898881302	49	6766	34	34	6883	86270
UNKNOWN	275	A	0.966584338225	G	0.0206305390092	6653	46	142	42	6883	86270
UNKNOWN	276	T	0.992590440215	G	0.00377742263548	18	7	26	6832	6883	86270
UNKNOWN	277	A	0.993171582159	C	0.0036321371495	6836	25	12	10	6883	86270
UNKNOWN	278	C	0.950602934767	T	0.0475083539154	11	6543	2	327	6883	86270
UNKNOWN	279	T	0.983292169112	C	0.00697370332704	38	48	29	6768	6883	86270
UNKNOWN	280	A	0.976027894813	T	0.0106058404765	6718	60	32	73	6883	86270
UNKNOWN	281	C	0.977190178701	T	0.0209211099811	8	6726	5	144	6883	86270
UNKNOWN	282	T	0.987069591748	G	0.0087171291588	18	11	60	6794	6883	86270
