Type	Position	Nucl1	Freq1	Nucl2	Freq2	NumAs	NumCs	NumGs	NumTs	NumAligned	NumNaive
UNKNOWN	0	A	1.0	C	0.0	1196	0	0	0	1196	90786
UNKNOWN	1	A	1.0	C	0.0	1196	0	0	0	1196	90786
UNKNOWN	2	G	1.0	A	0.0	0	0	1196	0	1196	90786
UNKNOWN	3	G	1.0	A	0.0	0	0	1196	0	1196	90786
UNKNOWN	4	T	1.0	A	0.0	0	0	0	1196	1196	90786
UNKNOWN	5	G	1.0	A	0.0	0	0	1196	0	1196	90786
UNKNOWN	6	C	1.0	A	0.0	0	1196	0	0	1196	90786
UNKNOWN	7	A	0.999163879599	G	0.000836120401338	1195	0	1	0	1196	90786
UNKNOWN	8	G	0.996655518395	A	0.00334448160535	4	0	1192	0	1196	90786
UNKNOWN	9	C	0.998327759197	G	0.00167224080268	0	1194	2	0	1196	90786
UNKNOWN	10	T	0.998327759197	C	0.00167224080268	0	2	0	1194	1196	90786
UNKNOWN	11	G	0.999163879599	A	0.000836120401338	1	0	1195	0	1196	90786
UNKNOWN	12	C	1.0	A	0.0	0	1196	0	0	1196	90786
UNKNOWN	13	G	0.519230769231	A	0.470735785953	563	12	621	0	1196	90786
UNKNOWN	14	G	0.966555183946	C	0.0334448160535	0	40	1156	0	1196	90786
UNKNOWN	15	G	0.999163879599	C	0.000836120401338	0	1	1195	0	1196	90786
UNKNOWN	16	A	0.996655518395	G	0.00167224080268	1192	1	2	1	1196	90786
UNKNOWN	17	G	0.996655518395	T	0.00167224080268	1	1	1192	2	1196	90786
UNKNOWN	18	T	1.0	A	0.0	0	0	0	1196	1196	90786
UNKNOWN	19	C	0.998327759197	T	0.00167224080268	0	1194	0	2	1196	90786
UNKNOWN	20	G	0.594481605351	A	0.404682274247	484	0	711	1	1196	90786
UNKNOWN	21	G	1.0	A	0.0	0	0	1196	0	1196	90786
UNKNOWN	22	G	1.0	A	0.0	0	0	1196	0	1196	90786
UNKNOWN	23	C	0.950668896321	T	0.0493311036789	0	1137	0	59	1196	90786
UNKNOWN	24	C	0.999163879599	T	0.000836120401338	0	1195	0	1	1196	90786
UNKNOWN	25	C	1.0	A	0.0	0	1196	0	0	1196	90786
UNKNOWN	26	C	0.999163879599	A	0.000836120401338	1	1195	0	0	1196	90786
UNKNOWN	27	A	0.988294314381	G	0.0117056856187	1182	0	14	0	1196	90786
UNKNOWN	28	G	0.989130434783	C	0.00752508361204	4	9	1183	0	1196	90786
UNKNOWN	29	C	0.994147157191	T	0.00585284280936	0	1189	0	7	1196	90786
UNKNOWN	30	C	0.999163879599	T	0.000836120401338	0	1195	0	1	1196	90786
UNKNOWN	31	T	0.998327759197	G	0.00167224080268	0	0	2	1194	1196	90786
UNKNOWN	32	G	0.996655518395	A	0.00334448160535	4	0	1192	0	1196	90786
UNKNOWN	33	G	0.991638795987	A	0.00752508361204	9	0	1186	1	1196	90786
UNKNOWN	34	T	0.998327759197	C	0.000836120401338	0	1	1	1194	1196	90786
UNKNOWN	35	G	0.996655518395	A	0.00250836120401	3	0	1192	1	1196	90786
UNKNOWN	36	A	0.996655518395	C	0.00167224080268	1192	2	2	0	1196	90786
UNKNOWN	37	A	0.994983277592	C	0.00250836120401	1190	3	3	0	1196	90786
UNKNOWN	38	G	0.999163879599	C	0.000836120401338	0	1	1195	0	1196	90786
UNKNOWN	39	C	0.999163879599	A	0.000836120401338	1	1195	0	0	1196	90786
UNKNOWN	40	C	0.999163879599	G	0.000836120401338	0	1195	1	0	1196	90786
UNKNOWN	41	C	0.994983277592	G	0.00334448160535	0	1190	4	2	1196	90786
UNKNOWN	42	T	0.997491638796	C	0.00167224080268	1	2	0	1193	1196	90786
UNKNOWN	43	C	0.999163879599	A	0.000836120401338	1	1195	0	0	1196	90786
UNKNOWN	44	A	0.995819397993	C	0.00250836120401	1191	3	1	1	1196	90786
UNKNOWN	45	C	0.999163879599	A	0.000836120401338	1	1195	0	0	1196	90786
UNKNOWN	46	A	0.998327759197	G	0.00167224080268	1194	0	2	0	1196	90786
UNKNOWN	47	G	0.998327759197	A	0.000836120401338	1	1	1194	0	1196	90786
UNKNOWN	48	A	0.996655518395	G	0.00250836120401	1192	1	3	0	1196	90786
UNKNOWN	49	C	1.0	A	0.0	0	1196	0	0	1196	90786
UNKNOWN	50	C	0.998327759197	A	0.000836120401338	1	1194	1	0	1196	90786
UNKNOWN	51	C	0.999163879599	T	0.000836120401338	0	1195	0	1	1196	90786
UNKNOWN	52	T	0.996655518395	C	0.00250836120401	1	3	0	1192	1196	90786
UNKNOWN	53	C	0.996655518395	T	0.00334448160535	0	1192	0	4	1196	90786
UNKNOWN	54	T	0.995819397993	C	0.00418060200669	0	5	0	1191	1196	90786
UNKNOWN	55	C	0.998327759197	T	0.000836120401338	0	1194	1	1	1196	90786
UNKNOWN	56	C	0.999163879599	T	0.000836120401338	0	1195	0	1	1196	90786
UNKNOWN	57	C	0.997491638796	T	0.00250836120401	0	1193	0	3	1196	90786
UNKNOWN	58	T	0.996655518395	A	0.00167224080268	2	2	0	1192	1196	90786
UNKNOWN	59	C	0.997491638796	A	0.00167224080268	2	1193	0	1	1196	90786
UNKNOWN	60	A	0.994147157191	C	0.00418060200669	1189	5	2	0	1196	90786
UNKNOWN	61	C	0.998327759197	T	0.00167224080268	0	1194	0	2	1196	90786
UNKNOWN	62	C	0.999163879599	T	0.000836120401338	0	1195	0	1	1196	90786
UNKNOWN	63	T	0.996655518395	C	0.00250836120401	0	3	1	1192	1196	90786
UNKNOWN	64	G	0.997491638796	A	0.00167224080268	2	1	1193	0	1196	90786
UNKNOWN	65	C	0.999163879599	A	0.000836120401338	1	1195	0	0	1196	90786
UNKNOWN	66	A	0.985785953177	G	0.0125418060201	1179	2	15	0	1196	90786
UNKNOWN	67	C	0.968227424749	T	0.0225752508361	0	1158	11	27	1196	90786
UNKNOWN	68	G	0.995819397993	C	0.00250836120401	2	3	1191	0	1196	90786
UNKNOWN	69	A	0.981605351171	G	0.0167224080268	1174	2	20	0	1196	90786
UNKNOWN	70	C	0.982441471572	T	0.0150501672241	0	1175	3	18	1196	90786
UNKNOWN	71	C	0.989130434783	G	0.0066889632107	1	1183	8	4	1196	90786
UNKNOWN	72	T	0.996655518395	C	0.00334448160535	0	4	0	1192	1196	90786
UNKNOWN	73	C	0.997491638796	A	0.00167224080268	2	1193	0	1	1196	90786
UNKNOWN	74	T	0.998327759197	C	0.000836120401338	0	1	1	1194	1196	90786
UNKNOWN	75	G	0.998327759197	A	0.00167224080268	2	0	1194	0	1196	90786
UNKNOWN	76	G	0.993311036789	A	0.0066889632107	8	0	1188	0	1196	90786
UNKNOWN	77	A	0.989966555184	C	0.00418060200669	1184	5	3	4	1196	90786
UNKNOWN	78	T	0.997491638796	C	0.00250836120401	0	3	0	1193	1196	90786
UNKNOWN	79	T	0.999163879599	C	0.000836120401338	0	1	0	1195	1196	90786
UNKNOWN	80	C	0.995819397993	G	0.00250836120401	0	1191	3	2	1196	90786
UNKNOWN	81	T	0.994983277592	C	0.00250836120401	1	3	2	1190	1196	90786
UNKNOWN	82	C	0.999163879599	A	0.000836120401338	1	1195	0	0	1196	90786
UNKNOWN	83	A	0.992474916388	G	0.00501672240803	1187	2	6	1	1196	90786
UNKNOWN	84	T	0.994983277592	C	0.00334448160535	1	4	1	1190	1196	90786
UNKNOWN	85	T	0.998327759197	G	0.00167224080268	0	0	2	1194	1196	90786
UNKNOWN	86	G	0.996655518395	A	0.00167224080268	2	1	1192	1	1196	90786
UNKNOWN	87	A	0.991638795987	G	0.00418060200669	1186	4	5	1	1196	90786
UNKNOWN	88	C	0.954849498328	T	0.0334448160535	3	1142	11	40	1196	90786
UNKNOWN	89	C	0.98745819398	T	0.0100334448161	3	1181	0	12	1196	90786
UNKNOWN	90	A	0.990802675585	G	0.00585284280936	1185	4	7	0	1196	90786
UNKNOWN	91	G	0.939799331104	A	0.0434782608696	52	20	1124	0	1196	90786
UNKNOWN	92	C	0.957357859532	T	0.0409698996656	2	1145	0	49	1196	90786
UNKNOWN	93	T	0.985785953177	A	0.00585284280936	7	7	3	1179	1196	90786
UNKNOWN	94	A	0.976588628763	T	0.0108695652174	1168	12	3	13	1196	90786
UNKNOWN	95	T	0.994983277592	C	0.00334448160535	0	4	2	1190	1196	90786
UNKNOWN	96	G	0.98745819398	A	0.00919732441472	11	4	1181	0	1196	90786
UNKNOWN	97	G	0.955685618729	C	0.0259197324415	17	31	1143	5	1196	90786
UNKNOWN	98	T	0.996655518395	C	0.00250836120401	0	3	1	1192	1196	90786
UNKNOWN	99	G	0.989966555184	A	0.00585284280936	7	0	1184	5	1196	90786
UNKNOWN	100	T	0.998327759197	A	0.000836120401338	1	0	1	1194	1196	90786
UNKNOWN	101	A	0.986622073579	C	0.0066889632107	1180	8	7	1	1196	90786
UNKNOWN	102	A	0.989130434783	G	0.00585284280936	1183	5	7	1	1196	90786
UNKNOWN	103	G	0.809364548495	A	0.114548494983	137	56	968	35	1196	90786
UNKNOWN	104	C	0.984949832776	T	0.0108695652174	5	1178	0	13	1196	90786
UNKNOWN	105	T	0.998327759197	G	0.00167224080268	0	0	2	1194	1196	90786
UNKNOWN	106	G	1.0	A	0.0	0	0	1196	0	1196	90786
UNKNOWN	107	G	1.0	A	0.0	0	0	1196	0	1196	90786
UNKNOWN	108	G	0.984949832776	A	0.0100334448161	12	5	1178	1	1196	90786
UNKNOWN	109	T	0.996655518395	C	0.00250836120401	1	3	0	1192	1196	90786
UNKNOWN	110	C	0.996655518395	G	0.00167224080268	1	1192	2	1	1196	90786
UNKNOWN	111	C	0.997491638796	A	0.00167224080268	2	1193	1	0	1196	90786
UNKNOWN	112	G	0.999163879599	C	0.000836120401338	0	1	1195	0	1196	90786
UNKNOWN	113	C	0.999163879599	T	0.000836120401338	0	1195	0	1	1196	90786
UNKNOWN	114	C	0.999163879599	A	0.000836120401338	1	1195	0	0	1196	90786
UNKNOWN	115	A	0.997491638796	G	0.00167224080268	1193	1	2	0	1196	90786
UNKNOWN	116	G	0.999163879599	A	0.000836120401338	1	0	1195	0	1196	90786
UNKNOWN	117	G	0.998327759197	A	0.000836120401338	1	1	1194	0	1196	90786
UNKNOWN	118	C	0.997491638796	T	0.00167224080268	1	1193	0	2	1196	90786
UNKNOWN	119	T	0.996655518395	C	0.00250836120401	0	3	1	1192	1196	90786
UNKNOWN	120	C	0.998327759197	T	0.00167224080268	0	1194	0	2	1196	90786
UNKNOWN	121	C	0.999163879599	A	0.000836120401338	1	1195	0	0	1196	90786
UNKNOWN	122	A	0.991638795987	G	0.00836120401338	1186	0	10	0	1196	90786
UNKNOWN	123	G	1.0	A	0.0	0	0	1196	0	1196	90786
UNKNOWN	124	G	0.998327759197	A	0.000836120401338	1	1	1194	0	1196	90786
UNKNOWN	125	A	0.523411371237	G	0.47491638796	626	2	568	0	1196	90786
UNKNOWN	126	A	0.998327759197	G	0.00167224080268	1194	0	2	0	1196	90786
UNKNOWN	127	A	0.993311036789	G	0.00585284280936	1188	1	7	0	1196	90786
UNKNOWN	128	G	1.0	A	0.0	0	0	1196	0	1196	90786
UNKNOWN	129	G	0.995819397993	C	0.00250836120401	2	3	1191	0	1196	90786
UNKNOWN	130	C	0.998327759197	G	0.00167224080268	0	1194	2	0	1196	90786
UNKNOWN	131	G	0.992474916388	A	0.0066889632107	8	1	1187	0	1196	90786
UNKNOWN	132	C	0.997491638796	T	0.00250836120401	0	1193	0	3	1196	90786
UNKNOWN	133	T	0.995819397993	G	0.00334448160535	0	1	4	1191	1196	90786
UNKNOWN	134	G	0.992474916388	A	0.00752508361204	9	0	1187	0	1196	90786
UNKNOWN	135	G	0.998327759197	A	0.00167224080268	2	0	1194	0	1196	90786
UNKNOWN	136	A	0.999163879599	G	0.000836120401338	1195	0	1	0	1196	90786
UNKNOWN	137	G	0.993311036789	A	0.00585284280936	7	0	1188	1	1196	90786
UNKNOWN	138	T	0.998327759197	C	0.000836120401338	0	1	1	1194	1196	90786
UNKNOWN	139	G	0.997491638796	A	0.00167224080268	2	1	1193	0	1196	90786
UNKNOWN	140	G	0.984113712375	C	0.0158862876254	0	19	1177	0	1196	90786
UNKNOWN	141	C	0.996655518395	G	0.00250836120401	0	1192	3	1	1196	90786
UNKNOWN	142	T	0.997491638796	C	0.00167224080268	1	2	0	1193	1196	90786
UNKNOWN	143	C	0.992474916388	T	0.00585284280936	0	1187	2	7	1196	90786
UNKNOWN	144	G	0.998327759197	A	0.000836120401338	1	0	1194	1	1196	90786
UNKNOWN	145	G	0.998327759197	C	0.000836120401338	0	1	1194	1	1196	90786
UNKNOWN	146	T	0.985785953177	G	0.00752508361204	5	3	9	1179	1196	90786
UNKNOWN	147	G	0.848662207358	A	0.14381270903	172	4	1015	5	1196	90786
UNKNOWN	148	G	0.850334448161	A	0.130434782609	156	20	1017	3	1196	90786
UNKNOWN	149	T	0.974080267559	A	0.0192307692308	23	4	4	1165	1196	90786
UNKNOWN	150	A	0.963210702341	G	0.0301003344482	1152	0	36	8	1196	90786
UNKNOWN	151	T	0.993311036789	C	0.00501672240803	0	6	2	1188	1196	90786
UNKNOWN	152	A	0.965719063545	G	0.0292642140468	1155	5	35	1	1196	90786
UNKNOWN	153	G	0.966555183946	A	0.0326086956522	39	1	1156	0	1196	90786
UNKNOWN	154	A	0.959030100334	G	0.0309364548495	1147	7	37	5	1196	90786
UNKNOWN	155	T	0.950668896321	C	0.0317725752508	13	38	8	1137	1196	90786
UNKNOWN	156	A	0.833612040134	G	0.163879598662	997	3	196	0	1196	90786
UNKNOWN	157	G	0.936454849498	T	0.0334448160535	11	25	1120	40	1196	90786
UNKNOWN	158	T	0.990802675585	C	0.00334448160535	3	4	4	1185	1196	90786
UNKNOWN	159	G	0.91889632107	C	0.0459866220736	31	55	1099	11	1196	90786
UNKNOWN	160	G	0.951505016722	C	0.0217391304348	22	26	1138	10	1196	90786
UNKNOWN	161	T	0.993311036789	C	0.00334448160535	1	4	3	1188	1196	90786
UNKNOWN	162	G	0.998327759197	A	0.000836120401338	1	0	1194	1	1196	90786
UNKNOWN	163	G	0.992474916388	A	0.0066889632107	8	1	1187	0	1196	90786
UNKNOWN	164	A	0.93143812709	G	0.0660535117057	1114	3	79	0	1196	90786
UNKNOWN	165	A	0.981605351171	C	0.0100334448161	1174	12	9	1	1196	90786
UNKNOWN	166	G	0.863712374582	A	0.0986622073579	118	34	1033	11	1196	90786
UNKNOWN	167	C	0.841973244147	A	0.124581939799	149	1007	9	31	1196	90786
UNKNOWN	168	A	0.985785953177	G	0.0133779264214	1179	1	16	0	1196	90786
UNKNOWN	169	C	0.968227424749	T	0.0250836120401	7	1158	1	30	1196	90786
UNKNOWN	170	A	0.996655518395	G	0.00250836120401	1192	1	3	0	1196	90786
UNKNOWN	171	G	0.970735785953	A	0.0150501672241	18	14	1161	3	1196	90786
UNKNOWN	172	G	0.918060200669	A	0.0576923076923	69	13	1098	16	1196	90786
UNKNOWN	173	C	0.989966555184	T	0.0066889632107	1	1184	3	8	1196	90786
UNKNOWN	174	T	0.994983277592	C	0.00334448160535	2	4	0	1190	1196	90786
UNKNOWN	175	A	0.994147157191	T	0.00418060200669	1189	2	0	5	1196	90786
UNKNOWN	176	T	0.991638795987	C	0.0066889632107	2	8	0	1186	1196	90786
UNKNOWN	177	A	0.989130434783	C	0.00919732441472	1183	11	2	0	1196	90786
UNKNOWN	178	A	0.996655518395	C	0.00250836120401	1192	3	1	0	1196	90786
UNKNOWN	179	C	0.955685618729	T	0.0392976588629	1	1143	5	47	1196	90786
UNKNOWN	180	C	0.985785953177	T	0.0125418060201	1	1179	1	15	1196	90786
UNKNOWN	181	C	0.997491638796	A	0.00167224080268	2	1193	0	1	1196	90786
UNKNOWN	182	A	0.992474916388	G	0.00752508361204	1187	0	9	0	1196	90786
UNKNOWN	183	G	0.999163879599	C	0.000836120401338	0	1	1195	0	1196	90786
UNKNOWN	184	G	0.941471571906	C	0.0560200668896	2	67	1126	1	1196	90786
UNKNOWN	185	C	1.0	A	0.0	0	1196	0	0	1196	90786
UNKNOWN	186	C	0.997491638796	T	0.00250836120401	0	1193	0	3	1196	90786
UNKNOWN	187	T	0.997491638796	G	0.00250836120401	0	0	3	1193	1196	90786
UNKNOWN	188	G	0.989130434783	A	0.0108695652174	13	0	1183	0	1196	90786
UNKNOWN	189	A	0.996655518395	C	0.00250836120401	1192	3	1	0	1196	90786
UNKNOWN	190	A	0.996655518395	G	0.00250836120401	1192	1	3	0	1196	90786
UNKNOWN	191	A	0.98745819398	G	0.0100334448161	1181	2	12	1	1196	90786
UNKNOWN	192	T	0.55602006689	C	0.423076923077	9	506	16	665	1196	90786
UNKNOWN	193	C	0.994983277592	T	0.00334448160535	1	1190	1	4	1196	90786
UNKNOWN	194	C	0.999163879599	A	0.000836120401338	1	1195	0	0	1196	90786
UNKNOWN	195	A	0.887959866221	C	0.108695652174	1062	130	3	1	1196	90786
UNKNOWN	196	G	0.999163879599	A	0.000836120401338	1	0	1195	0	1196	90786
UNKNOWN	197	G	0.982441471572	A	0.0158862876254	19	2	1175	0	1196	90786
UNKNOWN	198	C	0.991638795987	T	0.00418060200669	4	1186	1	5	1196	90786
UNKNOWN	199	T	0.994983277592	C	0.00334448160535	1	4	1	1190	1196	90786
UNKNOWN	200	C	0.996655518395	A	0.00334448160535	4	1192	0	0	1196	90786
UNKNOWN	201	A	0.996655518395	G	0.00334448160535	1192	0	4	0	1196	90786
UNKNOWN	202	G	0.992474916388	C	0.00752508361204	0	9	1187	0	1196	90786
UNKNOWN	203	C	0.622073578595	T	0.370401337793	5	744	4	443	1196	90786
UNKNOWN	204	A	0.984949832776	C	0.00752508361204	1178	9	2	7	1196	90786
UNKNOWN	205	T	0.997491638796	C	0.00167224080268	0	2	1	1193	1196	90786
UNKNOWN	206	C	0.998327759197	A	0.00167224080268	2	1194	0	0	1196	90786
UNKNOWN	207	A	0.991638795987	C	0.00418060200669	1186	5	4	1	1196	90786
UNKNOWN	208	C	0.988294314381	G	0.0108695652174	1	1182	13	0	1196	90786
UNKNOWN	209	C	0.989966555184	T	0.00501672240803	5	1184	1	6	1196	90786
UNKNOWN	210	A	0.995819397993	G	0.00334448160535	1191	1	4	0	1196	90786
UNKNOWN	211	G	0.880434782609	A	0.11872909699	142	0	1053	1	1196	90786
UNKNOWN	212	G	0.996655518395	A	0.00167224080268	2	2	1192	0	1196	90786
UNKNOWN	213	G	0.992474916388	A	0.00418060200669	5	4	1187	0	1196	90786
UNKNOWN	214	A	0.994983277592	C	0.00250836120401	1190	3	2	1	1196	90786
UNKNOWN	215	C	0.990802675585	G	0.00585284280936	2	1185	7	2	1196	90786
UNKNOWN	216	A	0.983277591973	G	0.0150501672241	1176	1	18	1	1196	90786
UNKNOWN	217	A	0.972408026756	C	0.0192307692308	1163	23	5	5	1196	90786
UNKNOWN	218	C	0.889632107023	T	0.102006688963	2	1064	8	122	1196	90786
UNKNOWN	219	T	0.988294314381	C	0.00752508361204	2	9	3	1182	1196	90786
UNKNOWN	220	C	0.997491638796	T	0.00167224080268	1	1193	0	2	1196	90786
UNKNOWN	221	C	0.997491638796	A	0.00167224080268	2	1193	0	1	1196	90786
UNKNOWN	222	A	0.990802675585	C	0.00585284280936	1185	7	2	2	1196	90786
UNKNOWN	223	A	0.996655518395	G	0.00250836120401	1192	0	3	1	1196	90786
UNKNOWN	224	G	0.995819397993	A	0.00334448160535	4	0	1191	1	1196	90786
UNKNOWN	225	A	0.991638795987	G	0.0066889632107	1186	2	8	0	1196	90786
UNKNOWN	226	G	0.982441471572	A	0.0125418060201	15	6	1175	0	1196	90786
UNKNOWN	227	C	0.989130434783	T	0.00501672240803	1	1183	6	6	1196	90786
UNKNOWN	228	C	0.994147157191	G	0.00334448160535	3	1189	4	0	1196	90786
UNKNOWN	229	A	0.997491638796	G	0.00167224080268	1193	1	2	0	1196	90786
UNKNOWN	230	A	0.991638795987	G	0.0066889632107	1186	1	8	1	1196	90786
UNKNOWN	231	G	0.978260869565	A	0.0175585284281	21	1	1170	4	1196	90786
UNKNOWN	232	T	0.993311036789	C	0.00501672240803	1	6	1	1188	1196	90786
UNKNOWN	233	C	0.976588628763	G	0.0133779264214	1	1168	16	11	1196	90786
UNKNOWN	234	T	0.992474916388	C	0.00418060200669	2	5	2	1187	1196	90786
UNKNOWN	235	C	0.992474916388	T	0.00585284280936	1	1187	1	7	1196	90786
UNKNOWN	236	T	0.989966555184	C	0.0066889632107	1	8	3	1184	1196	90786
UNKNOWN	237	C	0.994983277592	T	0.00501672240803	0	1190	0	6	1196	90786
UNKNOWN	238	T	0.996655518395	C	0.00167224080268	0	2	2	1192	1196	90786
UNKNOWN	239	G	0.965719063545	A	0.0209030100334	25	7	1155	9	1196	90786
UNKNOWN	240	T	0.994147157191	G	0.00334448160535	1	2	4	1189	1196	90786
UNKNOWN	241	C	0.98745819398	T	0.0108695652174	2	1181	0	13	1196	90786
UNKNOWN	242	A	0.97491638796	G	0.0158862876254	1166	8	19	3	1196	90786
UNKNOWN	243	G	0.953177257525	C	0.0225752508361	23	27	1140	6	1196	90786
UNKNOWN	244	T	0.996655518395	C	0.00167224080268	0	2	2	1192	1196	90786
UNKNOWN	245	G	0.98745819398	A	0.0117056856187	14	1	1181	0	1196	90786
UNKNOWN	246	A	0.988294314381	G	0.0100334448161	1182	0	12	2	1196	90786
UNKNOWN	247	G	0.948996655518	A	0.0309364548495	37	13	1135	11	1196	90786
UNKNOWN	248	C	0.969063545151	T	0.0225752508361	5	1159	5	27	1196	90786
UNKNOWN	249	A	0.989130434783	G	0.0108695652174	1183	0	13	0	1196	90786
UNKNOWN	250	G	0.985785953177	A	0.0100334448161	12	5	1179	0	1196	90786
UNKNOWN	251	C	0.994983277592	A	0.00250836120401	3	1190	2	1	1196	90786
UNKNOWN	252	G	0.993311036789	A	0.00501672240803	6	0	1188	2	1196	90786
UNKNOWN	253	T	0.993311036789	C	0.00501672240803	1	6	1	1188	1196	90786
UNKNOWN	254	G	0.976588628763	A	0.0209030100334	25	0	1168	3	1196	90786
UNKNOWN	255	A	0.990802675585	G	0.0066889632107	1185	3	8	0	1196	90786
UNKNOWN	256	C	0.994147157191	A	0.00250836120401	3	1189	1	3	1196	90786
UNKNOWN	257	A	0.985785953177	G	0.00919732441472	1179	4	11	2	1196	90786
UNKNOWN	258	C	0.873745819398	A	0.115384615385	138	1045	11	2	1196	90786
UNKNOWN	259	C	0.985785953177	T	0.00752508361204	5	1179	3	9	1196	90786
UNKNOWN	260	T	0.98745819398	C	0.00585284280936	1	7	7	1181	1196	90786
UNKNOWN	261	G	0.997491638796	A	0.00250836120401	3	0	1193	0	1196	90786
UNKNOWN	262	A	0.994983277592	C	0.00250836120401	1190	3	3	0	1196	90786
UNKNOWN	263	G	0.968227424749	A	0.0200668896321	24	10	1158	4	1196	90786
UNKNOWN	264	G	0.994147157191	A	0.00334448160535	4	1	1189	2	1196	90786
UNKNOWN	265	A	0.995819397993	G	0.00250836120401	1191	2	3	0	1196	90786
UNKNOWN	266	C	0.988294314381	T	0.0066889632107	4	1182	2	8	1196	90786
UNKNOWN	267	A	0.984949832776	T	0.00752508361204	1178	2	7	9	1196	90786
UNKNOWN	268	C	0.995819397993	G	0.00250836120401	2	1191	3	0	1196	90786
UNKNOWN	269	G	0.942307692308	A	0.0526755852843	63	0	1127	6	1196	90786
UNKNOWN	270	G	0.995819397993	T	0.00250836120401	0	2	1191	3	1196	90786
UNKNOWN	271	C	0.995819397993	G	0.00250836120401	2	1191	3	0	1196	90786
UNKNOWN	272	C	0.990802675585	A	0.00501672240803	6	1185	0	5	1196	90786
UNKNOWN	273	A	0.539297658863	G	0.454849498328	645	4	544	3	1196	90786
UNKNOWN	274	C	0.55016722408	T	0.445652173913	3	658	2	533	1196	90786
UNKNOWN	275	A	0.540969899666	G	0.438127090301	647	7	524	18	1196	90786
UNKNOWN	276	T	0.995819397993	A	0.00167224080268	2	1	2	1191	1196	90786
UNKNOWN	277	A	0.997491638796	C	0.00167224080268	1193	2	1	0	1196	90786
UNKNOWN	278	C	0.959866220736	T	0.0359531772575	2	1148	3	43	1196	90786
UNKNOWN	279	T	0.991638795987	C	0.00334448160535	2	4	4	1186	1196	90786
UNKNOWN	280	A	0.990802675585	T	0.00418060200669	1185	3	3	5	1196	90786
UNKNOWN	281	C	0.979096989967	T	0.0192307692308	1	1171	1	23	1196	90786
UNKNOWN	282	T	0.994147157191	G	0.00334448160535	2	1	4	1189	1196	90786
