Type	Position	Nucl1	Freq1	Nucl2	Freq2	NumAs	NumCs	NumGs	NumTs	NumAligned	NumNaive
UNKNOWN	0	C	1.0	A	0.0	0	6803	0	0	6803	73834
UNKNOWN	1	A	1.0	C	0.0	6803	0	0	0	6803	73834
UNKNOWN	2	G	1.0	A	0.0	0	0	6803	0	6803	73834
UNKNOWN	3	G	1.0	A	0.0	0	0	6803	0	6803	73834
UNKNOWN	4	T	1.0	A	0.0	0	0	0	6803	6803	73834
UNKNOWN	5	G	1.0	A	0.0	0	0	6803	0	6803	73834
UNKNOWN	6	C	1.0	A	0.0	0	6803	0	0	6803	73834
UNKNOWN	7	A	0.998530060268	G	0.00132294575922	6793	0	9	1	6803	73834
UNKNOWN	8	G	0.988387476113	A	0.00676172276937	46	21	6724	12	6803	73834
UNKNOWN	9	C	0.990886373659	T	0.00573276495664	2	6741	21	39	6803	73834
UNKNOWN	10	T	0.998089078348	C	0.00132294575922	3	9	1	6790	6803	73834
UNKNOWN	11	G	0.996913126562	A	0.00279288549169	19	2	6782	0	6803	73834
UNKNOWN	12	C	0.998530060268	T	0.00146993973247	0	6793	0	10	6803	73834
UNKNOWN	13	G	0.997354108482	A	0.0024988975452	17	0	6785	1	6803	73834
UNKNOWN	14	G	0.923563133912	C	0.0736439805968	18	501	6283	1	6803	73834
UNKNOWN	15	G	0.999706012054	C	0.000293987946494	0	2	6801	0	6803	73834
UNKNOWN	16	A	0.997501102455	G	0.00132294575922	6786	8	9	0	6803	73834
UNKNOWN	17	G	0.992503307364	A	0.00676172276937	46	4	6752	1	6803	73834
UNKNOWN	18	T	0.997942084375	C	0.00176392767897	1	12	1	6789	6803	73834
UNKNOWN	19	C	0.999265030134	T	0.000587975892988	0	6798	1	4	6803	73834
UNKNOWN	20	G	0.986329560488	A	0.0132294575922	90	2	6710	1	6803	73834
UNKNOWN	21	G	0.99955901808	C	0.000440981919741	0	3	6800	0	6803	73834
UNKNOWN	22	G	0.99955901808	A	0.000293987946494	2	1	6800	0	6803	73834
UNKNOWN	23	C	0.997354108482	T	0.00235190357195	2	6785	0	16	6803	73834
UNKNOWN	24	C	0.999706012054	T	0.000293987946494	0	6801	0	2	6803	73834
UNKNOWN	25	C	0.999265030134	T	0.000440981919741	2	6798	0	3	6803	73834
UNKNOWN	26	C	0.999265030134	A	0.000440981919741	3	6798	0	2	6803	73834
UNKNOWN	27	A	0.996619138615	G	0.00293987946494	6780	2	20	1	6803	73834
UNKNOWN	28	G	0.99367925915	A	0.00485080111715	33	10	6760	0	6803	73834
UNKNOWN	29	C	0.997501102455	T	0.00220490959871	1	6786	1	15	6803	73834
UNKNOWN	30	C	0.996766132589	A	0.00161693370572	11	6781	0	11	6803	73834
UNKNOWN	31	T	0.997060120535	C	0.00191092165221	2	13	5	6783	6803	73834
UNKNOWN	32	G	0.992650301338	A	0.00485080111715	33	5	6753	12	6803	73834
UNKNOWN	33	G	0.995884168749	C	0.0024988975452	7	17	6775	4	6803	73834
UNKNOWN	34	T	0.997354108482	C	0.00191092165221	1	13	4	6785	6803	73834
UNKNOWN	35	G	0.995884168749	A	0.00264589151845	18	2	6775	8	6803	73834
UNKNOWN	36	A	0.996766132589	G	0.00161693370572	6781	10	11	1	6803	73834
UNKNOWN	37	A	0.994267235043	G	0.00338086138468	6764	14	23	2	6803	73834
UNKNOWN	38	G	0.990739379685	A	0.00808466852859	55	5	6740	3	6803	73834
UNKNOWN	39	C	0.993385271204	G	0.00440981919741	3	6758	30	12	6803	73834
UNKNOWN	40	C	1.0	A	0.0	0	6803	0	0	6803	73834
UNKNOWN	41	C	0.996325150669	G	0.00205791562546	1	6778	14	10	6803	73834
UNKNOWN	42	T	0.996325150669	C	0.00352785535793	1	24	0	6778	6803	73834
UNKNOWN	43	C	0.997354108482	T	0.00176392767897	6	6785	0	12	6803	73834
UNKNOWN	44	A	0.995296192856	G	0.0024988975452	6771	11	17	4	6803	73834
UNKNOWN	45	C	0.998236072321	A	0.000881963839483	6	6791	4	2	6803	73834
UNKNOWN	46	A	0.997354108482	G	0.00191092165221	6785	5	13	0	6803	73834
UNKNOWN	47	G	0.996766132589	A	0.00293987946494	20	1	6781	1	6803	73834
UNKNOWN	48	A	0.995737174776	G	0.00308687343819	6774	8	21	0	6803	73834
UNKNOWN	49	C	0.996913126562	T	0.00117595178598	5	6782	8	8	6803	73834
UNKNOWN	50	C	0.997354108482	T	0.00161693370572	4	6785	3	11	6803	73834
UNKNOWN	51	C	0.998530060268	T	0.00146993973247	0	6793	0	10	6803	73834
UNKNOWN	52	T	0.996178156696	C	0.00323386741144	2	22	2	6777	6803	73834
UNKNOWN	53	C	0.998971042187	T	0.00102895781273	0	6796	0	7	6803	73834
UNKNOWN	54	T	0.996619138615	C	0.00293987946494	0	20	3	6780	6803	73834
UNKNOWN	55	C	0.997942084375	T	0.00176392767897	2	6789	0	12	6803	73834
UNKNOWN	56	C	0.993826253124	G	0.00308687343819	12	6761	21	9	6803	73834
UNKNOWN	57	C	0.995884168749	G	0.00338086138468	0	6775	23	5	6803	73834
UNKNOWN	58	T	0.995737174776	C	0.00367484933118	3	25	1	6774	6803	73834
UNKNOWN	59	C	0.997795090401	A	0.00102895781273	7	6788	1	7	6803	73834
UNKNOWN	60	A	0.993091283257	G	0.00470380714391	6756	8	32	7	6803	73834
UNKNOWN	61	C	0.996913126562	T	0.00293987946494	0	6782	1	20	6803	73834
UNKNOWN	62	C	0.993532265177	T	0.00338086138468	0	6759	21	23	6803	73834
UNKNOWN	63	T	0.997501102455	C	0.00161693370572	1	11	5	6786	6803	73834
UNKNOWN	64	G	0.998971042187	C	0.000734969866235	2	5	6796	0	6803	73834
UNKNOWN	65	C	0.997501102455	T	0.00176392767897	5	6786	0	12	6803	73834
UNKNOWN	66	A	0.995443186829	G	0.00308687343819	6772	9	21	1	6803	73834
UNKNOWN	67	C	0.985594590622	T	0.0123474937528	3	6705	11	84	6803	73834
UNKNOWN	68	G	0.989857415846	A	0.00911362634132	62	5	6734	2	6803	73834
UNKNOWN	69	G	0.959576657357	A	0.0355725415258	242	16	6528	17	6803	73834
UNKNOWN	70	T	0.993238277231	C	0.00617374687638	0	42	4	6757	6803	73834
UNKNOWN	71	C	0.974717036601	G	0.0135234455387	19	6631	92	61	6803	73834
UNKNOWN	72	T	0.996472144642	C	0.00279288549169	4	19	1	6779	6803	73834
UNKNOWN	73	C	0.998089078348	T	0.00132294575922	4	6790	0	9	6803	73834
UNKNOWN	74	T	0.990739379685	G	0.00338086138468	19	21	23	6740	6803	73834
UNKNOWN	75	G	0.993826253124	A	0.00543877701014	37	4	6761	1	6803	73834
UNKNOWN	76	G	0.98779950022	A	0.010730560047	73	10	6720	0	6803	73834
UNKNOWN	77	A	0.981478759371	G	0.0139644274585	6677	19	95	12	6803	73834
UNKNOWN	78	T	0.992797295311	C	0.00352785535793	1	24	24	6754	6803	73834
UNKNOWN	79	T	0.994855210936	C	0.00470380714391	0	32	3	6768	6803	73834
UNKNOWN	80	C	0.983830662943	T	0.00970160223431	1	6693	43	66	6803	73834
UNKNOWN	81	T	0.996472144642	C	0.00264589151845	1	18	5	6779	6803	73834
UNKNOWN	82	C	0.992062325445	T	0.00661472879612	9	6749	0	45	6803	73834
UNKNOWN	83	A	0.996472144642	G	0.00146993973247	6779	6	10	8	6803	73834
UNKNOWN	84	T	0.991033367632	C	0.00676172276937	12	46	3	6742	6803	73834
UNKNOWN	85	T	0.996913126562	C	0.00205791562546	0	14	7	6782	6803	73834
UNKNOWN	86	G	0.981625753344	A	0.0157283551374	107	8	6678	10	6803	73834
UNKNOWN	87	A	0.981625753344	G	0.0170513008967	6678	8	116	1	6803	73834
UNKNOWN	88	G	0.939291489049	A	0.0264589151845	180	149	6390	84	6803	73834
UNKNOWN	89	C	0.960752609143	T	0.0173452888432	85	6536	64	118	6803	73834
UNKNOWN	90	A	0.980155813612	G	0.0170513008967	6668	13	116	6	6803	73834
UNKNOWN	91	G	0.877995002205	A	0.0873144201088	594	174	5973	62	6803	73834
UNKNOWN	92	C	0.952079964721	T	0.0227840658533	52	6477	119	155	6803	73834
UNKNOWN	93	A	0.888137586359	T	0.0712920770248	6042	48	228	485	6803	73834
UNKNOWN	94	A	0.937380567397	G	0.0430692341614	6377	62	293	71	6803	73834
UNKNOWN	95	T	0.972071145083	G	0.0179332647361	29	39	122	6613	6803	73834
UNKNOWN	96	G	0.917389387035	A	0.0714390709981	486	47	6241	29	6803	73834
UNKNOWN	97	G	0.663236807291	A	0.167573129502	1140	1070	4512	81	6803	73834
UNKNOWN	98	T	0.974570042628	G	0.0129354696457	28	57	88	6630	6803	73834
UNKNOWN	99	G	0.96516242834	A	0.0257239453182	175	2	6566	60	6803	73834
UNKNOWN	100	T	0.994708216963	C	0.00396883727767	6	27	3	6767	6803	73834
UNKNOWN	101	A	0.953696898427	G	0.0330736439806	6488	36	225	54	6803	73834
UNKNOWN	102	G	0.787299720711	A	0.14802293106	1007	352	5356	88	6803	73834
UNKNOWN	103	T	0.923710127885	G	0.0458621196531	122	85	312	6284	6803	73834
UNKNOWN	104	C	0.913861531677	T	0.0395413788035	57	6217	260	269	6803	73834
UNKNOWN	105	T	0.997060120535	C	0.00161693370572	0	11	9	6783	6803	73834
UNKNOWN	106	G	0.999706012054	A	0.000146993973247	1	0	6801	1	6803	73834
UNKNOWN	107	G	0.999706012054	A	0.000293987946494	2	0	6801	0	6803	73834
UNKNOWN	108	G	0.977950904013	A	0.0173452888432	118	18	6653	14	6803	73834
UNKNOWN	109	T	0.995443186829	C	0.00455681317066	0	31	0	6772	6803	73834
UNKNOWN	110	C	0.991474349552	T	0.0077906805821	4	6745	1	53	6803	73834
UNKNOWN	111	C	0.997942084375	G	0.00117595178598	0	6789	8	6	6803	73834
UNKNOWN	112	G	0.998824048214	C	0.00117595178598	0	8	6795	0	6803	73834
UNKNOWN	113	C	0.997354108482	T	0.00161693370572	5	6785	2	11	6803	73834
UNKNOWN	114	C	0.998236072321	A	0.00146993973247	10	6791	0	2	6803	73834
UNKNOWN	115	A	0.992209319418	G	0.00764368660885	6750	1	52	0	6803	73834
UNKNOWN	116	G	0.998971042187	A	0.00102895781273	7	0	6796	0	6803	73834
UNKNOWN	117	G	0.978832867852	A	0.0164633250037	112	17	6659	15	6803	73834
UNKNOWN	118	C	0.992356313391	T	0.00470380714391	6	6751	14	32	6803	73834
UNKNOWN	119	T	0.994414229017	G	0.00293987946494	2	16	20	6765	6803	73834
UNKNOWN	120	C	0.996325150669	T	0.00205791562546	8	6778	3	14	6803	73834
UNKNOWN	121	C	0.996766132589	A	0.00220490959871	15	6781	2	5	6803	73834
UNKNOWN	122	A	0.99412024107	G	0.00543877701014	6763	2	37	1	6803	73834
UNKNOWN	123	G	0.997795090401	C	0.00117595178598	6	8	6788	1	6803	73834
UNKNOWN	124	G	0.990886373659	A	0.00793767455534	54	6	6741	2	6803	73834
UNKNOWN	125	G	0.98324268705	A	0.0154343671909	105	9	6689	0	6803	73834
UNKNOWN	126	A	0.987211524328	G	0.0117595178598	6716	3	80	4	6803	73834
UNKNOWN	127	A	0.988093488167	G	0.00867264442158	6722	18	59	4	6803	73834
UNKNOWN	128	G	0.998530060268	A	0.000881963839483	6	4	6793	0	6803	73834
UNKNOWN	129	G	0.971336175217	A	0.0199911803616	136	53	6608	6	6803	73834
UNKNOWN	130	C	0.995149198883	G	0.00426282522417	1	6770	29	3	6803	73834
UNKNOWN	131	G	0.982654711157	A	0.0149933852712	102	12	6685	4	6803	73834
UNKNOWN	132	C	0.991327355578	T	0.00440981919741	8	6744	21	30	6803	73834
UNKNOWN	133	T	0.993532265177	C	0.00396883727767	3	27	14	6759	6803	73834
UNKNOWN	134	G	0.982213729237	A	0.00955460826106	65	14	6682	42	6803	73834
UNKNOWN	135	G	0.995296192856	C	0.00308687343819	8	21	6771	3	6803	73834
UNKNOWN	136	A	0.995590180803	G	0.00338086138468	6773	5	23	2	6803	73834
UNKNOWN	137	G	0.990004409819	A	0.00720270468911	49	12	6735	7	6803	73834
UNKNOWN	138	T	0.995590180803	G	0.00264589151845	0	12	18	6773	6803	73834
UNKNOWN	139	G	0.998971042187	A	0.000587975892988	4	3	6796	0	6803	73834
UNKNOWN	140	G	0.952373952668	C	0.0452741437601	8	308	6479	8	6803	73834
UNKNOWN	141	C	0.975158018521	G	0.0208731442011	14	6634	142	13	6803	73834
UNKNOWN	142	T	0.996766132589	C	0.00235190357195	0	16	6	6781	6803	73834
UNKNOWN	143	C	0.987211524328	T	0.0108775540203	3	6716	10	74	6803	73834
UNKNOWN	144	G	0.995443186829	A	0.00440981919741	30	0	6772	1	6803	73834
UNKNOWN	145	G	0.989857415846	C	0.00808466852859	2	55	6734	12	6803	73834
UNKNOWN	146	T	0.954872850213	C	0.0161693370572	95	110	102	6496	6803	73834
UNKNOWN	147	G	0.689989710422	A	0.255475525503	1738	86	4694	285	6803	73834
UNKNOWN	148	G	0.737762751727	A	0.124650889314	848	589	5019	347	6803	73834
UNKNOWN	149	T	0.938262531236	G	0.0276348669705	91	141	188	6383	6803	73834
UNKNOWN	150	A	0.901220049978	G	0.0846685285903	6131	9	576	87	6803	73834
UNKNOWN	151	T	0.972218139056	C	0.0192562104954	14	131	44	6614	6803	73834
UNKNOWN	152	A	0.923416139938	G	0.0449801558136	6282	66	306	149	6803	73834
UNKNOWN	153	T	0.930471850654	A	0.0502719388505	342	19	112	6330	6803	73834
UNKNOWN	154	G	0.979861825665	A	0.013082463619	89	35	6666	13	6803	73834
UNKNOWN	155	C	0.912979567838	T	0.0820226370719	19	6211	15	558	6803	73834
UNKNOWN	156	A	0.907834778774	G	0.0802587093929	6176	55	546	26	6803	73834
UNKNOWN	157	G	0.909304718507	A	0.0411583125092	280	214	6186	123	6803	73834
UNKNOWN	158	T	0.962369542849	G	0.0171982948699	81	58	117	6547	6803	73834
UNKNOWN	159	G	0.81170072027	A	0.164045274144	1116	133	5522	32	6803	73834
UNKNOWN	160	G	0.838747611348	A	0.122592973688	834	202	5706	61	6803	73834
UNKNOWN	161	T	0.9769219462	G	0.0105835660738	34	51	72	6646	6803	73834
UNKNOWN	162	G	0.989710421873	A	0.00955460826106	65	2	6733	3	6803	73834
UNKNOWN	163	G	0.96516242834	A	0.0270468910775	184	28	6566	25	6803	73834
UNKNOWN	164	A	0.953696898427	G	0.036307511392	6488	44	247	24	6803	73834
UNKNOWN	165	A	0.912832573864	G	0.0764368660885	6210	58	520	15	6803	73834
UNKNOWN	166	G	0.831838894605	C	0.0914302513597	305	622	5659	217	6803	73834
UNKNOWN	167	C	0.868440393944	T	0.0629134205498	161	5908	306	428	6803	73834
UNKNOWN	168	A	0.978685873879	G	0.0151403792445	6658	29	103	13	6803	73834
UNKNOWN	169	C	0.970601205351	T	0.013082463619	24	6603	87	89	6803	73834
UNKNOWN	170	A	0.973541084816	G	0.0158753491107	6623	37	108	35	6803	73834
UNKNOWN	171	A	0.865500514479	G	0.106276642658	5888	109	723	83	6803	73834
UNKNOWN	172	G	0.776716154638	A	0.142878141996	972	279	5284	268	6803	73834
UNKNOWN	173	C	0.920623254447	G	0.0468910774658	73	6263	319	148	6803	73834
UNKNOWN	174	T	0.979567837719	C	0.0139644274585	21	95	23	6664	6803	73834
UNKNOWN	175	T	0.924151109804	A	0.0646773482287	440	36	40	6287	6803	73834
UNKNOWN	176	T	0.957959723651	G	0.0198441863884	54	97	135	6517	6803	73834
UNKNOWN	177	A	0.987946494194	C	0.00646773482287	6721	44	32	6	6803	73834
UNKNOWN	178	A	0.987064530354	G	0.00955460826106	6715	20	65	3	6803	73834
UNKNOWN	179	C	0.932235778333	T	0.0573276495664	17	6342	54	390	6803	73834
UNKNOWN	180	C	0.948993091283	T	0.0293987946494	25	6456	122	200	6803	73834
UNKNOWN	181	C	0.987505512274	T	0.00852565044833	20	6718	7	58	6803	73834
UNKNOWN	182	A	0.985741584595	G	0.00837865647508	6706	24	57	16	6803	73834
UNKNOWN	183	G	0.973835072762	A	0.0194032044686	132	18	6625	28	6803	73834
UNKNOWN	184	C	0.978244891959	G	0.00852565044833	36	6655	58	54	6803	73834
UNKNOWN	185	C	0.99955901808	A	0.000293987946494	2	6800	0	1	6803	73834
UNKNOWN	186	C	0.99412024107	G	0.00323386741144	3	6763	22	15	6803	73834
UNKNOWN	187	T	0.994267235043	G	0.00279288549169	10	10	19	6764	6803	73834
UNKNOWN	188	G	0.974423048655	A	0.0189622225489	129	8	6629	37	6803	73834
UNKNOWN	189	A	0.985006614729	C	0.00837865647508	6701	57	44	1	6803	73834
UNKNOWN	190	A	0.98779950022	T	0.00455681317066	6720	21	31	31	6803	73834
UNKNOWN	191	A	0.990445391739	G	0.00440981919741	6738	25	30	10	6803	73834
UNKNOWN	192	T	0.992356313391	C	0.00382184330442	6	26	20	6751	6803	73834
UNKNOWN	193	C	0.996619138615	T	0.00191092165221	10	6780	0	13	6803	73834
UNKNOWN	194	C	0.98779950022	T	0.00558577098339	17	6720	28	38	6803	73834
UNKNOWN	195	C	0.996472144642	G	0.00205791562546	4	6779	14	6	6803	73834
UNKNOWN	196	G	0.997648096428	A	0.00146993973247	10	1	6787	5	6803	73834
UNKNOWN	197	G	0.909304718507	A	0.0712920770248	485	58	6186	74	6803	73834
UNKNOWN	198	C	0.988387476113	T	0.00617374687638	10	6724	27	42	6803	73834
UNKNOWN	199	T	0.99500220491	C	0.00396883727767	2	27	5	6769	6803	73834
UNKNOWN	200	C	0.986917536381	G	0.00573276495664	20	6714	39	30	6803	73834
UNKNOWN	201	A	0.990739379685	G	0.00867264442158	6740	3	59	1	6803	73834
UNKNOWN	202	G	0.970013229458	C	0.0199911803616	28	136	6599	40	6803	73834
UNKNOWN	203	C	0.939879464942	T	0.0393943848302	67	6394	74	268	6803	73834
UNKNOWN	204	A	0.980008819638	G	0.0117595178598	6667	15	80	41	6803	73834
UNKNOWN	205	T	0.99367925915	C	0.00426282522417	3	29	11	6760	6803	73834
UNKNOWN	206	C	0.984271644863	T	0.011906511833	14	6696	12	81	6803	73834
UNKNOWN	207	A	0.990298397766	G	0.00543877701014	6737	16	37	13	6803	73834
UNKNOWN	208	C	0.978097897986	G	0.014258415405	17	6654	97	35	6803	73834
UNKNOWN	209	C	0.954872850213	G	0.0214611200941	42	6496	146	119	6803	73834
UNKNOWN	210	A	0.98868146406	G	0.00705571071586	6726	28	48	1	6803	73834
UNKNOWN	211	A	0.981037777451	G	0.0161693370572	6674	13	110	6	6803	73834
UNKNOWN	212	G	0.977068940173	A	0.0114655299133	78	22	6647	56	6803	73834
UNKNOWN	213	G	0.99412024107	A	0.00470380714391	32	7	6763	1	6803	73834
UNKNOWN	214	A	0.993532265177	C	0.00382184330442	6759	26	14	4	6803	73834
UNKNOWN	215	C	0.975158018521	T	0.0173452888432	24	6634	27	118	6803	73834
UNKNOWN	216	A	0.985006614729	G	0.0123474937528	6701	4	84	14	6803	73834
UNKNOWN	217	A	0.980890783478	G	0.0129354696457	6673	23	88	19	6803	73834
UNKNOWN	218	C	0.979567837719	T	0.013670439512	3	6664	43	93	6803	73834
UNKNOWN	219	T	0.990298397766	C	0.00470380714391	16	32	18	6737	6803	73834
UNKNOWN	220	C	0.992650301338	T	0.00543877701014	13	6753	0	37	6803	73834
UNKNOWN	221	C	0.989269439953	T	0.0049977950904	26	6730	13	34	6803	73834
UNKNOWN	222	A	0.985153608702	G	0.0099955901808	6702	30	68	3	6803	73834
UNKNOWN	223	A	0.986182566515	G	0.0117595178598	6709	8	80	6	6803	73834
UNKNOWN	224	G	0.985594590622	A	0.00837865647508	57	33	6705	8	6803	73834
UNKNOWN	225	A	0.984271644863	G	0.0132294575922	6696	13	90	4	6803	73834
UNKNOWN	226	G	0.953549904454	A	0.0389534029105	265	43	6487	8	6803	73834
UNKNOWN	227	C	0.967661325886	T	0.0246949875055	17	6583	35	168	6803	73834
UNKNOWN	228	C	0.990445391739	G	0.00573276495664	24	6738	39	2	6803	73834
UNKNOWN	229	A	0.99456122299	G	0.00338086138468	6766	8	23	6	6803	73834
UNKNOWN	230	A	0.970160223431	G	0.0254299573717	6600	16	173	14	6803	73834
UNKNOWN	231	G	0.970895193297	A	0.0194032044686	132	39	6605	27	6803	73834
UNKNOWN	232	T	0.990739379685	C	0.00734969866235	3	50	10	6740	6803	73834
UNKNOWN	233	C	0.961634572983	G	0.0219021020138	18	6542	149	94	6803	73834
UNKNOWN	234	T	0.992797295311	C	0.00352785535793	6	24	19	6754	6803	73834
UNKNOWN	235	C	0.993238277231	T	0.00573276495664	7	6757	0	39	6803	73834
UNKNOWN	236	T	0.981037777451	C	0.0117595178598	19	80	30	6674	6803	73834
UNKNOWN	237	C	0.99367925915	T	0.00455681317066	5	6760	7	31	6803	73834
UNKNOWN	238	T	0.994708216963	C	0.00279288549169	3	19	14	6767	6803	73834
UNKNOWN	239	G	0.938409525209	A	0.0417462884022	284	48	6384	87	6803	73834
UNKNOWN	240	T	0.98779950022	C	0.00426282522417	25	29	29	6720	6803	73834
UNKNOWN	241	C	0.984712626782	T	0.0108775540203	16	6699	14	74	6803	73834
UNKNOWN	242	A	0.96060561517	G	0.024400999559	6535	84	166	18	6803	73834
UNKNOWN	243	G	0.883580773188	C	0.0698221372924	243	475	6011	74	6803	73834
UNKNOWN	244	T	0.992944289284	C	0.00426282522417	3	29	16	6755	6803	73834
UNKNOWN	245	G	0.962810524768	A	0.027340879024	186	26	6550	41	6803	73834
UNKNOWN	246	A	0.970013229458	G	0.0221960899603	6599	45	151	8	6803	73834
UNKNOWN	247	G	0.907687784801	A	0.0554167279142	377	195	6175	56	6803	73834
UNKNOWN	248	C	0.966926356019	T	0.024988975452	26	6578	29	170	6803	73834
UNKNOWN	249	A	0.980449801558	G	0.0174922828164	6670	12	119	2	6803	73834
UNKNOWN	250	G	0.97104218727	A	0.0163163310304	111	76	6606	10	6803	73834
UNKNOWN	251	C	0.987505512274	T	0.00823166250184	13	6718	16	56	6803	73834
UNKNOWN	252	G	0.984271644863	A	0.0099955901808	68	21	6696	18	6803	73834
UNKNOWN	253	T	0.992650301338	C	0.00426282522417	3	29	18	6753	6803	73834
UNKNOWN	254	G	0.972953108923	A	0.0174922828164	119	27	6619	38	6803	73834
UNKNOWN	255	A	0.981772747317	G	0.010142584154	6679	15	69	40	6803	73834
UNKNOWN	256	C	0.991327355578	T	0.00440981919741	20	6744	9	30	6803	73834
UNKNOWN	257	A	0.973247096869	G	0.0186682346024	6621	22	127	33	6803	73834
UNKNOWN	258	C	0.947817139497	A	0.0348375716596	237	6448	82	36	6803	73834
UNKNOWN	259	C	0.986623548435	T	0.010142584154	5	6712	17	69	6803	73834
UNKNOWN	260	T	0.967367337939	C	0.0227840658533	15	155	52	6581	6803	73834
UNKNOWN	261	G	0.991768337498	A	0.00617374687638	42	2	6747	12	6803	73834
UNKNOWN	262	A	0.988828458033	G	0.00573276495664	6727	26	39	11	6803	73834
UNKNOWN	263	G	0.94928707923	A	0.0310157283551	211	111	6458	23	6803	73834
UNKNOWN	264	G	0.991474349552	A	0.00558577098339	38	5	6745	15	6803	73834
UNKNOWN	265	A	0.990445391739	C	0.00440981919741	6738	30	25	10	6803	73834
UNKNOWN	266	C	0.975892988387	T	0.011906511833	57	6639	26	81	6803	73834
UNKNOWN	267	A	0.968690283698	G	0.0154343671909	6590	16	105	92	6803	73834
UNKNOWN	268	C	0.992503307364	G	0.00382184330442	18	6752	26	7	6803	73834
UNKNOWN	269	G	0.953696898427	A	0.0415992944289	283	16	6488	16	6803	73834
UNKNOWN	270	G	0.986917536381	T	0.00661472879612	27	17	6714	45	6803	73834
UNKNOWN	271	C	0.990886373659	A	0.00426282522417	29	6741	26	7	6803	73834
UNKNOWN	272	C	0.991915331471	A	0.00440981919741	30	6748	8	17	6803	73834
UNKNOWN	273	A	0.990445391739	G	0.00514478906365	6738	19	35	11	6803	73834
UNKNOWN	274	C	0.986035572542	A	0.00661472879612	45	6708	11	39	6803	73834
UNKNOWN	275	A	0.975599000441	G	0.0139644274585	6637	32	95	39	6803	73834
UNKNOWN	276	T	0.990298397766	G	0.00367484933118	22	19	25	6737	6803	73834
UNKNOWN	277	A	0.99412024107	C	0.00323386741144	6763	22	6	12	6803	73834
UNKNOWN	278	C	0.941055416728	T	0.0561516977804	13	6402	6	382	6803	73834
UNKNOWN	279	T	0.978832867852	C	0.0105835660738	37	72	35	6659	6803	73834
UNKNOWN	280	A	0.975745994414	T	0.011906511833	6638	68	16	81	6803	73834
UNKNOWN	281	C	0.967367337939	T	0.0298397765692	8	6581	11	203	6803	73834
UNKNOWN	282	T	0.989269439953	G	0.00734969866235	15	8	50	6730	6803	73834
