Type	Position	Nucl1	Freq1	Nucl2	Freq2	NumAs	NumCs	NumGs	NumTs	NumAligned	NumNaive
UNKNOWN	0	A	1.0	C	0.0	998	0	0	0	998	73834
UNKNOWN	1	A	1.0	C	0.0	998	0	0	0	998	73834
UNKNOWN	2	G	1.0	A	0.0	0	0	998	0	998	73834
UNKNOWN	3	G	1.0	A	0.0	0	0	998	0	998	73834
UNKNOWN	4	T	1.0	A	0.0	0	0	0	998	998	73834
UNKNOWN	5	G	1.0	A	0.0	0	0	998	0	998	73834
UNKNOWN	6	C	1.0	A	0.0	0	998	0	0	998	73834
UNKNOWN	7	A	0.997995991984	G	0.00200400801603	996	0	2	0	998	73834
UNKNOWN	8	G	0.993987975952	A	0.00501002004008	5	1	992	0	998	73834
UNKNOWN	9	C	0.997995991984	T	0.00100200400802	0	996	1	1	998	73834
UNKNOWN	10	T	0.996993987976	C	0.00200400801603	1	2	0	995	998	73834
UNKNOWN	11	G	0.998997995992	A	0.00100200400802	1	0	997	0	998	73834
UNKNOWN	12	C	0.997995991984	T	0.00200400801603	0	996	0	2	998	73834
UNKNOWN	13	A	0.834669338677	G	0.15130260521	833	13	151	1	998	73834
UNKNOWN	14	G	0.976953907816	C	0.0230460921844	0	23	975	0	998	73834
UNKNOWN	15	G	1.0	A	0.0	0	0	998	0	998	73834
UNKNOWN	16	A	0.99498997996	C	0.00200400801603	993	2	2	1	998	73834
UNKNOWN	17	G	1.0	A	0.0	0	0	998	0	998	73834
UNKNOWN	18	T	1.0	A	0.0	0	0	0	998	998	73834
UNKNOWN	19	C	1.0	A	0.0	0	998	0	0	998	73834
UNKNOWN	20	G	0.926853707415	A	0.0731462925852	73	0	925	0	998	73834
UNKNOWN	21	G	0.998997995992	C	0.00100200400802	0	1	997	0	998	73834
UNKNOWN	22	G	0.998997995992	C	0.00100200400802	0	1	997	0	998	73834
UNKNOWN	23	C	0.982965931864	T	0.0170340681363	0	981	0	17	998	73834
UNKNOWN	24	C	0.998997995992	T	0.00100200400802	0	997	0	1	998	73834
UNKNOWN	25	C	1.0	A	0.0	0	998	0	0	998	73834
UNKNOWN	26	C	0.998997995992	T	0.00100200400802	0	997	0	1	998	73834
UNKNOWN	27	A	0.998997995992	G	0.00100200400802	997	0	1	0	998	73834
UNKNOWN	28	G	1.0	A	0.0	0	0	998	0	998	73834
UNKNOWN	29	C	1.0	A	0.0	0	998	0	0	998	73834
UNKNOWN	30	C	1.0	A	0.0	0	998	0	0	998	73834
UNKNOWN	31	T	0.997995991984	C	0.00100200400802	0	1	1	996	998	73834
UNKNOWN	32	G	0.998997995992	A	0.00100200400802	1	0	997	0	998	73834
UNKNOWN	33	G	1.0	A	0.0	0	0	998	0	998	73834
UNKNOWN	34	T	0.996993987976	C	0.00200400801603	0	2	1	995	998	73834
UNKNOWN	35	G	0.998997995992	C	0.00100200400802	0	1	997	0	998	73834
UNKNOWN	36	A	0.998997995992	G	0.00100200400802	997	0	1	0	998	73834
UNKNOWN	37	A	0.993987975952	G	0.00400801603206	992	1	4	1	998	73834
UNKNOWN	38	G	1.0	A	0.0	0	0	998	0	998	73834
UNKNOWN	39	C	0.993987975952	G	0.00400801603206	0	992	4	2	998	73834
UNKNOWN	40	C	1.0	A	0.0	0	998	0	0	998	73834
UNKNOWN	41	C	1.0	A	0.0	0	998	0	0	998	73834
UNKNOWN	42	T	0.997995991984	C	0.00200400801603	0	2	0	996	998	73834
UNKNOWN	43	C	1.0	A	0.0	0	998	0	0	998	73834
UNKNOWN	44	A	0.995991983968	G	0.00400801603206	994	0	4	0	998	73834
UNKNOWN	45	C	1.0	A	0.0	0	998	0	0	998	73834
UNKNOWN	46	A	0.997995991984	G	0.00200400801603	996	0	2	0	998	73834
UNKNOWN	47	G	0.998997995992	A	0.00100200400802	1	0	997	0	998	73834
UNKNOWN	48	A	0.998997995992	G	0.00100200400802	997	0	1	0	998	73834
UNKNOWN	49	C	1.0	A	0.0	0	998	0	0	998	73834
UNKNOWN	50	C	0.997995991984	T	0.00200400801603	0	996	0	2	998	73834
UNKNOWN	51	C	0.99498997996	G	0.00501002004008	0	993	5	0	998	73834
UNKNOWN	52	T	0.996993987976	C	0.00300601202405	0	3	0	995	998	73834
UNKNOWN	53	C	1.0	A	0.0	0	998	0	0	998	73834
UNKNOWN	54	T	1.0	A	0.0	0	0	0	998	998	73834
UNKNOWN	55	C	0.998997995992	G	0.00100200400802	0	997	1	0	998	73834
UNKNOWN	56	C	1.0	A	0.0	0	998	0	0	998	73834
UNKNOWN	57	C	1.0	A	0.0	0	998	0	0	998	73834
UNKNOWN	58	T	0.993987975952	C	0.0060120240481	0	6	0	992	998	73834
UNKNOWN	59	C	0.998997995992	A	0.00100200400802	1	997	0	0	998	73834
UNKNOWN	60	A	0.995991983968	G	0.00300601202405	994	1	3	0	998	73834
UNKNOWN	61	C	1.0	A	0.0	0	998	0	0	998	73834
UNKNOWN	62	C	0.997995991984	A	0.00100200400802	1	996	0	1	998	73834
UNKNOWN	63	T	0.997995991984	C	0.00100200400802	0	1	1	996	998	73834
UNKNOWN	64	G	0.998997995992	C	0.00100200400802	0	1	997	0	998	73834
UNKNOWN	65	C	0.998997995992	A	0.00100200400802	1	997	0	0	998	73834
UNKNOWN	66	A	0.991983967936	G	0.00501002004008	990	3	5	0	998	73834
UNKNOWN	67	C	0.995991983968	T	0.00300601202405	0	994	1	3	998	73834
UNKNOWN	68	G	0.997995991984	A	0.00200400801603	2	0	996	0	998	73834
UNKNOWN	69	A	0.982965931864	G	0.0150300601202	981	2	15	0	998	73834
UNKNOWN	70	C	0.991983967936	T	0.00701402805611	0	990	1	7	998	73834
UNKNOWN	71	C	0.98997995992	G	0.0060120240481	1	988	6	3	998	73834
UNKNOWN	72	T	0.996993987976	C	0.00300601202405	0	3	0	995	998	73834
UNKNOWN	73	C	0.998997995992	T	0.00100200400802	0	997	0	1	998	73834
UNKNOWN	74	T	0.996993987976	A	0.00100200400802	1	1	1	995	998	73834
UNKNOWN	75	G	0.998997995992	C	0.00100200400802	0	1	997	0	998	73834
UNKNOWN	76	G	0.98997995992	A	0.00501002004008	5	5	988	0	998	73834
UNKNOWN	77	A	0.885771543086	C	0.112224448898	884	112	1	1	998	73834
UNKNOWN	78	T	0.98997995992	C	0.00801603206413	0	8	2	988	998	73834
UNKNOWN	79	T	0.997995991984	C	0.00200400801603	0	2	0	996	998	73834
UNKNOWN	80	C	0.998997995992	T	0.00100200400802	0	997	0	1	998	73834
UNKNOWN	81	T	0.998997995992	C	0.00100200400802	0	1	0	997	998	73834
UNKNOWN	82	C	0.995991983968	A	0.00300601202405	3	994	0	1	998	73834
UNKNOWN	83	A	0.996993987976	G	0.00200400801603	995	0	2	1	998	73834
UNKNOWN	84	T	0.998997995992	G	0.00100200400802	0	0	1	997	998	73834
UNKNOWN	85	T	0.996993987976	G	0.00200400801603	0	1	2	995	998	73834
UNKNOWN	86	G	0.9749498998	A	0.0230460921844	23	0	973	2	998	73834
UNKNOWN	87	A	0.992985971944	G	0.00501002004008	991	1	5	1	998	73834
UNKNOWN	88	C	0.981963927856	G	0.00901803607214	7	980	9	2	998	73834
UNKNOWN	89	C	0.996993987976	A	0.00100200400802	1	995	1	1	998	73834
UNKNOWN	90	A	0.986973947896	G	0.0100200400802	985	3	10	0	998	73834
UNKNOWN	91	G	0.955911823647	A	0.0300601202405	30	12	954	2	998	73834
UNKNOWN	92	C	0.977955911824	T	0.0200400801603	0	976	2	20	998	73834
UNKNOWN	93	T	0.988977955912	C	0.00801603206413	3	8	0	987	998	73834
UNKNOWN	94	A	0.993987975952	C	0.00200400801603	992	2	2	2	998	73834
UNKNOWN	95	T	0.991983967936	C	0.00701402805611	0	7	1	990	998	73834
UNKNOWN	96	G	0.977955911824	A	0.0220440881764	22	0	976	0	998	73834
UNKNOWN	97	G	0.942885771543	C	0.0380761523046	15	38	941	4	998	73834
UNKNOWN	98	T	0.993987975952	C	0.00501002004008	0	5	1	992	998	73834
UNKNOWN	99	G	0.991983967936	A	0.00701402805611	7	0	990	1	998	73834
UNKNOWN	100	T	0.997995991984	G	0.00200400801603	0	0	2	996	998	73834
UNKNOWN	101	A	0.764529058116	G	0.23246492986	763	2	232	1	998	73834
UNKNOWN	102	A	0.968937875752	G	0.0220440881764	967	6	22	3	998	73834
UNKNOWN	103	G	0.865731462926	A	0.112224448898	112	17	864	5	998	73834
UNKNOWN	104	C	0.793587174349	T	0.202404809619	1	792	3	202	998	73834
UNKNOWN	105	T	0.993987975952	C	0.00400801603206	0	4	2	992	998	73834
UNKNOWN	106	G	1.0	A	0.0	0	0	998	0	998	73834
UNKNOWN	107	G	1.0	A	0.0	0	0	998	0	998	73834
UNKNOWN	108	G	0.991983967936	C	0.00501002004008	1	5	990	2	998	73834
UNKNOWN	109	T	0.997995991984	C	0.00200400801603	0	2	0	996	998	73834
UNKNOWN	110	C	0.997995991984	T	0.00100200400802	0	996	1	1	998	73834
UNKNOWN	111	C	0.997995991984	T	0.00100200400802	0	996	1	1	998	73834
UNKNOWN	112	G	0.998997995992	C	0.00100200400802	0	1	997	0	998	73834
UNKNOWN	113	C	1.0	A	0.0	0	998	0	0	998	73834
UNKNOWN	114	C	0.997995991984	A	0.00200400801603	2	996	0	0	998	73834
UNKNOWN	115	A	0.991983967936	G	0.00801603206413	990	0	8	0	998	73834
UNKNOWN	116	G	1.0	A	0.0	0	0	998	0	998	73834
UNKNOWN	117	G	0.997995991984	C	0.00200400801603	0	2	996	0	998	73834
UNKNOWN	118	C	0.986973947896	T	0.0130260521042	0	985	0	13	998	73834
UNKNOWN	119	T	0.997995991984	C	0.00200400801603	0	2	0	996	998	73834
UNKNOWN	120	C	0.997995991984	A	0.00100200400802	1	996	0	1	998	73834
UNKNOWN	121	C	0.998997995992	A	0.00100200400802	1	997	0	0	998	73834
UNKNOWN	122	A	0.99498997996	G	0.00501002004008	993	0	5	0	998	73834
UNKNOWN	123	G	0.998997995992	A	0.00100200400802	1	0	997	0	998	73834
UNKNOWN	124	G	0.998997995992	A	0.00100200400802	1	0	997	0	998	73834
UNKNOWN	125	A	0.891783567134	G	0.105210420842	890	2	105	1	998	73834
UNKNOWN	126	A	0.997995991984	G	0.00200400801603	996	0	2	0	998	73834
UNKNOWN	127	A	0.997995991984	G	0.00200400801603	996	0	2	0	998	73834
UNKNOWN	128	G	0.996993987976	A	0.00100200400802	1	1	995	1	998	73834
UNKNOWN	129	G	0.99498997996	A	0.00300601202405	3	2	993	0	998	73834
UNKNOWN	130	C	0.996993987976	G	0.00200400801603	1	995	2	0	998	73834
UNKNOWN	131	G	0.995991983968	A	0.00200400801603	2	1	994	1	998	73834
UNKNOWN	132	C	0.992985971944	T	0.0060120240481	1	991	0	6	998	73834
UNKNOWN	133	T	0.996993987976	C	0.00200400801603	0	2	1	995	998	73834
UNKNOWN	134	G	0.990981963928	A	0.00901803607214	9	0	989	0	998	73834
UNKNOWN	135	G	0.998997995992	A	0.00100200400802	1	0	997	0	998	73834
UNKNOWN	136	A	0.998997995992	G	0.00100200400802	997	0	1	0	998	73834
UNKNOWN	137	G	0.995991983968	A	0.00300601202405	3	0	994	1	998	73834
UNKNOWN	138	T	0.997995991984	C	0.00100200400802	0	1	1	996	998	73834
UNKNOWN	139	G	1.0	A	0.0	0	0	998	0	998	73834
UNKNOWN	140	G	0.992985971944	C	0.00701402805611	0	7	991	0	998	73834
UNKNOWN	141	C	0.993987975952	G	0.00400801603206	1	992	4	1	998	73834
UNKNOWN	142	T	0.997995991984	C	0.00200400801603	0	2	0	996	998	73834
UNKNOWN	143	C	0.993987975952	T	0.00300601202405	2	992	1	3	998	73834
UNKNOWN	144	G	1.0	A	0.0	0	0	998	0	998	73834
UNKNOWN	145	G	0.99498997996	C	0.00400801603206	0	4	993	1	998	73834
UNKNOWN	146	T	0.993987975952	A	0.00300601202405	3	2	1	992	998	73834
UNKNOWN	147	G	0.927855711423	A	0.0661322645291	66	3	926	3	998	73834
UNKNOWN	148	G	0.902805611222	A	0.0791583166333	79	10	901	8	998	73834
UNKNOWN	149	T	0.985971943888	G	0.0110220440882	2	1	11	984	998	73834
UNKNOWN	150	A	0.959919839679	G	0.0390781563126	958	0	39	1	998	73834
UNKNOWN	151	T	0.996993987976	G	0.00200400801603	1	0	2	995	998	73834
UNKNOWN	152	A	0.982965931864	G	0.0120240480962	981	2	12	3	998	73834
UNKNOWN	153	G	0.980961923848	A	0.0170340681363	17	0	979	2	998	73834
UNKNOWN	154	A	0.96993987976	G	0.0230460921844	968	4	23	3	998	73834
UNKNOWN	155	T	0.964929859719	C	0.0250501002004	2	25	8	963	998	73834
UNKNOWN	156	A	0.730460921844	G	0.263527054108	729	0	263	6	998	73834
UNKNOWN	157	G	0.959919839679	C	0.0180360721443	11	18	958	11	998	73834
UNKNOWN	158	T	0.975951903808	C	0.0120240480962	4	12	8	974	998	73834
UNKNOWN	159	G	0.955911823647	A	0.0200400801603	20	19	954	5	998	73834
UNKNOWN	160	G	0.936873747495	A	0.0480961923848	48	7	935	8	998	73834
UNKNOWN	161	T	0.991983967936	G	0.0060120240481	1	1	6	990	998	73834
UNKNOWN	162	G	0.998997995992	A	0.00100200400802	1	0	997	0	998	73834
UNKNOWN	163	G	0.991983967936	A	0.00801603206413	8	0	990	0	998	73834
UNKNOWN	164	A	0.993987975952	G	0.0060120240481	992	0	6	0	998	73834
UNKNOWN	165	A	0.953907815631	G	0.0410821643287	952	5	41	0	998	73834
UNKNOWN	166	G	0.755511022044	A	0.208416833667	208	22	754	14	998	73834
UNKNOWN	167	C	0.944889779559	G	0.0220440881764	19	943	22	14	998	73834
UNKNOWN	168	A	0.993987975952	G	0.00300601202405	992	2	3	1	998	73834
UNKNOWN	169	C	0.97995991984	T	0.0130260521042	5	978	2	13	998	73834
UNKNOWN	170	A	0.993987975952	G	0.00400801603206	992	2	4	0	998	73834
UNKNOWN	171	G	0.895791583166	A	0.0731462925852	73	28	894	3	998	73834
UNKNOWN	172	G	0.843687374749	A	0.145290581162	145	5	842	6	998	73834
UNKNOWN	173	C	0.995991983968	T	0.00200400801603	1	994	1	2	998	73834
UNKNOWN	174	T	0.996993987976	A	0.00200400801603	2	1	0	995	998	73834
UNKNOWN	175	A	0.99498997996	C	0.00200400801603	993	2	1	2	998	73834
UNKNOWN	176	T	0.993987975952	A	0.00300601202405	3	2	1	992	998	73834
UNKNOWN	177	A	0.996993987976	C	0.00200400801603	995	2	1	0	998	73834
UNKNOWN	178	A	0.971943887776	G	0.0250501002004	970	3	25	0	998	73834
UNKNOWN	179	C	0.972945891784	T	0.0200400801603	1	971	6	20	998	73834
UNKNOWN	180	C	0.981963927856	T	0.0120240480962	2	980	4	12	998	73834
UNKNOWN	181	C	0.99498997996	A	0.00200400801603	2	993	2	1	998	73834
UNKNOWN	182	A	0.993987975952	G	0.00501002004008	992	0	5	1	998	73834
UNKNOWN	183	G	0.992985971944	A	0.0060120240481	6	1	991	0	998	73834
UNKNOWN	184	G	0.955911823647	C	0.0390781563126	5	39	954	0	998	73834
UNKNOWN	185	C	0.998997995992	T	0.00100200400802	0	997	0	1	998	73834
UNKNOWN	186	C	0.99498997996	T	0.00300601202405	1	993	1	3	998	73834
UNKNOWN	187	T	0.996993987976	G	0.00200400801603	1	0	2	995	998	73834
UNKNOWN	188	G	0.988977955912	A	0.0100200400802	10	1	987	0	998	73834
UNKNOWN	189	A	0.995991983968	G	0.00400801603206	994	0	4	0	998	73834
UNKNOWN	190	A	0.933867735471	T	0.0661322645291	932	0	0	66	998	73834
UNKNOWN	191	A	0.992985971944	G	0.00300601202405	991	2	3	2	998	73834
UNKNOWN	192	T	0.922845691383	C	0.0751503006012	0	75	2	921	998	73834
UNKNOWN	193	C	0.993987975952	A	0.00300601202405	3	992	0	3	998	73834
UNKNOWN	194	C	0.996993987976	A	0.00200400801603	2	995	1	0	998	73834
UNKNOWN	195	A	0.899799599198	C	0.0971943887776	898	97	3	0	998	73834
UNKNOWN	196	G	0.998997995992	C	0.00100200400802	0	1	997	0	998	73834
UNKNOWN	197	G	0.960921843687	A	0.0330661322645	33	2	959	4	998	73834
UNKNOWN	198	C	0.99498997996	T	0.00400801603206	0	993	1	4	998	73834
UNKNOWN	199	T	0.995991983968	C	0.00300601202405	1	3	0	994	998	73834
UNKNOWN	200	C	0.995991983968	A	0.00200400801603	2	994	1	1	998	73834
UNKNOWN	201	A	0.996993987976	G	0.00200400801603	995	0	2	1	998	73834
UNKNOWN	202	G	0.992985971944	C	0.00501002004008	1	5	991	1	998	73834
UNKNOWN	203	T	0.562124248497	C	0.426853707415	7	426	4	561	998	73834
UNKNOWN	204	A	0.990981963928	T	0.00501002004008	989	2	2	5	998	73834
UNKNOWN	205	T	0.993987975952	C	0.00400801603206	1	4	1	992	998	73834
UNKNOWN	206	C	0.99498997996	A	0.00300601202405	3	993	0	2	998	73834
UNKNOWN	207	A	0.98997995992	C	0.0060120240481	988	6	2	2	998	73834
UNKNOWN	208	C	0.99498997996	T	0.00300601202405	1	993	1	3	998	73834
UNKNOWN	209	C	0.993987975952	A	0.00300601202405	3	992	1	2	998	73834
UNKNOWN	210	A	0.990981963928	G	0.0060120240481	989	2	6	1	998	73834
UNKNOWN	211	G	0.882765531062	A	0.114228456914	114	0	881	3	998	73834
UNKNOWN	212	G	0.99498997996	A	0.00400801603206	4	0	993	1	998	73834
UNKNOWN	213	G	0.992985971944	A	0.0060120240481	6	1	991	0	998	73834
UNKNOWN	214	A	0.993987975952	C	0.00300601202405	992	3	3	0	998	73834
UNKNOWN	215	C	0.986973947896	T	0.0060120240481	4	985	3	6	998	73834
UNKNOWN	216	A	0.990981963928	G	0.00701402805611	989	1	7	1	998	73834
UNKNOWN	217	A	0.991983967936	C	0.00300601202405	990	3	3	2	998	73834
UNKNOWN	218	C	0.980961923848	T	0.0170340681363	0	979	2	17	998	73834
UNKNOWN	219	T	0.988977955912	C	0.00701402805611	3	7	1	987	998	73834
UNKNOWN	220	C	0.996993987976	A	0.00300601202405	3	995	0	0	998	73834
UNKNOWN	221	C	0.995991983968	A	0.00400801603206	4	994	0	0	998	73834
UNKNOWN	222	A	0.99498997996	G	0.00300601202405	993	2	3	0	998	73834
UNKNOWN	223	A	0.992985971944	G	0.0060120240481	991	1	6	0	998	73834
UNKNOWN	224	G	0.991983967936	A	0.00400801603206	4	4	990	0	998	73834
UNKNOWN	225	A	0.988977955912	G	0.00901803607214	987	1	9	1	998	73834
UNKNOWN	226	G	0.97995991984	A	0.0120240480962	12	6	978	2	998	73834
UNKNOWN	227	C	0.978957915832	T	0.0170340681363	1	977	3	17	998	73834
UNKNOWN	228	C	0.991983967936	A	0.0060120240481	6	990	2	0	998	73834
UNKNOWN	229	A	0.990981963928	G	0.00501002004008	989	3	5	1	998	73834
UNKNOWN	230	A	0.985971943888	G	0.0120240480962	984	0	12	2	998	73834
UNKNOWN	231	G	0.98496993988	A	0.00701402805611	7	3	983	5	998	73834
UNKNOWN	232	T	0.991983967936	C	0.00701402805611	0	7	1	990	998	73834
UNKNOWN	233	C	0.988977955912	T	0.00801603206413	1	987	2	8	998	73834
UNKNOWN	234	T	0.99498997996	C	0.00400801603206	0	4	1	993	998	73834
UNKNOWN	235	C	0.99498997996	T	0.00501002004008	0	993	0	5	998	73834
UNKNOWN	236	T	0.992985971944	C	0.0060120240481	0	6	1	991	998	73834
UNKNOWN	237	C	0.99498997996	T	0.00300601202405	0	993	2	3	998	73834
UNKNOWN	238	T	0.99498997996	G	0.00300601202405	0	2	3	993	998	73834
UNKNOWN	239	G	0.977955911824	A	0.0120240480962	12	6	976	4	998	73834
UNKNOWN	240	T	0.991983967936	C	0.00300601202405	2	3	3	990	998	73834
UNKNOWN	241	C	0.992985971944	A	0.00300601202405	3	991	1	3	998	73834
UNKNOWN	242	A	0.985971943888	G	0.0100200400802	984	0	10	4	998	73834
UNKNOWN	243	G	0.958917835671	C	0.0210420841683	15	21	957	5	998	73834
UNKNOWN	244	T	0.992985971944	G	0.00501002004008	1	1	5	991	998	73834
UNKNOWN	245	G	0.982965931864	A	0.0150300601202	15	0	981	2	998	73834
UNKNOWN	246	A	0.986973947896	G	0.00901803607214	985	2	9	2	998	73834
UNKNOWN	247	G	0.902805611222	A	0.0841683366733	84	12	901	1	998	73834
UNKNOWN	248	C	0.975951903808	T	0.0160320641283	4	974	4	16	998	73834
UNKNOWN	249	A	0.98496993988	G	0.0130260521042	983	2	13	0	998	73834
UNKNOWN	250	G	0.988977955912	A	0.00701402805611	7	4	987	0	998	73834
UNKNOWN	251	C	0.988977955912	T	0.00801603206413	0	987	3	8	998	73834
UNKNOWN	252	G	0.992985971944	T	0.00400801603206	2	1	991	4	998	73834
UNKNOWN	253	T	0.99498997996	G	0.00300601202405	1	1	3	993	998	73834
UNKNOWN	254	G	0.981963927856	A	0.0100200400802	10	3	980	5	998	73834
UNKNOWN	255	A	0.990981963928	G	0.0060120240481	989	3	6	0	998	73834
UNKNOWN	256	C	0.992985971944	A	0.00501002004008	5	991	0	2	998	73834
UNKNOWN	257	A	0.980961923848	G	0.0120240480962	979	5	12	2	998	73834
UNKNOWN	258	C	0.937875751503	A	0.0440881763527	44	936	13	5	998	73834
UNKNOWN	259	C	0.991983967936	T	0.00501002004008	1	990	2	5	998	73834
UNKNOWN	260	T	0.976953907816	C	0.0130260521042	3	13	7	975	998	73834
UNKNOWN	261	G	0.993987975952	A	0.0060120240481	6	0	992	0	998	73834
UNKNOWN	262	A	0.985971943888	G	0.0110220440882	984	3	11	0	998	73834
UNKNOWN	263	G	0.960921843687	A	0.0220440881764	22	13	959	4	998	73834
UNKNOWN	264	G	0.993987975952	A	0.00400801603206	4	1	992	1	998	73834
UNKNOWN	265	A	0.99498997996	C	0.00300601202405	993	3	1	1	998	73834
UNKNOWN	266	C	0.986973947896	T	0.00701402805611	6	985	0	7	998	73834
UNKNOWN	267	A	0.96993987976	T	0.0170340681363	968	4	9	17	998	73834
UNKNOWN	268	C	0.992985971944	G	0.00501002004008	1	991	5	1	998	73834
UNKNOWN	269	G	0.941883767535	A	0.0551102204409	55	2	940	1	998	73834
UNKNOWN	270	G	0.992985971944	C	0.00501002004008	0	5	991	2	998	73834
UNKNOWN	271	C	0.995991983968	A	0.00200400801603	2	994	2	0	998	73834
UNKNOWN	272	C	0.988977955912	T	0.00501002004008	3	987	3	5	998	73834
UNKNOWN	273	A	0.569138276553	G	0.423847695391	568	5	423	2	998	73834
UNKNOWN	274	T	0.554108216433	C	0.439879759519	3	439	3	553	998	73834
UNKNOWN	275	A	0.472945891784	G	0.452905811623	472	55	452	19	998	73834
UNKNOWN	276	T	0.98997995992	A	0.00400801603206	4	4	2	988	998	73834
UNKNOWN	277	A	0.990981963928	C	0.00501002004008	989	5	1	3	998	73834
UNKNOWN	278	C	0.960921843687	T	0.0370741482966	2	959	0	37	998	73834
UNKNOWN	279	T	0.982965931864	C	0.00901803607214	5	9	3	981	998	73834
UNKNOWN	280	A	0.978957915832	T	0.0130260521042	977	4	4	13	998	73834
UNKNOWN	281	C	0.97995991984	T	0.0170340681363	1	978	2	17	998	73834
UNKNOWN	282	T	0.992985971944	G	0.00701402805611	0	0	7	991	998	73834
