Type	Position	Nucl1	Freq1	Nucl2	Freq2	NumAs	NumCs	NumGs	NumTs	NumAligned	NumNaive
UNKNOWN	0	C	1.0	A	0.0	0	14062	0	0	14062	105505
UNKNOWN	1	A	1.0	C	0.0	14062	0	0	0	14062	105505
UNKNOWN	2	G	1.0	A	0.0	0	0	14062	0	14062	105505
UNKNOWN	3	G	1.0	A	0.0	0	0	14062	0	14062	105505
UNKNOWN	4	T	1.0	A	0.0	0	0	0	14062	14062	105505
UNKNOWN	5	G	1.0	A	0.0	0	0	14062	0	14062	105505
UNKNOWN	6	C	1.0	A	0.0	0	14062	0	0	14062	105505
UNKNOWN	7	A	0.997368795335	G	0.00213340918788	14025	3	30	4	14062	105505
UNKNOWN	8	G	0.978310339923	A	0.0157161143507	221	77	13757	7	14062	105505
UNKNOWN	9	C	0.994310908832	T	0.00512018205092	0	13982	8	72	14062	105505
UNKNOWN	10	T	0.999217749964	C	0.000640022756365	0	9	2	14051	14062	105505
UNKNOWN	11	G	0.996302090741	T	0.0018489546295	22	4	14010	26	14062	105505
UNKNOWN	12	C	0.999288863604	T	0.000711136395961	0	14052	0	10	14062	105505
UNKNOWN	13	G	0.998862181766	A	0.000995590954345	14	0	14046	2	14062	105505
UNKNOWN	14	G	0.942540179206	C	0.0553975252453	27	779	13254	2	14062	105505
UNKNOWN	15	G	0.999288863604	C	0.000497795477173	2	7	14052	1	14062	105505
UNKNOWN	16	A	0.997368795335	G	0.00135115915233	14025	16	19	2	14062	105505
UNKNOWN	17	G	0.993884226995	A	0.00568909116769	80	6	13976	0	14062	105505
UNKNOWN	18	T	0.997582136254	C	0.00199118190869	2	28	4	14028	14062	105505
UNKNOWN	19	C	0.999644431802	T	0.000284454558384	1	14057	0	4	14062	105505
UNKNOWN	20	G	0.980230408192	A	0.0196984781681	277	0	13784	1	14062	105505
UNKNOWN	21	G	0.998719954487	C	0.000853363675153	3	12	14044	3	14062	105505
UNKNOWN	22	G	0.999146636325	A	0.000497795477173	7	5	14050	0	14062	105505
UNKNOWN	23	C	0.99822215901	T	0.00149338643152	2	14037	2	21	14062	105505
UNKNOWN	24	C	0.999644431802	T	0.00035556819798	0	14057	0	5	14062	105505
UNKNOWN	25	C	0.999146636325	T	0.000853363675153	0	14050	0	12	14062	105505
UNKNOWN	26	C	0.999004409046	A	0.000568909116769	8	14048	0	6	14062	105505
UNKNOWN	27	A	0.997226568056	G	0.00234675010667	14023	4	33	2	14062	105505
UNKNOWN	28	G	0.991608590528	A	0.00455127293415	64	54	13944	0	14062	105505
UNKNOWN	29	C	0.997866590812	T	0.00170672735031	5	14032	1	24	14062	105505
UNKNOWN	30	C	0.999004409046	T	0.000782250035557	3	14048	0	11	14062	105505
UNKNOWN	31	T	0.997155454416	C	0.00149338643152	5	21	14	14022	14062	105505
UNKNOWN	32	G	0.988835158583	A	0.00867586403072	122	17	13905	18	14062	105505
UNKNOWN	33	G	0.992604181482	A	0.00490684113213	69	24	13958	11	14062	105505
UNKNOWN	34	T	0.997297681695	C	0.00170672735031	3	24	11	14024	14062	105505
UNKNOWN	35	G	0.992035272365	A	0.00448015929455	63	5	13950	44	14062	105505
UNKNOWN	36	A	0.997297681695	C	0.00135115915233	14024	19	15	4	14062	105505
UNKNOWN	37	A	0.994097567914	G	0.00433793201536	13979	19	61	3	14062	105505
UNKNOWN	38	G	0.996373204381	A	0.00241786374627	34	17	14011	0	14062	105505
UNKNOWN	39	C	0.994453136112	T	0.00384013653819	4	13984	20	54	14062	105505
UNKNOWN	40	C	0.999573318162	T	0.00035556819798	1	14056	0	5	14062	105505
UNKNOWN	41	C	0.996302090741	G	0.00135115915233	18	14010	19	15	14062	105505
UNKNOWN	42	T	0.996586545299	C	0.00277343194425	6	39	3	14014	14062	105505
UNKNOWN	43	C	0.998506613568	A	0.000782250035557	11	14041	0	10	14062	105505
UNKNOWN	44	A	0.994026454274	G	0.00398236381738	13978	23	56	5	14062	105505
UNKNOWN	45	C	0.995875408903	G	0.00327122742142	11	14004	46	1	14062	105505
UNKNOWN	46	A	0.997297681695	G	0.00213340918788	14024	6	30	2	14062	105505
UNKNOWN	47	G	0.996799886218	A	0.00227563646707	32	12	14017	1	14062	105505
UNKNOWN	48	A	0.996302090741	G	0.00213340918788	14010	19	30	3	14062	105505
UNKNOWN	49	C	0.998079931731	T	0.00135115915233	1	14035	7	19	14062	105505
UNKNOWN	50	C	0.997013227137	T	0.00199118190869	5	14020	9	28	14062	105505
UNKNOWN	51	C	0.997582136254	G	0.00128004551273	1	14028	18	15	14062	105505
UNKNOWN	52	T	0.997084340777	C	0.00256009102546	2	36	3	14021	14062	105505
UNKNOWN	53	C	0.994879817949	T	0.00256009102546	20	13990	16	36	14062	105505
UNKNOWN	54	T	0.994879817949	C	0.00384013653819	3	54	15	13990	14062	105505
UNKNOWN	55	C	0.998719954487	T	0.00113781823354	2	14044	0	16	14062	105505
UNKNOWN	56	C	0.993315317878	T	0.00405347745698	5	13968	32	57	14062	105505
UNKNOWN	57	C	0.99651543166	G	0.00199118190869	2	14013	28	19	14062	105505
UNKNOWN	58	T	0.997297681695	C	0.00220452282748	5	31	2	14024	14062	105505
UNKNOWN	59	C	0.997795477173	T	0.00106670459394	13	14031	3	15	14062	105505
UNKNOWN	60	A	0.996088749822	C	0.00220452282748	14007	31	22	2	14062	105505
UNKNOWN	61	C	0.991821931446	T	0.0054757502489	1	13947	37	77	14062	105505
UNKNOWN	62	C	0.990968567771	G	0.00462238657374	2	13935	65	60	14062	105505
UNKNOWN	63	T	0.997368795335	C	0.00163561371071	2	23	12	14025	14062	105505
UNKNOWN	64	G	0.99829327265	C	0.000995590954345	10	14	14038	0	14062	105505
UNKNOWN	65	C	0.996373204381	T	0.00277343194425	11	14011	1	39	14062	105505
UNKNOWN	66	A	0.993101976959	G	0.00440904565496	13965	30	62	5	14062	105505
UNKNOWN	67	C	0.994453136112	T	0.00334234106102	5	13984	26	47	14062	105505
UNKNOWN	68	G	0.980443749111	A	0.0161427961883	227	30	13787	18	14062	105505
UNKNOWN	69	G	0.961385293699	A	0.0317877968994	447	48	13519	48	14062	105505
UNKNOWN	70	T	0.993101976959	C	0.00632911392405	0	89	8	13965	14062	105505
UNKNOWN	71	C	0.963234248329	G	0.0197695918077	9	13545	278	230	14062	105505
UNKNOWN	72	T	0.994453136112	C	0.0036267956194	6	51	21	13984	14062	105505
UNKNOWN	73	C	0.995733181624	T	0.00405347745698	0	14002	3	57	14062	105505
UNKNOWN	74	T	0.990755226853	G	0.00590243208647	8	39	83	13932	14062	105505
UNKNOWN	75	G	0.994239795193	A	0.00497795477173	70	10	13981	1	14062	105505
UNKNOWN	76	G	0.987270658512	A	0.0105959322998	149	23	13883	7	14062	105505
UNKNOWN	77	A	0.989048499502	C	0.00490684113213	13908	69	29	56	14062	105505
UNKNOWN	78	T	0.981439340065	C	0.0071824775992	91	101	69	13801	14062	105505
UNKNOWN	79	T	0.993741999716	C	0.00497795477173	6	70	12	13974	14062	105505
UNKNOWN	80	C	0.981083771867	T	0.013724932442	10	13796	63	193	14062	105505
UNKNOWN	81	T	0.992106386005	C	0.00590243208647	22	83	6	13951	14062	105505
UNKNOWN	82	C	0.994950931589	T	0.00334234106102	18	13991	6	47	14062	105505
UNKNOWN	83	A	0.991608590528	G	0.00462238657374	13944	13	65	40	14062	105505
UNKNOWN	84	T	0.988337363106	C	0.0071824775992	15	101	48	13898	14062	105505
UNKNOWN	85	T	0.995662067985	G	0.00298677286304	7	12	42	14001	14062	105505
UNKNOWN	86	G	0.968709998578	A	0.0269520694069	379	27	13622	34	14062	105505
UNKNOWN	87	A	0.987483999431	G	0.0091025458683	13886	45	128	3	14062	105505
UNKNOWN	88	G	0.919143791779	A	0.051415161428	723	266	12925	148	14062	105505
UNKNOWN	89	C	0.948655952212	T	0.0300099559095	88	13340	212	422	14062	105505
UNKNOWN	90	A	0.973190157872	G	0.0214052055184	13685	73	301	3	14062	105505
UNKNOWN	91	G	0.871568766889	A	0.0793628217892	1116	546	12256	144	14062	105505
UNKNOWN	92	C	0.939482292704	T	0.0359835016356	84	13211	261	506	14062	105505
UNKNOWN	93	A	0.875622244346	T	0.0633622528801	12313	165	693	891	14062	105505
UNKNOWN	94	A	0.936424406201	G	0.0367657516712	13168	205	517	172	14062	105505
UNKNOWN	95	T	0.975181339781	G	0.0148627506756	40	100	209	13713	14062	105505
UNKNOWN	96	G	0.932015360546	A	0.057744275352	812	108	13106	36	14062	105505
UNKNOWN	97	G	0.646494097568	A	0.175081780686	2462	2363	9091	146	14062	105505
UNKNOWN	98	T	0.98414165837	C	0.00817806855355	23	115	85	13839	14062	105505
UNKNOWN	99	G	0.963732043806	A	0.0327122742142	460	12	13552	38	14062	105505
UNKNOWN	100	T	0.991893045086	C	0.00640022756365	14	90	10	13948	14062	105505
UNKNOWN	101	A	0.958896316313	G	0.0248897738586	13484	103	350	125	14062	105505
UNKNOWN	102	G	0.741075238231	A	0.152680984213	2147	1336	10421	158	14062	105505
UNKNOWN	103	T	0.91203242782	G	0.0500640022756	184	349	704	12825	14062	105505
UNKNOWN	104	C	0.908121177642	T	0.0487128431233	96	12770	511	685	14062	105505
UNKNOWN	105	T	0.995946522543	G	0.00206229554829	2	26	29	14005	14062	105505
UNKNOWN	106	G	0.999431090883	A	0.000213340918788	3	2	14054	3	14062	105505
UNKNOWN	107	G	0.999004409046	T	0.000568909116769	3	3	14048	8	14062	105505
UNKNOWN	108	G	0.977456976248	A	0.0127293414877	179	90	13745	48	14062	105505
UNKNOWN	109	T	0.993741999716	C	0.00526240933011	1	74	13	13974	14062	105505
UNKNOWN	110	C	0.994168681553	T	0.00504906841132	4	13980	7	71	14062	105505
UNKNOWN	111	C	0.99822215901	G	0.00106670459394	2	14037	15	8	14062	105505
UNKNOWN	112	G	0.997582136254	C	0.00142227279192	8	20	14028	6	14062	105505
UNKNOWN	113	C	0.991679704167	T	0.003697909259	23	13945	42	52	14062	105505
UNKNOWN	114	C	0.997937704452	A	0.00113781823354	16	14033	5	8	14062	105505
UNKNOWN	115	A	0.986772863035	G	0.0120893187313	13876	11	170	5	14062	105505
UNKNOWN	116	G	0.995590954345	A	0.00334234106102	47	13	14000	2	14062	105505
UNKNOWN	117	G	0.963803157446	A	0.032214478737	453	36	13553	20	14062	105505
UNKNOWN	118	C	0.99466647703	T	0.00341345470061	2	13987	25	48	14062	105505
UNKNOWN	119	T	0.994310908832	C	0.00398236381738	6	56	18	13982	14062	105505
UNKNOWN	120	C	0.995946522543	T	0.00213340918788	14	14005	13	30	14062	105505
UNKNOWN	121	C	0.996302090741	T	0.00156450007111	19	14010	11	22	14062	105505
UNKNOWN	122	A	0.987981794908	G	0.00867586403072	13893	42	122	5	14062	105505
UNKNOWN	123	G	0.997511022614	A	0.000995590954345	14	13	14027	8	14062	105505
UNKNOWN	124	G	0.991537476888	A	0.00746693215759	105	12	13943	2	14062	105505
UNKNOWN	125	G	0.978665908121	A	0.0173517280614	244	55	13762	1	14062	105505
UNKNOWN	126	A	0.995377613426	C	0.00263120466505	13997	37	24	4	14062	105505
UNKNOWN	127	A	0.989830749538	G	0.00846252311193	13919	20	119	4	14062	105505
UNKNOWN	128	G	0.997013227137	A	0.00241786374627	34	8	14020	0	14062	105505
UNKNOWN	129	G	0.965865452994	A	0.0213340918788	300	159	13582	21	14062	105505
UNKNOWN	130	C	0.994808704309	T	0.00277343194425	4	13989	30	39	14062	105505
UNKNOWN	131	G	0.976176930735	A	0.0175650689802	247	49	13727	39	14062	105505
UNKNOWN	132	C	0.992177499644	T	0.00504906841132	8	13952	31	71	14062	105505
UNKNOWN	133	T	0.988692931304	C	0.00796472763476	4	112	43	13903	14062	105505
UNKNOWN	134	G	0.976674726212	A	0.0177072962594	249	13	13734	66	14062	105505
UNKNOWN	135	G	0.995590954345	A	0.00312900014223	44	16	14000	2	14062	105505
UNKNOWN	136	A	0.993741999716	G	0.00384013653819	13974	24	54	10	14062	105505
UNKNOWN	137	G	0.980017067274	A	0.0162850234675	229	21	13781	31	14062	105505
UNKNOWN	138	T	0.995519840705	G	0.00312900014223	1	18	44	13999	14062	105505
UNKNOWN	139	G	0.993955340634	A	0.00405347745698	57	11	13977	17	14062	105505
UNKNOWN	140	G	0.96131418006	C	0.0351301379605	13	494	13518	37	14062	105505
UNKNOWN	141	C	0.9788081354	G	0.0172095007823	27	13764	242	29	14062	105505
UNKNOWN	142	T	0.995875408903	C	0.00270231830465	0	38	20	14004	14062	105505
UNKNOWN	143	C	0.984781681126	T	0.00960034134547	15	13848	64	135	14062	105505
UNKNOWN	144	G	0.991893045086	A	0.00476461385294	67	0	13948	47	14062	105505
UNKNOWN	145	G	0.99125302233	C	0.00554686388849	10	78	13939	35	14062	105505
UNKNOWN	146	T	0.956478452567	G	0.0227563646707	128	164	320	13450	14062	105505
UNKNOWN	147	G	0.723367941971	A	0.237021760774	3333	141	10172	416	14062	105505
UNKNOWN	148	G	0.752453420566	A	0.140591665481	1977	1002	10581	502	14062	105505
UNKNOWN	149	T	0.94012231546	A	0.0216185464372	304	284	254	13220	14062	105505
UNKNOWN	150	A	0.922983928317	G	0.0669179348599	12979	84	941	58	14062	105505
UNKNOWN	151	T	0.980443749111	G	0.00888920494951	37	113	125	13787	14062	105505
UNKNOWN	152	A	0.947304793059	G	0.0232541601479	13321	214	327	200	14062	105505
UNKNOWN	153	T	0.935784383445	A	0.046294979377	651	48	204	13159	14062	105505
UNKNOWN	154	G	0.982790499218	A	0.00917365950789	129	73	13820	40	14062	105505
UNKNOWN	155	C	0.889347176789	T	0.104608163846	35	12506	50	1471	14062	105505
UNKNOWN	156	A	0.899231972692	G	0.091025458683	12645	119	1280	18	14062	105505
UNKNOWN	157	G	0.881951358271	A	0.0646422983928	909	422	12402	329	14062	105505
UNKNOWN	158	T	0.962523111933	G	0.0189873417722	128	132	267	13535	14062	105505
UNKNOWN	159	G	0.840634333665	A	0.133693642441	1880	296	11821	65	14062	105505
UNKNOWN	160	G	0.854501493386	A	0.103114777414	1450	381	12016	215	14062	105505
UNKNOWN	161	T	0.972336794197	G	0.0124448869293	82	132	175	13673	14062	105505
UNKNOWN	162	G	0.982861612857	A	0.010382591381	146	13	13821	82	14062	105505
UNKNOWN	163	G	0.973474612431	A	0.0116626368938	164	145	13689	64	14062	105505
UNKNOWN	164	A	0.963803157446	G	0.0258142511734	13553	71	363	75	14062	105505
UNKNOWN	165	A	0.90669890485	G	0.0837007538046	12750	72	1177	63	14062	105505
UNKNOWN	166	G	0.836580856208	C	0.087327549424	703	1228	11764	367	14062	105505
UNKNOWN	167	C	0.879249039966	T	0.0563220025601	377	12364	529	792	14062	105505
UNKNOWN	168	A	0.981297112786	G	0.00945811406628	13799	91	133	39	14062	105505
UNKNOWN	169	C	0.961811975537	G	0.0154316597923	111	13525	217	209	14062	105505
UNKNOWN	170	A	0.975252453421	G	0.0148627506756	13714	83	209	56	14062	105505
UNKNOWN	171	A	0.878395676291	G	0.0989901863177	12352	167	1392	151	14062	105505
UNKNOWN	172	G	0.761342625516	A	0.149907552269	2108	823	10706	425	14062	105505
UNKNOWN	173	C	0.887000426682	G	0.0677712985351	190	12473	953	446	14062	105505
UNKNOWN	174	T	0.974967998862	C	0.0145782961172	62	205	85	13710	14062	105505
UNKNOWN	175	T	0.939268951785	A	0.0495662067985	697	79	78	13208	14062	105505
UNKNOWN	176	T	0.952211634191	C	0.0234675010667	126	330	216	13390	14062	105505
UNKNOWN	177	A	0.984995022045	C	0.010738159579	13851	151	42	18	14062	105505
UNKNOWN	178	A	0.982577158299	G	0.0113781823354	13817	81	160	4	14062	105505
UNKNOWN	179	C	0.902929881951	T	0.0819940264543	48	12697	164	1153	14062	105505
UNKNOWN	180	C	0.94894040677	T	0.0323567060162	48	13344	215	455	14062	105505
UNKNOWN	181	C	0.985066135685	T	0.00753804579718	49	13852	55	106	14062	105505
UNKNOWN	182	A	0.979661499076	C	0.010738159579	13776	151	127	8	14062	105505
UNKNOWN	183	G	0.98058597639	A	0.0124448869293	175	43	13789	55	14062	105505
UNKNOWN	184	C	0.977741430806	T	0.0122315460105	44	13749	97	172	14062	105505
UNKNOWN	185	C	0.997582136254	T	0.0017778409899	2	14028	7	25	14062	105505
UNKNOWN	186	C	0.992675295122	T	0.00490684113213	4	13959	30	69	14062	105505
UNKNOWN	187	T	0.992390840563	G	0.00405347745698	26	24	57	13955	14062	105505
UNKNOWN	188	G	0.96124306642	A	0.0297966149908	419	52	13517	74	14062	105505
UNKNOWN	189	A	0.98762622671	G	0.00711136395961	13888	56	100	18	14062	105505
UNKNOWN	190	A	0.985421703883	G	0.00753804579718	13857	67	106	32	14062	105505
UNKNOWN	191	A	0.983074953776	G	0.00618688664486	13824	82	87	69	14062	105505
UNKNOWN	192	T	0.98769734035	C	0.00775138671597	17	109	47	13889	14062	105505
UNKNOWN	193	C	0.990328545015	A	0.00533352296971	75	13926	3	58	14062	105505
UNKNOWN	194	C	0.987555113071	T	0.00597354572607	30	13887	61	84	14062	105505
UNKNOWN	195	C	0.996302090741	G	0.00241786374627	5	14010	34	13	14062	105505
UNKNOWN	196	G	0.994595363391	A	0.00220452282748	31	31	13986	14	14062	105505
UNKNOWN	197	G	0.900369790926	A	0.0708291850377	996	201	12661	204	14062	105505
UNKNOWN	198	C	0.984781681126	G	0.00824918219314	29	13848	116	69	14062	105505
UNKNOWN	199	T	0.991750817807	C	0.00412459109657	27	58	31	13946	14062	105505
UNKNOWN	200	C	0.98947518134	T	0.00462238657374	62	13914	21	65	14062	105505
UNKNOWN	201	A	0.98947518134	G	0.00810695491395	13914	33	114	1	14062	105505
UNKNOWN	202	G	0.96294979377	C	0.0228274783103	108	321	13541	92	14062	105505
UNKNOWN	203	C	0.912601336936	T	0.069193571327	129	12833	127	973	14062	105505
UNKNOWN	204	A	0.987199544873	G	0.00611577300526	13882	47	86	47	14062	105505
UNKNOWN	205	T	0.99111079505	C	0.00448015929455	25	63	37	13937	14062	105505
UNKNOWN	206	C	0.979092589959	T	0.0147205233964	78	13768	9	207	14062	105505
UNKNOWN	207	A	0.988621817665	G	0.00689802304082	13902	46	97	17	14062	105505
UNKNOWN	208	C	0.972123453278	G	0.0126582278481	55	13670	178	159	14062	105505
UNKNOWN	209	C	0.943109088323	G	0.0257431375338	141	13262	362	297	14062	105505
UNKNOWN	210	A	0.982719385578	G	0.00832029583274	13819	116	117	10	14062	105505
UNKNOWN	211	A	0.981368226426	G	0.01408050064	13800	60	198	4	14062	105505
UNKNOWN	212	G	0.984354999289	A	0.00938700042668	132	79	13842	9	14062	105505
UNKNOWN	213	G	0.989830749538	A	0.00775138671597	109	26	13919	8	14062	105505
UNKNOWN	214	A	0.990328545015	C	0.00526240933011	13926	74	39	23	14062	105505
UNKNOWN	215	C	0.958611861755	T	0.0333522969706	60	13480	53	469	14062	105505
UNKNOWN	216	A	0.977385862608	G	0.0145782961172	13744	67	205	46	14062	105505
UNKNOWN	217	A	0.984710567487	G	0.00995590954345	13847	43	140	32	14062	105505
UNKNOWN	218	C	0.974470203385	T	0.0185606599346	13	13703	85	261	14062	105505
UNKNOWN	219	T	0.986772863035	C	0.00618688664486	49	87	50	13876	14062	105505
UNKNOWN	220	C	0.989830749538	T	0.00597354572607	52	13919	7	84	14062	105505
UNKNOWN	221	C	0.985706158441	A	0.00526240933011	74	13861	72	55	14062	105505
UNKNOWN	222	A	0.982648271939	C	0.0100981368226	13818	142	98	4	14062	105505
UNKNOWN	223	A	0.983999431091	G	0.0134404778837	13837	23	189	13	14062	105505
UNKNOWN	224	G	0.97703029441	A	0.0130137960461	183	137	13739	3	14062	105505
UNKNOWN	225	A	0.985492817522	G	0.00981368226426	13858	57	138	9	14062	105505
UNKNOWN	226	G	0.949153747689	A	0.0440904565496	620	75	13347	20	14062	105505
UNKNOWN	227	C	0.964443180202	T	0.0283743421988	45	13562	56	399	14062	105505
UNKNOWN	228	C	0.990044090457	A	0.00526240933011	74	13922	59	7	14062	105505
UNKNOWN	229	A	0.991893045086	G	0.00391125017778	13948	39	55	20	14062	105505
UNKNOWN	230	A	0.968994453136	G	0.0269520694069	13626	46	379	11	14062	105505
UNKNOWN	231	G	0.966861043948	A	0.022543023752	317	78	13596	71	14062	105505
UNKNOWN	232	T	0.989830749538	C	0.00597354572607	19	84	40	13919	14062	105505
UNKNOWN	233	C	0.954060588821	G	0.0230408192291	65	13416	324	257	14062	105505
UNKNOWN	234	T	0.986203953918	G	0.00647134120324	22	81	91	13868	14062	105505
UNKNOWN	235	C	0.98407054473	T	0.013724932442	24	13838	7	193	14062	105505
UNKNOWN	236	T	0.976176930735	C	0.0113070686958	41	159	135	13727	14062	105505
UNKNOWN	237	C	0.993101976959	T	0.00440904565496	19	13965	16	62	14062	105505
UNKNOWN	238	T	0.993528658797	G	0.00327122742142	11	34	46	13971	14062	105505
UNKNOWN	239	G	0.938913383587	A	0.042952638316	604	173	13203	82	14062	105505
UNKNOWN	240	T	0.985279476604	G	0.00533352296971	67	65	75	13855	14062	105505
UNKNOWN	241	C	0.98414165837	T	0.0105959322998	49	13839	25	149	14062	105505
UNKNOWN	242	A	0.975679135258	G	0.0127293414877	13720	138	179	25	14062	105505
UNKNOWN	243	G	0.887782676717	C	0.0612288436922	572	861	12484	145	14062	105505
UNKNOWN	244	T	0.989830749538	C	0.00561797752809	19	79	45	13919	14062	105505
UNKNOWN	245	G	0.951002702318	A	0.0280187740009	394	237	13373	58	14062	105505
UNKNOWN	246	A	0.968638884938	G	0.0224007964728	13621	104	315	22	14062	105505
UNKNOWN	247	G	0.915374768881	A	0.0560375480017	788	287	12872	115	14062	105505
UNKNOWN	248	C	0.95071824776	T	0.0310055468639	120	13369	137	436	14062	105505
UNKNOWN	249	A	0.980017067274	G	0.0154316597923	13781	57	217	7	14062	105505
UNKNOWN	250	G	0.967429953065	A	0.0198407054473	279	149	13604	30	14062	105505
UNKNOWN	251	C	0.978523680842	T	0.0132271369649	48	13760	68	186	14062	105505
UNKNOWN	252	G	0.979590385436	A	0.0106670459394	150	79	13775	58	14062	105505
UNKNOWN	253	T	0.98762622671	C	0.00568909116769	29	80	65	13888	14062	105505
UNKNOWN	254	G	0.94374911108	A	0.0391125017778	550	88	13271	153	14062	105505
UNKNOWN	255	A	0.980941544588	G	0.0120893187313	13794	61	170	37	14062	105505
UNKNOWN	256	C	0.98591949936	A	0.00625800028445	88	13864	33	77	14062	105505
UNKNOWN	257	A	0.969278907694	G	0.0173517280614	13630	124	244	64	14062	105505
UNKNOWN	258	C	0.947091452141	A	0.0356279334376	501	13318	127	116	14062	105505
UNKNOWN	259	C	0.983217181055	T	0.00924477314749	60	13826	46	130	14062	105505
UNKNOWN	260	T	0.978096999004	G	0.011449295975	46	101	161	13754	14062	105505
UNKNOWN	261	G	0.990897454132	A	0.00604465936567	85	19	13934	24	14062	105505
UNKNOWN	262	A	0.987910681269	G	0.00867586403072	13892	28	122	20	14062	105505
UNKNOWN	263	G	0.92774854217	A	0.043308206514	609	364	13046	43	14062	105505
UNKNOWN	264	G	0.991039681411	A	0.00561797752809	79	18	13936	29	14062	105505
UNKNOWN	265	A	0.990897454132	C	0.00497795477173	13934	70	43	15	14062	105505
UNKNOWN	266	C	0.972550135116	T	0.0160005689091	124	13676	37	225	14062	105505
UNKNOWN	267	A	0.975039112502	G	0.0130137960461	13711	43	183	125	14062	105505
UNKNOWN	268	C	0.990541885934	G	0.00476461385294	40	13929	67	26	14062	105505
UNKNOWN	269	G	0.949367088608	A	0.0450860475039	634	41	13350	37	14062	105505
UNKNOWN	270	G	0.989617408619	A	0.00448015929455	63	48	13916	35	14062	105505
UNKNOWN	271	C	0.990470772294	A	0.00533352296971	75	13928	43	16	14062	105505
UNKNOWN	272	C	0.990399658655	A	0.00533352296971	75	13927	15	45	14062	105505
UNKNOWN	273	A	0.990897454132	G	0.00504906841132	13934	35	71	22	14062	105505
UNKNOWN	274	C	0.98584838572	A	0.00568909116769	80	13863	39	80	14062	105505
UNKNOWN	275	A	0.963732043806	G	0.0202673872849	13552	137	285	88	14062	105505
UNKNOWN	276	T	0.989617408619	G	0.00440904565496	52	32	62	13916	14062	105505
UNKNOWN	277	A	0.991395249609	C	0.00419570473617	13941	59	21	41	14062	105505
UNKNOWN	278	C	0.921846110084	T	0.0743848670175	40	12963	13	1046	14062	105505
UNKNOWN	279	T	0.979874839994	C	0.00775138671597	82	109	92	13779	14062	105505
UNKNOWN	280	A	0.975750248898	T	0.0121604323709	13721	117	53	171	14062	105505
UNKNOWN	281	C	0.953776134263	T	0.0418859337221	24	13412	37	589	14062	105505
UNKNOWN	282	T	0.989119613142	G	0.00775138671597	21	23	109	13909	14062	105505
