Type	Position	Nucl1	Freq1	Nucl2	Freq2	NumAs	NumCs	NumGs	NumTs	NumAligned	NumNaive
UNKNOWN	0	A	1.0	C	0.0	768	0	0	0	768	105505
UNKNOWN	1	A	1.0	C	0.0	768	0	0	0	768	105505
UNKNOWN	2	G	1.0	A	0.0	0	0	768	0	768	105505
UNKNOWN	3	G	1.0	A	0.0	0	0	768	0	768	105505
UNKNOWN	4	T	1.0	A	0.0	0	0	0	768	768	105505
UNKNOWN	5	G	1.0	A	0.0	0	0	768	0	768	105505
UNKNOWN	6	C	1.0	A	0.0	0	768	0	0	768	105505
UNKNOWN	7	A	1.0	C	0.0	768	0	0	0	768	105505
UNKNOWN	8	G	0.9921875	A	0.0078125	6	0	762	0	768	105505
UNKNOWN	9	C	0.997395833333	T	0.00130208333333	0	766	1	1	768	105505
UNKNOWN	10	T	1.0	A	0.0	0	0	0	768	768	105505
UNKNOWN	11	G	0.997395833333	A	0.00260416666667	2	0	766	0	768	105505
UNKNOWN	12	C	1.0	A	0.0	0	768	0	0	768	105505
UNKNOWN	13	A	0.678385416667	G	0.303385416667	521	14	233	0	768	105505
UNKNOWN	14	G	0.977864583333	C	0.0221354166667	0	17	751	0	768	105505
UNKNOWN	15	G	1.0	A	0.0	0	0	768	0	768	105505
UNKNOWN	16	A	0.994791666667	G	0.00390625	764	1	3	0	768	105505
UNKNOWN	17	G	0.990885416667	A	0.00651041666667	5	1	761	1	768	105505
UNKNOWN	18	T	0.998697916667	C	0.00130208333333	0	1	0	767	768	105505
UNKNOWN	19	C	0.998697916667	G	0.00130208333333	0	767	1	0	768	105505
UNKNOWN	20	G	0.822916666667	A	0.177083333333	136	0	632	0	768	105505
UNKNOWN	21	G	0.99609375	A	0.00260416666667	2	0	765	1	768	105505
UNKNOWN	22	G	0.997395833333	C	0.00260416666667	0	2	766	0	768	105505
UNKNOWN	23	C	0.944010416667	T	0.0559895833333	0	725	0	43	768	105505
UNKNOWN	24	C	1.0	A	0.0	0	768	0	0	768	105505
UNKNOWN	25	C	0.998697916667	T	0.00130208333333	0	767	0	1	768	105505
UNKNOWN	26	C	1.0	A	0.0	0	768	0	0	768	105505
UNKNOWN	27	A	0.997395833333	C	0.00130208333333	766	1	1	0	768	105505
UNKNOWN	28	G	1.0	A	0.0	0	0	768	0	768	105505
UNKNOWN	29	C	0.99609375	A	0.00130208333333	1	765	1	1	768	105505
UNKNOWN	30	C	0.997395833333	T	0.00260416666667	0	766	0	2	768	105505
UNKNOWN	31	T	1.0	A	0.0	0	0	0	768	768	105505
UNKNOWN	32	G	0.9921875	A	0.00520833333333	4	1	762	1	768	105505
UNKNOWN	33	G	0.998697916667	A	0.00130208333333	1	0	767	0	768	105505
UNKNOWN	34	T	0.99609375	C	0.00260416666667	0	2	1	765	768	105505
UNKNOWN	35	G	0.998697916667	T	0.00130208333333	0	0	767	1	768	105505
UNKNOWN	36	A	0.998697916667	G	0.00130208333333	767	0	1	0	768	105505
UNKNOWN	37	A	1.0	C	0.0	768	0	0	0	768	105505
UNKNOWN	38	G	0.9921875	A	0.00520833333333	4	2	762	0	768	105505
UNKNOWN	39	C	1.0	A	0.0	0	768	0	0	768	105505
UNKNOWN	40	C	1.0	A	0.0	0	768	0	0	768	105505
UNKNOWN	41	C	0.99609375	G	0.00260416666667	0	765	2	1	768	105505
UNKNOWN	42	T	0.997395833333	C	0.00260416666667	0	2	0	766	768	105505
UNKNOWN	43	C	0.997395833333	A	0.00130208333333	1	766	0	1	768	105505
UNKNOWN	44	A	0.99609375	C	0.00260416666667	765	2	1	0	768	105505
UNKNOWN	45	C	0.998697916667	A	0.00130208333333	1	767	0	0	768	105505
UNKNOWN	46	A	0.997395833333	G	0.00260416666667	766	0	2	0	768	105505
UNKNOWN	47	G	0.998697916667	A	0.00130208333333	1	0	767	0	768	105505
UNKNOWN	48	A	0.9921875	G	0.00520833333333	762	2	4	0	768	105505
UNKNOWN	49	C	1.0	A	0.0	0	768	0	0	768	105505
UNKNOWN	50	C	1.0	A	0.0	0	768	0	0	768	105505
UNKNOWN	51	C	0.998697916667	T	0.00130208333333	0	767	0	1	768	105505
UNKNOWN	52	T	0.997395833333	A	0.00130208333333	1	1	0	766	768	105505
UNKNOWN	53	C	0.998697916667	T	0.00130208333333	0	767	0	1	768	105505
UNKNOWN	54	T	0.994791666667	C	0.00520833333333	0	4	0	764	768	105505
UNKNOWN	55	C	1.0	A	0.0	0	768	0	0	768	105505
UNKNOWN	56	C	0.993489583333	T	0.00260416666667	1	763	2	2	768	105505
UNKNOWN	57	C	0.997395833333	T	0.00260416666667	0	766	0	2	768	105505
UNKNOWN	58	T	0.997395833333	C	0.00260416666667	0	2	0	766	768	105505
UNKNOWN	59	C	0.983072916667	T	0.015625	1	755	0	12	768	105505
UNKNOWN	60	A	0.997395833333	C	0.00130208333333	766	1	0	1	768	105505
UNKNOWN	61	C	0.998697916667	G	0.00130208333333	0	767	1	0	768	105505
UNKNOWN	62	C	0.998697916667	T	0.00130208333333	0	767	0	1	768	105505
UNKNOWN	63	T	0.99609375	A	0.00130208333333	1	1	1	765	768	105505
UNKNOWN	64	G	0.998697916667	C	0.00130208333333	0	1	767	0	768	105505
UNKNOWN	65	C	0.998697916667	A	0.00130208333333	1	767	0	0	768	105505
UNKNOWN	66	A	0.99609375	C	0.00130208333333	765	1	1	1	768	105505
UNKNOWN	67	C	0.998697916667	G	0.00130208333333	0	767	1	0	768	105505
UNKNOWN	68	G	0.998697916667	A	0.00130208333333	1	0	767	0	768	105505
UNKNOWN	69	A	0.955729166667	G	0.0403645833333	734	3	31	0	768	105505
UNKNOWN	70	C	0.958333333333	T	0.0364583333333	0	736	4	28	768	105505
UNKNOWN	71	C	0.977864583333	G	0.0169270833333	0	751	13	4	768	105505
UNKNOWN	72	T	0.998697916667	C	0.00130208333333	0	1	0	767	768	105505
UNKNOWN	73	C	0.998697916667	T	0.00130208333333	0	767	0	1	768	105505
UNKNOWN	74	T	0.994791666667	C	0.00260416666667	0	2	2	764	768	105505
UNKNOWN	75	G	1.0	A	0.0	0	0	768	0	768	105505
UNKNOWN	76	G	0.997395833333	A	0.00260416666667	2	0	766	0	768	105505
UNKNOWN	77	A	0.993489583333	G	0.00520833333333	763	0	4	1	768	105505
UNKNOWN	78	T	0.998697916667	C	0.00130208333333	0	1	0	767	768	105505
UNKNOWN	79	T	0.99609375	C	0.00390625	0	3	0	765	768	105505
UNKNOWN	80	C	0.970052083333	T	0.0286458333333	1	745	0	22	768	105505
UNKNOWN	81	T	0.98828125	G	0.00911458333333	0	2	7	759	768	105505
UNKNOWN	82	C	0.997395833333	A	0.00130208333333	1	766	0	1	768	105505
UNKNOWN	83	A	0.997395833333	T	0.00130208333333	766	0	1	1	768	105505
UNKNOWN	84	T	0.998697916667	G	0.00130208333333	0	0	1	767	768	105505
UNKNOWN	85	T	0.998697916667	G	0.00130208333333	0	0	1	767	768	105505
UNKNOWN	86	G	0.993489583333	A	0.00390625	3	2	763	0	768	105505
UNKNOWN	87	A	0.99609375	C	0.00260416666667	765	2	1	0	768	105505
UNKNOWN	88	C	0.904947916667	T	0.0455729166667	6	695	32	35	768	105505
UNKNOWN	89	C	0.994791666667	A	0.00260416666667	2	764	0	2	768	105505
UNKNOWN	90	A	0.993489583333	C	0.00520833333333	763	4	1	0	768	105505
UNKNOWN	91	G	0.888020833333	C	0.0651041666667	24	50	682	12	768	105505
UNKNOWN	92	C	0.97265625	T	0.0234375	3	747	0	18	768	105505
UNKNOWN	93	T	0.86328125	A	0.118489583333	91	13	1	663	768	105505
UNKNOWN	94	A	0.985677083333	C	0.00911458333333	757	7	3	1	768	105505
UNKNOWN	95	T	0.998697916667	G	0.00130208333333	0	0	1	767	768	105505
UNKNOWN	96	G	0.9921875	A	0.00651041666667	5	0	762	1	768	105505
UNKNOWN	97	G	0.93359375	C	0.04296875	17	33	717	1	768	105505
UNKNOWN	98	T	0.9921875	C	0.00390625	2	3	1	762	768	105505
UNKNOWN	99	G	0.993489583333	A	0.00520833333333	4	0	763	1	768	105505
UNKNOWN	100	T	0.997395833333	A	0.00130208333333	1	1	0	766	768	105505
UNKNOWN	101	A	0.981770833333	G	0.01171875	754	3	9	2	768	105505
UNKNOWN	102	A	0.99609375	G	0.00390625	765	0	3	0	768	105505
UNKNOWN	103	G	0.8359375	C	0.0950520833333	48	73	642	5	768	105505
UNKNOWN	104	C	0.9921875	T	0.00651041666667	1	762	0	5	768	105505
UNKNOWN	105	T	0.994791666667	C	0.00260416666667	0	2	2	764	768	105505
UNKNOWN	106	G	1.0	A	0.0	0	0	768	0	768	105505
UNKNOWN	107	G	1.0	A	0.0	0	0	768	0	768	105505
UNKNOWN	108	G	0.994791666667	T	0.00390625	1	0	764	3	768	105505
UNKNOWN	109	T	0.99609375	C	0.00260416666667	0	2	1	765	768	105505
UNKNOWN	110	C	0.958333333333	T	0.0286458333333	0	736	10	22	768	105505
UNKNOWN	111	C	0.998697916667	G	0.00130208333333	0	767	1	0	768	105505
UNKNOWN	112	G	0.997395833333	A	0.00130208333333	1	1	766	0	768	105505
UNKNOWN	113	C	1.0	A	0.0	0	768	0	0	768	105505
UNKNOWN	114	C	0.998697916667	A	0.00130208333333	1	767	0	0	768	105505
UNKNOWN	115	A	0.997395833333	G	0.00260416666667	766	0	2	0	768	105505
UNKNOWN	116	G	1.0	A	0.0	0	0	768	0	768	105505
UNKNOWN	117	G	0.994791666667	A	0.00390625	3	1	764	0	768	105505
UNKNOWN	118	C	0.998697916667	T	0.00130208333333	0	767	0	1	768	105505
UNKNOWN	119	T	0.99609375	C	0.00260416666667	0	2	1	765	768	105505
UNKNOWN	120	C	0.998697916667	A	0.00130208333333	1	767	0	0	768	105505
UNKNOWN	121	C	0.998697916667	A	0.00130208333333	1	767	0	0	768	105505
UNKNOWN	122	A	0.99609375	G	0.00390625	765	0	3	0	768	105505
UNKNOWN	123	G	1.0	A	0.0	0	0	768	0	768	105505
UNKNOWN	124	G	0.997395833333	A	0.00260416666667	2	0	766	0	768	105505
UNKNOWN	125	A	0.72265625	G	0.27734375	555	0	213	0	768	105505
UNKNOWN	126	A	0.998697916667	C	0.00130208333333	767	1	0	0	768	105505
UNKNOWN	127	A	0.993489583333	G	0.00651041666667	763	0	5	0	768	105505
UNKNOWN	128	G	1.0	A	0.0	0	0	768	0	768	105505
UNKNOWN	129	G	0.993489583333	A	0.00520833333333	4	1	763	0	768	105505
UNKNOWN	130	C	0.997395833333	T	0.00130208333333	0	766	1	1	768	105505
UNKNOWN	131	G	0.99609375	A	0.00260416666667	2	1	765	0	768	105505
UNKNOWN	132	C	0.99609375	T	0.00390625	0	765	0	3	768	105505
UNKNOWN	133	T	0.99609375	G	0.00260416666667	0	1	2	765	768	105505
UNKNOWN	134	G	0.989583333333	A	0.00911458333333	7	0	760	1	768	105505
UNKNOWN	135	G	0.998697916667	A	0.00130208333333	1	0	767	0	768	105505
UNKNOWN	136	A	0.989583333333	G	0.00911458333333	760	1	7	0	768	105505
UNKNOWN	137	G	0.99609375	A	0.00260416666667	2	0	765	1	768	105505
UNKNOWN	138	T	0.9921875	C	0.00390625	1	3	2	762	768	105505
UNKNOWN	139	G	0.997395833333	C	0.00130208333333	0	1	766	1	768	105505
UNKNOWN	140	G	0.973958333333	C	0.0234375	1	18	748	1	768	105505
UNKNOWN	141	C	0.993489583333	G	0.00520833333333	0	763	4	1	768	105505
UNKNOWN	142	T	0.994791666667	C	0.00390625	0	3	1	764	768	105505
UNKNOWN	143	C	0.994791666667	T	0.00260416666667	1	764	1	2	768	105505
UNKNOWN	144	G	1.0	A	0.0	0	0	768	0	768	105505
UNKNOWN	145	G	0.997395833333	C	0.00130208333333	0	1	766	1	768	105505
UNKNOWN	146	T	0.986979166667	A	0.00911458333333	7	0	3	758	768	105505
UNKNOWN	147	G	0.859375	A	0.130208333333	100	2	660	6	768	105505
UNKNOWN	148	G	0.830729166667	A	0.118489583333	91	34	638	5	768	105505
UNKNOWN	149	T	0.98828125	G	0.00520833333333	3	2	4	759	768	105505
UNKNOWN	150	A	0.986979166667	G	0.01171875	758	0	9	1	768	105505
UNKNOWN	151	T	0.99609375	A	0.00130208333333	1	1	1	765	768	105505
UNKNOWN	152	A	0.96875	G	0.0169270833333	744	7	13	4	768	105505
UNKNOWN	153	G	0.954427083333	A	0.0338541666667	26	2	733	7	768	105505
UNKNOWN	154	A	0.963541666667	G	0.03125	740	3	24	1	768	105505
UNKNOWN	155	T	0.95703125	C	0.0247395833333	2	19	12	735	768	105505
UNKNOWN	156	A	0.973958333333	G	0.0247395833333	748	1	19	0	768	105505
UNKNOWN	157	G	0.966145833333	C	0.0247395833333	4	19	742	3	768	105505
UNKNOWN	158	T	0.984375	G	0.00911458333333	4	1	7	756	768	105505
UNKNOWN	159	G	0.955729166667	A	0.03125	24	9	734	1	768	105505
UNKNOWN	160	G	0.934895833333	A	0.0442708333333	34	13	718	3	768	105505
UNKNOWN	161	T	0.981770833333	G	0.0130208333333	0	4	10	754	768	105505
UNKNOWN	162	G	0.998697916667	A	0.00130208333333	1	0	767	0	768	105505
UNKNOWN	163	G	0.997395833333	A	0.00260416666667	2	0	766	0	768	105505
UNKNOWN	164	A	0.984375	G	0.0143229166667	756	1	11	0	768	105505
UNKNOWN	165	A	0.979166666667	G	0.0104166666667	752	1	8	7	768	105505
UNKNOWN	166	G	0.8046875	A	0.127604166667	98	33	618	19	768	105505
UNKNOWN	167	C	0.954427083333	T	0.02734375	13	733	1	21	768	105505
UNKNOWN	168	A	0.989583333333	G	0.00911458333333	760	1	7	0	768	105505
UNKNOWN	169	C	0.977864583333	T	0.0169270833333	1	751	3	13	768	105505
UNKNOWN	170	A	0.994791666667	G	0.00520833333333	764	0	4	0	768	105505
UNKNOWN	171	G	0.979166666667	A	0.01171875	9	2	752	5	768	105505
UNKNOWN	172	G	0.919270833333	A	0.0677083333333	52	8	706	2	768	105505
UNKNOWN	173	C	0.9921875	G	0.00520833333333	0	762	4	2	768	105505
UNKNOWN	174	T	0.994791666667	A	0.00260416666667	2	2	0	764	768	105505
UNKNOWN	175	A	0.993489583333	T	0.00390625	763	2	0	3	768	105505
UNKNOWN	176	T	0.986979166667	C	0.00911458333333	2	7	1	758	768	105505
UNKNOWN	177	A	0.990885416667	C	0.00520833333333	761	4	3	0	768	105505
UNKNOWN	178	A	0.977864583333	C	0.0182291666667	751	14	3	0	768	105505
UNKNOWN	179	C	0.79296875	T	0.157552083333	1	609	37	121	768	105505
UNKNOWN	180	C	0.975260416667	A	0.0169270833333	13	749	2	4	768	105505
UNKNOWN	181	C	0.984375	A	0.0130208333333	10	756	0	2	768	105505
UNKNOWN	182	A	0.99609375	C	0.00260416666667	765	2	1	0	768	105505
UNKNOWN	183	G	1.0	A	0.0	0	0	768	0	768	105505
UNKNOWN	184	G	0.936197916667	C	0.05078125	3	39	719	7	768	105505
UNKNOWN	185	C	0.994791666667	A	0.00260416666667	2	764	0	2	768	105505
UNKNOWN	186	C	0.998697916667	T	0.00130208333333	0	767	0	1	768	105505
UNKNOWN	187	T	0.997395833333	C	0.00130208333333	0	1	1	766	768	105505
UNKNOWN	188	G	0.990885416667	A	0.00651041666667	5	1	761	1	768	105505
UNKNOWN	189	A	1.0	C	0.0	768	0	0	0	768	105505
UNKNOWN	190	A	0.998697916667	C	0.00130208333333	767	1	0	0	768	105505
UNKNOWN	191	A	0.994791666667	C	0.00260416666667	764	2	1	1	768	105505
UNKNOWN	192	T	0.79296875	C	0.201822916667	0	155	4	609	768	105505
UNKNOWN	193	C	0.9921875	T	0.0078125	0	762	0	6	768	105505
UNKNOWN	194	C	0.99609375	A	0.00130208333333	1	765	1	1	768	105505
UNKNOWN	195	A	0.885416666667	C	0.111979166667	680	86	2	0	768	105505
UNKNOWN	196	G	1.0	A	0.0	0	0	768	0	768	105505
UNKNOWN	197	G	0.94921875	A	0.0494791666667	38	1	729	0	768	105505
UNKNOWN	198	C	0.989583333333	G	0.00651041666667	1	760	5	2	768	105505
UNKNOWN	199	T	0.9921875	C	0.0078125	0	6	0	762	768	105505
UNKNOWN	200	C	0.99609375	A	0.00390625	3	765	0	0	768	105505
UNKNOWN	201	A	0.99609375	G	0.00260416666667	765	1	2	0	768	105505
UNKNOWN	202	G	0.9765625	C	0.0169270833333	3	13	750	2	768	105505
UNKNOWN	203	T	0.514322916667	C	0.483072916667	1	371	1	395	768	105505
UNKNOWN	204	A	0.990885416667	T	0.00390625	761	1	3	3	768	105505
UNKNOWN	205	T	0.993489583333	C	0.00390625	0	3	2	763	768	105505
UNKNOWN	206	C	0.994791666667	T	0.00390625	1	764	0	3	768	105505
UNKNOWN	207	A	0.98828125	G	0.00911458333333	759	2	7	0	768	105505
UNKNOWN	208	C	0.993489583333	G	0.00390625	1	763	3	1	768	105505
UNKNOWN	209	C	0.993489583333	A	0.00520833333333	4	763	0	1	768	105505
UNKNOWN	210	A	0.990885416667	C	0.00520833333333	761	4	3	0	768	105505
UNKNOWN	211	G	0.868489583333	A	0.131510416667	101	0	667	0	768	105505
UNKNOWN	212	G	0.99609375	A	0.00130208333333	1	1	765	1	768	105505
UNKNOWN	213	G	0.98828125	A	0.01171875	9	0	759	0	768	105505
UNKNOWN	214	A	0.998697916667	C	0.00130208333333	767	1	0	0	768	105505
UNKNOWN	215	C	0.979166666667	T	0.00911458333333	5	752	4	7	768	105505
UNKNOWN	216	A	0.99609375	G	0.00260416666667	765	1	2	0	768	105505
UNKNOWN	217	A	0.990885416667	G	0.00651041666667	761	1	5	1	768	105505
UNKNOWN	218	C	0.989583333333	T	0.00911458333333	0	760	1	7	768	105505
UNKNOWN	219	T	0.989583333333	C	0.00390625	2	3	3	760	768	105505
UNKNOWN	220	C	0.998697916667	T	0.00130208333333	0	767	0	1	768	105505
UNKNOWN	221	C	0.998697916667	A	0.00130208333333	1	767	0	0	768	105505
UNKNOWN	222	A	0.989583333333	C	0.00520833333333	760	4	4	0	768	105505
UNKNOWN	223	A	0.99609375	G	0.00260416666667	765	0	2	1	768	105505
UNKNOWN	224	G	0.9921875	A	0.00651041666667	5	1	762	0	768	105505
UNKNOWN	225	A	0.993489583333	G	0.00651041666667	763	0	5	0	768	105505
UNKNOWN	226	G	0.973958333333	A	0.0247395833333	19	1	748	0	768	105505
UNKNOWN	227	C	0.98046875	T	0.0130208333333	1	753	4	10	768	105505
UNKNOWN	228	C	0.997395833333	A	0.00260416666667	2	766	0	0	768	105505
UNKNOWN	229	A	0.997395833333	C	0.00130208333333	766	1	0	1	768	105505
UNKNOWN	230	A	0.984375	G	0.0143229166667	756	1	11	0	768	105505
UNKNOWN	231	G	0.990885416667	A	0.00520833333333	4	1	761	2	768	105505
UNKNOWN	232	T	0.998697916667	C	0.00130208333333	0	1	0	767	768	105505
UNKNOWN	233	C	0.981770833333	T	0.0143229166667	0	754	3	11	768	105505
UNKNOWN	234	T	0.989583333333	C	0.00520833333333	3	4	1	760	768	105505
UNKNOWN	235	C	0.997395833333	A	0.00130208333333	1	766	0	1	768	105505
UNKNOWN	236	T	0.990885416667	C	0.00390625	2	3	2	761	768	105505
UNKNOWN	237	C	0.998697916667	T	0.00130208333333	0	767	0	1	768	105505
UNKNOWN	238	T	0.99609375	C	0.00260416666667	0	2	1	765	768	105505
UNKNOWN	239	G	0.967447916667	A	0.0143229166667	11	8	743	6	768	105505
UNKNOWN	240	T	0.994791666667	G	0.00390625	0	1	3	764	768	105505
UNKNOWN	241	C	0.9921875	T	0.00651041666667	1	762	0	5	768	105505
UNKNOWN	242	A	0.990885416667	G	0.0078125	761	1	6	0	768	105505
UNKNOWN	243	G	0.947916666667	C	0.0325520833333	11	25	728	4	768	105505
UNKNOWN	244	T	0.994791666667	C	0.00260416666667	0	2	2	764	768	105505
UNKNOWN	245	G	0.98828125	A	0.00911458333333	7	2	759	0	768	105505
UNKNOWN	246	A	0.984375	G	0.0104166666667	756	3	8	1	768	105505
UNKNOWN	247	G	0.971354166667	A	0.015625	12	8	746	2	768	105505
UNKNOWN	248	C	0.98046875	T	0.0143229166667	3	753	1	11	768	105505
UNKNOWN	249	A	0.994791666667	G	0.00390625	764	1	3	0	768	105505
UNKNOWN	250	G	0.986979166667	A	0.00911458333333	7	2	758	1	768	105505
UNKNOWN	251	C	0.885416666667	T	0.106770833333	2	680	4	82	768	105505
UNKNOWN	252	G	0.989583333333	T	0.00520833333333	3	1	760	4	768	105505
UNKNOWN	253	T	0.98828125	C	0.0078125	0	6	3	759	768	105505
UNKNOWN	254	G	0.966145833333	A	0.0182291666667	14	6	742	6	768	105505
UNKNOWN	255	A	0.98828125	G	0.00911458333333	759	2	7	0	768	105505
UNKNOWN	256	C	0.9921875	T	0.00520833333333	2	762	0	4	768	105505
UNKNOWN	257	A	0.9765625	G	0.01953125	750	1	15	2	768	105505
UNKNOWN	258	C	0.9375	A	0.05078125	39	720	6	3	768	105505
UNKNOWN	259	C	0.9921875	T	0.00520833333333	2	762	0	4	768	105505
UNKNOWN	260	T	0.993489583333	G	0.00651041666667	0	0	5	763	768	105505
UNKNOWN	261	G	0.99609375	T	0.00260416666667	1	0	765	2	768	105505
UNKNOWN	262	A	0.994791666667	G	0.00390625	764	1	3	0	768	105505
UNKNOWN	263	G	0.962239583333	C	0.01953125	12	15	739	2	768	105505
UNKNOWN	264	G	0.99609375	A	0.00390625	3	0	765	0	768	105505
UNKNOWN	265	A	0.993489583333	T	0.00260416666667	763	1	2	2	768	105505
UNKNOWN	266	C	0.984375	T	0.0078125	4	756	2	6	768	105505
UNKNOWN	267	A	0.979166666667	T	0.0130208333333	752	1	5	10	768	105505
UNKNOWN	268	C	0.99609375	A	0.00130208333333	1	765	1	1	768	105505
UNKNOWN	269	G	0.9296875	A	0.0638020833333	49	4	714	1	768	105505
UNKNOWN	270	G	0.99609375	A	0.00260416666667	2	1	765	0	768	105505
UNKNOWN	271	C	0.989583333333	T	0.00390625	2	760	3	3	768	105505
UNKNOWN	272	C	0.9921875	T	0.00390625	2	762	1	3	768	105505
UNKNOWN	273	A	0.5625	G	0.432291666667	432	1	332	3	768	105505
UNKNOWN	274	C	0.532552083333	T	0.466145833333	1	409	0	358	768	105505
UNKNOWN	275	A	0.618489583333	G	0.365885416667	475	6	281	6	768	105505
UNKNOWN	276	T	0.997395833333	A	0.00130208333333	1	0	1	766	768	105505
UNKNOWN	277	A	0.997395833333	C	0.00260416666667	766	2	0	0	768	105505
UNKNOWN	278	C	0.966145833333	T	0.03125	1	742	1	24	768	105505
UNKNOWN	279	T	0.9921875	C	0.00390625	2	3	1	762	768	105505
UNKNOWN	280	A	0.989583333333	T	0.00651041666667	760	3	0	5	768	105505
UNKNOWN	281	C	0.9765625	T	0.0208333333333	2	750	0	16	768	105505
UNKNOWN	282	T	0.990885416667	G	0.00520833333333	0	3	4	761	768	105505
