Type	Position	Nucl1	Freq1	Nucl2	Freq2	NumAs	NumCs	NumGs	NumTs	NumAligned	NumNaive
UNKNOWN	0	A	1.0	C	0.0	373	0	0	0	373	42858
UNKNOWN	1	A	1.0	C	0.0	373	0	0	0	373	42858
UNKNOWN	2	G	1.0	A	0.0	0	0	373	0	373	42858
UNKNOWN	3	G	1.0	A	0.0	0	0	373	0	373	42858
UNKNOWN	4	T	1.0	A	0.0	0	0	0	373	373	42858
UNKNOWN	5	G	1.0	A	0.0	0	0	373	0	373	42858
UNKNOWN	6	C	1.0	A	0.0	0	373	0	0	373	42858
UNKNOWN	7	A	1.0	C	0.0	373	0	0	0	373	42858
UNKNOWN	8	G	0.983914209115	A	0.0160857908847	6	0	367	0	373	42858
UNKNOWN	9	C	0.994638069705	A	0.00268096514745	1	371	0	1	373	42858
UNKNOWN	10	T	1.0	A	0.0	0	0	0	373	373	42858
UNKNOWN	11	G	0.997319034853	A	0.00268096514745	1	0	372	0	373	42858
UNKNOWN	12	C	0.98927613941	T	0.00536193029491	1	369	1	2	373	42858
UNKNOWN	13	G	0.541554959786	A	0.426273458445	159	12	202	0	373	42858
UNKNOWN	14	G	0.962466487936	C	0.0375335120643	0	14	359	0	373	42858
UNKNOWN	15	G	1.0	A	0.0	0	0	373	0	373	42858
UNKNOWN	16	A	1.0	C	0.0	373	0	0	0	373	42858
UNKNOWN	17	G	1.0	A	0.0	0	0	373	0	373	42858
UNKNOWN	18	T	0.997319034853	C	0.00268096514745	0	1	0	372	373	42858
UNKNOWN	19	C	0.997319034853	T	0.00268096514745	0	372	0	1	373	42858
UNKNOWN	20	G	0.605898123324	A	0.327077747989	122	25	226	0	373	42858
UNKNOWN	21	G	1.0	A	0.0	0	0	373	0	373	42858
UNKNOWN	22	G	1.0	A	0.0	0	0	373	0	373	42858
UNKNOWN	23	C	0.919571045576	T	0.0804289544236	0	343	0	30	373	42858
UNKNOWN	24	C	1.0	A	0.0	0	373	0	0	373	42858
UNKNOWN	25	C	1.0	A	0.0	0	373	0	0	373	42858
UNKNOWN	26	C	0.997319034853	A	0.00268096514745	1	372	0	0	373	42858
UNKNOWN	27	A	1.0	C	0.0	373	0	0	0	373	42858
UNKNOWN	28	G	1.0	A	0.0	0	0	373	0	373	42858
UNKNOWN	29	C	1.0	A	0.0	0	373	0	0	373	42858
UNKNOWN	30	C	1.0	A	0.0	0	373	0	0	373	42858
UNKNOWN	31	T	1.0	A	0.0	0	0	0	373	373	42858
UNKNOWN	32	G	1.0	A	0.0	0	0	373	0	373	42858
UNKNOWN	33	G	1.0	A	0.0	0	0	373	0	373	42858
UNKNOWN	34	T	1.0	A	0.0	0	0	0	373	373	42858
UNKNOWN	35	G	1.0	A	0.0	0	0	373	0	373	42858
UNKNOWN	36	A	0.994638069705	C	0.00268096514745	371	1	1	0	373	42858
UNKNOWN	37	A	0.997319034853	G	0.00268096514745	372	0	1	0	373	42858
UNKNOWN	38	G	1.0	A	0.0	0	0	373	0	373	42858
UNKNOWN	39	C	1.0	A	0.0	0	373	0	0	373	42858
UNKNOWN	40	C	0.997319034853	A	0.00268096514745	1	372	0	0	373	42858
UNKNOWN	41	C	0.997319034853	G	0.00268096514745	0	372	1	0	373	42858
UNKNOWN	42	T	0.997319034853	C	0.00268096514745	0	1	0	372	373	42858
UNKNOWN	43	C	1.0	A	0.0	0	373	0	0	373	42858
UNKNOWN	44	A	1.0	C	0.0	373	0	0	0	373	42858
UNKNOWN	45	C	0.997319034853	G	0.00268096514745	0	372	1	0	373	42858
UNKNOWN	46	A	1.0	C	0.0	373	0	0	0	373	42858
UNKNOWN	47	G	1.0	A	0.0	0	0	373	0	373	42858
UNKNOWN	48	A	0.997319034853	G	0.00268096514745	372	0	1	0	373	42858
UNKNOWN	49	C	1.0	A	0.0	0	373	0	0	373	42858
UNKNOWN	50	C	1.0	A	0.0	0	373	0	0	373	42858
UNKNOWN	51	C	1.0	A	0.0	0	373	0	0	373	42858
UNKNOWN	52	T	1.0	A	0.0	0	0	0	373	373	42858
UNKNOWN	53	C	1.0	A	0.0	0	373	0	0	373	42858
UNKNOWN	54	T	0.997319034853	G	0.00268096514745	0	0	1	372	373	42858
UNKNOWN	55	C	0.997319034853	G	0.00268096514745	0	372	1	0	373	42858
UNKNOWN	56	C	0.994638069705	T	0.00268096514745	0	371	1	1	373	42858
UNKNOWN	57	C	1.0	A	0.0	0	373	0	0	373	42858
UNKNOWN	58	T	0.997319034853	C	0.00268096514745	0	1	0	372	373	42858
UNKNOWN	59	C	0.997319034853	A	0.00268096514745	1	372	0	0	373	42858
UNKNOWN	60	A	0.997319034853	C	0.00268096514745	372	1	0	0	373	42858
UNKNOWN	61	C	0.997319034853	A	0.00268096514745	1	372	0	0	373	42858
UNKNOWN	62	C	0.997319034853	T	0.00268096514745	0	372	0	1	373	42858
UNKNOWN	63	T	1.0	A	0.0	0	0	0	373	373	42858
UNKNOWN	64	G	0.997319034853	A	0.00268096514745	1	0	372	0	373	42858
UNKNOWN	65	C	0.997319034853	T	0.00268096514745	0	372	0	1	373	42858
UNKNOWN	66	A	1.0	C	0.0	373	0	0	0	373	42858
UNKNOWN	67	C	0.967828418231	T	0.029490616622	1	361	0	11	373	42858
UNKNOWN	68	G	0.994638069705	A	0.00268096514745	1	1	371	0	373	42858
UNKNOWN	69	A	0.98927613941	G	0.0107238605898	369	0	4	0	373	42858
UNKNOWN	70	C	0.986595174263	T	0.00804289544236	1	368	1	3	373	42858
UNKNOWN	71	C	0.924932975871	G	0.0750670241287	0	345	28	0	373	42858
UNKNOWN	72	T	0.997319034853	C	0.00268096514745	0	1	0	372	373	42858
UNKNOWN	73	C	0.997319034853	T	0.00268096514745	0	372	0	1	373	42858
UNKNOWN	74	T	0.994638069705	C	0.00536193029491	0	2	0	371	373	42858
UNKNOWN	75	G	1.0	A	0.0	0	0	373	0	373	42858
UNKNOWN	76	G	0.997319034853	A	0.00268096514745	1	0	372	0	373	42858
UNKNOWN	77	A	0.997319034853	T	0.00268096514745	372	0	0	1	373	42858
UNKNOWN	78	T	0.994638069705	C	0.00536193029491	0	2	0	371	373	42858
UNKNOWN	79	T	0.997319034853	C	0.00268096514745	0	1	0	372	373	42858
UNKNOWN	80	C	0.997319034853	T	0.00268096514745	0	372	0	1	373	42858
UNKNOWN	81	T	0.997319034853	C	0.00268096514745	0	1	0	372	373	42858
UNKNOWN	82	C	0.98927613941	A	0.00804289544236	3	369	0	1	373	42858
UNKNOWN	83	A	1.0	C	0.0	373	0	0	0	373	42858
UNKNOWN	84	T	1.0	A	0.0	0	0	0	373	373	42858
UNKNOWN	85	T	0.997319034853	C	0.00268096514745	0	1	0	372	373	42858
UNKNOWN	86	G	0.997319034853	A	0.00268096514745	1	0	372	0	373	42858
UNKNOWN	87	A	1.0	C	0.0	373	0	0	0	373	42858
UNKNOWN	88	C	0.991957104558	G	0.00536193029491	1	370	2	0	373	42858
UNKNOWN	89	C	1.0	A	0.0	0	373	0	0	373	42858
UNKNOWN	90	A	1.0	C	0.0	373	0	0	0	373	42858
UNKNOWN	91	G	0.788203753351	A	0.123324396783	46	33	294	0	373	42858
UNKNOWN	92	C	0.900804289544	T	0.0965147453083	1	336	0	36	373	42858
UNKNOWN	93	T	0.994638069705	A	0.00268096514745	1	1	0	371	373	42858
UNKNOWN	94	A	0.997319034853	T	0.00268096514745	372	0	0	1	373	42858
UNKNOWN	95	T	0.981233243968	C	0.0160857908847	0	6	1	366	373	42858
UNKNOWN	96	G	0.991957104558	A	0.00804289544236	3	0	370	0	373	42858
UNKNOWN	97	G	0.959785522788	C	0.0348525469169	2	13	358	0	373	42858
UNKNOWN	98	T	0.997319034853	C	0.00268096514745	0	1	0	372	373	42858
UNKNOWN	99	G	1.0	A	0.0	0	0	373	0	373	42858
UNKNOWN	100	T	1.0	A	0.0	0	0	0	373	373	42858
UNKNOWN	101	A	0.983914209115	C	0.0107238605898	367	4	1	1	373	42858
UNKNOWN	102	A	0.97855227882	C	0.0107238605898	365	4	4	0	373	42858
UNKNOWN	103	G	0.798927613941	A	0.120643431635	45	29	298	1	373	42858
UNKNOWN	104	C	0.98927613941	G	0.00804289544236	1	369	3	0	373	42858
UNKNOWN	105	T	0.991957104558	C	0.00536193029491	0	2	1	370	373	42858
UNKNOWN	106	G	1.0	A	0.0	0	0	373	0	373	42858
UNKNOWN	107	G	0.994638069705	A	0.00536193029491	2	0	371	0	373	42858
UNKNOWN	108	G	0.924932975871	T	0.0643431635389	4	0	345	24	373	42858
UNKNOWN	109	T	1.0	A	0.0	0	0	0	373	373	42858
UNKNOWN	110	C	1.0	A	0.0	0	373	0	0	373	42858
UNKNOWN	111	C	1.0	A	0.0	0	373	0	0	373	42858
UNKNOWN	112	G	1.0	A	0.0	0	0	373	0	373	42858
UNKNOWN	113	C	1.0	A	0.0	0	373	0	0	373	42858
UNKNOWN	114	C	1.0	A	0.0	0	373	0	0	373	42858
UNKNOWN	115	A	0.997319034853	C	0.00268096514745	372	1	0	0	373	42858
UNKNOWN	116	G	1.0	A	0.0	0	0	373	0	373	42858
UNKNOWN	117	G	0.991957104558	A	0.00536193029491	2	1	370	0	373	42858
UNKNOWN	118	C	1.0	A	0.0	0	373	0	0	373	42858
UNKNOWN	119	T	0.994638069705	C	0.00536193029491	0	2	0	371	373	42858
UNKNOWN	120	C	1.0	A	0.0	0	373	0	0	373	42858
UNKNOWN	121	C	0.997319034853	G	0.00268096514745	0	372	1	0	373	42858
UNKNOWN	122	A	1.0	C	0.0	373	0	0	0	373	42858
UNKNOWN	123	G	1.0	A	0.0	0	0	373	0	373	42858
UNKNOWN	124	G	1.0	A	0.0	0	0	373	0	373	42858
UNKNOWN	125	G	0.587131367292	A	0.412868632708	154	0	219	0	373	42858
UNKNOWN	126	A	0.994638069705	G	0.00536193029491	371	0	2	0	373	42858
UNKNOWN	127	A	0.997319034853	G	0.00268096514745	372	0	1	0	373	42858
UNKNOWN	128	G	1.0	A	0.0	0	0	373	0	373	42858
UNKNOWN	129	G	0.997319034853	C	0.00268096514745	0	1	372	0	373	42858
UNKNOWN	130	C	0.991957104558	G	0.00804289544236	0	370	3	0	373	42858
UNKNOWN	131	G	0.994638069705	C	0.00268096514745	0	1	371	1	373	42858
UNKNOWN	132	C	0.994638069705	A	0.00268096514745	1	371	0	1	373	42858
UNKNOWN	133	T	0.986595174263	C	0.0107238605898	0	4	1	368	373	42858
UNKNOWN	134	G	0.997319034853	A	0.00268096514745	1	0	372	0	373	42858
UNKNOWN	135	G	0.994638069705	A	0.00268096514745	1	1	371	0	373	42858
UNKNOWN	136	A	0.986595174263	G	0.0134048257373	368	0	5	0	373	42858
UNKNOWN	137	G	0.994638069705	T	0.00536193029491	0	0	371	2	373	42858
UNKNOWN	138	T	0.994638069705	G	0.00536193029491	0	0	2	371	373	42858
UNKNOWN	139	G	1.0	A	0.0	0	0	373	0	373	42858
UNKNOWN	140	G	0.983914209115	C	0.0160857908847	0	6	367	0	373	42858
UNKNOWN	141	C	0.991957104558	T	0.00804289544236	0	370	0	3	373	42858
UNKNOWN	142	T	0.991957104558	C	0.00804289544236	0	3	0	370	373	42858
UNKNOWN	143	C	0.991957104558	G	0.00804289544236	0	370	3	0	373	42858
UNKNOWN	144	G	0.997319034853	A	0.00268096514745	1	0	372	0	373	42858
UNKNOWN	145	G	0.991957104558	T	0.00804289544236	0	0	370	3	373	42858
UNKNOWN	146	T	0.986595174263	G	0.00804289544236	0	2	3	368	373	42858
UNKNOWN	147	G	0.83109919571	A	0.152815013405	57	0	310	6	373	42858
UNKNOWN	148	G	0.954423592493	A	0.0268096514745	10	1	356	6	373	42858
UNKNOWN	149	T	0.98927613941	A	0.00804289544236	3	1	0	369	373	42858
UNKNOWN	150	A	0.981233243968	T	0.00804289544236	366	1	3	3	373	42858
UNKNOWN	151	T	0.98927613941	A	0.0107238605898	4	0	0	369	373	42858
UNKNOWN	152	A	0.983914209115	G	0.0160857908847	367	0	6	0	373	42858
UNKNOWN	153	G	0.962466487936	A	0.0214477211796	8	3	359	3	373	42858
UNKNOWN	154	A	0.927613941019	C	0.0455764075067	346	17	6	4	373	42858
UNKNOWN	155	T	0.924932975871	G	0.0482573726542	4	6	18	345	373	42858
UNKNOWN	156	A	0.935656836461	G	0.0643431635389	349	0	24	0	373	42858
UNKNOWN	157	G	0.908847184987	C	0.0643431635389	6	24	339	4	373	42858
UNKNOWN	158	T	0.983914209115	G	0.0107238605898	1	1	4	367	373	42858
UNKNOWN	159	G	0.922252010724	A	0.0482573726542	18	9	344	2	373	42858
UNKNOWN	160	G	0.860589812332	C	0.0804289544236	18	30	321	4	373	42858
UNKNOWN	161	T	0.970509383378	G	0.0268096514745	1	0	10	362	373	42858
UNKNOWN	162	G	1.0	A	0.0	0	0	373	0	373	42858
UNKNOWN	163	G	0.983914209115	A	0.0160857908847	6	0	367	0	373	42858
UNKNOWN	164	A	0.981233243968	C	0.0134048257373	366	5	2	0	373	42858
UNKNOWN	165	A	0.97855227882	G	0.0160857908847	365	0	6	2	373	42858
UNKNOWN	166	G	0.844504021448	A	0.0750670241287	28	26	315	4	373	42858
UNKNOWN	167	C	0.876675603217	G	0.083109919571	9	327	31	6	373	42858
UNKNOWN	168	A	0.967828418231	C	0.0160857908847	361	6	6	0	373	42858
UNKNOWN	169	C	0.98927613941	A	0.0107238605898	4	369	0	0	373	42858
UNKNOWN	170	A	0.986595174263	G	0.0107238605898	368	0	4	1	373	42858
UNKNOWN	171	G	0.946380697051	A	0.0536193029491	20	0	353	0	373	42858
UNKNOWN	172	G	0.865951742627	A	0.083109919571	31	8	323	11	373	42858
UNKNOWN	173	C	0.97855227882	T	0.0107238605898	0	365	4	4	373	42858
UNKNOWN	174	T	0.981233243968	A	0.0107238605898	4	3	0	366	373	42858
UNKNOWN	175	A	0.981233243968	T	0.0187667560322	366	0	0	7	373	42858
UNKNOWN	176	T	0.98927613941	A	0.0107238605898	4	0	0	369	373	42858
UNKNOWN	177	A	0.965147453083	C	0.029490616622	360	11	2	0	373	42858
UNKNOWN	178	A	0.98927613941	C	0.0107238605898	369	4	0	0	373	42858
UNKNOWN	179	C	0.973190348525	T	0.0187667560322	0	363	3	7	373	42858
UNKNOWN	180	C	0.983914209115	A	0.00536193029491	2	367	2	2	373	42858
UNKNOWN	181	C	0.983914209115	G	0.00804289544236	2	367	3	1	373	42858
UNKNOWN	182	A	0.900804289544	C	0.088471849866	336	33	4	0	373	42858
UNKNOWN	183	G	1.0	A	0.0	0	0	373	0	373	42858
UNKNOWN	184	G	0.930294906166	C	0.0616621983914	2	23	347	1	373	42858
UNKNOWN	185	C	1.0	A	0.0	0	373	0	0	373	42858
UNKNOWN	186	C	0.98927613941	T	0.0107238605898	0	369	0	4	373	42858
UNKNOWN	187	T	0.98927613941	G	0.0107238605898	0	0	4	369	373	42858
UNKNOWN	188	G	0.973190348525	A	0.0268096514745	10	0	363	0	373	42858
UNKNOWN	189	A	0.997319034853	G	0.00268096514745	372	0	1	0	373	42858
UNKNOWN	190	A	0.997319034853	G	0.00268096514745	372	0	1	0	373	42858
UNKNOWN	191	A	0.967828418231	G	0.0214477211796	361	1	8	3	373	42858
UNKNOWN	192	T	0.487935656836	C	0.418230563003	0	156	35	182	373	42858
UNKNOWN	193	C	0.994638069705	A	0.00268096514745	1	371	0	1	373	42858
UNKNOWN	194	C	0.986595174263	A	0.0107238605898	4	368	0	1	373	42858
UNKNOWN	195	A	0.890080428954	C	0.0965147453083	332	36	5	0	373	42858
UNKNOWN	196	G	1.0	A	0.0	0	0	373	0	373	42858
UNKNOWN	197	G	0.924932975871	A	0.0616621983914	23	5	345	0	373	42858
UNKNOWN	198	C	0.97855227882	T	0.0160857908847	2	365	0	6	373	42858
UNKNOWN	199	T	0.986595174263	C	0.0134048257373	0	5	0	368	373	42858
UNKNOWN	200	C	0.983914209115	A	0.0134048257373	5	367	0	1	373	42858
UNKNOWN	201	A	0.975871313673	G	0.0241286863271	364	0	9	0	373	42858
UNKNOWN	202	G	0.97855227882	C	0.0160857908847	0	6	365	2	373	42858
UNKNOWN	203	C	0.675603217158	T	0.30563002681	6	252	1	114	373	42858
UNKNOWN	204	A	0.983914209115	T	0.0160857908847	367	0	0	6	373	42858
UNKNOWN	205	T	0.981233243968	C	0.0187667560322	0	7	0	366	373	42858
UNKNOWN	206	C	0.981233243968	A	0.0160857908847	6	366	0	1	373	42858
UNKNOWN	207	A	0.983914209115	C	0.0160857908847	367	6	0	0	373	42858
UNKNOWN	208	C	0.997319034853	T	0.00268096514745	0	372	0	1	373	42858
UNKNOWN	209	C	0.898123324397	T	0.0857908847185	6	335	0	32	373	42858
UNKNOWN	210	A	0.983914209115	G	0.0160857908847	367	0	6	0	373	42858
UNKNOWN	211	G	0.86327077748	A	0.134048257373	50	0	322	1	373	42858
UNKNOWN	212	G	0.997319034853	A	0.00268096514745	1	0	372	0	373	42858
UNKNOWN	213	G	0.981233243968	A	0.0187667560322	7	0	366	0	373	42858
UNKNOWN	214	A	0.983914209115	C	0.0160857908847	367	6	0	0	373	42858
UNKNOWN	215	C	0.981233243968	A	0.0160857908847	6	366	1	0	373	42858
UNKNOWN	216	A	1.0	C	0.0	373	0	0	0	373	42858
UNKNOWN	217	A	0.943699731903	C	0.0455764075067	352	17	3	1	373	42858
UNKNOWN	218	C	0.957104557641	T	0.0268096514745	0	357	6	10	373	42858
UNKNOWN	219	T	0.97855227882	C	0.0187667560322	1	7	0	365	373	42858
UNKNOWN	220	C	1.0	A	0.0	0	373	0	0	373	42858
UNKNOWN	221	C	0.983914209115	A	0.0160857908847	6	367	0	0	373	42858
UNKNOWN	222	A	0.997319034853	C	0.00268096514745	372	1	0	0	373	42858
UNKNOWN	223	A	0.97855227882	G	0.0214477211796	365	0	8	0	373	42858
UNKNOWN	224	G	0.981233243968	A	0.0160857908847	6	1	366	0	373	42858
UNKNOWN	225	A	0.983914209115	G	0.0160857908847	367	0	6	0	373	42858
UNKNOWN	226	G	0.965147453083	C	0.0214477211796	5	8	360	0	373	42858
UNKNOWN	227	C	0.983914209115	T	0.0160857908847	0	367	0	6	373	42858
UNKNOWN	228	C	0.983914209115	A	0.0160857908847	6	367	0	0	373	42858
UNKNOWN	229	A	0.997319034853	T	0.00268096514745	372	0	0	1	373	42858
UNKNOWN	230	A	0.967828418231	G	0.0321715817694	361	0	12	0	373	42858
UNKNOWN	231	G	0.981233243968	T	0.0160857908847	1	0	366	6	373	42858
UNKNOWN	232	T	0.983914209115	C	0.0160857908847	0	6	0	367	373	42858
UNKNOWN	233	C	0.967828418231	T	0.0160857908847	2	361	4	6	373	42858
UNKNOWN	234	T	0.981233243968	C	0.0187667560322	0	7	0	366	373	42858
UNKNOWN	235	C	0.973190348525	T	0.0268096514745	0	363	0	10	373	42858
UNKNOWN	236	T	0.981233243968	C	0.0187667560322	0	7	0	366	373	42858
UNKNOWN	237	C	0.962466487936	T	0.0375335120643	0	359	0	14	373	42858
UNKNOWN	238	T	0.981233243968	G	0.0160857908847	0	1	6	366	373	42858
UNKNOWN	239	G	0.959785522788	T	0.0214477211796	6	1	358	8	373	42858
UNKNOWN	240	T	0.970509383378	C	0.0187667560322	2	7	2	362	373	42858
UNKNOWN	241	C	0.97855227882	A	0.0160857908847	6	365	0	2	373	42858
UNKNOWN	242	A	0.975871313673	G	0.0214477211796	364	1	8	0	373	42858
UNKNOWN	243	G	0.922252010724	C	0.0509383378016	4	19	344	6	373	42858
UNKNOWN	244	T	0.986595174263	G	0.0134048257373	0	0	5	368	373	42858
UNKNOWN	245	G	0.967828418231	A	0.029490616622	11	0	361	1	373	42858
UNKNOWN	246	A	0.97855227882	G	0.0214477211796	365	0	8	0	373	42858
UNKNOWN	247	G	0.949061662198	C	0.0268096514745	8	10	354	1	373	42858
UNKNOWN	248	C	0.962466487936	A	0.0241286863271	9	359	0	5	373	42858
UNKNOWN	249	A	0.97855227882	G	0.0187667560322	365	1	7	0	373	42858
UNKNOWN	250	G	0.970509383378	C	0.0241286863271	2	9	362	0	373	42858
UNKNOWN	251	C	0.975871313673	G	0.0160857908847	0	364	6	3	373	42858
UNKNOWN	252	G	0.981233243968	T	0.0160857908847	0	1	366	6	373	42858
UNKNOWN	253	T	0.981233243968	G	0.0160857908847	0	1	6	366	373	42858
UNKNOWN	254	G	0.975871313673	A	0.0187667560322	7	1	364	1	373	42858
UNKNOWN	255	A	0.983914209115	C	0.0160857908847	367	6	0	0	373	42858
UNKNOWN	256	C	0.97855227882	A	0.0160857908847	6	365	0	2	373	42858
UNKNOWN	257	A	0.959785522788	G	0.0214477211796	358	7	8	0	373	42858
UNKNOWN	258	C	0.871313672922	A	0.11528150134	43	325	4	1	373	42858
UNKNOWN	259	C	0.975871313673	T	0.0187667560322	0	364	2	7	373	42858
UNKNOWN	260	T	0.975871313673	G	0.0214477211796	0	1	8	364	373	42858
UNKNOWN	261	G	0.97855227882	A	0.0160857908847	6	1	365	1	373	42858
UNKNOWN	262	A	0.981233243968	G	0.0187667560322	366	0	7	0	373	42858
UNKNOWN	263	G	0.983914209115	C	0.00804289544236	2	3	367	1	373	42858
UNKNOWN	264	G	0.97855227882	A	0.0160857908847	6	1	365	1	373	42858
UNKNOWN	265	A	0.97855227882	C	0.0160857908847	365	6	2	0	373	42858
UNKNOWN	266	C	0.973190348525	A	0.0160857908847	6	363	0	4	373	42858
UNKNOWN	267	A	0.967828418231	C	0.0160857908847	361	6	2	4	373	42858
UNKNOWN	268	C	0.981233243968	G	0.0160857908847	0	366	6	1	373	42858
UNKNOWN	269	G	0.932975871314	A	0.0670241286863	25	0	348	0	373	42858
UNKNOWN	270	G	0.983914209115	C	0.0160857908847	0	6	367	0	373	42858
UNKNOWN	271	C	0.997319034853	T	0.00268096514745	0	372	0	1	373	42858
UNKNOWN	272	C	0.981233243968	A	0.0107238605898	4	366	3	0	373	42858
UNKNOWN	273	A	0.528150134048	G	0.45308310992	197	1	169	6	373	42858
UNKNOWN	274	C	0.498659517426	T	0.482573726542	1	186	6	180	373	42858
UNKNOWN	275	A	0.533512064343	G	0.436997319035	199	0	163	11	373	42858
UNKNOWN	276	T	0.981233243968	A	0.0160857908847	6	1	0	366	373	42858
UNKNOWN	277	A	0.975871313673	C	0.0187667560322	364	7	1	1	373	42858
UNKNOWN	278	C	0.949061662198	T	0.0509383378016	0	354	0	19	373	42858
UNKNOWN	279	T	0.975871313673	A	0.0160857908847	6	2	1	364	373	42858
UNKNOWN	280	A	0.983914209115	C	0.0160857908847	367	6	0	0	373	42858
UNKNOWN	281	C	0.983914209115	T	0.0160857908847	0	367	0	6	373	42858
UNKNOWN	282	T	0.97855227882	G	0.0187667560322	0	1	7	365	373	42858
