Type	Position	Nucl1	Freq1	Nucl2	Freq2	NumAs	NumCs	NumGs	NumTs	NumAligned	NumNaive
UNKNOWN	0	C	1.0	A	0.0	0	34122	0	0	34122	165337
UNKNOWN	1	A	1.0	C	0.0	34122	0	0	0	34122	165337
UNKNOWN	2	G	1.0	A	0.0	0	0	34122	0	34122	165337
UNKNOWN	3	G	1.0	A	0.0	0	0	34122	0	34122	165337
UNKNOWN	4	T	1.0	A	0.0	0	0	0	34122	34122	165337
UNKNOWN	5	G	1.0	A	0.0	0	0	34122	0	34122	165337
UNKNOWN	6	C	1.0	A	0.0	0	34122	0	0	34122	165337
UNKNOWN	7	A	0.998944962194	G	0.000732665142723	34086	4	25	7	34122	165337
UNKNOWN	8	G	0.991911376824	A	0.0065646796788	224	44	33846	8	34122	165337
UNKNOWN	9	C	0.997215872458	T	0.00149463689116	5	34027	39	51	34122	165337
UNKNOWN	10	T	0.999443174492	C	0.000498212297052	1	17	1	34103	34122	165337
UNKNOWN	11	G	0.998534669715	A	0.00123087743977	42	4	34072	4	34122	165337
UNKNOWN	12	C	0.999062188617	T	0.000791278354141	2	34090	3	27	34122	165337
UNKNOWN	13	G	0.998886348983	A	0.000937811382686	32	4	34084	2	34122	165337
UNKNOWN	14	G	0.550143602368	C	0.448449680558	29	15302	18772	19	34122	165337
UNKNOWN	15	G	0.999648320731	A	0.000146533028545	5	5	34110	2	34122	165337
UNKNOWN	16	A	0.998476056503	G	0.000732665142723	34070	19	25	8	34122	165337
UNKNOWN	17	G	0.993230174081	A	0.00621300041029	212	14	33891	5	34122	165337
UNKNOWN	18	T	0.99835883008	G	0.000761971748432	6	24	26	34066	34122	165337
UNKNOWN	19	C	0.999501787703	T	0.000380985874216	1	34105	3	13	34122	165337
UNKNOWN	20	G	0.998886348983	A	0.000615438719887	21	6	34084	11	34122	165337
UNKNOWN	21	G	0.998944962194	C	0.000468905691343	9	16	34086	11	34122	165337
UNKNOWN	22	G	0.999472481097	C	0.00026375945138	4	9	34104	5	34122	165337
UNKNOWN	23	C	0.999003575406	T	0.000761971748432	6	34088	2	26	34122	165337
UNKNOWN	24	C	0.981273078952	T	0.0177304964539	26	33483	8	605	34122	165337
UNKNOWN	25	C	0.980892093078	T	0.0176132700311	48	33470	3	601	34122	165337
UNKNOWN	26	C	0.990475353145	A	0.00844030244417	288	33797	30	7	34122	165337
UNKNOWN	27	A	0.989097942676	G	0.0098470195182	33750	30	336	6	34122	165337
UNKNOWN	28	G	0.983441767774	C	0.0109020573237	172	372	33557	21	34122	165337
UNKNOWN	29	C	0.996952113006	T	0.00231522185101	21	34018	4	79	34122	165337
UNKNOWN	30	C	0.990446046539	T	0.00855752886701	0	33796	34	292	34122	165337
UNKNOWN	31	T	0.985610456597	G	0.0128069866948	5	49	437	33631	34122	165337
UNKNOWN	32	G	0.994285211887	A	0.00395639177071	135	3	33927	57	34122	165337
UNKNOWN	33	G	0.985991442471	T	0.0118984819178	27	45	33644	406	34122	165337
UNKNOWN	34	T	0.984789871637	G	0.0118105621007	40	76	403	33603	34122	165337
UNKNOWN	35	G	0.985024324483	A	0.0145653830373	497	7	33611	7	34122	165337
UNKNOWN	36	A	0.99815368384	G	0.00126018404548	34059	13	43	7	34122	165337
UNKNOWN	37	A	0.98367622062	G	0.014594689643	33565	52	498	7	34122	165337
UNKNOWN	38	G	0.985463923568	C	0.012689760272	62	433	33626	1	34122	165337
UNKNOWN	39	C	0.99753824512	T	0.00161186331399	7	34038	22	55	34122	165337
UNKNOWN	40	C	0.998329523475	T	0.00126018404548	12	34065	2	43	34122	165337
UNKNOWN	41	C	0.986020749077	T	0.012279467792	2	33645	56	419	34122	165337
UNKNOWN	42	T	0.984467498974	C	0.0136568782604	34	466	30	33592	34122	165337
UNKNOWN	43	C	0.987398159545	A	0.0120450149464	411	33692	1	18	34122	165337
UNKNOWN	44	A	0.985844909443	C	0.012279467792	33639	419	57	7	34122	165337
UNKNOWN	45	C	0.985610456597	A	0.0120157083407	410	33631	73	8	34122	165337
UNKNOWN	46	A	0.986577574585	G	0.012689760272	33664	21	433	4	34122	165337
UNKNOWN	47	G	0.985698376414	A	0.0130414395405	445	35	33634	8	34122	165337
UNKNOWN	48	A	0.985082937694	C	0.0131293593576	33613	448	51	10	34122	165337
UNKNOWN	49	C	0.993611159955	T	0.00504073618194	4	33904	42	172	34122	165337
UNKNOWN	50	C	0.997860617783	T	0.00134810386261	7	34049	20	46	34122	165337
UNKNOWN	51	C	0.986225895317	T	0.0134810386261	5	33652	5	460	34122	165337
UNKNOWN	52	T	0.985376003751	C	0.0144481566145	2	493	4	33623	34122	165337
UNKNOWN	53	C	0.987398159545	T	0.0119570951292	10	33692	12	408	34122	165337
UNKNOWN	54	T	0.983822753649	C	0.0157376472657	5	537	10	33570	34122	165337
UNKNOWN	55	C	0.9979485376	T	0.0016411699197	10	34052	4	56	34122	165337
UNKNOWN	56	C	0.995809155384	T	0.00219799542817	15	33979	53	75	34122	165337
UNKNOWN	57	C	0.985581149991	T	0.0122208545806	38	33630	37	417	34122	165337
UNKNOWN	58	T	0.985170857511	C	0.0143895434031	9	491	6	33616	34122	165337
UNKNOWN	59	C	0.987046480277	A	0.0120450149464	411	33680	5	26	34122	165337
UNKNOWN	60	A	0.983529687592	C	0.0122208545806	33560	417	108	37	34122	165337
UNKNOWN	61	C	0.995867768595	T	0.00252036809097	3	33981	52	86	34122	165337
UNKNOWN	62	C	0.983793447043	T	0.0140671707403	8	33569	65	480	34122	165337
UNKNOWN	63	T	0.985698376414	G	0.0119570951292	30	50	408	33634	34122	165337
UNKNOWN	64	G	0.98675341422	C	0.012689760272	16	433	33670	3	34122	165337
UNKNOWN	65	C	0.985903522654	A	0.0118105621007	403	33641	30	48	34122	165337
UNKNOWN	66	A	0.982884942266	C	0.0130707461462	33538	446	118	20	34122	165337
UNKNOWN	67	C	0.983793447043	G	0.0120157083407	7	33569	410	136	34122	165337
UNKNOWN	68	G	0.990152980482	A	0.00800070335854	273	42	33786	21	34122	165337
UNKNOWN	69	G	0.968700545103	A	0.0170564445226	582	37	33054	449	34122	165337
UNKNOWN	70	T	0.980335267569	C	0.0181994021452	5	621	45	33451	34122	165337
UNKNOWN	71	C	0.976613328644	T	0.0171443643397	4	33324	209	585	34122	165337
UNKNOWN	72	T	0.984614032003	C	0.0138034112889	5	471	49	33597	34122	165337
UNKNOWN	73	C	0.986518961374	T	0.0123087743977	9	33662	31	420	34122	165337
UNKNOWN	74	T	0.983383154563	G	0.0130707461462	35	86	446	33555	34122	165337
UNKNOWN	75	G	0.994695504367	A	0.00401500498212	137	12	33941	32	34122	165337
UNKNOWN	76	G	0.983002168689	A	0.0152687415744	521	20	33542	39	34122	165337
UNKNOWN	77	A	0.983734833832	T	0.0122208545806	33567	79	59	417	34122	165337
UNKNOWN	78	T	0.992644041967	C	0.00410292479925	12	140	99	33871	34122	165337
UNKNOWN	79	T	0.981536838403	C	0.0147412226716	23	503	104	33492	34122	165337
UNKNOWN	80	C	0.981976437489	T	0.0158841802942	33	33507	40	542	34122	165337
UNKNOWN	81	T	0.982884942266	C	0.0150929019401	6	515	63	33538	34122	165337
UNKNOWN	82	C	0.985288083934	A	0.0121622413692	415	33620	5	82	34122	165337
UNKNOWN	83	A	0.982064357306	T	0.0095246468554	33510	138	149	325	34122	165337
UNKNOWN	84	T	0.776888810738	C	0.220033995663	39	7508	66	26509	34122	165337
UNKNOWN	85	T	0.985434616963	G	0.0129242131176	11	45	441	33625	34122	165337
UNKNOWN	86	G	0.975587597444	A	0.0219213410703	748	37	33289	48	34122	165337
UNKNOWN	87	A	0.980980012895	G	0.0169978313112	33473	51	580	18	34122	165337
UNKNOWN	88	G	0.960817068167	A	0.0205732372077	702	576	32785	59	34122	165337
UNKNOWN	89	C	0.965183752418	T	0.0163823925913	533	32934	96	559	34122	165337
UNKNOWN	90	A	0.976466795616	G	0.0189027606823	33319	112	645	46	34122	165337
UNKNOWN	91	G	0.920256725866	A	0.0479163003341	1635	828	31401	258	34122	165337
UNKNOWN	92	C	0.963249516441	T	0.0279291952406	132	32868	169	953	34122	165337
UNKNOWN	93	T	0.965740577926	A	0.0208076900533	710	137	322	32953	34122	165337
UNKNOWN	94	A	0.97001934236	T	0.0158548736885	33099	226	256	541	34122	165337
UNKNOWN	95	T	0.980335267569	G	0.0137154914718	63	140	468	33451	34122	165337
UNKNOWN	96	G	0.915274602895	A	0.0447511869175	1527	791	31231	573	34122	165337
UNKNOWN	97	C	0.914336791513	G	0.0376003751246	559	31199	1283	1081	34122	165337
UNKNOWN	98	T	0.980862786472	G	0.0147412226716	60	90	503	33469	34122	165337
UNKNOWN	99	G	0.956860676396	A	0.0291893792861	996	30	32650	446	34122	165337
UNKNOWN	100	T	0.983793447043	A	0.0120157083407	410	100	43	33569	34122	165337
UNKNOWN	101	A	0.953871402614	G	0.0281636480863	32548	227	961	386	34122	165337
UNKNOWN	102	A	0.692075493816	G	0.293124670301	23615	360	10002	145	34122	165337
UNKNOWN	103	G	0.760858097415	A	0.154094132818	5258	2332	25962	570	34122	165337
UNKNOWN	104	C	0.972041498154	T	0.0226246996073	66	33168	116	772	34122	165337
UNKNOWN	105	T	0.986196588711	G	0.0131293593576	0	23	448	33651	34122	165337
UNKNOWN	106	G	0.998388136686	T	0.00128949065119	10	1	34067	44	34122	165337
UNKNOWN	107	G	0.998270910263	C	0.00105503780552	11	36	34063	12	34122	165337
UNKNOWN	108	G	0.970957153742	A	0.0132758923861	453	90	33131	448	34122	165337
UNKNOWN	109	T	0.984262352734	C	0.0145653830373	4	497	36	33585	34122	165337
UNKNOWN	110	C	0.995457476115	A	0.00254967469668	87	33967	16	52	34122	165337
UNKNOWN	111	C	0.987456772757	G	0.0121036281578	2	33694	413	13	34122	165337
UNKNOWN	112	G	0.986431041557	C	0.0122501611863	41	418	33659	4	34122	165337
UNKNOWN	113	C	0.996952113006	A	0.00146533028545	50	34018	34	20	34122	165337
UNKNOWN	114	C	0.986313815134	A	0.012279467792	419	33655	37	11	34122	165337
UNKNOWN	115	A	0.981917824278	G	0.0168512982826	33505	37	575	5	34122	165337
UNKNOWN	116	G	0.997040032823	A	0.00134810386261	46	17	34021	38	34122	165337
UNKNOWN	117	G	0.971220913194	A	0.0143309301917	489	467	33140	26	34122	165337
UNKNOWN	118	C	0.985258777328	T	0.0135396518375	4	33619	37	462	34122	165337
UNKNOWN	119	T	0.98449680558	C	0.0136568782604	33	466	30	33593	34122	165337
UNKNOWN	120	C	0.99815368384	G	0.000937811382686	14	34059	32	17	34122	165337
UNKNOWN	121	C	0.986050055683	A	0.0124260008206	424	33646	43	9	34122	165337
UNKNOWN	122	A	0.977492526816	G	0.0214817419846	33354	24	733	11	34122	165337
UNKNOWN	123	G	0.99835883008	A	0.0013187972569	45	8	34066	3	34122	165337
UNKNOWN	124	G	0.994959263818	A	0.00448391067347	153	8	33950	11	34122	165337
UNKNOWN	125	G	0.977082234336	A	0.0217748080417	743	25	33340	14	34122	165337
UNKNOWN	126	A	0.995047183635	G	0.003927085165	33953	31	134	4	34122	165337
UNKNOWN	127	A	0.980423187386	G	0.0179649492996	33454	46	613	9	34122	165337
UNKNOWN	128	G	0.998065764023	A	0.000996424594104	34	11	34056	21	34122	165337
UNKNOWN	129	G	0.972715550085	C	0.0147705292773	411	504	33191	16	34122	165337
UNKNOWN	130	C	0.984057206494	G	0.0128949065119	15	33578	440	89	34122	165337
UNKNOWN	131	G	0.979426762792	C	0.0134810386261	214	460	33420	28	34122	165337
UNKNOWN	132	C	0.982767715843	T	0.0151515151515	27	33534	44	517	34122	165337
UNKNOWN	133	T	0.980100814724	G	0.0140378641346	40	160	479	33443	34122	165337
UNKNOWN	134	G	0.984408885763	A	0.0118398687064	404	20	33590	108	34122	165337
UNKNOWN	135	G	0.984350272551	A	0.0130121329348	444	55	33588	35	34122	165337
UNKNOWN	136	A	0.982709102632	G	0.0159134868999	33532	24	543	23	34122	165337
UNKNOWN	137	G	0.968934997949	A	0.0162358595627	554	54	33062	452	34122	165337
UNKNOWN	138	T	0.982210890335	G	0.0145360764316	16	95	496	33515	34122	165337
UNKNOWN	139	G	0.984555418791	C	0.00712150518727	201	243	33595	83	34122	165337
UNKNOWN	140	C	0.567024207256	G	0.414571244358	41	19348	14146	587	34122	165337
UNKNOWN	141	C	0.788201160542	G	0.18542289432	406	26895	6327	494	34122	165337
UNKNOWN	142	T	0.987222319911	C	0.0111365101694	14	380	42	33686	34122	165337
UNKNOWN	143	C	0.788406306782	T	0.193189144833	81	26902	547	6592	34122	165337
UNKNOWN	144	G	0.990797725807	A	0.00753179766719	257	14	33808	43	34122	165337
UNKNOWN	145	G	0.979807748667	T	0.013393118809	22	210	33433	457	34122	165337
UNKNOWN	146	T	0.974063653948	G	0.0171736709454	154	145	586	33237	34122	165337
UNKNOWN	147	G	0.884414747084	A	0.0958619072739	3271	250	30178	423	34122	165337
UNKNOWN	148	G	0.887697086923	A	0.0507004278764	1730	1227	30290	875	34122	165337
UNKNOWN	149	T	0.951702713792	A	0.0223902467616	764	315	569	32474	34122	165337
UNKNOWN	150	A	0.928374655647	G	0.0546861262529	31678	43	1866	535	34122	165337
UNKNOWN	151	T	0.976994314518	A	0.0136275716547	465	218	102	33337	34122	165337
UNKNOWN	152	A	0.940214524354	G	0.026786237618	32082	438	914	688	34122	165337
UNKNOWN	153	A	0.907508352383	G	0.0763730144775	30966	256	2606	294	34122	165337
UNKNOWN	154	G	0.829406248168	A	0.116112771819	3962	1450	28301	409	34122	165337
UNKNOWN	155	C	0.879520543931	T	0.0731785944552	970	30011	644	2497	34122	165337
UNKNOWN	156	A	0.907361819354	G	0.0835238262704	30961	232	2850	79	34122	165337
UNKNOWN	157	G	0.899683488658	A	0.0473594748256	1616	1071	30699	736	34122	165337
UNKNOWN	158	T	0.95554187914	G	0.0300978840631	263	227	1027	32605	34122	165337
UNKNOWN	159	G	0.878055213645	A	0.0958032940625	3269	720	29961	172	34122	165337
UNKNOWN	160	G	0.873395463337	A	0.0799191137682	2727	846	29802	747	34122	165337
UNKNOWN	161	T	0.970312408417	G	0.0191079069222	145	216	652	33109	34122	165337
UNKNOWN	162	G	0.982064357306	A	0.01570834066	536	49	33510	27	34122	165337
UNKNOWN	163	G	0.971777738702	A	0.0210714495047	719	183	33159	61	34122	165337
UNKNOWN	164	A	0.971807045308	G	0.0177304964539	33160	276	605	81	34122	165337
UNKNOWN	165	A	0.942002227302	G	0.0465095832601	32143	239	1587	153	34122	165337
UNKNOWN	166	G	0.764316276889	A	0.129593810445	4422	2431	26080	1189	34122	165337
UNKNOWN	167	C	0.893880780728	A	0.0405310356954	1383	30501	863	1375	34122	165337
UNKNOWN	168	A	0.96052400211	G	0.0177304964539	32775	590	605	152	34122	165337
UNKNOWN	169	C	0.959586190727	T	0.0187855342594	604	32743	134	641	34122	165337
UNKNOWN	170	A	0.968055799777	G	0.0180528691167	33032	142	616	332	34122	165337
UNKNOWN	171	G	0.501465330285	T	0.392063771174	2651	982	17111	13378	34122	165337
UNKNOWN	172	A	0.590410878612	G	0.328058144306	20146	1746	11194	1036	34122	165337
UNKNOWN	173	C	0.950735595803	T	0.0295117519489	99	32441	575	1007	34122	165337
UNKNOWN	174	T	0.976261649376	A	0.0154738878143	528	239	43	33312	34122	165337
UNKNOWN	175	A	0.975089385147	T	0.0211300627161	33272	61	68	721	34122	165337
UNKNOWN	176	T	0.966414629858	C	0.0177598030596	511	606	29	32976	34122	165337
UNKNOWN	177	A	0.987280933122	G	0.00597854756462	33688	203	204	27	34122	165337
UNKNOWN	178	A	0.973272375593	C	0.0171443643397	33210	585	264	63	34122	165337
UNKNOWN	179	C	0.932506887052	T	0.0565031358068	95	31819	280	1928	34122	165337
UNKNOWN	180	C	0.955102280054	T	0.0233280581443	234	32590	502	796	34122	165337
UNKNOWN	181	C	0.973037922748	A	0.0171443643397	585	33202	97	238	34122	165337
UNKNOWN	182	A	0.974767012485	G	0.0190786003165	33261	164	651	46	34122	165337
UNKNOWN	183	G	0.954135162066	A	0.024969228064	852	632	32557	81	34122	165337
UNKNOWN	184	C	0.984526112186	T	0.00917296758689	50	33594	165	313	34122	165337
UNKNOWN	185	C	0.996219447864	T	0.00152394349686	30	33993	47	52	34122	165337
UNKNOWN	186	C	0.980599027021	T	0.0167047652541	45	33460	47	570	34122	165337
UNKNOWN	187	T	0.982474649786	G	0.0147119160659	72	24	502	33524	34122	165337
UNKNOWN	188	G	0.957329582088	A	0.0293066057089	1000	52	32666	404	34122	165337
UNKNOWN	189	A	0.989537541762	G	0.00662329289022	33765	94	226	37	34122	165337
UNKNOWN	190	A	0.988365277534	G	0.00653537307309	33725	128	223	46	34122	165337
UNKNOWN	191	A	0.97582205029	T	0.0152980481801	33297	113	190	522	34122	165337
UNKNOWN	192	T	0.979895668484	C	0.0178770294824	25	610	51	33436	34122	165337
UNKNOWN	193	C	0.996365980892	T	0.0013187972569	44	33998	35	45	34122	165337
UNKNOWN	194	C	0.99276126839	T	0.00419084461638	25	33875	79	143	34122	165337
UNKNOWN	195	C	0.98367622062	G	0.0153566613915	19	33565	524	14	34122	165337
UNKNOWN	196	G	0.996219447864	A	0.00175839634254	60	24	33993	45	34122	165337
UNKNOWN	197	G	0.929224547213	A	0.0454252388488	1550	727	31707	138	34122	165337
UNKNOWN	198	C	0.976906394701	T	0.0185803880195	92	33334	62	634	34122	165337
UNKNOWN	199	T	0.981155852529	C	0.0164703124084	30	562	51	33479	34122	165337
UNKNOWN	200	C	0.981859211066	A	0.0151808217572	518	33503	46	55	34122	165337
UNKNOWN	201	A	0.979309536369	G	0.0187562276537	33416	59	640	7	34122	165337
UNKNOWN	202	G	0.964070101401	C	0.0284567141434	88	971	32896	167	34122	165337
UNKNOWN	203	C	0.946193071918	T	0.0288083934119	646	32286	207	983	34122	165337
UNKNOWN	204	A	0.973917120919	T	0.016616845437	33232	49	274	567	34122	165337
UNKNOWN	205	T	0.981859211066	C	0.0170857511283	27	583	9	33503	34122	165337
UNKNOWN	206	C	0.976877088096	A	0.0169392180998	578	33333	17	194	34122	165337
UNKNOWN	207	A	0.97746322021	C	0.0158255670828	33353	540	151	78	34122	165337
UNKNOWN	208	C	0.986196588711	G	0.00659398628451	73	33651	225	173	34122	165337
UNKNOWN	209	C	0.956274544282	A	0.0191079069222	652	32630	331	509	34122	165337
UNKNOWN	210	A	0.993112947658	G	0.00416153801067	33887	80	142	13	34122	165337
UNKNOWN	211	A	0.977404606998	G	0.0212765957447	33351	23	726	22	34122	165337
UNKNOWN	212	G	0.980247347752	A	0.0172029775511	587	72	33448	15	34122	165337
UNKNOWN	213	G	0.980393880781	A	0.0181994021452	621	37	33453	11	34122	165337
UNKNOWN	214	A	0.980657640232	C	0.0158255670828	33462	540	80	40	34122	165337
UNKNOWN	215	C	0.972451790634	A	0.0166461520427	568	33182	94	278	34122	165337
UNKNOWN	216	A	0.98988922103	G	0.00603716077604	33777	75	206	64	34122	165337
UNKNOWN	217	A	0.972744856691	C	0.0175839634254	33192	600	279	51	34122	165337
UNKNOWN	218	C	0.967088681789	T	0.0275189027607	33	32999	151	939	34122	165337
UNKNOWN	219	T	0.980100814724	C	0.0166754586484	70	569	40	33443	34122	165337
UNKNOWN	220	C	0.995633315749	A	0.00254967469668	87	33973	5	57	34122	165337
UNKNOWN	221	C	0.977990739113	A	0.0170564445226	582	33371	68	101	34122	165337
UNKNOWN	222	A	0.991823457007	G	0.00457183049059	33843	116	156	7	34122	165337
UNKNOWN	223	A	0.975030771936	G	0.0235918175957	33270	14	805	33	34122	165337
UNKNOWN	224	G	0.975851356896	A	0.0193130531622	659	141	33298	24	34122	165337
UNKNOWN	225	A	0.978430338198	G	0.0182580153567	33386	92	623	21	34122	165337
UNKNOWN	226	G	0.947101576695	A	0.0315339077428	1076	699	32317	30	34122	165337
UNKNOWN	227	C	0.97418088037	T	0.0214817419846	79	33241	69	733	34122	165337
UNKNOWN	228	C	0.978928550495	A	0.0169099114941	577	33403	139	3	34122	165337
UNKNOWN	229	A	0.993464626927	T	0.00386847195358	33899	14	77	132	34122	165337
UNKNOWN	230	A	0.966297403435	G	0.0308891624172	32972	66	1054	30	34122	165337
UNKNOWN	231	G	0.960875681379	T	0.0196940390364	407	256	32787	672	34122	165337
UNKNOWN	232	T	0.980071508118	C	0.0186683078366	25	637	18	33442	34122	165337
UNKNOWN	233	C	0.96216517203	T	0.0254381337553	23	32831	400	868	34122	165337
UNKNOWN	234	T	0.979543989215	C	0.0178770294824	19	610	69	33424	34122	165337
UNKNOWN	235	C	0.979016470312	T	0.0193130531622	49	33406	8	659	34122	165337
UNKNOWN	236	T	0.973418908622	C	0.0196940390364	51	672	184	33215	34122	165337
UNKNOWN	237	C	0.979075083524	T	0.0174081237911	37	33408	83	594	34122	165337
UNKNOWN	238	T	0.98285563566	G	0.0146533028545	21	64	500	33537	34122	165337
UNKNOWN	239	G	0.945724166227	A	0.0298634312174	1019	201	32270	632	34122	165337
UNKNOWN	240	T	0.978225191958	C	0.0158841802942	89	542	112	33379	34122	165337
UNKNOWN	241	C	0.974268800188	A	0.0156204208429	533	33244	30	315	34122	165337
UNKNOWN	242	A	0.969521130063	G	0.0237969638356	33082	157	812	71	34122	165337
UNKNOWN	243	G	0.901090205732	C	0.0449563331575	1118	1534	30747	723	34122	165337
UNKNOWN	244	T	0.979778442061	G	0.0161479397456	47	92	551	33432	34122	165337
UNKNOWN	245	G	0.961608346521	A	0.0290428462575	991	178	32812	141	34122	165337
UNKNOWN	246	A	0.970312408417	G	0.0250278412754	33109	134	854	25	34122	165337
UNKNOWN	247	G	0.924945782779	A	0.0423480452494	1445	873	31561	243	34122	165337
UNKNOWN	248	C	0.956567610339	T	0.0234452845671	560	32640	122	800	34122	165337
UNKNOWN	249	A	0.973799894496	G	0.0241779497099	33228	60	825	9	34122	165337
UNKNOWN	250	G	0.9661215638	C	0.0193130531622	438	659	32966	59	34122	165337
UNKNOWN	251	C	0.973917120919	G	0.0175839634254	36	33232	600	254	34122	165337
UNKNOWN	252	G	0.974444639822	T	0.0155911142371	289	51	33250	532	34122	165337
UNKNOWN	253	T	0.977316687181	G	0.0156204208429	30	211	533	33348	34122	165337
UNKNOWN	254	G	0.954633374363	A	0.0380692808159	1299	95	32574	154	34122	165337
UNKNOWN	255	A	0.972100111365	C	0.0164410058027	33170	561	332	59	34122	165337
UNKNOWN	256	C	0.975675517262	A	0.0161772463513	552	33292	112	166	34122	165337
UNKNOWN	257	A	0.965183752418	C	0.0174960436082	32934	597	400	191	34122	165337
UNKNOWN	258	C	0.948185921107	A	0.0375124553074	1280	32354	314	174	34122	165337
UNKNOWN	259	C	0.97500146533	T	0.0201629447277	77	33269	88	688	34122	165337
UNKNOWN	260	T	0.968554012074	G	0.0213938221675	76	267	730	33049	34122	165337
UNKNOWN	261	G	0.979485376004	A	0.018023562511	615	33	33422	52	34122	165337
UNKNOWN	262	A	0.975587597444	G	0.0209249164762	33289	94	714	25	34122	165337
UNKNOWN	263	G	0.94522595393	A	0.0323544927027	1104	603	32253	162	34122	165337
UNKNOWN	264	G	0.976261649376	A	0.019635425825	670	41	33312	99	34122	165337
UNKNOWN	265	A	0.977170154153	C	0.0186390012309	33343	636	104	39	34122	165337
UNKNOWN	266	C	0.967792040326	A	0.019430279585	663	33023	99	337	34122	165337
UNKNOWN	267	A	0.964744153332	C	0.0155325010257	32919	530	405	268	34122	165337
UNKNOWN	268	C	0.978957857101	G	0.0145360764316	162	33404	496	60	34122	165337
UNKNOWN	269	G	0.834827970224	A	0.1570834066	5360	160	28486	116	34122	165337
UNKNOWN	270	G	0.976320262587	C	0.016206552957	156	553	33314	99	34122	165337
UNKNOWN	271	C	0.991032178653	G	0.00416153801067	137	33816	142	27	34122	165337
UNKNOWN	272	C	0.976818474884	A	0.0184338549909	629	33331	54	108	34122	165337
UNKNOWN	273	A	0.975587597444	C	0.0157376472657	33289	537	186	110	34122	165337
UNKNOWN	274	C	0.973946427525	A	0.0190199871051	649	33233	65	175	34122	165337
UNKNOWN	275	A	0.957358888694	T	0.0201629447277	32667	257	510	688	34122	165337
UNKNOWN	276	T	0.979719828849	A	0.0159721001114	545	66	81	33430	34122	165337
UNKNOWN	277	A	0.979837055272	C	0.0162651661685	33434	555	49	84	34122	165337
UNKNOWN	278	C	0.939599085634	T	0.0583201453608	54	32061	17	1990	34122	165337
UNKNOWN	279	T	0.973741281285	A	0.0175253502139	598	214	84	33226	34122	165337
UNKNOWN	280	A	0.966561162886	C	0.0193130531622	32981	659	146	336	34122	165337
UNKNOWN	281	C	0.959791336967	T	0.0371900826446	34	32750	69	1269	34122	165337
UNKNOWN	282	T	0.976584022039	G	0.0204853173905	68	32	699	33323	34122	165337
