Type	Position	Nucl1	Freq1	Nucl2	Freq2	NumAs	NumCs	NumGs	NumTs	NumAligned	NumNaive
UNKNOWN	0	C	1.0	A	0.0	0	8845	0	0	8845	116137
UNKNOWN	1	A	1.0	C	0.0	8845	0	0	0	8845	116137
UNKNOWN	2	G	1.0	A	0.0	0	0	8845	0	8845	116137
UNKNOWN	3	G	1.0	A	0.0	0	0	8845	0	8845	116137
UNKNOWN	4	T	1.0	A	0.0	0	0	0	8845	8845	116137
UNKNOWN	5	G	1.0	A	0.0	0	0	8845	0	8845	116137
UNKNOWN	6	C	1.0	A	0.0	0	8845	0	0	8845	116137
UNKNOWN	7	A	0.99751271905	G	0.00146975692482	8823	7	13	2	8845	116137
UNKNOWN	8	G	0.990390050876	A	0.00633126059921	56	25	8760	4	8845	116137
UNKNOWN	9	C	0.997399660825	T	0.00214810627473	0	8822	4	19	8845	116137
UNKNOWN	10	T	0.999208592425	C	0.000678349349915	0	6	1	8838	8845	116137
UNKNOWN	11	G	0.99796495195	A	0.00169587337479	15	1	8827	2	8845	116137
UNKNOWN	12	C	0.998530243075	T	0.00135669869983	0	8832	1	12	8845	116137
UNKNOWN	13	G	0.9986433013	A	0.00135669869983	12	0	8833	0	8845	116137
UNKNOWN	14	G	0.959525155455	C	0.0388920293951	11	344	8487	3	8845	116137
UNKNOWN	15	G	0.9990955342	A	0.000565291124929	5	1	8837	2	8845	116137
UNKNOWN	16	A	0.994120972301	C	0.0031656302996	8793	28	19	5	8845	116137
UNKNOWN	17	G	0.993329564726	A	0.00565291124929	50	4	8786	5	8845	116137
UNKNOWN	18	T	0.998304126625	C	0.00113058224986	0	10	5	8830	8845	116137
UNKNOWN	19	C	0.99932165065	T	0.000452232899943	0	8839	2	4	8845	116137
UNKNOWN	20	G	0.994799321651	A	0.00452232899943	40	5	8799	1	8845	116137
UNKNOWN	21	G	0.99660825325	T	0.00203504804975	4	8	8815	18	8845	116137
UNKNOWN	22	G	0.998756359525	C	0.000678349349915	3	6	8834	2	8845	116137
UNKNOWN	23	C	0.999660825325	T	0.000339174674958	0	8842	0	3	8845	116137
UNKNOWN	24	C	0.9986433013	A	0.000791407574901	7	8833	1	4	8845	116137
UNKNOWN	25	C	0.9990955342	A	0.000452232899943	4	8837	0	4	8845	116137
UNKNOWN	26	C	0.9981910684	A	0.00101752402487	9	8829	1	6	8845	116137
UNKNOWN	27	A	0.99615602035	G	0.00203504804975	8811	15	18	1	8845	116137
UNKNOWN	28	G	0.993555681176	A	0.00418315432448	37	20	8788	0	8845	116137
UNKNOWN	29	C	0.9981910684	T	0.00180893159977	0	8829	0	16	8845	116137
UNKNOWN	30	C	0.998756359525	T	0.00113058224986	1	8834	0	10	8845	116137
UNKNOWN	31	T	0.997851893725	G	0.00124364047484	3	5	11	8826	8845	116137
UNKNOWN	32	G	0.989598643301	T	0.00768795929904	22	2	8753	68	8845	116137
UNKNOWN	33	G	0.99615602035	T	0.00192198982476	11	6	8811	17	8845	116137
UNKNOWN	34	T	0.996042962125	C	0.00203504804975	2	18	15	8810	8845	116137
UNKNOWN	35	G	0.996947427925	A	0.0023742227247	21	3	8818	3	8845	116137
UNKNOWN	36	A	0.995590729226	C	0.0023742227247	8806	21	14	4	8845	116137
UNKNOWN	37	A	0.993555681176	G	0.00327868852459	8788	28	29	0	8845	116137
UNKNOWN	38	G	0.9977388355	C	0.00113058224986	8	10	8825	2	8845	116137
UNKNOWN	39	C	0.995590729226	T	0.00305257207462	6	8806	6	27	8845	116137
UNKNOWN	40	C	0.998756359525	T	0.000904465799887	2	8834	1	8	8845	116137
UNKNOWN	41	C	0.995816845676	G	0.00271339739966	1	8808	24	12	8845	116137
UNKNOWN	42	T	0.99615602035	C	0.00327868852459	3	29	2	8811	8845	116137
UNKNOWN	43	C	0.9986433013	A	0.00113058224986	10	8833	0	2	8845	116137
UNKNOWN	44	A	0.993668739401	C	0.00418315432448	8789	37	12	7	8845	116137
UNKNOWN	45	C	0.99751271905	A	0.00135669869983	12	8823	5	5	8845	116137
UNKNOWN	46	A	0.993894855851	C	0.00384397964952	8791	34	20	0	8845	116137
UNKNOWN	47	G	0.996269078575	A	0.0031656302996	28	4	8812	1	8845	116137
UNKNOWN	48	A	0.992651215376	C	0.00463538722442	8780	41	17	7	8845	116137
UNKNOWN	49	C	0.998530243075	G	0.000565291124929	4	8832	5	4	8845	116137
UNKNOWN	50	C	0.9977388355	T	0.00124364047484	6	8825	3	11	8845	116137
UNKNOWN	51	C	0.9981910684	T	0.00180893159977	0	8829	0	16	8845	116137
UNKNOWN	52	T	0.996269078575	C	0.00327868852459	3	29	1	8812	8845	116137
UNKNOWN	53	C	0.989259468626	G	0.0072357263991	1	8750	64	30	8845	116137
UNKNOWN	54	T	0.995816845676	C	0.00327868852459	3	29	5	8808	8845	116137
UNKNOWN	55	C	0.996721311475	T	0.00282645562465	3	8816	1	25	8845	116137
UNKNOWN	56	C	0.9972866026	G	0.0015828151498	3	8821	14	7	8845	116137
UNKNOWN	57	C	0.9968343697	T	0.00169587337479	1	8817	12	15	8845	116137
UNKNOWN	58	T	0.996495195025	C	0.00282645562465	5	25	1	8814	8845	116137
UNKNOWN	59	C	0.996721311475	T	0.00214810627473	10	8816	0	19	8845	116137
UNKNOWN	60	A	0.988920293951	C	0.00689655172414	8747	61	32	5	8845	116137
UNKNOWN	61	C	0.997399660825	T	0.0015828151498	1	8822	8	14	8845	116137
UNKNOWN	62	C	0.996042962125	T	0.00203504804975	0	8810	17	18	8845	116137
UNKNOWN	63	T	0.9977388355	G	0.00135669869983	0	8	12	8825	8845	116137
UNKNOWN	64	G	0.998078010175	C	0.00113058224986	4	10	8828	3	8845	116137
UNKNOWN	65	C	0.99751271905	T	0.00135669869983	10	8823	0	12	8845	116137
UNKNOWN	66	A	0.988128886376	C	0.00791407574901	8740	70	31	4	8845	116137
UNKNOWN	67	C	0.99615602035	T	0.0023742227247	0	8811	13	21	8845	116137
UNKNOWN	68	G	0.994234030526	A	0.00474844544941	42	8	8794	1	8845	116137
UNKNOWN	69	G	0.96122102883	A	0.0360655737705	319	7	8502	17	8845	116137
UNKNOWN	70	T	0.984737139627	C	0.0134539287733	3	119	13	8710	8845	116137
UNKNOWN	71	C	0.983945732052	G	0.00915771622386	9	8703	81	52	8845	116137
UNKNOWN	72	T	0.994347088751	C	0.00339174674958	2	30	18	8795	8845	116137
UNKNOWN	73	C	0.99796495195	T	0.00180893159977	0	8827	2	16	8845	116137
UNKNOWN	74	T	0.993329564726	C	0.00395703787451	1	35	23	8786	8845	116137
UNKNOWN	75	G	0.990616167326	A	0.00870548332391	77	3	8762	3	8845	116137
UNKNOWN	76	G	0.990276992651	A	0.0072357263991	64	13	8759	9	8845	116137
UNKNOWN	77	A	0.986998304127	C	0.00576596947428	8730	51	47	17	8845	116137
UNKNOWN	78	T	0.988694177501	G	0.00678349349915	8	32	60	8745	8845	116137
UNKNOWN	79	T	0.989033352176	C	0.00689655172414	6	61	30	8748	8845	116137
UNKNOWN	80	C	0.973657433578	T	0.0119841718485	90	8612	37	106	8845	116137
UNKNOWN	81	T	0.989598643301	C	0.00904465799887	6	80	6	8753	8845	116137
UNKNOWN	82	C	0.996269078575	T	0.00203504804975	10	8812	5	18	8845	116137
UNKNOWN	83	A	0.988241944601	C	0.00621820237422	8741	55	30	19	8845	116137
UNKNOWN	84	T	0.987337478802	C	0.00791407574901	16	70	26	8733	8845	116137
UNKNOWN	85	T	0.996042962125	C	0.00214810627473	14	19	2	8810	8845	116137
UNKNOWN	86	A	0.975353306953	G	0.0203504804975	8627	23	180	15	8845	116137
UNKNOWN	87	A	0.964951950254	G	0.0270209157716	8535	66	239	5	8845	116137
UNKNOWN	88	G	0.969135104579	C	0.0168456755229	87	149	8572	37	8845	116137
UNKNOWN	89	C	0.946410401357	T	0.0355002826456	37	8371	123	314	8845	116137
UNKNOWN	90	G	0.949123798756	A	0.0370830977954	328	56	8395	66	8845	116137
UNKNOWN	91	A	0.926172979084	G	0.0414923685698	8192	179	367	107	8845	116137
UNKNOWN	92	T	0.930808366309	C	0.0271339739966	238	240	134	8233	8845	116137
UNKNOWN	93	A	0.895421141888	G	0.0631995477671	7920	114	559	252	8845	116137
UNKNOWN	94	A	0.934991520633	G	0.039796495195	8270	93	352	130	8845	116137
UNKNOWN	95	T	0.942114188807	G	0.0250989259469	212	78	222	8333	8845	116137
UNKNOWN	96	A	0.897117015263	G	0.0768795929904	7935	158	680	72	8845	116137
UNKNOWN	97	G	0.525155455059	A	0.287733182589	2545	1204	4645	451	8845	116137
UNKNOWN	98	T	0.971170152629	A	0.0123233465235	109	70	76	8590	8845	116137
UNKNOWN	99	G	0.941435839457	A	0.0518937252685	459	13	8327	46	8845	116137
UNKNOWN	100	T	0.994007914076	C	0.00361786319955	14	32	7	8792	8845	116137
UNKNOWN	101	A	0.96212549463	G	0.0307518371962	8510	40	272	23	8845	116137
UNKNOWN	102	G	0.909666478236	A	0.0769926512154	681	92	8046	26	8845	116137
UNKNOWN	103	G	0.750028264556	A	0.187111362352	1655	346	6634	210	8845	116137
UNKNOWN	104	C	0.96189937818	G	0.0270209157716	31	8508	239	67	8845	116137
UNKNOWN	105	T	0.995929903901	G	0.00271339739966	2	10	24	8809	8845	116137
UNKNOWN	106	G	0.999208592425	C	0.000339174674958	2	3	8838	2	8845	116137
UNKNOWN	107	G	0.998304126625	T	0.000791407574901	2	6	8830	7	8845	116137
UNKNOWN	108	G	0.981797625777	A	0.0125494629734	111	27	8684	23	8845	116137
UNKNOWN	109	T	0.993668739401	C	0.00508762012436	3	45	8	8789	8845	116137
UNKNOWN	110	C	0.9972866026	G	0.00203504804975	3	8821	18	3	8845	116137
UNKNOWN	111	C	0.998078010175	G	0.0015828151498	1	8828	14	2	8845	116137
UNKNOWN	112	G	0.996947427925	C	0.00180893159977	6	16	8818	5	8845	116137
UNKNOWN	113	C	0.9977388355	T	0.00124364047484	7	8825	2	11	8845	116137
UNKNOWN	114	C	0.997173544375	A	0.00203504804975	18	8820	4	3	8845	116137
UNKNOWN	115	A	0.990729225551	G	0.00667043527417	8763	20	59	3	8845	116137
UNKNOWN	116	G	0.9963821368	A	0.00169587337479	15	6	8813	11	8845	116137
UNKNOWN	117	G	0.983380440927	C	0.00836630864895	66	74	8698	7	8845	116137
UNKNOWN	118	C	0.996721311475	T	0.0023742227247	1	8816	7	21	8845	116137
UNKNOWN	119	T	0.992990390051	C	0.00497456189938	6	44	12	8783	8845	116137
UNKNOWN	120	C	0.997851893725	T	0.00113058224986	4	8826	5	10	8845	116137
UNKNOWN	121	C	0.9968343697	A	0.00260033917467	23	8817	3	2	8845	116137
UNKNOWN	122	A	0.989824759751	G	0.00904465799887	8755	9	80	1	8845	116137
UNKNOWN	123	G	0.993894855851	A	0.00429621254946	38	14	8791	2	8845	116137
UNKNOWN	124	G	0.995477671001	A	0.00361786319955	32	2	8805	6	8845	116137
UNKNOWN	125	A	0.978405879028	G	0.0191068400226	8654	15	169	7	8845	116137
UNKNOWN	126	A	0.995929903901	G	0.00226116449972	8809	15	20	1	8845	116137
UNKNOWN	127	A	0.992425098926	G	0.00655737704918	8778	9	58	0	8845	116137
UNKNOWN	128	G	0.998530243075	A	0.000791407574901	7	2	8832	4	8845	116137
UNKNOWN	129	G	0.983719615602	A	0.00825325042397	73	68	8701	3	8845	116137
UNKNOWN	130	C	0.996269078575	G	0.00282645562465	2	8812	25	6	8845	116137
UNKNOWN	131	G	0.988920293951	A	0.00531373657434	47	40	8747	11	8845	116137
UNKNOWN	132	C	0.992877331826	T	0.00497456189938	12	8782	7	44	8845	116137
UNKNOWN	133	T	0.990616167326	G	0.00520067834935	1	36	46	8762	8845	116137
UNKNOWN	134	G	0.988807235726	A	0.00553985302431	49	3	8746	47	8845	116137
UNKNOWN	135	G	0.994007914076	A	0.00361786319955	32	14	8792	7	8845	116137
UNKNOWN	136	A	0.993894855851	G	0.00474844544941	8791	7	42	5	8845	116137
UNKNOWN	137	G	0.980553985302	A	0.0148106274731	131	12	8673	29	8845	116137
UNKNOWN	138	T	0.994460146976	G	0.00339174674958	5	14	30	8796	8845	116137
UNKNOWN	139	G	0.996269078575	T	0.0015828151498	13	6	8812	14	8845	116137
UNKNOWN	140	G	0.990050876201	C	0.00610514414924	9	54	8757	25	8845	116137
UNKNOWN	141	C	0.988241944601	G	0.00633126059921	22	8741	56	26	8845	116137
UNKNOWN	142	T	0.995251554551	C	0.0031656302996	2	28	12	8803	8845	116137
UNKNOWN	143	C	0.991633691351	G	0.00395703787451	10	8771	35	29	8845	116137
UNKNOWN	144	G	0.991633691351	A	0.0072357263991	64	0	8771	10	8845	116137
UNKNOWN	145	G	0.978745053703	C	0.0124364047484	53	110	8657	25	8845	116137
UNKNOWN	146	T	0.976936122103	C	0.00915771622386	67	81	56	8641	8845	116137
UNKNOWN	147	G	0.83742227247	A	0.110570944036	978	120	7407	340	8845	116137
UNKNOWN	148	T	0.899943470888	A	0.0504239683437	446	253	186	7960	8845	116137
UNKNOWN	149	C	0.862747314867	T	0.0971170152629	226	7631	129	859	8845	116137
UNKNOWN	150	A	0.96393442623	G	0.0282645562465	8526	20	250	49	8845	116137
UNKNOWN	151	T	0.961334087055	A	0.0192198982476	170	75	97	8503	8845	116137
UNKNOWN	152	A	0.913623516111	G	0.0548332391181	8081	128	485	151	8845	116137
UNKNOWN	153	T	0.872922555116	G	0.0595816845676	409	188	527	7721	8845	116137
UNKNOWN	154	A	0.907518371962	G	0.0495195025438	8027	151	438	229	8845	116137
UNKNOWN	155	T	0.940870548332	C	0.0267947993217	77	237	209	8322	8845	116137
UNKNOWN	156	A	0.895647258338	G	0.0661390616167	7922	254	585	84	8845	116137
UNKNOWN	157	G	0.788920293951	A	0.112379875636	994	559	6978	314	8845	116137
UNKNOWN	158	T	0.965856416054	G	0.0175240248728	110	37	155	8543	8845	116137
UNKNOWN	159	G	0.792312040701	A	0.164386659129	1454	265	7008	118	8845	116137
UNKNOWN	160	G	0.827473148672	A	0.108875070661	963	410	7319	153	8845	116137
UNKNOWN	161	T	0.95850763143	G	0.0255511588468	85	56	226	8478	8845	116137
UNKNOWN	162	G	0.988015828151	A	0.0105144149237	93	5	8739	8	8845	116137
UNKNOWN	163	G	0.983267382702	A	0.0119841718485	106	28	8697	14	8845	116137
UNKNOWN	164	A	0.968569813454	G	0.0206896551724	8567	71	183	24	8845	116137
UNKNOWN	165	A	0.931147540984	G	0.0577727529678	8236	62	511	36	8845	116137
UNKNOWN	166	G	0.663990955342	A	0.216167326173	1912	581	5873	479	8845	116137
UNKNOWN	167	C	0.886489542114	T	0.0463538722442	239	7841	355	410	8845	116137
UNKNOWN	168	A	0.969700395704	G	0.0222724703222	8577	44	197	27	8845	116137
UNKNOWN	169	C	0.969926512154	T	0.0167326172979	85	8579	33	148	8845	116137
UNKNOWN	170	A	0.987450537027	G	0.008027133974	8734	20	71	20	8845	116137
UNKNOWN	171	G	0.945279819107	A	0.0331260599209	293	116	8361	75	8845	116137
UNKNOWN	172	G	0.653024307518	A	0.275862068966	2440	259	5776	370	8845	116137
UNKNOWN	173	C	0.948106274731	G	0.0367439231204	55	8386	325	79	8845	116137
UNKNOWN	174	T	0.976144714528	C	0.0141322781232	49	125	37	8634	8845	116137
UNKNOWN	175	A	0.986319954777	T	0.00520067834935	8724	35	40	46	8845	116137
UNKNOWN	176	T	0.978066704353	C	0.0174109666478	27	154	13	8651	8845	116137
UNKNOWN	177	A	0.96235161108	C	0.0244205765969	8512	216	97	20	8845	116137
UNKNOWN	178	A	0.975692481628	C	0.0167326172979	8630	148	53	14	8845	116137
UNKNOWN	179	C	0.902543810062	T	0.0732617297908	30	7983	184	648	8845	116137
UNKNOWN	180	C	0.95986433013	T	0.0235161107971	41	8490	106	208	8845	116137
UNKNOWN	181	C	0.980893159977	T	0.0114188807236	43	8676	25	101	8845	116137
UNKNOWN	182	A	0.985867721877	G	0.00734878462408	8720	47	65	13	8845	116137
UNKNOWN	183	G	0.970265686829	A	0.0196721311475	174	56	8582	33	8845	116137
UNKNOWN	184	C	0.986998304127	T	0.0072357263991	23	8730	28	64	8845	116137
UNKNOWN	185	C	0.996269078575	T	0.00203504804975	8	8812	7	18	8845	116137
UNKNOWN	186	C	0.993103448276	T	0.00361786319955	12	8784	17	32	8845	116137
UNKNOWN	187	T	0.993442622951	G	0.00327868852459	16	13	29	8787	8845	116137
UNKNOWN	188	G	0.985528547202	A	0.0114188807236	101	5	8717	22	8845	116137
UNKNOWN	189	A	0.987563595252	G	0.00870548332391	8735	24	77	9	8845	116137
UNKNOWN	190	A	0.988468061051	C	0.00610514414924	8743	54	26	22	8845	116137
UNKNOWN	191	A	0.983380440927	C	0.00655737704918	8698	58	46	43	8845	116137
UNKNOWN	192	T	0.989372526851	C	0.00678349349915	11	60	23	8751	8845	116137
UNKNOWN	193	C	0.996495195025	T	0.00124364047484	10	8814	10	11	8845	116137
UNKNOWN	194	C	0.989711701526	T	0.00474844544941	10	8754	39	42	8845	116137
UNKNOWN	195	C	0.994686263426	G	0.00395703787451	6	8798	35	6	8845	116137
UNKNOWN	196	G	0.9963821368	T	0.0015828151498	7	11	8813	14	8845	116137
UNKNOWN	197	G	0.95669869983	A	0.0283776144715	251	67	8462	65	8845	116137
UNKNOWN	198	C	0.991859807801	T	0.00407009609949	22	8773	14	36	8845	116137
UNKNOWN	199	T	0.991972866026	C	0.00486150367439	18	43	10	8774	8845	116137
UNKNOWN	200	C	0.992198982476	A	0.00474844544941	42	8776	16	11	8845	116137
UNKNOWN	201	A	0.987337478802	G	0.00847936687394	8733	33	75	4	8845	116137
UNKNOWN	202	G	0.974448841153	C	0.0153759185981	38	136	8619	52	8845	116137
UNKNOWN	203	C	0.968569813454	T	0.0188807235726	72	8567	39	167	8845	116137
UNKNOWN	204	A	0.985189372527	G	0.00700960994912	8714	22	62	47	8845	116137
UNKNOWN	205	T	0.992198982476	C	0.00486150367439	11	43	15	8776	8845	116137
UNKNOWN	206	C	0.992198982476	A	0.00440927077445	39	8776	2	28	8845	116137
UNKNOWN	207	A	0.988581119276	C	0.00531373657434	8744	47	40	14	8845	116137
UNKNOWN	208	C	0.988468061051	T	0.00553985302431	24	8743	29	49	8845	116137
UNKNOWN	209	C	0.960655737705	A	0.0136800452233	121	8497	119	108	8845	116137
UNKNOWN	210	A	0.983945732052	G	0.0106274731487	8703	45	94	3	8845	116137
UNKNOWN	211	A	0.978179762578	G	0.0198982475975	8652	11	176	6	8845	116137
UNKNOWN	212	G	0.986206896552	A	0.0106274731487	94	21	8723	7	8845	116137
UNKNOWN	213	G	0.982928208027	A	0.0140192198982	124	19	8694	8	8845	116137
UNKNOWN	214	A	0.990163934426	C	0.00621820237422	8758	55	23	9	8845	116137
UNKNOWN	215	C	0.986546071227	T	0.00599208592425	44	8726	22	53	8845	116137
UNKNOWN	216	A	0.988128886376	G	0.00757490107405	8740	28	67	10	8845	116137
UNKNOWN	217	A	0.980667043527	C	0.00927077444884	8674	82	73	16	8845	116137
UNKNOWN	218	C	0.968004522329	T	0.0170717919729	7	8562	125	151	8845	116137
UNKNOWN	219	T	0.988920293951	C	0.00644431882419	18	57	23	8747	8845	116137
UNKNOWN	220	C	0.988807235726	T	0.00678349349915	32	8746	7	60	8845	116137
UNKNOWN	221	C	0.990163934426	A	0.00542679479932	48	8758	16	23	8845	116137
UNKNOWN	222	A	0.988355002826	C	0.00576596947428	8742	51	51	1	8845	116137
UNKNOWN	223	A	0.987224420577	G	0.0107405313737	8732	9	95	9	8845	116137
UNKNOWN	224	G	0.991294516676	A	0.00508762012436	45	22	8768	10	8845	116137
UNKNOWN	225	A	0.988807235726	G	0.00757490107405	8746	29	67	3	8845	116137
UNKNOWN	226	G	0.960203504805	A	0.0269078575466	238	107	8493	7	8845	116137
UNKNOWN	227	C	0.964499717354	T	0.024307518372	41	8531	58	215	8845	116137
UNKNOWN	228	C	0.990842283776	A	0.00508762012436	45	8764	31	5	8845	116137
UNKNOWN	229	A	0.994347088751	G	0.00260033917467	8795	18	23	9	8845	116137
UNKNOWN	230	A	0.979197286603	G	0.0169587337479	8661	20	150	14	8845	116137
UNKNOWN	231	G	0.95986433013	A	0.0232899943471	206	62	8490	87	8845	116137
UNKNOWN	232	T	0.991068400226	C	0.00700960994912	5	62	12	8766	8845	116137
UNKNOWN	233	C	0.973770491803	T	0.0165065008479	10	8613	76	146	8845	116137
UNKNOWN	234	T	0.987337478802	C	0.00667043527417	15	59	38	8733	8845	116137
UNKNOWN	235	C	0.990276992651	T	0.00712266817411	23	8759	0	63	8845	116137
UNKNOWN	236	T	0.980893159977	C	0.0128886376484	14	114	41	8676	8845	116137
UNKNOWN	237	C	0.990616167326	T	0.00565291124929	14	8762	19	50	8845	116137
UNKNOWN	238	T	0.994007914076	A	0.00327868852459	29	18	6	8792	8845	116137
UNKNOWN	239	A	0.866139061617	G	0.115771622386	7661	111	1024	49	8845	116137
UNKNOWN	240	T	0.983832673827	G	0.00599208592425	42	48	53	8702	8845	116137
UNKNOWN	241	C	0.979084228378	T	0.016393442623	38	8660	2	145	8845	116137
UNKNOWN	242	A	0.977162238553	G	0.0116449971735	8643	66	103	33	8845	116137
UNKNOWN	243	C	0.870774448841	G	0.102317693612	74	7702	905	164	8845	116137
UNKNOWN	244	T	0.992651215376	G	0.00440927077445	13	13	39	8780	8845	116137
UNKNOWN	245	G	0.969248162804	A	0.0226116449972	200	27	8573	45	8845	116137
UNKNOWN	246	A	0.980440927077	G	0.0134539287733	8672	47	119	7	8845	116137
UNKNOWN	247	G	0.951837196156	A	0.0249858677219	221	165	8419	40	8845	116137
UNKNOWN	248	C	0.963821368005	T	0.0224985867722	61	8525	60	199	8845	116137
UNKNOWN	249	A	0.984850197852	G	0.0100621820237	8711	44	89	1	8845	116137
UNKNOWN	250	G	0.986885245902	C	0.00768795929904	34	68	8729	14	8845	116137
UNKNOWN	251	C	0.969926512154	T	0.0229508196721	10	8579	53	203	8845	116137
UNKNOWN	252	G	0.986433013002	A	0.00633126059921	56	15	8725	49	8845	116137
UNKNOWN	253	T	0.986319954777	C	0.0072357263991	11	64	46	8724	8845	116137
UNKNOWN	254	G	0.942227247032	A	0.0411531938949	364	76	8334	71	8845	116137
UNKNOWN	255	A	0.979423403053	G	0.0116449971735	8663	38	103	41	8845	116137
UNKNOWN	256	C	0.986093838327	A	0.00644431882419	57	8722	30	36	8845	116137
UNKNOWN	257	A	0.954663651781	G	0.0366308648954	8444	45	324	32	8845	116137
UNKNOWN	258	A	0.87981910684	C	0.101300169587	7782	896	124	43	8845	116137
UNKNOWN	259	C	0.956811758055	G	0.0203504804975	42	8463	180	160	8845	116137
UNKNOWN	260	T	0.977727529678	C	0.00972300734878	27	86	84	8648	8845	116137
UNKNOWN	261	G	0.990163934426	A	0.00644431882419	57	9	8758	21	8845	116137
UNKNOWN	262	A	0.987563595252	G	0.00700960994912	8735	30	62	18	8845	116137
UNKNOWN	263	G	0.95647258338	A	0.024307518372	215	127	8460	43	8845	116137
UNKNOWN	264	G	0.987902769927	A	0.00734878462408	65	16	8738	26	8845	116137
UNKNOWN	265	A	0.987450537027	C	0.00847936687394	8734	75	25	11	8845	116137
UNKNOWN	266	C	0.981458451102	T	0.0088185415489	60	8681	26	78	8845	116137
UNKNOWN	267	A	0.977953646128	G	0.00915771622386	8650	40	81	74	8845	116137
UNKNOWN	268	C	0.986206896552	G	0.0096099491238	20	8723	85	17	8845	116137
UNKNOWN	269	G	0.973318258903	A	0.0191068400226	169	40	8609	27	8845	116137
UNKNOWN	270	G	0.990163934426	C	0.00474844544941	20	42	8758	25	8845	116137
UNKNOWN	271	C	0.992085924251	A	0.00452232899943	40	8775	23	7	8845	116137
UNKNOWN	272	C	0.988807235726	A	0.00644431882419	57	8746	13	29	8845	116137
UNKNOWN	273	A	0.989598643301	G	0.00497456189938	8753	31	44	17	8845	116137
UNKNOWN	274	C	0.985302430752	T	0.00587902769927	50	8715	28	52	8845	116137
UNKNOWN	275	A	0.966873940079	G	0.0191068400226	8552	67	169	57	8845	116137
UNKNOWN	276	T	0.988694177501	C	0.00407009609949	35	36	29	8745	8845	116137
UNKNOWN	277	A	0.987337478802	C	0.00565291124929	8733	50	23	39	8845	116137
UNKNOWN	278	C	0.954889768231	T	0.0417184850198	22	8446	8	369	8845	116137
UNKNOWN	279	T	0.981910684002	C	0.00870548332391	43	77	40	8685	8845	116137
UNKNOWN	280	A	0.976031656303	T	0.0119841718485	8633	60	46	106	8845	116137
UNKNOWN	281	C	0.965404183154	T	0.0307518371962	8	8539	26	272	8845	116137
UNKNOWN	282	T	0.986998304127	G	0.0106274731487	11	10	94	8730	8845	116137
