Type	Position	Nucl1	Freq1	Nucl2	Freq2	NumAs	NumCs	NumGs	NumTs	NumAligned	NumNaive
UNKNOWN	0	C	1.0	A	0.0	0	2845	0	0	2845	124606
UNKNOWN	1	A	1.0	C	0.0	2845	0	0	0	2845	124606
UNKNOWN	2	G	1.0	A	0.0	0	0	2845	0	2845	124606
UNKNOWN	3	G	1.0	A	0.0	0	0	2845	0	2845	124606
UNKNOWN	4	T	1.0	A	0.0	0	0	0	2845	2845	124606
UNKNOWN	5	G	1.0	A	0.0	0	0	2845	0	2845	124606
UNKNOWN	6	C	1.0	A	0.0	0	2845	0	0	2845	124606
UNKNOWN	7	A	0.998594024605	G	0.00140597539543	2841	0	4	0	2845	124606
UNKNOWN	8	G	0.994727592267	A	0.00492091388401	14	1	2830	0	2845	124606
UNKNOWN	9	C	0.998945518453	T	0.000702987697715	0	2842	1	2	2845	124606
UNKNOWN	10	T	0.998945518453	C	0.00105448154657	0	3	0	2842	2845	124606
UNKNOWN	11	G	0.993673110721	A	0.00597539543058	17	1	2827	0	2845	124606
UNKNOWN	12	C	0.999297012302	T	0.000351493848858	0	2843	1	1	2845	124606
UNKNOWN	13	G	0.999297012302	A	0.000702987697715	2	0	2843	0	2845	124606
UNKNOWN	14	G	0.95992970123	C	0.0390158172232	3	111	2731	0	2845	124606
UNKNOWN	15	G	0.999648506151	A	0.000351493848858	1	0	2844	0	2845	124606
UNKNOWN	16	A	0.998242530756	G	0.00175746924429	2840	0	5	0	2845	124606
UNKNOWN	17	G	0.998594024605	A	0.00105448154657	3	1	2841	0	2845	124606
UNKNOWN	18	T	0.997539543058	C	0.00210896309315	0	6	1	2838	2845	124606
UNKNOWN	19	C	0.999297012302	A	0.000351493848858	1	2843	0	1	2845	124606
UNKNOWN	20	G	0.891036906854	A	0.108963093146	310	0	2535	0	2845	124606
UNKNOWN	21	G	0.999297012302	A	0.000351493848858	1	0	2843	1	2845	124606
UNKNOWN	22	G	0.999648506151	A	0.000351493848858	1	0	2844	0	2845	124606
UNKNOWN	23	C	0.998242530756	G	0.00105448154657	1	2840	3	1	2845	124606
UNKNOWN	24	C	0.998242530756	T	0.00175746924429	0	2840	0	5	2845	124606
UNKNOWN	25	C	0.998242530756	T	0.00175746924429	0	2840	0	5	2845	124606
UNKNOWN	26	C	0.998242530756	A	0.00105448154657	3	2840	0	2	2845	124606
UNKNOWN	27	A	0.996485061511	G	0.00281195079086	2835	2	8	0	2845	124606
UNKNOWN	28	G	0.977855887522	A	0.0207381370826	59	4	2782	0	2845	124606
UNKNOWN	29	C	0.997539543058	T	0.002460456942	0	2838	0	7	2845	124606
UNKNOWN	30	C	0.998594024605	T	0.00105448154657	1	2841	0	3	2845	124606
UNKNOWN	31	T	0.997891036907	C	0.00105448154657	0	3	3	2839	2845	124606
UNKNOWN	32	G	0.995782073814	A	0.002460456942	7	3	2833	2	2845	124606
UNKNOWN	33	G	0.997188049209	C	0.00210896309315	0	6	2837	2	2845	124606
UNKNOWN	34	T	0.996485061511	C	0.00281195079086	0	8	2	2835	2845	124606
UNKNOWN	35	G	0.998242530756	A	0.00175746924429	5	0	2840	0	2845	124606
UNKNOWN	36	A	0.996133567663	G	0.00351493848858	2834	0	10	1	2845	124606
UNKNOWN	37	A	0.992970123023	G	0.00421792618629	2825	2	12	6	2845	124606
UNKNOWN	38	G	0.99683655536	T	0.00140597539543	2	3	2836	4	2845	124606
UNKNOWN	39	C	0.997188049209	G	0.00175746924429	0	2837	5	3	2845	124606
UNKNOWN	40	C	0.999648506151	T	0.000351493848858	0	2844	0	1	2845	124606
UNKNOWN	41	C	0.997188049209	A	0.00140597539543	4	2837	1	3	2845	124606
UNKNOWN	42	T	0.996485061511	C	0.00351493848858	0	10	0	2835	2845	124606
UNKNOWN	43	C	0.998594024605	A	0.00105448154657	3	2841	0	1	2845	124606
UNKNOWN	44	A	0.997188049209	G	0.00175746924429	2837	3	5	0	2845	124606
UNKNOWN	45	C	0.998242530756	A	0.00105448154657	3	2840	0	2	2845	124606
UNKNOWN	46	A	0.997891036907	G	0.00210896309315	2839	0	6	0	2845	124606
UNKNOWN	47	G	0.997539543058	A	0.00210896309315	6	1	2838	0	2845	124606
UNKNOWN	48	A	0.995430579965	G	0.002460456942	2832	4	7	2	2845	124606
UNKNOWN	49	C	0.998945518453	T	0.00105448154657	0	2842	0	3	2845	124606
UNKNOWN	50	C	0.999648506151	T	0.000351493848858	0	2844	0	1	2845	124606
UNKNOWN	51	C	0.998242530756	T	0.00105448154657	0	2840	2	3	2845	124606
UNKNOWN	52	T	0.996485061511	C	0.00351493848858	0	10	0	2835	2845	124606
UNKNOWN	53	C	0.998242530756	T	0.00105448154657	0	2840	2	3	2845	124606
UNKNOWN	54	T	0.994376098418	A	0.002460456942	7	7	2	2829	2845	124606
UNKNOWN	55	C	0.998594024605	A	0.000702987697715	2	2841	0	2	2845	124606
UNKNOWN	56	C	0.998594024605	T	0.00105448154657	0	2841	1	3	2845	124606
UNKNOWN	57	C	0.998594024605	T	0.00105448154657	1	2841	0	3	2845	124606
UNKNOWN	58	T	0.997539543058	C	0.002460456942	0	7	0	2838	2845	124606
UNKNOWN	59	C	0.998594024605	A	0.00105448154657	3	2841	0	1	2845	124606
UNKNOWN	60	A	0.997539543058	C	0.00140597539543	2838	4	2	1	2845	124606
UNKNOWN	61	C	0.998242530756	T	0.00105448154657	1	2840	1	3	2845	124606
UNKNOWN	62	C	0.996133567663	T	0.00281195079086	1	2834	2	8	2845	124606
UNKNOWN	63	T	0.99683655536	C	0.00210896309315	0	6	3	2836	2845	124606
UNKNOWN	64	G	0.998594024605	C	0.00105448154657	1	3	2841	0	2845	124606
UNKNOWN	65	C	0.996133567663	T	0.00281195079086	3	2834	0	8	2845	124606
UNKNOWN	66	A	0.995079086116	G	0.002460456942	2831	5	7	2	2845	124606
UNKNOWN	67	C	0.997891036907	G	0.00140597539543	1	2839	4	1	2845	124606
UNKNOWN	68	G	0.996485061511	A	0.00175746924429	5	5	2835	0	2845	124606
UNKNOWN	69	G	0.887873462214	A	0.108260105448	308	5	2526	6	2845	124606
UNKNOWN	70	T	0.886467486819	C	0.112478031634	1	320	2	2522	2845	124606
UNKNOWN	71	C	0.991212653779	G	0.00492091388401	0	2820	14	11	2845	124606
UNKNOWN	72	T	0.996133567663	C	0.002460456942	0	7	4	2834	2845	124606
UNKNOWN	73	C	0.998242530756	T	0.00140597539543	1	2840	0	4	2845	124606
UNKNOWN	74	T	0.993673110721	G	0.00316344463972	4	5	9	2827	2845	124606
UNKNOWN	75	G	0.996133567663	A	0.00316344463972	9	2	2834	0	2845	124606
UNKNOWN	76	G	0.994024604569	A	0.00562390158172	16	1	2828	0	2845	124606
UNKNOWN	77	A	0.994376098418	C	0.00316344463972	2829	9	3	4	2845	124606
UNKNOWN	78	T	0.903690685413	C	0.0527240773286	5	150	119	2571	2845	124606
UNKNOWN	79	T	0.9539543058	G	0.0312829525483	6	36	89	2714	2845	124606
UNKNOWN	80	C	0.987346221441	T	0.00808435852373	1	2809	12	23	2845	124606
UNKNOWN	81	T	0.997188049209	C	0.002460456942	0	7	1	2837	2845	124606
UNKNOWN	82	C	0.996485061511	A	0.00175746924429	5	2835	1	4	2845	124606
UNKNOWN	83	A	0.994727592267	T	0.002460456942	2830	2	6	7	2845	124606
UNKNOWN	84	T	0.88295254833	C	0.115992970123	1	330	2	2512	2845	124606
UNKNOWN	85	T	0.997539543058	G	0.00140597539543	0	3	4	2838	2845	124606
UNKNOWN	86	G	0.990158172232	A	0.00984182776801	28	0	2817	0	2845	124606
UNKNOWN	87	A	0.994376098418	G	0.00316344463972	2829	1	9	6	2845	124606
UNKNOWN	88	G	0.969068541301	A	0.014762741652	42	41	2757	5	2845	124606
UNKNOWN	89	C	0.969771528998	T	0.0214411247803	10	2759	15	61	2845	124606
UNKNOWN	90	A	0.982073813708	G	0.0161687170475	2794	4	46	1	2845	124606
UNKNOWN	91	G	0.93848857645	A	0.0284710017575	81	64	2670	30	2845	124606
UNKNOWN	92	C	0.982073813708	T	0.0112478031634	10	2794	9	32	2845	124606
UNKNOWN	93	T	0.519507908612	A	0.442530755712	1259	30	78	1478	2845	124606
UNKNOWN	94	A	0.964147627417	G	0.0193321616872	2743	19	55	28	2845	124606
UNKNOWN	95	T	0.973637961336	G	0.0130052724077	18	20	37	2770	2845	124606
UNKNOWN	96	G	0.918453427065	A	0.0646748681898	184	25	2613	23	2845	124606
UNKNOWN	97	C	0.495957820738	G	0.381722319859	278	1411	1086	70	2845	124606
UNKNOWN	98	T	0.991915641476	G	0.00351493848858	6	7	10	2822	2845	124606
UNKNOWN	99	G	0.988400702988	A	0.00773286467487	22	5	2812	6	2845	124606
UNKNOWN	100	T	0.992618629174	C	0.00597539543058	4	17	0	2824	2845	124606
UNKNOWN	101	A	0.979261862917	G	0.0101933216169	2786	17	29	13	2845	124606
UNKNOWN	102	G	0.734973637961	A	0.255184534271	726	24	2091	4	2845	124606
UNKNOWN	103	G	0.699472759227	T	0.194024604569	239	64	1990	552	2845	124606
UNKNOWN	104	C	0.988400702988	G	0.00562390158172	7	2812	16	10	2845	124606
UNKNOWN	105	T	0.997188049209	G	0.00210896309315	0	2	6	2837	2845	124606
UNKNOWN	106	G	0.997891036907	A	0.00105448154657	3	1	2839	2	2845	124606
UNKNOWN	107	G	0.997891036907	A	0.00140597539543	4	2	2839	0	2845	124606
UNKNOWN	108	G	0.985940246046	A	0.00984182776801	28	1	2805	11	2845	124606
UNKNOWN	109	T	0.99683655536	C	0.00281195079086	0	8	1	2836	2845	124606
UNKNOWN	110	C	0.997539543058	T	0.00175746924429	2	2838	0	5	2845	124606
UNKNOWN	111	C	0.997891036907	G	0.00175746924429	1	2839	5	0	2845	124606
UNKNOWN	112	G	0.997539543058	C	0.00175746924429	2	5	2838	0	2845	124606
UNKNOWN	113	C	0.996485061511	T	0.00316344463972	1	2835	0	9	2845	124606
UNKNOWN	114	C	0.99683655536	A	0.002460456942	7	2836	0	2	2845	124606
UNKNOWN	115	A	0.996133567663	G	0.00316344463972	2834	2	9	0	2845	124606
UNKNOWN	116	G	0.998594024605	T	0.00140597539543	0	0	2841	4	2845	124606
UNKNOWN	117	G	0.993673110721	A	0.00421792618629	12	6	2827	0	2845	124606
UNKNOWN	118	C	0.99086115993	T	0.00738137082601	2	2819	3	21	2845	124606
UNKNOWN	119	T	0.995079086116	C	0.00316344463972	0	9	5	2831	2845	124606
UNKNOWN	120	C	0.997539543058	G	0.00175746924429	2	2838	5	0	2845	124606
UNKNOWN	121	C	0.997891036907	G	0.00140597539543	2	2839	4	0	2845	124606
UNKNOWN	122	A	0.765202108963	G	0.231634446397	2177	8	659	1	2845	124606
UNKNOWN	123	G	1.0	A	0.0	0	0	2845	0	2845	124606
UNKNOWN	124	G	0.991915641476	A	0.00773286467487	22	0	2822	1	2845	124606
UNKNOWN	125	G	0.806326889279	A	0.186291739895	530	1	2294	20	2845	124606
UNKNOWN	126	A	0.997539543058	G	0.00210896309315	2838	1	6	0	2845	124606
UNKNOWN	127	A	0.994376098418	G	0.00492091388401	2829	2	14	0	2845	124606
UNKNOWN	128	G	0.999297012302	T	0.000702987697715	0	0	2843	2	2845	124606
UNKNOWN	129	G	0.994024604569	A	0.00281195079086	8	8	2828	1	2845	124606
UNKNOWN	130	C	0.994376098418	T	0.00281195079086	2	2829	6	8	2845	124606
UNKNOWN	131	G	0.914235500879	A	0.0833040421793	237	7	2601	0	2845	124606
UNKNOWN	132	C	0.995079086116	T	0.00456942003515	1	2831	0	13	2845	124606
UNKNOWN	133	T	0.993673110721	C	0.00421792618629	0	12	6	2827	2845	124606
UNKNOWN	134	G	0.991212653779	A	0.00808435852373	23	0	2820	2	2845	124606
UNKNOWN	135	G	0.997188049209	A	0.002460456942	7	1	2837	0	2845	124606
UNKNOWN	136	A	0.995430579965	G	0.00351493848858	2832	2	10	1	2845	124606
UNKNOWN	137	G	0.986994727592	A	0.00878734622144	25	4	2808	8	2845	124606
UNKNOWN	138	T	0.997539543058	G	0.00210896309315	0	1	6	2838	2845	124606
UNKNOWN	139	G	0.997539543058	T	0.00140597539543	3	0	2838	4	2845	124606
UNKNOWN	140	G	0.994024604569	C	0.00281195079086	1	8	2828	8	2845	124606
UNKNOWN	141	G	0.955008787346	A	0.031985940246	91	29	2717	8	2845	124606
UNKNOWN	142	T	0.995782073814	C	0.00351493848858	1	10	1	2833	2845	124606
UNKNOWN	143	T	0.979613356766	C	0.0091388400703	6	26	26	2787	2845	124606
UNKNOWN	144	G	0.994024604569	A	0.00527240773286	15	1	2828	1	2845	124606
UNKNOWN	145	G	0.981019332162	C	0.0133567662566	2	38	2791	14	2845	124606
UNKNOWN	146	T	0.982073813708	A	0.00843585237258	24	11	16	2794	2845	124606
UNKNOWN	147	G	0.843936731107	A	0.125834797891	358	21	2401	65	2845	124606
UNKNOWN	148	G	0.838664323374	A	0.106502636204	303	109	2386	47	2845	124606
UNKNOWN	149	T	0.960281195079	A	0.022144112478	63	24	26	2732	2845	124606
UNKNOWN	150	A	0.954305799649	G	0.0421792618629	2715	1	120	9	2845	124606
UNKNOWN	151	T	0.99086115993	C	0.00562390158172	10	16	0	2819	2845	124606
UNKNOWN	152	A	0.962741652021	G	0.0217926186292	2739	11	62	33	2845	124606
UNKNOWN	153	G	0.865729349736	A	0.074165202109	211	132	2463	39	2845	124606
UNKNOWN	154	A	0.931458699473	G	0.0488576449912	2650	35	139	21	2845	124606
UNKNOWN	155	T	0.890685413005	G	0.0421792618629	77	114	120	2534	2845	124606
UNKNOWN	156	A	0.825307557118	G	0.11704745167	2348	77	333	87	2845	124606
UNKNOWN	157	A	0.811950790861	G	0.137434094903	2310	60	391	84	2845	124606
UNKNOWN	158	T	0.961687170475	G	0.0179261862917	32	26	51	2736	2845	124606
UNKNOWN	159	G	0.902636203866	A	0.0664323374341	189	24	2568	64	2845	124606
UNKNOWN	160	A	0.917750439367	G	0.0488576449912	2611	71	139	24	2845	124606
UNKNOWN	161	T	0.977152899824	G	0.0105448154657	16	19	30	2780	2845	124606
UNKNOWN	162	G	0.993673110721	A	0.00527240773286	15	1	2827	2	2845	124606
UNKNOWN	163	G	0.971177504394	A	0.0179261862917	51	14	2763	17	2845	124606
UNKNOWN	164	A	0.976098418278	G	0.0189806678383	2777	11	54	3	2845	124606
UNKNOWN	165	G	0.592267135325	T	0.215817223199	473	73	1685	614	2845	124606
UNKNOWN	166	A	0.865026362039	G	0.098769771529	2461	63	281	40	2845	124606
UNKNOWN	167	C	0.895957820738	G	0.0734622144112	39	2549	209	48	2845	124606
UNKNOWN	168	A	0.98453427065	G	0.00843585237258	2801	18	24	2	2845	124606
UNKNOWN	169	C	0.969771528998	T	0.0140597539543	23	2759	23	40	2845	124606
UNKNOWN	170	A	0.986291739895	T	0.00597539543058	2806	10	12	17	2845	124606
UNKNOWN	171	T	0.731458699473	A	0.204920913884	583	52	129	2081	2845	124606
UNKNOWN	172	A	0.660105448155	G	0.293145869947	1878	92	834	41	2845	124606
UNKNOWN	173	C	0.828119507909	G	0.109666080844	118	2356	312	59	2845	124606
UNKNOWN	174	T	0.994024604569	A	0.00281195079086	8	7	2	2828	2845	124606
UNKNOWN	175	A	0.98453427065	T	0.00843585237258	2801	10	10	24	2845	124606
UNKNOWN	176	T	0.98453427065	C	0.01230228471	8	35	1	2801	2845	124606
UNKNOWN	177	A	0.992267135325	C	0.00386643233743	2823	11	11	0	2845	124606
UNKNOWN	178	A	0.991564147627	C	0.00456942003515	2821	13	10	1	2845	124606
UNKNOWN	179	C	0.920562390158	T	0.0745166959578	0	2619	14	212	2845	124606
UNKNOWN	180	C	0.963444639719	T	0.0189806678383	20	2741	30	54	2845	124606
UNKNOWN	181	C	0.982776801406	A	0.00632688927944	18	2796	13	18	2845	124606
UNKNOWN	182	A	0.98453427065	G	0.00878734622144	2801	13	25	6	2845	124606
UNKNOWN	183	G	0.977855887522	A	0.017223198594	49	14	2782	0	2845	124606
UNKNOWN	184	C	0.98453427065	T	0.00843585237258	8	2801	12	24	2845	124606
UNKNOWN	185	C	0.998594024605	T	0.00105448154657	1	2841	0	3	2845	124606
UNKNOWN	186	C	0.996485061511	T	0.00351493848858	0	2835	0	10	2845	124606
UNKNOWN	187	T	0.996133567663	G	0.00281195079086	1	2	8	2834	2845	124606
UNKNOWN	188	G	0.988752196837	A	0.00773286467487	22	2	2813	8	2845	124606
UNKNOWN	189	A	0.991564147627	G	0.00597539543058	2821	7	17	0	2845	124606
UNKNOWN	190	A	0.98769771529	G	0.00632688927944	2810	16	18	1	2845	124606
UNKNOWN	191	A	0.993321616872	T	0.00316344463972	2826	4	6	9	2845	124606
UNKNOWN	192	T	0.994727592267	C	0.00386643233743	2	11	2	2830	2845	124606
UNKNOWN	193	C	0.998945518453	T	0.000702987697715	1	2842	0	2	2845	124606
UNKNOWN	194	C	0.995079086116	T	0.00281195079086	6	2831	0	8	2845	124606
UNKNOWN	195	C	0.996133567663	G	0.00316344463972	2	2834	9	0	2845	124606
UNKNOWN	196	G	0.997188049209	A	0.00210896309315	6	0	2837	2	2845	124606
UNKNOWN	197	G	0.954305799649	A	0.0355008787346	101	24	2715	5	2845	124606
UNKNOWN	198	C	0.988752196837	G	0.00597539543058	4	2813	17	11	2845	124606
UNKNOWN	199	T	0.993321616872	C	0.00597539543058	1	17	1	2826	2845	124606
UNKNOWN	200	C	0.978207381371	G	0.0179261862917	9	2783	51	2	2845	124606
UNKNOWN	201	A	0.990509666081	G	0.00773286467487	2818	5	22	0	2845	124606
UNKNOWN	202	G	0.968014059754	C	0.0231985940246	20	66	2754	5	2845	124606
UNKNOWN	203	C	0.977855887522	T	0.01230228471	20	2782	8	35	2845	124606
UNKNOWN	204	A	0.978910369069	G	0.0108963093146	2785	9	31	20	2845	124606
UNKNOWN	205	T	0.995079086116	C	0.00456942003515	0	13	1	2831	2845	124606
UNKNOWN	206	C	0.994024604569	A	0.00386643233743	11	2828	0	6	2845	124606
UNKNOWN	207	A	0.990509666081	G	0.00527240773286	2818	11	15	1	2845	124606
UNKNOWN	208	C	0.993321616872	G	0.00492091388401	0	2826	14	5	2845	124606
UNKNOWN	209	C	0.966959578207	T	0.0228471001757	13	2751	16	65	2845	124606
UNKNOWN	210	A	0.991564147627	C	0.00351493848858	2821	10	10	4	2845	124606
UNKNOWN	211	A	0.965553602812	G	0.0267135325132	2747	15	76	7	2845	124606
UNKNOWN	212	G	0.994727592267	A	0.00281195079086	8	4	2830	3	2845	124606
UNKNOWN	213	G	0.991564147627	A	0.00702987697715	20	1	2821	3	2845	124606
UNKNOWN	214	A	0.990509666081	C	0.0066783831283	2818	19	4	4	2845	124606
UNKNOWN	215	C	0.987346221441	A	0.00562390158172	16	2809	5	15	2845	124606
UNKNOWN	216	A	0.993321616872	G	0.00492091388401	2826	5	14	0	2845	124606
UNKNOWN	217	A	0.97223198594	C	0.0179261862917	2766	51	15	13	2845	124606
UNKNOWN	218	C	0.983128295255	T	0.0108963093146	2	2797	15	31	2845	124606
UNKNOWN	219	T	0.992970123023	C	0.00456942003515	2	13	5	2825	2845	124606
UNKNOWN	220	C	0.997539543058	A	0.00175746924429	5	2838	0	2	2845	124606
UNKNOWN	221	C	0.992267135325	A	0.00386643233743	11	2823	5	6	2845	124606
UNKNOWN	222	A	0.989806678383	G	0.00702987697715	2816	9	20	0	2845	124606
UNKNOWN	223	A	0.986291739895	G	0.0119507908612	2806	4	34	1	2845	124606
UNKNOWN	224	G	0.991564147627	A	0.00597539543058	17	5	2821	2	2845	124606
UNKNOWN	225	A	0.991564147627	G	0.00632688927944	2821	6	18	0	2845	124606
UNKNOWN	226	G	0.967662565905	A	0.0210896309315	60	29	2753	3	2845	124606
UNKNOWN	227	C	0.979613356766	T	0.0161687170475	7	2787	5	46	2845	124606
UNKNOWN	228	C	0.98769771529	A	0.00632688927944	18	2810	13	4	2845	124606
UNKNOWN	229	A	0.99683655536	C	0.00105448154657	2836	3	3	3	2845	124606
UNKNOWN	230	A	0.97539543058	G	0.0231985940246	2775	3	66	1	2845	124606
UNKNOWN	231	G	0.979964850615	A	0.0108963093146	31	3	2788	23	2845	124606
UNKNOWN	232	T	0.994024604569	C	0.00562390158172	1	16	0	2828	2845	124606
UNKNOWN	233	C	0.980667838313	T	0.0119507908612	1	2790	20	34	2845	124606
UNKNOWN	234	T	0.989103690685	C	0.00773286467487	0	22	9	2814	2845	124606
UNKNOWN	235	C	0.992970123023	T	0.00632688927944	2	2825	0	18	2845	124606
UNKNOWN	236	T	0.986291739895	C	0.00843585237258	2	24	13	2806	2845	124606
UNKNOWN	237	C	0.993321616872	T	0.00456942003515	3	2826	3	13	2845	124606
UNKNOWN	238	T	0.993673110721	G	0.00492091388401	0	4	14	2827	2845	124606
UNKNOWN	239	G	0.953251318102	A	0.0379613356766	108	7	2712	18	2845	124606
UNKNOWN	240	T	0.988400702988	C	0.0066783831283	4	19	10	2812	2845	124606
UNKNOWN	241	C	0.98453427065	T	0.0091388400703	17	2801	1	26	2845	124606
UNKNOWN	242	A	0.971528998243	G	0.0126537785589	2764	16	36	29	2845	124606
UNKNOWN	243	G	0.914938488576	C	0.0502636203866	67	143	2603	32	2845	124606
UNKNOWN	244	T	0.991915641476	G	0.00562390158172	0	7	16	2822	2845	124606
UNKNOWN	245	G	0.979613356766	A	0.0140597539543	40	10	2787	8	2845	124606
UNKNOWN	246	A	0.970826010545	G	0.0158172231986	2762	37	45	1	2845	124606
UNKNOWN	247	G	0.957469244288	A	0.0253075571178	72	43	2724	6	2845	124606
UNKNOWN	248	C	0.983831282953	A	0.0066783831283	19	2799	10	17	2845	124606
UNKNOWN	249	A	0.986994727592	G	0.0108963093146	2808	4	31	2	2845	124606
UNKNOWN	250	G	0.979261862917	C	0.0105448154657	25	30	2786	4	2845	124606
UNKNOWN	251	C	0.988049209139	T	0.00632688927944	2	2811	14	18	2845	124606
UNKNOWN	252	G	0.985940246046	A	0.00562390158172	16	11	2805	13	2845	124606
UNKNOWN	253	T	0.99086115993	G	0.00492091388401	2	10	14	2819	2845	124606
UNKNOWN	254	G	0.982776801406	A	0.0133567662566	38	8	2796	3	2845	124606
UNKNOWN	255	A	0.98769771529	G	0.00527240773286	2810	14	15	6	2845	124606
UNKNOWN	256	C	0.986291739895	A	0.00843585237258	24	2806	4	11	2845	124606
UNKNOWN	257	A	0.975746924429	G	0.0182776801406	2776	17	52	0	2845	124606
UNKNOWN	258	C	0.662917398946	A	0.320562390158	912	1886	32	15	2845	124606
UNKNOWN	259	C	0.979964850615	T	0.0105448154657	2	2788	25	30	2845	124606
UNKNOWN	260	T	0.982073813708	G	0.0091388400703	4	21	26	2794	2845	124606
UNKNOWN	261	G	0.989103690685	A	0.0066783831283	19	5	2814	7	2845	124606
UNKNOWN	262	A	0.983479789104	G	0.0115992970123	2798	9	33	5	2845	124606
UNKNOWN	263	G	0.970123022847	A	0.0189806678383	54	23	2760	8	2845	124606
UNKNOWN	264	G	0.985940246046	A	0.00773286467487	22	7	2805	11	2845	124606
UNKNOWN	265	A	0.988049209139	C	0.00632688927944	2811	18	8	8	2845	124606
UNKNOWN	266	C	0.981722319859	A	0.00843585237258	24	2793	4	24	2845	124606
UNKNOWN	267	A	0.981722319859	G	0.0066783831283	2793	15	19	18	2845	124606
UNKNOWN	268	C	0.99086115993	G	0.00562390158172	9	2819	16	1	2845	124606
UNKNOWN	269	G	0.933919156415	A	0.0597539543058	170	6	2657	12	2845	124606
UNKNOWN	270	G	0.988049209139	C	0.00456942003515	12	13	2811	9	2845	124606
UNKNOWN	271	C	0.989455184534	A	0.00492091388401	14	2815	8	8	2845	124606
UNKNOWN	272	C	0.989103690685	A	0.00597539543058	17	2814	5	9	2845	124606
UNKNOWN	273	A	0.991212653779	C	0.00492091388401	2820	14	8	3	2845	124606
UNKNOWN	274	C	0.984182776801	A	0.00984182776801	28	2800	6	11	2845	124606
UNKNOWN	275	A	0.976801405975	G	0.0112478031634	2779	12	32	22	2845	124606
UNKNOWN	276	T	0.991212653779	A	0.00562390158172	16	1	8	2820	2845	124606
UNKNOWN	277	A	0.986994727592	C	0.00878734622144	2808	25	10	2	2845	124606
UNKNOWN	278	C	0.916344463972	T	0.0808435852373	2	2607	6	230	2845	124606
UNKNOWN	279	T	0.986994727592	A	0.00562390158172	16	8	13	2808	2845	124606
UNKNOWN	280	A	0.978910369069	C	0.0115992970123	2785	33	10	17	2845	124606
UNKNOWN	281	C	0.974340949033	T	0.0228471001757	3	2772	5	65	2845	124606
UNKNOWN	282	T	0.988752196837	G	0.00843585237258	7	1	24	2813	2845	124606
