Type	Position	Nucl1	Freq1	Nucl2	Freq2	NumAs	NumCs	NumGs	NumTs	NumAligned	NumNaive
UNKNOWN	0	C	1.0	A	0.0	0	6271	0	0	6271	162932
UNKNOWN	1	A	1.0	C	0.0	6271	0	0	0	6271	162932
UNKNOWN	2	G	1.0	A	0.0	0	0	6271	0	6271	162932
UNKNOWN	3	G	1.0	A	0.0	0	0	6271	0	6271	162932
UNKNOWN	4	T	1.0	A	0.0	0	0	0	6271	6271	162932
UNKNOWN	5	G	1.0	A	0.0	0	0	6271	0	6271	162932
UNKNOWN	6	C	1.0	A	0.0	0	6271	0	0	6271	162932
UNKNOWN	7	A	0.993302503588	T	0.0036676766066	6229	0	19	23	6271	162932
UNKNOWN	8	G	0.989953755382	A	0.0086110668155	54	8	6208	1	6271	162932
UNKNOWN	9	C	0.990751076383	T	0.00829213841493	2	6213	4	52	6271	162932
UNKNOWN	10	T	0.999202678999	C	0.000797321001435	0	5	0	6266	6271	162932
UNKNOWN	11	G	0.998883750598	A	0.000797321001435	5	1	6264	1	6271	162932
UNKNOWN	12	C	0.998405357997	T	0.00143517780258	1	6261	0	9	6271	162932
UNKNOWN	13	G	0.995535002392	A	0.00223249880402	14	5	6243	9	6271	162932
UNKNOWN	14	G	0.987242863977	C	0.0110030298198	3	69	6191	8	6271	162932
UNKNOWN	15	G	0.999043214798	C	0.000637856801148	1	4	6265	1	6271	162932
UNKNOWN	16	A	0.996013394993	G	0.00334874820603	6246	2	21	2	6271	162932
UNKNOWN	17	G	0.985648221974	A	0.0118003508212	74	12	6181	4	6271	162932
UNKNOWN	18	T	0.995375538192	G	0.00382714080689	0	5	24	6242	6271	162932
UNKNOWN	19	C	0.998724286398	T	0.0012757136023	0	6263	0	8	6271	162932
UNKNOWN	20	G	0.995853930793	A	0.00398660500718	25	1	6245	0	6271	162932
UNKNOWN	21	G	0.998086429597	C	0.0012757136023	3	8	6259	1	6271	162932
UNKNOWN	22	G	0.999362143199	A	0.000318928400574	2	2	6267	0	6271	162932
UNKNOWN	23	C	0.998564822197	G	0.00111624940201	0	6262	7	2	6271	162932
UNKNOWN	24	C	0.999362143199	A	0.000478392600861	3	6267	0	1	6271	162932
UNKNOWN	25	C	0.999043214798	A	0.000956785201722	6	6265	0	0	6271	162932
UNKNOWN	26	C	0.999043214798	A	0.000478392600861	3	6265	1	2	6271	162932
UNKNOWN	27	A	0.994099824589	G	0.00558124701005	6234	2	35	0	6271	162932
UNKNOWN	28	G	0.997129644395	A	0.00239196300431	15	3	6253	0	6271	162932
UNKNOWN	29	C	0.998564822197	T	0.0012757136023	0	6262	1	8	6271	162932
UNKNOWN	30	C	0.998405357997	T	0.00143517780258	0	6261	1	9	6271	162932
UNKNOWN	31	T	0.993780896189	G	0.00414606920746	2	11	26	6232	6271	162932
UNKNOWN	32	G	0.994737681391	A	0.00271089140488	17	5	6238	11	6271	162932
UNKNOWN	33	G	0.997129644395	T	0.00175410620316	3	4	6253	11	6271	162932
UNKNOWN	34	T	0.994897145591	G	0.00255142720459	1	15	16	6239	6271	162932
UNKNOWN	35	G	0.99425928879	A	0.00510285440919	32	1	6235	3	6271	162932
UNKNOWN	36	A	0.996651251794	G	0.00159464200287	6250	6	10	5	6271	162932
UNKNOWN	37	A	0.990910540584	G	0.00462446180832	6214	26	29	2	6271	162932
UNKNOWN	38	G	0.997608036996	A	0.00143517780258	9	2	6256	4	6271	162932
UNKNOWN	39	C	0.998883750598	G	0.000797321001435	0	6264	5	2	6271	162932
UNKNOWN	40	C	0.999202678999	G	0.000637856801148	0	6266	4	1	6271	162932
UNKNOWN	41	C	0.998405357997	G	0.00111624940201	1	6261	7	2	6271	162932
UNKNOWN	42	T	0.996651251794	C	0.00271089140488	2	17	2	6250	6271	162932
UNKNOWN	43	C	0.999521607399	A	0.000159464200287	1	6268	1	1	6271	162932
UNKNOWN	44	A	0.997289108595	G	0.00223249880402	6254	2	14	1	6271	162932
UNKNOWN	45	C	0.998883750598	A	0.000478392600861	3	6264	3	1	6271	162932
UNKNOWN	46	A	0.996013394993	G	0.00191357040344	6246	11	12	2	6271	162932
UNKNOWN	47	G	0.996332323393	A	0.00223249880402	14	8	6248	1	6271	162932
UNKNOWN	48	A	0.994897145591	C	0.00271089140488	6239	17	11	4	6271	162932
UNKNOWN	49	C	0.998883750598	T	0.000797321001435	1	6264	1	5	6271	162932
UNKNOWN	50	C	0.995216073991	A	0.00239196300431	15	6241	6	9	6271	162932
UNKNOWN	51	C	0.999521607399	T	0.000478392600861	0	6268	0	3	6271	162932
UNKNOWN	52	T	0.996651251794	C	0.00239196300431	4	15	2	6250	6271	162932
UNKNOWN	53	C	0.99425928879	G	0.0049433902089	1	6235	31	4	6271	162932
UNKNOWN	54	T	0.996651251794	C	0.00287035560517	1	18	2	6250	6271	162932
UNKNOWN	55	C	0.996970180195	T	0.00159464200287	9	6252	0	10	6271	162932
UNKNOWN	56	C	0.989634826981	T	0.00781374581406	3	6206	13	49	6271	162932
UNKNOWN	57	C	0.99425928879	G	0.00446499760804	0	6235	28	8	6271	162932
UNKNOWN	58	T	0.998405357997	C	0.000956785201722	3	6	1	6261	6271	162932
UNKNOWN	59	C	0.994897145591	A	0.00382714080689	24	6239	0	8	6271	162932
UNKNOWN	60	A	0.99457821719	G	0.00318928400574	6237	9	20	5	6271	162932
UNKNOWN	61	C	0.989794291182	T	0.00765428161378	8	6207	8	48	6271	162932
UNKNOWN	62	C	0.997608036996	T	0.0012757136023	5	6256	2	8	6271	162932
UNKNOWN	63	T	0.997608036996	C	0.00111624940201	4	7	4	6256	6271	162932
UNKNOWN	64	G	0.998564822197	A	0.00111624940201	7	1	6262	1	6271	162932
UNKNOWN	65	C	0.997767501196	T	0.00143517780258	5	6257	0	9	6271	162932
UNKNOWN	66	A	0.993621431989	G	0.00430553340775	6231	10	27	3	6271	162932
UNKNOWN	67	C	0.997129644395	A	0.00143517780258	9	6253	2	7	6271	162932
UNKNOWN	68	G	0.985329293574	A	0.0141923138255	89	2	6179	1	6271	162932
UNKNOWN	69	G	0.97209376495	A	0.0266305214479	167	5	6096	3	6271	162932
UNKNOWN	70	T	0.99457821719	C	0.00510285440919	0	32	2	6237	6271	162932
UNKNOWN	71	C	0.970339658747	T	0.0192951682347	0	6085	65	121	6271	162932
UNKNOWN	72	T	0.992664646787	G	0.0036676766066	4	19	23	6225	6271	162932
UNKNOWN	73	C	0.995535002392	A	0.00350821240631	22	6243	1	5	6271	162932
UNKNOWN	74	T	0.994737681391	C	0.00239196300431	12	15	6	6238	6271	162932
UNKNOWN	75	G	0.997448572795	A	0.00207303460373	13	2	6255	1	6271	162932
UNKNOWN	76	G	0.99457821719	A	0.0049433902089	31	1	6237	2	6271	162932
UNKNOWN	77	A	0.993940360389	G	0.00350821240631	6233	10	22	6	6271	162932
UNKNOWN	78	T	0.996013394993	C	0.00350821240631	2	22	1	6246	6271	162932
UNKNOWN	79	T	0.998245893797	C	0.00143517780258	0	9	2	6260	6271	162932
UNKNOWN	80	C	0.993940360389	G	0.0036676766066	1	6233	23	14	6271	162932
UNKNOWN	81	T	0.993461967788	G	0.00334874820603	2	18	21	6230	6271	162932
UNKNOWN	82	C	0.995535002392	A	0.00318928400574	20	6243	1	7	6271	162932
UNKNOWN	83	A	0.98915643438	G	0.00590017541062	6203	26	37	5	6271	162932
UNKNOWN	84	T	0.985807686174	C	0.0118003508212	1	74	14	6182	6271	162932
UNKNOWN	85	T	0.997608036996	C	0.00159464200287	2	10	3	6256	6271	162932
UNKNOWN	86	G	0.965396268538	A	0.0334874820603	210	4	6054	3	6271	162932
UNKNOWN	87	A	0.991707861585	G	0.00605963961091	6219	9	38	5	6271	162932
UNKNOWN	88	G	0.931908786477	A	0.0381119438686	239	114	5844	74	6271	162932
UNKNOWN	89	C	0.93334396428	T	0.0330090894594	61	5853	150	207	6271	162932
UNKNOWN	90	A	0.924095040663	G	0.0703237123266	5795	23	441	12	6271	162932
UNKNOWN	91	G	0.858714718546	A	0.0767022803381	481	233	5385	172	6271	162932
UNKNOWN	92	C	0.926646467868	T	0.0304576622548	84	5811	185	191	6271	162932
UNKNOWN	93	A	0.825546164886	G	0.0853133471536	5177	71	535	488	6271	162932
UNKNOWN	94	A	0.943071280498	G	0.0248764152448	5914	80	156	121	6271	162932
UNKNOWN	95	T	0.969063945144	G	0.0196140966353	18	53	123	6077	6271	162932
UNKNOWN	96	G	0.896986126615	A	0.089459416361	561	68	5625	17	6271	162932
UNKNOWN	97	G	0.715675330888	C	0.162812948493	631	1021	4488	131	6271	162932
UNKNOWN	98	T	0.971774836549	G	0.0140328496253	36	53	88	6094	6271	162932
UNKNOWN	99	G	0.966034125339	A	0.0318928400574	200	2	6058	11	6271	162932
UNKNOWN	100	T	0.998086429597	C	0.0012757136023	2	8	2	6259	6271	162932
UNKNOWN	101	A	0.959655557327	G	0.0302981980545	6018	23	190	40	6271	162932
UNKNOWN	102	G	0.828735448892	A	0.1111465476	697	334	5197	43	6271	162932
UNKNOWN	103	T	0.908945941636	G	0.0535799712964	108	127	336	5700	6271	162932
UNKNOWN	104	C	0.935257534683	T	0.0360389092649	11	5865	169	226	6271	162932
UNKNOWN	105	T	0.996970180195	C	0.00159464200287	0	10	9	6252	6271	162932
UNKNOWN	106	G	0.999681071599	A	0.000318928400574	2	0	6269	0	6271	162932
UNKNOWN	107	G	0.998883750598	A	0.000478392600861	3	2	6264	2	6271	162932
UNKNOWN	108	G	0.98325625897	A	0.0140328496253	88	11	6166	6	6271	162932
UNKNOWN	109	T	0.996651251794	C	0.00287035560517	1	18	2	6250	6271	162932
UNKNOWN	110	C	0.995853930793	T	0.00382714080689	1	6245	1	24	6271	162932
UNKNOWN	111	C	0.998564822197	T	0.000797321001435	0	6262	4	5	6271	162932
UNKNOWN	112	G	0.998086429597	A	0.000956785201722	6	6	6259	0	6271	162932
UNKNOWN	113	C	0.985967150375	A	0.0113219582204	71	6183	4	13	6271	162932
UNKNOWN	114	C	0.998724286398	A	0.000797321001435	5	6263	1	2	6271	162932
UNKNOWN	115	A	0.992026789986	G	0.00749481741349	6221	3	47	0	6271	162932
UNKNOWN	116	G	0.997767501196	A	0.00159464200287	10	3	6257	1	6271	162932
UNKNOWN	117	G	0.971296443948	A	0.0208898102376	131	45	6091	4	6271	162932
UNKNOWN	118	C	0.996491787594	G	0.00207303460373	1	6249	13	8	6271	162932
UNKNOWN	119	T	0.993302503588	C	0.00526231860947	2	33	7	6229	6271	162932
UNKNOWN	120	C	0.995853930793	T	0.00334874820603	4	6245	1	21	6271	162932
UNKNOWN	121	C	0.998405357997	A	0.000956785201722	6	6261	3	1	6271	162932
UNKNOWN	122	A	0.98867804178	G	0.0086110668155	6200	15	54	2	6271	162932
UNKNOWN	123	G	0.998086429597	C	0.000956785201722	3	6	6259	3	6271	162932
UNKNOWN	124	G	0.999362143199	A	0.000318928400574	2	1	6267	1	6271	162932
UNKNOWN	125	G	0.969861266146	A	0.0285440918514	179	6	6082	4	6271	162932
UNKNOWN	126	A	0.997289108595	G	0.00159464200287	6254	7	10	0	6271	162932
UNKNOWN	127	A	0.993461967788	G	0.00478392600861	6230	3	30	8	6271	162932
UNKNOWN	128	G	0.998724286398	A	0.000478392600861	3	3	6263	2	6271	162932
UNKNOWN	129	G	0.987561792378	A	0.0073353532132	46	21	6193	11	6271	162932
UNKNOWN	130	C	0.99457821719	G	0.00350821240631	9	6237	22	3	6271	162932
UNKNOWN	131	G	0.973369478552	A	0.0164248126296	103	27	6104	37	6271	162932
UNKNOWN	132	C	0.992345718386	T	0.00669749641206	1	6223	5	42	6271	162932
UNKNOWN	133	T	0.990910540584	C	0.0049433902089	11	31	15	6214	6271	162932
UNKNOWN	134	G	0.985967150375	A	0.0132355286238	83	1	6183	4	6271	162932
UNKNOWN	135	G	0.998086429597	A	0.00143517780258	9	3	6259	0	6271	162932
UNKNOWN	136	A	0.994897145591	G	0.00430553340775	6239	4	27	1	6271	162932
UNKNOWN	137	G	0.980226439164	A	0.0180194546324	113	2	6147	9	6271	162932
UNKNOWN	138	T	0.99441875299	G	0.00382714080689	3	8	24	6236	6271	162932
UNKNOWN	139	G	0.992026789986	T	0.00765428161378	1	1	6221	48	6271	162932
UNKNOWN	140	G	0.982937330569	C	0.0114814224207	4	72	6164	31	6271	162932
UNKNOWN	141	C	0.980226439164	G	0.0169032052304	7	6147	106	11	6271	162932
UNKNOWN	142	T	0.997608036996	C	0.00207303460373	1	13	1	6256	6271	162932
UNKNOWN	143	C	0.984691436772	T	0.0108435656195	2	6175	26	68	6271	162932
UNKNOWN	144	G	0.996651251794	A	0.00239196300431	15	0	6250	6	6271	162932
UNKNOWN	145	G	0.989634826981	C	0.0086110668155	3	54	6206	8	6271	162932
UNKNOWN	146	T	0.967947695742	C	0.0122787434221	67	77	57	6070	6271	162932
UNKNOWN	147	G	0.679317493223	A	0.27220538989	1707	122	4260	182	6271	162932
UNKNOWN	148	G	0.787115292617	A	0.127252431829	798	358	4936	179	6271	162932
UNKNOWN	149	T	0.924413969064	G	0.0358794450646	81	168	225	5797	6271	162932
UNKNOWN	150	A	0.894913092011	G	0.0931270929676	5612	47	584	28	6271	162932
UNKNOWN	151	T	0.978950725562	C	0.0103651730187	24	65	43	6139	6271	162932
UNKNOWN	152	A	0.87769095838	T	0.0574071121033	5504	208	199	360	6271	162932
UNKNOWN	153	T	0.964917875937	A	0.0148301706267	93	52	75	6051	6271	162932
UNKNOWN	154	G	0.973847871153	A	0.0141923138255	89	28	6107	47	6271	162932
UNKNOWN	155	C	0.881199170786	T	0.114495295806	14	5526	13	718	6271	162932
UNKNOWN	156	A	0.810715994259	G	0.167915802902	5084	102	1053	32	6271	162932
UNKNOWN	157	G	0.888215595599	A	0.0628288949131	394	183	5570	124	6271	162932
UNKNOWN	158	T	0.942114495296	G	0.0247169510445	109	99	155	5908	6271	162932
UNKNOWN	159	G	0.850422580131	A	0.119917078616	752	97	5333	89	6271	162932
UNKNOWN	160	G	0.882793812789	A	0.0985488757774	618	84	5536	33	6271	162932
UNKNOWN	161	T	0.95550948812	C	0.0192951682347	79	121	79	5992	6271	162932
UNKNOWN	162	G	0.991229468984	A	0.00845160261521	53	0	6216	2	6271	162932
UNKNOWN	163	G	0.966193589539	A	0.0186573114336	117	71	6059	24	6271	162932
UNKNOWN	164	A	0.941955031096	G	0.0432147982778	5907	46	271	47	6271	162932
UNKNOWN	165	A	0.951682347313	G	0.037793015468	5968	63	237	3	6271	162932
UNKNOWN	166	G	0.835911337905	C	0.110030298198	134	690	5242	205	6271	162932
UNKNOWN	167	C	0.85536597034	G	0.055015149099	219	5364	345	343	6271	162932
UNKNOWN	168	A	0.97751554776	G	0.0162653484293	6130	29	102	10	6271	162932
UNKNOWN	169	C	0.959336628927	T	0.020570881837	34	6016	92	129	6271	162932
UNKNOWN	170	A	0.957582522724	G	0.0267899856482	6005	57	168	41	6271	162932
UNKNOWN	171	A	0.857279540743	G	0.11640886621	5376	49	730	116	6271	162932
UNKNOWN	172	G	0.650454472971	A	0.249242545049	1563	373	4079	256	6271	162932
UNKNOWN	173	C	0.913092010844	T	0.0456067612821	21	5726	238	286	6271	162932
UNKNOWN	174	T	0.981980545368	C	0.00845160261521	18	53	42	6158	6271	162932
UNKNOWN	175	T	0.962525912933	A	0.0255142720459	160	42	33	6036	6271	162932
UNKNOWN	176	T	0.959177164727	G	0.0191357040344	49	87	120	6015	6271	162932
UNKNOWN	177	A	0.987880720778	G	0.00781374581406	6195	23	49	4	6271	162932
UNKNOWN	178	A	0.98341572317	C	0.0105246372189	6167	66	18	20	6271	162932
UNKNOWN	179	C	0.875617923776	T	0.116089937809	22	5491	30	728	6271	162932
UNKNOWN	180	C	0.948652527508	T	0.03332801786	36	5949	77	209	6271	162932
UNKNOWN	181	C	0.992824110987	A	0.00334874820603	21	6226	4	20	6271	162932
UNKNOWN	182	A	0.963323233934	G	0.0280656992505	6041	42	176	12	6271	162932
UNKNOWN	183	G	0.983734651571	A	0.00637856801148	40	26	6169	36	6271	162932
UNKNOWN	184	C	0.980066974964	T	0.0100462446181	13	6146	49	63	6271	162932
UNKNOWN	185	C	0.994897145591	T	0.00398660500718	1	6239	6	25	6271	162932
UNKNOWN	186	C	0.990910540584	T	0.00653803221177	11	6214	5	41	6271	162932
UNKNOWN	187	T	0.992824110987	G	0.00398660500718	9	11	25	6226	6271	162932
UNKNOWN	188	G	0.980545367565	A	0.014989634827	94	14	6149	14	6271	162932
UNKNOWN	189	A	0.989634826981	G	0.00526231860947	6206	29	33	3	6271	162932
UNKNOWN	190	A	0.99457821719	G	0.00271089140488	6237	11	17	6	6271	162932
UNKNOWN	191	A	0.991070004784	C	0.00350821240631	6215	22	17	17	6271	162932
UNKNOWN	192	T	0.991707861585	C	0.00478392600861	8	30	14	6219	6271	162932
UNKNOWN	193	C	0.995853930793	T	0.00223249880402	7	6245	5	14	6271	162932
UNKNOWN	194	C	0.986126614575	T	0.0103651730187	10	6184	12	65	6271	162932
UNKNOWN	195	C	0.996172859193	G	0.00302981980545	2	6247	19	3	6271	162932
UNKNOWN	196	G	0.997926965396	A	0.00111624940201	7	3	6258	3	6271	162932
UNKNOWN	197	G	0.934779142083	A	0.0430553340775	270	107	5862	32	6271	162932
UNKNOWN	198	C	0.989315898581	G	0.00510285440919	7	6204	32	28	6271	162932
UNKNOWN	199	T	0.992345718386	C	0.00462446180832	8	29	11	6223	6271	162932
UNKNOWN	200	C	0.993143039388	A	0.00318928400574	20	6228	8	15	6271	162932
UNKNOWN	201	A	0.976239834157	G	0.0141923138255	6122	60	89	0	6271	162932
UNKNOWN	202	G	0.956306809121	C	0.0242385584436	101	152	5997	21	6271	162932
UNKNOWN	203	C	0.950725562111	T	0.0397065858715	42	5962	18	249	6271	162932
UNKNOWN	204	A	0.977196619359	G	0.0146707064264	6128	31	92	20	6271	162932
UNKNOWN	205	T	0.993302503588	C	0.00446499760804	4	28	10	6229	6271	162932
UNKNOWN	206	C	0.984531972572	T	0.0086110668155	41	6174	2	54	6271	162932
UNKNOWN	207	A	0.987721256578	T	0.00510285440919	6194	25	20	32	6271	162932
UNKNOWN	208	C	0.9445064583	G	0.0419390846755	17	5923	263	68	6271	162932
UNKNOWN	209	C	0.951522883113	G	0.020570881837	57	5967	129	118	6271	162932
UNKNOWN	210	A	0.988518577579	C	0.00829213841493	6199	52	15	5	6271	162932
UNKNOWN	211	A	0.986286078775	G	0.0098867804178	6185	10	62	14	6271	162932
UNKNOWN	212	G	0.97225322915	A	0.022803380641	143	23	6097	8	6271	162932
UNKNOWN	213	G	0.991548397385	A	0.00765428161378	48	3	6218	2	6271	162932
UNKNOWN	214	A	0.992983575187	C	0.00350821240631	6227	22	11	11	6271	162932
UNKNOWN	215	C	0.970339658747	T	0.0239196300431	24	6085	12	150	6271	162932
UNKNOWN	216	A	0.990910540584	G	0.00781374581406	6214	5	49	3	6271	162932
UNKNOWN	217	A	0.976399298358	G	0.0167437410301	6123	27	105	16	6271	162932
UNKNOWN	218	C	0.982777866369	T	0.0145112422261	6	6163	11	91	6271	162932
UNKNOWN	219	T	0.987721256578	C	0.00542178280976	20	34	23	6194	6271	162932
UNKNOWN	220	C	0.997129644395	A	0.00255142720459	16	6253	0	2	6271	162932
UNKNOWN	221	C	0.98341572317	T	0.00637856801148	36	6167	28	40	6271	162932
UNKNOWN	222	A	0.98325625897	C	0.0086110668155	6166	54	50	1	6271	162932
UNKNOWN	223	A	0.985967150375	G	0.0118003508212	6183	10	74	4	6271	162932
UNKNOWN	224	G	0.991229468984	A	0.00605963961091	38	11	6216	6	6271	162932
UNKNOWN	225	A	0.985807686174	G	0.0106841014192	6182	19	67	3	6271	162932
UNKNOWN	226	G	0.952798596715	A	0.0371551586669	233	61	5975	2	6271	162932
UNKNOWN	227	C	0.956785201722	T	0.0325306968586	42	6000	25	204	6271	162932
UNKNOWN	228	C	0.980385903365	G	0.0105246372189	53	6148	66	4	6271	162932
UNKNOWN	229	A	0.981821081167	C	0.00765428161378	6157	48	45	21	6271	162932
UNKNOWN	230	A	0.974166799554	G	0.022803380641	6109	15	143	4	6271	162932
UNKNOWN	231	G	0.957901451124	A	0.0189762398342	119	50	6007	95	6271	162932
UNKNOWN	232	T	0.991548397385	C	0.00669749641206	1	42	10	6218	6271	162932
UNKNOWN	233	C	0.937011640887	G	0.0414606920746	12	5876	260	123	6271	162932
UNKNOWN	234	T	0.989475362781	C	0.00574071121033	19	36	11	6205	6271	162932
UNKNOWN	235	C	0.992186254186	T	0.00574071121033	9	6222	4	36	6271	162932
UNKNOWN	236	T	0.97799394036	G	0.0137139212247	13	39	86	6133	6271	162932
UNKNOWN	237	C	0.990432147983	T	0.00462446180832	12	6211	19	29	6271	162932
UNKNOWN	238	T	0.993302503588	G	0.00446499760804	2	12	28	6229	6271	162932
UNKNOWN	239	G	0.944825386701	A	0.0419390846755	263	31	5925	52	6271	162932
UNKNOWN	240	T	0.975283048956	A	0.0124382076224	78	36	41	6116	6271	162932
UNKNOWN	241	C	0.981023760166	T	0.011640886621	43	6152	3	73	6271	162932
UNKNOWN	242	A	0.975761441556	G	0.011640886621	6119	58	73	21	6271	162932
UNKNOWN	243	G	0.848827938128	C	0.098867804178	263	620	5323	65	6271	162932
UNKNOWN	244	T	0.989794291182	G	0.00510285440919	2	30	32	6207	6271	162932
UNKNOWN	245	G	0.915962366449	T	0.0414606920746	160	107	5744	260	6271	162932
UNKNOWN	246	A	0.969382873545	G	0.0212087386382	6079	48	133	11	6271	162932
UNKNOWN	247	G	0.903205230426	A	0.0475203316855	298	94	5664	215	6271	162932
UNKNOWN	248	C	0.957423058523	T	0.0296603412534	34	6004	47	186	6271	162932
UNKNOWN	249	A	0.985488757774	G	0.0110030298198	6180	20	69	2	6271	162932
UNKNOWN	250	G	0.980226439164	A	0.0130760644235	82	35	6147	7	6271	162932
UNKNOWN	251	C	0.989794291182	G	0.00558124701005	8	6207	35	21	6271	162932
UNKNOWN	252	G	0.986923935576	A	0.00542178280976	34	26	6189	22	6271	162932
UNKNOWN	253	T	0.991388933185	C	0.00398660500718	4	25	25	6217	6271	162932
UNKNOWN	254	G	0.971934300749	A	0.0237601658428	149	16	6095	11	6271	162932
UNKNOWN	255	A	0.978312868761	G	0.0141923138255	6135	31	89	16	6271	162932
UNKNOWN	256	C	0.98341572317	T	0.00669749641206	30	6167	32	42	6271	162932
UNKNOWN	257	A	0.964917875937	G	0.0234412374422	6051	49	147	24	6271	162932
UNKNOWN	258	C	0.892361664806	A	0.0680912135226	427	5596	142	106	6271	162932
UNKNOWN	259	C	0.984213044172	T	0.0111624940201	10	6172	19	70	6271	162932
UNKNOWN	260	T	0.945622707702	C	0.0250358794451	95	157	89	5930	6271	162932
UNKNOWN	261	G	0.986286078775	A	0.0105246372189	66	7	6185	13	6271	162932
UNKNOWN	262	A	0.978153404561	G	0.0111624940201	6134	41	70	26	6271	162932
UNKNOWN	263	G	0.940360389093	A	0.0341253388614	214	137	5897	23	6271	162932
UNKNOWN	264	G	0.985648221974	A	0.0119598150215	75	6	6181	9	6271	162932
UNKNOWN	265	A	0.986923935576	C	0.00813267421464	6189	51	26	5	6271	162932
UNKNOWN	266	C	0.969861266146	A	0.0153085632276	96	6082	37	56	6271	162932
UNKNOWN	267	A	0.981183224366	G	0.00892999521607	6153	26	56	36	6271	162932
UNKNOWN	268	C	0.975442513156	T	0.0111624940201	31	6117	53	70	6271	162932
UNKNOWN	269	G	0.97799394036	T	0.0129166002232	25	32	6133	81	6271	162932
UNKNOWN	270	G	0.987242863977	A	0.0049433902089	31	31	6191	18	6271	162932
UNKNOWN	271	C	0.989315898581	A	0.00701642481263	44	6204	18	5	6271	162932
UNKNOWN	272	C	0.981821081167	A	0.00956785201722	60	6157	22	32	6271	162932
UNKNOWN	273	A	0.982299473768	G	0.00924892361665	6160	29	58	24	6271	162932
UNKNOWN	274	C	0.986286078775	A	0.0100462446181	63	6185	15	8	6271	162932
UNKNOWN	275	A	0.959655557327	G	0.0212087386382	6018	46	133	74	6271	162932
UNKNOWN	276	T	0.981821081167	G	0.0086110668155	48	12	54	6157	6271	162932
UNKNOWN	277	A	0.985648221974	C	0.00829213841493	6181	52	29	9	6271	162932
UNKNOWN	278	C	0.926965396269	T	0.0685696061234	18	5813	10	430	6271	162932
UNKNOWN	279	T	0.964758411737	A	0.0180194546324	113	27	81	6050	6271	162932
UNKNOWN	280	A	0.93876574709	T	0.0275873066497	5887	162	49	173	6271	162932
UNKNOWN	281	C	0.963004305533	T	0.0318928400574	20	6039	12	200	6271	162932
UNKNOWN	282	T	0.974326263754	G	0.0177005262319	37	13	111	6110	6271	162932
