Type	Position	Nucl1	Freq1	Nucl2	Freq2	NumAs	NumCs	NumGs	NumTs	NumAligned	NumNaive
UNKNOWN	0	C	1.0	A	0.0	0	8501	0	0	8501	121165
UNKNOWN	1	A	1.0	C	0.0	8501	0	0	0	8501	121165
UNKNOWN	2	G	1.0	A	0.0	0	0	8501	0	8501	121165
UNKNOWN	3	G	1.0	A	0.0	0	0	8501	0	8501	121165
UNKNOWN	4	T	1.0	A	0.0	0	0	0	8501	8501	121165
UNKNOWN	5	G	1.0	A	0.0	0	0	8501	0	8501	121165
UNKNOWN	6	C	1.0	A	0.0	0	8501	0	0	8501	121165
UNKNOWN	7	A	0.997412069168	T	0.00129396541583	8479	1	10	11	8501	121165
UNKNOWN	8	G	0.988354311257	A	0.00576402776144	49	41	8402	9	8501	121165
UNKNOWN	9	C	0.990471709211	T	0.00811669215386	3	8420	9	69	8501	121165
UNKNOWN	10	T	0.998470768145	C	0.00152923185508	0	13	0	8488	8501	121165
UNKNOWN	11	G	0.993530172921	A	0.00482296200447	41	1	8446	13	8501	121165
UNKNOWN	12	C	0.999529467122	T	0.000352899658864	0	8497	1	3	8501	121165
UNKNOWN	13	G	0.998235501706	A	0.0016468650747	14	0	8486	1	8501	121165
UNKNOWN	14	G	0.938477826138	C	0.0604634748853	3	514	7978	6	8501	121165
UNKNOWN	15	G	0.999529467122	C	0.000352899658864	1	3	8497	0	8501	121165
UNKNOWN	16	A	0.993177273262	C	0.00435242912599	8443	37	15	6	8501	121165
UNKNOWN	17	G	0.995412304435	A	0.00399952946712	34	3	8462	2	8501	121165
UNKNOWN	18	T	0.997412069168	G	0.00129396541583	2	9	11	8479	8501	121165
UNKNOWN	19	C	0.999529467122	T	0.000235266439242	1	8497	1	2	8501	121165
UNKNOWN	20	G	0.996000470533	A	0.00352899658864	30	1	8467	3	8501	121165
UNKNOWN	21	G	0.999176567463	A	0.000588166098106	5	1	8494	1	8501	121165
UNKNOWN	22	G	0.999411833902	C	0.000352899658864	2	3	8496	0	8501	121165
UNKNOWN	23	C	0.999647100341	T	0.000235266439242	1	8498	0	2	8501	121165
UNKNOWN	24	C	0.999647100341	T	0.000352899658864	0	8498	0	3	8501	121165
UNKNOWN	25	C	0.999647100341	T	0.000352899658864	0	8498	0	3	8501	121165
UNKNOWN	26	C	0.998706034584	T	0.000823432537349	4	8490	0	7	8501	121165
UNKNOWN	27	A	0.995412304435	G	0.00247029761205	8462	17	21	1	8501	121165
UNKNOWN	28	G	0.989295377014	A	0.00646982707917	55	35	8410	1	8501	121165
UNKNOWN	29	C	0.996471003411	T	0.00341136336902	1	8471	0	29	8501	121165
UNKNOWN	30	C	0.997059169509	T	0.00152923185508	0	8476	12	13	8501	121165
UNKNOWN	31	T	0.997882602047	C	0.00117633219621	0	10	8	8483	8501	121165
UNKNOWN	32	G	0.991765674627	A	0.00694035995765	59	5	8431	6	8501	121165
UNKNOWN	33	G	0.995647570874	A	0.0022350311728	19	7	8464	11	8501	121165
UNKNOWN	34	T	0.99694153629	C	0.00199976473356	0	17	9	8475	8501	121165
UNKNOWN	35	G	0.994471238678	A	0.00470532878485	40	5	8454	2	8501	121165
UNKNOWN	36	A	0.992824373603	C	0.00564639454182	8440	48	12	1	8501	121165
UNKNOWN	37	A	0.989413010234	G	0.00694035995765	8411	29	59	2	8501	121165
UNKNOWN	38	G	0.994471238678	A	0.00470532878485	40	7	8454	0	8501	121165
UNKNOWN	39	C	0.997882602047	T	0.00129396541583	2	8483	5	11	8501	121165
UNKNOWN	40	C	0.999529467122	T	0.000352899658864	0	8497	1	3	8501	121165
UNKNOWN	41	C	0.997412069168	G	0.00176449829432	0	8479	15	7	8501	121165
UNKNOWN	42	T	0.996118103752	C	0.00294083049053	1	25	7	8468	8501	121165
UNKNOWN	43	C	0.998706034584	A	0.000705799317727	6	8490	0	5	8501	121165
UNKNOWN	44	A	0.991412774968	C	0.0055287613222	8428	47	17	9	8501	121165
UNKNOWN	45	C	0.997529702388	G	0.00129396541583	6	8480	11	4	8501	121165
UNKNOWN	46	A	0.995412304435	C	0.00247029761205	8462	21	18	0	8501	121165
UNKNOWN	47	G	0.997882602047	A	0.00199976473356	17	0	8483	1	8501	121165
UNKNOWN	48	A	0.994235972239	C	0.00282319727091	8452	24	22	3	8501	121165
UNKNOWN	49	C	0.998470768145	G	0.00117633219621	0	8488	10	3	8501	121165
UNKNOWN	50	C	0.997764968827	A	0.00094106575697	8	8482	3	8	8501	121165
UNKNOWN	51	C	0.998823667804	T	0.00117633219621	0	8491	0	10	8501	121165
UNKNOWN	52	T	0.995765204094	C	0.00376426302788	3	32	1	8465	8501	121165
UNKNOWN	53	C	0.998588401365	T	0.000823432537349	2	8489	3	7	8501	121165
UNKNOWN	54	T	0.996353370192	C	0.00341136336902	0	29	2	8470	8501	121165
UNKNOWN	55	C	0.998823667804	T	0.000705799317727	2	8491	2	6	8501	121165
UNKNOWN	56	C	0.992942006823	T	0.00411716268674	1	8441	24	35	8501	121165
UNKNOWN	57	C	0.99694153629	T	0.0016468650747	1	8475	11	14	8501	121165
UNKNOWN	58	T	0.996353370192	C	0.00282319727091	4	24	3	8470	8501	121165
UNKNOWN	59	C	0.998941301023	A	0.00105869897659	9	8492	0	0	8501	121165
UNKNOWN	60	A	0.991059875309	C	0.00564639454182	8425	48	22	6	8501	121165
UNKNOWN	61	C	0.996706269851	T	0.00282319727091	0	8473	4	24	8501	121165
UNKNOWN	62	C	0.993177273262	T	0.00329373014939	6	8443	24	28	8501	121165
UNKNOWN	63	T	0.996588636631	C	0.00211739795318	0	18	11	8472	8501	121165
UNKNOWN	64	G	0.998588401365	C	0.00117633219621	1	10	8489	1	8501	121165
UNKNOWN	65	C	0.997882602047	A	0.00105869897659	9	8483	1	8	8501	121165
UNKNOWN	66	A	0.986236913304	C	0.00635219385955	8384	54	39	24	8501	121165
UNKNOWN	67	C	0.992236207505	T	0.00646982707917	1	8435	10	55	8501	121165
UNKNOWN	68	G	0.987413245501	A	0.011175155864	95	1	8394	11	8501	121165
UNKNOWN	69	G	0.959298906011	A	0.0368191977414	313	18	8155	15	8501	121165
UNKNOWN	70	T	0.985884013645	C	0.0137630866957	0	117	3	8381	8501	121165
UNKNOWN	71	C	0.962945535819	G	0.0215268791907	1	8186	183	131	8501	121165
UNKNOWN	72	T	0.995177037996	C	0.00352899658864	0	30	11	8460	8501	121165
UNKNOWN	73	C	0.998000235266	T	0.00199976473356	0	8484	0	17	8501	121165
UNKNOWN	74	T	0.992353840725	G	0.00541112810258	1	18	46	8436	8501	121165
UNKNOWN	75	G	0.996471003411	A	0.00317609692977	27	2	8471	1	8501	121165
UNKNOWN	76	G	0.982002117398	A	0.0105869897659	90	53	8348	10	8501	121165
UNKNOWN	77	A	0.976002823197	G	0.0127043877191	8297	78	108	18	8501	121165
UNKNOWN	78	T	0.990471709211	G	0.00599929420068	9	21	51	8420	8501	121165
UNKNOWN	79	T	0.995059404776	C	0.00435242912599	0	37	5	8459	8501	121165
UNKNOWN	80	C	0.982119750618	T	0.0129396541583	1	8349	41	110	8501	121165
UNKNOWN	81	T	0.988589577697	C	0.00541112810258	10	46	41	8404	8501	121165
UNKNOWN	82	C	0.986942712622	T	0.00846959181273	38	8390	1	72	8501	121165
UNKNOWN	83	A	0.985884013645	G	0.00799905893424	8381	28	68	24	8501	121165
UNKNOWN	84	T	0.990236442771	C	0.00717562639689	2	61	20	8418	8501	121165
UNKNOWN	85	T	0.992471473944	G	0.00623456063992	1	10	53	8437	8501	121165
UNKNOWN	86	G	0.977061522174	A	0.0185860487002	158	21	8306	16	8501	121165
UNKNOWN	87	A	0.985413480767	G	0.00905775791083	8377	37	77	10	8501	121165
UNKNOWN	88	G	0.939065992236	A	0.0369368309611	314	172	7983	32	8501	121165
UNKNOWN	89	C	0.945300552876	T	0.0334078343724	64	8036	117	284	8501	121165
UNKNOWN	90	A	0.977061522174	G	0.018938948359	8306	27	161	7	8501	121165
UNKNOWN	91	G	0.86966239266	A	0.0877543818374	746	268	7393	94	8501	121165
UNKNOWN	92	C	0.967415598165	T	0.0231737442654	28	8224	52	197	8501	121165
UNKNOWN	93	A	0.871662157393	T	0.0722267968474	7410	57	420	614	8501	121165
UNKNOWN	94	A	0.957063874838	G	0.0250558757793	8136	90	213	62	8501	121165
UNKNOWN	95	T	0.963533701917	G	0.0235266439242	17	93	200	8191	8501	121165
UNKNOWN	96	G	0.93177273262	A	0.0585813433714	498	51	7921	31	8501	121165
UNKNOWN	97	G	0.657216798024	A	0.162098576638	1378	1317	5587	219	8501	121165
UNKNOWN	98	T	0.977532055052	C	0.0147041524527	13	125	53	8310	8501	121165
UNKNOWN	99	G	0.957416774497	A	0.0323491353958	275	34	8139	53	8501	121165
UNKNOWN	100	T	0.996000470533	C	0.0022350311728	13	19	2	8467	8501	121165
UNKNOWN	101	A	0.963886601576	G	0.0175273497236	8194	49	149	109	8501	121165
UNKNOWN	102	G	0.727443830138	A	0.150688154335	1281	860	6184	176	8501	121165
UNKNOWN	103	T	0.901423361957	G	0.0581108104929	159	185	494	7663	8501	121165
UNKNOWN	104	C	0.939654158334	G	0.0334078343724	25	7988	284	204	8501	121165
UNKNOWN	105	T	0.996235736972	G	0.00258793083167	0	10	22	8469	8501	121165
UNKNOWN	106	G	0.999058934243	A	0.000588166098106	5	0	8493	3	8501	121165
UNKNOWN	107	G	0.99682390307	T	0.00188213151394	6	5	8474	16	8501	121165
UNKNOWN	108	G	0.952829078932	A	0.0396423950124	337	33	8100	31	8501	121165
UNKNOWN	109	T	0.994353605458	C	0.00494059522409	2	42	4	8453	8501	121165
UNKNOWN	110	C	0.991059875309	T	0.00764615927538	8	8425	3	65	8501	121165
UNKNOWN	111	C	0.997647335608	G	0.00141159863545	2	8481	12	6	8501	121165
UNKNOWN	112	G	0.997647335608	C	0.00152923185508	7	13	8481	0	8501	121165
UNKNOWN	113	C	0.995882837313	G	0.00235266439242	7	8466	20	8	8501	121165
UNKNOWN	114	C	0.998000235266	A	0.00176449829432	15	8484	1	1	8501	121165
UNKNOWN	115	A	0.99364780614	G	0.00411716268674	8447	19	35	0	8501	121165
UNKNOWN	116	G	0.99682390307	A	0.00211739795318	18	7	8474	2	8501	121165
UNKNOWN	117	G	0.975885189978	A	0.0212916127514	181	17	8296	7	8501	121165
UNKNOWN	118	C	0.995647570874	T	0.00317609692977	1	8464	9	27	8501	121165
UNKNOWN	119	T	0.99376543936	C	0.00458769556523	4	39	10	8448	8501	121165
UNKNOWN	120	C	0.991765674627	T	0.00658746029879	4	8431	10	56	8501	121165
UNKNOWN	121	C	0.997412069168	A	0.00152923185508	13	8479	1	8	8501	121165
UNKNOWN	122	A	0.989765909893	G	0.00894012469121	8414	9	76	2	8501	121165
UNKNOWN	123	G	0.998823667804	T	0.000588166098106	3	2	8491	5	8501	121165
UNKNOWN	124	G	0.991883307846	A	0.00494059522409	42	24	8432	3	8501	121165
UNKNOWN	125	G	0.978708387249	A	0.0199976473356	170	9	8320	2	8501	121165
UNKNOWN	126	A	0.992824373603	G	0.00564639454182	8440	13	48	0	8501	121165
UNKNOWN	127	A	0.987883778379	G	0.0103517233267	8398	13	88	2	8501	121165
UNKNOWN	128	G	0.998117868486	T	0.00094106575697	5	3	8485	8	8501	121165
UNKNOWN	129	G	0.963651335137	A	0.0270556405129	230	57	8192	22	8501	121165
UNKNOWN	130	C	0.994941771556	G	0.00258793083167	3	8458	22	18	8501	121165
UNKNOWN	131	G	0.960239971768	A	0.035407599106	301	31	8163	6	8501	121165
UNKNOWN	132	C	0.988119044818	T	0.00799905893424	7	8400	26	68	8501	121165
UNKNOWN	133	T	0.980002352664	C	0.0168215504058	2	143	25	8331	8501	121165
UNKNOWN	134	G	0.979531819786	A	0.0152923185508	130	10	8327	34	8501	121165
UNKNOWN	135	G	0.993294906482	C	0.00317609692977	21	27	8444	9	8501	121165
UNKNOWN	136	A	0.994353605458	G	0.00423479590636	8453	5	36	7	8501	121165
UNKNOWN	137	G	0.984119515351	A	0.0117633219621	100	11	8366	24	8501	121165
UNKNOWN	138	T	0.991059875309	G	0.00694035995765	0	17	59	8425	8501	121165
UNKNOWN	139	G	0.999058934243	A	0.000470532878485	4	2	8493	2	8501	121165
UNKNOWN	140	G	0.967297964945	C	0.0291730384661	5	248	8223	25	8501	121165
UNKNOWN	141	C	0.980119985884	G	0.014586519233	19	8332	124	26	8501	121165
UNKNOWN	142	T	0.99388307258	C	0.00376426302788	3	32	17	8449	8501	121165
UNKNOWN	143	C	0.983766615692	T	0.0131749205976	6	8363	20	112	8501	121165
UNKNOWN	144	G	0.989060110575	A	0.00952829078932	81	0	8408	12	8501	121165
UNKNOWN	145	G	0.98764851194	T	0.00705799317727	11	34	8396	60	8501	121165
UNKNOWN	146	T	0.964239501235	C	0.0148217856723	61	126	117	8197	8501	121165
UNKNOWN	147	G	0.741795082931	A	0.233266674509	1983	86	6306	126	8501	121165
UNKNOWN	148	G	0.785201740972	A	0.124455946359	1058	492	6675	276	8501	121165
UNKNOWN	149	T	0.9502411481	G	0.0215268791907	130	110	183	8078	8501	121165
UNKNOWN	150	A	0.880484648865	G	0.109987060346	7485	28	935	53	8501	121165
UNKNOWN	151	T	0.979531819786	C	0.012116221621	27	103	44	8327	8501	121165
UNKNOWN	152	A	0.936713327844	G	0.0328196682743	7963	87	279	172	8501	121165
UNKNOWN	153	T	0.943771321021	A	0.0367015645218	312	26	140	8023	8501	121165
UNKNOWN	154	G	0.980472885543	A	0.0118809551817	101	48	8335	17	8501	121165
UNKNOWN	155	C	0.884366545112	T	0.108104928832	32	7518	32	919	8501	121165
UNKNOWN	156	A	0.910598753088	G	0.0804611222209	7741	38	684	38	8501	121165
UNKNOWN	157	G	0.927185037054	C	0.0311728031996	198	265	7882	156	8501	121165
UNKNOWN	158	T	0.943771321021	G	0.0282319727091	122	116	240	8023	8501	121165
UNKNOWN	159	G	0.822726738031	A	0.143630161158	1221	96	6994	190	8501	121165
UNKNOWN	160	G	0.800846959181	A	0.157040348194	1335	238	6808	120	8501	121165
UNKNOWN	161	T	0.96588636631	G	0.023291377485	28	64	198	8211	8501	121165
UNKNOWN	162	G	0.975414657099	A	0.0230561110458	196	6	8292	7	8501	121165
UNKNOWN	163	G	0.970121162216	A	0.0196447476767	167	72	8247	15	8501	121165
UNKNOWN	164	A	0.962239736502	G	0.0277614398306	8180	33	236	52	8501	121165
UNKNOWN	165	A	0.890012939654	G	0.100341136337	7566	48	853	34	8501	121165
UNKNOWN	166	G	0.743912480885	C	0.124691212798	829	1060	6324	288	8501	121165
UNKNOWN	167	C	0.88213151394	A	0.043171391601	367	7499	357	278	8501	121165
UNKNOWN	168	A	0.979649453006	G	0.0132925538172	8328	34	113	26	8501	121165
UNKNOWN	169	C	0.9502411481	T	0.0317609692977	42	8078	111	270	8501	121165
UNKNOWN	170	A	0.9628279026	G	0.0219974120692	8185	97	187	32	8501	121165
UNKNOWN	171	A	0.873073756029	G	0.102811433949	7422	66	874	139	8501	121165
UNKNOWN	172	G	0.728855428773	A	0.152570285849	1297	626	6196	382	8501	121165
UNKNOWN	173	C	0.883425479355	G	0.0508175508764	152	7510	432	407	8501	121165
UNKNOWN	174	T	0.972944359487	C	0.0127043877191	67	108	55	8271	8501	121165
UNKNOWN	175	T	0.938948359017	A	0.0503470179979	428	62	29	7982	8501	121165
UNKNOWN	176	T	0.944359487119	C	0.0374073638395	47	318	108	8028	8501	121165
UNKNOWN	177	A	0.980237619104	C	0.0110575226444	8333	94	69	5	8501	121165
UNKNOWN	178	A	0.978002587931	C	0.0191742147983	8314	163	23	1	8501	121165
UNKNOWN	179	C	0.882954946477	T	0.103517233267	64	7506	51	880	8501	121165
UNKNOWN	180	C	0.960239971768	T	0.0214092459711	28	8163	128	182	8501	121165
UNKNOWN	181	C	0.990118809552	A	0.00694035995765	59	8417	11	14	8501	121165
UNKNOWN	182	A	0.969768262557	C	0.0158804846489	8244	135	86	36	8501	121165
UNKNOWN	183	G	0.976826255735	A	0.0103517233267	88	77	8304	32	8501	121165
UNKNOWN	184	C	0.979178920127	T	0.0154099517704	11	8324	35	131	8501	121165
UNKNOWN	185	C	0.993530172921	G	0.00482296200447	6	8446	41	8	8501	121165
UNKNOWN	186	C	0.988824844136	A	0.00517586166333	44	8406	11	40	8501	121165
UNKNOWN	187	T	0.990001176332	A	0.0055287613222	47	12	26	8416	8501	121165
UNKNOWN	188	G	0.964474767674	A	0.0291730384661	248	22	8199	32	8501	121165
UNKNOWN	189	A	0.977884954711	G	0.0134101870368	8313	32	114	42	8501	121165
UNKNOWN	190	A	0.982119750618	C	0.0115280555229	8349	98	38	16	8501	121165
UNKNOWN	191	A	0.979649453006	C	0.00882249147159	8328	75	57	41	8501	121165
UNKNOWN	192	T	0.982707916716	C	0.0118809551817	11	101	35	8354	8501	121165
UNKNOWN	193	C	0.986942712622	G	0.00494059522409	28	8390	42	41	8501	121165
UNKNOWN	194	C	0.981178684861	G	0.00788142571462	31	8341	67	62	8501	121165
UNKNOWN	195	C	0.994588871897	G	0.00352899658864	7	8455	30	9	8501	121165
UNKNOWN	196	G	0.985178214328	T	0.0117633219621	20	6	8375	100	8501	121165
UNKNOWN	197	G	0.860487001529	A	0.108222562052	920	202	7315	64	8501	121165
UNKNOWN	198	C	0.982119750618	A	0.0110575226444	94	8349	24	34	8501	121165
UNKNOWN	199	T	0.986472179744	G	0.00646982707917	13	47	55	8386	8501	121165
UNKNOWN	200	C	0.982002117398	T	0.00799905893424	35	8348	50	68	8501	121165
UNKNOWN	201	A	0.985766380426	G	0.0108222562052	8380	26	92	3	8501	121165
UNKNOWN	202	G	0.958593106693	C	0.0292906716857	29	249	8149	74	8501	121165
UNKNOWN	203	C	0.924479473003	T	0.047523820727	146	7859	92	404	8501	121165
UNKNOWN	204	A	0.977884954711	G	0.010234090107	8313	26	87	75	8501	121165
UNKNOWN	205	T	0.987177979061	C	0.00988119044818	7	84	18	8392	8501	121165
UNKNOWN	206	C	0.974355958123	T	0.011175155864	47	8283	76	95	8501	121165
UNKNOWN	207	A	0.977649688272	T	0.0119985884014	8311	47	41	102	8501	121165
UNKNOWN	208	C	0.970238795436	G	0.0115280555229	85	8248	98	70	8501	121165
UNKNOWN	209	C	0.946829784731	G	0.0245853429008	76	8049	209	167	8501	121165
UNKNOWN	210	A	0.984942947888	G	0.00988119044818	8373	36	84	8	8501	121165
UNKNOWN	211	A	0.976238089637	G	0.0192918480179	8299	28	164	10	8501	121165
UNKNOWN	212	G	0.98129631808	A	0.00964592400894	82	72	8342	5	8501	121165
UNKNOWN	213	G	0.969415362898	A	0.0287025055876	244	8	8241	8	8501	121165
UNKNOWN	214	A	0.988119044818	C	0.00646982707917	8400	55	25	21	8501	121165
UNKNOWN	215	C	0.977061522174	T	0.0157628514292	35	8306	26	134	8501	121165
UNKNOWN	216	A	0.960004705329	G	0.0235266439242	8161	23	200	117	8501	121165
UNKNOWN	217	A	0.965180566992	C	0.0167039171862	8205	142	132	22	8501	121165
UNKNOWN	218	C	0.958475473474	T	0.0316433360781	35	8148	49	269	8501	121165
UNKNOWN	219	T	0.985295847547	A	0.00764615927538	65	45	15	8376	8501	121165
UNKNOWN	220	C	0.989295377014	A	0.00741089283614	63	8410	5	23	8501	121165
UNKNOWN	221	C	0.986001646865	G	0.00564639454182	34	8382	48	37	8501	121165
UNKNOWN	222	A	0.983296082814	C	0.00929302435008	8359	79	58	5	8501	121165
UNKNOWN	223	A	0.974238324903	G	0.0231737442654	8282	7	197	15	8501	121165
UNKNOWN	224	G	0.971179861193	A	0.0138807199153	118	112	8256	15	8501	121165
UNKNOWN	225	A	0.972356193389	G	0.0196447476767	8266	60	167	8	8501	121165
UNKNOWN	226	G	0.925302905541	A	0.0628161392777	534	92	7866	9	8501	121165
UNKNOWN	227	C	0.960122338548	T	0.0258793083167	64	8162	55	220	8501	121165
UNKNOWN	228	C	0.98459004823	G	0.00917539113046	51	8370	78	2	8501	121165
UNKNOWN	229	A	0.986236913304	T	0.00635219385955	8384	20	43	54	8501	121165
UNKNOWN	230	A	0.966356899188	G	0.0254087754382	8215	57	216	13	8501	121165
UNKNOWN	231	G	0.959887072109	A	0.0258793083167	220	24	8160	97	8501	121165
UNKNOWN	232	T	0.987060345842	C	0.011175155864	4	95	11	8391	8501	121165
UNKNOWN	233	C	0.954240677567	T	0.0225855781673	25	8112	172	192	8501	121165
UNKNOWN	234	T	0.98435478179	C	0.0107046229855	19	91	23	8368	8501	121165
UNKNOWN	235	C	0.983413716033	T	0.0151746853311	11	8360	1	129	8501	121165
UNKNOWN	236	T	0.976590989295	C	0.0127043877191	7	108	84	8302	8501	121165
UNKNOWN	237	C	0.988707210916	T	0.00929302435008	8	8405	9	79	8501	121165
UNKNOWN	238	T	0.989177743795	C	0.00623456063992	11	53	28	8409	8501	121165
UNKNOWN	239	G	0.939065992236	A	0.0392894953535	334	80	7983	104	8501	121165
UNKNOWN	240	T	0.983884248912	G	0.00694035995765	30	48	59	8364	8501	121165
UNKNOWN	241	C	0.982237383837	T	0.0127043877191	34	8350	9	108	8501	121165
UNKNOWN	242	A	0.96894483002	G	0.0196447476767	8237	74	167	23	8501	121165
UNKNOWN	243	G	0.87883778379	C	0.0565815786378	460	481	7471	89	8501	121165
UNKNOWN	244	T	0.987413245501	G	0.00858722503235	6	28	73	8394	8501	121165
UNKNOWN	245	G	0.966709798847	A	0.0174097165039	148	105	8218	30	8501	121165
UNKNOWN	246	A	0.96894483002	G	0.0199976473356	8237	61	170	33	8501	121165
UNKNOWN	247	G	0.907540289378	A	0.045641689213	388	318	7715	80	8501	121165
UNKNOWN	248	C	0.957769674156	T	0.0259969415363	82	8142	56	221	8501	121165
UNKNOWN	249	A	0.970474061875	G	0.025761675097	8250	31	219	1	8501	121165
UNKNOWN	250	G	0.961769203623	A	0.0174097165039	148	116	8176	61	8501	121165
UNKNOWN	251	C	0.978002587931	T	0.0117633219621	6	8314	81	100	8501	121165
UNKNOWN	252	G	0.977414421833	A	0.0104693565463	89	65	8309	38	8501	121165
UNKNOWN	253	T	0.978708387249	C	0.0159981178685	7	136	38	8320	8501	121165
UNKNOWN	254	G	0.966003999529	A	0.0254087754382	216	34	8212	39	8501	121165
UNKNOWN	255	A	0.976826255735	G	0.0170568168451	8304	41	145	11	8501	121165
UNKNOWN	256	C	0.98753087872	T	0.00694035995765	41	8395	6	59	8501	121165
UNKNOWN	257	A	0.936360428185	G	0.0430537583814	7960	87	366	88	8501	121165
UNKNOWN	258	C	0.931302199741	A	0.0510528173156	434	7917	94	56	8501	121165
UNKNOWN	259	C	0.9814139513	T	0.00952829078932	56	8343	21	81	8501	121165
UNKNOWN	260	T	0.968709563581	G	0.0159981178685	35	95	136	8235	8501	121165
UNKNOWN	261	G	0.989765909893	A	0.00788142571462	67	8	8414	12	8501	121165
UNKNOWN	262	A	0.987413245501	G	0.0094106575697	8394	21	80	6	8501	121165
UNKNOWN	263	G	0.938595459358	A	0.0318786025174	271	204	7979	47	8501	121165
UNKNOWN	264	G	0.984825314669	A	0.0117633219621	100	7	8372	22	8501	121165
UNKNOWN	265	A	0.984119515351	C	0.012116221621	8366	103	25	7	8501	121165
UNKNOWN	266	C	0.974355958123	T	0.00929302435008	74	8283	65	79	8501	121165
UNKNOWN	267	A	0.971179861193	G	0.0158804846489	8256	32	135	78	8501	121165
UNKNOWN	268	C	0.986707446183	G	0.00788142571462	31	8388	67	15	8501	121165
UNKNOWN	269	G	0.954946476885	A	0.035407599106	301	60	8118	22	8501	121165
UNKNOWN	270	G	0.984942947888	A	0.00835195859311	71	32	8373	25	8501	121165
UNKNOWN	271	C	0.992118574285	A	0.00435242912599	37	8434	22	8	8501	121165
UNKNOWN	272	C	0.984119515351	A	0.0104693565463	89	8366	23	23	8501	121165
UNKNOWN	273	A	0.984119515351	T	0.00658746029879	8366	30	49	56	8501	121165
UNKNOWN	274	C	0.977296788613	A	0.0157628514292	134	8308	15	44	8501	121165
UNKNOWN	275	A	0.953770144689	G	0.0279967062699	8108	87	238	68	8501	121165
UNKNOWN	276	T	0.989295377014	A	0.00482296200447	41	14	36	8410	8501	121165
UNKNOWN	277	A	0.988942477356	C	0.00646982707917	8407	55	21	18	8501	121165
UNKNOWN	278	C	0.924008940125	T	0.0734031290436	13	7855	9	624	8501	121165
UNKNOWN	279	T	0.948947182684	C	0.0379955299377	52	323	59	8067	8501	121165
UNKNOWN	280	A	0.9688271968	T	0.0132925538172	8236	90	62	113	8501	121165
UNKNOWN	281	C	0.961769203623	T	0.0332902011528	20	8176	22	283	8501	121165
UNKNOWN	282	T	0.981178684861	G	0.0148217856723	25	9	126	8341	8501	121165
