Type	Position	Nucl1	Freq1	Nucl2	Freq2	NumAs	NumCs	NumGs	NumTs	NumAligned	NumNaive
UNKNOWN	0	C	1.0	A	0.0	0	22954	0	0	22954	153791
UNKNOWN	1	A	1.0	C	0.0	22954	0	0	0	22954	153791
UNKNOWN	2	G	1.0	A	0.0	0	0	22954	0	22954	153791
UNKNOWN	3	G	1.0	A	0.0	0	0	22954	0	22954	153791
UNKNOWN	4	T	1.0	A	0.0	0	0	0	22954	22954	153791
UNKNOWN	5	G	1.0	A	0.0	0	0	22954	0	22954	153791
UNKNOWN	6	C	1.0	A	0.0	0	22954	0	0	22954	153791
UNKNOWN	7	A	0.997908861201	G	0.00117626557463	22906	8	27	13	22954	153791
UNKNOWN	8	G	0.991286921669	A	0.00657837413958	151	31	22754	18	22954	153791
UNKNOWN	9	C	0.995948418576	T	0.00257035810752	1	22861	33	59	22954	153791
UNKNOWN	10	T	0.998344515117	C	0.00139409253289	4	32	2	22916	22954	153791
UNKNOWN	11	G	0.997995991984	A	0.00152478870785	35	11	22908	0	22954	153791
UNKNOWN	12	C	0.997647468851	T	0.00200400801603	6	22900	2	46	22954	153791
UNKNOWN	13	G	0.998605907467	A	0.00117626557463	27	3	22922	2	22954	153791
UNKNOWN	14	G	0.940271848044	C	0.0568092707153	63	1304	21583	4	22954	153791
UNKNOWN	15	G	0.9984316459	C	0.000958438616363	6	22	22918	8	22954	153791
UNKNOWN	16	A	0.996471203276	G	0.00226540036595	22873	24	52	5	22954	153791
UNKNOWN	17	G	0.992158229502	A	0.00522784699834	120	60	22774	0	22954	153791
UNKNOWN	18	T	0.997429641892	C	0.00143765792454	10	33	16	22895	22954	153791
UNKNOWN	19	C	0.999390084517	T	0.000348523133223	4	22940	2	8	22954	153791
UNKNOWN	20	G	0.9984316459	A	0.000827742441405	19	13	22918	4	22954	153791
UNKNOWN	21	G	0.997603903459	C	0.00196044262438	9	45	22899	1	22954	153791
UNKNOWN	22	G	0.999302953734	C	0.000392088524876	7	9	22938	0	22954	153791
UNKNOWN	23	C	0.998605907467	T	0.00117626557463	5	22922	0	27	22954	153791
UNKNOWN	24	C	0.999782173042	T	0.000217826958264	0	22949	0	5	22954	153791
UNKNOWN	25	C	0.9994772153	T	0.000479219308182	0	22942	1	11	22954	153791
UNKNOWN	26	C	0.998300949726	T	0.000827742441405	18	22915	2	19	22954	153791
UNKNOWN	27	A	0.996384072493	G	0.0030495774157	22871	10	70	3	22954	153791
UNKNOWN	28	G	0.99394441056	A	0.00335453515727	77	46	22815	16	22954	153791
UNKNOWN	29	C	0.996601899451	T	0.00287531584909	4	22876	8	66	22954	153791
UNKNOWN	30	C	0.998344515117	T	0.0014812233162	0	22916	4	34	22954	153791
UNKNOWN	31	T	0.99577415701	C	0.00243966193256	13	56	28	22857	22954	153791
UNKNOWN	32	G	0.995294937701	A	0.00361592750719	83	13	22846	12	22954	153791
UNKNOWN	33	G	0.996993987976	A	0.00121983096628	28	19	22885	22	22954	153791
UNKNOWN	34	T	0.994772153002	C	0.00365949289884	3	84	33	22834	22954	153791
UNKNOWN	35	G	0.997037553368	A	0.00174261566611	40	18	22886	10	22954	153791
UNKNOWN	36	A	0.996471203276	C	0.00191687723273	22873	44	32	5	22954	153791
UNKNOWN	37	A	0.994162237519	G	0.00457436612355	22820	26	105	3	22954	153791
UNKNOWN	38	G	0.994815718393	A	0.00387731985711	89	27	22835	3	22954	153791
UNKNOWN	39	C	0.995904853185	T	0.0030495774157	2	22860	22	70	22954	153791
UNKNOWN	40	C	0.999520780692	T	0.000261392349917	3	22943	2	6	22954	153791
UNKNOWN	41	C	0.997821730417	T	0.00143765792454	0	22904	17	33	22954	153791
UNKNOWN	42	T	0.996079114751	C	0.00339810054892	5	78	7	22864	22954	153791
UNKNOWN	43	C	0.998344515117	A	0.00100200400802	23	22916	0	15	22954	153791
UNKNOWN	44	A	0.996253376318	G	0.00200400801603	22868	37	46	3	22954	153791
UNKNOWN	45	C	0.997603903459	A	0.00121983096628	28	22899	21	6	22954	153791
UNKNOWN	46	A	0.996209810926	G	0.00248322732421	22867	25	57	5	22954	153791
UNKNOWN	47	G	0.997516772676	A	0.00161191949116	37	16	22897	4	22954	153791
UNKNOWN	48	A	0.995643460835	G	0.00209113879934	22854	39	48	13	22954	153791
UNKNOWN	49	C	0.997037553368	G	0.00196044262438	6	22886	45	17	22954	153791
UNKNOWN	50	C	0.996253376318	T	0.00278818506578	9	22868	13	64	22954	153791
UNKNOWN	51	C	0.998170253551	T	0.00169905027446	1	22912	2	39	22954	153791
UNKNOWN	52	T	0.995120676135	C	0.00422584299033	10	97	5	22842	22954	153791
UNKNOWN	53	C	0.99869303825	T	0.00104556939967	2	22924	4	24	22954	153791
UNKNOWN	54	T	0.995643460835	C	0.00361592750719	10	83	7	22854	22954	153791
UNKNOWN	55	C	0.999346519125	T	0.000479219308182	4	22939	0	11	22954	153791
UNKNOWN	56	C	0.996427637884	T	0.00243966193256	16	22872	10	56	22954	153791
UNKNOWN	57	C	0.993900845169	G	0.00431297377363	8	22814	99	33	22954	153791
UNKNOWN	58	T	0.996166245535	C	0.00335453515727	5	77	6	22866	22954	153791
UNKNOWN	59	C	0.998213818942	A	0.00104556939967	24	22913	1	16	22954	153791
UNKNOWN	60	A	0.996384072493	C	0.00200400801603	22871	46	34	3	22954	153791
UNKNOWN	61	C	0.996601899451	T	0.00235253114926	2	22876	22	54	22954	153791
UNKNOWN	62	C	0.995077110743	T	0.00365949289884	9	22841	20	84	22954	153791
UNKNOWN	63	T	0.996384072493	C	0.00248322732421	1	57	25	22871	22954	153791
UNKNOWN	64	G	0.998475211292	C	0.00091487322471	11	21	22919	3	22954	153791
UNKNOWN	65	C	0.997429641892	T	0.00182974644942	17	22895	0	42	22954	153791
UNKNOWN	66	A	0.992245360286	G	0.00487932386512	22776	56	112	10	22954	153791
UNKNOWN	67	C	0.994902849177	T	0.00313670819901	3	22837	42	72	22954	153791
UNKNOWN	68	G	0.992593883419	A	0.00592489326479	136	20	22784	14	22954	153791
UNKNOWN	69	G	0.50923586303	A	0.484403589788	11119	99	11689	47	22954	153791
UNKNOWN	70	T	0.989282913653	C	0.00962795155528	2	221	23	22708	22954	153791
UNKNOWN	71	C	0.98815021347	T	0.00697046266446	9	22682	103	160	22954	153791
UNKNOWN	72	T	0.994902849177	C	0.00413871220702	8	95	14	22837	22954	153791
UNKNOWN	73	C	0.997995991984	T	0.00187331184107	2	22908	1	43	22954	153791
UNKNOWN	74	T	0.994423629868	C	0.00313670819901	14	72	42	22826	22954	153791
UNKNOWN	75	G	0.997429641892	A	0.00174261566611	40	18	22895	1	22954	153791
UNKNOWN	76	G	0.993247364294	A	0.00566350091487	130	23	22799	2	22954	153791
UNKNOWN	77	A	0.986799686329	G	0.00540210856496	22651	109	124	70	22954	153791
UNKNOWN	78	T	0.991069094711	C	0.00435653916529	23	100	82	22749	22954	153791
UNKNOWN	79	T	0.994249368302	C	0.00448723534025	5	103	24	22822	22954	153791
UNKNOWN	80	C	0.987540297987	T	0.00718828962272	23	22668	98	165	22954	153791
UNKNOWN	81	T	0.991112660103	C	0.00622985100636	6	143	55	22750	22954	153791
UNKNOWN	82	C	0.994902849177	T	0.00344166594058	38	22837	0	79	22954	153791
UNKNOWN	83	A	0.993552322035	G	0.00270105428248	22806	35	62	51	22954	153791
UNKNOWN	84	T	0.990851267753	C	0.00688333188115	18	158	34	22744	22954	153791
UNKNOWN	85	T	0.995294937701	C	0.00257035810752	2	59	47	22846	22954	153791
UNKNOWN	86	G	0.988760128954	A	0.0102814324301	236	8	22696	14	22954	153791
UNKNOWN	87	A	0.989282913653	G	0.00670907031454	22708	81	154	11	22954	153791
UNKNOWN	88	G	0.950553280474	A	0.0273155005664	627	469	21819	39	22954	153791
UNKNOWN	89	C	0.956826696872	T	0.022087653568	332	21963	152	507	22954	153791
UNKNOWN	90	A	0.981223316198	G	0.0142458830705	22523	88	327	16	22954	153791
UNKNOWN	91	G	0.867125555459	A	0.0860416485144	1975	750	19904	325	22954	153791
UNKNOWN	92	C	0.960791147512	T	0.0282739391827	171	22054	80	649	22954	153791
UNKNOWN	93	T	0.967500217827	A	0.0155528448201	357	231	158	22208	22954	153791
UNKNOWN	94	A	0.972902326392	T	0.00975864773024	22332	213	185	224	22954	153791
UNKNOWN	95	T	0.989370044437	C	0.0053585431733	33	123	88	22710	22954	153791
UNKNOWN	96	G	0.880761523046	A	0.0809880630827	1859	405	20217	473	22954	153791
UNKNOWN	97	C	0.899712468415	G	0.0455258342773	677	20652	1045	580	22954	153791
UNKNOWN	98	T	0.99102552932	C	0.00531497778165	18	122	66	22748	22954	153791
UNKNOWN	99	G	0.963274374837	A	0.0328918706979	755	24	22111	64	22954	153791
UNKNOWN	100	T	0.995991983968	C	0.00243966193256	26	56	10	22862	22954	153791
UNKNOWN	101	A	0.957393046963	C	0.0185588568441	21976	426	413	139	22954	153791
UNKNOWN	102	G	0.939226278644	A	0.0494031541344	1134	185	21559	76	22954	153791
UNKNOWN	103	G	0.855624292062	A	0.0943190729285	2165	656	19640	493	22954	153791
UNKNOWN	104	C	0.989108652087	T	0.0060991548314	35	22704	75	140	22954	153791
UNKNOWN	105	T	0.995730591618	C	0.00213470419099	1	49	48	22856	22954	153791
UNKNOWN	106	G	0.999172257559	A	0.000348523133223	8	3	22935	8	22954	153791
UNKNOWN	107	G	0.99921582295	C	0.000392088524876	5	9	22936	4	22954	153791
UNKNOWN	108	G	0.978173738782	A	0.0173825912695	399	32	22453	70	22954	153791
UNKNOWN	109	T	0.995033545352	C	0.00440010455694	5	101	8	22840	22954	153791
UNKNOWN	110	C	0.995817722401	T	0.0030495774157	15	22858	11	70	22954	153791
UNKNOWN	111	C	0.997821730417	G	0.00130696174959	3	22904	30	17	22954	153791
UNKNOWN	112	G	0.997734599634	C	0.00152478870785	15	35	22902	2	22954	153791
UNKNOWN	113	C	0.998039557376	T	0.000958438616363	16	22909	7	22	22954	153791
UNKNOWN	114	C	0.998257384334	A	0.00139409253289	32	22914	2	6	22954	153791
UNKNOWN	115	A	0.994641456827	G	0.00413871220702	22831	21	95	7	22954	153791
UNKNOWN	116	G	0.998475211292	A	0.00100200400802	23	9	22919	3	22954	153791
UNKNOWN	117	G	0.985666986146	A	0.0103685632134	238	58	22625	33	22954	153791
UNKNOWN	118	C	0.995382068485	T	0.00322383898231	4	22848	28	74	22954	153791
UNKNOWN	119	T	0.994815718393	C	0.0037901890738	12	87	20	22835	22954	153791
UNKNOWN	120	C	0.997778165026	T	0.00100200400802	15	22903	13	23	22954	153791
UNKNOWN	121	C	0.997429641892	G	0.00152478870785	3	22895	35	21	22954	153791
UNKNOWN	122	G	0.981179750806	A	0.0170340681363	391	8	22522	33	22954	153791
UNKNOWN	123	G	0.997734599634	A	0.00135052714124	31	10	22902	11	22954	153791
UNKNOWN	124	G	0.997516772676	A	0.00213470419099	49	4	22897	4	22954	153791
UNKNOWN	125	G	0.989282913653	A	0.00997647468851	229	11	22708	6	22954	153791
UNKNOWN	126	A	0.997734599634	G	0.00139409253289	22902	16	32	4	22954	153791
UNKNOWN	127	A	0.992855275769	G	0.00622985100636	22790	17	143	4	22954	153791
UNKNOWN	128	G	0.998083122767	A	0.0015683540995	36	6	22910	2	22954	153791
UNKNOWN	129	G	0.988716563562	A	0.00666550492289	153	60	22695	46	22954	153791
UNKNOWN	130	C	0.995077110743	G	0.00287531584909	8	22841	66	39	22954	153791
UNKNOWN	131	G	0.97839156574	A	0.0174697220528	401	72	22458	23	22954	153791
UNKNOWN	132	C	0.991809706369	T	0.00675263570619	11	22766	22	155	22954	153791
UNKNOWN	133	T	0.989849263745	C	0.0060991548314	7	140	86	22721	22954	153791
UNKNOWN	134	G	0.980090616015	A	0.0147251023787	338	19	22497	100	22954	153791
UNKNOWN	135	G	0.995730591618	A	0.00243966193256	56	37	22856	5	22954	153791
UNKNOWN	136	A	0.99420580291	G	0.00418227759868	22821	30	96	7	22954	153791
UNKNOWN	137	G	0.963666463362	A	0.0280561122244	644	93	22120	97	22954	153791
UNKNOWN	138	T	0.995817722401	G	0.00257035810752	3	34	59	22858	22954	153791
UNKNOWN	139	G	0.998300949726	A	0.000740611658099	17	8	22915	14	22954	153791
UNKNOWN	140	G	0.992463187244	C	0.00348523133223	14	80	22781	79	22954	153791
UNKNOWN	141	G	0.906465104121	A	0.0615143330139	1412	669	20807	66	22954	153791
UNKNOWN	142	T	0.99629694171	C	0.00178618105777	7	41	37	22869	22954	153791
UNKNOWN	143	T	0.97969852749	C	0.0101071708635	28	232	206	22488	22954	153791
UNKNOWN	144	G	0.996209810926	A	0.00291888124074	67	3	22867	17	22954	153791
UNKNOWN	145	G	0.984403589788	C	0.0129824867126	14	298	22596	46	22954	153791
UNKNOWN	146	T	0.965321948244	G	0.014681536987	188	271	337	22158	22954	153791
UNKNOWN	147	G	0.81497778165	A	0.159841421974	3669	182	18707	396	22954	153791
UNKNOWN	148	G	0.810142023177	A	0.1064738172	2444	1184	18596	730	22954	153791
UNKNOWN	149	T	0.940794632744	G	0.0265748889083	402	347	610	21595	22954	153791
UNKNOWN	150	A	0.931166681188	G	0.0624727716302	21374	42	1434	104	22954	153791
UNKNOWN	151	T	0.990415613836	C	0.00387731985711	73	89	58	22734	22954	153791
UNKNOWN	152	A	0.921756556591	G	0.0467892306352	21158	246	1074	476	22954	153791
UNKNOWN	153	A	0.883375446545	G	0.0994597891435	20277	242	2283	152	22954	153791
UNKNOWN	154	G	0.842249716825	A	0.113139322123	2597	821	19333	203	22954	153791
UNKNOWN	155	T	0.942493683018	C	0.0228718306178	369	525	426	21634	22954	153791
UNKNOWN	156	A	0.787400888734	G	0.175742789928	18074	707	4034	139	22954	153791
UNKNOWN	157	G	0.850483575847	C	0.0643896488629	1432	1478	19522	522	22954	153791
UNKNOWN	158	T	0.962751590137	G	0.0174697220528	261	193	401	22099	22954	153791
UNKNOWN	159	G	0.752417879237	A	0.178226017252	4091	1204	17271	388	22954	153791
UNKNOWN	160	G	0.793282216607	A	0.11492550318	2638	1556	18209	551	22954	153791
UNKNOWN	161	T	0.955693996689	G	0.0162063256949	339	306	372	21937	22954	153791
UNKNOWN	162	G	0.991766140978	A	0.00688333188115	158	17	22765	14	22954	153791
UNKNOWN	163	G	0.990023525311	A	0.00688333188115	158	38	22725	33	22954	153791
UNKNOWN	164	A	0.950553280474	G	0.035897882722	21819	207	824	104	22954	153791
UNKNOWN	165	A	0.931645900497	G	0.0550666550492	21385	188	1264	117	22954	153791
UNKNOWN	166	G	0.77515901368	A	0.118715692254	2725	1524	17793	912	22954	153791
UNKNOWN	167	C	0.885640846911	G	0.0444802648776	869	20329	1021	735	22954	153791
UNKNOWN	168	A	0.960660451337	G	0.0255728849002	22051	267	587	49	22954	153791
UNKNOWN	169	C	0.970636926026	T	0.0195608608521	154	22280	71	449	22954	153791
UNKNOWN	170	A	0.983488716564	G	0.00858238215562	22575	50	197	132	22954	153791
UNKNOWN	171	T	0.973991461183	G	0.0156399756034	97	141	359	22357	22954	153791
UNKNOWN	172	G	0.968720048793	A	0.0229153960094	526	89	22236	103	22954	153791
UNKNOWN	173	C	0.977563823299	T	0.0171647643112	16	22439	105	394	22954	153791
UNKNOWN	174	C	0.96231593622	T	0.0265748889083	126	22089	129	610	22954	153791
UNKNOWN	175	T	0.964232813453	A	0.0154657140368	355	256	210	22133	22954	153791
UNKNOWN	176	T	0.955432604339	C	0.0266184542999	188	611	224	21931	22954	153791
UNKNOWN	177	A	0.987540297987	G	0.00710115883942	22668	96	163	27	22954	153791
UNKNOWN	178	A	0.984142197438	G	0.00866951293892	22590	144	199	21	22954	153791
UNKNOWN	179	C	0.88533588917	T	0.0947982922366	49	20322	407	2176	22954	153791
UNKNOWN	180	C	0.951468153699	T	0.0316720397316	106	21840	281	727	22954	153791
UNKNOWN	181	C	0.990807702361	A	0.00470506229851	108	22743	25	78	22954	153791
UNKNOWN	182	A	0.986930382504	G	0.00910516685545	22654	68	209	23	22954	153791
UNKNOWN	183	G	0.974557811275	A	0.0142023176788	326	91	22370	167	22954	153791
UNKNOWN	184	C	0.985318463013	T	0.0090616014638	46	22617	83	208	22954	153791
UNKNOWN	185	C	0.998039557376	T	0.00117626557463	9	22909	9	27	22954	153791
UNKNOWN	186	C	0.995077110743	T	0.00413871220702	13	22841	5	95	22954	153791
UNKNOWN	187	T	0.993987975952	G	0.00339810054892	17	43	78	22816	22954	153791
UNKNOWN	188	G	0.983750108913	A	0.0122418750545	281	25	22581	67	22954	153791
UNKNOWN	189	A	0.992419621852	G	0.00483575847347	22780	56	111	7	22954	153791
UNKNOWN	190	A	0.992855275769	C	0.00326740437397	22790	75	73	16	22954	153791
UNKNOWN	191	A	0.98945717522	G	0.00579419708983	22712	40	133	69	22954	153791
UNKNOWN	192	T	0.989587871395	C	0.00657837413958	23	151	65	22715	22954	153791
UNKNOWN	193	C	0.997081118759	T	0.00178618105777	22	22887	4	41	22954	153791
UNKNOWN	194	C	0.98945717522	T	0.00723185501438	30	22712	46	166	22954	153791
UNKNOWN	195	C	0.995817722401	G	0.00248322732421	18	22858	57	21	22954	153791
UNKNOWN	196	G	0.997865295809	A	0.00126339635793	29	10	22905	10	22954	153791
UNKNOWN	197	G	0.943713513984	A	0.0440446109611	1011	166	21662	115	22954	153791
UNKNOWN	198	C	0.981615404722	T	0.00910516685545	100	22532	113	209	22954	153791
UNKNOWN	199	T	0.991766140978	C	0.00531497778165	30	122	37	22765	22954	153791
UNKNOWN	200	C	0.991330487061	T	0.00431297377363	81	22755	19	99	22954	153791
UNKNOWN	201	A	0.989805698353	G	0.00845168598066	22720	37	194	3	22954	153791
UNKNOWN	202	G	0.974296418925	C	0.0181232029276	80	416	22364	94	22954	153791
UNKNOWN	203	C	0.949551276466	T	0.0350265748889	211	21796	143	804	22954	153791
UNKNOWN	204	A	0.982094624031	G	0.0125032674044	22543	50	287	74	22954	153791
UNKNOWN	205	T	0.993987975952	C	0.00418227759868	16	96	26	22816	22954	153791
UNKNOWN	206	C	0.982268885597	T	0.00862594754727	187	22547	22	198	22954	153791
UNKNOWN	207	A	0.987366036421	G	0.00640411257297	22664	96	147	47	22954	153791
UNKNOWN	208	C	0.984795678313	G	0.0060120240481	115	22605	138	96	22954	153791
UNKNOWN	209	C	0.950466149691	T	0.0308878626819	190	21817	238	709	22954	153791
UNKNOWN	210	A	0.992288925677	C	0.00396445064041	22777	91	76	10	22954	153791
UNKNOWN	211	A	0.985144201446	G	0.0109784786965	22613	64	252	25	22954	153791
UNKNOWN	212	G	0.989587871395	A	0.00801603206413	184	41	22715	14	22954	153791
UNKNOWN	213	G	0.987191774854	A	0.00871307833057	200	61	22660	33	22954	153791
UNKNOWN	214	A	0.990372048445	C	0.00501002004008	22733	115	72	34	22954	153791
UNKNOWN	215	C	0.986407597804	T	0.00714472423107	91	22642	57	164	22954	153791
UNKNOWN	216	A	0.988237344254	G	0.00688333188115	22684	79	158	33	22954	153791
UNKNOWN	217	A	0.976779646249	G	0.012677528971	22421	210	291	32	22954	153791
UNKNOWN	218	C	0.979654962098	T	0.0153350178618	19	22487	96	352	22954	153791
UNKNOWN	219	T	0.988368040429	C	0.0060991548314	57	140	70	22687	22954	153791
UNKNOWN	220	C	0.994815718393	T	0.00252679271587	56	22835	5	58	22954	153791
UNKNOWN	221	C	0.990851267753	T	0.00409514681537	88	22744	28	94	22954	153791
UNKNOWN	222	A	0.985884813104	C	0.00727542040603	22630	167	143	14	22954	153791
UNKNOWN	223	A	0.980090616015	G	0.0165984142197	22497	41	381	35	22954	153791
UNKNOWN	224	G	0.988019517295	A	0.00570706630653	131	118	22679	26	22954	153791
UNKNOWN	225	A	0.98893439052	G	0.00858238215562	22700	47	197	10	22954	153791
UNKNOWN	226	G	0.952383026923	A	0.0375098022131	861	192	21861	40	22954	153791
UNKNOWN	227	C	0.965888298336	T	0.0257471464668	61	22171	131	591	22954	153791
UNKNOWN	228	C	0.991853271761	A	0.0046179315152	106	22767	70	11	22954	153791
UNKNOWN	229	A	0.992550318027	G	0.00331096976562	22783	50	76	45	22954	153791
UNKNOWN	230	A	0.965321948244	G	0.03162847434	22158	58	726	12	22954	153791
UNKNOWN	231	G	0.962969417095	A	0.0179053759693	411	179	22104	260	22954	153791
UNKNOWN	232	T	0.991199790886	C	0.00714472423107	14	164	24	22752	22954	153791
UNKNOWN	233	C	0.969634922018	T	0.0145072754204	42	22257	322	333	22954	153791
UNKNOWN	234	T	0.989544306003	C	0.00561993552322	40	129	71	22714	22954	153791
UNKNOWN	235	C	0.990677006186	T	0.00753681275595	37	22740	4	173	22954	153791
UNKNOWN	236	T	0.981310446981	C	0.0102378670384	47	235	147	22525	22954	153791
UNKNOWN	237	C	0.99368301821	T	0.00396445064041	23	22809	31	91	22954	153791
UNKNOWN	238	T	0.99394441056	G	0.00309314280735	20	48	71	22815	22954	153791
UNKNOWN	239	G	0.935261828004	A	0.051712119892	1187	114	21468	185	22954	153791
UNKNOWN	240	T	0.987322471029	C	0.00474862769016	82	109	100	22663	22954	153791
UNKNOWN	241	C	0.985362028405	T	0.0111527402631	72	22618	8	256	22954	153791
UNKNOWN	242	A	0.977128169382	G	0.0155528448201	22429	129	357	39	22954	153791
UNKNOWN	243	G	0.849089483314	C	0.0996340507101	697	2287	19490	480	22954	153791
UNKNOWN	244	T	0.990546310011	C	0.00470506229851	16	108	93	22737	22954	153791
UNKNOWN	245	G	0.96732595626	A	0.0229589614011	527	123	22204	100	22954	153791
UNKNOWN	246	A	0.976213296158	G	0.0142023176788	22408	194	326	26	22954	153791
UNKNOWN	247	G	0.934564781737	A	0.0436960878278	1003	320	21452	179	22954	153791
UNKNOWN	248	C	0.956913827655	T	0.0266620196916	241	21965	136	612	22954	153791
UNKNOWN	249	A	0.984316459005	G	0.0127646597543	22594	59	293	8	22954	153791
UNKNOWN	250	G	0.979001481223	A	0.0098022131219	225	223	22472	34	22954	153791
UNKNOWN	251	C	0.984490720572	T	0.00875664372223	39	22598	116	201	22954	153791
UNKNOWN	252	G	0.985100636055	A	0.00936655920537	215	47	22612	80	22954	153791
UNKNOWN	253	T	0.988629432779	C	0.00649124335628	14	149	98	22693	22954	153791
UNKNOWN	254	G	0.953994946415	A	0.0338067439226	776	76	21898	204	22954	153791
UNKNOWN	255	A	0.977258865557	G	0.0137230983707	22432	95	315	112	22954	153791
UNKNOWN	256	C	0.983096628039	T	0.0091487322471	96	22566	82	210	22954	153791
UNKNOWN	257	A	0.959963405071	G	0.0255293195086	22035	166	586	167	22954	153791
UNKNOWN	258	C	0.498649472859	A	0.476648950074	10941	11446	407	160	22954	153791
UNKNOWN	259	C	0.954691992681	T	0.0224797420929	104	21914	420	516	22954	153791
UNKNOWN	260	T	0.96863291801	C	0.0144637100288	66	332	322	22234	22954	153791
UNKNOWN	261	G	0.987714559554	A	0.00797246667248	183	31	22672	68	22954	153791
UNKNOWN	262	A	0.986799686329	G	0.00866951293892	22651	83	199	21	22954	153791
UNKNOWN	263	G	0.9462403067	A	0.0308442972902	708	393	21720	133	22954	153791
UNKNOWN	264	G	0.990197786878	A	0.00649124335628	149	12	22729	64	22954	153791
UNKNOWN	265	A	0.989065086695	C	0.00627341639801	22703	144	74	33	22954	153791
UNKNOWN	266	C	0.980569835323	T	0.00936655920537	162	22508	69	215	22954	153791
UNKNOWN	267	A	0.974819203625	G	0.0118062211379	22376	81	271	226	22954	153791
UNKNOWN	268	C	0.989805698353	G	0.00444366994859	83	22720	102	49	22954	153791
UNKNOWN	269	G	0.960268362813	A	0.0331968284395	762	54	22042	96	22954	153791
UNKNOWN	270	G	0.98919578287	T	0.00392088524876	76	82	22706	90	22954	153791
UNKNOWN	271	C	0.989544306003	G	0.00487932386512	103	22714	112	25	22954	153791
UNKNOWN	272	C	0.987191774854	A	0.00753681275595	173	22660	43	78	22954	153791
UNKNOWN	273	A	0.988585867387	G	0.00561993552322	22692	77	129	56	22954	153791
UNKNOWN	274	C	0.98418576283	A	0.00736255118934	169	22591	34	160	22954	153791
UNKNOWN	275	A	0.964232813453	G	0.020083645552	22133	199	461	161	22954	153791
UNKNOWN	276	T	0.98945717522	G	0.00470506229851	93	41	108	22712	22954	153791
UNKNOWN	277	A	0.986930382504	C	0.00731898579768	22654	168	75	57	22954	153791
UNKNOWN	278	C	0.948767099416	T	0.0475734076849	68	21778	16	1092	22954	153791
UNKNOWN	279	T	0.976431123116	C	0.01054282478	135	242	164	22413	22954	153791
UNKNOWN	280	A	0.971246841509	T	0.0118497865296	22294	260	128	272	22954	153791
UNKNOWN	281	C	0.968197264093	T	0.0275333275246	53	22224	45	632	22954	153791
UNKNOWN	282	T	0.984055066655	G	0.0111091748715	72	39	255	22588	22954	153791
