Type	Position	Nucl1	Freq1	Nucl2	Freq2	NumAs	NumCs	NumGs	NumTs	NumAligned	NumNaive
UNKNOWN	0	C	1.0	A	0.0	0	10794	0	0	10794	45310
UNKNOWN	1	A	1.0	C	0.0	10794	0	0	0	10794	45310
UNKNOWN	2	G	1.0	A	0.0	0	0	10794	0	10794	45310
UNKNOWN	3	G	1.0	A	0.0	0	0	10794	0	10794	45310
UNKNOWN	4	T	1.0	A	0.0	0	0	0	10794	10794	45310
UNKNOWN	5	G	1.0	A	0.0	0	0	10794	0	10794	45310
UNKNOWN	6	C	1.0	A	0.0	0	10794	0	0	10794	45310
UNKNOWN	7	A	0.997405966278	G	0.00203816935334	10766	5	22	1	10794	45310
UNKNOWN	8	G	0.988234204188	A	0.0094496942746	102	17	10667	8	10794	45310
UNKNOWN	9	C	0.993422271632	T	0.00435427089124	16	10723	8	47	10794	45310
UNKNOWN	10	T	0.998702983139	C	0.0012043727997	0	13	1	10780	10794	45310
UNKNOWN	11	G	0.998054474708	A	0.00148230498425	16	1	10773	4	10794	45310
UNKNOWN	12	C	0.998054474708	T	0.00138966092273	6	10773	0	15	10794	45310
UNKNOWN	13	G	0.997313322216	A	0.00222345747638	24	3	10765	2	10794	45310
UNKNOWN	14	G	0.959792477302	C	0.0381693533445	22	412	10360	0	10794	45310
UNKNOWN	15	G	0.998980915323	A	0.000741152492125	8	3	10783	0	10794	45310
UNKNOWN	16	A	0.996201593478	G	0.00194552529183	10753	18	21	2	10794	45310
UNKNOWN	17	G	0.994811932555	A	0.00389105058366	42	10	10738	4	10794	45310
UNKNOWN	18	T	0.998425050954	C	0.00111172873819	2	12	3	10777	10794	45310
UNKNOWN	19	C	0.9987956272	A	0.00101908467667	11	10781	2	0	10794	45310
UNKNOWN	20	G	0.997591254401	A	0.00157494904577	17	1	10768	8	10794	45310
UNKNOWN	21	G	0.999536779692	A	0.000277932184547	3	1	10789	1	10794	45310
UNKNOWN	22	G	0.999166203446	A	0.000463220307578	5	2	10785	2	10794	45310
UNKNOWN	23	C	0.997961830647	T	0.00157494904577	4	10772	1	17	10794	45310
UNKNOWN	24	C	0.999166203446	A	0.000370576246063	4	10785	2	3	10794	45310
UNKNOWN	25	C	0.998610339077	T	0.000741152492125	7	10779	0	8	10794	45310
UNKNOWN	26	C	0.997591254401	A	0.00194552529183	21	10768	0	5	10794	45310
UNKNOWN	27	A	0.99573837317	G	0.00277932184547	10748	15	30	1	10794	45310
UNKNOWN	28	G	0.989253288864	A	0.00796738929035	86	25	10678	5	10794	45310
UNKNOWN	29	C	0.992125254771	T	0.00639244024458	14	10709	2	69	10794	45310
UNKNOWN	30	C	0.99814711877	T	0.00129701686122	1	10774	5	14	10794	45310
UNKNOWN	31	T	0.996108949416	C	0.00166759310728	9	18	15	10752	10794	45310
UNKNOWN	32	G	0.993329627571	A	0.00453955901427	49	13	10722	10	10794	45310
UNKNOWN	33	G	0.995923661293	A	0.00222345747638	24	10	10750	10	10794	45310
UNKNOWN	34	T	0.996294237539	C	0.00213081341486	5	23	12	10754	10794	45310
UNKNOWN	35	G	0.994534000371	A	0.00500277932185	54	1	10735	4	10794	45310
UNKNOWN	36	A	0.99694274597	C	0.00157494904577	10761	17	9	7	10794	45310
UNKNOWN	37	A	0.993700203817	G	0.00342783027608	10726	26	37	5	10794	45310
UNKNOWN	38	G	0.997405966278	A	0.0012043727997	13	12	10766	3	10794	45310
UNKNOWN	39	C	0.991291458218	T	0.00583657587549	14	10700	17	63	10794	45310
UNKNOWN	40	C	0.999073559385	T	0.000555864369094	4	10784	0	6	10794	45310
UNKNOWN	41	C	0.996386881601	G	0.00157494904577	7	10755	17	15	10794	45310
UNKNOWN	42	T	0.996201593478	C	0.00314989809153	4	34	3	10753	10794	45310
UNKNOWN	43	C	0.996201593478	A	0.00268667778395	29	10753	0	12	10794	45310
UNKNOWN	44	A	0.995645729109	G	0.00203816935334	10747	18	22	7	10794	45310
UNKNOWN	45	C	0.995553085047	A	0.00231610153789	25	10746	20	3	10794	45310
UNKNOWN	46	A	0.996572169724	G	0.00222345747638	10757	10	24	3	10794	45310
UNKNOWN	47	G	0.995645729109	A	0.00324254215305	35	4	10747	8	10794	45310
UNKNOWN	48	A	0.994997220678	G	0.00287196590699	10740	18	31	5	10794	45310
UNKNOWN	49	C	0.998054474708	G	0.000833796553641	5	10773	9	7	10794	45310
UNKNOWN	50	C	0.996386881601	T	0.00250138966092	6	10755	6	27	10794	45310
UNKNOWN	51	C	0.997869186585	T	0.00157494904577	5	10771	1	17	10794	45310
UNKNOWN	52	T	0.996572169724	C	0.00314989809153	3	34	0	10757	10794	45310
UNKNOWN	53	C	0.997683898462	T	0.00148230498425	6	10769	3	16	10794	45310
UNKNOWN	54	T	0.995275152863	C	0.00324254215305	4	35	12	10743	10794	45310
UNKNOWN	55	C	0.998239762831	A	0.0012043727997	13	10775	0	6	10794	45310
UNKNOWN	56	C	0.996294237539	T	0.00240874559941	5	10754	9	26	10794	45310
UNKNOWN	57	C	0.99694274597	T	0.00129701686122	5	10761	14	14	10794	45310
UNKNOWN	58	T	0.995460440986	C	0.00407633870669	5	44	0	10745	10794	45310
UNKNOWN	59	C	0.995460440986	A	0.00314989809153	34	10745	1	14	10794	45310
UNKNOWN	60	A	0.99268111914	C	0.00426162682972	10715	46	30	3	10794	45310
UNKNOWN	61	C	0.994348712248	T	0.00398369464517	10	10733	8	43	10794	45310
UNKNOWN	62	C	0.993700203817	T	0.00342783027608	4	10726	27	37	10794	45310
UNKNOWN	63	T	0.997405966278	C	0.00138966092273	2	15	11	10766	10794	45310
UNKNOWN	64	G	0.998054474708	A	0.000926440615157	10	10	10773	1	10794	45310
UNKNOWN	65	C	0.996016305355	T	0.00222345747638	19	10751	0	24	10794	45310
UNKNOWN	66	A	0.993329627571	G	0.00333518621456	10722	32	36	4	10794	45310
UNKNOWN	67	C	0.993329627571	T	0.00352047433759	11	10722	23	38	10794	45310
UNKNOWN	68	G	0.987215119511	A	0.0101908467667	110	21	10656	7	10794	45310
UNKNOWN	69	G	0.649527515286	A	0.34537706133	3728	23	7011	32	10794	45310
UNKNOWN	70	T	0.990550305725	C	0.00750416898277	1	81	20	10692	10794	45310
UNKNOWN	71	C	0.984528441727	T	0.00824532147489	17	10627	61	89	10794	45310
UNKNOWN	72	T	0.99573837317	C	0.00324254215305	1	35	10	10748	10794	45310
UNKNOWN	73	C	0.996386881601	A	0.0017602371688	19	10755	2	18	10794	45310
UNKNOWN	74	T	0.993514915694	C	0.00426162682972	4	46	20	10724	10794	45310
UNKNOWN	75	G	0.995831017232	A	0.00379840652214	41	4	10749	0	10794	45310
UNKNOWN	76	G	0.993700203817	A	0.00481749119881	52	13	10726	3	10794	45310
UNKNOWN	77	A	0.991476746341	C	0.00361311839911	10702	39	25	28	10794	45310
UNKNOWN	78	T	0.99573837317	C	0.00259403372244	6	28	12	10748	10794	45310
UNKNOWN	79	T	0.994904576617	C	0.00398369464517	6	43	6	10739	10794	45310
UNKNOWN	80	C	0.989438576987	T	0.0076894571058	14	10680	17	83	10794	45310
UNKNOWN	81	T	0.994719288494	C	0.00379840652214	4	41	12	10737	10794	45310
UNKNOWN	82	C	0.993051695386	T	0.00398369464517	31	10719	1	43	10794	45310
UNKNOWN	83	A	0.990179729479	G	0.00342783027608	10688	34	37	35	10794	45310
UNKNOWN	84	T	0.99388549194	C	0.00333518621456	16	36	14	10728	10794	45310
UNKNOWN	85	T	0.997220678155	C	0.0012043727997	4	13	13	10764	10794	45310
UNKNOWN	86	G	0.979433018344	A	0.0181582360571	196	16	10572	10	10794	45310
UNKNOWN	87	A	0.988790068557	G	0.00815267741338	10673	26	88	7	10794	45310
UNKNOWN	88	G	0.939874004076	A	0.038632573652	417	190	10145	42	10794	45310
UNKNOWN	89	C	0.957291087641	T	0.0251065406707	103	10333	87	271	10794	45310
UNKNOWN	90	A	0.971187696869	G	0.0201037613489	10483	66	217	28	10794	45310
UNKNOWN	91	G	0.828979062442	A	0.117565314063	1269	401	8948	176	10794	45310
UNKNOWN	92	C	0.956735223272	T	0.0295534556235	97	10327	51	319	10794	45310
UNKNOWN	93	T	0.970724476561	A	0.0127848804892	138	85	93	10478	10794	45310
UNKNOWN	94	A	0.96757457847	T	0.011858439874	10444	104	118	128	10794	45310
UNKNOWN	95	T	0.989716509172	C	0.00481749119881	14	52	45	10683	10794	45310
UNKNOWN	96	G	0.875208449138	A	0.0854178247174	922	205	9447	220	10794	45310
UNKNOWN	97	C	0.891977024273	G	0.0528071150639	193	9628	570	403	10794	45310
UNKNOWN	98	T	0.992403186956	C	0.00518806744488	5	56	21	10712	10794	45310
UNKNOWN	99	G	0.969334815638	A	0.0264962015935	286	8	10463	37	10794	45310
UNKNOWN	100	T	0.996108949416	C	0.00240874559941	11	26	5	10752	10794	45310
UNKNOWN	101	A	0.978228645544	G	0.0140818973504	10559	45	152	38	10794	45310
UNKNOWN	102	G	0.932462479155	A	0.0555864369094	600	101	10065	28	10794	45310
UNKNOWN	103	G	0.825736520289	A	0.127941448953	1381	332	8913	168	10794	45310
UNKNOWN	104	C	0.982490272374	T	0.00972762645914	37	10605	47	105	10794	45310
UNKNOWN	105	T	0.997683898462	G	0.0012043727997	0	12	13	10769	10794	45310
UNKNOWN	106	G	0.998888271262	A	0.000741152492125	8	0	10782	4	10794	45310
UNKNOWN	107	G	0.999351491569	T	0.000463220307578	1	1	10787	5	10794	45310
UNKNOWN	108	G	0.979896238651	A	0.0144524735964	156	22	10577	39	10794	45310
UNKNOWN	109	T	0.994811932555	C	0.00481749119881	2	52	2	10738	10794	45310
UNKNOWN	110	C	0.996572169724	T	0.00222345747638	10	10757	3	24	10794	45310
UNKNOWN	111	C	0.997313322216	G	0.00148230498425	4	10765	16	9	10794	45310
UNKNOWN	112	G	0.997869186585	C	0.00138966092273	7	15	10771	1	10794	45310
UNKNOWN	113	C	0.997591254401	T	0.00185288123031	5	10768	1	20	10794	45310
UNKNOWN	114	C	0.997591254401	A	0.00203816935334	22	10768	2	2	10794	45310
UNKNOWN	115	A	0.993607559755	G	0.00491013526033	10725	12	53	4	10794	45310
UNKNOWN	116	G	0.996757457847	A	0.00231610153789	25	5	10759	5	10794	45310
UNKNOWN	117	G	0.982582916435	A	0.0125069483046	135	44	10606	9	10794	45310
UNKNOWN	118	C	0.996016305355	T	0.0029646099685	2	10751	9	32	10794	45310
UNKNOWN	119	T	0.994441356309	C	0.00361311839911	2	39	19	10734	10794	45310
UNKNOWN	120	C	0.997683898462	G	0.000926440615157	6	10769	10	9	10794	45310
UNKNOWN	121	C	0.997591254401	G	0.00166759310728	2	10768	18	6	10794	45310
UNKNOWN	122	G	0.989160644803	A	0.0101908467667	110	2	10677	5	10794	45310
UNKNOWN	123	G	0.997961830647	C	0.00129701686122	8	14	10772	0	10794	45310
UNKNOWN	124	G	0.997313322216	A	0.00259403372244	28	0	10765	1	10794	45310
UNKNOWN	125	G	0.981841763943	A	0.0174170835649	188	7	10598	1	10794	45310
UNKNOWN	126	A	0.998610339077	G	0.00111172873819	10779	2	12	1	10794	45310
UNKNOWN	127	A	0.99268111914	G	0.00639244024458	10715	7	69	3	10794	45310
UNKNOWN	128	G	0.998610339077	A	0.000926440615157	10	2	10779	3	10794	45310
UNKNOWN	129	G	0.991569390402	A	0.00491013526033	53	25	10703	13	10794	45310
UNKNOWN	130	C	0.994256068186	T	0.00305725403002	7	10732	22	33	10794	45310
UNKNOWN	131	G	0.979525662405	A	0.0154715582731	167	41	10573	13	10794	45310
UNKNOWN	132	C	0.988141560126	T	0.00982027052066	10	10666	12	106	10794	45310
UNKNOWN	133	T	0.989809153233	C	0.00713359273671	4	77	29	10684	10794	45310
UNKNOWN	134	G	0.969056883454	A	0.0283490828238	306	5	10460	23	10794	45310
UNKNOWN	135	G	0.995553085047	A	0.00231610153789	25	20	10746	3	10794	45310
UNKNOWN	136	A	0.995367796924	G	0.00324254215305	10744	4	35	11	10794	45310
UNKNOWN	137	G	0.955067630165	A	0.0365944042987	395	63	10309	27	10794	45310
UNKNOWN	138	T	0.995553085047	G	0.00268667778395	0	19	29	10746	10794	45310
UNKNOWN	139	G	0.994904576617	C	0.00194552529183	15	21	10739	19	10794	45310
UNKNOWN	140	G	0.99508986474	C	0.00222345747638	13	24	10741	16	10794	45310
UNKNOWN	141	G	0.909394107838	A	0.0654993514916	707	241	9816	30	10794	45310
UNKNOWN	142	T	0.99694274597	C	0.00222345747638	2	24	7	10761	10794	45310
UNKNOWN	143	T	0.986103390773	G	0.00796738929035	7	57	86	10644	10794	45310
UNKNOWN	144	G	0.992773763202	A	0.00546599962942	59	1	10716	18	10794	45310
UNKNOWN	145	G	0.987307763572	C	0.0105614230128	2	114	10657	21	10794	45310
UNKNOWN	146	T	0.962849731332	A	0.0138039651658	149	120	132	10393	10794	45310
UNKNOWN	147	G	0.804521030202	A	0.165277005744	1784	77	8684	249	10794	45310
UNKNOWN	148	G	0.78914211599	A	0.140541041319	1517	429	8518	330	10794	45310
UNKNOWN	149	T	0.929034648879	G	0.0336297943302	243	160	363	10028	10794	45310
UNKNOWN	150	A	0.947656105244	G	0.0449323698351	10229	31	485	49	10794	45310
UNKNOWN	151	T	0.98897535668	C	0.00546599962942	46	59	14	10675	10794	45310
UNKNOWN	152	A	0.930146377617	G	0.035760607745	10040	124	386	244	10794	45310
UNKNOWN	153	A	0.896423939225	G	0.082823790995	9676	141	894	83	10794	45310
UNKNOWN	154	G	0.835834722994	A	0.112191958495	1211	451	9022	110	10794	45310
UNKNOWN	155	T	0.956364647026	C	0.0189920326107	103	205	163	10323	10794	45310
UNKNOWN	156	A	0.80989438577	G	0.162497683898	8742	189	1754	109	10794	45310
UNKNOWN	157	G	0.837594960163	C	0.0735593848434	664	794	9041	295	10794	45310
UNKNOWN	158	T	0.956272002965	G	0.0224198628868	124	106	242	10322	10794	45310
UNKNOWN	159	G	0.721234018899	A	0.211228460256	2280	484	7785	245	10794	45310
UNKNOWN	160	G	0.794978691866	A	0.123123957754	1329	666	8581	218	10794	45310
UNKNOWN	161	T	0.962479155086	G	0.0173244395034	95	123	187	10389	10794	45310
UNKNOWN	162	G	0.987400407634	A	0.0102834908282	111	17	10658	8	10794	45310
UNKNOWN	163	G	0.984621085788	A	0.0105614230128	114	33	10628	19	10794	45310
UNKNOWN	164	A	0.964239392255	G	0.0253844728553	10408	71	274	41	10794	45310
UNKNOWN	165	A	0.933481563832	G	0.0554937928479	10076	51	599	68	10794	45310
UNKNOWN	166	G	0.726700018529	A	0.14239392255	1537	944	7844	469	10794	45310
UNKNOWN	167	C	0.864091161757	G	0.0524365388179	365	9327	566	536	10794	45310
UNKNOWN	168	A	0.977765425236	G	0.0113025755049	10554	82	122	36	10794	45310
UNKNOWN	169	C	0.960996850102	T	0.0268667778395	73	10373	58	290	10794	45310
UNKNOWN	170	A	0.987493051695	G	0.00685566055216	10659	24	74	37	10794	45310
UNKNOWN	171	T	0.984528441727	G	0.00861589772096	20	54	93	10627	10794	45310
UNKNOWN	172	G	0.973318510283	A	0.0190846766722	206	41	10506	41	10794	45310
UNKNOWN	173	C	0.984157865481	T	0.0125069483046	5	10623	31	135	10794	45310
UNKNOWN	174	C	0.977209560867	T	0.0166759310728	33	10548	33	180	10794	45310
UNKNOWN	175	T	0.973503798407	A	0.0104687789513	113	109	64	10508	10794	45310
UNKNOWN	176	T	0.960718917917	C	0.020474337595	91	221	112	10370	10794	45310
UNKNOWN	177	A	0.991847322587	G	0.00435427089124	10706	35	47	6	10794	45310
UNKNOWN	178	A	0.987029831388	G	0.00843060959792	10654	43	91	6	10794	45310
UNKNOWN	179	C	0.852603298129	T	0.132851584213	22	9203	135	1434	10794	45310
UNKNOWN	180	C	0.931165462294	T	0.0462293866963	64	10051	180	499	10794	45310
UNKNOWN	181	C	0.983972577358	T	0.00657772836761	64	10621	38	71	10794	45310
UNKNOWN	182	A	0.985640170465	G	0.00741152492125	10639	59	80	16	10794	45310
UNKNOWN	183	G	0.974059662776	A	0.0148230498425	160	88	10514	32	10794	45310
UNKNOWN	184	C	0.976375764314	T	0.0137113211043	46	10539	61	148	10794	45310
UNKNOWN	185	C	0.996850101908	T	0.00203816935334	2	10760	10	22	10794	45310
UNKNOWN	186	C	0.993144339448	T	0.00509542338336	12	10720	7	55	10794	45310
UNKNOWN	187	T	0.994534000371	G	0.00277932184547	14	15	30	10735	10794	45310
UNKNOWN	188	G	0.977765425236	A	0.0171391513804	185	7	10554	48	10794	45310
UNKNOWN	189	A	0.988604780434	G	0.0076894571058	10671	32	83	8	10794	45310
UNKNOWN	190	A	0.993978136001	C	0.0029646099685	10729	32	29	4	10794	45310
UNKNOWN	191	A	0.989345932926	G	0.00555864369094	10679	25	60	30	10794	45310
UNKNOWN	192	T	0.990920881971	C	0.00629979618306	8	68	22	10696	10794	45310
UNKNOWN	193	C	0.997498610339	T	0.00111172873819	8	10767	7	12	10794	45310
UNKNOWN	194	C	0.988234204188	T	0.00620715212155	11	10667	49	67	10794	45310
UNKNOWN	195	C	0.996108949416	G	0.00277932184547	8	10752	30	4	10794	45310
UNKNOWN	196	G	0.996664813785	A	0.00166759310728	18	7	10758	11	10794	45310
UNKNOWN	197	G	0.927367055772	A	0.0546599962942	590	91	10010	103	10794	45310
UNKNOWN	198	C	0.978228645544	T	0.0125995923661	29	10559	70	136	10794	45310
UNKNOWN	199	T	0.99203261071	C	0.00574393181397	9	62	15	10708	10794	45310
UNKNOWN	200	C	0.98591810265	T	0.00778210116732	55	10642	13	84	10794	45310
UNKNOWN	201	A	0.990920881971	G	0.00657772836761	10696	26	71	1	10794	45310
UNKNOWN	202	G	0.969983324069	C	0.0190846766722	52	206	10470	66	10794	45310
UNKNOWN	203	C	0.94070780063	T	0.0433574207893	98	10154	74	468	10794	45310
UNKNOWN	204	A	0.986288678896	G	0.00852325365944	10646	26	92	30	10794	45310
UNKNOWN	205	T	0.994441356309	C	0.0047248471373	7	51	2	10734	10794	45310
UNKNOWN	206	C	0.985269594219	T	0.00806003335186	58	10635	14	87	10794	45310
UNKNOWN	207	A	0.987678339818	G	0.00741152492125	10661	33	80	20	10794	45310
UNKNOWN	208	C	0.983324068927	G	0.0076894571058	29	10614	83	68	10794	45310
UNKNOWN	209	C	0.965814341301	T	0.0169538632574	88	10425	98	183	10794	45310
UNKNOWN	210	A	0.993236983509	G	0.00361311839911	10721	33	39	1	10794	45310
UNKNOWN	211	A	0.989068000741	G	0.00870854178247	10676	19	94	5	10794	45310
UNKNOWN	212	G	0.984157865481	A	0.0119510839355	129	36	10623	6	10794	45310
UNKNOWN	213	G	0.989901797295	A	0.00833796553641	90	15	10685	4	10794	45310
UNKNOWN	214	A	0.991847322587	C	0.00379840652214	10706	41	31	16	10794	45310
UNKNOWN	215	C	0.977116916806	T	0.0144524735964	46	10547	45	156	10794	45310
UNKNOWN	216	A	0.984435797665	G	0.00824532147489	10626	47	89	32	10794	45310
UNKNOWN	217	A	0.984528441727	G	0.00852325365944	10627	62	92	13	10794	45310
UNKNOWN	218	C	0.972206781545	T	0.0202890494719	9	10494	72	219	10794	45310
UNKNOWN	219	T	0.989160644803	C	0.00629979618306	23	68	26	10677	10794	45310
UNKNOWN	220	C	0.99508986474	T	0.00287196590699	20	10741	2	31	10794	45310
UNKNOWN	221	C	0.986381322957	T	0.00602186399852	41	10647	41	65	10794	45310
UNKNOWN	222	A	0.989253288864	G	0.00676301649064	10678	43	73	0	10794	45310
UNKNOWN	223	A	0.985825458588	G	0.0127848804892	10641	7	138	8	10794	45310
UNKNOWN	224	G	0.986937187326	A	0.00713359273671	77	44	10653	20	10794	45310
UNKNOWN	225	A	0.990087085418	G	0.00555864369094	10687	39	60	8	10794	45310
UNKNOWN	226	G	0.94256068186	A	0.0478043357421	516	98	10174	6	10794	45310
UNKNOWN	227	C	0.962201222902	T	0.029646099685	30	10386	58	320	10794	45310
UNKNOWN	228	C	0.988790068557	G	0.00620715212155	46	10673	67	8	10794	45310
UNKNOWN	229	A	0.991291458218	G	0.00555864369094	10700	5	60	29	10794	45310
UNKNOWN	230	A	0.976931628683	G	0.0211228460256	10545	14	228	7	10794	45310
UNKNOWN	231	G	0.964054104132	A	0.0197331851028	213	83	10406	92	10794	45310
UNKNOWN	232	T	0.992588475079	C	0.00629979618306	6	68	6	10714	10794	45310
UNKNOWN	233	C	0.960718917917	T	0.0203816935334	14	10370	190	220	10794	45310
UNKNOWN	234	T	0.992125254771	C	0.00528071150639	6	57	22	10709	10794	45310
UNKNOWN	235	C	0.987400407634	T	0.0106540670743	19	10658	2	115	10794	45310
UNKNOWN	236	T	0.985084306096	C	0.0100982027052	15	109	37	10633	10794	45310
UNKNOWN	237	C	0.988512136372	T	0.00796738929035	11	10670	27	86	10794	45310
UNKNOWN	238	T	0.994163424125	G	0.0029646099685	5	26	32	10731	10794	45310
UNKNOWN	239	G	0.950157494905	A	0.0329812858996	356	87	10256	95	10794	45310
UNKNOWN	240	T	0.985732814527	G	0.00602186399852	31	58	65	10640	10794	45310
UNKNOWN	241	C	0.980081526774	T	0.0162127107652	33	10579	7	175	10794	45310
UNKNOWN	242	A	0.97980359459	G	0.0125995923661	10576	44	136	38	10794	45310
UNKNOWN	243	G	0.895590142672	C	0.0486381322957	485	525	9667	117	10794	45310
UNKNOWN	244	T	0.990735593848	C	0.00509542338336	8	55	37	10694	10794	45310
UNKNOWN	245	G	0.969890680007	A	0.0217713544562	235	44	10469	46	10794	45310
UNKNOWN	246	A	0.981100611451	G	0.0122290161201	10590	54	132	18	10794	45310
UNKNOWN	247	G	0.913933666852	A	0.0596627756161	644	198	9865	87	10794	45310
UNKNOWN	248	C	0.960718917917	T	0.0286270150083	65	10370	50	309	10794	45310
UNKNOWN	249	A	0.987400407634	G	0.0113025755049	10658	13	122	1	10794	45310
UNKNOWN	250	G	0.979710950528	A	0.0122290161201	132	73	10575	14	10794	45310
UNKNOWN	251	C	0.983046136743	T	0.0103761348898	18	10611	53	112	10794	45310
UNKNOWN	252	G	0.981563831758	A	0.0128775245507	139	25	10595	35	10794	45310
UNKNOWN	253	T	0.988697424495	C	0.00759681304428	7	82	33	10672	10794	45310
UNKNOWN	254	G	0.951176579581	A	0.035390031499	382	91	10267	54	10794	45310
UNKNOWN	255	A	0.980730035205	G	0.0143598295349	10586	35	155	18	10794	45310
UNKNOWN	256	C	0.985732814527	T	0.00518806744488	53	10640	45	56	10794	45310
UNKNOWN	257	A	0.9694274597	G	0.0210302019641	10464	58	227	45	10794	45310
UNKNOWN	258	C	0.661293311099	A	0.316564758199	3417	7138	154	85	10794	45310
UNKNOWN	259	C	0.960533629794	T	0.0187141004262	67	10368	157	202	10794	45310
UNKNOWN	260	T	0.978506577728	G	0.00982027052066	36	90	106	10562	10794	45310
UNKNOWN	261	G	0.990365017602	A	0.00741152492125	80	9	10690	15	10794	45310
UNKNOWN	262	A	0.988048916064	G	0.00852325365944	10665	25	92	12	10794	45310
UNKNOWN	263	G	0.942468037799	A	0.0349268111914	377	191	10173	53	10794	45310
UNKNOWN	264	G	0.991569390402	A	0.00509542338336	55	8	10703	28	10794	45310
UNKNOWN	265	A	0.989901797295	C	0.005929219937	10685	64	34	11	10794	45310
UNKNOWN	266	C	0.97554196776	T	0.0151009820271	81	10530	20	163	10794	45310
UNKNOWN	267	A	0.978969798036	G	0.0105614230128	10567	42	114	71	10794	45310
UNKNOWN	268	C	0.990642949787	G	0.00444691495275	18	10693	48	35	10794	45310
UNKNOWN	269	G	0.974522883083	A	0.0201964054104	218	27	10519	30	10794	45310
UNKNOWN	270	G	0.990735593848	A	0.00361311839911	39	35	10694	26	10794	45310
UNKNOWN	271	C	0.993422271632	A	0.00333518621456	36	10723	28	7	10794	45310
UNKNOWN	272	C	0.98897535668	A	0.00713359273671	77	10675	14	28	10794	45310
UNKNOWN	273	A	0.990179729479	G	0.00426162682972	10688	38	46	22	10794	45310
UNKNOWN	274	C	0.982490272374	T	0.00796738929035	83	10605	20	86	10794	45310
UNKNOWN	275	A	0.969705391884	G	0.017602371688	10467	67	190	70	10794	45310
UNKNOWN	276	T	0.992588475079	A	0.00342783027608	37	25	18	10714	10794	45310
UNKNOWN	277	A	0.991939966648	C	0.00453955901427	10707	49	18	20	10794	45310
UNKNOWN	278	C	0.936631461923	T	0.0611450806003	21	10110	3	660	10794	45310
UNKNOWN	279	T	0.985547526404	C	0.00583657587549	58	63	35	10638	10794	45310
UNKNOWN	280	A	0.980637391143	T	0.00843060959792	10585	81	37	91	10794	45310
UNKNOWN	281	C	0.964146748193	T	0.0327959977765	16	10407	17	354	10794	45310
UNKNOWN	282	T	0.991476746341	G	0.00602186399852	14	13	65	10702	10794	45310
