Type	Position	Nucl1	Freq1	Nucl2	Freq2	NumAs	NumCs	NumGs	NumTs	NumAligned	NumNaive
UNKNOWN	0	C	1.0	A	0.0	0	6906	0	0	6906	45310
UNKNOWN	1	A	1.0	C	0.0	6906	0	0	0	6906	45310
UNKNOWN	2	G	1.0	A	0.0	0	0	6906	0	6906	45310
UNKNOWN	3	G	1.0	A	0.0	0	0	6906	0	6906	45310
UNKNOWN	4	T	1.0	A	0.0	0	0	0	6906	6906	45310
UNKNOWN	5	G	1.0	A	0.0	0	0	6906	0	6906	45310
UNKNOWN	6	C	1.0	A	0.0	0	6906	0	0	6906	45310
UNKNOWN	7	A	0.998117578917	G	0.000868809730669	6893	5	6	2	6906	45310
UNKNOWN	8	G	0.990443092963	A	0.00724008108891	50	15	6840	1	6906	45310
UNKNOWN	9	C	0.996090356212	T	0.00188242108312	8	6879	6	13	6906	45310
UNKNOWN	10	T	0.998986388648	C	0.000868809730669	1	6	0	6899	6906	45310
UNKNOWN	11	G	0.998262380539	A	0.000868809730669	6	5	6894	1	6906	45310
UNKNOWN	12	C	0.998841587026	T	0.00101361135245	1	6898	0	7	6906	45310
UNKNOWN	13	G	0.999131190269	A	0.000724008108891	5	1	6900	0	6906	45310
UNKNOWN	14	C	0.563712713582	G	0.4348392702	4	3893	3003	6	6906	45310
UNKNOWN	15	G	0.999565595135	A	0.000434404865334	3	0	6903	0	6906	45310
UNKNOWN	16	A	0.997972777295	G	0.00144801621778	6892	3	10	1	6906	45310
UNKNOWN	17	G	0.99348392702	A	0.00550246162757	38	6	6861	1	6906	45310
UNKNOWN	18	T	0.998551983782	G	0.000868809730669	1	3	6	6896	6906	45310
UNKNOWN	19	C	0.998841587026	A	0.000434404865334	3	6898	2	3	6906	45310
UNKNOWN	20	G	0.998841587026	A	0.000724008108891	5	0	6898	3	6906	45310
UNKNOWN	21	G	0.999565595135	A	0.000289603243556	2	1	6903	0	6906	45310
UNKNOWN	22	G	0.999275991891	C	0.000434404865334	2	3	6901	0	6906	45310
UNKNOWN	23	C	0.999565595135	A	0.000289603243556	2	6903	0	1	6906	45310
UNKNOWN	24	C	0.998262380539	A	0.000868809730669	6	6894	3	3	6906	45310
UNKNOWN	25	C	0.999275991891	T	0.000724008108891	0	6901	0	5	6906	45310
UNKNOWN	26	C	0.998551983782	A	0.001303214596	9	6896	0	1	6906	45310
UNKNOWN	27	A	0.997393570808	G	0.00246162757023	6888	1	17	0	6906	45310
UNKNOWN	28	G	0.992904720533	A	0.00564726324935	39	10	6857	0	6906	45310
UNKNOWN	29	C	0.997827975673	A	0.001303214596	9	6891	0	6	6906	45310
UNKNOWN	30	C	0.99840718216	T	0.00101361135245	4	6895	0	7	6906	45310
UNKNOWN	31	T	0.998262380539	C	0.000724008108891	2	5	5	6894	6906	45310
UNKNOWN	32	G	0.994497538372	A	0.00419924703157	29	3	6868	6	6906	45310
UNKNOWN	33	G	0.994931943238	C	0.00304083405734	7	21	6871	7	6906	45310
UNKNOWN	34	T	0.997972777295	C	0.00115841297423	0	8	6	6892	6906	45310
UNKNOWN	35	G	0.996959165943	A	0.00231682594845	16	3	6885	2	6906	45310
UNKNOWN	36	A	0.998117578917	G	0.00115841297423	6893	2	8	3	6906	45310
UNKNOWN	37	A	0.99507674486	G	0.00390964378801	6872	6	27	1	6906	45310
UNKNOWN	38	G	0.998117578917	A	0.00115841297423	8	5	6893	0	6906	45310
UNKNOWN	39	C	0.995221546481	T	0.00202722270489	6	6873	13	14	6906	45310
UNKNOWN	40	C	0.999275991891	A	0.000724008108891	5	6901	0	0	6906	45310
UNKNOWN	41	C	0.99753837243	T	0.00115841297423	2	6889	7	8	6906	45310
UNKNOWN	42	T	0.99753837243	C	0.00231682594845	1	16	0	6889	6906	45310
UNKNOWN	43	C	0.995800752968	A	0.00275123081379	19	6877	0	10	6906	45310
UNKNOWN	44	A	0.995800752968	G	0.00246162757023	6877	11	17	1	6906	45310
UNKNOWN	45	C	0.996814364321	A	0.00202722270489	14	6884	6	2	6906	45310
UNKNOWN	46	A	0.997972777295	G	0.00159281783956	6892	2	11	1	6906	45310
UNKNOWN	47	G	0.995800752968	A	0.00362004054445	25	4	6877	0	6906	45310
UNKNOWN	48	A	0.995221546481	C	0.00246162757023	6873	17	12	4	6906	45310
UNKNOWN	49	C	0.997827975673	T	0.00144801621778	4	6891	1	10	6906	45310
UNKNOWN	50	C	0.997972777295	G	0.00101361135245	2	6892	7	5	6906	45310
UNKNOWN	51	C	0.998696785404	T	0.00101361135245	1	6897	1	7	6906	45310
UNKNOWN	52	T	0.997248769186	C	0.00260642919201	1	18	0	6887	6906	45310
UNKNOWN	53	C	0.995221546481	G	0.00376484216623	2	6873	26	5	6906	45310
UNKNOWN	54	T	0.996235157834	C	0.00318563567912	3	22	1	6880	6906	45310
UNKNOWN	55	C	0.999275991891	A	0.000434404865334	3	6901	1	1	6906	45310
UNKNOWN	56	C	0.996669562699	T	0.00217202432667	5	6883	3	15	6906	45310
UNKNOWN	57	C	0.99753837243	A	0.00101361135245	7	6889	4	6	6906	45310
UNKNOWN	58	T	0.996959165943	C	0.00289603243556	1	20	0	6885	6906	45310
UNKNOWN	59	C	0.998117578917	A	0.001303214596	9	6893	0	4	6906	45310
UNKNOWN	60	A	0.997248769186	C	0.00159281783956	6887	11	6	2	6906	45310
UNKNOWN	61	C	0.998117578917	T	0.00101361135245	4	6893	2	7	6906	45310
UNKNOWN	62	C	0.995655951347	T	0.00419924703157	1	6876	0	29	6906	45310
UNKNOWN	63	T	0.99753837243	C	0.001303214596	1	9	7	6889	6906	45310
UNKNOWN	64	G	0.998117578917	A	0.00101361135245	7	6	6893	0	6906	45310
UNKNOWN	65	C	0.996669562699	A	0.00231682594845	16	6883	0	7	6906	45310
UNKNOWN	66	A	0.995366348103	C	0.00231682594845	6874	16	14	2	6906	45310
UNKNOWN	67	C	0.995511149725	T	0.00275123081379	4	6875	8	19	6906	45310
UNKNOWN	68	G	0.992759918911	A	0.0066608746018	46	3	6856	1	6906	45310
UNKNOWN	69	G	0.98045178106	A	0.0173761946134	120	8	6771	7	6906	45310
UNKNOWN	70	T	0.99594555459	C	0.00347523892268	1	24	3	6878	6906	45310
UNKNOWN	71	C	0.988850275123	T	0.00535766000579	7	6829	33	37	6906	45310
UNKNOWN	72	T	0.995511149725	C	0.00376484216623	0	26	5	6875	6906	45310
UNKNOWN	73	C	0.998986388648	T	0.000868809730669	1	6899	0	6	6906	45310
UNKNOWN	74	T	0.996090356212	C	0.00231682594845	1	16	10	6879	6906	45310
UNKNOWN	75	G	0.997248769186	A	0.00275123081379	19	0	6887	0	6906	45310
UNKNOWN	76	G	0.990587894584	A	0.0092673037938	64	0	6841	1	6906	45310
UNKNOWN	77	A	0.998117578917	T	0.00101361135245	6893	2	4	7	6906	45310
UNKNOWN	78	T	0.998986388648	G	0.000579206487113	0	3	4	6899	6906	45310
UNKNOWN	79	T	0.997248769186	C	0.00275123081379	0	19	0	6887	6906	45310
UNKNOWN	80	C	0.995655951347	T	0.00304083405734	2	6876	7	21	6906	45310
UNKNOWN	81	T	0.997683174052	C	0.00188242108312	1	13	2	6890	6906	45310
UNKNOWN	82	C	0.996379959456	A	0.00188242108312	13	6881	0	12	6906	45310
UNKNOWN	83	A	0.99348392702	G	0.00318563567912	6861	7	22	16	6906	45310
UNKNOWN	84	T	0.975383724298	C	0.0220098465103	4	152	14	6736	6906	45310
UNKNOWN	85	T	0.997683174052	G	0.001303214596	1	6	9	6890	6906	45310
UNKNOWN	86	G	0.988415870258	A	0.0105705183898	73	2	6826	5	6906	45310
UNKNOWN	87	A	0.993049522155	G	0.00535766000579	6858	9	37	2	6906	45310
UNKNOWN	88	G	0.969157254561	A	0.0209962351578	145	49	6693	19	6906	45310
UNKNOWN	89	C	0.982623805387	T	0.00912250217202	34	6786	23	63	6906	45310
UNKNOWN	90	A	0.994063133507	G	0.00535766000579	6865	3	37	1	6906	45310
UNKNOWN	91	G	0.945844193455	A	0.035910802201	248	95	6532	31	6906	45310
UNKNOWN	92	C	0.978279756733	T	0.0123081378511	19	6756	46	85	6906	45310
UNKNOWN	93	T	0.986099044309	A	0.00637127135824	44	30	22	6810	6906	45310
UNKNOWN	94	A	0.986243845931	C	0.00564726324935	6811	39	26	30	6906	45310
UNKNOWN	95	T	0.994063133507	C	0.00347523892268	0	24	17	6865	6906	45310
UNKNOWN	96	G	0.92832319722	A	0.0405444540979	280	82	6411	133	6906	45310
UNKNOWN	97	C	0.937590501014	G	0.0224442513756	123	6475	155	153	6906	45310
UNKNOWN	98	T	0.994063133507	G	0.00275123081379	5	17	19	6865	6906	45310
UNKNOWN	99	G	0.967854039965	A	0.0292499275992	202	5	6684	15	6906	45310
UNKNOWN	100	T	0.997827975673	C	0.00115841297423	7	8	0	6891	6906	45310
UNKNOWN	101	A	0.96582681726	G	0.0217202432667	6670	35	150	51	6906	45310
UNKNOWN	102	A	0.911526209094	G	0.0763104546771	6295	60	527	24	6906	45310
UNKNOWN	103	G	0.702143064002	A	0.19055893426	1316	619	4849	122	6906	45310
UNKNOWN	104	C	0.980306979438	T	0.0159281783956	15	6770	11	110	6906	45310
UNKNOWN	105	T	0.997683174052	G	0.00144801621778	0	6	10	6890	6906	45310
UNKNOWN	106	G	0.999855198378	A	0.000144801621778	1	0	6905	0	6906	45310
UNKNOWN	107	G	0.999710396756	A	0.000144801621778	1	0	6904	1	6906	45310
UNKNOWN	108	G	0.981175789169	A	0.0140457573125	97	9	6776	24	6906	45310
UNKNOWN	109	T	0.997683174052	C	0.00231682594845	0	16	0	6890	6906	45310
UNKNOWN	110	C	0.998117578917	A	0.00101361135245	7	6893	1	5	6906	45310
UNKNOWN	111	C	0.997393570808	G	0.00188242108312	1	6888	13	4	6906	45310
UNKNOWN	112	G	0.997683174052	C	0.00188242108312	2	13	6890	1	6906	45310
UNKNOWN	113	C	0.997103967564	T	0.00231682594845	3	6886	1	16	6906	45310
UNKNOWN	114	C	0.997248769186	A	0.00217202432667	15	6887	0	4	6906	45310
UNKNOWN	115	A	0.993194323776	G	0.00521285838401	6859	10	36	1	6906	45310
UNKNOWN	116	G	0.99753837243	T	0.00101361135245	5	5	6889	7	6906	45310
UNKNOWN	117	G	0.979872574573	A	0.0149145670432	103	20	6767	16	6906	45310
UNKNOWN	118	C	0.995511149725	T	0.0033304373009	1	6875	7	23	6906	45310
UNKNOWN	119	T	0.995655951347	C	0.00376484216623	0	26	4	6876	6906	45310
UNKNOWN	120	C	0.998117578917	T	0.001303214596	2	6893	2	9	6906	45310
UNKNOWN	121	C	0.99753837243	A	0.00231682594845	16	6889	0	1	6906	45310
UNKNOWN	122	A	0.988995076745	G	0.0101361135245	6830	6	70	0	6906	45310
UNKNOWN	123	G	0.998696785404	A	0.000579206487113	4	4	6897	1	6906	45310
UNKNOWN	124	G	0.997103967564	A	0.00246162757023	17	2	6886	1	6906	45310
UNKNOWN	125	G	0.988705473501	A	0.0105705183898	73	2	6828	3	6906	45310
UNKNOWN	126	A	0.997683174052	G	0.00188242108312	6890	2	13	1	6906	45310
UNKNOWN	127	A	0.989139878367	G	0.00955690703736	6831	7	66	2	6906	45310
UNKNOWN	128	G	0.996235157834	A	0.00304083405734	21	5	6880	0	6906	45310
UNKNOWN	129	G	0.986243845931	A	0.00941210541558	65	27	6811	3	6906	45310
UNKNOWN	130	C	0.994497538372	G	0.00318563567912	2	6868	22	14	6906	45310
UNKNOWN	131	G	0.98696785404	A	0.00680567622357	47	16	6816	27	6906	45310
UNKNOWN	132	C	0.994352736751	T	0.00477845351868	2	6867	4	33	6906	45310
UNKNOWN	133	T	0.992180712424	G	0.00419924703157	1	24	29	6852	6906	45310
UNKNOWN	134	G	0.988850275123	A	0.00970170865914	67	4	6829	6	6906	45310
UNKNOWN	135	G	0.996090356212	A	0.00318563567912	22	5	6879	0	6906	45310
UNKNOWN	136	A	0.995511149725	G	0.00390964378801	6875	3	27	1	6906	45310
UNKNOWN	137	G	0.976831740515	A	0.0198378221836	137	7	6746	16	6906	45310
UNKNOWN	138	T	0.994642339994	C	0.00260642919201	2	18	17	6869	6906	45310
UNKNOWN	139	G	0.991167101072	A	0.00622646973646	43	15	6845	3	6906	45310
UNKNOWN	140	C	0.614393281205	G	0.364900086881	7	4243	2520	136	6906	45310
UNKNOWN	141	C	0.657399362873	G	0.316391543585	155	4540	2185	26	6906	45310
UNKNOWN	142	T	0.997103967564	C	0.00246162757023	2	17	1	6886	6906	45310
UNKNOWN	143	C	0.65638575152	T	0.334491746308	6	4533	57	2310	6906	45310
UNKNOWN	144	G	0.991601505937	A	0.00709527946713	49	2	6848	7	6906	45310
UNKNOWN	145	G	0.992470315668	C	0.00506805676224	1	35	6854	16	6906	45310
UNKNOWN	146	T	0.990732696206	G	0.00521285838401	11	17	36	6842	6906	45310
UNKNOWN	147	G	0.918042282074	A	0.0650159281784	449	37	6340	80	6906	45310
UNKNOWN	148	G	0.941500144802	C	0.0243266724587	153	168	6502	83	6906	45310
UNKNOWN	149	T	0.972777295106	G	0.0111497248769	58	53	77	6718	6906	45310
UNKNOWN	150	A	0.959745149146	G	0.037214016797	6628	1	257	20	6906	45310
UNKNOWN	151	T	0.992759918911	C	0.00347523892268	22	24	4	6856	6906	45310
UNKNOWN	152	A	0.95844193455	G	0.0207066319143	6619	59	143	85	6906	45310
UNKNOWN	153	A	0.929336808572	G	0.0561830292499	6418	67	388	33	6906	45310
UNKNOWN	154	G	0.856935997683	A	0.0960034752389	663	231	5918	94	6906	45310
UNKNOWN	155	C	0.890674775557	T	0.0709527946713	147	6151	118	490	6906	45310
UNKNOWN	156	A	0.93730089777	G	0.0570518389806	6473	35	394	4	6906	45310
UNKNOWN	157	G	0.934115262091	A	0.0341731827396	236	127	6451	92	6906	45310
UNKNOWN	158	T	0.962785983203	G	0.0225890529974	50	51	156	6649	6906	45310
UNKNOWN	159	G	0.876484216623	A	0.102519548219	708	112	6053	33	6906	45310
UNKNOWN	160	G	0.919200695048	A	0.0525629887055	363	124	6348	71	6906	45310
UNKNOWN	161	T	0.981899797278	G	0.00912250217202	11	51	63	6781	6906	45310
UNKNOWN	162	G	0.989139878367	A	0.0092673037938	64	5	6831	6	6906	45310
UNKNOWN	163	G	0.988415870258	A	0.00738488271069	51	22	6826	7	6906	45310
UNKNOWN	164	A	0.983058210252	G	0.01303214596	6789	9	90	18	6906	45310
UNKNOWN	165	A	0.95438748914	G	0.0364900086881	6591	25	252	38	6906	45310
UNKNOWN	166	G	0.761946133797	A	0.134665508254	930	449	5262	265	6906	45310
UNKNOWN	167	C	0.924123950188	T	0.0340283811179	142	6382	147	235	6906	45310
UNKNOWN	168	A	0.974659716189	G	0.0163625832609	6731	47	113	15	6906	45310
UNKNOWN	169	C	0.970894874023	T	0.0165073848827	43	6705	44	114	6906	45310
UNKNOWN	170	A	0.982189400521	G	0.00839849406313	6783	30	58	35	6906	45310
UNKNOWN	171	G	0.544309296264	T	0.368520127425	445	157	3759	2545	6906	45310
UNKNOWN	172	A	0.61888213148	G	0.322618013322	4274	270	2228	134	6906	45310
UNKNOWN	173	C	0.973646104836	G	0.0125977410947	13	6724	87	82	6906	45310
UNKNOWN	174	T	0.990008688097	C	0.00448885027512	25	31	13	6837	6906	45310
UNKNOWN	175	A	0.990298291341	T	0.00651607298002	6839	12	10	45	6906	45310
UNKNOWN	176	T	0.988705473501	C	0.00825369244136	16	57	5	6828	6906	45310
UNKNOWN	177	A	0.994787141616	C	0.00289603243556	6870	20	12	4	6906	45310
UNKNOWN	178	A	0.992470315668	G	0.00419924703157	6854	22	29	1	6906	45310
UNKNOWN	179	C	0.943382565885	T	0.0508253692441	8	6515	32	351	6906	45310
UNKNOWN	180	C	0.964813205908	T	0.0207066319143	17	6663	83	143	6906	45310
UNKNOWN	181	C	0.991167101072	A	0.00390964378801	27	6845	8	26	6906	45310
UNKNOWN	182	A	0.990877497828	G	0.00506805676224	6843	17	35	11	6906	45310
UNKNOWN	183	G	0.978424558355	A	0.0160729800174	111	34	6757	4	6906	45310
UNKNOWN	184	C	0.987112655662	T	0.00810889081958	11	6817	22	56	6906	45310
UNKNOWN	185	C	0.999131190269	T	0.000434404865334	2	6900	1	3	6906	45310
UNKNOWN	186	C	0.995221546481	T	0.00318563567912	3	6873	8	22	6906	45310
UNKNOWN	187	T	0.996235157834	G	0.00246162757023	2	7	17	6880	6906	45310
UNKNOWN	188	G	0.967564436722	A	0.028091514625	194	7	6682	23	6906	45310
UNKNOWN	189	A	0.993339125398	C	0.00318563567912	6860	22	22	2	6906	45310
UNKNOWN	190	A	0.995511149725	G	0.00304083405734	6875	5	21	5	6906	45310
UNKNOWN	191	A	0.99348392702	T	0.0033304373009	6861	6	16	23	6906	45310
UNKNOWN	192	T	0.994352736751	C	0.00521285838401	2	36	1	6867	6906	45310
UNKNOWN	193	C	0.997393570808	T	0.00188242108312	4	6888	1	13	6906	45310
UNKNOWN	194	C	0.98942948161	T	0.00608166811468	16	6833	15	42	6906	45310
UNKNOWN	195	C	0.995655951347	G	0.00304083405734	3	6876	21	6	6906	45310
UNKNOWN	196	G	0.997972777295	A	0.00159281783956	11	1	6892	2	6906	45310
UNKNOWN	197	G	0.945988995077	A	0.0393860411237	272	59	6533	42	6906	45310
UNKNOWN	198	C	0.991311902693	T	0.0046336518969	14	6846	14	32	6906	45310
UNKNOWN	199	T	0.994352736751	C	0.00448885027512	2	31	6	6867	6906	45310
UNKNOWN	200	C	0.994063133507	A	0.00347523892268	24	6865	9	8	6906	45310
UNKNOWN	201	A	0.992035910802	G	0.00492325514046	6851	20	34	1	6906	45310
UNKNOWN	202	G	0.981465392412	C	0.0137561540689	14	95	6778	19	6906	45310
UNKNOWN	203	C	0.962785983203	T	0.025485085433	52	6649	29	176	6906	45310
UNKNOWN	204	A	0.990153489719	G	0.0046336518969	6838	11	32	25	6906	45310
UNKNOWN	205	T	0.993628728642	C	0.00564726324935	1	39	4	6862	6906	45310
UNKNOWN	206	C	0.992325514046	T	0.00405444540979	25	6853	0	28	6906	45310
UNKNOWN	207	A	0.990298291341	G	0.00434404865334	6839	22	30	15	6906	45310
UNKNOWN	208	C	0.992035910802	T	0.00376484216623	4	6851	25	26	6906	45310
UNKNOWN	209	C	0.974514914567	T	0.0110049232551	48	6730	52	76	6906	45310
UNKNOWN	210	A	0.997972777295	G	0.00159281783956	6892	3	11	0	6906	45310
UNKNOWN	211	A	0.992759918911	G	0.0066608746018	6856	3	46	1	6906	45310
UNKNOWN	212	G	0.989139878367	A	0.00897770055025	62	7	6831	6	6906	45310
UNKNOWN	213	G	0.991746307559	A	0.00724008108891	50	2	6849	5	6906	45310
UNKNOWN	214	A	0.994497538372	C	0.00347523892268	6868	24	12	2	6906	45310
UNKNOWN	215	C	0.987836663771	T	0.00608166811468	27	6822	15	42	6906	45310
UNKNOWN	216	A	0.995366348103	G	0.0033304373009	6874	4	23	5	6906	45310
UNKNOWN	217	A	0.989719084854	G	0.00579206487113	6835	25	40	6	6906	45310
UNKNOWN	218	C	0.980162177816	T	0.0173761946134	2	6769	15	120	6906	45310
UNKNOWN	219	T	0.99102229945	C	0.00564726324935	13	39	10	6844	6906	45310
UNKNOWN	220	C	0.997972777295	T	0.00159281783956	3	6892	0	11	6906	45310
UNKNOWN	221	C	0.989863886476	A	0.00492325514046	34	6836	8	28	6906	45310
UNKNOWN	222	A	0.99189110918	C	0.00477845351868	6850	33	23	0	6906	45310
UNKNOWN	223	A	0.98942948161	G	0.00970170865914	6833	2	67	4	6906	45310
UNKNOWN	224	G	0.987691862149	A	0.00839849406313	58	24	6821	3	6906	45310
UNKNOWN	225	A	0.992035910802	G	0.00651607298002	6851	6	45	4	6906	45310
UNKNOWN	226	G	0.955545902114	A	0.0370692151752	256	48	6599	3	6906	45310
UNKNOWN	227	C	0.982334202143	T	0.015638575152	7	6784	7	108	6906	45310
UNKNOWN	228	C	0.992035910802	A	0.00390964378801	27	6851	27	1	6906	45310
UNKNOWN	229	A	0.996379959456	G	0.00188242108312	6881	2	13	10	6906	45310
UNKNOWN	230	A	0.98696785404	G	0.011728931364	6816	8	81	1	6906	45310
UNKNOWN	231	G	0.976831740515	A	0.0114393281205	79	26	6746	55	6906	45310
UNKNOWN	232	T	0.992615117289	C	0.00608166811468	1	42	8	6855	6906	45310
UNKNOWN	233	C	0.980306979438	T	0.0118737329858	14	6770	40	82	6906	45310
UNKNOWN	234	T	0.993773530264	C	0.00448885027512	3	31	9	6863	6906	45310
UNKNOWN	235	C	0.994497538372	T	0.00521285838401	1	6868	1	36	6906	45310
UNKNOWN	236	T	0.989719084854	C	0.00738488271069	4	51	16	6835	6906	45310
UNKNOWN	237	C	0.990298291341	T	0.00637127135824	2	6839	21	44	6906	45310
UNKNOWN	238	T	0.996090356212	G	0.00304083405734	1	5	21	6879	6906	45310
UNKNOWN	239	G	0.966550825369	A	0.0202722270489	140	39	6675	52	6906	45310
UNKNOWN	240	T	0.993918331885	C	0.00477845351868	3	33	6	6864	6906	45310
UNKNOWN	241	C	0.990298291341	T	0.0059368664929	26	6839	0	41	6906	45310
UNKNOWN	242	A	0.985085432957	G	0.00999131190269	6803	16	69	18	6906	45310
UNKNOWN	243	G	0.928612800463	A	0.0362004054445	250	186	6413	57	6906	45310
UNKNOWN	244	T	0.993773530264	G	0.00376484216623	3	14	26	6863	6906	45310
UNKNOWN	245	G	0.979727772951	A	0.0140457573125	97	24	6766	19	6906	45310
UNKNOWN	246	A	0.98856067188	G	0.00883289892847	6827	16	61	2	6906	45310
UNKNOWN	247	G	0.942224152911	A	0.0383724297712	265	104	6507	30	6906	45310
UNKNOWN	248	C	0.975962930785	T	0.0162177816392	35	6740	19	112	6906	45310
UNKNOWN	249	A	0.991456704315	G	0.00781928757602	6847	5	54	0	6906	45310
UNKNOWN	250	G	0.979727772951	A	0.0137561540689	95	42	6766	3	6906	45310
UNKNOWN	251	C	0.987402258905	T	0.00810889081958	3	6819	28	56	6906	45310
UNKNOWN	252	G	0.990008688097	A	0.00550246162757	38	7	6837	24	6906	45310
UNKNOWN	253	T	0.991456704315	C	0.00477845351868	1	33	25	6847	6906	45310
UNKNOWN	254	G	0.976976542137	A	0.018245004344	126	14	6747	19	6906	45310
UNKNOWN	255	A	0.990443092963	G	0.00521285838401	6840	25	36	5	6906	45310
UNKNOWN	256	C	0.988126267014	A	0.00564726324935	39	6824	28	15	6906	45310
UNKNOWN	257	A	0.984651028092	G	0.00825369244136	6800	30	57	19	6906	45310
UNKNOWN	258	C	0.984940631335	A	0.00868809730669	60	6802	21	23	6906	45310
UNKNOWN	259	C	0.99102229945	T	0.00738488271069	8	6844	3	51	6906	45310
UNKNOWN	260	T	0.98450622647	C	0.00724008108891	9	50	48	6799	6906	45310
UNKNOWN	261	G	0.992615117289	A	0.00579206487113	40	4	6855	7	6906	45310
UNKNOWN	262	A	0.991167101072	G	0.0066608746018	6845	12	46	3	6906	45310
UNKNOWN	263	G	0.965247610773	A	0.0208514335361	144	78	6666	18	6906	45310
UNKNOWN	264	G	0.992759918911	A	0.00492325514046	34	1	6856	15	6906	45310
UNKNOWN	265	A	0.991456704315	C	0.00535766000579	6847	37	19	3	6906	45310
UNKNOWN	266	C	0.985809441066	T	0.00709527946713	39	6808	10	49	6906	45310
UNKNOWN	267	A	0.988126267014	G	0.00564726324935	6824	24	39	19	6906	45310
UNKNOWN	268	C	0.992904720533	G	0.0033304373009	19	6857	23	7	6906	45310
UNKNOWN	269	G	0.685056472632	A	0.310599478714	2145	14	4731	16	6906	45310
UNKNOWN	270	G	0.99189110918	C	0.00362004054445	13	25	6850	18	6906	45310
UNKNOWN	271	C	0.994642339994	G	0.00231682594845	13	6869	16	8	6906	45310
UNKNOWN	272	C	0.991167101072	A	0.00564726324935	39	6845	7	15	6906	45310
UNKNOWN	273	A	0.990877497828	C	0.00405444540979	6843	28	22	13	6906	45310
UNKNOWN	274	C	0.990008688097	A	0.00680567622357	47	6837	5	17	6906	45310
UNKNOWN	275	A	0.981465392412	G	0.00854329568491	6778	26	59	43	6906	45310
UNKNOWN	276	T	0.993773530264	A	0.00434404865334	30	6	7	6863	6906	45310
UNKNOWN	277	A	0.99348392702	C	0.00448885027512	6861	31	12	2	6906	45310
UNKNOWN	278	C	0.953953084275	T	0.0440196930206	10	6588	4	304	6906	45310
UNKNOWN	279	T	0.986678250796	C	0.0059368664929	31	41	20	6814	6906	45310
UNKNOWN	280	A	0.984940631335	C	0.0066608746018	6802	46	20	38	6906	45310
UNKNOWN	281	C	0.98045178106	T	0.0189690124529	2	6771	2	131	6906	45310
UNKNOWN	282	T	0.991746307559	G	0.00579206487113	7	10	40	6849	6906	45310
