Type	Position	Nucl1	Freq1	Nucl2	Freq2	NumAs	NumCs	NumGs	NumTs	NumAligned	NumNaive
UNKNOWN	0	C	1.0	A	0.0	0	310	0	0	310	45310
UNKNOWN	1	A	1.0	C	0.0	310	0	0	0	310	45310
UNKNOWN	2	G	1.0	A	0.0	0	0	310	0	310	45310
UNKNOWN	3	G	1.0	A	0.0	0	0	310	0	310	45310
UNKNOWN	4	T	1.0	A	0.0	0	0	0	310	310	45310
UNKNOWN	5	G	1.0	A	0.0	0	0	310	0	310	45310
UNKNOWN	6	C	1.0	A	0.0	0	310	0	0	310	45310
UNKNOWN	7	A	0.993548387097	C	0.00645161290323	308	2	0	0	310	45310
UNKNOWN	8	G	0.996774193548	C	0.00322580645161	0	1	309	0	310	45310
UNKNOWN	9	C	1.0	A	0.0	0	310	0	0	310	45310
UNKNOWN	10	T	0.996774193548	C	0.00322580645161	0	1	0	309	310	45310
UNKNOWN	11	G	1.0	A	0.0	0	0	310	0	310	45310
UNKNOWN	12	C	0.996774193548	A	0.00322580645161	1	309	0	0	310	45310
UNKNOWN	13	G	0.993548387097	A	0.00322580645161	1	0	308	1	310	45310
UNKNOWN	14	G	0.648387096774	C	0.348387096774	1	108	201	0	310	45310
UNKNOWN	15	G	1.0	A	0.0	0	0	310	0	310	45310
UNKNOWN	16	A	1.0	C	0.0	310	0	0	0	310	45310
UNKNOWN	17	G	0.996774193548	A	0.00322580645161	1	0	309	0	310	45310
UNKNOWN	18	T	1.0	A	0.0	0	0	0	310	310	45310
UNKNOWN	19	C	0.996774193548	A	0.00322580645161	1	309	0	0	310	45310
UNKNOWN	20	G	0.996774193548	T	0.00322580645161	0	0	309	1	310	45310
UNKNOWN	21	G	1.0	A	0.0	0	0	310	0	310	45310
UNKNOWN	22	G	1.0	A	0.0	0	0	310	0	310	45310
UNKNOWN	23	C	1.0	A	0.0	0	310	0	0	310	45310
UNKNOWN	24	C	1.0	A	0.0	0	310	0	0	310	45310
UNKNOWN	25	C	0.996774193548	A	0.00322580645161	1	309	0	0	310	45310
UNKNOWN	26	C	1.0	A	0.0	0	310	0	0	310	45310
UNKNOWN	27	A	1.0	C	0.0	310	0	0	0	310	45310
UNKNOWN	28	G	1.0	A	0.0	0	0	310	0	310	45310
UNKNOWN	29	C	1.0	A	0.0	0	310	0	0	310	45310
UNKNOWN	30	C	0.996774193548	T	0.00322580645161	0	309	0	1	310	45310
UNKNOWN	31	T	0.993548387097	C	0.00322580645161	0	1	1	308	310	45310
UNKNOWN	32	G	0.990322580645	T	0.00645161290323	1	0	307	2	310	45310
UNKNOWN	33	G	0.996774193548	C	0.00322580645161	0	1	309	0	310	45310
UNKNOWN	34	T	0.996774193548	C	0.00322580645161	0	1	0	309	310	45310
UNKNOWN	35	G	0.996774193548	A	0.00322580645161	1	0	309	0	310	45310
UNKNOWN	36	A	1.0	C	0.0	310	0	0	0	310	45310
UNKNOWN	37	A	1.0	C	0.0	310	0	0	0	310	45310
UNKNOWN	38	G	1.0	A	0.0	0	0	310	0	310	45310
UNKNOWN	39	C	1.0	A	0.0	0	310	0	0	310	45310
UNKNOWN	40	C	1.0	A	0.0	0	310	0	0	310	45310
UNKNOWN	41	C	0.996774193548	G	0.00322580645161	0	309	1	0	310	45310
UNKNOWN	42	T	1.0	A	0.0	0	0	0	310	310	45310
UNKNOWN	43	C	1.0	A	0.0	0	310	0	0	310	45310
UNKNOWN	44	A	1.0	C	0.0	310	0	0	0	310	45310
UNKNOWN	45	C	0.996774193548	A	0.00322580645161	1	309	0	0	310	45310
UNKNOWN	46	A	1.0	C	0.0	310	0	0	0	310	45310
UNKNOWN	47	G	1.0	A	0.0	0	0	310	0	310	45310
UNKNOWN	48	A	0.993548387097	G	0.00645161290323	308	0	2	0	310	45310
UNKNOWN	49	C	0.996774193548	T	0.00322580645161	0	309	0	1	310	45310
UNKNOWN	50	C	0.996774193548	T	0.00322580645161	0	309	0	1	310	45310
UNKNOWN	51	C	1.0	A	0.0	0	310	0	0	310	45310
UNKNOWN	52	T	1.0	A	0.0	0	0	0	310	310	45310
UNKNOWN	53	C	0.996774193548	G	0.00322580645161	0	309	1	0	310	45310
UNKNOWN	54	T	0.993548387097	A	0.00322580645161	1	1	0	308	310	45310
UNKNOWN	55	C	0.996774193548	T	0.00322580645161	0	309	0	1	310	45310
UNKNOWN	56	C	1.0	A	0.0	0	310	0	0	310	45310
UNKNOWN	57	C	0.996774193548	G	0.00322580645161	0	309	1	0	310	45310
UNKNOWN	58	T	0.996774193548	C	0.00322580645161	0	1	0	309	310	45310
UNKNOWN	59	C	1.0	A	0.0	0	310	0	0	310	45310
UNKNOWN	60	A	1.0	C	0.0	310	0	0	0	310	45310
UNKNOWN	61	C	0.996774193548	T	0.00322580645161	0	309	0	1	310	45310
UNKNOWN	62	C	0.993548387097	T	0.00645161290323	0	308	0	2	310	45310
UNKNOWN	63	T	1.0	A	0.0	0	0	0	310	310	45310
UNKNOWN	64	G	1.0	A	0.0	0	0	310	0	310	45310
UNKNOWN	65	C	1.0	A	0.0	0	310	0	0	310	45310
UNKNOWN	66	A	0.996774193548	G	0.00322580645161	309	0	1	0	310	45310
UNKNOWN	67	C	0.996774193548	G	0.00322580645161	0	309	1	0	310	45310
UNKNOWN	68	G	0.990322580645	A	0.00967741935484	3	0	307	0	310	45310
UNKNOWN	69	G	0.88064516129	A	0.11935483871	37	0	273	0	310	45310
UNKNOWN	70	T	1.0	A	0.0	0	0	0	310	310	45310
UNKNOWN	71	C	0.996774193548	G	0.00322580645161	0	309	1	0	310	45310
UNKNOWN	72	T	1.0	A	0.0	0	0	0	310	310	45310
UNKNOWN	73	C	0.996774193548	T	0.00322580645161	0	309	0	1	310	45310
UNKNOWN	74	T	0.987096774194	C	0.00645161290323	1	2	1	306	310	45310
UNKNOWN	75	G	1.0	A	0.0	0	0	310	0	310	45310
UNKNOWN	76	G	1.0	A	0.0	0	0	310	0	310	45310
UNKNOWN	77	A	0.987096774194	C	0.00967741935484	306	3	1	0	310	45310
UNKNOWN	78	T	1.0	A	0.0	0	0	0	310	310	45310
UNKNOWN	79	T	0.996774193548	C	0.00322580645161	0	1	0	309	310	45310
UNKNOWN	80	C	0.983870967742	T	0.0161290322581	0	305	0	5	310	45310
UNKNOWN	81	T	0.993548387097	C	0.00322580645161	0	1	1	308	310	45310
UNKNOWN	82	C	1.0	A	0.0	0	310	0	0	310	45310
UNKNOWN	83	A	0.990322580645	C	0.00967741935484	307	3	0	0	310	45310
UNKNOWN	84	T	1.0	A	0.0	0	0	0	310	310	45310
UNKNOWN	85	T	1.0	A	0.0	0	0	0	310	310	45310
UNKNOWN	86	G	0.993548387097	A	0.00645161290323	2	0	308	0	310	45310
UNKNOWN	87	A	0.990322580645	G	0.00967741935484	307	0	3	0	310	45310
UNKNOWN	88	G	0.958064516129	A	0.0225806451613	7	3	297	3	310	45310
UNKNOWN	89	C	0.977419354839	T	0.0161290322581	1	303	1	5	310	45310
UNKNOWN	90	A	0.98064516129	G	0.0129032258065	304	2	4	0	310	45310
UNKNOWN	91	G	0.861290322581	A	0.0806451612903	25	15	267	3	310	45310
UNKNOWN	92	C	0.983870967742	A	0.00967741935484	3	305	0	2	310	45310
UNKNOWN	93	T	0.987096774194	A	0.00967741935484	3	0	1	306	310	45310
UNKNOWN	94	A	0.996774193548	T	0.00322580645161	309	0	0	1	310	45310
UNKNOWN	95	T	0.990322580645	C	0.00645161290323	0	2	1	307	310	45310
UNKNOWN	96	G	0.929032258065	A	0.041935483871	13	7	288	2	310	45310
UNKNOWN	97	G	0.603225806452	C	0.312903225806	18	97	187	8	310	45310
UNKNOWN	98	T	0.996774193548	G	0.00322580645161	0	0	1	309	310	45310
UNKNOWN	99	G	0.987096774194	A	0.0129032258065	4	0	306	0	310	45310
UNKNOWN	100	T	1.0	A	0.0	0	0	0	310	310	45310
UNKNOWN	101	A	0.961290322581	G	0.0354838709677	298	1	11	0	310	45310
UNKNOWN	102	G	0.593548387097	A	0.403225806452	125	1	184	0	310	45310
UNKNOWN	103	G	0.88064516129	A	0.0870967741935	27	9	273	1	310	45310
UNKNOWN	104	C	0.987096774194	T	0.0129032258065	0	306	0	4	310	45310
UNKNOWN	105	T	1.0	A	0.0	0	0	0	310	310	45310
UNKNOWN	106	G	1.0	A	0.0	0	0	310	0	310	45310
UNKNOWN	107	G	1.0	A	0.0	0	0	310	0	310	45310
UNKNOWN	108	G	0.990322580645	A	0.00967741935484	3	0	307	0	310	45310
UNKNOWN	109	T	1.0	A	0.0	0	0	0	310	310	45310
UNKNOWN	110	C	1.0	A	0.0	0	310	0	0	310	45310
UNKNOWN	111	C	1.0	A	0.0	0	310	0	0	310	45310
UNKNOWN	112	G	1.0	A	0.0	0	0	310	0	310	45310
UNKNOWN	113	C	1.0	A	0.0	0	310	0	0	310	45310
UNKNOWN	114	C	1.0	A	0.0	0	310	0	0	310	45310
UNKNOWN	115	A	0.996774193548	C	0.00322580645161	309	1	0	0	310	45310
UNKNOWN	116	G	0.996774193548	A	0.00322580645161	1	0	309	0	310	45310
UNKNOWN	117	G	0.996774193548	A	0.00322580645161	1	0	309	0	310	45310
UNKNOWN	118	C	0.996774193548	T	0.00322580645161	0	309	0	1	310	45310
UNKNOWN	119	T	1.0	A	0.0	0	0	0	310	310	45310
UNKNOWN	120	C	1.0	A	0.0	0	310	0	0	310	45310
UNKNOWN	121	C	1.0	A	0.0	0	310	0	0	310	45310
UNKNOWN	122	A	0.987096774194	G	0.0129032258065	306	0	4	0	310	45310
UNKNOWN	123	G	1.0	A	0.0	0	0	310	0	310	45310
UNKNOWN	124	G	1.0	A	0.0	0	0	310	0	310	45310
UNKNOWN	125	G	0.987096774194	A	0.0129032258065	4	0	306	0	310	45310
UNKNOWN	126	A	1.0	C	0.0	310	0	0	0	310	45310
UNKNOWN	127	A	0.993548387097	G	0.00645161290323	308	0	2	0	310	45310
UNKNOWN	128	G	0.996774193548	T	0.00322580645161	0	0	309	1	310	45310
UNKNOWN	129	G	0.987096774194	A	0.00645161290323	2	1	306	1	310	45310
UNKNOWN	130	C	1.0	A	0.0	0	310	0	0	310	45310
UNKNOWN	131	G	0.983870967742	A	0.0129032258065	4	1	305	0	310	45310
UNKNOWN	132	C	0.990322580645	A	0.00322580645161	1	307	1	1	310	45310
UNKNOWN	133	T	0.990322580645	C	0.00967741935484	0	3	0	307	310	45310
UNKNOWN	134	G	0.990322580645	A	0.00967741935484	3	0	307	0	310	45310
UNKNOWN	135	G	0.996774193548	C	0.00322580645161	0	1	309	0	310	45310
UNKNOWN	136	A	0.996774193548	G	0.00322580645161	309	0	1	0	310	45310
UNKNOWN	137	G	0.961290322581	A	0.0354838709677	11	0	298	1	310	45310
UNKNOWN	138	T	0.993548387097	A	0.00322580645161	1	1	0	308	310	45310
UNKNOWN	139	G	0.964516129032	A	0.0290322580645	9	1	299	1	310	45310
UNKNOWN	140	T	0.612903225806	C	0.341935483871	0	106	14	190	310	45310
UNKNOWN	141	C	0.977419354839	G	0.0225806451613	0	303	7	0	310	45310
UNKNOWN	142	T	0.996774193548	C	0.00322580645161	0	1	0	309	310	45310
UNKNOWN	143	T	0.58064516129	C	0.406451612903	0	126	4	180	310	45310
UNKNOWN	144	G	1.0	A	0.0	0	0	310	0	310	45310
UNKNOWN	145	G	0.990322580645	C	0.00645161290323	1	2	307	0	310	45310
UNKNOWN	146	T	0.983870967742	G	0.00967741935484	0	2	3	305	310	45310
UNKNOWN	147	G	0.877419354839	A	0.109677419355	34	3	272	1	310	45310
UNKNOWN	148	G	0.935483870968	A	0.0354838709677	11	8	290	1	310	45310
UNKNOWN	149	T	0.987096774194	C	0.00645161290323	1	2	1	306	310	45310
UNKNOWN	150	A	0.970967741935	G	0.0290322580645	301	0	9	0	310	45310
UNKNOWN	151	T	0.993548387097	C	0.00322580645161	0	1	1	308	310	45310
UNKNOWN	152	A	0.974193548387	G	0.0161290322581	302	1	5	2	310	45310
UNKNOWN	153	A	0.925806451613	G	0.0645161290323	287	2	20	1	310	45310
UNKNOWN	154	G	0.867741935484	A	0.0709677419355	22	18	269	1	310	45310
UNKNOWN	155	T	0.738709677419	C	0.209677419355	4	65	12	229	310	45310
UNKNOWN	156	A	0.864516129032	G	0.122580645161	268	4	38	0	310	45310
UNKNOWN	157	G	0.870967741935	A	0.0645161290323	20	11	270	9	310	45310
UNKNOWN	158	T	0.983870967742	G	0.00967741935484	1	1	3	305	310	45310
UNKNOWN	159	G	0.809677419355	A	0.132258064516	41	13	251	5	310	45310
UNKNOWN	160	G	0.912903225806	A	0.0548387096774	17	9	283	1	310	45310
UNKNOWN	161	T	0.983870967742	A	0.00645161290323	2	2	1	305	310	45310
UNKNOWN	162	G	0.983870967742	A	0.0129032258065	4	0	305	1	310	45310
UNKNOWN	163	G	0.993548387097	A	0.00322580645161	1	0	308	1	310	45310
UNKNOWN	164	A	0.974193548387	G	0.0129032258065	302	2	4	2	310	45310
UNKNOWN	165	A	0.883870967742	G	0.106451612903	274	1	33	2	310	45310
UNKNOWN	166	G	0.658064516129	A	0.164516129032	51	38	204	17	310	45310
UNKNOWN	167	C	0.91935483871	T	0.0516129032258	4	285	5	16	310	45310
UNKNOWN	168	A	0.983870967742	G	0.00967741935484	305	1	3	1	310	45310
UNKNOWN	169	C	0.993548387097	T	0.00645161290323	0	308	0	2	310	45310
UNKNOWN	170	A	0.996774193548	G	0.00322580645161	309	0	1	0	310	45310
UNKNOWN	171	G	0.938709677419	T	0.0290322580645	8	2	291	9	310	45310
UNKNOWN	172	G	0.832258064516	A	0.141935483871	44	4	258	4	310	45310
UNKNOWN	173	C	0.98064516129	G	0.00967741935484	1	304	3	2	310	45310
UNKNOWN	174	T	0.990322580645	C	0.00645161290323	0	2	1	307	310	45310
UNKNOWN	175	A	0.987096774194	G	0.00645161290323	306	1	2	1	310	45310
UNKNOWN	176	T	0.983870967742	C	0.0129032258065	1	4	0	305	310	45310
UNKNOWN	177	A	0.987096774194	G	0.00967741935484	306	1	3	0	310	45310
UNKNOWN	178	A	0.993548387097	G	0.00645161290323	308	0	2	0	310	45310
UNKNOWN	179	C	0.903225806452	T	0.0774193548387	3	280	3	24	310	45310
UNKNOWN	180	C	0.967741935484	T	0.0225806451613	1	300	2	7	310	45310
UNKNOWN	181	C	0.983870967742	T	0.0129032258065	1	305	0	4	310	45310
UNKNOWN	182	A	0.98064516129	C	0.00967741935484	304	3	3	0	310	45310
UNKNOWN	183	G	0.990322580645	A	0.00322580645161	1	1	307	1	310	45310
UNKNOWN	184	C	0.987096774194	A	0.00645161290323	2	306	2	0	310	45310
UNKNOWN	185	C	0.996774193548	T	0.00322580645161	0	309	0	1	310	45310
UNKNOWN	186	C	0.993548387097	T	0.00322580645161	0	308	1	1	310	45310
UNKNOWN	187	T	0.993548387097	C	0.00645161290323	0	2	0	308	310	45310
UNKNOWN	188	G	0.990322580645	A	0.00322580645161	1	1	307	1	310	45310
UNKNOWN	189	A	0.996774193548	C	0.00322580645161	309	1	0	0	310	45310
UNKNOWN	190	A	1.0	C	0.0	310	0	0	0	310	45310
UNKNOWN	191	A	0.996774193548	G	0.00322580645161	309	0	1	0	310	45310
UNKNOWN	192	T	1.0	A	0.0	0	0	0	310	310	45310
UNKNOWN	193	C	1.0	A	0.0	0	310	0	0	310	45310
UNKNOWN	194	C	0.987096774194	T	0.00645161290323	0	306	2	2	310	45310
UNKNOWN	195	C	1.0	A	0.0	0	310	0	0	310	45310
UNKNOWN	196	G	1.0	A	0.0	0	0	310	0	310	45310
UNKNOWN	197	G	0.977419354839	A	0.0225806451613	7	0	303	0	310	45310
UNKNOWN	198	C	1.0	A	0.0	0	310	0	0	310	45310
UNKNOWN	199	T	0.996774193548	C	0.00322580645161	0	1	0	309	310	45310
UNKNOWN	200	C	1.0	A	0.0	0	310	0	0	310	45310
UNKNOWN	201	A	1.0	C	0.0	310	0	0	0	310	45310
UNKNOWN	202	G	0.964516129032	C	0.0322580645161	1	10	299	0	310	45310
UNKNOWN	203	C	0.964516129032	T	0.0322580645161	1	299	0	10	310	45310
UNKNOWN	204	A	0.996774193548	G	0.00322580645161	309	0	1	0	310	45310
UNKNOWN	205	T	1.0	A	0.0	0	0	0	310	310	45310
UNKNOWN	206	C	0.990322580645	T	0.00967741935484	0	307	0	3	310	45310
UNKNOWN	207	A	1.0	C	0.0	310	0	0	0	310	45310
UNKNOWN	208	C	0.996774193548	G	0.00322580645161	0	309	1	0	310	45310
UNKNOWN	209	C	0.974193548387	T	0.0161290322581	1	302	2	5	310	45310
UNKNOWN	210	A	1.0	C	0.0	310	0	0	0	310	45310
UNKNOWN	211	A	1.0	C	0.0	310	0	0	0	310	45310
UNKNOWN	212	G	0.987096774194	A	0.0129032258065	4	0	306	0	310	45310
UNKNOWN	213	G	0.993548387097	A	0.00322580645161	1	0	308	1	310	45310
UNKNOWN	214	A	0.990322580645	G	0.00967741935484	307	0	3	0	310	45310
UNKNOWN	215	C	0.990322580645	G	0.00967741935484	0	307	3	0	310	45310
UNKNOWN	216	A	0.993548387097	G	0.00645161290323	308	0	2	0	310	45310
UNKNOWN	217	A	0.990322580645	G	0.00645161290323	307	0	2	1	310	45310
UNKNOWN	218	C	0.98064516129	T	0.0129032258065	1	304	1	4	310	45310
UNKNOWN	219	T	0.990322580645	C	0.00967741935484	0	3	0	307	310	45310
UNKNOWN	220	C	1.0	A	0.0	0	310	0	0	310	45310
UNKNOWN	221	C	0.993548387097	T	0.00645161290323	0	308	0	2	310	45310
UNKNOWN	222	A	0.990322580645	C	0.00645161290323	307	2	1	0	310	45310
UNKNOWN	223	A	0.996774193548	G	0.00322580645161	309	0	1	0	310	45310
UNKNOWN	224	G	0.98064516129	A	0.0129032258065	4	1	304	1	310	45310
UNKNOWN	225	A	0.98064516129	G	0.0161290322581	304	1	5	0	310	45310
UNKNOWN	226	G	0.974193548387	A	0.0258064516129	8	0	302	0	310	45310
UNKNOWN	227	C	0.983870967742	T	0.0161290322581	0	305	0	5	310	45310
UNKNOWN	228	C	0.990322580645	G	0.00645161290323	1	307	2	0	310	45310
UNKNOWN	229	A	1.0	C	0.0	310	0	0	0	310	45310
UNKNOWN	230	A	0.993548387097	G	0.00645161290323	308	0	2	0	310	45310
UNKNOWN	231	G	0.987096774194	C	0.00645161290323	1	2	306	1	310	45310
UNKNOWN	232	T	1.0	A	0.0	0	0	0	310	310	45310
UNKNOWN	233	C	0.98064516129	G	0.0129032258065	0	304	4	2	310	45310
UNKNOWN	234	T	1.0	A	0.0	0	0	0	310	310	45310
UNKNOWN	235	C	0.996774193548	A	0.00322580645161	1	309	0	0	310	45310
UNKNOWN	236	T	0.983870967742	A	0.00645161290323	2	1	2	305	310	45310
UNKNOWN	237	C	1.0	A	0.0	0	310	0	0	310	45310
UNKNOWN	238	T	1.0	A	0.0	0	0	0	310	310	45310
UNKNOWN	239	G	0.951612903226	A	0.0483870967742	15	0	295	0	310	45310
UNKNOWN	240	T	1.0	A	0.0	0	0	0	310	310	45310
UNKNOWN	241	C	1.0	A	0.0	0	310	0	0	310	45310
UNKNOWN	242	A	0.987096774194	G	0.0129032258065	306	0	4	0	310	45310
UNKNOWN	243	C	0.58064516129	G	0.393548387097	7	180	122	1	310	45310
UNKNOWN	244	T	1.0	A	0.0	0	0	0	310	310	45310
UNKNOWN	245	G	0.958064516129	A	0.0290322580645	9	1	297	3	310	45310
UNKNOWN	246	A	0.977419354839	G	0.0129032258065	303	3	4	0	310	45310
UNKNOWN	247	G	0.964516129032	A	0.0258064516129	8	1	299	2	310	45310
UNKNOWN	248	C	0.964516129032	T	0.0322580645161	0	299	1	10	310	45310
UNKNOWN	249	A	0.987096774194	G	0.00967741935484	306	1	3	0	310	45310
UNKNOWN	250	G	0.98064516129	A	0.0161290322581	5	1	304	0	310	45310
UNKNOWN	251	C	0.993548387097	A	0.00645161290323	2	308	0	0	310	45310
UNKNOWN	252	G	0.990322580645	A	0.00645161290323	2	1	307	0	310	45310
UNKNOWN	253	T	0.987096774194	C	0.00967741935484	0	3	1	306	310	45310
UNKNOWN	254	G	0.954838709677	A	0.0387096774194	12	2	296	0	310	45310
UNKNOWN	255	A	0.993548387097	T	0.00322580645161	308	0	1	1	310	45310
UNKNOWN	256	C	0.993548387097	A	0.00322580645161	1	308	0	1	310	45310
UNKNOWN	257	A	0.964516129032	G	0.0193548387097	299	3	6	2	310	45310
UNKNOWN	258	A	0.612903225806	C	0.364516129032	190	113	4	3	310	45310
UNKNOWN	259	C	0.951612903226	A	0.0193548387097	6	295	6	3	310	45310
UNKNOWN	260	T	0.987096774194	G	0.0129032258065	0	0	4	306	310	45310
UNKNOWN	261	G	0.996774193548	C	0.00322580645161	0	1	309	0	310	45310
UNKNOWN	262	A	0.996774193548	T	0.00322580645161	309	0	0	1	310	45310
UNKNOWN	263	G	0.958064516129	A	0.0225806451613	7	4	297	2	310	45310
UNKNOWN	264	G	0.996774193548	T	0.00322580645161	0	0	309	1	310	45310
UNKNOWN	265	A	0.990322580645	T	0.00967741935484	307	0	0	3	310	45310
UNKNOWN	266	C	0.964516129032	T	0.0258064516129	1	299	2	8	310	45310
UNKNOWN	267	A	0.983870967742	T	0.00967741935484	305	0	2	3	310	45310
UNKNOWN	268	C	0.987096774194	A	0.00967741935484	3	306	0	1	310	45310
UNKNOWN	269	G	0.987096774194	A	0.00967741935484	3	1	306	0	310	45310
UNKNOWN	270	G	0.993548387097	T	0.00645161290323	0	0	308	2	310	45310
UNKNOWN	271	C	0.996774193548	A	0.00322580645161	1	309	0	0	310	45310
UNKNOWN	272	C	0.996774193548	G	0.00322580645161	0	309	1	0	310	45310
UNKNOWN	273	A	1.0	C	0.0	310	0	0	0	310	45310
UNKNOWN	274	C	0.987096774194	T	0.00967741935484	1	306	0	3	310	45310
UNKNOWN	275	A	0.983870967742	G	0.00967741935484	305	1	3	1	310	45310
UNKNOWN	276	T	0.996774193548	G	0.00322580645161	0	0	1	309	310	45310
UNKNOWN	277	A	0.996774193548	T	0.00322580645161	309	0	0	1	310	45310
UNKNOWN	278	C	0.970967741935	T	0.0258064516129	0	301	1	8	310	45310
UNKNOWN	279	T	0.987096774194	A	0.00645161290323	2	1	1	306	310	45310
UNKNOWN	280	A	0.983870967742	C	0.00967741935484	305	3	1	1	310	45310
UNKNOWN	281	C	0.967741935484	T	0.0290322580645	1	300	0	9	310	45310
UNKNOWN	282	T	0.990322580645	G	0.00645161290323	0	1	2	307	310	45310
