Type	Position	Nucl1	Freq1	Nucl2	Freq2	NumAs	NumCs	NumGs	NumTs	NumAligned	NumNaive
UNKNOWN	0	C	1.0	A	0.0	0	1919	0	0	1919	79396
UNKNOWN	1	A	1.0	C	0.0	1919	0	0	0	1919	79396
UNKNOWN	2	G	1.0	A	0.0	0	0	1919	0	1919	79396
UNKNOWN	3	G	1.0	A	0.0	0	0	1919	0	1919	79396
UNKNOWN	4	T	1.0	A	0.0	0	0	0	1919	1919	79396
UNKNOWN	5	G	1.0	A	0.0	0	0	1919	0	1919	79396
UNKNOWN	6	C	1.0	A	0.0	0	1919	0	0	1919	79396
UNKNOWN	7	A	0.994267847837	G	0.00416883793643	1908	2	8	1	1919	79396
UNKNOWN	8	G	0.995310057322	A	0.00468994267848	9	0	1910	0	1919	79396
UNKNOWN	9	C	0.993746743095	T	0.00625325690464	0	1907	0	12	1919	79396
UNKNOWN	10	T	0.997915581032	C	0.00208441896821	0	4	0	1915	1919	79396
UNKNOWN	11	G	0.998436685774	A	0.00104220948411	2	1	1916	0	1919	79396
UNKNOWN	12	C	0.997915581032	T	0.00208441896821	0	1915	0	4	1919	79396
UNKNOWN	13	G	0.998957790516	A	0.00104220948411	2	0	1917	0	1919	79396
UNKNOWN	14	G	0.959874934862	C	0.0369984366858	4	71	1842	2	1919	79396
UNKNOWN	15	G	1.0	A	0.0	0	0	1919	0	1919	79396
UNKNOWN	16	A	0.993225638353	C	0.00416883793643	1906	8	5	0	1919	79396
UNKNOWN	17	G	0.996352266806	A	0.00312662845232	6	0	1912	1	1919	79396
UNKNOWN	18	T	0.994267847837	G	0.00521104742053	0	1	10	1908	1919	79396
UNKNOWN	19	C	1.0	A	0.0	0	1919	0	0	1919	79396
UNKNOWN	20	G	0.980198019802	A	0.0177175612298	34	4	1881	0	1919	79396
UNKNOWN	21	G	0.995831162064	C	0.00260552371027	0	5	1911	3	1919	79396
UNKNOWN	22	G	1.0	A	0.0	0	0	1919	0	1919	79396
UNKNOWN	23	C	0.999478895258	T	0.000521104742053	0	1918	0	1	1919	79396
UNKNOWN	24	C	0.999478895258	T	0.000521104742053	0	1918	0	1	1919	79396
UNKNOWN	25	C	1.0	A	0.0	0	1919	0	0	1919	79396
UNKNOWN	26	C	0.999478895258	T	0.000521104742053	0	1918	0	1	1919	79396
UNKNOWN	27	A	0.998436685774	G	0.00104220948411	1916	1	2	0	1919	79396
UNKNOWN	28	G	0.995831162064	A	0.00312662845232	6	2	1911	0	1919	79396
UNKNOWN	29	C	0.999478895258	T	0.000521104742053	0	1918	0	1	1919	79396
UNKNOWN	30	C	0.999478895258	A	0.000521104742053	1	1918	0	0	1919	79396
UNKNOWN	31	T	0.998957790516	C	0.000521104742053	0	1	1	1917	1919	79396
UNKNOWN	32	G	0.992704533611	A	0.00416883793643	8	6	1905	0	1919	79396
UNKNOWN	33	G	0.996873371548	A	0.00260552371027	5	1	1913	0	1919	79396
UNKNOWN	34	T	0.996873371548	C	0.00208441896821	0	4	2	1913	1919	79396
UNKNOWN	35	G	0.998957790516	A	0.000521104742053	1	0	1917	1	1919	79396
UNKNOWN	36	A	0.995831162064	C	0.00364773319437	1911	7	1	0	1919	79396
UNKNOWN	37	A	0.988014590933	C	0.00729546638874	1896	14	8	1	1919	79396
UNKNOWN	38	G	0.991662324127	C	0.00625325690464	4	12	1903	0	1919	79396
UNKNOWN	39	C	0.998436685774	T	0.00156331422616	0	1916	0	3	1919	79396
UNKNOWN	40	C	0.998957790516	A	0.000521104742053	1	1917	0	1	1919	79396
UNKNOWN	41	C	0.995310057322	G	0.00468994267848	0	1910	9	0	1919	79396
UNKNOWN	42	T	0.996352266806	C	0.00312662845232	1	6	0	1912	1919	79396
UNKNOWN	43	C	1.0	A	0.0	0	1919	0	0	1919	79396
UNKNOWN	44	A	0.992183428869	C	0.00625325690464	1904	12	2	1	1919	79396
UNKNOWN	45	C	0.998957790516	T	0.000521104742053	0	1917	1	1	1919	79396
UNKNOWN	46	A	0.996352266806	G	0.00208441896821	1912	3	4	0	1919	79396
UNKNOWN	47	G	0.99739447629	A	0.00156331422616	3	0	1914	2	1919	79396
UNKNOWN	48	A	0.993225638353	C	0.00364773319437	1906	7	2	4	1919	79396
UNKNOWN	49	C	0.998957790516	T	0.00104220948411	0	1917	0	2	1919	79396
UNKNOWN	50	C	0.999478895258	A	0.000521104742053	1	1918	0	0	1919	79396
UNKNOWN	51	C	0.998436685774	G	0.00104220948411	1	1916	2	0	1919	79396
UNKNOWN	52	T	0.994788952579	C	0.00468994267848	1	9	0	1909	1919	79396
UNKNOWN	53	C	0.998436685774	T	0.00104220948411	0	1916	1	2	1919	79396
UNKNOWN	54	T	0.996352266806	C	0.00260552371027	1	5	1	1912	1919	79396
UNKNOWN	55	C	0.998957790516	A	0.000521104742053	1	1917	1	0	1919	79396
UNKNOWN	56	C	0.988014590933	T	0.00677436164669	1	1896	9	13	1919	79396
UNKNOWN	57	C	1.0	A	0.0	0	1919	0	0	1919	79396
UNKNOWN	58	T	0.99739447629	C	0.00208441896821	0	4	1	1914	1919	79396
UNKNOWN	59	C	0.999478895258	G	0.000521104742053	0	1918	1	0	1919	79396
UNKNOWN	60	A	0.990620114643	C	0.00468994267848	1901	9	9	0	1919	79396
UNKNOWN	61	C	0.996873371548	G	0.00260552371027	0	1913	5	1	1919	79396
UNKNOWN	62	C	0.998436685774	G	0.00156331422616	0	1916	3	0	1919	79396
UNKNOWN	63	T	0.99739447629	C	0.00156331422616	0	3	2	1914	1919	79396
UNKNOWN	64	G	0.998436685774	A	0.00104220948411	2	0	1916	1	1919	79396
UNKNOWN	65	C	0.999478895258	T	0.000521104742053	0	1918	0	1	1919	79396
UNKNOWN	66	A	0.990099009901	C	0.00677436164669	1900	13	4	2	1919	79396
UNKNOWN	67	C	0.99739447629	T	0.00208441896821	1	1914	0	4	1919	79396
UNKNOWN	68	G	0.985409067223	A	0.0125065138093	24	4	1891	0	1919	79396
UNKNOWN	69	G	0.929129755081	A	0.0646169880146	124	4	1783	8	1919	79396
UNKNOWN	70	T	0.978113600834	C	0.0182386659719	1	35	6	1877	1919	79396
UNKNOWN	71	C	0.961438249088	G	0.0307451797811	5	1845	59	10	1919	79396
UNKNOWN	72	T	0.995831162064	G	0.00208441896821	1	3	4	1911	1919	79396
UNKNOWN	73	C	0.998957790516	A	0.000521104742053	1	1917	0	1	1919	79396
UNKNOWN	74	T	0.977592496092	C	0.0213652944242	0	41	2	1876	1919	79396
UNKNOWN	75	G	0.99739447629	A	0.00156331422616	3	0	1914	2	1919	79396
UNKNOWN	76	G	0.989056800417	A	0.00677436164669	13	4	1898	4	1919	79396
UNKNOWN	77	A	0.975508077124	C	0.019801980198	1872	38	7	2	1919	79396
UNKNOWN	78	T	0.991141219385	A	0.00364773319437	7	3	7	1902	1919	79396
UNKNOWN	79	T	0.992704533611	C	0.00677436164669	0	13	1	1905	1919	79396
UNKNOWN	80	C	0.994267847837	T	0.00468994267848	0	1908	2	9	1919	79396
UNKNOWN	81	T	0.996352266806	C	0.00156331422616	1	3	3	1912	1919	79396
UNKNOWN	82	C	0.998436685774	T	0.00104220948411	1	1916	0	2	1919	79396
UNKNOWN	83	A	0.983845752996	G	0.0104220948411	1888	9	20	2	1919	79396
UNKNOWN	84	T	0.991662324127	C	0.00833767587285	0	16	0	1903	1919	79396
UNKNOWN	85	T	0.999478895258	C	0.000521104742053	0	1	0	1918	1919	79396
UNKNOWN	86	G	0.966649296509	A	0.0260552371027	50	8	1855	6	1919	79396
UNKNOWN	87	A	0.978113600834	C	0.00990099009901	1877	19	15	8	1919	79396
UNKNOWN	88	G	0.902553413236	A	0.0797290255341	153	29	1732	5	1919	79396
UNKNOWN	89	C	0.981761334028	T	0.0156331422616	1	1884	4	30	1919	79396
UNKNOWN	90	A	0.96456487754	G	0.0317873892652	1851	7	61	0	1919	79396
UNKNOWN	91	G	0.886399166232	A	0.0739968733715	142	24	1701	52	1919	79396
UNKNOWN	92	C	0.969254820219	T	0.0224075039083	5	1860	11	43	1919	79396
UNKNOWN	93	A	0.889525794685	T	0.0541948931735	1707	16	92	104	1919	79396
UNKNOWN	94	A	0.876498176133	C	0.0818134445023	1682	157	73	7	1919	79396
UNKNOWN	95	T	0.979155810318	G	0.0140698280354	0	13	27	1879	1919	79396
UNKNOWN	96	G	0.935904116727	A	0.048983845753	94	23	1796	6	1919	79396
UNKNOWN	97	G	0.573215216258	A	0.232412714956	446	358	1100	15	1919	79396
UNKNOWN	98	T	0.986451276707	C	0.00833767587285	1	16	9	1893	1919	79396
UNKNOWN	99	G	0.96195935383	A	0.0286607608129	55	5	1846	13	1919	79396
UNKNOWN	100	T	0.996352266806	C	0.00260552371027	0	5	2	1912	1919	79396
UNKNOWN	101	A	0.946326211569	G	0.0270974465868	1816	29	52	22	1919	79396
UNKNOWN	102	G	0.759770713913	A	0.11933298593	229	195	1458	37	1919	79396
UNKNOWN	103	T	0.921834288692	G	0.0505471599792	32	21	97	1769	1919	79396
UNKNOWN	104	C	0.94163626889	T	0.0317873892652	10	1807	41	61	1919	79396
UNKNOWN	105	T	0.996873371548	G	0.00208441896821	0	2	4	1913	1919	79396
UNKNOWN	106	G	0.999478895258	T	0.000521104742053	0	0	1918	1	1919	79396
UNKNOWN	107	G	0.996352266806	C	0.00260552371027	2	5	1912	0	1919	79396
UNKNOWN	108	G	0.974465867639	A	0.0177175612298	34	5	1870	10	1919	79396
UNKNOWN	109	T	0.998436685774	C	0.00104220948411	0	2	1	1916	1919	79396
UNKNOWN	110	C	0.990620114643	T	0.00625325690464	1	1901	5	12	1919	79396
UNKNOWN	111	C	0.998957790516	T	0.00104220948411	0	1917	0	2	1919	79396
UNKNOWN	112	G	1.0	A	0.0	0	0	1919	0	1919	79396
UNKNOWN	113	C	0.999478895258	T	0.000521104742053	0	1918	0	1	1919	79396
UNKNOWN	114	C	0.998436685774	T	0.00104220948411	1	1916	0	2	1919	79396
UNKNOWN	115	A	0.992183428869	G	0.00625325690464	1904	3	12	0	1919	79396
UNKNOWN	116	G	0.998436685774	T	0.00104220948411	0	1	1916	2	1919	79396
UNKNOWN	117	G	0.974465867639	A	0.0224075039083	43	1	1870	5	1919	79396
UNKNOWN	118	C	0.99739447629	G	0.00156331422616	0	1914	3	2	1919	79396
UNKNOWN	119	T	0.988014590933	C	0.00990099009901	0	19	4	1896	1919	79396
UNKNOWN	120	C	0.998957790516	A	0.00104220948411	2	1917	0	0	1919	79396
UNKNOWN	121	C	0.997915581032	T	0.00156331422616	1	1915	0	3	1919	79396
UNKNOWN	122	A	0.982803543512	G	0.0119854090672	1886	9	23	1	1919	79396
UNKNOWN	123	G	0.997915581032	C	0.00208441896821	0	4	1915	0	1919	79396
UNKNOWN	124	G	0.993746743095	A	0.00364773319437	7	3	1907	2	1919	79396
UNKNOWN	125	G	0.987493486191	A	0.0109431995831	21	0	1895	3	1919	79396
UNKNOWN	126	A	0.99739447629	G	0.00156331422616	1914	2	3	0	1919	79396
UNKNOWN	127	A	0.987493486191	G	0.0104220948411	1895	4	20	0	1919	79396
UNKNOWN	128	G	1.0	A	0.0	0	0	1919	0	1919	79396
UNKNOWN	129	G	0.988014590933	C	0.00625325690464	5	12	1896	6	1919	79396
UNKNOWN	130	C	0.998957790516	A	0.000521104742053	1	1917	0	1	1919	79396
UNKNOWN	131	G	0.986451276707	A	0.0078165711308	15	9	1893	2	1919	79396
UNKNOWN	132	C	0.998957790516	T	0.000521104742053	0	1917	1	1	1919	79396
UNKNOWN	133	T	0.995831162064	C	0.00208441896821	1	4	3	1911	1919	79396
UNKNOWN	134	G	0.995310057322	A	0.00260552371027	5	1	1910	3	1919	79396
UNKNOWN	135	G	0.996352266806	A	0.00260552371027	5	1	1912	1	1919	79396
UNKNOWN	136	A	0.992183428869	G	0.00468994267848	1904	6	9	0	1919	79396
UNKNOWN	137	G	0.973423658155	A	0.0260552371027	50	1	1868	0	1919	79396
UNKNOWN	138	T	0.99739447629	C	0.00208441896821	0	4	1	1914	1919	79396
UNKNOWN	139	G	0.998957790516	A	0.000521104742053	1	1	1917	0	1919	79396
UNKNOWN	140	G	0.983845752996	C	0.0104220948411	5	20	1888	6	1919	79396
UNKNOWN	141	C	0.980198019802	G	0.0161542470036	6	1881	31	1	1919	79396
UNKNOWN	142	T	0.996352266806	G	0.00208441896821	1	2	4	1912	1919	79396
UNKNOWN	143	C	0.980198019802	T	0.0171964564878	3	1881	2	33	1919	79396
UNKNOWN	144	G	0.993225638353	A	0.00521104742053	10	1	1906	2	1919	79396
UNKNOWN	145	G	0.987493486191	C	0.0119854090672	0	23	1895	1	1919	79396
UNKNOWN	146	T	0.98228243877	A	0.00990099009901	19	9	6	1885	1919	79396
UNKNOWN	147	G	0.64721208963	A	0.278269932256	534	24	1242	119	1919	79396
UNKNOWN	148	G	0.704533611256	A	0.146951537259	282	244	1352	41	1919	79396
UNKNOWN	149	T	0.963001563314	C	0.0171964564878	15	33	23	1848	1919	79396
UNKNOWN	150	A	0.945805106826	G	0.0474205315268	1815	11	91	2	1919	79396
UNKNOWN	151	T	0.985930171965	G	0.0078165711308	1	11	15	1892	1919	79396
UNKNOWN	152	A	0.911933298593	G	0.0640958832725	1750	27	123	19	1919	79396
UNKNOWN	153	T	0.948931735279	A	0.0218863991662	42	25	31	1821	1919	79396
UNKNOWN	154	G	0.970297029703	A	0.0156331422616	30	1	1862	26	1919	79396
UNKNOWN	155	C	0.893694632621	T	0.097967691506	13	1715	3	188	1919	79396
UNKNOWN	156	A	0.829077644607	G	0.149035956227	1591	3	286	39	1919	79396
UNKNOWN	157	G	0.873371547681	A	0.0724335591454	139	50	1676	54	1919	79396
UNKNOWN	158	T	0.980719124544	G	0.00833767587285	10	11	16	1882	1919	79396
UNKNOWN	159	G	0.769671704013	A	0.217821782178	418	14	1477	10	1919	79396
UNKNOWN	160	G	0.772798332465	A	0.115685252736	222	193	1483	21	1919	79396
UNKNOWN	161	T	0.983324648254	A	0.0125065138093	24	4	4	1887	1919	79396
UNKNOWN	162	G	0.986451276707	A	0.00937988535696	18	5	1893	3	1919	79396
UNKNOWN	163	G	0.987493486191	A	0.0088587806149	17	4	1895	3	1919	79396
UNKNOWN	164	A	0.97967691506	G	0.0135487232934	1880	10	26	3	1919	79396
UNKNOWN	165	A	0.941115164148	G	0.0541948931735	1806	3	104	6	1919	79396
UNKNOWN	166	G	0.848879624805	C	0.0807712350182	94	155	1629	41	1919	79396
UNKNOWN	167	C	0.90359562272	T	0.0422094841063	38	1734	66	81	1919	79396
UNKNOWN	168	A	0.980719124544	G	0.00937988535696	1882	13	18	6	1919	79396
UNKNOWN	169	C	0.975508077124	T	0.019280875456	7	1872	3	37	1919	79396
UNKNOWN	170	A	0.980198019802	C	0.0104220948411	1881	20	14	4	1919	79396
UNKNOWN	171	A	0.905680041688	G	0.0667014069828	1738	15	128	38	1919	79396
UNKNOWN	172	G	0.750911933299	A	0.168837936425	324	71	1441	83	1919	79396
UNKNOWN	173	C	0.915059927045	G	0.0510682647212	13	1756	98	52	1919	79396
UNKNOWN	174	T	0.98228243877	G	0.0078165711308	5	14	15	1885	1919	79396
UNKNOWN	175	T	0.967691505993	A	0.0208441896821	40	10	12	1857	1919	79396
UNKNOWN	176	T	0.95674830641	C	0.0171964564878	28	33	22	1836	1919	79396
UNKNOWN	177	A	0.98488796248	G	0.0088587806149	1890	10	17	2	1919	79396
UNKNOWN	178	A	0.982803543512	G	0.0109431995831	1886	11	21	1	1919	79396
UNKNOWN	179	C	0.928087545597	T	0.0604481500782	6	1781	16	116	1919	79396
UNKNOWN	180	C	0.953621677957	T	0.029702970297	4	1830	28	57	1919	79396
UNKNOWN	181	C	0.984366857738	T	0.0125065138093	5	1889	1	24	1919	79396
UNKNOWN	182	A	0.980198019802	G	0.00937988535696	1881	16	18	4	1919	79396
UNKNOWN	183	G	0.983324648254	A	0.0114643043252	22	10	1887	0	1919	79396
UNKNOWN	184	C	0.973944762897	T	0.0203230849401	4	1869	7	39	1919	79396
UNKNOWN	185	C	0.995310057322	A	0.00208441896821	4	1910	2	3	1919	79396
UNKNOWN	186	C	0.978113600834	T	0.0182386659719	3	1877	4	35	1919	79396
UNKNOWN	187	T	0.996352266806	C	0.00156331422616	1	3	3	1912	1919	79396
UNKNOWN	188	G	0.962480458572	A	0.0307451797811	59	1	1847	12	1919	79396
UNKNOWN	189	A	0.984366857738	C	0.0088587806149	1889	17	11	2	1919	79396
UNKNOWN	190	A	0.97707139135	G	0.0177175612298	1875	8	34	2	1919	79396
UNKNOWN	191	A	0.984366857738	C	0.0088587806149	1889	17	4	9	1919	79396
UNKNOWN	192	T	0.992183428869	A	0.00312662845232	6	4	5	1904	1919	79396
UNKNOWN	193	C	0.99739447629	A	0.00156331422616	3	1914	0	2	1919	79396
UNKNOWN	194	C	0.987493486191	T	0.0088587806149	2	1895	5	17	1919	79396
UNKNOWN	195	C	0.994267847837	A	0.00260552371027	5	1908	3	3	1919	79396
UNKNOWN	196	G	0.993746743095	T	0.00312662845232	3	3	1907	6	1919	79396
UNKNOWN	197	G	0.942678478374	A	0.0385617509119	74	17	1809	19	1919	79396
UNKNOWN	198	C	0.984366857738	A	0.00677436164669	13	1889	5	12	1919	79396
UNKNOWN	199	T	0.989577905159	C	0.00729546638874	4	14	2	1899	1919	79396
UNKNOWN	200	C	0.991141219385	A	0.00521104742053	10	1902	3	4	1919	79396
UNKNOWN	201	A	0.990620114643	C	0.00573215216258	1901	11	3	4	1919	79396
UNKNOWN	202	G	0.951016154247	A	0.0218863991662	42	36	1825	16	1919	79396
UNKNOWN	203	C	0.906722251172	T	0.0656591974987	44	1740	9	126	1919	79396
UNKNOWN	204	A	0.986972381449	C	0.00625325690464	1894	12	9	4	1919	79396
UNKNOWN	205	T	0.992704533611	G	0.00312662845232	5	3	6	1905	1919	79396
UNKNOWN	206	C	0.987493486191	T	0.00937988535696	4	1895	2	18	1919	79396
UNKNOWN	207	A	0.990620114643	C	0.00521104742053	1901	10	7	1	1919	79396
UNKNOWN	208	C	0.986451276707	T	0.00677436164669	7	1893	6	13	1919	79396
UNKNOWN	209	C	0.951537258989	T	0.029702970297	5	1826	31	57	1919	79396
UNKNOWN	210	A	0.987493486191	G	0.00990099009901	1895	5	19	0	1919	79396
UNKNOWN	211	A	0.978113600834	G	0.0171964564878	1877	8	33	1	1919	79396
UNKNOWN	212	G	0.988535695675	A	0.0078165711308	15	7	1897	0	1919	79396
UNKNOWN	213	G	0.990620114643	A	0.0078165711308	15	1	1901	2	1919	79396
UNKNOWN	214	A	0.989056800417	G	0.00521104742053	1898	8	10	3	1919	79396
UNKNOWN	215	C	0.978634705576	T	0.0088587806149	9	1878	15	17	1919	79396
UNKNOWN	216	A	0.988014590933	G	0.0088587806149	1896	6	17	0	1919	79396
UNKNOWN	217	A	0.958311620636	G	0.0317873892652	1839	16	61	3	1919	79396
UNKNOWN	218	C	0.927566440855	G	0.0630536737884	4	1780	121	14	1919	79396
UNKNOWN	219	T	0.990099009901	C	0.00468994267848	5	9	5	1900	1919	79396
UNKNOWN	220	C	0.995310057322	A	0.00416883793643	8	1910	0	1	1919	79396
UNKNOWN	221	C	0.986972381449	T	0.0088587806149	8	1894	0	17	1919	79396
UNKNOWN	222	A	0.995310057322	C	0.00312662845232	1910	6	3	0	1919	79396
UNKNOWN	223	A	0.990099009901	G	0.00677436164669	1900	5	13	1	1919	79396
UNKNOWN	224	G	0.98488796248	C	0.0109431995831	7	21	1890	1	1919	79396
UNKNOWN	225	A	0.972902553413	G	0.0187597707139	1867	16	36	0	1919	79396
UNKNOWN	226	G	0.967691505993	A	0.029702970297	57	3	1857	2	1919	79396
UNKNOWN	227	C	0.969775924961	T	0.0218863991662	11	1861	5	42	1919	79396
UNKNOWN	228	C	0.995310057322	A	0.00312662845232	6	1910	3	0	1919	79396
UNKNOWN	229	A	0.991662324127	C	0.00416883793643	1903	8	7	1	1919	79396
UNKNOWN	230	A	0.967691505993	G	0.0281396560709	1857	6	54	2	1919	79396
UNKNOWN	231	G	0.965607087024	A	0.0265763418447	51	14	1853	1	1919	79396
UNKNOWN	232	T	0.990099009901	C	0.00833767587285	2	16	1	1900	1919	79396
UNKNOWN	233	C	0.966649296509	T	0.0171964564878	2	1855	29	33	1919	79396
UNKNOWN	234	T	0.990099009901	G	0.00521104742053	2	7	10	1900	1919	79396
UNKNOWN	235	C	0.993746743095	T	0.00521104742053	1	1907	1	10	1919	79396
UNKNOWN	236	T	0.991662324127	C	0.00468994267848	0	9	7	1903	1919	79396
UNKNOWN	237	C	0.994267847837	A	0.00260552371027	5	1908	4	2	1919	79396
UNKNOWN	238	T	0.996873371548	G	0.00260552371027	0	1	5	1913	1919	79396
UNKNOWN	239	G	0.958832725378	A	0.0323084940073	62	13	1840	4	1919	79396
UNKNOWN	240	T	0.994788952579	C	0.00260552371027	3	5	2	1909	1919	79396
UNKNOWN	241	C	0.993746743095	T	0.00416883793643	3	1907	1	8	1919	79396
UNKNOWN	242	A	0.983845752996	G	0.0130276185513	1888	5	25	1	1919	79396
UNKNOWN	243	G	0.890046899427	C	0.0745179781136	52	143	1708	16	1919	79396
UNKNOWN	244	T	0.994788952579	G	0.00260552371027	1	4	5	1909	1919	79396
UNKNOWN	245	G	0.983324648254	A	0.0109431995831	21	5	1887	6	1919	79396
UNKNOWN	246	A	0.960396039604	G	0.0265763418447	1843	23	51	2	1919	79396
UNKNOWN	247	G	0.922876498176	A	0.0552371026576	106	25	1771	17	1919	79396
UNKNOWN	248	C	0.978634705576	T	0.0151120375195	9	1878	3	29	1919	79396
UNKNOWN	249	A	0.980719124544	G	0.0140698280354	1882	10	27	0	1919	79396
UNKNOWN	250	G	0.981240229286	A	0.0130276185513	25	10	1883	1	1919	79396
UNKNOWN	251	C	0.991141219385	T	0.0078165711308	1	1902	1	15	1919	79396
UNKNOWN	252	G	0.988535695675	A	0.0078165711308	15	3	1897	4	1919	79396
UNKNOWN	253	T	0.990099009901	C	0.00468994267848	4	9	6	1900	1919	79396
UNKNOWN	254	G	0.968212610735	A	0.0208441896821	40	17	1858	4	1919	79396
UNKNOWN	255	A	0.981240229286	G	0.0135487232934	1883	3	26	7	1919	79396
UNKNOWN	256	C	0.991662324127	A	0.00468994267848	9	1903	4	3	1919	79396
UNKNOWN	257	A	0.981240229286	G	0.0114643043252	1883	11	22	3	1919	79396
UNKNOWN	258	C	0.918186555498	A	0.0640958832725	123	1762	32	2	1919	79396
UNKNOWN	259	C	0.990099009901	T	0.00521104742053	0	1900	9	10	1919	79396
UNKNOWN	260	T	0.976029181866	C	0.0145909327775	8	28	10	1873	1919	79396
UNKNOWN	261	G	0.989056800417	A	0.0104220948411	20	1	1898	0	1919	79396
UNKNOWN	262	A	0.990620114643	G	0.00573215216258	1901	7	11	0	1919	79396
UNKNOWN	263	G	0.935904116727	A	0.0375195414278	72	31	1796	20	1919	79396
UNKNOWN	264	G	0.994267847837	A	0.00364773319437	7	1	1908	3	1919	79396
UNKNOWN	265	A	0.986451276707	G	0.00677436164669	1893	12	13	1	1919	79396
UNKNOWN	266	C	0.978634705576	T	0.0125065138093	12	1878	5	24	1919	79396
UNKNOWN	267	A	0.972902553413	T	0.0187597707139	1867	1	15	36	1919	79396
UNKNOWN	268	C	0.994267847837	A	0.00260552371027	5	1908	2	4	1919	79396
UNKNOWN	269	G	0.991141219385	A	0.00416883793643	8	4	1902	5	1919	79396
UNKNOWN	270	G	0.988535695675	A	0.00625325690464	12	2	1897	8	1919	79396
UNKNOWN	271	C	0.989056800417	G	0.00521104742053	9	1898	10	2	1919	79396
UNKNOWN	272	C	0.990620114643	A	0.00364773319437	7	1901	4	7	1919	79396
UNKNOWN	273	A	0.992704533611	G	0.00468994267848	1905	3	9	2	1919	79396
UNKNOWN	274	C	0.98488796248	T	0.00677436164669	11	1890	5	13	1919	79396
UNKNOWN	275	A	0.965085982282	G	0.0229286086503	1852	14	44	9	1919	79396
UNKNOWN	276	T	0.990099009901	G	0.00677436164669	4	2	13	1900	1919	79396
UNKNOWN	277	A	0.989577905159	C	0.00468994267848	1899	9	4	7	1919	79396
UNKNOWN	278	C	0.946847316311	T	0.0500260552371	5	1817	1	96	1919	79396
UNKNOWN	279	T	0.98488796248	C	0.0088587806149	7	17	5	1890	1919	79396
UNKNOWN	280	A	0.976550286608	T	0.0119854090672	1874	13	9	23	1919	79396
UNKNOWN	281	C	0.969254820219	T	0.0276185513288	2	1860	4	53	1919	79396
UNKNOWN	282	T	0.988014590933	G	0.00990099009901	3	1	19	1896	1919	79396
