Type	Position	Nucl1	Freq1	Nucl2	Freq2	NumAs	NumCs	NumGs	NumTs	NumAligned	NumNaive
UNKNOWN	0	C	1.0	A	0.0	0	37376	0	0	37376	132402
UNKNOWN	1	A	1.0	C	0.0	37376	0	0	0	37376	132402
UNKNOWN	2	G	1.0	A	0.0	0	0	37376	0	37376	132402
UNKNOWN	3	G	1.0	A	0.0	0	0	37376	0	37376	132402
UNKNOWN	4	T	1.0	A	0.0	0	0	0	37376	37376	132402
UNKNOWN	5	G	1.0	A	0.0	0	0	37376	0	37376	132402
UNKNOWN	6	C	1.0	A	0.0	0	37376	0	0	37376	132402
UNKNOWN	7	A	0.998073630137	G	0.00139126712329	37304	7	52	13	37376	132402
UNKNOWN	8	G	0.993659032534	A	0.0050834760274	190	38	37139	9	37376	132402
UNKNOWN	9	C	0.997672303082	T	0.00168557363014	2	37289	22	63	37376	132402
UNKNOWN	10	T	0.999036815068	C	0.000829409246575	4	31	1	37340	37376	132402
UNKNOWN	11	G	0.998501712329	A	0.00109696061644	41	10	37320	5	37376	132402
UNKNOWN	12	C	0.998983304795	T	0.000749143835616	7	37338	3	28	37376	132402
UNKNOWN	13	G	0.998956549658	A	0.000802654109589	30	6	37337	3	37376	132402
UNKNOWN	14	C	0.549497003425	G	0.448763912671	27	20538	16773	38	37376	132402
UNKNOWN	15	G	0.999518407534	A	0.000321061643836	12	3	37358	3	37376	132402
UNKNOWN	16	A	0.998127140411	G	0.00131100171233	37306	18	49	3	37376	132402
UNKNOWN	17	G	0.995050299658	A	0.00417380136986	156	22	37191	7	37376	132402
UNKNOWN	18	T	0.997351241438	A	0.00144477739726	54	34	11	37277	37376	132402
UNKNOWN	19	C	0.999518407534	T	0.000401327054795	0	37358	3	15	37376	132402
UNKNOWN	20	G	0.995879708904	A	0.00385273972603	144	7	37222	3	37376	132402
UNKNOWN	21	G	0.999331121575	C	0.000481592465753	6	18	37351	1	37376	132402
UNKNOWN	22	G	0.999117080479	A	0.000401327054795	15	15	37343	3	37376	132402
UNKNOWN	23	C	0.999545162671	T	0.000294306506849	1	37359	5	11	37376	132402
UNKNOWN	24	C	0.997270976027	T	0.00264875856164	3	37274	0	99	37376	132402
UNKNOWN	25	C	0.999759203767	A	0.000133775684932	5	37367	0	4	37376	132402
UNKNOWN	26	C	0.998903039384	A	0.000775898972603	29	37335	3	9	37376	132402
UNKNOWN	27	A	0.996735873288	G	0.00283604452055	37254	15	106	1	37376	132402
UNKNOWN	28	G	0.993953339041	A	0.00444135273973	166	55	37150	5	37376	132402
UNKNOWN	29	C	0.997297731164	T	0.00251498287671	5	37275	2	94	37376	132402
UNKNOWN	30	C	0.998715753425	T	0.00104345034247	2	37328	7	39	37376	132402
UNKNOWN	31	T	0.997565282534	C	0.00123073630137	3	46	42	37285	37376	132402
UNKNOWN	32	G	0.993578767123	A	0.00473565924658	177	25	37136	38	37376	132402
UNKNOWN	33	G	0.997725813356	C	0.000882919520548	24	33	37291	28	37376	132402
UNKNOWN	34	T	0.997217465753	C	0.00149828767123	3	56	45	37272	37376	132402
UNKNOWN	35	G	0.99751177226	A	0.00216716609589	81	7	37283	5	37376	132402
UNKNOWN	36	A	0.997324486301	G	0.00187285958904	37276	24	70	6	37376	132402
UNKNOWN	37	A	0.995799443493	G	0.00329088184932	37219	30	123	4	37376	132402
UNKNOWN	38	G	0.997324486301	A	0.00157855308219	59	33	37276	8	37376	132402
UNKNOWN	39	C	0.998608732877	T	0.000936429794521	7	37324	10	35	37376	132402
UNKNOWN	40	C	0.999545162671	T	0.00021404109589	3	37359	6	8	37376	132402
UNKNOWN	41	C	0.998073630137	T	0.00123073630137	4	37304	22	46	37376	132402
UNKNOWN	42	T	0.996414811644	C	0.00256849315068	8	96	30	37242	37376	132402
UNKNOWN	43	C	0.998796018836	A	0.000829409246575	31	37331	2	12	37376	132402
UNKNOWN	44	A	0.99662885274	G	0.00184610445205	37250	48	69	9	37376	132402
UNKNOWN	45	C	0.998555222603	A	0.000909674657534	34	37322	11	9	37376	132402
UNKNOWN	46	A	0.997404751712	G	0.00163206335616	37279	28	61	8	37376	132402
UNKNOWN	47	G	0.996842893836	A	0.00286279965753	107	11	37258	0	37376	132402
UNKNOWN	48	A	0.996388056507	C	0.0017658390411	37241	66	63	6	37376	132402
UNKNOWN	49	C	0.998555222603	G	0.00072238869863	6	37322	27	21	37376	132402
UNKNOWN	50	C	0.998796018836	T	0.000856164383562	6	37331	7	32	37376	132402
UNKNOWN	51	C	0.998688998288	T	0.000936429794521	6	37327	8	35	37376	132402
UNKNOWN	52	T	0.997324486301	C	0.00235445205479	8	88	4	37276	37376	132402
UNKNOWN	53	C	0.998903039384	T	0.00101669520548	2	37335	1	38	37376	132402
UNKNOWN	54	T	0.996816138699	C	0.00267551369863	5	100	14	37257	37376	132402
UNKNOWN	55	C	0.998474957192	T	0.00123073630137	11	37319	0	46	37376	132402
UNKNOWN	56	C	0.997752568493	T	0.00152504280822	8	37292	19	57	37376	132402
UNKNOWN	57	C	0.996976669521	G	0.00147153253425	4	37263	55	54	37376	132402
UNKNOWN	58	T	0.997886344178	C	0.00192636986301	3	72	4	37297	37376	132402
UNKNOWN	59	C	0.998287671233	A	0.00107020547945	40	37312	2	22	37376	132402
UNKNOWN	60	A	0.996575342466	C	0.00149828767123	37248	56	46	26	37376	132402
UNKNOWN	61	C	0.998501712329	T	0.000909674657534	8	37320	14	34	37376	132402
UNKNOWN	62	C	0.997163955479	T	0.00165881849315	7	37270	37	62	37376	132402
UNKNOWN	63	T	0.997592037671	C	0.00133775684932	6	50	34	37286	37376	132402
UNKNOWN	64	G	0.998555222603	C	0.000882919520548	20	33	37322	1	37376	132402
UNKNOWN	65	C	0.997217465753	T	0.00171232876712	40	37272	0	64	37376	132402
UNKNOWN	66	A	0.99529109589	G	0.0031303510274	37200	51	117	8	37376	132402
UNKNOWN	67	C	0.997672303082	T	0.00112371575342	9	37289	36	42	37376	132402
UNKNOWN	68	G	0.995050299658	A	0.00430757705479	161	14	37191	10	37376	132402
UNKNOWN	69	G	0.928162457192	A	0.0694295804795	2595	50	34691	40	37376	132402
UNKNOWN	70	T	0.978221318493	C	0.0202803938356	2	758	54	36562	37376	132402
UNKNOWN	71	C	0.989913313356	T	0.00500321061644	14	36999	176	187	37376	132402
UNKNOWN	72	T	0.997217465753	C	0.001953125	4	73	27	37272	37376	132402
UNKNOWN	73	C	0.998421446918	T	0.00141802226027	2	37317	4	53	37376	132402
UNKNOWN	74	T	0.994996789384	G	0.00256849315068	14	77	96	37189	37376	132402
UNKNOWN	75	G	0.997966609589	A	0.00187285958904	70	4	37300	2	37376	132402
UNKNOWN	76	G	0.996602097603	A	0.0025417380137	95	22	37249	10	37376	132402
UNKNOWN	77	A	0.99529109589	G	0.00181934931507	37200	45	68	63	37376	132402
UNKNOWN	78	T	0.996682363014	G	0.00147153253425	15	54	55	37252	37376	132402
UNKNOWN	79	T	0.996388056507	C	0.00294306506849	17	110	8	37241	37376	132402
UNKNOWN	80	C	0.996441566781	T	0.00264875856164	8	37243	26	99	37376	132402
UNKNOWN	81	T	0.995879708904	C	0.00296982020548	7	111	36	37222	37376	132402
UNKNOWN	82	C	0.997752568493	A	0.00112371575342	42	37292	3	39	37376	132402
UNKNOWN	83	A	0.994113869863	G	0.00296982020548	37156	49	111	60	37376	132402
UNKNOWN	84	T	0.859428510274	C	0.136879280822	75	5116	63	32122	37376	132402
UNKNOWN	85	T	0.997458261986	G	0.00125749143836	12	36	47	37281	37376	132402
UNKNOWN	86	G	0.990903253425	A	0.00805329623288	301	22	37036	17	37376	132402
UNKNOWN	87	A	0.993819563356	G	0.00486943493151	37145	40	182	9	37376	132402
UNKNOWN	88	G	0.972335188356	A	0.0199860873288	747	246	36342	41	37376	132402
UNKNOWN	89	C	0.972897046233	T	0.019477739726	213	36363	72	728	37376	132402
UNKNOWN	90	A	0.979211258562	G	0.0180597174658	36599	92	675	10	37376	132402
UNKNOWN	91	G	0.936911386986	A	0.0424604023973	1587	596	35018	175	37376	132402
UNKNOWN	92	C	0.976214683219	T	0.013591609589	116	36487	265	508	37376	132402
UNKNOWN	93	T	0.981324914384	A	0.00717037671233	268	183	247	36678	37376	132402
UNKNOWN	94	A	0.983090753425	C	0.00588613013699	36744	220	200	212	37376	132402
UNKNOWN	95	T	0.99333797089	C	0.00299657534247	29	112	108	37127	37376	132402
UNKNOWN	96	G	0.905313570205	A	0.0591288527397	2210	370	33837	959	37376	132402
UNKNOWN	97	C	0.926396618151	G	0.0326412671233	530	34625	1220	1001	37376	132402
UNKNOWN	98	T	0.992936643836	C	0.00355843321918	38	133	93	37112	37376	132402
UNKNOWN	99	G	0.974983946918	A	0.0217519263699	813	48	36441	74	37376	132402
UNKNOWN	100	T	0.995933219178	C	0.00286279965753	39	107	6	37224	37376	132402
UNKNOWN	101	A	0.961954195205	G	0.0264608304795	35954	177	989	256	37376	132402
UNKNOWN	102	A	0.540828339041	G	0.445874357877	20214	356	16665	141	37376	132402
UNKNOWN	103	G	0.799684289384	A	0.132651969178	4958	1967	29889	562	37376	132402
UNKNOWN	104	C	0.987933433219	T	0.00623394691781	58	36925	160	233	37376	132402
UNKNOWN	105	T	0.997913099315	G	0.00128424657534	3	27	48	37298	37376	132402
UNKNOWN	106	G	0.99946489726	A	0.000428082191781	16	2	37356	2	37376	132402
UNKNOWN	107	G	0.999277611301	A	0.000321061643836	12	6	37349	9	37376	132402
UNKNOWN	108	G	0.983518835616	A	0.011745505137	439	108	36760	69	37376	132402
UNKNOWN	109	T	0.996949914384	C	0.00283604452055	2	106	6	37262	37376	132402
UNKNOWN	110	C	0.999010059932	T	0.000561857876712	3	37339	13	21	37376	132402
UNKNOWN	111	C	0.998341181507	G	0.000989940068493	6	37314	37	19	37376	132402
UNKNOWN	112	G	0.998341181507	C	0.00120398116438	17	45	37314	0	37376	132402
UNKNOWN	113	C	0.998367936644	T	0.000642123287671	14	37315	23	24	37376	132402
UNKNOWN	114	C	0.998715753425	A	0.00109696061644	41	37328	4	3	37376	132402
UNKNOWN	115	A	0.991010273973	G	0.00808005136986	37040	11	302	23	37376	132402
UNKNOWN	116	G	0.998153895548	A	0.000989940068493	37	13	37307	19	37376	132402
UNKNOWN	117	G	0.98073630137	A	0.0166684503425	623	61	36656	36	37376	132402
UNKNOWN	118	C	0.997003424658	T	0.00187285958904	6	37264	36	70	37376	132402
UNKNOWN	119	T	0.995612157534	C	0.0031303510274	5	117	42	37212	37376	132402
UNKNOWN	120	C	0.998421446918	T	0.000989940068493	11	37317	11	37	37376	132402
UNKNOWN	121	C	0.998448202055	A	0.00131100171233	49	37318	3	6	37376	132402
UNKNOWN	122	A	0.987853167808	G	0.0111836472603	36922	27	418	9	37376	132402
UNKNOWN	123	G	0.999224101027	C	0.000454837328767	12	17	37347	0	37376	132402
UNKNOWN	124	G	0.995050299658	A	0.0046821489726	175	5	37191	5	37376	132402
UNKNOWN	125	G	0.984134203767	A	0.013645119863	510	76	36783	7	37376	132402
UNKNOWN	126	A	0.996414811644	G	0.0031303510274	37242	14	117	3	37376	132402
UNKNOWN	127	A	0.991491866438	G	0.00778574486301	37058	25	291	2	37376	132402
UNKNOWN	128	G	0.998635488014	A	0.000695633561644	26	21	37325	4	37376	132402
UNKNOWN	129	G	0.990475171233	A	0.0064479880137	241	99	37020	16	37376	132402
UNKNOWN	130	C	0.996735873288	T	0.00168557363014	2	37254	57	63	37376	132402
UNKNOWN	131	G	0.990234375	A	0.0066352739726	248	103	37011	14	37376	132402
UNKNOWN	132	C	0.990047089041	T	0.00853488869863	37	37004	16	319	37376	132402
UNKNOWN	133	T	0.985391695205	C	0.0114779537671	10	429	107	36830	37376	132402
UNKNOWN	134	G	0.603943707192	T	0.382116866438	429	92	22573	14282	37376	132402
UNKNOWN	135	G	0.997404751712	A	0.00171232876712	64	26	37279	7	37376	132402
UNKNOWN	136	A	0.996816138699	G	0.00251498287671	37257	15	94	10	37376	132402
UNKNOWN	137	G	0.984589041096	A	0.0120130565068	449	72	36800	55	37376	132402
UNKNOWN	138	T	0.995023544521	G	0.00203339041096	39	71	76	37190	37376	132402
UNKNOWN	139	G	0.982100813356	A	0.0128157106164	479	74	36707	116	37376	132402
UNKNOWN	140	C	0.731084118151	G	0.232207833904	36	27325	8679	1336	37376	132402
UNKNOWN	141	C	0.788233090753	G	0.196382705479	489	29461	7340	86	37376	132402
UNKNOWN	142	T	0.997324486301	C	0.0017658390411	5	66	29	37276	37376	132402
UNKNOWN	143	C	0.771805436644	T	0.222014126712	31	28847	200	8298	37376	132402
UNKNOWN	144	G	0.993444991438	A	0.00537778253425	201	3	37131	41	37376	132402
UNKNOWN	145	G	0.995184075342	C	0.0033176369863	10	124	37196	46	37376	132402
UNKNOWN	146	T	0.981217893836	G	0.00808005136986	210	190	302	36674	37376	132402
UNKNOWN	147	G	0.848833476027	A	0.129869434932	4854	241	31726	555	37376	132402
UNKNOWN	148	G	0.906009203767	A	0.0450288955479	1683	1131	33863	699	37376	132402
UNKNOWN	149	T	0.966235017123	G	0.0127622003425	388	397	477	36114	37376	132402
UNKNOWN	150	A	0.938811001712	G	0.056667380137	35089	50	2118	119	37376	132402
UNKNOWN	151	T	0.990689212329	C	0.00500321061644	106	187	55	37028	37376	132402
UNKNOWN	152	A	0.949860873288	G	0.0313837756849	35502	248	1173	453	37376	132402
UNKNOWN	153	A	0.907507491438	G	0.0830211900685	33919	245	3103	109	37376	132402
UNKNOWN	154	G	0.847522474315	A	0.10661922089	3985	1434	31677	280	37376	132402
UNKNOWN	155	C	0.880565068493	T	0.0775363869863	664	32912	902	2898	37376	132402
UNKNOWN	156	A	0.901862157534	G	0.0909407106164	33708	207	3399	62	37376	132402
UNKNOWN	157	G	0.927038741438	A	0.0432898116438	1618	837	34649	272	37376	132402
UNKNOWN	158	T	0.96794734589	G	0.0158657962329	341	264	593	36178	37376	132402
UNKNOWN	159	G	0.890277183219	A	0.0868471746575	3246	658	33275	197	37376	132402
UNKNOWN	160	G	0.908925513699	A	0.062526755137	2337	719	33972	348	37376	132402
UNKNOWN	161	T	0.978114297945	C	0.0084011130137	238	314	266	36558	37376	132402
UNKNOWN	162	G	0.991866438356	A	0.00791952054795	296	6	37072	2	37376	132402
UNKNOWN	163	G	0.988093964041	A	0.00674229452055	252	140	36931	53	37376	132402
UNKNOWN	164	A	0.967867080479	G	0.0249892979452	36175	132	934	135	37376	132402
UNKNOWN	165	A	0.942342679795	G	0.0491224315068	35221	200	1836	119	37376	132402
UNKNOWN	166	G	0.760113441781	A	0.150069563356	5609	2096	28410	1261	37376	132402
UNKNOWN	167	C	0.910263270548	T	0.0413366866438	1003	34022	806	1545	37376	132402
UNKNOWN	168	A	0.971184717466	G	0.0208422517123	36299	186	779	112	37376	132402
UNKNOWN	169	C	0.974315068493	T	0.0163741438356	204	36416	144	612	37376	132402
UNKNOWN	170	A	0.9765625	G	0.0113976883562	36500	106	426	344	37376	132402
UNKNOWN	171	T	0.581094820205	G	0.356752996575	1554	769	13334	21719	37376	132402
UNKNOWN	172	A	0.70871682363	G	0.234375	26489	981	8760	1146	37376	132402
UNKNOWN	173	C	0.977766481164	T	0.0107020547945	97	36545	334	400	37376	132402
UNKNOWN	174	T	0.991839683219	C	0.00441459760274	84	165	56	37071	37376	132402
UNKNOWN	175	A	0.990261130137	T	0.00596639554795	37012	62	79	223	37376	132402
UNKNOWN	176	T	0.984482020548	C	0.0124946489726	76	467	37	36796	37376	132402
UNKNOWN	177	A	0.983171018836	G	0.00837435787671	36747	218	313	98	37376	132402
UNKNOWN	178	A	0.988415025685	G	0.00698309075342	36943	152	261	20	37376	132402
UNKNOWN	179	C	0.938249143836	T	0.0481324914384	70	35068	439	1799	37376	132402
UNKNOWN	180	C	0.970248287671	T	0.0174175941781	137	36264	324	651	37376	132402
UNKNOWN	181	C	0.984508775685	T	0.00660851883562	160	36797	172	247	37376	132402
UNKNOWN	182	A	0.98357234589	G	0.011691994863	36762	103	437	74	37376	132402
UNKNOWN	183	G	0.979505565068	A	0.0125481592466	469	153	36610	144	37376	132402
UNKNOWN	184	C	0.983652611301	T	0.00717037671233	135	36765	208	268	37376	132402
UNKNOWN	185	C	0.998688998288	T	0.000989940068493	5	37327	7	37	37376	132402
UNKNOWN	186	C	0.995933219178	T	0.00256849315068	7	37224	49	96	37376	132402
UNKNOWN	187	T	0.995692422945	G	0.00222067636986	33	45	83	37215	37376	132402
UNKNOWN	188	G	0.977579195205	A	0.0187285958904	700	40	36538	98	37376	132402
UNKNOWN	189	A	0.991144049658	G	0.0064479880137	37045	81	241	9	37376	132402
UNKNOWN	190	A	0.993926583904	G	0.00353167808219	37149	46	132	49	37376	132402
UNKNOWN	191	A	0.99138484589	G	0.00481592465753	37054	53	180	89	37376	132402
UNKNOWN	192	T	0.991277825342	C	0.00569884417808	33	213	80	37050	37376	132402
UNKNOWN	193	C	0.998153895548	T	0.0011772260274	17	37307	8	44	37376	132402
UNKNOWN	194	C	0.992348030822	T	0.00559182363014	36	37090	41	209	37376	132402
UNKNOWN	195	C	0.997003424658	G	0.0021404109589	12	37264	80	20	37376	132402
UNKNOWN	196	G	0.997618792808	A	0.00197988013699	74	6	37287	9	37376	132402
UNKNOWN	197	G	0.944937928082	A	0.0414704623288	1550	236	35318	272	37376	132402
UNKNOWN	198	C	0.99333797089	T	0.00291630993151	44	37127	96	109	37376	132402
UNKNOWN	199	T	0.994755993151	C	0.00382598458904	20	143	33	37180	37376	132402
UNKNOWN	200	C	0.994889768836	A	0.00267551369863	100	37185	27	64	37376	132402
UNKNOWN	201	A	0.992133989726	G	0.00671553938356	37082	36	251	7	37376	132402
UNKNOWN	202	G	0.986943493151	C	0.00874892979452	53	327	36888	108	37376	132402
UNKNOWN	203	C	0.969124571918	T	0.0239458476027	157	36222	102	895	37376	132402
UNKNOWN	204	A	0.983144263699	G	0.0120665667808	36746	65	451	114	37376	132402
UNKNOWN	205	T	0.994755993151	C	0.00350492294521	23	131	42	37180	37376	132402
UNKNOWN	206	C	0.991973458904	T	0.00430757705479	121	37076	18	161	37376	132402
UNKNOWN	207	A	0.987104023973	G	0.00743792808219	36894	108	278	96	37376	132402
UNKNOWN	208	C	0.987826412671	T	0.00500321061644	83	36921	185	187	37376	132402
UNKNOWN	209	C	0.97097067637	T	0.0153306934932	186	36291	326	573	37376	132402
UNKNOWN	210	A	0.995933219178	G	0.00235445205479	37224	58	88	6	37376	132402
UNKNOWN	211	A	0.979639340753	G	0.0182202482877	36615	48	681	32	37376	132402
UNKNOWN	212	G	0.987960188356	A	0.0108090753425	404	45	36926	1	37376	132402
UNKNOWN	213	G	0.994648972603	A	0.00457512842466	171	19	37176	10	37376	132402
UNKNOWN	214	A	0.99467572774	C	0.00275577910959	37177	103	76	20	37376	132402
UNKNOWN	215	C	0.987772902397	T	0.00561857876712	106	36919	141	210	37376	132402
UNKNOWN	216	A	0.990180864726	G	0.00730415239726	37009	32	273	62	37376	132402
UNKNOWN	217	A	0.974127782534	C	0.0130029965753	36409	486	399	82	37376	132402
UNKNOWN	218	C	0.985124143836	T	0.0124411386986	20	36820	71	465	37376	132402
UNKNOWN	219	T	0.992963398973	C	0.00361194349315	60	135	68	37113	37376	132402
UNKNOWN	220	C	0.995264340753	T	0.00246147260274	77	37199	8	92	37376	132402
UNKNOWN	221	C	0.991010273973	T	0.00395976027397	121	37040	67	148	37376	132402
UNKNOWN	222	A	0.990956763699	C	0.00529751712329	37038	198	130	10	37376	132402
UNKNOWN	223	A	0.985900042808	G	0.0123608732877	36849	31	462	34	37376	132402
UNKNOWN	224	G	0.985471960616	C	0.00845462328767	206	316	36833	21	37376	132402
UNKNOWN	225	A	0.98943172089	G	0.00735766267123	36981	104	275	16	37376	132402
UNKNOWN	226	G	0.967546018836	A	0.0260059931507	972	207	36163	34	37376	132402
UNKNOWN	227	C	0.974475599315	T	0.0222067636986	39	36422	85	830	37376	132402
UNKNOWN	228	C	0.994568707192	A	0.00321061643836	120	37173	68	15	37376	132402
UNKNOWN	229	A	0.995531892123	G	0.00238120719178	37209	33	89	45	37376	132402
UNKNOWN	230	A	0.979612585616	G	0.0184342893836	36614	52	689	21	37376	132402
UNKNOWN	231	G	0.973779965753	A	0.0127889554795	478	251	36396	251	37376	132402
UNKNOWN	232	T	0.994301155822	C	0.00478916952055	12	179	22	37163	37376	132402
UNKNOWN	233	C	0.974181292808	G	0.0152771832192	21	36411	571	373	37376	132402
UNKNOWN	234	T	0.9921875	C	0.00417380136986	38	156	98	37084	37376	132402
UNKNOWN	235	C	0.991251070205	T	0.00767872431507	32	37049	8	287	37376	132402
UNKNOWN	236	T	0.98552547089	C	0.00690282534247	61	258	222	36835	37376	132402
UNKNOWN	237	C	0.995050299658	T	0.0037189640411	14	37191	32	139	37376	132402
UNKNOWN	238	T	0.995665667808	G	0.00243471746575	16	55	91	37214	37376	132402
UNKNOWN	239	G	0.965860445205	A	0.0208690068493	780	227	36100	269	37376	132402
UNKNOWN	240	T	0.990876498288	C	0.00385273972603	87	144	110	37035	37376	132402
UNKNOWN	241	C	0.992909888699	T	0.00446810787671	88	37111	10	167	37376	132402
UNKNOWN	242	A	0.980281464041	G	0.0119595462329	36639	204	447	86	37376	132402
UNKNOWN	243	G	0.947292380137	A	0.0240796232877	900	831	35406	239	37376	132402
UNKNOWN	244	T	0.993712542808	C	0.0027290239726	32	102	101	37141	37376	132402
UNKNOWN	245	G	0.97097067637	A	0.0131100171233	490	132	36291	463	37376	132402
UNKNOWN	246	A	0.982823202055	G	0.0134845890411	36734	118	504	20	37376	132402
UNKNOWN	247	G	0.928242722603	A	0.0395173373288	1477	1014	34694	191	37376	132402
UNKNOWN	248	C	0.975866866438	T	0.0164544092466	188	36474	99	615	37376	132402
UNKNOWN	249	A	0.98606057363	G	0.0123073630137	36855	56	460	5	37376	132402
UNKNOWN	250	G	0.978435359589	A	0.0131100171233	490	273	36570	43	37376	132402
UNKNOWN	251	C	0.988789597603	T	0.0060466609589	81	36957	112	226	37376	132402
UNKNOWN	252	G	0.984375	A	0.0106217893836	397	81	36792	106	37376	132402
UNKNOWN	253	T	0.992053724315	C	0.00452161815068	18	169	110	37079	37376	132402
UNKNOWN	254	G	0.971479023973	A	0.021537885274	805	152	36310	109	37376	132402
UNKNOWN	255	A	0.985150898973	G	0.0101134417808	36821	117	378	60	37376	132402
UNKNOWN	256	C	0.992535316781	A	0.00318386130137	119	37097	65	95	37376	132402
UNKNOWN	257	A	0.975305008562	G	0.0145280393836	36453	205	543	175	37376	132402
UNKNOWN	258	C	0.877060145548	A	0.10431827911	3899	32781	243	453	37376	132402
UNKNOWN	259	C	0.987344820205	T	0.00770547945205	64	36903	121	288	37376	132402
UNKNOWN	260	T	0.971345248288	C	0.0130029965753	212	486	373	36305	37376	132402
UNKNOWN	261	G	0.991946703767	A	0.00540453767123	202	25	37075	74	37376	132402
UNKNOWN	262	A	0.989137414384	G	0.00754494863014	36970	97	282	27	37376	132402
UNKNOWN	263	G	0.95534567637	A	0.0283336900685	1059	457	35707	153	37376	132402
UNKNOWN	264	G	0.992241010274	A	0.00519049657534	194	19	37086	77	37376	132402
UNKNOWN	265	A	0.989244434932	C	0.00674229452055	36974	252	108	42	37376	132402
UNKNOWN	266	C	0.982314854452	T	0.00848137842466	241	36715	103	317	37376	132402
UNKNOWN	267	A	0.980602525685	G	0.0100331763699	36651	111	375	239	37376	132402
UNKNOWN	268	C	0.992133989726	G	0.00412029109589	100	37082	154	40	37376	132402
UNKNOWN	269	G	0.990849743151	A	0.00478916952055	179	84	37034	79	37376	132402
UNKNOWN	270	G	0.991518621575	A	0.00299657534247	112	104	37059	101	37376	132402
UNKNOWN	271	C	0.992615582192	A	0.0040935359589	153	37100	78	45	37376	132402
UNKNOWN	272	C	0.991117294521	A	0.00478916952055	179	37044	60	93	37376	132402
UNKNOWN	273	A	0.988709332192	G	0.00623394691781	36954	101	233	88	37376	132402
UNKNOWN	274	C	0.985900042808	T	0.00631421232877	225	36849	66	236	37376	132402
UNKNOWN	275	A	0.968134631849	G	0.0186483304795	36185	247	697	247	37376	132402
UNKNOWN	276	T	0.991090539384	G	0.00393300513699	127	59	147	37043	37376	132402
UNKNOWN	277	A	0.990715967466	C	0.00502996575342	37029	188	76	83	37376	132402
UNKNOWN	278	C	0.962596318493	T	0.0349957191781	62	35978	28	1308	37376	132402
UNKNOWN	279	T	0.984187714041	G	0.005859375	178	194	219	36785	37376	132402
UNKNOWN	280	A	0.975813356164	T	0.0109963613014	36472	339	154	411	37376	132402
UNKNOWN	281	C	0.977579195205	T	0.0203606592466	38	36538	39	761	37376	132402
UNKNOWN	282	T	0.988896618151	G	0.00816031678082	69	41	305	36961	37376	132402
