Type	Position	Nucl1	Freq1	Nucl2	Freq2	NumAs	NumCs	NumGs	NumTs	NumAligned	NumNaive
UNKNOWN	0	C	1.0	A	0.0	0	11449	0	0	11449	110935
UNKNOWN	1	A	1.0	C	0.0	11449	0	0	0	11449	110935
UNKNOWN	2	G	1.0	A	0.0	0	0	11449	0	11449	110935
UNKNOWN	3	G	1.0	A	0.0	0	0	11449	0	11449	110935
UNKNOWN	4	T	1.0	A	0.0	0	0	0	11449	11449	110935
UNKNOWN	5	G	1.0	A	0.0	0	0	11449	0	11449	110935
UNKNOWN	6	C	1.0	A	0.0	0	11449	0	0	11449	110935
UNKNOWN	7	A	0.998340466416	G	0.00104812647393	11430	7	12	0	11449	110935
UNKNOWN	8	G	0.994846711503	A	0.00454188138702	52	6	11390	1	11449	110935
UNKNOWN	9	C	0.994060616648	T	0.00427984976854	1	11381	18	49	11449	110935
UNKNOWN	10	T	0.999563280636	C	0.000349375491309	0	4	1	11444	11449	110935
UNKNOWN	11	G	0.998602498035	A	0.00131015809241	15	0	11433	1	11449	110935
UNKNOWN	12	C	0.999650624509	T	0.000174687745655	1	11445	1	2	11449	110935
UNKNOWN	13	G	0.999301249017	A	0.000349375491309	4	1	11441	3	11449	110935
UNKNOWN	14	G	0.890121407983	C	0.103065769936	74	1180	10191	4	11449	110935
UNKNOWN	15	G	0.999213905145	A	0.000436719364137	5	4	11440	0	11449	110935
UNKNOWN	16	A	0.998689841908	G	0.000873438728273	11434	4	10	1	11449	110935
UNKNOWN	17	G	0.997554371561	A	0.00200890907503	23	4	11421	1	11449	110935
UNKNOWN	18	T	0.998427810289	C	0.000786094855446	2	9	7	11431	11449	110935
UNKNOWN	19	C	0.99938859289	T	0.000349375491309	1	11442	2	4	11449	110935
UNKNOWN	20	G	0.998078434798	A	0.00183422132937	21	1	11427	0	11449	110935
UNKNOWN	21	G	0.999301249017	C	0.000524063236964	2	6	11441	0	11449	110935
UNKNOWN	22	G	0.999213905145	C	0.000436719364137	4	5	11440	0	11449	110935
UNKNOWN	23	C	0.999213905145	T	0.000786094855446	0	11440	0	9	11449	110935
UNKNOWN	24	C	0.999825312254	A	0.000174687745655	2	11447	0	0	11449	110935
UNKNOWN	25	C	0.999475936763	T	0.000436719364137	1	11443	0	5	11449	110935
UNKNOWN	26	C	0.99938859289	A	0.000524063236964	6	11442	1	0	11449	110935
UNKNOWN	27	A	0.997117652197	G	0.00218359682068	11416	5	25	3	11449	110935
UNKNOWN	28	G	0.995458118613	A	0.00331906716744	38	14	11397	0	11449	110935
UNKNOWN	29	C	0.997816403179	G	0.00104812647393	3	11424	12	10	11449	110935
UNKNOWN	30	C	0.998864529653	T	0.000873438728273	2	11436	1	10	11449	110935
UNKNOWN	31	T	0.997467027688	G	0.00131015809241	1	13	15	11420	11449	110935
UNKNOWN	32	G	0.995108743122	A	0.0038431304044	44	4	11393	8	11449	110935
UNKNOWN	33	G	0.998515154162	T	0.000698750982619	4	5	11432	8	11449	110935
UNKNOWN	34	T	0.997379683815	C	0.00157218971089	0	18	12	11419	11449	110935
UNKNOWN	35	G	0.998253122543	A	0.00157218971089	18	1	11429	1	11449	110935
UNKNOWN	36	A	0.997816403179	G	0.00122281421958	11424	10	14	1	11449	110935
UNKNOWN	37	A	0.997030308324	G	0.00227094069351	11415	6	26	2	11449	110935
UNKNOWN	38	G	0.998253122543	A	0.000873438728273	10	6	11429	4	11449	110935
UNKNOWN	39	C	0.997641715434	T	0.00131015809241	0	11422	12	15	11449	110935
UNKNOWN	40	C	0.999650624509	G	0.000174687745655	1	11445	2	1	11449	110935
UNKNOWN	41	C	0.998078434798	G	0.00122281421958	1	11427	14	7	11449	110935
UNKNOWN	42	T	0.997379683815	C	0.00218359682068	2	25	3	11419	11449	110935
UNKNOWN	43	C	0.997467027688	T	0.00200890907503	5	11420	1	23	11449	110935
UNKNOWN	44	A	0.996768276705	G	0.00139750196524	11412	14	16	7	11449	110935
UNKNOWN	45	C	0.998340466416	G	0.00104812647393	5	11430	12	2	11449	110935
UNKNOWN	46	A	0.998340466416	G	0.00113547034676	11430	5	13	1	11449	110935
UNKNOWN	47	G	0.998864529653	A	0.000960782601101	11	1	11436	1	11449	110935
UNKNOWN	48	A	0.997729059306	C	0.00113547034676	11423	13	11	2	11449	110935
UNKNOWN	49	C	0.999213905145	T	0.000436719364137	0	11440	4	5	11449	110935
UNKNOWN	50	C	0.998951873526	T	0.000873438728273	1	11437	1	10	11449	110935
UNKNOWN	51	C	0.999301249017	T	0.000611407109791	1	11441	0	7	11449	110935
UNKNOWN	52	T	0.996418901214	C	0.0028823478033	5	33	3	11408	11449	110935
UNKNOWN	53	C	0.999213905145	T	0.000611407109791	1	11440	1	7	11449	110935
UNKNOWN	54	T	0.996156869596	C	0.00262031618482	1	30	13	11405	11449	110935
UNKNOWN	55	C	0.998515154162	T	0.000873438728273	7	11432	0	10	11449	110935
UNKNOWN	56	C	0.998951873526	T	0.000611407109791	4	11437	1	7	11449	110935
UNKNOWN	57	C	0.996855620578	G	0.00227094069351	4	11413	26	6	11449	110935
UNKNOWN	58	T	0.997816403179	C	0.00165953358372	6	19	0	11424	11449	110935
UNKNOWN	59	C	0.997991090925	A	0.00122281421958	14	11426	1	8	11449	110935
UNKNOWN	60	A	0.994409992139	G	0.00358109878592	11385	20	41	3	11449	110935
UNKNOWN	61	C	0.99877718578	T	0.000611407109791	4	11435	3	7	11449	110935
UNKNOWN	62	C	0.998165778671	T	0.00139750196524	0	11428	5	16	11449	110935
UNKNOWN	63	T	0.998253122543	G	0.000786094855446	3	8	9	11429	11449	110935
UNKNOWN	64	G	0.998951873526	A	0.000524063236964	6	6	11437	0	11449	110935
UNKNOWN	65	C	0.998165778671	A	0.00113547034676	13	11428	1	7	11449	110935
UNKNOWN	66	A	0.996942964451	G	0.00165953358372	11414	14	19	2	11449	110935
UNKNOWN	67	C	0.990042798498	T	0.00786094855446	3	11335	21	90	11449	110935
UNKNOWN	68	G	0.991702332081	A	0.00663813433488	76	7	11354	12	11449	110935
UNKNOWN	69	A	0.802515503537	G	0.192942615076	9188	40	2209	12	11449	110935
UNKNOWN	70	T	0.991527644336	C	0.00742422919032	2	85	10	11352	11449	110935
UNKNOWN	71	C	0.98733513844	T	0.00628875884357	8	11304	65	72	11449	110935
UNKNOWN	72	T	0.99720499607	C	0.00235828456634	1	27	4	11417	11449	110935
UNKNOWN	73	C	0.998602498035	T	0.000873438728273	5	11433	1	10	11449	110935
UNKNOWN	74	T	0.996244213468	C	0.00165953358372	5	19	19	11406	11449	110935
UNKNOWN	75	G	0.999039217399	A	0.000611407109791	7	3	11438	1	11449	110935
UNKNOWN	76	G	0.990654205607	A	0.00724954144467	83	22	11342	2	11449	110935
UNKNOWN	77	A	0.992925146301	G	0.0028823478033	11368	21	33	27	11449	110935
UNKNOWN	78	T	0.99598218185	G	0.00209625294786	2	20	24	11403	11449	110935
UNKNOWN	79	T	0.997030308324	C	0.00165953358372	12	19	3	11415	11449	110935
UNKNOWN	80	C	0.986898419076	T	0.00724954144467	7	11299	60	83	11449	110935
UNKNOWN	81	T	0.996942964451	C	0.00227094069351	3	26	6	11414	11449	110935
UNKNOWN	82	C	0.998340466416	T	0.000873438728273	9	11430	0	10	11449	110935
UNKNOWN	83	A	0.995720150231	G	0.00209625294786	11400	13	24	12	11449	110935
UNKNOWN	84	T	0.990392173989	C	0.00934579439252	3	107	0	11339	11449	110935
UNKNOWN	85	T	0.997991090925	C	0.00113547034676	2	13	8	11426	11449	110935
UNKNOWN	86	G	0.987422482313	A	0.0119661105773	137	3	11305	4	11449	110935
UNKNOWN	87	A	0.994147960521	G	0.00436719364137	11382	16	50	1	11449	110935
UNKNOWN	88	G	0.977552624683	C	0.0133636125426	88	153	11192	16	11449	110935
UNKNOWN	89	C	0.965499170233	T	0.0250676915014	44	11054	64	287	11449	110935
UNKNOWN	90	A	0.986374355839	G	0.0118787667045	11293	19	136	1	11449	110935
UNKNOWN	91	G	0.936413660582	A	0.0421870905756	483	197	10721	48	11449	110935
UNKNOWN	92	C	0.972923399424	T	0.0180801816753	26	11139	77	207	11449	110935
UNKNOWN	93	T	0.981483098961	A	0.0114420473404	131	30	51	11237	11449	110935
UNKNOWN	94	A	0.97868809503	C	0.0109179841034	11205	125	73	46	11449	110935
UNKNOWN	95	T	0.989955454625	C	0.00628875884357	2	72	41	11334	11449	110935
UNKNOWN	96	G	0.87859201677	A	0.0792208926544	907	187	10059	296	11449	110935
UNKNOWN	97	C	0.840422744344	G	0.120359856756	196	9622	1378	253	11449	110935
UNKNOWN	98	T	0.994672023758	C	0.00393047427723	5	45	11	11388	11449	110935
UNKNOWN	99	G	0.972923399424	A	0.0256790986112	294	3	11139	13	11449	110935
UNKNOWN	100	T	0.998602498035	A	0.000698750982619	8	7	1	11433	11449	110935
UNKNOWN	101	A	0.985064197747	G	0.0103939208665	11278	34	119	18	11449	110935
UNKNOWN	102	G	0.913878941392	A	0.0818412088392	937	28	10463	21	11449	110935
UNKNOWN	103	G	0.927853961045	A	0.0438466241593	502	247	10623	77	11449	110935
UNKNOWN	104	C	0.994672023758	T	0.00349375491309	4	11388	17	40	11449	110935
UNKNOWN	105	T	0.997991090925	G	0.00139750196524	1	6	16	11426	11449	110935
UNKNOWN	106	G	0.999650624509	T	0.000262031618482	1	0	11445	3	11449	110935
UNKNOWN	107	G	0.999301249017	A	0.000349375491309	4	1	11441	3	11449	110935
UNKNOWN	108	G	0.979561533758	A	0.00908376277404	104	28	11215	102	11449	110935
UNKNOWN	109	T	0.996855620578	C	0.00183422132937	1	21	14	11413	11449	110935
UNKNOWN	110	C	0.99877718578	T	0.000786094855446	4	11435	1	9	11449	110935
UNKNOWN	111	C	0.99877718578	G	0.000698750982619	5	11435	8	1	11449	110935
UNKNOWN	112	G	0.998951873526	C	0.000698750982619	3	8	11437	1	11449	110935
UNKNOWN	113	C	0.99598218185	A	0.00323172329461	37	11403	1	8	11449	110935
UNKNOWN	114	C	0.99877718578	A	0.000873438728273	10	11435	0	4	11449	110935
UNKNOWN	115	A	0.996331557341	G	0.00305703554896	11407	7	35	0	11449	110935
UNKNOWN	116	G	0.999563280636	A	0.000349375491309	4	1	11444	0	11449	110935
UNKNOWN	117	G	0.990130142371	A	0.00882173115556	101	10	11336	2	11449	110935
UNKNOWN	118	C	0.997292339942	T	0.00218359682068	3	11418	3	25	11449	110935
UNKNOWN	119	T	0.997729059306	C	0.0019215652022	0	22	4	11423	11449	110935
UNKNOWN	120	C	0.998515154162	G	0.000698750982619	6	11432	8	3	11449	110935
UNKNOWN	121	C	0.998689841908	A	0.00104812647393	12	11434	0	3	11449	110935
UNKNOWN	122	A	0.990042798498	G	0.00917110664687	11335	6	105	3	11449	110935
UNKNOWN	123	G	0.999563280636	C	0.000174687745655	1	2	11444	2	11449	110935
UNKNOWN	124	G	0.998078434798	A	0.00165953358372	19	0	11427	3	11449	110935
UNKNOWN	125	G	0.989169359769	A	0.00943313826535	108	3	11325	13	11449	110935
UNKNOWN	126	A	0.997641715434	G	0.00174687745655	11422	7	20	0	11449	110935
UNKNOWN	127	A	0.994409992139	G	0.00497860075116	11385	6	57	1	11449	110935
UNKNOWN	128	G	0.999563280636	A	0.000262031618482	3	0	11444	2	11449	110935
UNKNOWN	129	G	0.988907328151	A	0.00986985762949	113	14	11322	0	11449	110935
UNKNOWN	130	C	0.995458118613	G	0.00314437942178	0	11397	36	16	11449	110935
UNKNOWN	131	G	0.974582933007	A	0.0224473753166	257	27	11158	7	11449	110935
UNKNOWN	132	C	0.983666695781	T	0.0122281421958	32	11262	15	140	11449	110935
UNKNOWN	133	T	0.994584679885	C	0.00393047427723	2	45	15	11387	11449	110935
UNKNOWN	134	G	0.967770110927	T	0.0163333042187	180	2	11080	187	11449	110935
UNKNOWN	135	G	0.99720499607	A	0.00200890907503	23	5	11417	4	11449	110935
UNKNOWN	136	A	0.996418901214	G	0.00305703554896	11408	3	35	3	11449	110935
UNKNOWN	137	G	0.914490348502	A	0.0725827583195	831	133	10470	15	11449	110935
UNKNOWN	138	T	0.997729059306	G	0.00122281421958	2	10	14	11423	11449	110935
UNKNOWN	139	G	0.964975106996	A	0.0277753515591	318	44	11048	39	11449	110935
UNKNOWN	140	T	0.909686435497	C	0.0679535330597	4	778	252	10415	11449	110935
UNKNOWN	141	C	0.973534806533	G	0.0240195650275	12	11146	275	16	11449	110935
UNKNOWN	142	T	0.998078434798	C	0.000960782601101	3	11	8	11427	11449	110935
UNKNOWN	143	T	0.926369115207	C	0.0665560310944	12	762	69	10606	11449	110935
UNKNOWN	144	G	0.996156869596	A	0.00331906716744	38	1	11405	5	11449	110935
UNKNOWN	145	G	0.985588260983	C	0.0132762686698	1	152	11284	12	11449	110935
UNKNOWN	146	T	0.986287011966	G	0.00646344658922	31	52	74	11292	11449	110935
UNKNOWN	147	G	0.883395929776	A	0.102017643462	1168	38	10114	129	11449	110935
UNKNOWN	148	G	0.920167700236	A	0.0446327190148	511	139	10535	264	11449	110935
UNKNOWN	149	T	0.956153375841	G	0.021748624334	188	65	249	10947	11449	110935
UNKNOWN	150	A	0.954493842257	G	0.0433225609224	10928	5	496	20	11449	110935
UNKNOWN	151	T	0.994846711503	C	0.00200890907503	17	23	19	11390	11449	110935
UNKNOWN	152	A	0.962092759193	C	0.0138876757795	11015	159	146	129	11449	110935
UNKNOWN	153	A	0.932133810813	G	0.0645471220194	10672	21	739	17	11449	110935
UNKNOWN	154	G	0.896584854572	A	0.0740676041576	848	319	10265	17	11449	110935
UNKNOWN	155	T	0.926107083588	C	0.0527556991877	61	604	181	10603	11449	110935
UNKNOWN	156	A	0.841121495327	G	0.148135208315	9630	84	1696	39	11449	110935
UNKNOWN	157	G	0.910909249716	A	0.045506157743	521	307	10429	192	11449	110935
UNKNOWN	158	T	0.974233557516	G	0.0144990828893	76	53	166	11154	11449	110935
UNKNOWN	159	G	0.738929164119	A	0.210236701895	2407	452	8460	130	11449	110935
UNKNOWN	160	G	0.847934317408	A	0.067778845314	776	634	9708	331	11449	110935
UNKNOWN	161	T	0.964189012141	G	0.022272687571	45	110	255	11039	11449	110935
UNKNOWN	162	G	0.99659358896	A	0.00235828456634	27	8	11410	4	11449	110935
UNKNOWN	163	G	0.992663114683	A	0.0028823478033	33	28	11365	23	11449	110935
UNKNOWN	164	A	0.982443881562	G	0.0140623635252	11248	26	161	14	11449	110935
UNKNOWN	165	A	0.92925146301	G	0.0636736832911	10639	46	729	35	11449	110935
UNKNOWN	166	G	0.639881212333	A	0.194689492532	2229	1093	7326	801	11449	110935
UNKNOWN	167	C	0.891606253821	T	0.046554284217	477	10208	231	533	11449	110935
UNKNOWN	168	A	0.968556205782	G	0.0153725216176	11089	154	176	30	11449	110935
UNKNOWN	169	C	0.981745130579	T	0.0106559524849	74	11240	13	122	11449	110935
UNKNOWN	170	A	0.986898419076	G	0.0113547034676	11299	10	130	10	11449	110935
UNKNOWN	171	G	0.971089178094	A	0.0154598654904	177	86	11118	68	11449	110935
UNKNOWN	172	G	0.861559961569	A	0.099135295659	1135	312	9864	138	11449	110935
UNKNOWN	173	C	0.990130142371	T	0.00410516202288	23	11336	43	47	11449	110935
UNKNOWN	174	T	0.995894837977	A	0.00174687745655	20	20	7	11402	11449	110935
UNKNOWN	175	A	0.995021399249	T	0.00296969167613	11392	13	10	34	11449	110935
UNKNOWN	176	T	0.985675604856	C	0.0119661105773	14	137	13	11285	11449	110935
UNKNOWN	177	A	0.986549043585	C	0.010131889248	11295	116	28	10	11449	110935
UNKNOWN	178	A	0.993274521792	G	0.00497860075116	11372	16	57	4	11449	110935
UNKNOWN	179	C	0.919556293126	T	0.07537776225	10	10528	48	863	11449	110935
UNKNOWN	180	C	0.975194340117	T	0.0152851777448	20	11165	89	175	11449	110935
UNKNOWN	181	C	0.989955454625	T	0.00707485369901	20	11334	14	81	11449	110935
UNKNOWN	182	A	0.985762948729	G	0.0103939208665	11286	35	119	9	11449	110935
UNKNOWN	183	G	0.985413573238	A	0.00969516988383	111	51	11282	5	11449	110935
UNKNOWN	184	C	0.989256703642	T	0.00497860075116	16	11326	50	57	11449	110935
UNKNOWN	185	C	0.998951873526	T	0.000524063236964	4	11437	2	6	11449	110935
UNKNOWN	186	C	0.997816403179	T	0.0019215652022	1	11424	2	22	11449	110935
UNKNOWN	187	T	0.997379683815	G	0.00131015809241	8	7	15	11419	11449	110935
UNKNOWN	188	G	0.982181849943	A	0.0145864267622	167	5	11245	32	11449	110935
UNKNOWN	189	A	0.996156869596	C	0.00227094069351	11405	26	14	4	11449	110935
UNKNOWN	190	A	0.990217486243	G	0.00524063236964	11337	22	60	30	11449	110935
UNKNOWN	191	A	0.993885928902	G	0.0028823478033	11379	17	33	20	11449	110935
UNKNOWN	192	T	0.974757620753	C	0.0171193990742	11	196	82	11160	11449	110935
UNKNOWN	193	C	0.99598218185	A	0.00244562843916	28	11403	2	16	11449	110935
UNKNOWN	194	C	0.996069525723	T	0.00253297231199	7	11404	9	29	11449	110935
UNKNOWN	195	C	0.997729059306	G	0.00148484583806	6	11423	17	3	11449	110935
UNKNOWN	196	G	0.999213905145	A	0.000524063236964	6	2	11440	1	11449	110935
UNKNOWN	197	G	0.96261682243	A	0.0239322211547	274	69	11021	85	11449	110935
UNKNOWN	198	C	0.995196086994	G	0.00200890907503	10	11394	23	22	11449	110935
UNKNOWN	199	T	0.996244213468	C	0.00270766005765	7	31	5	11406	11449	110935
UNKNOWN	200	C	0.996069525723	T	0.00218359682068	17	11404	3	25	11449	110935
UNKNOWN	201	A	0.995196086994	G	0.00323172329461	11394	17	37	1	11449	110935
UNKNOWN	202	G	0.987859201677	C	0.00882173115556	21	101	11310	17	11449	110935
UNKNOWN	203	C	0.961830727574	T	0.0251550353743	50	11012	99	288	11449	110935
UNKNOWN	204	A	0.994672023758	G	0.00296969167613	11388	8	34	19	11449	110935
UNKNOWN	205	T	0.996331557341	C	0.00270766005765	5	31	6	11407	11449	110935
UNKNOWN	206	C	0.992750458555	T	0.00541532011529	17	11366	4	62	11449	110935
UNKNOWN	207	A	0.993536553411	G	0.00296969167613	11375	25	34	15	11449	110935
UNKNOWN	208	C	0.984627478382	G	0.00698750982619	18	11273	80	78	11449	110935
UNKNOWN	209	C	0.968032142545	T	0.0244562843916	36	11083	50	280	11449	110935
UNKNOWN	210	A	0.996506245087	G	0.00209625294786	11409	15	24	1	11449	110935
UNKNOWN	211	A	0.989169359769	G	0.00960782601101	11325	11	110	3	11449	110935
UNKNOWN	212	G	0.973360118788	A	0.0255917547384	293	11	11144	1	11449	110935
UNKNOWN	213	G	0.994497336012	A	0.00489125687833	56	4	11386	3	11449	110935
UNKNOWN	214	A	0.996331557341	C	0.00209625294786	11407	24	16	2	11449	110935
UNKNOWN	215	C	0.990392173989	T	0.00454188138702	43	11339	15	52	11449	110935
UNKNOWN	216	A	0.993536553411	G	0.00489125687833	11375	13	56	5	11449	110935
UNKNOWN	217	A	0.98733513844	C	0.00733688531749	11304	84	54	7	11449	110935
UNKNOWN	218	C	0.9758930911	T	0.0213119049699	3	11173	29	244	11449	110935
UNKNOWN	219	T	0.992226395318	C	0.00462922525985	16	53	20	11360	11449	110935
UNKNOWN	220	C	0.995196086994	T	0.0028823478033	19	11394	3	33	11449	110935
UNKNOWN	221	C	0.98855795266	T	0.00698750982619	36	11318	15	80	11449	110935
UNKNOWN	222	A	0.990042798498	G	0.00681282208053	11335	34	78	2	11449	110935
UNKNOWN	223	A	0.992925146301	G	0.00524063236964	11368	16	60	5	11449	110935
UNKNOWN	224	G	0.992139051446	A	0.00410516202288	47	39	11359	4	11449	110935
UNKNOWN	225	A	0.993623897284	G	0.00427984976854	11376	18	49	6	11449	110935
UNKNOWN	226	G	0.96139400821	A	0.03336535942	382	52	11007	8	11449	110935
UNKNOWN	227	C	0.977203249192	T	0.0184295571666	19	11188	31	211	11449	110935
UNKNOWN	228	C	0.994497336012	A	0.00262031618482	30	11386	25	8	11449	110935
UNKNOWN	229	A	0.99598218185	G	0.00200890907503	11403	8	23	15	11449	110935
UNKNOWN	230	A	0.966459952834	G	0.0312691064722	11065	17	358	9	11449	110935
UNKNOWN	231	G	0.97126386584	A	0.0182548694209	209	36	11120	84	11449	110935
UNKNOWN	232	T	0.995021399249	C	0.00393047427723	4	45	8	11392	11449	110935
UNKNOWN	233	C	0.978251375666	G	0.0117040789589	15	11200	134	100	11449	110935
UNKNOWN	234	T	0.993973272775	C	0.00314437942178	13	36	20	11380	11449	110935
UNKNOWN	235	C	0.99537077474	T	0.00410516202288	6	11396	0	47	11449	110935
UNKNOWN	236	T	0.987771857804	C	0.0092584505197	13	106	21	11309	11449	110935
UNKNOWN	237	C	0.995632806359	T	0.00314437942178	4	11399	10	36	11449	110935
UNKNOWN	238	T	0.997292339942	G	0.00157218971089	3	10	18	11418	11449	110935
UNKNOWN	239	G	0.934404751507	A	0.0571228928291	654	46	10698	51	11449	110935
UNKNOWN	240	T	0.992663114683	C	0.00253297231199	26	29	29	11365	11449	110935
UNKNOWN	241	C	0.992837802428	T	0.00515328849681	18	11367	5	59	11449	110935
UNKNOWN	242	A	0.98672373133	G	0.0100445453751	11297	25	115	12	11449	110935
UNKNOWN	243	G	0.832911171281	C	0.107694995196	558	1233	9536	122	11449	110935
UNKNOWN	244	T	0.995894837977	G	0.00183422132937	9	17	21	11402	11449	110935
UNKNOWN	245	G	0.976591842082	A	0.0191283081492	219	34	11181	15	11449	110935
UNKNOWN	246	A	0.990654205607	G	0.00620141497074	11342	26	71	10	11449	110935
UNKNOWN	247	G	0.953183684165	A	0.0241069089003	276	182	10913	78	11449	110935
UNKNOWN	248	C	0.979212158267	T	0.0142370512709	50	11211	25	163	11449	110935
UNKNOWN	249	A	0.978338719539	G	0.0205258101144	11201	9	235	4	11449	110935
UNKNOWN	250	G	0.986811075203	C	0.0111800157219	17	128	11298	6	11449	110935
UNKNOWN	251	C	0.991003581099	T	0.00532797624247	15	11346	27	61	11449	110935
UNKNOWN	252	G	0.986199668093	A	0.0115293912132	132	7	11291	19	11449	110935
UNKNOWN	253	T	0.990392173989	C	0.00646344658922	5	74	31	11339	11449	110935
UNKNOWN	254	G	0.96602323347	A	0.024805659883	284	59	11060	46	11449	110935
UNKNOWN	255	A	0.988033889423	G	0.00803563630011	11312	23	92	22	11449	110935
UNKNOWN	256	C	0.994497336012	A	0.00296969167613	34	11386	13	16	11449	110935
UNKNOWN	257	A	0.974932308499	G	0.0167700235828	11162	33	192	62	11449	110935
UNKNOWN	258	A	0.780242815966	C	0.200366844266	8933	2294	167	55	11449	110935
UNKNOWN	259	C	0.954755873875	G	0.0284741025417	47	10931	326	145	11449	110935
UNKNOWN	260	T	0.977465280811	G	0.0100445453751	35	108	115	11191	11449	110935
UNKNOWN	261	G	0.993187177919	A	0.00427984976854	49	7	11371	22	11449	110935
UNKNOWN	262	A	0.990392173989	G	0.00506594462398	11339	42	58	10	11449	110935
UNKNOWN	263	G	0.957288846187	A	0.0279500393047	320	123	10960	46	11449	110935
UNKNOWN	264	G	0.991877019827	A	0.00559000786095	64	9	11356	20	11449	110935
UNKNOWN	265	A	0.99257577081	C	0.00436719364137	11364	50	28	7	11449	110935
UNKNOWN	266	C	0.98794654555	T	0.00567735173378	48	11311	25	65	11449	110935
UNKNOWN	267	A	0.98052231636	T	0.0103065769936	11226	26	79	118	11449	110935
UNKNOWN	268	C	0.993711241156	A	0.00262031618482	30	11377	28	14	11449	110935
UNKNOWN	269	G	0.969691676129	A	0.0263778495939	302	19	11102	26	11449	110935
UNKNOWN	270	G	0.992837802428	A	0.0028823478033	33	25	11367	24	11449	110935
UNKNOWN	271	C	0.992488426937	A	0.00401781815006	46	11363	28	12	11449	110935
UNKNOWN	272	C	0.991527644336	A	0.00436719364137	50	11352	23	24	11449	110935
UNKNOWN	273	A	0.991614988209	G	0.00410516202288	11353	26	47	23	11449	110935
UNKNOWN	274	C	0.985937636475	T	0.00742422919032	63	11288	13	85	11449	110935
UNKNOWN	275	A	0.970303083239	G	0.0178181500568	11109	76	204	60	11449	110935
UNKNOWN	276	T	0.991003581099	G	0.00454188138702	38	13	52	11346	11449	110935
UNKNOWN	277	A	0.991789675954	C	0.00410516202288	11355	47	28	19	11449	110935
UNKNOWN	278	C	0.962092759193	T	0.0358109878592	14	11015	10	410	11449	110935
UNKNOWN	279	T	0.985151541619	C	0.0057646956066	42	66	62	11279	11449	110935
UNKNOWN	280	A	0.979648877631	T	0.0092584505197	11216	83	44	106	11449	110935
UNKNOWN	281	C	0.966809328326	T	0.0314437942178	7	11069	13	360	11449	110935
UNKNOWN	282	T	0.989431391388	G	0.00733688531749	23	14	84	11328	11449	110935
