Type	Position	Nucl1	Freq1	Nucl2	Freq2	NumAs	NumCs	NumGs	NumTs	NumAligned	NumNaive
UNKNOWN	0	C	1.0	A	0.0	0	29888	0	0	29888	110935
UNKNOWN	1	A	1.0	C	0.0	29888	0	0	0	29888	110935
UNKNOWN	2	G	1.0	A	0.0	0	0	29888	0	29888	110935
UNKNOWN	3	G	1.0	A	0.0	0	0	29888	0	29888	110935
UNKNOWN	4	T	1.0	A	0.0	0	0	0	29888	29888	110935
UNKNOWN	5	G	1.0	A	0.0	0	0	29888	0	29888	110935
UNKNOWN	6	C	1.0	A	0.0	0	29888	0	0	29888	110935
UNKNOWN	7	A	0.99641996788	G	0.00194057815846	29781	37	58	12	29888	110935
UNKNOWN	8	G	0.989761777302	A	0.00863222698073	258	40	29582	8	29888	110935
UNKNOWN	9	C	0.995817719486	T	0.00297778372591	13	29763	23	89	29888	110935
UNKNOWN	10	T	0.999063169165	C	0.000836456102784	2	25	1	29860	29888	110935
UNKNOWN	11	G	0.998159796574	A	0.00150562098501	45	8	29833	2	29888	110935
UNKNOWN	12	C	0.99926391863	T	0.000535331905782	4	29866	2	16	29888	110935
UNKNOWN	13	G	0.997758297645	A	0.00187366167024	56	5	29821	6	29888	110935
UNKNOWN	14	G	0.916053265525	C	0.0809689507495	73	2420	27379	16	29888	110935
UNKNOWN	15	G	0.99869512848	C	0.000970289079229	7	29	29849	3	29888	110935
UNKNOWN	16	A	0.996520342612	G	0.00214132762313	29784	34	64	6	29888	110935
UNKNOWN	17	G	0.997222965739	A	0.00237553533191	71	5	29805	7	29888	110935
UNKNOWN	18	T	0.996553800857	G	0.00170637044968	14	38	51	29785	29888	110935
UNKNOWN	19	C	0.999130085653	T	0.000635706638116	2	29862	5	19	29888	110935
UNKNOWN	20	G	0.995449678801	A	0.00404844753747	121	7	29752	8	29888	110935
UNKNOWN	21	G	0.998360546039	C	0.000936830835118	13	28	29839	8	29888	110935
UNKNOWN	22	G	0.998762044968	C	0.000769539614561	12	23	29851	2	29888	110935
UNKNOWN	23	C	0.999096627409	T	0.000669164882227	0	29861	7	20	29888	110935
UNKNOWN	24	C	0.998996252677	A	0.000702623126338	21	29858	1	8	29888	110935
UNKNOWN	25	C	0.99926391863	A	0.00050187366167	15	29866	0	7	29888	110935
UNKNOWN	26	C	0.998661670236	A	0.00103720556745	31	29848	3	6	29888	110935
UNKNOWN	27	A	0.995951552463	G	0.00321199143469	29767	24	96	1	29888	110935
UNKNOWN	28	G	0.993040685225	A	0.00511911134904	153	47	29680	8	29888	110935
UNKNOWN	29	C	0.996620717345	T	0.00301124197002	8	29787	3	90	29888	110935
UNKNOWN	30	C	0.998360546039	T	0.00133832976445	1	29839	8	40	29888	110935
UNKNOWN	31	T	0.996219218415	G	0.00204095289079	17	35	61	29775	29888	110935
UNKNOWN	32	G	0.99170235546	A	0.0064908993576	194	14	29640	40	29888	110935
UNKNOWN	33	G	0.997691381156	A	0.000936830835118	28	17	29819	24	29888	110935
UNKNOWN	34	T	0.996018468951	C	0.00187366167024	11	56	52	29769	29888	110935
UNKNOWN	35	G	0.99698875803	A	0.00220824411135	66	4	29798	20	29888	110935
UNKNOWN	36	A	0.996921841542	C	0.00157253747323	29796	47	36	9	29888	110935
UNKNOWN	37	A	0.993074143469	G	0.00344619914347	29681	92	103	12	29888	110935
UNKNOWN	38	G	0.996286134904	A	0.00210786937901	63	34	29777	14	29888	110935
UNKNOWN	39	C	0.997055674518	T	0.00170637044968	24	29800	13	51	29888	110935
UNKNOWN	40	C	0.999096627409	G	0.000468415417559	5	29861	14	8	29888	110935
UNKNOWN	41	C	0.996486884368	G	0.00227516059957	4	29783	68	33	29888	110935
UNKNOWN	42	T	0.995750802998	C	0.00314507494647	17	94	16	29761	29888	110935
UNKNOWN	43	C	0.998025963597	A	0.000903372591006	27	29829	5	27	29888	110935
UNKNOWN	44	A	0.995717344754	G	0.00237553533191	29760	51	71	6	29888	110935
UNKNOWN	45	C	0.997122591006	G	0.00180674518201	26	29802	54	6	29888	110935
UNKNOWN	46	A	0.995985010707	G	0.00194057815846	29768	57	58	5	29888	110935
UNKNOWN	47	G	0.99454630621	A	0.00468415417559	140	14	29725	9	29888	110935
UNKNOWN	48	A	0.993475642398	C	0.00344619914347	29693	103	55	37	29888	110935
UNKNOWN	49	C	0.995014721627	T	0.00418228051392	14	29739	10	125	29888	110935
UNKNOWN	50	C	0.997858672377	T	0.00180674518201	6	29824	4	54	29888	110935
UNKNOWN	51	C	0.998360546039	T	0.00123795503212	10	29839	2	37	29888	110935
UNKNOWN	52	T	0.995349304069	C	0.00368040685225	24	110	5	29749	29888	110935
UNKNOWN	53	C	0.998226713062	T	0.00123795503212	9	29835	7	37	29888	110935
UNKNOWN	54	T	0.994981263383	C	0.00368040685225	11	110	29	29738	29888	110935
UNKNOWN	55	C	0.996788008565	T	0.00167291220557	42	29792	4	50	29888	110935
UNKNOWN	56	C	0.994512847966	T	0.00391461456103	12	29724	35	117	29888	110935
UNKNOWN	57	C	0.996185760171	G	0.00204095289079	5	29774	61	48	29888	110935
UNKNOWN	58	T	0.995650428266	C	0.00341274089936	21	102	7	29758	29888	110935
UNKNOWN	59	C	0.99625267666	A	0.00257628479657	77	29776	8	27	29888	110935
UNKNOWN	60	A	0.994780513919	C	0.00297778372591	29732	89	51	16	29888	110935
UNKNOWN	61	C	0.996687633833	A	0.00160599571734	48	29789	7	44	29888	110935
UNKNOWN	62	C	0.992070396146	T	0.00351311563169	43	29651	89	105	29888	110935
UNKNOWN	63	T	0.996286134904	C	0.00167291220557	19	50	42	29777	29888	110935
UNKNOWN	64	G	0.997591006424	A	0.00127141327623	38	29	29816	5	29888	110935
UNKNOWN	65	C	0.996085385439	A	0.0020744111349	62	29771	1	54	29888	110935
UNKNOWN	66	A	0.991601980728	G	0.00491836188437	29637	55	147	49	29888	110935
UNKNOWN	67	C	0.993877141328	T	0.00351311563169	26	29705	52	105	29888	110935
UNKNOWN	68	G	0.992003479657	A	0.00521948608137	156	17	29649	66	29888	110935
UNKNOWN	69	G	0.58829630621	A	0.406584582441	12152	73	17583	80	29888	110935
UNKNOWN	70	T	0.871486884368	C	0.127509368308	10	3811	20	26047	29888	110935
UNKNOWN	71	C	0.98363891863	G	0.00859876873662	17	29399	257	215	29888	110935
UNKNOWN	72	T	0.990732066381	G	0.00572135974304	9	97	171	29611	29888	110935
UNKNOWN	73	C	0.997457173448	T	0.00150562098501	23	29812	8	45	29888	110935
UNKNOWN	74	T	0.993308351178	C	0.00304470021413	34	91	75	29688	29888	110935
UNKNOWN	75	G	0.995784261242	A	0.00364694860814	109	11	29762	6	29888	110935
UNKNOWN	76	G	0.995449678801	A	0.00344619914347	103	20	29752	13	29888	110935
UNKNOWN	77	A	0.98266862955	G	0.00940176659529	29370	155	281	82	29888	110935
UNKNOWN	78	T	0.995349304069	C	0.00227516059957	13	68	58	29749	29888	110935
UNKNOWN	79	T	0.992371520343	C	0.00665819057816	14	199	15	29660	29888	110935
UNKNOWN	80	C	0.990096359743	T	0.0064908993576	34	29592	68	194	29888	110935
UNKNOWN	81	T	0.989627944325	C	0.00689239828694	25	206	79	29578	29888	110935
UNKNOWN	82	C	0.99267264454	T	0.00438302997859	84	29669	4	131	29888	110935
UNKNOWN	83	A	0.987185492505	G	0.00662473233405	29505	126	198	59	29888	110935
UNKNOWN	84	T	0.970924785867	C	0.0276030513919	20	825	24	29019	29888	110935
UNKNOWN	85	T	0.996587259101	G	0.00160599571734	15	39	48	29786	29888	110935
UNKNOWN	86	G	0.982400963597	A	0.0152904175589	457	40	29362	29	29888	110935
UNKNOWN	87	A	0.983103586724	G	0.0103051391863	29383	188	308	9	29888	110935
UNKNOWN	88	G	0.938102248394	A	0.0377074411135	1127	548	28038	175	29888	110935
UNKNOWN	89	C	0.95914748394	T	0.0234876873662	254	28667	265	702	29888	110935
UNKNOWN	90	A	0.974571734475	G	0.0131490899358	29128	278	393	89	29888	110935
UNKNOWN	91	G	0.858505085653	A	0.0919767130621	2749	1156	25659	324	29888	110935
UNKNOWN	92	C	0.961690310493	T	0.0271346359743	205	28743	129	811	29888	110935
UNKNOWN	93	T	0.967679336188	C	0.0139855460385	279	418	269	28922	29888	110935
UNKNOWN	94	A	0.974404443255	G	0.00873260171306	29123	250	261	254	29888	110935
UNKNOWN	95	T	0.987085117773	C	0.00712660599572	25	213	148	29502	29888	110935
UNKNOWN	96	G	0.862888115632	A	0.0851177730193	2544	1269	25790	285	29888	110935
UNKNOWN	97	C	0.937399625268	G	0.0289748394004	323	28017	866	682	29888	110935
UNKNOWN	98	T	0.993074143469	C	0.00347965738758	22	104	81	29681	29888	110935
UNKNOWN	99	G	0.982400963597	A	0.0142197537473	425	14	29362	87	29888	110935
UNKNOWN	100	T	0.995951552463	C	0.00210786937901	42	63	16	29767	29888	110935
UNKNOWN	101	A	0.970924785867	G	0.0207106531049	29019	142	619	108	29888	110935
UNKNOWN	102	G	0.946701017131	A	0.047477248394	1419	114	28295	60	29888	110935
UNKNOWN	103	G	0.870918094218	A	0.081738490364	2443	880	26030	535	29888	110935
UNKNOWN	104	C	0.984241167024	T	0.00873260171306	52	29417	158	261	29888	110935
UNKNOWN	105	T	0.996319593148	G	0.00250936830835	2	33	75	29778	29888	110935
UNKNOWN	106	G	0.99926391863	A	0.000468415417559	14	4	29866	4	29888	110935
UNKNOWN	107	G	0.999063169165	T	0.000434957173448	11	4	29860	13	29888	110935
UNKNOWN	108	G	0.987352783726	A	0.00953559957173	285	43	29510	50	29888	110935
UNKNOWN	109	T	0.996018468951	C	0.00341274089936	5	102	12	29769	29888	110935
UNKNOWN	110	C	0.997156049251	T	0.00180674518201	19	29803	12	54	29888	110935
UNKNOWN	111	C	0.997925588865	G	0.00133832976445	10	29826	40	12	29888	110935
UNKNOWN	112	G	0.997791755889	C	0.00153907922912	19	46	29822	1	29888	110935
UNKNOWN	113	C	0.997256423983	T	0.0014721627409	22	29806	16	44	29888	110935
UNKNOWN	114	C	0.997758297645	A	0.00167291220557	50	29821	8	9	29888	110935
UNKNOWN	115	A	0.992806477516	G	0.00602248394004	29673	26	180	9	29888	110935
UNKNOWN	116	G	0.996687633833	A	0.00244245182013	73	10	29789	16	29888	110935
UNKNOWN	117	G	0.984776498929	A	0.0110412205567	330	65	29433	60	29888	110935
UNKNOWN	118	C	0.995583511777	T	0.00364694860814	11	29756	12	109	29888	110935
UNKNOWN	119	T	0.977984475375	C	0.020744111349	6	620	32	29230	29888	110935
UNKNOWN	120	C	0.980761509636	T	0.0183016595289	13	29313	15	547	29888	110935
UNKNOWN	121	C	0.989929068522	A	0.00792960385439	237	29587	50	14	29888	110935
UNKNOWN	122	G	0.968114293362	A	0.030948875803	925	14	28935	14	29888	110935
UNKNOWN	123	G	0.998394004283	A	0.000836456102784	25	10	29840	13	29888	110935
UNKNOWN	124	G	0.996754550321	A	0.00167291220557	50	42	29791	5	29888	110935
UNKNOWN	125	G	0.984709582441	A	0.0143201284797	428	17	29431	12	29888	110935
UNKNOWN	126	A	0.995148554604	G	0.00311161670236	29743	49	93	3	29888	110935
UNKNOWN	127	A	0.991300856531	G	0.00762847965739	29628	18	228	14	29888	110935
UNKNOWN	128	G	0.999330835118	A	0.000301124197002	9	7	29868	4	29888	110935
UNKNOWN	129	G	0.99039748394	A	0.00602248394004	180	99	29601	8	29888	110935
UNKNOWN	130	C	0.994646680942	G	0.00394807280514	13	29728	118	29	29888	110935
UNKNOWN	131	G	0.972363490364	A	0.0227850642398	681	113	29062	32	29888	110935
UNKNOWN	132	C	0.990263650964	T	0.00782922912206	27	29597	30	234	29888	110935
UNKNOWN	133	T	0.990698608137	G	0.0061897751606	18	75	185	29610	29888	110935
UNKNOWN	134	G	0.977449143469	A	0.0197738222698	591	14	29214	69	29888	110935
UNKNOWN	135	G	0.986148286938	A	0.0130821734475	391	17	29474	6	29888	110935
UNKNOWN	136	A	0.994211723769	G	0.00364694860814	29715	32	109	32	29888	110935
UNKNOWN	137	G	0.94522885439	A	0.0509234475375	1522	59	28251	56	29888	110935
UNKNOWN	138	T	0.996185760171	G	0.00257628479657	4	33	77	29774	29888	110935
UNKNOWN	139	G	0.998327087794	A	0.000903372591006	27	12	29838	11	29888	110935
UNKNOWN	140	G	0.982769004283	T	0.0132494646681	18	101	29373	396	29888	110935
UNKNOWN	141	G	0.9073875803	A	0.058585385439	1751	864	27120	153	29888	110935
UNKNOWN	142	T	0.997189507495	C	0.0017732869379	4	53	27	29804	29888	110935
UNKNOWN	143	T	0.979356263383	C	0.00903372591006	100	270	247	29271	29888	110935
UNKNOWN	144	G	0.99397751606	A	0.00528640256959	158	0	29708	22	29888	110935
UNKNOWN	145	G	0.989962526767	C	0.00585519271949	18	175	29588	107	29888	110935
UNKNOWN	146	T	0.943890524625	A	0.0262647216274	785	492	400	28211	29888	110935
UNKNOWN	147	G	0.846727783726	A	0.127107869379	3799	144	25307	638	29888	110935
UNKNOWN	148	G	0.830734743041	A	0.0989694860814	2958	1296	24829	805	29888	110935
UNKNOWN	149	T	0.944994646681	G	0.0252609743041	455	434	755	28244	29888	110935
UNKNOWN	150	A	0.94409127409	G	0.0478118308351	28217	94	1429	148	29888	110935
UNKNOWN	151	T	0.986148286938	C	0.00672510706638	94	201	119	29474	29888	110935
UNKNOWN	152	A	0.939306745182	G	0.0269673447537	28074	267	806	741	29888	110935
UNKNOWN	153	A	0.900896680942	G	0.0869914346895	26926	267	2600	95	29888	110935
UNKNOWN	154	G	0.860612955032	A	0.092244379015	2757	1194	25722	215	29888	110935
UNKNOWN	155	T	0.955467077088	C	0.0209114025696	256	625	450	28557	29888	110935
UNKNOWN	156	A	0.8113624197	G	0.167090471092	24250	434	4994	210	29888	110935
UNKNOWN	157	G	0.871018468951	A	0.0533993576017	1596	1417	26033	842	29888	110935
UNKNOWN	158	T	0.952020877944	G	0.0227850642398	344	409	681	28454	29888	110935
UNKNOWN	159	G	0.765892665953	A	0.179570396146	5367	906	22891	724	29888	110935
UNKNOWN	160	G	0.832909528908	A	0.102014186296	3049	1531	24894	414	29888	110935
UNKNOWN	161	T	0.963262847966	C	0.0167960385439	176	502	420	28790	29888	110935
UNKNOWN	162	G	0.987988490364	A	0.00966943254818	289	38	29529	32	29888	110935
UNKNOWN	163	G	0.980360010707	A	0.0135505888651	405	61	29301	121	29888	110935
UNKNOWN	164	A	0.958210653105	G	0.0310827087794	28639	221	929	99	29888	110935
UNKNOWN	165	A	0.928968147752	G	0.0571132226981	27765	275	1707	141	29888	110935
UNKNOWN	166	G	0.733940042827	A	0.166856263383	4987	2176	21936	789	29888	110935
UNKNOWN	167	C	0.894840738758	T	0.0381089400428	921	26745	1083	1139	29888	110935
UNKNOWN	168	A	0.962292558887	G	0.0215805674518	28761	400	645	82	29888	110935
UNKNOWN	169	C	0.961924518201	T	0.0283056745182	211	28750	81	846	29888	110935
UNKNOWN	170	A	0.984207708779	G	0.00816381156317	29416	69	244	159	29888	110935
UNKNOWN	171	T	0.970757494647	G	0.0214801927195	126	106	642	29014	29888	110935
UNKNOWN	172	G	0.97176124197	A	0.0181009100642	541	122	29044	181	29888	110935
UNKNOWN	173	C	0.981430674518	T	0.0155246252677	23	29333	68	464	29888	110935
UNKNOWN	174	C	0.95011375803	T	0.0414213062099	137	28397	116	1238	29888	110935
UNKNOWN	175	T	0.94636643469	A	0.0334917023555	1001	326	276	28285	29888	110935
UNKNOWN	176	T	0.963597430407	G	0.0125468415418	357	356	375	28800	29888	110935
UNKNOWN	177	A	0.986449411135	G	0.00876605995717	29483	113	262	30	29888	110935
UNKNOWN	178	A	0.987888115632	G	0.00692585653105	29526	136	207	19	29888	110935
UNKNOWN	179	C	0.873929336188	T	0.107601713062	79	26120	473	3216	29888	110935
UNKNOWN	180	C	0.939908993576	T	0.0422577623126	106	28092	427	1263	29888	110935
UNKNOWN	181	C	0.989761777302	T	0.00491836188437	109	29582	50	147	29888	110935
UNKNOWN	182	A	0.987620449679	G	0.00702623126338	29518	112	210	48	29888	110935
UNKNOWN	183	G	0.979255888651	A	0.0130821734475	391	175	29268	54	29888	110935
UNKNOWN	184	C	0.982400963597	T	0.0104724304069	55	29362	158	313	29888	110935
UNKNOWN	185	C	0.997959047109	T	0.00127141327623	13	29827	10	38	29888	110935
UNKNOWN	186	C	0.993274892934	T	0.00498527837259	32	29687	20	149	29888	110935
UNKNOWN	187	T	0.994479389722	G	0.00327890792291	22	45	98	29723	29888	110935
UNKNOWN	188	G	0.982066381156	A	0.0137513383298	411	24	29352	101	29888	110935
UNKNOWN	189	A	0.992773019272	G	0.00475107066381	29672	62	142	12	29888	110935
UNKNOWN	190	A	0.991635438972	G	0.00511911134904	29638	57	153	40	29888	110935
UNKNOWN	191	A	0.990364025696	G	0.00428265524625	29600	77	128	83	29888	110935
UNKNOWN	192	T	0.989761777302	C	0.00548715203426	64	164	78	29582	29888	110935
UNKNOWN	193	C	0.99625267666	T	0.00250936830835	31	29776	6	75	29888	110935
UNKNOWN	194	C	0.989192987152	T	0.00555406852248	41	29565	116	166	29888	110935
UNKNOWN	195	C	0.995248929336	G	0.00358003211991	13	29746	107	22	29888	110935
UNKNOWN	196	G	0.995449678801	A	0.00347965738758	104	13	29752	19	29888	110935
UNKNOWN	197	G	0.915082976445	A	0.0630353319058	1884	380	27350	274	29888	110935
UNKNOWN	198	C	0.977649892934	T	0.0103051391863	59	29220	301	308	29888	110935
UNKNOWN	199	T	0.993174518201	C	0.00495182012848	23	148	33	29684	29888	110935
UNKNOWN	200	C	0.991735813704	A	0.00421573875803	126	29641	37	84	29888	110935
UNKNOWN	201	A	0.99153506424	G	0.00685894004283	29635	48	205	0	29888	110935
UNKNOWN	202	G	0.969519539615	C	0.0221493576017	110	662	28977	139	29888	110935
UNKNOWN	203	C	0.952020877944	T	0.0321868308351	255	28454	217	962	29888	110935
UNKNOWN	204	A	0.982300588865	G	0.0107066381156	29359	107	320	102	29888	110935
UNKNOWN	205	T	0.993877141328	C	0.00438302997859	30	131	22	29705	29888	110935
UNKNOWN	206	C	0.985211456103	T	0.0101713062099	124	29446	14	304	29888	110935
UNKNOWN	207	A	0.990230192719	G	0.00485144539615	29596	111	145	36	29888	110935
UNKNOWN	208	C	0.989126070664	T	0.0058886509636	54	29563	95	176	29888	110935
UNKNOWN	209	C	0.973266862955	T	0.0126472162741	189	29089	232	378	29888	110935
UNKNOWN	210	A	0.990129817987	G	0.00552061027837	29593	123	165	7	29888	110935
UNKNOWN	211	A	0.978051391863	G	0.0194392398287	29232	44	581	31	29888	110935
UNKNOWN	212	G	0.988925321199	A	0.00839801927195	251	71	29557	9	29888	110935
UNKNOWN	213	G	0.98795503212	A	0.00873260171306	261	28	29528	71	29888	110935
UNKNOWN	214	A	0.988088865096	C	0.0050187366167	29532	150	69	137	29888	110935
UNKNOWN	215	C	0.9832374197	T	0.0100709314775	123	29387	77	301	29888	110935
UNKNOWN	216	A	0.985412205567	G	0.00920101713062	29452	98	275	63	29888	110935
UNKNOWN	217	A	0.979824678801	G	0.00953559957173	29285	275	285	43	29888	110935
UNKNOWN	218	C	0.976612687366	T	0.0163276231263	17	29189	194	488	29888	110935
UNKNOWN	219	T	0.988155781585	C	0.00622323340471	68	186	100	29534	29888	110935
UNKNOWN	220	C	0.99340872591	A	0.00391461456103	117	29691	10	70	29888	110935
UNKNOWN	221	C	0.988222698073	T	0.00518602783726	143	29536	54	155	29888	110935
UNKNOWN	222	A	0.979590471092	G	0.0123460920771	29278	228	369	13	29888	110935
UNKNOWN	223	A	0.979925053533	G	0.0170637044968	29288	71	510	19	29888	110935
UNKNOWN	224	G	0.989293361884	A	0.00635706638116	190	101	29568	29	29888	110935
UNKNOWN	225	A	0.988657655246	G	0.00866568522484	29549	69	259	11	29888	110935
UNKNOWN	226	G	0.94783859743	A	0.0436295503212	1304	212	28329	43	29888	110935
UNKNOWN	227	C	0.958980192719	T	0.0346292826552	113	28662	78	1035	29888	110935
UNKNOWN	228	C	0.98966140257	A	0.00495182012848	148	29579	145	16	29888	110935
UNKNOWN	229	A	0.992973768737	G	0.00274357601713	29678	68	82	60	29888	110935
UNKNOWN	230	A	0.976846895075	G	0.020141862955	29196	65	602	25	29888	110935
UNKNOWN	231	G	0.963363222698	A	0.0225173982869	673	248	28793	174	29888	110935
UNKNOWN	232	T	0.992505353319	C	0.00595556745182	19	178	27	29664	29888	110935
UNKNOWN	233	C	0.967545503212	T	0.0152904175589	81	28918	432	457	29888	110935
UNKNOWN	234	T	0.989326820128	C	0.0055875267666	53	167	99	29569	29888	110935
UNKNOWN	235	C	0.992404978587	T	0.00605594218415	38	29661	8	181	29888	110935
UNKNOWN	236	T	0.981062633833	C	0.00936830835118	86	280	200	29322	29888	110935
UNKNOWN	237	C	0.992170770878	T	0.00498527837259	33	29654	52	149	29888	110935
UNKNOWN	238	T	0.994144807281	G	0.00331236616702	20	56	99	29713	29888	110935
UNKNOWN	239	G	0.948675053533	A	0.0378412740899	1131	207	28354	196	29888	110935
UNKNOWN	240	T	0.98738624197	G	0.0044164882227	120	125	132	29511	29888	110935
UNKNOWN	241	C	0.979590471092	T	0.0149558351178	98	29278	65	447	29888	110935
UNKNOWN	242	A	0.967578961456	G	0.0240230192719	28919	150	718	101	29888	110935
UNKNOWN	243	G	0.889721627409	C	0.061596627409	1226	1841	26592	229	29888	110935
UNKNOWN	244	T	0.989929068522	C	0.00481798715203	41	144	116	29587	29888	110935
UNKNOWN	245	G	0.967746252677	A	0.020442987152	611	192	28924	161	29888	110935
UNKNOWN	246	A	0.981631423983	G	0.0124799250535	29339	141	373	35	29888	110935
UNKNOWN	247	G	0.918696466809	A	0.0524959850107	1569	699	27458	162	29888	110935
UNKNOWN	248	C	0.954162205567	T	0.0320864561028	186	28518	225	959	29888	110935
UNKNOWN	249	A	0.98266862955	G	0.0150896680942	29370	54	451	13	29888	110935
UNKNOWN	250	G	0.973434154176	A	0.0139520877944	417	277	29094	100	29888	110935
UNKNOWN	251	C	0.986449411135	T	0.0073608137045	42	29483	143	220	29888	110935
UNKNOWN	252	G	0.987486616702	A	0.00642398286938	192	74	29514	108	29888	110935
UNKNOWN	253	T	0.978385974304	C	0.0172309957173	21	515	110	29242	29888	110935
UNKNOWN	254	G	0.952154710921	A	0.0367706102784	1099	170	28458	161	29888	110935
UNKNOWN	255	A	0.98307012848	G	0.0109073875803	29382	113	326	67	29888	110935
UNKNOWN	256	C	0.988657655246	T	0.00491836188437	120	29549	72	147	29888	110935
UNKNOWN	257	A	0.966608672377	G	0.0233873126338	28890	198	699	101	29888	110935
UNKNOWN	258	C	0.596426659529	A	0.381557815846	11404	17826	419	239	29888	110935
UNKNOWN	259	C	0.958980192719	T	0.0208444860814	105	28662	498	623	29888	110935
UNKNOWN	260	T	0.960251605996	C	0.0221828158458	154	663	371	28700	29888	110935
UNKNOWN	261	G	0.988356531049	A	0.00782922912206	234	20	29540	94	29888	110935
UNKNOWN	262	A	0.985010706638	G	0.0102716809422	29440	105	307	36	29888	110935
UNKNOWN	263	G	0.943087526767	A	0.0348300321199	1041	498	28187	162	29888	110935
UNKNOWN	264	G	0.987051659529	A	0.00762847965739	228	31	29501	128	29888	110935
UNKNOWN	265	A	0.987185492505	C	0.00789614561028	29505	236	104	43	29888	110935
UNKNOWN	266	C	0.972698072805	T	0.0129817987152	285	29072	143	388	29888	110935
UNKNOWN	267	A	0.967746252677	G	0.0147885438972	28924	112	442	410	29888	110935
UNKNOWN	268	C	0.987653907923	G	0.00572135974304	127	29519	171	71	29888	110935
UNKNOWN	269	G	0.957106531049	A	0.0347296573876	1038	124	28606	120	29888	110935
UNKNOWN	270	G	0.988323072805	A	0.00448340471092	134	108	29539	107	29888	110935
UNKNOWN	271	C	0.989929068522	A	0.00545369379015	163	29587	81	57	29888	110935
UNKNOWN	272	C	0.985311830835	A	0.00699277301927	209	29449	64	166	29888	110935
UNKNOWN	273	A	0.985847162741	G	0.00879951820128	29465	101	263	59	29888	110935
UNKNOWN	274	C	0.980393468951	A	0.00863222698073	258	29302	76	252	29888	110935
UNKNOWN	275	A	0.961824143469	G	0.0203760706638	28747	283	609	249	29888	110935
UNKNOWN	276	T	0.987252408994	G	0.00578827623126	147	61	173	29507	29888	110935
UNKNOWN	277	A	0.987118576017	C	0.00719352248394	29503	215	108	62	29888	110935
UNKNOWN	278	C	0.942987152034	T	0.0526298179872	93	28184	38	1573	29888	110935
UNKNOWN	279	T	0.975542023555	C	0.0102382226981	205	306	220	29157	29888	110935
UNKNOWN	280	A	0.969352248394	T	0.0134502141328	28972	349	165	402	29888	110935
UNKNOWN	281	C	0.962660599572	T	0.0328559957173	80	28772	54	982	29888	110935
UNKNOWN	282	T	0.984441916488	G	0.0121788008565	74	27	364	29423	29888	110935
