Type	Position	Nucl1	Freq1	Nucl2	Freq2	NumAs	NumCs	NumGs	NumTs	NumAligned	NumNaive
UNKNOWN	0	A	1.0	C	0.0	145	0	0	0	145	76678
UNKNOWN	1	A	1.0	C	0.0	145	0	0	0	145	76678
UNKNOWN	2	G	1.0	A	0.0	0	0	145	0	145	76678
UNKNOWN	3	G	1.0	A	0.0	0	0	145	0	145	76678
UNKNOWN	4	T	1.0	A	0.0	0	0	0	145	145	76678
UNKNOWN	5	G	1.0	A	0.0	0	0	145	0	145	76678
UNKNOWN	6	C	1.0	A	0.0	0	145	0	0	145	76678
UNKNOWN	7	A	1.0	C	0.0	145	0	0	0	145	76678
UNKNOWN	8	G	1.0	A	0.0	0	0	145	0	145	76678
UNKNOWN	9	C	0.986206896552	A	0.00689655172414	1	143	0	1	145	76678
UNKNOWN	10	T	0.993103448276	C	0.00689655172414	0	1	0	144	145	76678
UNKNOWN	11	G	1.0	A	0.0	0	0	145	0	145	76678
UNKNOWN	12	C	1.0	A	0.0	0	145	0	0	145	76678
UNKNOWN	13	A	0.910344827586	G	0.0758620689655	132	2	11	0	145	76678
UNKNOWN	14	G	0.993103448276	C	0.00689655172414	0	1	144	0	145	76678
UNKNOWN	15	G	1.0	A	0.0	0	0	145	0	145	76678
UNKNOWN	16	A	1.0	C	0.0	145	0	0	0	145	76678
UNKNOWN	17	G	1.0	A	0.0	0	0	145	0	145	76678
UNKNOWN	18	T	1.0	A	0.0	0	0	0	145	145	76678
UNKNOWN	19	C	1.0	A	0.0	0	145	0	0	145	76678
UNKNOWN	20	G	0.993103448276	A	0.00689655172414	1	0	144	0	145	76678
UNKNOWN	21	G	1.0	A	0.0	0	0	145	0	145	76678
UNKNOWN	22	G	1.0	A	0.0	0	0	145	0	145	76678
UNKNOWN	23	C	0.924137931034	T	0.0758620689655	0	134	0	11	145	76678
UNKNOWN	24	C	1.0	A	0.0	0	145	0	0	145	76678
UNKNOWN	25	C	1.0	A	0.0	0	145	0	0	145	76678
UNKNOWN	26	C	0.993103448276	A	0.00689655172414	1	144	0	0	145	76678
UNKNOWN	27	A	0.993103448276	G	0.00689655172414	144	0	1	0	145	76678
UNKNOWN	28	G	0.993103448276	C	0.00689655172414	0	1	144	0	145	76678
UNKNOWN	29	C	0.993103448276	T	0.00689655172414	0	144	0	1	145	76678
UNKNOWN	30	C	0.993103448276	T	0.00689655172414	0	144	0	1	145	76678
UNKNOWN	31	T	0.993103448276	G	0.00689655172414	0	0	1	144	145	76678
UNKNOWN	32	G	0.979310344828	C	0.0137931034483	1	2	142	0	145	76678
UNKNOWN	33	G	0.986206896552	C	0.00689655172414	0	1	143	1	145	76678
UNKNOWN	34	T	0.993103448276	G	0.00689655172414	0	0	1	144	145	76678
UNKNOWN	35	G	0.986206896552	A	0.0137931034483	2	0	143	0	145	76678
UNKNOWN	36	A	1.0	C	0.0	145	0	0	0	145	76678
UNKNOWN	37	A	0.986206896552	G	0.0137931034483	143	0	2	0	145	76678
UNKNOWN	38	G	0.993103448276	C	0.00689655172414	0	1	144	0	145	76678
UNKNOWN	39	C	1.0	A	0.0	0	145	0	0	145	76678
UNKNOWN	40	C	1.0	A	0.0	0	145	0	0	145	76678
UNKNOWN	41	C	0.993103448276	T	0.00689655172414	0	144	0	1	145	76678
UNKNOWN	42	T	0.993103448276	C	0.00689655172414	0	1	0	144	145	76678
UNKNOWN	43	C	0.993103448276	A	0.00689655172414	1	144	0	0	145	76678
UNKNOWN	44	A	0.993103448276	C	0.00689655172414	144	1	0	0	145	76678
UNKNOWN	45	C	0.993103448276	A	0.00689655172414	1	144	0	0	145	76678
UNKNOWN	46	A	0.958620689655	C	0.0344827586207	139	5	1	0	145	76678
UNKNOWN	47	G	0.993103448276	A	0.00689655172414	1	0	144	0	145	76678
UNKNOWN	48	A	0.993103448276	C	0.00689655172414	144	1	0	0	145	76678
UNKNOWN	49	C	0.993103448276	T	0.00689655172414	0	144	0	1	145	76678
UNKNOWN	50	C	1.0	A	0.0	0	145	0	0	145	76678
UNKNOWN	51	C	0.993103448276	T	0.00689655172414	0	144	0	1	145	76678
UNKNOWN	52	T	0.986206896552	C	0.0137931034483	0	2	0	143	145	76678
UNKNOWN	53	C	0.993103448276	T	0.00689655172414	0	144	0	1	145	76678
UNKNOWN	54	T	0.993103448276	C	0.00689655172414	0	1	0	144	145	76678
UNKNOWN	55	C	1.0	A	0.0	0	145	0	0	145	76678
UNKNOWN	56	C	1.0	A	0.0	0	145	0	0	145	76678
UNKNOWN	57	C	0.993103448276	T	0.00689655172414	0	144	0	1	145	76678
UNKNOWN	58	T	0.993103448276	C	0.00689655172414	0	1	0	144	145	76678
UNKNOWN	59	C	0.993103448276	A	0.00689655172414	1	144	0	0	145	76678
UNKNOWN	60	A	0.986206896552	C	0.0137931034483	143	2	0	0	145	76678
UNKNOWN	61	C	0.979310344828	T	0.0206896551724	0	142	0	3	145	76678
UNKNOWN	62	C	0.993103448276	T	0.00689655172414	0	144	0	1	145	76678
UNKNOWN	63	T	0.993103448276	G	0.00689655172414	0	0	1	144	145	76678
UNKNOWN	64	G	0.993103448276	C	0.00689655172414	0	1	144	0	145	76678
UNKNOWN	65	C	0.993103448276	A	0.00689655172414	1	144	0	0	145	76678
UNKNOWN	66	A	0.993103448276	C	0.00689655172414	144	1	0	0	145	76678
UNKNOWN	67	C	0.993103448276	G	0.00689655172414	0	144	1	0	145	76678
UNKNOWN	68	G	0.986206896552	A	0.0137931034483	2	0	143	0	145	76678
UNKNOWN	69	A	0.986206896552	C	0.00689655172414	143	1	1	0	145	76678
UNKNOWN	70	C	0.972413793103	T	0.0206896551724	0	141	1	3	145	76678
UNKNOWN	71	C	0.979310344828	T	0.0137931034483	0	142	1	2	145	76678
UNKNOWN	72	T	0.993103448276	C	0.00689655172414	0	1	0	144	145	76678
UNKNOWN	73	C	0.993103448276	T	0.00689655172414	0	144	0	1	145	76678
UNKNOWN	74	T	0.986206896552	C	0.00689655172414	0	1	1	143	145	76678
UNKNOWN	75	G	1.0	A	0.0	0	0	145	0	145	76678
UNKNOWN	76	G	0.986206896552	A	0.0137931034483	2	0	143	0	145	76678
UNKNOWN	77	A	0.993103448276	T	0.00689655172414	144	0	0	1	145	76678
UNKNOWN	78	T	1.0	A	0.0	0	0	0	145	145	76678
UNKNOWN	79	T	0.979310344828	C	0.0206896551724	0	3	0	142	145	76678
UNKNOWN	80	C	0.993103448276	T	0.00689655172414	0	144	0	1	145	76678
UNKNOWN	81	T	0.993103448276	C	0.00689655172414	0	1	0	144	145	76678
UNKNOWN	82	C	0.993103448276	A	0.00689655172414	1	144	0	0	145	76678
UNKNOWN	83	A	0.993103448276	T	0.00689655172414	144	0	0	1	145	76678
UNKNOWN	84	T	1.0	A	0.0	0	0	0	145	145	76678
UNKNOWN	85	T	0.993103448276	G	0.00689655172414	0	0	1	144	145	76678
UNKNOWN	86	G	0.986206896552	A	0.0137931034483	2	0	143	0	145	76678
UNKNOWN	87	A	0.993103448276	C	0.00689655172414	144	1	0	0	145	76678
UNKNOWN	88	C	0.993103448276	A	0.00689655172414	1	144	0	0	145	76678
UNKNOWN	89	C	0.979310344828	A	0.0206896551724	3	142	0	0	145	76678
UNKNOWN	90	A	0.993103448276	G	0.00689655172414	144	0	1	0	145	76678
UNKNOWN	91	G	0.813793103448	C	0.131034482759	7	19	118	1	145	76678
UNKNOWN	92	C	0.958620689655	T	0.0413793103448	0	139	0	6	145	76678
UNKNOWN	93	T	0.979310344828	A	0.0206896551724	3	0	0	142	145	76678
UNKNOWN	94	A	0.993103448276	T	0.00689655172414	144	0	0	1	145	76678
UNKNOWN	95	T	0.993103448276	G	0.00689655172414	0	0	1	144	145	76678
UNKNOWN	96	G	1.0	A	0.0	0	0	145	0	145	76678
UNKNOWN	97	G	0.827586206897	A	0.144827586207	21	3	120	1	145	76678
UNKNOWN	98	T	0.993103448276	G	0.00689655172414	0	0	1	144	145	76678
UNKNOWN	99	G	0.972413793103	A	0.0206896551724	3	0	141	1	145	76678
UNKNOWN	100	T	0.993103448276	A	0.00689655172414	1	0	0	144	145	76678
UNKNOWN	101	A	0.993103448276	G	0.00689655172414	144	0	1	0	145	76678
UNKNOWN	102	A	0.965517241379	G	0.0206896551724	140	2	3	0	145	76678
UNKNOWN	103	G	0.744827586207	T	0.151724137931	10	5	108	22	145	76678
UNKNOWN	104	C	0.993103448276	T	0.00689655172414	0	144	0	1	145	76678
UNKNOWN	105	T	0.986206896552	C	0.00689655172414	0	1	1	143	145	76678
UNKNOWN	106	G	1.0	A	0.0	0	0	145	0	145	76678
UNKNOWN	107	G	1.0	A	0.0	0	0	145	0	145	76678
UNKNOWN	108	G	0.993103448276	T	0.00689655172414	0	0	144	1	145	76678
UNKNOWN	109	T	0.993103448276	C	0.00689655172414	0	1	0	144	145	76678
UNKNOWN	110	C	1.0	A	0.0	0	145	0	0	145	76678
UNKNOWN	111	C	0.993103448276	G	0.00689655172414	0	144	1	0	145	76678
UNKNOWN	112	G	0.979310344828	C	0.0206896551724	0	3	142	0	145	76678
UNKNOWN	113	C	1.0	A	0.0	0	145	0	0	145	76678
UNKNOWN	114	C	0.993103448276	A	0.00689655172414	1	144	0	0	145	76678
UNKNOWN	115	A	0.986206896552	G	0.0137931034483	143	0	2	0	145	76678
UNKNOWN	116	G	1.0	A	0.0	0	0	145	0	145	76678
UNKNOWN	117	G	0.986206896552	A	0.00689655172414	1	1	143	0	145	76678
UNKNOWN	118	C	0.993103448276	T	0.00689655172414	0	144	0	1	145	76678
UNKNOWN	119	T	0.993103448276	C	0.00689655172414	0	1	0	144	145	76678
UNKNOWN	120	C	1.0	A	0.0	0	145	0	0	145	76678
UNKNOWN	121	C	0.993103448276	A	0.00689655172414	1	144	0	0	145	76678
UNKNOWN	122	A	0.993103448276	G	0.00689655172414	144	0	1	0	145	76678
UNKNOWN	123	G	1.0	A	0.0	0	0	145	0	145	76678
UNKNOWN	124	G	0.993103448276	A	0.00689655172414	1	0	144	0	145	76678
UNKNOWN	125	A	0.910344827586	G	0.0896551724138	132	0	13	0	145	76678
UNKNOWN	126	A	0.993103448276	C	0.00689655172414	144	1	0	0	145	76678
UNKNOWN	127	A	0.986206896552	G	0.0137931034483	143	0	2	0	145	76678
UNKNOWN	128	G	1.0	A	0.0	0	0	145	0	145	76678
UNKNOWN	129	G	0.993103448276	C	0.00689655172414	0	1	144	0	145	76678
UNKNOWN	130	C	0.993103448276	G	0.00689655172414	0	144	1	0	145	76678
UNKNOWN	131	G	0.993103448276	C	0.00689655172414	0	1	144	0	145	76678
UNKNOWN	132	C	0.993103448276	T	0.00689655172414	0	144	0	1	145	76678
UNKNOWN	133	T	0.993103448276	G	0.00689655172414	0	0	1	144	145	76678
UNKNOWN	134	G	1.0	A	0.0	0	0	145	0	145	76678
UNKNOWN	135	G	0.993103448276	A	0.00689655172414	1	0	144	0	145	76678
UNKNOWN	136	A	0.986206896552	G	0.0137931034483	143	0	2	0	145	76678
UNKNOWN	137	G	0.993103448276	T	0.00689655172414	0	0	144	1	145	76678
UNKNOWN	138	T	0.986206896552	C	0.00689655172414	0	1	1	143	145	76678
UNKNOWN	139	G	1.0	A	0.0	0	0	145	0	145	76678
UNKNOWN	140	G	0.972413793103	C	0.0275862068966	0	4	141	0	145	76678
UNKNOWN	141	C	0.986206896552	T	0.0137931034483	0	143	0	2	145	76678
UNKNOWN	142	T	0.993103448276	C	0.00689655172414	0	1	0	144	145	76678
UNKNOWN	143	C	0.993103448276	G	0.00689655172414	0	144	1	0	145	76678
UNKNOWN	144	G	0.993103448276	A	0.00689655172414	1	0	144	0	145	76678
UNKNOWN	145	G	0.993103448276	T	0.00689655172414	0	0	144	1	145	76678
UNKNOWN	146	T	0.972413793103	C	0.0206896551724	1	3	0	141	145	76678
UNKNOWN	147	G	0.924137931034	A	0.0620689655172	9	2	134	0	145	76678
UNKNOWN	148	G	0.944827586207	A	0.0344827586207	5	2	137	1	145	76678
UNKNOWN	149	T	0.972413793103	G	0.0137931034483	1	1	2	141	145	76678
UNKNOWN	150	A	0.986206896552	T	0.00689655172414	143	0	1	1	145	76678
UNKNOWN	151	T	0.986206896552	A	0.00689655172414	1	0	1	143	145	76678
UNKNOWN	152	A	0.965517241379	G	0.0206896551724	140	1	3	1	145	76678
UNKNOWN	153	G	0.986206896552	A	0.0137931034483	2	0	143	0	145	76678
UNKNOWN	154	A	0.958620689655	T	0.0206896551724	139	0	3	3	145	76678
UNKNOWN	155	T	0.958620689655	C	0.0206896551724	1	3	2	139	145	76678
UNKNOWN	156	A	0.841379310345	G	0.144827586207	122	1	21	1	145	76678
UNKNOWN	157	G	0.806896551724	A	0.158620689655	23	4	117	1	145	76678
UNKNOWN	158	T	0.993103448276	G	0.00689655172414	0	0	1	144	145	76678
UNKNOWN	159	G	0.944827586207	A	0.0551724137931	8	0	137	0	145	76678
UNKNOWN	160	G	0.958620689655	A	0.0206896551724	3	0	139	3	145	76678
UNKNOWN	161	T	0.993103448276	G	0.00689655172414	0	0	1	144	145	76678
UNKNOWN	162	G	0.993103448276	A	0.00689655172414	1	0	144	0	145	76678
UNKNOWN	163	G	0.993103448276	A	0.00689655172414	1	0	144	0	145	76678
UNKNOWN	164	A	1.0	C	0.0	145	0	0	0	145	76678
UNKNOWN	165	A	0.979310344828	G	0.0206896551724	142	0	3	0	145	76678
UNKNOWN	166	G	0.875862068966	A	0.0965517241379	14	4	127	0	145	76678
UNKNOWN	167	C	0.958620689655	T	0.0275862068966	2	139	0	4	145	76678
UNKNOWN	168	A	0.986206896552	C	0.0137931034483	143	2	0	0	145	76678
UNKNOWN	169	C	0.986206896552	A	0.0137931034483	2	143	0	0	145	76678
UNKNOWN	170	A	0.993103448276	G	0.00689655172414	144	0	1	0	145	76678
UNKNOWN	171	G	0.937931034483	A	0.048275862069	7	2	136	0	145	76678
UNKNOWN	172	G	0.793103448276	A	0.151724137931	22	2	115	6	145	76678
UNKNOWN	173	C	0.972413793103	T	0.0137931034483	0	141	2	2	145	76678
UNKNOWN	174	T	0.986206896552	A	0.0137931034483	2	0	0	143	145	76678
UNKNOWN	175	A	0.986206896552	T	0.0137931034483	143	0	0	2	145	76678
UNKNOWN	176	T	0.986206896552	A	0.0137931034483	2	0	0	143	145	76678
UNKNOWN	177	A	1.0	C	0.0	145	0	0	0	145	76678
UNKNOWN	178	A	0.986206896552	C	0.0137931034483	143	2	0	0	145	76678
UNKNOWN	179	C	0.972413793103	T	0.0206896551724	1	141	0	3	145	76678
UNKNOWN	180	C	0.958620689655	T	0.0413793103448	0	139	0	6	145	76678
UNKNOWN	181	C	0.986206896552	A	0.0137931034483	2	143	0	0	145	76678
UNKNOWN	182	A	0.986206896552	G	0.0137931034483	143	0	2	0	145	76678
UNKNOWN	183	G	0.993103448276	C	0.00689655172414	0	1	144	0	145	76678
UNKNOWN	184	G	0.924137931034	C	0.0689655172414	0	10	134	1	145	76678
UNKNOWN	185	C	1.0	A	0.0	0	145	0	0	145	76678
UNKNOWN	186	C	0.986206896552	T	0.0137931034483	0	143	0	2	145	76678
UNKNOWN	187	T	0.986206896552	G	0.0137931034483	0	0	2	143	145	76678
UNKNOWN	188	G	0.986206896552	A	0.0137931034483	2	0	143	0	145	76678
UNKNOWN	189	A	0.993103448276	G	0.00689655172414	144	0	1	0	145	76678
UNKNOWN	190	A	1.0	C	0.0	145	0	0	0	145	76678
UNKNOWN	191	A	0.979310344828	T	0.0137931034483	142	0	1	2	145	76678
UNKNOWN	192	T	0.979310344828	C	0.0206896551724	0	3	0	142	145	76678
UNKNOWN	193	C	0.979310344828	T	0.0206896551724	0	142	0	3	145	76678
UNKNOWN	194	C	0.993103448276	A	0.00689655172414	1	144	0	0	145	76678
UNKNOWN	195	A	0.91724137931	C	0.0689655172414	133	10	2	0	145	76678
UNKNOWN	196	G	1.0	A	0.0	0	0	145	0	145	76678
UNKNOWN	197	G	0.965517241379	A	0.0206896551724	3	2	140	0	145	76678
UNKNOWN	198	C	0.986206896552	T	0.0137931034483	0	143	0	2	145	76678
UNKNOWN	199	T	0.986206896552	C	0.0137931034483	0	2	0	143	145	76678
UNKNOWN	200	C	0.986206896552	A	0.0137931034483	2	143	0	0	145	76678
UNKNOWN	201	A	0.979310344828	G	0.0137931034483	142	0	2	1	145	76678
UNKNOWN	202	G	0.972413793103	C	0.0206896551724	0	3	141	1	145	76678
UNKNOWN	203	T	0.806896551724	C	0.172413793103	2	25	1	117	145	76678
UNKNOWN	204	A	0.979310344828	T	0.0137931034483	142	0	1	2	145	76678
UNKNOWN	205	T	0.979310344828	C	0.0206896551724	0	3	0	142	145	76678
UNKNOWN	206	C	0.986206896552	A	0.0137931034483	2	143	0	0	145	76678
UNKNOWN	207	A	0.986206896552	C	0.0137931034483	143	2	0	0	145	76678
UNKNOWN	208	C	1.0	A	0.0	0	145	0	0	145	76678
UNKNOWN	209	C	0.979310344828	A	0.0137931034483	2	142	0	1	145	76678
UNKNOWN	210	A	0.986206896552	G	0.0137931034483	143	0	2	0	145	76678
UNKNOWN	211	G	0.910344827586	A	0.0896551724138	13	0	132	0	145	76678
UNKNOWN	212	G	0.993103448276	T	0.00689655172414	0	0	144	1	145	76678
UNKNOWN	213	G	0.986206896552	A	0.0137931034483	2	0	143	0	145	76678
UNKNOWN	214	A	0.986206896552	C	0.0137931034483	143	2	0	0	145	76678
UNKNOWN	215	C	0.986206896552	A	0.0137931034483	2	143	0	0	145	76678
UNKNOWN	216	A	0.993103448276	C	0.00689655172414	144	1	0	0	145	76678
UNKNOWN	217	A	0.986206896552	C	0.00689655172414	143	1	0	1	145	76678
UNKNOWN	218	C	0.937931034483	T	0.0551724137931	0	136	1	8	145	76678
UNKNOWN	219	T	0.986206896552	C	0.0137931034483	0	2	0	143	145	76678
UNKNOWN	220	C	1.0	A	0.0	0	145	0	0	145	76678
UNKNOWN	221	C	0.979310344828	A	0.0206896551724	3	142	0	0	145	76678
UNKNOWN	222	A	0.986206896552	C	0.0137931034483	143	2	0	0	145	76678
UNKNOWN	223	A	0.986206896552	G	0.0137931034483	143	0	2	0	145	76678
UNKNOWN	224	G	0.979310344828	A	0.0137931034483	2	0	142	1	145	76678
UNKNOWN	225	A	0.986206896552	G	0.0137931034483	143	0	2	0	145	76678
UNKNOWN	226	G	0.951724137931	A	0.0275862068966	4	3	138	0	145	76678
UNKNOWN	227	C	0.986206896552	T	0.0137931034483	0	143	0	2	145	76678
UNKNOWN	228	C	0.986206896552	A	0.0137931034483	2	143	0	0	145	76678
UNKNOWN	229	A	1.0	C	0.0	145	0	0	0	145	76678
UNKNOWN	230	A	0.965517241379	G	0.0344827586207	140	0	5	0	145	76678
UNKNOWN	231	G	0.986206896552	T	0.0137931034483	0	0	143	2	145	76678
UNKNOWN	232	T	0.986206896552	C	0.0137931034483	0	2	0	143	145	76678
UNKNOWN	233	C	0.979310344828	T	0.0137931034483	0	142	1	2	145	76678
UNKNOWN	234	T	0.986206896552	C	0.0137931034483	0	2	0	143	145	76678
UNKNOWN	235	C	0.979310344828	T	0.0137931034483	0	142	1	2	145	76678
UNKNOWN	236	T	0.979310344828	C	0.0206896551724	0	3	0	142	145	76678
UNKNOWN	237	C	0.986206896552	T	0.0137931034483	0	143	0	2	145	76678
UNKNOWN	238	T	0.986206896552	G	0.0137931034483	0	0	2	143	145	76678
UNKNOWN	239	G	0.951724137931	A	0.0344827586207	5	0	138	2	145	76678
UNKNOWN	240	T	0.979310344828	C	0.0206896551724	0	3	0	142	145	76678
UNKNOWN	241	C	0.979310344828	A	0.0137931034483	2	142	0	1	145	76678
UNKNOWN	242	A	0.986206896552	G	0.0137931034483	143	0	2	0	145	76678
UNKNOWN	243	G	0.896551724138	C	0.0689655172414	2	10	130	3	145	76678
UNKNOWN	244	T	0.986206896552	G	0.0137931034483	0	0	2	143	145	76678
UNKNOWN	245	G	0.972413793103	A	0.0275862068966	4	0	141	0	145	76678
UNKNOWN	246	A	0.979310344828	G	0.0137931034483	142	1	2	0	145	76678
UNKNOWN	247	G	0.951724137931	C	0.0413793103448	1	6	138	0	145	76678
UNKNOWN	248	C	0.979310344828	A	0.0137931034483	2	142	0	1	145	76678
UNKNOWN	249	A	0.986206896552	G	0.0137931034483	143	0	2	0	145	76678
UNKNOWN	250	G	0.979310344828	C	0.0137931034483	1	2	142	0	145	76678
UNKNOWN	251	C	0.986206896552	G	0.0137931034483	0	143	2	0	145	76678
UNKNOWN	252	G	0.972413793103	T	0.0275862068966	0	0	141	4	145	76678
UNKNOWN	253	T	0.972413793103	G	0.0206896551724	0	1	3	141	145	76678
UNKNOWN	254	G	0.965517241379	A	0.0344827586207	5	0	140	0	145	76678
UNKNOWN	255	A	0.986206896552	C	0.0137931034483	143	2	0	0	145	76678
UNKNOWN	256	C	0.986206896552	A	0.0137931034483	2	143	0	0	145	76678
UNKNOWN	257	A	0.979310344828	C	0.0137931034483	142	2	1	0	145	76678
UNKNOWN	258	C	0.88275862069	A	0.0827586206897	12	128	1	4	145	76678
UNKNOWN	259	C	0.972413793103	T	0.0206896551724	1	141	0	3	145	76678
UNKNOWN	260	T	0.979310344828	G	0.0137931034483	0	1	2	142	145	76678
UNKNOWN	261	G	0.979310344828	A	0.0206896551724	3	0	142	0	145	76678
UNKNOWN	262	A	0.986206896552	G	0.0137931034483	143	0	2	0	145	76678
UNKNOWN	263	G	0.944827586207	A	0.0275862068966	4	4	137	0	145	76678
UNKNOWN	264	G	0.986206896552	A	0.0137931034483	2	0	143	0	145	76678
UNKNOWN	265	A	0.986206896552	C	0.0137931034483	143	2	0	0	145	76678
UNKNOWN	266	C	0.958620689655	T	0.0275862068966	2	139	0	4	145	76678
UNKNOWN	267	A	0.951724137931	G	0.0206896551724	138	2	3	2	145	76678
UNKNOWN	268	C	0.986206896552	A	0.00689655172414	1	143	1	0	145	76678
UNKNOWN	269	G	0.979310344828	A	0.0206896551724	3	0	142	0	145	76678
UNKNOWN	270	G	0.986206896552	C	0.0137931034483	0	2	143	0	145	76678
UNKNOWN	271	C	1.0	A	0.0	0	145	0	0	145	76678
UNKNOWN	272	C	0.979310344828	A	0.0137931034483	2	142	0	1	145	76678
UNKNOWN	273	G	0.6	A	0.386206896552	56	2	87	0	145	76678
UNKNOWN	274	T	0.620689655172	C	0.358620689655	3	52	0	90	145	76678
UNKNOWN	275	G	0.565517241379	A	0.393103448276	57	1	82	5	145	76678
UNKNOWN	276	T	0.986206896552	A	0.0137931034483	2	0	0	143	145	76678
UNKNOWN	277	A	0.986206896552	C	0.0137931034483	143	2	0	0	145	76678
UNKNOWN	278	C	0.924137931034	T	0.0758620689655	0	134	0	11	145	76678
UNKNOWN	279	T	0.972413793103	A	0.0137931034483	2	2	0	141	145	76678
UNKNOWN	280	A	0.979310344828	C	0.0137931034483	142	2	1	0	145	76678
UNKNOWN	281	C	0.972413793103	T	0.0275862068966	0	141	0	4	145	76678
UNKNOWN	282	T	0.979310344828	G	0.0206896551724	0	0	3	142	145	76678
