Type	Position	Nucl1	Freq1	Nucl2	Freq2	NumAs	NumCs	NumGs	NumTs	NumAligned	NumNaive
UNKNOWN	0	C	1.0	A	0.0	0	8290	0	0	8290	76678
UNKNOWN	1	A	1.0	C	0.0	8290	0	0	0	8290	76678
UNKNOWN	2	G	1.0	A	0.0	0	0	8290	0	8290	76678
UNKNOWN	3	G	1.0	A	0.0	0	0	8290	0	8290	76678
UNKNOWN	4	T	1.0	A	0.0	0	0	0	8290	8290	76678
UNKNOWN	5	G	1.0	A	0.0	0	0	8290	0	8290	76678
UNKNOWN	6	C	1.0	A	0.0	0	8290	0	0	8290	76678
UNKNOWN	7	A	0.995295536791	G	0.00241254523522	8251	2	20	17	8290	76678
UNKNOWN	8	G	0.983474065139	A	0.013630880579	113	20	8153	4	8290	76678
UNKNOWN	9	C	0.996019300362	G	0.00193003618818	3	8257	16	14	8290	76678
UNKNOWN	10	T	0.998190591074	C	0.00168878166466	0	14	1	8275	8290	76678
UNKNOWN	11	G	0.998311218335	A	0.0015681544029	13	1	8276	0	8290	76678
UNKNOWN	12	C	0.999638118215	T	0.000361881785283	0	8287	0	3	8290	76678
UNKNOWN	13	G	0.998552472859	A	0.00120627261761	10	2	8278	0	8290	76678
UNKNOWN	14	C	0.89384800965	G	0.105428226779	1	7410	874	5	8290	76678
UNKNOWN	15	G	0.999155609168	A	0.000482509047045	4	2	8283	1	8290	76678
UNKNOWN	16	A	0.998069963812	G	0.00144752714113	8274	3	12	1	8290	76678
UNKNOWN	17	G	0.993486127865	A	0.00530759951749	44	10	8236	0	8290	76678
UNKNOWN	18	T	0.997104945718	G	0.00144752714113	3	9	12	8266	8290	76678
UNKNOWN	19	C	0.998914354644	T	0.000844390832328	0	8281	2	7	8290	76678
UNKNOWN	20	G	0.996984318456	A	0.00241254523522	20	3	8265	2	8290	76678
UNKNOWN	21	G	0.999034981906	A	0.000844390832328	7	1	8282	0	8290	76678
UNKNOWN	22	G	0.999879372738	A	0.000120627261761	1	0	8289	0	8290	76678
UNKNOWN	23	C	0.996863691194	T	0.00289505428227	0	8264	2	24	8290	76678
UNKNOWN	24	C	0.999396863691	T	0.000482509047045	0	8285	1	4	8290	76678
UNKNOWN	25	C	0.999155609168	T	0.000482509047045	2	8283	1	4	8290	76678
UNKNOWN	26	C	0.998914354644	T	0.000603136308806	4	8281	0	5	8290	76678
UNKNOWN	27	A	0.996381182147	G	0.00277442702051	8260	6	23	1	8290	76678
UNKNOWN	28	G	0.992400482509	A	0.00566948130277	47	14	8227	2	8290	76678
UNKNOWN	29	C	0.997708082027	T	0.0015681544029	2	8271	4	13	8290	76678
UNKNOWN	30	C	0.999034981906	T	0.000965018094089	0	8282	0	8	8290	76678
UNKNOWN	31	T	0.996863691194	C	0.00229191797346	1	19	6	8264	8290	76678
UNKNOWN	32	G	0.990711700844	A	0.00410132689988	34	31	8213	12	8290	76678
UNKNOWN	33	G	0.997346200241	A	0.00120627261761	10	8	8268	4	8290	76678
UNKNOWN	34	T	0.99794933655	C	0.00120627261761	1	10	6	8273	8290	76678
UNKNOWN	35	G	0.997708082027	A	0.00193003618818	16	3	8271	0	8290	76678
UNKNOWN	36	A	0.998190591074	C	0.000965018094089	8275	8	6	1	8290	76678
UNKNOWN	37	A	0.993486127865	G	0.00579010856454	8236	5	48	1	8290	76678
UNKNOWN	38	G	0.996019300362	A	0.00325693606755	27	6	8257	0	8290	76678
UNKNOWN	39	C	0.998552472859	T	0.00120627261761	1	8278	1	10	8290	76678
UNKNOWN	40	C	0.999276236429	T	0.000603136308806	0	8284	1	5	8290	76678
UNKNOWN	41	C	0.999034981906	T	0.000844390832328	1	8282	0	7	8290	76678
UNKNOWN	42	T	0.996501809409	C	0.00301568154403	2	25	2	8261	8290	76678
UNKNOWN	43	C	0.998673100121	A	0.00108564535585	9	8279	0	2	8290	76678
UNKNOWN	44	A	0.994933655006	G	0.0037394451146	8248	10	31	1	8290	76678
UNKNOWN	45	C	0.998793727382	A	0.000603136308806	5	8280	5	0	8290	76678
UNKNOWN	46	A	0.978528347407	C	0.01917973462	8112	159	19	0	8290	76678
UNKNOWN	47	G	0.997587454765	A	0.00229191797346	19	0	8270	1	8290	76678
UNKNOWN	48	A	0.996743063932	G	0.00168878166466	8263	10	14	3	8290	76678
UNKNOWN	49	C	0.998793727382	T	0.000844390832328	1	8280	2	7	8290	76678
UNKNOWN	50	C	0.999396863691	T	0.000361881785283	1	8285	1	3	8290	76678
UNKNOWN	51	C	0.99794933655	T	0.00168878166466	0	8273	3	14	8290	76678
UNKNOWN	52	T	0.997346200241	C	0.00265379975875	0	22	0	8268	8290	76678
UNKNOWN	53	C	0.998673100121	T	0.00108564535585	0	8279	2	9	8290	76678
UNKNOWN	54	T	0.996019300362	C	0.00325693606755	1	27	5	8257	8290	76678
UNKNOWN	55	C	0.999638118215	A	0.000120627261761	1	8287	1	1	8290	76678
UNKNOWN	56	C	0.997828709288	T	0.00168878166466	0	8272	4	14	8290	76678
UNKNOWN	57	C	0.996743063932	G	0.00229191797346	0	8263	19	8	8290	76678
UNKNOWN	58	T	0.996984318456	C	0.00253317249698	2	21	2	8265	8290	76678
UNKNOWN	59	C	0.997346200241	A	0.0015681544029	13	8268	0	9	8290	76678
UNKNOWN	60	A	0.995536791315	G	0.00229191797346	8253	15	19	3	8290	76678
UNKNOWN	61	C	0.997104945718	T	0.00205066344994	1	8266	6	17	8290	76678
UNKNOWN	62	C	0.993968636912	T	0.00398069963812	2	8240	15	33	8290	76678
UNKNOWN	63	T	0.997225572979	C	0.00168878166466	1	14	8	8267	8290	76678
UNKNOWN	64	G	0.998431845597	C	0.000723763570567	4	6	8277	3	8290	76678
UNKNOWN	65	C	0.998069963812	T	0.000965018094089	7	8274	1	8	8290	76678
UNKNOWN	66	A	0.99384800965	G	0.00446320868516	8239	10	37	4	8290	76678
UNKNOWN	67	C	0.996743063932	T	0.0015681544029	6	8263	8	13	8290	76678
UNKNOWN	68	G	0.993365500603	A	0.00603136308806	50	3	8235	2	8290	76678
UNKNOWN	69	G	0.977804583836	A	0.0209891435464	174	2	8106	8	8290	76678
UNKNOWN	70	T	0.994692400483	C	0.00482509047045	1	40	3	8246	8290	76678
UNKNOWN	71	C	0.983474065139	G	0.00989143546441	5	8153	82	50	8290	76678
UNKNOWN	72	T	0.996863691194	C	0.00277442702051	0	23	3	8264	8290	76678
UNKNOWN	73	C	0.99794933655	T	0.00180940892642	1	8273	1	15	8290	76678
UNKNOWN	74	T	0.995657418577	C	0.00193003618818	4	16	16	8254	8290	76678
UNKNOWN	75	G	0.996984318456	A	0.00289505428227	24	0	8265	1	8290	76678
UNKNOWN	76	G	0.995054282268	A	0.00337756332931	28	12	8249	1	8290	76678
UNKNOWN	77	A	0.983474065139	C	0.00796139927624	8153	66	57	14	8290	76678
UNKNOWN	78	T	0.994692400483	C	0.00337756332931	6	28	10	8246	8290	76678
UNKNOWN	79	T	0.996139927624	C	0.0037394451146	0	31	1	8258	8290	76678
UNKNOWN	80	C	0.992159227986	T	0.00603136308806	1	8225	14	50	8290	76678
UNKNOWN	81	T	0.994813027744	C	0.00422195416164	3	35	5	8247	8290	76678
UNKNOWN	82	C	0.996139927624	T	0.00253317249698	9	8258	2	21	8290	76678
UNKNOWN	83	A	0.989867310012	G	0.00687575392039	8206	10	57	17	8290	76678
UNKNOWN	84	T	0.989264173703	C	0.00977080820265	3	81	5	8201	8290	76678
UNKNOWN	85	T	0.996743063932	C	0.00180940892642	2	15	10	8263	8290	76678
UNKNOWN	86	G	0.989987937274	A	0.00940892641737	78	5	8207	0	8290	76678
UNKNOWN	87	A	0.992882991556	G	0.00530759951749	8231	14	44	1	8290	76678
UNKNOWN	88	G	0.953920386007	A	0.0340168878166	282	90	7908	10	8290	76678
UNKNOWN	89	C	0.966706875754	T	0.0197828709288	61	8014	51	164	8290	76678
UNKNOWN	90	A	0.977925211098	G	0.0170084439083	8107	38	141	4	8290	76678
UNKNOWN	91	G	0.816646562123	A	0.123160434258	1021	353	6770	146	8290	76678
UNKNOWN	92	C	0.955729794934	T	0.0281061519903	31	7923	103	233	8290	76678
UNKNOWN	93	T	0.979734620024	A	0.00796139927624	66	44	58	8122	8290	76678
UNKNOWN	94	A	0.979855247286	C	0.00759951749095	8123	63	50	54	8290	76678
UNKNOWN	95	T	0.981544028951	C	0.0133896260555	8	111	34	8137	8290	76678
UNKNOWN	96	G	0.892641737033	A	0.0772014475271	640	89	7400	161	8290	76678
UNKNOWN	97	C	0.895536791315	G	0.0507840772014	116	7424	421	329	8290	76678
UNKNOWN	98	T	0.989143546441	C	0.00446320868516	16	37	37	8200	8290	76678
UNKNOWN	99	G	0.961519903498	A	0.0342581423402	284	15	7971	20	8290	76678
UNKNOWN	100	T	0.996622436671	C	0.00193003618818	9	16	3	8262	8290	76678
UNKNOWN	101	A	0.963932448733	G	0.0244873341375	7991	30	203	66	8290	76678
UNKNOWN	102	A	0.964173703257	G	0.0313630880579	7993	23	260	14	8290	76678
UNKNOWN	103	G	0.788057901086	C	0.0998793727382	823	828	6533	106	8290	76678
UNKNOWN	104	C	0.973100120627	T	0.0206272617612	20	8067	32	171	8290	76678
UNKNOWN	105	T	0.997346200241	G	0.00180940892642	1	6	15	8268	8290	76678
UNKNOWN	106	G	0.999638118215	A	0.000120627261761	1	1	8287	1	8290	76678
UNKNOWN	107	G	0.998793727382	T	0.000723763570567	3	1	8280	6	8290	76678
UNKNOWN	108	G	0.965018094089	A	0.0255729794934	212	55	8000	23	8290	76678
UNKNOWN	109	T	0.995536791315	C	0.00337756332931	4	28	5	8253	8290	76678
UNKNOWN	110	C	0.700241254524	A	0.289867310012	2403	5805	70	12	8290	76678
UNKNOWN	111	C	0.998793727382	G	0.000965018094089	1	8280	8	1	8290	76678
UNKNOWN	112	G	0.997587454765	C	0.00144752714113	7	12	8270	1	8290	76678
UNKNOWN	113	C	0.997828709288	T	0.00120627261761	5	8272	3	10	8290	76678
UNKNOWN	114	C	0.998069963812	A	0.00108564535585	9	8274	5	2	8290	76678
UNKNOWN	115	A	0.990952955368	G	0.00832328106152	8215	2	69	4	8290	76678
UNKNOWN	116	G	0.996984318456	A	0.00180940892642	15	5	8265	5	8290	76678
UNKNOWN	117	G	0.970325693607	A	0.0266586248492	221	13	8044	12	8290	76678
UNKNOWN	118	C	0.995295536791	T	0.0037394451146	0	8251	8	31	8290	76678
UNKNOWN	119	T	0.994813027744	C	0.00337756332931	7	28	8	8247	8290	76678
UNKNOWN	120	C	0.994813027744	T	0.00446320868516	3	8247	3	37	8290	76678
UNKNOWN	121	C	0.998431845597	A	0.000965018094089	8	8277	3	2	8290	76678
UNKNOWN	122	A	0.990591073583	G	0.00832328106152	8212	4	69	5	8290	76678
UNKNOWN	123	G	0.999276236429	A	0.000603136308806	5	1	8284	0	8290	76678
UNKNOWN	124	G	0.997828709288	A	0.0021712907117	18	0	8272	0	8290	76678
UNKNOWN	125	G	0.992159227986	A	0.00699638118215	58	7	8225	0	8290	76678
UNKNOWN	126	A	0.997104945718	G	0.00253317249698	8266	3	21	0	8290	76678
UNKNOWN	127	A	0.995657418577	G	0.0043425814234	8254	0	36	0	8290	76678
UNKNOWN	128	G	0.998914354644	A	0.000723763570567	6	3	8281	0	8290	76678
UNKNOWN	129	G	0.986489746683	A	0.00916767189385	76	20	8178	16	8290	76678
UNKNOWN	130	C	0.994933655006	G	0.00313630880579	2	8248	26	14	8290	76678
UNKNOWN	131	G	0.965983112183	A	0.0253317249698	210	26	8008	46	8290	76678
UNKNOWN	132	C	0.993968636912	T	0.00470446320869	6	8240	5	39	8290	76678
UNKNOWN	133	T	0.991194209891	C	0.00470446320869	1	39	33	8217	8290	76678
UNKNOWN	134	G	0.989626055489	A	0.00928829915561	77	3	8204	6	8290	76678
UNKNOWN	135	G	0.996622436671	A	0.00241254523522	20	8	8262	0	8290	76678
UNKNOWN	136	A	0.996381182147	G	0.00277442702051	8260	2	23	5	8290	76678
UNKNOWN	137	G	0.977804583836	A	0.0203860072376	169	2	8106	13	8290	76678
UNKNOWN	138	T	0.997104945718	G	0.00193003618818	4	4	16	8266	8290	76678
UNKNOWN	139	G	0.989867310012	A	0.00747889022919	62	12	8206	10	8290	76678
UNKNOWN	140	C	0.52810615199	G	0.45271411339	8	4378	3753	151	8290	76678
UNKNOWN	141	C	0.925934861279	G	0.0624849215923	76	7676	518	20	8290	76678
UNKNOWN	142	T	0.996139927624	C	0.00289505428227	2	24	6	8258	8290	76678
UNKNOWN	143	C	0.549577804584	T	0.44523522316	11	4556	32	3691	8290	76678
UNKNOWN	144	G	0.990591073583	A	0.00699638118215	58	2	8212	18	8290	76678
UNKNOWN	145	G	0.984197828709	C	0.0129071170084	6	107	8159	18	8290	76678
UNKNOWN	146	T	0.96574185766	G	0.0125452352232	88	92	104	8006	8290	76678
UNKNOWN	147	G	0.822677925211	A	0.144028950543	1194	95	6820	181	8290	76678
UNKNOWN	148	A	0.494209891435	G	0.443305186972	4097	348	3675	170	8290	76678
UNKNOWN	149	T	0.930277442702	G	0.029312424608	201	134	243	7712	8290	76678
UNKNOWN	150	A	0.946320868516	G	0.0457177322075	7845	4	379	62	8290	76678
UNKNOWN	151	T	0.993003618818	C	0.00361881785283	15	30	13	8232	8290	76678
UNKNOWN	152	A	0.96369119421	G	0.0174909529554	7989	28	145	128	8290	76678
UNKNOWN	153	A	0.939445114596	G	0.0492159227986	7788	48	408	46	8290	76678
UNKNOWN	154	G	0.875512665862	A	0.0862484921592	715	260	7258	57	8290	76678
UNKNOWN	155	C	0.905307599517	T	0.0657418576598	114	7505	126	545	8290	76678
UNKNOWN	156	A	0.901447527141	G	0.0897466827503	7473	52	744	21	8290	76678
UNKNOWN	157	G	0.901568154403	A	0.0411338962606	341	333	7474	142	8290	76678
UNKNOWN	158	T	0.963208685163	C	0.0171290711701	73	142	90	7985	8290	76678
UNKNOWN	159	G	0.853920386007	A	0.125572979493	1041	115	7079	55	8290	76678
UNKNOWN	160	G	0.879613992762	A	0.0820265379976	680	234	7292	84	8290	76678
UNKNOWN	161	T	0.97189384801	G	0.0138721351025	46	72	115	8057	8290	76678
UNKNOWN	162	G	0.989264173703	A	0.00735826296743	61	25	8201	3	8290	76678
UNKNOWN	163	G	0.982629674306	A	0.0137515078408	114	16	8146	14	8290	76678
UNKNOWN	164	A	0.975512665862	G	0.015681544029	8087	34	130	39	8290	76678
UNKNOWN	165	A	0.935102533172	G	0.0492159227986	7752	82	408	48	8290	76678
UNKNOWN	166	G	0.658745476478	A	0.174788902292	1449	824	5461	556	8290	76678
UNKNOWN	167	C	0.90687575392	T	0.037394451146	241	7518	221	310	8290	76678
UNKNOWN	168	A	0.96984318456	G	0.0167671893848	8040	46	139	65	8290	76678
UNKNOWN	169	C	0.979010856454	T	0.0139927623643	34	8116	24	116	8290	76678
UNKNOWN	170	A	0.978045838359	G	0.0174909529554	8108	23	145	14	8290	76678
UNKNOWN	171	G	0.890952955368	T	0.0640530759952	258	115	7386	531	8290	76678
UNKNOWN	172	G	0.762123039807	A	0.173703256936	1440	331	6318	201	8290	76678
UNKNOWN	173	C	0.961278648975	T	0.0170084439083	45	7969	135	141	8290	76678
UNKNOWN	174	T	0.990470446321	C	0.00386007237636	19	32	28	8211	8290	76678
UNKNOWN	175	A	0.988540410133	T	0.00844390832328	8195	10	15	70	8290	76678
UNKNOWN	176	T	0.985524728589	C	0.0118214716526	20	98	2	8170	8290	76678
UNKNOWN	177	A	0.991917973462	C	0.00458383594692	8223	38	25	4	8290	76678
UNKNOWN	178	A	0.984077201448	G	0.0108564535585	8158	41	90	1	8290	76678
UNKNOWN	179	C	0.894209891435	T	0.0965018094089	18	7413	59	800	8290	76678
UNKNOWN	180	C	0.961158021713	T	0.0218335343788	21	7968	120	181	8290	76678
UNKNOWN	181	C	0.982026537998	T	0.00687575392039	40	8141	52	57	8290	76678
UNKNOWN	182	A	0.988540410133	G	0.00579010856454	8195	37	48	10	8290	76678
UNKNOWN	183	G	0.979975874548	A	0.0144752714113	120	37	8124	9	8290	76678
UNKNOWN	184	C	0.969722557298	T	0.024246079614	10	8039	40	201	8290	76678
UNKNOWN	185	C	0.996984318456	T	0.00168878166466	7	8265	4	14	8290	76678
UNKNOWN	186	C	0.994330518697	T	0.00361881785283	6	8243	11	30	8290	76678
UNKNOWN	187	T	0.993727382388	G	0.00277442702051	11	18	23	8238	8290	76678
UNKNOWN	188	G	0.975753920386	A	0.0141133896261	117	7	8089	77	8290	76678
UNKNOWN	189	A	0.992762364294	G	0.00506634499397	8230	14	42	4	8290	76678
UNKNOWN	190	A	0.993003618818	G	0.00289505428227	8232	17	24	17	8290	76678
UNKNOWN	191	A	0.992762364294	G	0.00313630880579	8230	11	26	23	8290	76678
UNKNOWN	192	T	0.991676718938	C	0.0065138721351	10	54	5	8221	8290	76678
UNKNOWN	193	C	0.995536791315	T	0.00386007237636	2	8253	3	32	8290	76678
UNKNOWN	194	C	0.989384800965	T	0.0059107358263	7	8202	32	49	8290	76678
UNKNOWN	195	C	0.99384800965	G	0.00349819059107	18	8239	29	4	8290	76678
UNKNOWN	196	G	0.996622436671	A	0.00132689987937	11	8	8262	9	8290	76678
UNKNOWN	197	G	0.924607961399	A	0.059107358263	490	63	7665	72	8290	76678
UNKNOWN	198	C	0.991194209891	T	0.00470446320869	16	8217	18	39	8290	76678
UNKNOWN	199	T	0.994089264174	C	0.00398069963812	9	33	7	8241	8290	76678
UNKNOWN	200	C	0.990591073583	T	0.0043425814234	33	8212	9	36	8290	76678
UNKNOWN	201	A	0.992882991556	G	0.00530759951749	8231	14	44	1	8290	76678
UNKNOWN	202	G	0.967430639324	C	0.0200241254524	67	166	8020	37	8290	76678
UNKNOWN	203	C	0.950060313631	T	0.0366706875754	60	7876	50	304	8290	76678
UNKNOWN	204	A	0.989264173703	G	0.0059107358263	8201	13	49	27	8290	76678
UNKNOWN	205	T	0.993486127865	C	0.00446320868516	8	37	9	8236	8290	76678
UNKNOWN	206	C	0.991194209891	T	0.00554885404101	23	8217	4	46	8290	76678
UNKNOWN	207	A	0.990470446321	G	0.00410132689988	8211	32	34	13	8290	76678
UNKNOWN	208	C	0.98492159228	G	0.00796139927624	18	8165	66	41	8290	76678
UNKNOWN	209	C	0.963329312425	T	0.0190591073583	68	7986	78	158	8290	76678
UNKNOWN	210	A	0.994089264174	G	0.0037394451146	8241	15	31	3	8290	76678
UNKNOWN	211	A	0.988057901086	G	0.00928829915561	8191	16	77	6	8290	76678
UNKNOWN	212	G	0.98082026538	A	0.0168878166466	140	9	8131	10	8290	76678
UNKNOWN	213	G	0.988540410133	A	0.00916767189385	76	14	8195	5	8290	76678
UNKNOWN	214	A	0.994692400483	C	0.00349819059107	8246	29	12	3	8290	76678
UNKNOWN	215	C	0.978648974668	T	0.0138721351025	27	8113	35	115	8290	76678
UNKNOWN	216	A	0.988540410133	G	0.00759951749095	8195	22	63	10	8290	76678
UNKNOWN	217	A	0.986610373945	G	0.0086851628468	8179	29	72	10	8290	76678
UNKNOWN	218	C	0.974788902292	T	0.0176115802171	4	8081	59	146	8290	76678
UNKNOWN	219	T	0.990349819059	C	0.0065138721351	12	54	14	8210	8290	76678
UNKNOWN	220	C	0.994571773221	T	0.00313630880579	18	8245	1	26	8290	76678
UNKNOWN	221	C	0.990711700844	A	0.00494571773221	41	8213	11	25	8290	76678
UNKNOWN	222	A	0.987575392039	G	0.00711700844391	8187	41	59	3	8290	76678
UNKNOWN	223	A	0.987334137515	G	0.0102533172497	8185	6	85	14	8290	76678
UNKNOWN	224	G	0.987937273824	A	0.00687575392039	57	34	8190	9	8290	76678
UNKNOWN	225	A	0.993365500603	G	0.00458383594692	8235	15	38	2	8290	76678
UNKNOWN	226	G	0.941375150784	A	0.0499396863691	414	67	7804	5	8290	76678
UNKNOWN	227	C	0.96646562123	T	0.026779252111	15	8012	41	222	8290	76678
UNKNOWN	228	C	0.989505428227	G	0.0059107358263	34	8203	49	4	8290	76678
UNKNOWN	229	A	0.994089264174	G	0.00337756332931	8241	7	28	14	8290	76678
UNKNOWN	230	A	0.982509047045	G	0.0138721351025	8145	6	115	24	8290	76678
UNKNOWN	231	G	0.973582629674	A	0.0167671893848	139	37	8071	43	8290	76678
UNKNOWN	232	T	0.98974668275	C	0.00977080820265	1	81	3	8205	8290	76678
UNKNOWN	233	C	0.964897466828	T	0.0206272617612	12	7999	108	171	8290	76678
UNKNOWN	234	T	0.991435464415	C	0.0059107358263	8	49	14	8219	8290	76678
UNKNOWN	235	C	0.990591073583	T	0.00892641737033	4	8212	0	74	8290	76678
UNKNOWN	236	T	0.986369119421	C	0.008082026538	11	67	35	8177	8290	76678
UNKNOWN	237	C	0.992762364294	T	0.00494571773221	11	8230	8	41	8290	76678
UNKNOWN	238	T	0.994813027744	G	0.00301568154403	3	15	25	8247	8290	76678
UNKNOWN	239	G	0.95343787696	A	0.0359469240048	298	44	7904	44	8290	76678
UNKNOWN	240	T	0.983474065139	G	0.00916767189385	28	33	76	8153	8290	76678
UNKNOWN	241	C	0.986369119421	T	0.00977080820265	26	8177	6	81	8290	76678
UNKNOWN	242	A	0.982267792521	G	0.0123039806996	8143	27	102	18	8290	76678
UNKNOWN	243	G	0.908323281062	C	0.0530759951749	272	440	7530	48	8290	76678
UNKNOWN	244	T	0.992400482509	G	0.00446320868516	8	18	37	8227	8290	76678
UNKNOWN	245	G	0.966586248492	A	0.0271411338963	225	40	8013	12	8290	76678
UNKNOWN	246	A	0.984680337756	G	0.00977080820265	8163	32	81	14	8290	76678
UNKNOWN	247	G	0.93015681544	A	0.045958986731	381	147	7711	51	8290	76678
UNKNOWN	248	C	0.97466827503	T	0.0167671893848	45	8080	26	139	8290	76678
UNKNOWN	249	A	0.986489746683	G	0.0108564535585	8178	20	90	2	8290	76678
UNKNOWN	250	G	0.97599517491	A	0.0151990349819	126	64	8091	9	8290	76678
UNKNOWN	251	C	0.985886610374	T	0.00916767189385	6	8173	35	76	8290	76678
UNKNOWN	252	G	0.988057901086	A	0.00530759951749	44	24	8191	31	8290	76678
UNKNOWN	253	T	0.990470446321	C	0.00566948130277	7	47	25	8211	8290	76678
UNKNOWN	254	G	0.965983112183	A	0.021712907117	180	28	8008	74	8290	76678
UNKNOWN	255	A	0.987092882992	G	0.00759951749095	8183	31	63	13	8290	76678
UNKNOWN	256	C	0.990952955368	T	0.00386007237636	28	8215	15	32	8290	76678
UNKNOWN	257	A	0.983353437877	G	0.00856453558504	8152	40	71	27	8290	76678
UNKNOWN	258	C	0.946200241255	A	0.0411338962606	341	7844	74	31	8290	76678
UNKNOWN	259	C	0.986248492159	T	0.00928829915561	16	8176	21	77	8290	76678
UNKNOWN	260	T	0.968275030157	C	0.0211097708082	18	175	70	8027	8290	76678
UNKNOWN	261	G	0.992038600724	A	0.00554885404101	46	6	8224	14	8290	76678
UNKNOWN	262	A	0.988057901086	G	0.008082026538	8191	27	67	5	8290	76678
UNKNOWN	263	G	0.951266586248	A	0.0308805790109	256	120	7886	28	8290	76678
UNKNOWN	264	G	0.991917973462	A	0.00603136308806	50	9	8223	8	8290	76678
UNKNOWN	265	A	0.990711700844	C	0.00506634499397	8213	42	25	10	8290	76678
UNKNOWN	266	C	0.981182147165	T	0.00952955367913	55	8134	22	79	8290	76678
UNKNOWN	267	A	0.984439083233	G	0.00675512665862	8161	29	56	44	8290	76678
UNKNOWN	268	C	0.992521109771	G	0.00446320868516	12	8228	37	13	8290	76678
UNKNOWN	269	G	0.926779252111	A	0.067671893848	561	32	7683	14	8290	76678
UNKNOWN	270	G	0.992279855247	C	0.00349819059107	23	29	8226	12	8290	76678
UNKNOWN	271	C	0.994089264174	G	0.00301568154403	22	8241	25	2	8290	76678
UNKNOWN	272	C	0.987575392039	T	0.00627261761158	41	8187	10	52	8290	76678
UNKNOWN	273	A	0.991676718938	G	0.0037394451146	8221	28	31	10	8290	76678
UNKNOWN	274	C	0.986610373945	T	0.00579010856454	47	8179	16	48	8290	76678
UNKNOWN	275	A	0.96984318456	G	0.0167671893848	8040	52	139	59	8290	76678
UNKNOWN	276	T	0.993486127865	A	0.00337756332931	28	11	15	8236	8290	76678
UNKNOWN	277	A	0.990832328106	C	0.00470446320869	8214	39	17	20	8290	76678
UNKNOWN	278	C	0.948130277443	T	0.0496984318456	15	7860	3	412	8290	76678
UNKNOWN	279	T	0.98564535585	C	0.00699638118215	35	58	26	8171	8290	76678
UNKNOWN	280	A	0.980096501809	T	0.00856453558504	8125	54	40	71	8290	76678
UNKNOWN	281	C	0.973462002413	T	0.024246079614	7	8070	12	201	8290	76678
UNKNOWN	282	T	0.988299155609	G	0.00844390832328	17	10	70	8193	8290	76678
