Type	Position	Nucl1	Freq1	Nucl2	Freq2	NumAs	NumCs	NumGs	NumTs	NumAligned	NumNaive
UNKNOWN	0	C	1.0	A	0.0	0	24371	0	0	24371	107518
UNKNOWN	1	A	1.0	C	0.0	24371	0	0	0	24371	107518
UNKNOWN	2	G	1.0	A	0.0	0	0	24371	0	24371	107518
UNKNOWN	3	G	1.0	A	0.0	0	0	24371	0	24371	107518
UNKNOWN	4	T	1.0	A	0.0	0	0	0	24371	24371	107518
UNKNOWN	5	G	1.0	A	0.0	0	0	24371	0	24371	107518
UNKNOWN	6	C	1.0	A	0.0	0	24371	0	0	24371	107518
UNKNOWN	7	A	0.997989413647	G	0.00135406835994	24322	1	33	15	24371	107518
UNKNOWN	8	G	0.996019859669	A	0.00328258996348	80	12	24274	5	24371	107518
UNKNOWN	9	C	0.99864593164	T	0.000984776989044	2	24338	7	24	24371	107518
UNKNOWN	10	T	0.999261417258	C	0.000615485618153	2	15	1	24353	24371	107518
UNKNOWN	11	G	0.998933158262	A	0.000738582741783	18	6	24345	2	24371	107518
UNKNOWN	12	C	0.999261417258	G	0.000492388494522	1	24353	12	5	24371	107518
UNKNOWN	13	G	0.998933158262	A	0.000779615116327	19	3	24345	4	24371	107518
UNKNOWN	14	C	0.587132247343	G	0.411308522424	22	14309	10024	16	24371	107518
UNKNOWN	15	G	0.999794838127	C	0.000164129498174	1	4	24366	0	24371	107518
UNKNOWN	16	A	0.998071478396	G	0.00114890648722	24324	15	28	4	24371	107518
UNKNOWN	17	G	0.996717410037	A	0.00320052521439	78	1	24291	1	24371	107518
UNKNOWN	18	T	0.998440769767	C	0.00106684173813	2	26	10	24333	24371	107518
UNKNOWN	19	C	0.999712773378	T	0.000287226621805	0	24364	0	7	24371	107518
UNKNOWN	20	G	0.998686964015	A	0.00110787411267	27	2	24339	3	24371	107518
UNKNOWN	21	G	0.999384514382	A	0.000205161872718	5	5	24356	5	24371	107518
UNKNOWN	22	G	0.99954864388	A	0.000369291370892	9	2	24360	0	24371	107518
UNKNOWN	23	C	0.998974190636	T	0.000656517992696	1	24346	8	16	24371	107518
UNKNOWN	24	C	0.99954864388	A	0.000205161872718	5	24360	1	5	24371	107518
UNKNOWN	25	C	0.999056255385	T	0.000492388494522	8	24348	3	12	24371	107518
UNKNOWN	26	C	0.999343482007	A	0.000328258996348	8	24355	2	6	24371	107518
UNKNOWN	27	A	0.997045669033	G	0.0016002626072	24299	28	39	5	24371	107518
UNKNOWN	28	G	0.995076115055	A	0.00307742809076	75	41	24251	4	24371	107518
UNKNOWN	29	C	0.997784251775	T	0.00221574822535	0	24317	0	54	24371	107518
UNKNOWN	30	C	0.998974190636	T	0.000738582741783	0	24346	7	18	24371	107518
UNKNOWN	31	T	0.997702187026	C	0.00147716548357	2	36	18	24315	24371	107518
UNKNOWN	32	G	0.995732633047	A	0.00340568708711	83	12	24267	9	24371	107518
UNKNOWN	33	G	0.99819457552	C	0.000738582741783	17	18	24327	9	24371	107518
UNKNOWN	34	T	0.998153543146	C	0.00114890648722	5	28	12	24326	24371	107518
UNKNOWN	35	G	0.998030446022	A	0.00143613310902	35	7	24323	6	24371	107518
UNKNOWN	36	A	0.998399737393	G	0.000779615116327	24332	16	19	4	24371	107518
UNKNOWN	37	A	0.996142956793	G	0.00217471585081	24277	31	53	10	24371	107518
UNKNOWN	38	G	0.997907348898	A	0.00143613310902	35	16	24320	0	24371	107518
UNKNOWN	39	C	0.99864593164	T	0.00106684173813	2	24338	5	26	24371	107518
UNKNOWN	40	C	0.999261417258	T	0.000410323745435	7	24353	1	10	24371	107518
UNKNOWN	41	C	0.99729186328	G	0.00176439210537	0	24305	43	23	24371	107518
UNKNOWN	42	T	0.995896762546	C	0.00299536334168	7	73	20	24271	24371	107518
UNKNOWN	43	C	0.999261417258	A	0.000574453243609	14	24353	0	4	24371	107518
UNKNOWN	44	A	0.996019859669	C	0.00225678059989	24274	55	41	1	24371	107518
UNKNOWN	45	C	0.998153543146	G	0.000779615116327	17	24326	19	9	24371	107518
UNKNOWN	46	A	0.996635345287	G	0.00180542447991	24289	36	44	2	24371	107518
UNKNOWN	47	G	0.998112510771	A	0.00155923023265	38	8	24325	0	24371	107518
UNKNOWN	48	A	0.996758442411	G	0.00184645685446	24292	26	45	8	24371	107518
UNKNOWN	49	C	0.999015223011	G	0.000492388494522	2	24347	12	10	24371	107518
UNKNOWN	50	C	0.999343482007	T	0.000574453243609	2	24355	0	14	24371	107518
UNKNOWN	51	C	0.998933158262	T	0.000902712239957	2	24345	2	22	24371	107518
UNKNOWN	52	T	0.997332895655	C	0.00246194247261	1	60	4	24306	24371	107518
UNKNOWN	53	C	0.999015223011	T	0.000615485618153	4	24347	5	15	24371	107518
UNKNOWN	54	T	0.996225021542	C	0.00311846046531	5	76	11	24279	24371	107518
UNKNOWN	55	C	0.998892125887	T	0.000574453243609	9	24344	4	14	24371	107518
UNKNOWN	56	C	0.998481802142	T	0.00082064749087	6	24334	11	20	24371	107518
UNKNOWN	57	C	0.99864593164	T	0.000738582741783	2	24338	13	18	24371	107518
UNKNOWN	58	T	0.997045669033	C	0.00258503959624	7	63	2	24299	24371	107518
UNKNOWN	59	C	0.998892125887	A	0.000615485618153	15	24344	2	10	24371	107518
UNKNOWN	60	A	0.995117147429	C	0.00274916909442	24252	67	51	1	24371	107518
UNKNOWN	61	C	0.998440769767	T	0.00127200361085	1	24333	6	31	24371	107518
UNKNOWN	62	C	0.996963604284	T	0.00184645685446	1	24297	28	45	24371	107518
UNKNOWN	63	T	0.997497025153	C	0.00164129498174	4	40	17	24310	24371	107518
UNKNOWN	64	G	0.998686964015	A	0.000656517992696	16	16	24339	0	24371	107518
UNKNOWN	65	C	0.998851093513	A	0.000574453243609	14	24343	0	14	24371	107518
UNKNOWN	66	A	0.992901399204	C	0.00356981658529	24198	87	80	6	24371	107518
UNKNOWN	67	C	0.997332895655	T	0.001887489229	2	24306	17	46	24371	107518
UNKNOWN	68	G	0.995896762546	A	0.00352878421074	86	7	24271	7	24371	107518
UNKNOWN	69	G	0.969636042838	A	0.0288867916786	704	19	23631	17	24371	107518
UNKNOWN	70	T	0.988962291248	C	0.00976570514136	2	238	29	24102	24371	107518
UNKNOWN	71	C	0.988839194124	G	0.00672930942514	3	24099	164	105	24371	107518
UNKNOWN	72	T	0.997455992778	C	0.00192852160355	2	47	13	24309	24371	107518
UNKNOWN	73	C	0.998686964015	T	0.00110787411267	2	24339	3	27	24371	107518
UNKNOWN	74	T	0.995609535924	C	0.00250297484715	3	61	43	24264	24371	107518
UNKNOWN	75	G	0.998235607895	A	0.00139510073448	34	6	24328	3	24371	107518
UNKNOWN	76	G	0.99593779492	A	0.00340568708711	83	7	24272	9	24371	107518
UNKNOWN	77	A	0.997538057527	G	0.000943744614501	24311	19	23	18	24371	107518
UNKNOWN	78	T	0.997414960404	C	0.00102580936359	16	25	22	24308	24371	107518
UNKNOWN	79	T	0.997866316524	C	0.00176439210537	2	43	7	24319	24371	107518
UNKNOWN	80	C	0.996471215789	T	0.0028312338435	6	24285	11	69	24371	107518
UNKNOWN	81	T	0.995158179804	C	0.00356981658529	7	87	24	24253	24371	107518
UNKNOWN	82	C	0.997455992778	A	0.00135406835994	33	24309	2	27	24371	107518
UNKNOWN	83	A	0.989659841615	G	0.00558040293792	24119	72	136	44	24371	107518
UNKNOWN	84	T	0.934307168356	C	0.0596200402117	25	1453	123	22770	24371	107518
UNKNOWN	85	T	0.99684050716	C	0.00192852160355	9	47	21	24294	24371	107518
UNKNOWN	86	G	0.988387838004	A	0.010873579254	265	8	24088	10	24371	107518
UNKNOWN	87	A	0.995281276927	G	0.00315949283985	24256	32	77	6	24371	107518
UNKNOWN	88	G	0.97300069755	A	0.0172335973083	420	211	23713	27	24371	107518
UNKNOWN	89	C	0.983299823561	T	0.0121866152394	74	23964	36	297	24371	107518
UNKNOWN	90	A	0.990193262484	G	0.00783718353781	24132	42	191	6	24371	107518
UNKNOWN	91	G	0.943990808748	A	0.0414426982889	1010	244	23006	111	24371	107518
UNKNOWN	92	C	0.970990111198	T	0.0202699930245	65	23664	148	494	24371	107518
UNKNOWN	93	T	0.979155553732	A	0.00972467276681	237	105	166	23863	24371	107518
UNKNOWN	94	A	0.984859053793	C	0.00558040293792	24002	136	120	113	24371	107518
UNKNOWN	95	T	0.994994050306	C	0.00320052521439	4	78	40	24249	24371	107518
UNKNOWN	96	G	0.942513643265	A	0.0411554716671	1003	119	22970	279	24371	107518
UNKNOWN	97	C	0.947724754832	G	0.0271223995733	262	23097	661	351	24371	107518
UNKNOWN	98	T	0.990644618604	G	0.00512904681794	58	45	125	24143	24371	107518
UNKNOWN	99	G	0.969841204711	A	0.0271223995733	661	18	23636	56	24371	107518
UNKNOWN	100	T	0.996348118666	C	0.00270813671987	20	66	3	24282	24371	107518
UNKNOWN	101	A	0.959336916827	G	0.0291740183004	23380	115	711	165	24371	107518
UNKNOWN	102	A	0.808789134627	G	0.179475606253	19711	200	4374	86	24371	107518
UNKNOWN	103	G	0.765582044233	A	0.16273439744	3966	1394	18658	353	24371	107518
UNKNOWN	104	C	0.986787575397	T	0.00960157564318	49	24049	39	234	24371	107518
UNKNOWN	105	T	0.997948381273	G	0.00106684173813	3	21	26	24321	24371	107518
UNKNOWN	106	G	0.999466579131	A	0.000410323745435	10	0	24358	3	24371	107518
UNKNOWN	107	G	0.999343482007	A	0.000246194247261	6	4	24355	6	24371	107518
UNKNOWN	108	G	0.983915309179	A	0.0111197735013	271	57	23979	64	24371	107518
UNKNOWN	109	T	0.997661154651	C	0.00209265110172	3	51	3	24314	24371	107518
UNKNOWN	110	C	0.996881539535	T	0.00151819785811	32	24295	7	37	24371	107518
UNKNOWN	111	C	0.998563866891	G	0.000861679865414	5	24336	21	9	24371	107518
UNKNOWN	112	G	0.998604899266	C	0.00102580936359	8	25	24337	1	24371	107518
UNKNOWN	113	C	0.998317672644	A	0.000779615116327	19	24330	4	18	24371	107518
UNKNOWN	114	C	0.998358705018	A	0.00110787411267	27	24331	4	9	24371	107518
UNKNOWN	115	A	0.994542694186	G	0.00398014033072	24238	29	97	7	24371	107518
UNKNOWN	116	G	0.998481802142	A	0.00106684173813	26	10	24334	1	24371	107518
UNKNOWN	117	G	0.984161503426	A	0.00988880226499	241	116	23985	29	24371	107518
UNKNOWN	118	C	0.991383201346	T	0.00734479504329	8	24161	23	179	24371	107518
UNKNOWN	119	T	0.993516884822	C	0.00459562594887	16	112	30	24213	24371	107518
UNKNOWN	120	C	0.99819457552	A	0.000779615116327	19	24327	7	18	24371	107518
UNKNOWN	121	C	0.998030446022	A	0.00135406835994	33	24323	5	10	24371	107518
UNKNOWN	122	A	0.989290550244	G	0.0088629929014	24110	36	216	9	24371	107518
UNKNOWN	123	G	0.998686964015	A	0.000738582741783	18	11	24339	3	24371	107518
UNKNOWN	124	G	0.998769028764	A	0.000943744614501	23	1	24341	6	24371	107518
UNKNOWN	125	G	0.991547330844	A	0.00771408641418	188	3	24165	15	24371	107518
UNKNOWN	126	A	0.997661154651	G	0.00192852160355	24314	7	47	3	24371	107518
UNKNOWN	127	A	0.994788888433	G	0.0044314964507	24244	12	108	7	24371	107518
UNKNOWN	128	G	0.998851093513	A	0.000779615116327	19	6	24343	3	24371	107518
UNKNOWN	129	G	0.987403061015	A	0.00988880226499	241	52	24064	14	24371	107518
UNKNOWN	130	C	0.99638915104	G	0.00221574822535	3	24283	54	31	24371	107518
UNKNOWN	131	G	0.990685650979	A	0.00607279143244	148	65	24144	14	24371	107518
UNKNOWN	132	C	0.996717410037	T	0.00250297484715	6	24291	13	61	24371	107518
UNKNOWN	133	T	0.991793525091	C	0.00389807558163	12	95	93	24171	24371	107518
UNKNOWN	134	G	0.951212506668	T	0.0398424356818	214	4	23182	971	24371	107518
UNKNOWN	135	G	0.997209798531	A	0.00168232735628	41	22	24303	5	24371	107518
UNKNOWN	136	A	0.995404374051	G	0.00328258996348	24259	18	80	14	24371	107518
UNKNOWN	137	G	0.983997373928	A	0.0115300972467	281	63	23981	46	24371	107518
UNKNOWN	138	T	0.992942431579	G	0.00381601083255	20	59	93	24199	24371	107518
UNKNOWN	139	G	0.98699273727	A	0.0091502195232	223	35	24054	59	24371	107518
UNKNOWN	140	C	0.675557014484	G	0.29748471544	26	16464	7250	631	24371	107518
UNKNOWN	141	C	0.726437158918	G	0.255959952402	374	17704	6238	55	24371	107518
UNKNOWN	142	T	0.997168766156	C	0.00217471585081	5	53	11	24302	24371	107518
UNKNOWN	143	C	0.723072504206	T	0.271347092856	27	17622	109	6613	24371	107518
UNKNOWN	144	G	0.995855730171	A	0.0028312338435	69	1	24270	31	24371	107518
UNKNOWN	145	G	0.996101924418	C	0.00221574822535	6	54	24276	35	24371	107518
UNKNOWN	146	T	0.989823971113	G	0.00402117270526	68	82	98	24123	24371	107518
UNKNOWN	147	G	0.928972959665	A	0.0572811948627	1396	156	22640	179	24371	107518
UNKNOWN	148	G	0.936358787083	A	0.0283944031841	692	526	22820	333	24371	107518
UNKNOWN	149	T	0.959295884453	G	0.0215419966353	256	211	525	23379	24371	107518
UNKNOWN	150	A	0.954371999508	G	0.0427557342743	23259	26	1042	44	24371	107518
UNKNOWN	151	T	0.994009273317	C	0.00344671946166	40	84	22	24225	24371	107518
UNKNOWN	152	A	0.96495835214	G	0.01977760453	23517	152	482	220	24371	107518
UNKNOWN	153	A	0.918591768906	G	0.0670879323786	22387	210	1635	139	24371	107518
UNKNOWN	154	G	0.873168930286	A	0.086291083665	2103	798	21280	190	24371	107518
UNKNOWN	155	C	0.902137786714	T	0.0595790078372	480	21986	453	1452	24371	107518
UNKNOWN	156	A	0.944647326741	G	0.0473513602232	23022	142	1154	53	24371	107518
UNKNOWN	157	G	0.935784333839	A	0.0327028025112	797	568	22806	200	24371	107518
UNKNOWN	158	T	0.972221082434	G	0.0160436584465	116	170	391	23694	24371	107518
UNKNOWN	159	G	0.907800254401	A	0.0731196914365	1782	363	22124	102	24371	107518
UNKNOWN	160	G	0.903245660826	A	0.0700012309712	1706	387	22013	265	24371	107518
UNKNOWN	161	T	0.979032456608	G	0.00968364039227	87	188	236	23860	24371	107518
UNKNOWN	162	G	0.989290550244	A	0.00976570514136	238	12	24110	11	24371	107518
UNKNOWN	163	G	0.975996060892	A	0.0192441836609	469	64	23786	52	24371	107518
UNKNOWN	164	A	0.983504985434	G	0.010340158385	23969	106	252	44	24371	107518
UNKNOWN	165	A	0.959747240573	G	0.0293381477986	23390	143	715	123	24371	107518
UNKNOWN	166	G	0.809363587871	A	0.104140166591	2538	1078	19725	1030	24371	107518
UNKNOWN	167	C	0.845923433589	T	0.0987238931517	928	20616	421	2406	24371	107518
UNKNOWN	168	A	0.973246891798	G	0.0187928275409	23719	125	458	69	24371	107518
UNKNOWN	169	C	0.972467276681	T	0.016002626072	130	23700	151	390	24371	107518
UNKNOWN	170	A	0.98067375159	G	0.010340158385	23900	140	252	79	24371	107518
UNKNOWN	171	G	0.605637848262	T	0.311969143654	1318	690	14760	7603	24371	107518
UNKNOWN	172	A	0.526363300644	G	0.418653317467	12828	954	10203	386	24371	107518
UNKNOWN	173	C	0.974683024907	G	0.0110787411267	94	23754	270	253	24371	107518
UNKNOWN	174	T	0.991219071848	C	0.00512904681794	63	125	26	24157	24371	107518
UNKNOWN	175	A	0.989659841615	T	0.00750892454146	24119	40	29	183	24371	107518
UNKNOWN	176	T	0.985679701284	C	0.0112428706249	55	274	20	24022	24371	107518
UNKNOWN	177	A	0.991260104222	C	0.00422633457798	24158	103	98	12	24371	107518
UNKNOWN	178	A	0.989906035862	C	0.00668827705059	24125	163	72	11	24371	107518
UNKNOWN	179	C	0.938041114439	T	0.0474744573468	249	22861	104	1157	24371	107518
UNKNOWN	180	C	0.958229042715	G	0.0230191621189	92	23353	561	365	24371	107518
UNKNOWN	181	C	0.990890812851	T	0.00455459357433	73	24149	38	111	24371	107518
UNKNOWN	182	A	0.988182676131	G	0.00800131303599	24083	52	195	41	24371	107518
UNKNOWN	183	G	0.974313733536	A	0.0190390217882	464	94	23745	68	24371	107518
UNKNOWN	184	C	0.990562553855	T	0.00480078782159	28	24141	85	117	24371	107518
UNKNOWN	185	C	0.998317672644	T	0.00069755036724	15	24330	9	17	24371	107518
UNKNOWN	186	C	0.990808748102	T	0.00750892454146	9	24147	32	183	24371	107518
UNKNOWN	187	T	0.994953017931	G	0.00233884534898	25	41	57	24248	24371	107518
UNKNOWN	188	G	0.982438143695	A	0.0144023634648	351	19	23943	58	24371	107518
UNKNOWN	189	A	0.994994050306	G	0.00295433096713	24249	45	72	5	24371	107518
UNKNOWN	190	A	0.996471215789	G	0.0016002626072	24285	25	39	22	24371	107518
UNKNOWN	191	A	0.989782938739	C	0.00434943170161	24122	106	94	49	24371	107518
UNKNOWN	192	T	0.993393787698	C	0.0044314964507	16	108	37	24210	24371	107518
UNKNOWN	193	C	0.998358705018	A	0.00102580936359	25	24331	3	12	24371	107518
UNKNOWN	194	C	0.992860366829	T	0.00451356119979	21	24197	43	110	24371	107518
UNKNOWN	195	C	0.996676377662	G	0.00229781297444	17	24290	56	8	24371	107518
UNKNOWN	196	G	0.998112510771	A	0.000779615116327	19	13	24325	14	24371	107518
UNKNOWN	197	G	0.946247589348	A	0.0408272126708	995	213	23061	102	24371	107518
UNKNOWN	198	C	0.991465266095	T	0.00336465471257	53	24163	73	82	24371	107518
UNKNOWN	199	T	0.995240244553	C	0.00311846046531	22	76	18	24255	24371	107518
UNKNOWN	200	C	0.995117147429	A	0.00221574822535	54	24252	21	44	24371	107518
UNKNOWN	201	A	0.993968240942	G	0.00500594969431	24224	23	122	2	24371	107518
UNKNOWN	202	G	0.981904722826	C	0.013212424603	42	322	23930	77	24371	107518
UNKNOWN	203	C	0.965286611136	T	0.0251938779697	110	23525	122	614	24371	107518
UNKNOWN	204	A	0.991588363219	G	0.00533420869066	24166	15	130	60	24371	107518
UNKNOWN	205	T	0.995650568298	C	0.00274916909442	19	67	20	24265	24371	107518
UNKNOWN	206	C	0.99232694596	T	0.0050880144434	55	24184	8	124	24371	107518
UNKNOWN	207	A	0.992737269706	G	0.00381601083255	24194	66	93	18	24371	107518
UNKNOWN	208	C	0.991998686964	T	0.00447252882524	29	24176	57	109	24371	107518
UNKNOWN	209	C	0.977473226376	T	0.0104632555086	107	23822	187	255	24371	107518
UNKNOWN	210	A	0.994788888433	G	0.00398014033072	24244	27	97	3	24371	107518
UNKNOWN	211	A	0.986787575397	G	0.010340158385	24049	62	252	8	24371	107518
UNKNOWN	212	G	0.990275327233	A	0.00841163678142	205	24	24134	8	24371	107518
UNKNOWN	213	G	0.994173402815	A	0.00480078782159	117	17	24229	8	24371	107518
UNKNOWN	214	A	0.993352755324	C	0.00295433096713	24209	72	50	40	24371	107518
UNKNOWN	215	C	0.986705510648	T	0.00824750728325	70	24047	53	201	24371	107518
UNKNOWN	216	A	0.993968240942	G	0.00369291370892	24224	32	90	25	24371	107518
UNKNOWN	217	A	0.981740593328	G	0.00713963317057	23926	119	174	152	24371	107518
UNKNOWN	218	C	0.984202535801	T	0.0131713922285	9	23986	55	321	24371	107518
UNKNOWN	219	T	0.992655204957	C	0.00459562594887	34	112	33	24192	24371	107518
UNKNOWN	220	C	0.99593779492	A	0.00209265110172	51	24272	7	41	24371	107518
UNKNOWN	221	C	0.991711460342	T	0.00406220507981	70	24169	33	99	24371	107518
UNKNOWN	222	A	0.993968240942	G	0.00352878421074	24224	54	86	7	24371	107518
UNKNOWN	223	A	0.990275327233	G	0.0082064749087	24134	18	200	19	24371	107518
UNKNOWN	224	G	0.992039719339	A	0.00467769069796	114	69	24177	11	24371	107518
UNKNOWN	225	A	0.992696237331	G	0.00529317631611	24193	42	129	7	24371	107518
UNKNOWN	226	G	0.960649952813	A	0.0323745435148	789	150	23412	20	24371	107518
UNKNOWN	227	C	0.978129744368	T	0.0157564318247	44	23838	105	384	24371	107518
UNKNOWN	228	C	0.994091338066	A	0.0034877518362	85	24227	48	11	24371	107518
UNKNOWN	229	A	0.99593779492	G	0.00209265110172	24272	19	51	29	24371	107518
UNKNOWN	230	A	0.984079438677	G	0.0143202987157	23983	23	349	16	24371	107518
UNKNOWN	231	G	0.981166140085	A	0.00718066554512	175	125	23912	159	24371	107518
UNKNOWN	232	T	0.994050305691	C	0.00504698206885	8	123	14	24226	24371	107518
UNKNOWN	233	C	0.976939805507	G	0.0140741044684	17	23809	343	202	24371	107518
UNKNOWN	234	T	0.993188625826	C	0.00410323745435	22	100	44	24205	24371	107518
UNKNOWN	235	C	0.994009273317	T	0.00451356119979	35	24225	1	110	24371	107518
UNKNOWN	236	T	0.983669114932	C	0.00923228427229	28	225	145	23973	24371	107518
UNKNOWN	237	C	0.994296499938	T	0.00356981658529	29	24232	23	87	24371	107518
UNKNOWN	238	T	0.995527471175	G	0.00233884534898	9	43	57	24262	24371	107518
UNKNOWN	239	G	0.970456690329	A	0.0201879282754	492	113	23651	115	24371	107518
UNKNOWN	240	T	0.987977514259	A	0.00500594969431	122	80	91	24078	24371	107518
UNKNOWN	241	C	0.990480489106	T	0.00619588855607	65	24139	16	151	24371	107518
UNKNOWN	242	A	0.980714783965	G	0.0088629929014	23901	188	216	66	24371	107518
UNKNOWN	243	G	0.948299208075	A	0.0271223995733	661	463	23111	136	24371	107518
UNKNOWN	244	T	0.993886176193	G	0.00287226621805	17	62	70	24222	24371	107518
UNKNOWN	245	G	0.982232981823	A	0.0123507447376	301	74	23938	58	24371	107518
UNKNOWN	246	A	0.988757129375	G	0.00709860079603	24097	86	173	15	24371	107518
UNKNOWN	247	G	0.940585121661	A	0.0407451479217	993	346	22923	109	24371	107518
UNKNOWN	248	C	0.957449427598	T	0.0346313241147	107	23334	86	844	24371	107518
UNKNOWN	249	A	0.989290550244	G	0.0091502195232	24110	34	223	4	24371	107518
UNKNOWN	250	G	0.987731320011	A	0.0060317590579	147	135	24072	17	24371	107518
UNKNOWN	251	C	0.988757129375	T	0.00660621230151	47	24097	66	161	24371	107518
UNKNOWN	252	G	0.987320996266	A	0.00857576627959	209	27	24062	73	24371	107518
UNKNOWN	253	T	0.993639981946	C	0.00303639571622	18	74	63	24216	24371	107518
UNKNOWN	254	G	0.962537442042	A	0.0304049895367	741	80	23458	92	24371	107518
UNKNOWN	255	A	0.988469902753	G	0.00746789216692	24090	70	182	29	24371	107518
UNKNOWN	256	C	0.990029132986	T	0.00541627343974	85	24128	26	132	24371	107518
UNKNOWN	257	A	0.983176726437	G	0.0104632555086	23961	117	255	38	24371	107518
UNKNOWN	258	C	0.951089409544	A	0.0332772557548	811	23179	161	220	24371	107518
UNKNOWN	259	C	0.988305773255	T	0.00599072668335	93	24086	46	146	24371	107518
UNKNOWN	260	T	0.975462640023	C	0.0116531943704	54	284	260	23773	24371	107518
UNKNOWN	261	G	0.990890812851	A	0.00627795330516	153	21	24149	48	24371	107518
UNKNOWN	262	A	0.988141643757	G	0.00718066554512	24082	80	175	34	24371	107518
UNKNOWN	263	G	0.956054326864	A	0.0247425218497	603	350	23300	118	24371	107518
UNKNOWN	264	G	0.989413647368	A	0.00640105042879	156	29	24113	73	24371	107518
UNKNOWN	265	A	0.985474539412	C	0.00800131303599	24017	195	105	54	24371	107518
UNKNOWN	266	C	0.980509622092	T	0.00800131303599	178	23896	102	195	24371	107518
UNKNOWN	267	A	0.985064215666	G	0.0079192482869	24007	65	193	106	24371	107518
UNKNOWN	268	C	0.989659841615	A	0.00467769069796	114	24119	82	56	24371	107518
UNKNOWN	269	G	0.781133314185	A	0.207664847565	5061	171	19037	102	24371	107518
UNKNOWN	270	G	0.989659841615	A	0.00398014033072	97	64	24119	91	24371	107518
UNKNOWN	271	C	0.984612859546	G	0.00865783102868	125	23996	211	39	24371	107518
UNKNOWN	272	C	0.98834680563	A	0.00582659718518	142	24087	60	82	24371	107518
UNKNOWN	273	A	0.990480489106	G	0.00463665832342	24139	66	113	53	24371	107518
UNKNOWN	274	C	0.983710147306	A	0.00734479504329	179	23974	48	170	24371	107518
UNKNOWN	275	A	0.975585737147	G	0.0125969389849	23776	162	307	126	24371	107518
UNKNOWN	276	T	0.992039719339	G	0.00361084895983	70	36	88	24177	24371	107518
UNKNOWN	277	A	0.987279963892	C	0.00824750728325	24061	201	64	45	24371	107518
UNKNOWN	278	C	0.952525542653	T	0.0435353493907	66	23214	30	1061	24371	107518
UNKNOWN	279	T	0.988551967502	A	0.00402117270526	98	85	96	24092	24371	107518
UNKNOWN	280	A	0.97480612203	C	0.0105453202577	23757	257	119	238	24371	107518
UNKNOWN	281	C	0.971933855812	T	0.0243732304788	44	23687	46	594	24371	107518
UNKNOWN	282	T	0.986746543022	G	0.00898609002503	78	26	219	24048	24371	107518
